LIMIT_BAL,EDUCATION,SEX_MAR,AgeBin,PAY_1,PAY_2,PAY_3,PAY_4,PAY_5,PAY_6,BILL_AMT1,BILL_AMT2,BILL_AMT3,BILL_AMT4,BILL_AMT5,BILL_AMT6,PAY_AMT1,PAY_AMT2,PAY_AMT3,PAY_AMT4,PAY_AMT5,PAY_AMT6,Closeness_1,Closeness_2,Closeness_3,Closeness_4,Closeness_5,Closeness_6,diff,default
20000,2,2,1,2,2,-1,-1,-2,-2,3913,3102,689,0,0,0,0,689,0,0,0,0,16087,16898,19311,20000,20000,20000,7015,1
120000,2,4,1,-1,2,-1,-1,-1,2,2682,1725,2682,3272,3455,3261,0,1000,1000,1000,0,2000,117318,118275,117318,116728,116545,116739,12077,1
90000,2,4,2,-1,-1,-1,-1,-1,-1,29239,14027,13559,14331,14948,15549,1518,1500,1000,1000,1000,5000,60761,75973,76441,75669,75052,74451,90635,0
50000,2,2,2,-1,-1,-1,-1,-1,-1,46990,48233,49291,28314,28959,29547,2000,2019,1200,1100,1069,1000,3010,1767,709,21686,21041,20453,222946,0
50000,2,1,4,-1,-1,-1,-1,-1,-1,8617,5670,35835,20940,19146,19131,2000,36681,10000,9000,689,679,41383,44330,14165,29060,30854,30869,50290,0
50000,1,2,2,-1,-1,-1,-1,-1,-1,64400,57069,57608,19394,19619,20024,2500,1815,657,1000,1000,800,-14400,-7069,-7608,30606,30381,29976,230342,0
500000,1,2,1,-1,-1,-1,-1,-1,-1,367965,412023,445007,542653,483003,473944,55000,40000,38000,20239,13750,13770,132035,87977,54993,-42653,16997,26056,2543836,0
100000,2,4,1,-1,-1,-1,-1,-1,-1,11876,380,601,221,-159,567,380,601,0,581,1687,1542,88124,99620,99399,99779,100159,99433,8695,0
140000,3,2,1,-1,-1,2,-1,-1,-1,11285,14096,12108,12211,11793,3719,3329,0,432,1000,1000,1000,128715,125904,127892,127789,128207,136281,58451,0
20000,3,2,2,-2,-2,-2,-2,-1,-1,0,0,0,0,13007,13912,0,0,0,13007,1122,0,20000,20000,20000,20000,6993,6088,12790,0
200000,3,4,2,-1,-1,2,-1,-1,-1,11073,9787,5535,2513,1828,3731,2306,12,50,300,3738,66,188927,190213,194465,197487,198172,196269,27995,0
260000,1,4,4,-1,-1,-1,-1,-1,2,12261,21670,9966,8517,22287,13668,21818,9966,8583,22301,0,3640,247739,238330,250034,251483,237713,246332,22061,0
630000,2,4,3,-1,-1,-1,-1,-1,-1,12137,6500,6500,6500,6500,2870,1000,6500,6500,6500,2870,0,617863,623500,623500,623500,623500,627130,17637,0
70000,2,2,2,1,2,2,-1,-1,2,65802,67369,65701,66782,36137,36894,3200,0,3000,3000,1500,0,4198,2631,4299,3218,33863,33106,327985,1
250000,1,2,1,-1,-1,-1,-1,-1,-1,70887,67060,63561,59696,56875,55512,3000,3000,3000,3000,3000,3000,179113,182940,186439,190304,193125,194488,355591,0
50000,3,6,1,1,2,-1,-1,-1,-1,50614,29173,28116,28771,29531,30211,0,1500,1100,1200,1300,1100,-614,20827,21884,21229,20469,19789,190216,0
20000,1,2,1,-1,-1,2,2,2,2,15376,18010,17428,18338,17905,19104,3200,0,1500,0,1650,0,4624,1990,2572,1662,2095,896,99811,1
320000,1,1,3,-1,-1,-1,-1,-1,-1,253286,246536,194663,70074,5856,195599,10358,10000,75940,20000,195599,50000,66714,73464,125337,249926,314144,124401,604117,0
360000,1,2,3,1,-2,-2,-2,-2,-2,0,0,0,0,0,0,0,0,0,0,0,0,360000,360000,360000,360000,360000,360000,0,0
180000,1,4,1,1,-2,-2,-2,-2,-2,0,0,0,0,0,0,0,0,0,0,0,0,180000,180000,180000,180000,180000,180000,0,0
130000,3,4,2,-1,-1,-1,-1,-1,-1,38358,27688,24489,20616,11802,930,3000,1537,1000,2000,930,33764,91642,102312,105511,109384,118198,129070,81652,0
120000,2,2,2,-1,-1,-1,-1,-1,-1,316,316,316,0,632,316,316,316,0,632,316,0,119684,119684,119684,120000,119368,119684,316,1
70000,2,4,1,2,-1,-1,2,2,2,41087,42445,45020,44006,46905,46012,2007,3582,0,3601,0,1820,28913,27555,24980,25994,23095,23988,254465,1
450000,1,2,3,-2,-2,-2,-2,-2,-2,5512,19420,1473,560,0,0,19428,1473,560,0,0,1128,444488,430580,448527,449440,450000,450000,4376,1
90000,1,2,1,-1,-1,-1,-1,-1,-1,4744,7070,0,5398,6360,8292,5757,0,5398,1200,2045,2000,85256,82930,90000,84602,83640,81708,15464,0
50000,3,2,1,-1,-1,-1,-1,-1,-1,47620,41810,36023,28967,29829,30046,1973,1426,1001,1432,1062,997,2380,8190,13977,21033,20171,19954,206404,0
60000,1,2,1,1,-2,-1,-1,-1,-1,-109,-425,259,-57,127,-189,0,1000,0,500,0,1000,60109,60425,59741,60057,59873,60189,-2894,1
50000,3,4,2,-1,-1,-1,-1,-1,-1,22541,16138,17163,17878,18931,19617,1300,1300,1000,1500,1000,1012,27459,33862,32837,32122,31069,30383,105156,0
50000,3,2,3,-1,-1,-1,-1,-1,-1,650,3415,3416,2040,30430,257,3415,3421,2044,30430,257,0,49350,46585,46584,47960,19570,49743,641,0
50000,1,2,1,-1,-1,-1,-1,-1,-1,15329,16575,17496,17907,18375,11400,1500,1500,1000,1000,1600,0,34671,33425,32504,32093,31625,38600,90482,0
230000,1,4,1,-1,-1,-1,-1,-1,-1,16646,17265,13266,15339,14307,36923,17270,13281,15339,14307,37292,0,213354,212735,216734,214661,215693,193077,16257,0
50000,2,2,2,2,-1,-1,-1,-1,-1,30518,29618,22102,22734,23217,23680,1718,1500,1000,1000,1000,716,19482,20382,27898,27266,26783,26320,144935,1
100000,1,2,2,-1,-1,-1,-1,-1,-1,93036,84071,82880,80958,78703,75589,3023,3511,3302,3204,3200,2504,6964,15929,17120,19042,21297,24411,476493,0
500000,2,2,4,-2,-2,-2,-2,-2,-2,10929,4152,22722,7521,71439,8981,4152,22827,7521,71439,981,51582,489071,495848,477278,492479,428561,491019,-32758,0
500000,1,1,4,-2,-2,-2,-2,-2,-2,13709,5006,31130,3180,0,5293,5006,31178,3180,0,5293,768,486291,494994,468870,496820,500000,494707,12893,0
160000,1,2,2,-1,-1,-2,-2,-2,-1,30265,-131,-527,-923,-1488,-1884,131,396,396,565,792,0,129735,160131,160527,160923,161488,161884,23032,0
280000,2,1,3,-1,-1,-1,-1,-1,-1,186503,181328,180422,170410,173901,177413,8026,8060,6300,6400,6400,6737,93497,98672,99578,109590,106099,102587,1028054,0
60000,2,4,1,-1,-1,-1,-1,-1,-1,15054,9806,11068,6026,-28335,18660,1500,1518,2043,0,47671,617,44946,50194,48932,53974,88335,41340,-21070,0
50000,1,2,1,1,-1,-1,-2,-2,-2,0,780,0,0,0,0,780,0,0,0,0,0,50000,49220,50000,50000,50000,50000,0,1
280000,1,2,2,-1,-1,2,-1,-1,-1,498,9075,4641,9976,17976,9477,9075,0,9976,8000,9525,781,279502,270925,275359,270024,262024,270523,14286,0
360000,1,2,2,-1,-1,-1,-1,-1,-1,218668,221296,206895,628699,195969,179224,10000,7000,6000,188840,28000,4000,141332,138704,153105,-268699,164031,180776,1406911,0
70000,1,4,1,-1,-1,-1,-1,-1,-1,67521,66999,63949,63699,64718,65970,3000,4500,4042,2500,2800,2500,2479,3001,6051,6301,5282,4030,373514,0
10000,2,2,1,-1,-1,-1,-1,-1,-1,1877,3184,6003,3576,3670,4451,1500,2927,1000,300,1000,500,8123,6816,3997,6424,6330,5549,15534,0
140000,2,2,2,-1,-1,-1,-1,-1,-1,59504,61544,62925,64280,67079,69802,3000,3000,3000,4000,4000,3000,80496,78456,77075,75720,72921,70198,365134,0
40000,1,4,2,-1,-1,-1,2,-1,-1,18927,21295,25921,25209,26636,29197,3000,5000,0,2000,3000,0,21073,18705,14079,14791,13364,10803,134185,0
210000,1,2,1,-2,-2,-2,-2,-2,-2,0,0,0,0,0,0,0,0,0,0,0,0,210000,210000,210000,210000,210000,210000,0,1
20000,1,4,1,-1,-1,2,-1,-1,-1,14028,16484,15800,16341,16675,0,3000,0,16741,334,0,0,5972,3516,4200,3659,3325,20000,59253,1
150000,4,4,3,-1,-1,-1,-1,-1,-2,4463,3034,1170,1170,0,0,1013,1170,0,0,0,0,145537,146966,148830,148830,150000,150000,7654,1
380000,2,2,2,-1,-1,-1,-1,-1,-1,22401,21540,15134,32018,11849,11873,21540,15138,24677,11851,11875,8251,357599,358460,364866,347982,368151,368127,21483,0
20000,1,2,1,-1,-1,-1,-1,-1,-1,17447,18479,19476,19865,20480,20063,1318,1315,704,928,912,1069,2553,1521,524,135,-480,-63,109564,0
70000,3,2,3,1,2,2,2,2,-1,37042,36171,38355,39423,38659,39362,0,3100,2000,0,1500,1500,32958,33829,31645,30577,31341,30638,220912,1
100000,3,6,3,-1,-1,-1,-1,-1,-1,61559,51163,43824,39619,35762,33258,2000,1606,1500,2000,1500,1000,38441,48837,56176,60381,64238,66742,255579,0
310000,2,2,3,-2,-2,-2,-2,-2,-2,13465,7867,7600,11185,3544,464,7875,7600,11185,3544,464,0,296535,302133,302400,298815,306456,309536,13457,0
180000,1,4,1,1,2,-1,-1,-1,-1,41402,41742,42758,43510,44420,45319,1300,2010,1762,1762,1790,1622,138598,138258,137242,136490,135580,134681,248905,0
150000,1,4,1,2,-1,-1,-1,-1,-1,46224,34993,31434,26518,21042,16540,1600,1718,1049,1500,2000,5000,103776,115007,118566,123482,128958,133460,163884,0
500000,1,2,3,-2,-2,-2,-2,-2,-2,1905,3640,162,0,151,2530,3640,162,0,151,2530,0,498095,496360,499838,500000,499849,497470,1905,0
180000,3,2,2,-1,-1,-1,-1,-1,-1,16386,15793,8441,7142,-679,8321,8500,1500,7500,679,9000,2000,163614,164207,171559,172858,180679,171679,26225,0
180000,2,2,2,-1,-1,-1,-1,-1,-1,175886,173440,172308,168608,132202,129918,8083,7296,5253,4814,4816,3800,4114,6560,7692,11392,47798,50082,918300,0
200000,1,4,2,-1,3,2,2,2,2,1587,1098,782,1166,700,1414,0,0,700,0,1200,0,198413,198902,199218,198834,199300,198586,4847,0
400000,2,2,1,-1,-1,-1,-1,-1,-1,400134,398857,404205,360199,356656,364089,17000,15029,30000,12000,12000,23000,-134,1143,-4205,39801,43344,35911,2175111,0
500000,3,2,1,-1,-1,-1,-1,-1,-1,22848,23638,18878,14937,13827,15571,1516,1300,1000,1000,2000,2000,477152,476362,481122,485063,486173,484429,100883,1
70000,2,1,2,-1,-1,-1,-1,-1,-1,70800,72060,69938,16518,14096,830,4025,2095,1000,2000,3000,0,-800,-2060,62,53482,55904,69170,232122,0
50000,1,2,1,2,2,2,2,2,2,24987,24300,26591,25865,27667,28264,0,2700,0,2225,1200,0,25013,25700,23409,24135,22333,21736,151549,1
50000,2,2,3,-1,-1,-1,-2,-2,-2,28718,29166,0,0,0,0,1000,0,0,0,0,0,21282,20834,50000,50000,50000,50000,56884,1
130000,2,2,4,-1,-1,-2,-2,-1,-1,99,0,0,0,2353,0,0,0,0,2353,0,0,129901,130000,130000,130000,127647,130000,99,0
200000,1,1,4,-2,-2,-2,-1,2,2,152519,148751,144076,8174,8198,7918,0,0,8222,300,0,1000,47481,51249,55924,191826,191802,192082,460114,1
10000,2,1,4,2,2,2,-1,-1,-1,2097,4193,3978,4062,4196,4326,2300,0,150,200,200,160,7903,5807,6022,5938,5804,5674,19842,1
210000,1,4,2,2,-1,-1,-1,-1,-1,300,300,1159,2280,300,4250,300,1159,2280,300,4250,909,209700,209700,208841,207720,209700,205750,-609,0
130000,3,4,1,1,-2,-2,-1,2,-1,-190,-9850,-9850,10311,10161,7319,0,0,20161,0,7319,13899,130190,139850,139850,119689,119839,122681,-33478,0
20000,4,2,1,2,-1,-1,-1,-1,-1,18565,17204,17285,18085,11205,5982,0,1200,1000,500,1000,0,1435,2796,2715,1915,8795,14018,84626,0
80000,1,2,2,-1,-1,-1,-1,-1,-1,780,0,390,390,390,390,0,390,390,390,390,390,79220,80000,79610,79610,79610,79610,390,0
320000,2,2,1,2,2,2,2,2,2,58267,59246,60184,58622,62307,63526,2500,2500,0,4800,2400,1600,261733,260754,259816,261378,257693,256474,348352,1
200000,2,2,2,-1,-1,-1,-1,2,-1,9076,5787,-684,5247,3848,3151,5818,15,9102,17,3165,1395,190924,194213,200684,194753,196152,196849,6913,0
290000,1,4,2,1,-2,-1,-1,-1,-1,0,0,3155,0,2359,0,0,3155,0,2359,0,0,290000,290000,286845,290000,287641,290000,0,0
340000,1,2,2,-1,-1,-1,-1,-1,-1,3048,5550,23337,4291,80153,25820,5713,23453,4314,80552,25949,2016,336952,334450,316663,335709,259847,314180,202,0
20000,2,2,1,-1,-1,2,-1,-1,-1,14619,17216,16642,16976,17332,18543,2850,0,610,630,1500,0,5381,2784,3358,3024,2668,1457,95738,0
50000,3,2,1,-1,-1,-1,-1,-1,-1,42838,37225,36087,9636,9590,10030,1759,1779,320,500,1000,1000,7162,12775,13913,40364,40410,39970,139048,0
300000,1,2,3,-1,-1,-1,-1,-1,-1,291,291,291,291,291,291,291,291,291,291,291,291,299709,299709,299709,299709,299709,299709,0,0
30000,2,4,1,-1,-1,-1,-1,-1,-1,28387,29612,30326,28004,26446,6411,1686,1400,560,3000,1765,0,1613,388,-326,1996,3554,23589,140775,1
240000,2,4,3,1,-2,-2,-2,-2,-2,0,0,0,0,0,0,0,0,0,0,0,0,240000,240000,240000,240000,240000,240000,0,1
470000,3,6,2,-1,-1,-1,-1,-1,-1,165254,157784,162702,69923,29271,29889,6400,7566,3000,960,1000,3000,304746,312216,307298,400077,440729,440111,592897,0
360000,1,4,1,-1,-1,-1,-1,-1,-1,23411,27796,30400,33100,180000,196,4796,3400,3100,146900,196,2963,336589,332204,329600,326900,180000,359804,133548,0
60000,3,2,2,-1,-1,-1,-1,-1,-1,26324,27471,28108,21993,19899,19771,1576,1213,648,768,1140,0,33676,32529,31892,38007,40101,40229,138221,1
400000,2,2,3,-1,-1,2,-1,-1,-1,131595,139060,126819,104430,104990,94058,10700,3,3050,3000,3200,2800,268405,260940,273181,295570,295010,305942,678199,0
50000,3,4,3,-1,-1,-1,-1,-1,-1,48909,47863,21489,20414,19342,19482,1676,1302,700,699,849,826,1091,2137,28511,29586,30658,30518,171447,0
160000,2,2,2,-1,-1,-1,-1,-1,-1,130028,107808,71934,118418,118407,120418,4400,3547,80000,4500,4800,4500,29972,52192,88066,41582,41593,39582,565266,0
360000,1,2,3,-1,-1,2,-1,-1,-1,390,1170,780,390,390,390,1170,0,0,390,390,390,359610,358830,359220,359610,359610,359610,1170,1
160000,2,4,2,-1,-1,-1,-1,-1,-1,3826,4751,6604,8604,7072,766,1147,2000,2000,0,766,2303,156174,155249,153396,151396,152928,159234,23407,0
130000,1,2,2,-1,-1,-1,-1,-1,-1,81313,117866,17740,1330,7095,1190,40000,5000,1330,7095,1190,2090,48687,12134,112260,128670,122905,128810,169829,0
20000,3,2,3,2,2,-1,-1,-1,2,8583,8303,9651,10488,12314,11970,0,1651,1000,2000,0,1500,11417,11697,10349,9512,7686,8030,55158,0
200000,1,1,4,2,2,2,2,2,2,138180,140774,142460,144098,147124,149531,6300,5500,5500,5500,5000,5000,61820,59226,57540,55902,52876,50469,829367,1
280000,1,4,2,-1,-1,-1,-1,-1,-2,7524,0,3968,3868,0,0,0,3968,0,0,0,0,272476,280000,276032,276132,280000,280000,11392,0
100000,1,4,1,-2,-2,-2,-2,-2,-2,-2000,5555,0,0,0,0,7555,0,0,0,0,0,102000,94445,100000,100000,100000,100000,-4000,0
160000,2,2,2,-1,-1,-1,-1,-1,-2,880,1602,840,840,0,0,1602,840,840,0,0,7736,159120,158398,159160,159160,160000,160000,-6856,0
60000,2,4,1,-1,-1,-1,-1,-1,-1,45648,46850,47214,19595,19209,19323,1937,1301,682,690,816,835,14352,13150,12786,40405,40791,40677,191578,0
90000,2,2,2,-1,-1,-1,-1,-1,-1,83725,85996,87653,35565,30942,30835,3621,3597,1179,1112,1104,1143,6275,4004,2347,54435,59058,59165,342960,0
360000,1,1,3,-1,-1,-1,-1,-1,-1,3967,8322,3394,6451,26370,9956,8339,3394,12902,27000,0,68978,356033,351678,356606,353549,333630,350044,-62153,0
150000,1,2,1,-1,-1,-1,-1,-1,-1,86009,86108,89006,89775,87725,40788,4031,10006,3266,4040,1698,800,63991,63892,60994,60225,62275,109212,455570,0
50000,3,2,1,-1,-1,-1,-1,-1,-1,18722,18160,16997,13150,8866,7899,1411,1194,379,281,321,197,31278,31840,33003,36850,41134,42101,80011,0
20000,2,1,2,-1,-1,-1,-1,-1,-1,17973,19367,19559,18240,17928,150,1699,1460,626,1750,150,0,2027,633,441,1760,2072,19850,87532,1
140000,1,2,2,-2,-2,-2,-2,-2,-2,672,10212,850,415,100,1430,10212,850,415,100,1430,0,139328,129788,139150,139585,139900,138570,672,0
380000,1,4,2,-2,-2,-1,-1,-1,-1,-81,-303,32475,32891,33564,34056,223,33178,1171,1197,1250,5000,380081,380303,347525,347109,346436,345944,90583,0
480000,1,1,5,-1,-1,-1,2,2,-1,422069,431342,479432,487066,471145,469961,16078,55693,17000,0,18000,24200,57931,48658,568,-7066,8855,10039,2630044,0
50000,3,4,1,-1,-1,-1,-1,-1,-1,44698,42254,38347,32496,23477,24094,1767,1362,1002,840,995,904,5302,7746,11653,17504,26523,25906,198496,1
60000,2,4,1,2,2,2,2,2,-1,56685,55208,59175,60218,55447,55305,0,5000,2511,6,3000,3000,3315,4792,825,-218,4553,4695,328521,0
70000,2,4,1,-1,-1,-2,-2,-2,-1,5580,0,0,0,0,26529,0,0,0,0,26529,2000,64420,70000,70000,70000,70000,43471,3580,0
80000,2,2,2,-1,-1,-1,-1,-1,-1,6108,2861,3277,3319,1150,1150,2861,3279,3319,1150,1150,1035,73892,77139,76723,76681,78850,78850,5071,0
350000,1,2,4,-1,-1,-1,-1,-1,-1,713,2272,722,867,1150,5263,2272,722,867,1150,5263,5011,349287,347728,349278,349133,348850,344737,-4298,0
130000,2,2,2,-1,-1,-1,-1,-1,-1,171438,178382,39940,120483,44127,126568,10908,0,133657,4566,133841,4796,-41438,-48382,90060,9517,85873,3432,393170,0
360000,2,1,2,1,-2,-2,-2,-2,-2,-103,-103,-103,-103,-103,-103,0,0,0,0,0,0,360103,360103,360103,360103,360103,360103,-618,0
330000,1,2,2,-1,-1,2,-1,-1,-1,105879,108431,105594,105896,106491,107289,9260,0,3593,4100,15794,0,224121,221569,224406,224104,223509,222711,606833,0
50000,3,1,3,-1,-1,2,-1,-1,-1,13244,14722,15181,15928,16671,17393,2000,1000,1000,1000,1000,1000,36756,35278,34819,34072,33329,32607,86139,0
280000,2,1,3,2,2,2,2,2,3,135673,138532,134813,144401,152174,149415,6500,0,14254,14850,0,5000,144327,141468,145187,135599,127826,130585,814404,0
100000,1,4,1,-1,-1,-1,-1,-1,-1,52128,52692,54477,56076,60100,59713,2000,2677,3076,5080,3000,2033,47872,47308,45523,43924,39900,40287,317320,0
50000,2,2,3,-1,-1,-1,-1,-1,-1,19015,19294,20259,20274,20311,19957,1340,1305,700,718,724,684,30985,30706,29741,29726,29689,30043,113639,0
30000,1,2,1,-1,2,-1,-1,3,2,18199,17618,18631,21319,20692,21201,0,1312,3000,0,1000,1000,11801,12382,11369,8681,9308,8799,111348,1
240000,1,2,1,-1,-1,-1,-1,-1,-1,326,326,326,5676,476,326,326,326,5676,476,326,526,239674,239674,239674,234324,239524,239674,-200,0
80000,2,2,1,2,-1,-1,-1,-1,-1,14029,15493,16630,17055,17629,18186,2000,1700,1000,1000,1000,1000,65971,64507,63370,62945,62371,61814,91322,1
400000,2,1,2,-1,-1,-1,-1,-1,-1,19660,9666,11867,7839,14837,7959,9677,11867,7839,14837,7959,5712,380340,390334,388133,392161,385163,392041,13937,0
240000,2,4,2,-1,-1,-1,-1,-1,-1,50254,51445,53015,52479,1307,1203,2000,3000,3000,1307,1203,563,189746,188555,186985,187521,238693,238797,198630,0
50000,3,2,2,2,2,2,3,2,2,46004,45976,48953,48851,49318,51143,1000,4035,1000,1400,2800,0,3996,4024,1047,1149,682,-1143,280010,1
450000,1,1,3,1,-2,-2,-2,-2,-2,0,0,0,0,0,0,0,0,0,0,0,0,450000,450000,450000,450000,450000,450000,0,1
110000,1,2,3,1,-2,-2,-2,-2,-2,0,0,0,0,0,0,0,0,0,0,0,0,110000,110000,110000,110000,110000,110000,0,0
310000,2,2,2,2,-1,-1,-1,-1,-1,304991,311243,306314,258610,246491,198889,13019,11128,8407,8599,6833,5987,5009,-1243,3686,51390,63509,111111,1572565,1
20000,1,2,1,-1,-1,-1,-1,-1,-1,19115,18962,19298,19378,19717,15630,1404,1130,600,861,313,0,885,1038,702,622,283,4370,107792,0
20000,2,2,1,1,-2,-2,-2,-2,-2,0,0,0,0,0,0,0,0,0,0,0,0,20000,20000,20000,20000,20000,20000,0,0
200000,3,2,4,-1,-1,-1,-1,-1,-1,110151,99530,98951,100914,103146,104993,3568,3585,3602,3848,3669,3784,89849,100470,101049,99086,96854,95007,595629,0
180000,1,1,2,-1,-1,-1,-1,-1,-1,163736,116422,99278,95766,97753,95927,4655,2690,2067,2142,2217,1000,16264,63578,80722,84234,82247,84073,654111,1
50000,2,1,4,-1,-1,-1,-1,-1,-1,3347,3899,4503,5347,6375,7077,1000,1066,1300,1500,1200,134,46653,46101,45497,44653,43625,42923,24348,1
60000,3,1,4,3,2,2,-1,-1,-1,60521,61450,57244,28853,29510,26547,2504,7,1200,1200,1100,1500,-521,-1450,2756,31147,30490,33453,256614,0
30000,1,4,1,1,-2,-2,-2,-1,-1,4000,5645,3508,-27,13744,5906,5645,3508,27,13771,5911,3024,26000,24355,26492,30027,16256,24094,890,0
240000,1,2,3,1,-1,-1,-1,-1,-1,95,2622,3301,3164,360,1737,2622,3301,0,360,1737,924,239905,237378,236699,236836,239640,238263,2335,0
420000,2,1,2,-1,-1,-1,-1,-1,-1,253454,247743,229049,220951,210606,188108,9744,9553,7603,7830,7253,11326,166546,172257,190951,199049,209394,231892,1296602,0
330000,3,1,3,-1,-1,-1,-1,-1,-1,227389,228719,229644,227587,227775,228203,8210,8095,8025,8175,8391,8200,102611,101281,100356,102413,102225,101797,1320221,0
30000,2,4,1,-1,-1,-1,-1,-1,-1,28452,26145,26712,25350,17603,-780,2000,1400,0,500,0,1560,1548,3855,3288,4650,12397,30780,118022,0
240000,2,1,2,-1,-1,-1,2,2,2,10674,12035,13681,13269,14158,13891,1500,1800,0,1000,0,327,229326,227965,226319,226731,225842,226109,73081,0
150000,1,2,1,-1,-1,-1,-1,-1,-1,17444,19342,22000,24614,27200,30229,2500,3000,3000,3000,3500,5000,132556,130658,128000,125386,122800,119771,120829,0
210000,2,2,2,-1,-1,-1,-1,-1,-1,7166,7997,8792,9189,4404,5708,1500,1500,1000,500,2000,546,202834,202003,201208,200811,205596,204292,36210,0
50000,3,2,4,-1,-1,-1,-1,-2,-2,752,300,5880,0,0,0,300,5880,0,0,0,0,49248,49700,44120,50000,50000,50000,752,1
50000,1,2,1,-1,-1,-1,-1,-1,-1,50801,50143,49586,19430,19375,18995,2360,1700,1000,900,870,2130,-801,-143,414,30570,30625,31005,199370,0
240000,1,2,3,1,-2,-2,-2,-2,-2,0,0,0,0,0,0,0,0,0,0,0,0,240000,240000,240000,240000,240000,240000,0,1
180000,2,2,1,-1,-1,-1,-1,-1,-1,1832,0,832,332,416,416,0,416,332,500,3500,832,178168,180000,179168,179668,179584,179584,-1752,0
50000,2,2,1,1,2,2,2,-1,-1,10131,10833,20583,19996,19879,18065,1000,10000,400,700,800,600,39869,39167,29417,30004,30121,31935,85987,0
170000,2,2,1,-2,-2,-2,-2,-2,-2,12159,10000,10000,10000,9983,15846,10000,10000,10000,9983,15863,10000,157841,160000,160000,160000,160017,154154,2142,0
20000,1,2,1,-1,-1,-1,-1,-1,-1,1199,15586,344,2340,6702,339,15586,344,2340,4702,339,330,18801,4414,19656,17660,13298,19661,2869,0
50000,1,2,1,-1,-1,-1,-1,-1,3,4999,5913,7315,9195,10624,10138,1000,1500,2000,1583,1100,0,45001,44087,42685,40805,39376,39862,41001,0
170000,2,4,1,-1,-1,-1,-1,-1,-1,19269,20313,20852,17560,17918,9100,1661,1200,351,358,182,0,150731,149687,149148,152440,152082,160900,101260,1
200000,1,2,2,1,2,-1,-1,-1,-1,197236,176192,93069,135668,132233,59875,8000,5000,55500,5000,5000,8500,2764,23808,106931,64332,67767,140125,707273,0
80000,2,2,1,1,2,3,2,-1,-1,9168,10522,10205,9898,10123,12034,1650,0,0,379,2091,1,70832,69478,69795,70102,69877,67966,57829,0
260000,1,2,5,1,-2,-1,-1,-1,-1,-1100,-1100,21400,0,969,869,0,22500,0,969,1000,0,261100,261100,238600,260000,259031,259131,-3431,0
140000,2,1,2,-1,-1,-1,-1,2,-1,86627,78142,68336,64648,58319,55251,3455,3110,5000,0,2100,2602,53373,61858,71664,75352,81681,84749,395056,0
80000,1,2,1,-1,-1,-1,-1,-1,-1,42444,55744,43476,41087,41951,31826,30000,3000,6000,8000,2000,14000,37556,24256,36524,38913,38049,48174,193528,0
350000,1,2,3,1,-1,-1,-1,-1,-2,208,2906,1000,630,0,0,2906,1000,630,0,0,0,349792,347094,349000,349370,350000,350000,208,0
280000,2,2,4,-1,-1,-1,-1,-1,-1,208775,182350,132257,101783,177145,169311,8042,6700,5137,100000,7000,6321,71225,97650,147743,178217,102855,110689,838421,0
30000,3,4,1,-1,-1,-1,-1,-1,-1,9014,10406,11427,11935,13084,14206,1700,1500,1000,1500,1500,1500,20986,19594,18573,18065,16916,15794,61372,0
140000,1,1,2,-1,-1,-1,-1,-1,-1,23944,28049,32073,43129,47086,48699,5000,5000,11885,5000,3000,5504,116056,111951,107927,96871,92914,91301,187591,0
200000,1,4,2,-1,-1,-1,-1,-1,-1,105420,102870,89643,90938,92505,94031,4000,3250,3250,3500,3560,5000,94580,97130,110357,109062,107495,105969,552847,0
200000,3,4,2,-1,-1,-1,-1,-1,-1,196031,196143,189524,167163,146975,122324,7300,7108,7680,6200,5000,4500,3969,3857,10476,32837,53025,77676,980372,0
210000,3,1,3,2,3,4,4,5,6,115785,122904,129847,137277,145533,154105,10478,10478,11078,11078,11678,10478,94215,87096,80153,72723,64467,55895,740183,1
50000,3,1,4,3,2,-1,-1,-1,-1,12854,12362,13447,13427,13711,14083,0,1600,500,500,600,600,37146,37638,36553,36573,36289,35917,76084,0
30000,1,2,3,2,2,2,2,2,-1,24357,27453,26718,28168,27579,28321,3500,0,2200,0,1200,1250,5643,2547,3282,1832,2421,1679,154446,0
50000,2,2,1,2,-1,-1,-1,-1,2,390,390,780,216,1080,540,390,780,216,864,0,390,49610,49610,49220,49784,48920,49460,756,0
290000,3,1,3,-1,-1,-1,-1,-1,-1,1234,396,396,792,396,423,396,396,792,0,423,369,288766,289604,289604,289208,289604,289577,1261,0
250000,1,2,2,-1,-1,2,-1,-1,-1,141223,156858,151841,152803,155997,160220,17994,0,5469,5656,6811,3920,108777,93142,98159,97197,94003,89780,879092,0
60000,2,2,3,-1,-1,-1,-1,-1,-1,21148,23803,24908,26034,26655,27756,3000,1500,1500,1000,1500,1500,38852,36197,35092,33966,33345,32244,140304,0
110000,1,4,1,-1,-1,-1,-1,-1,-1,101640,104795,104855,74737,76058,77254,5500,3900,3000,2900,3000,2800,8360,5205,5145,35263,33942,32746,518239,0
370000,1,2,4,-2,-2,-2,-2,-2,-2,6093,15130,8204,15398,4792,13453,15383,8204,15413,4792,13453,4699,363907,354870,361796,354602,365208,356547,1126,0
100000,2,1,1,-1,2,2,-1,-1,-1,102349,96847,58824,29336,22979,-246,3166,0,1330,1398,12,50000,-2349,3153,41176,70664,77021,100246,254183,0
90000,2,2,2,-1,-1,-1,-1,-1,2,72112,73854,75526,77317,85852,88290,3500,3500,3652,10000,4000,0,17888,16146,14474,12683,4148,1710,448299,0
50000,2,4,1,-1,-1,-1,-1,-1,-1,28040,29092,29366,27737,28318,28806,1510,1442,982,1017,1277,567,21960,20908,20634,22263,21682,21194,164564,0
270000,2,2,2,-1,-1,-1,-1,-1,-1,37695,33397,30534,27598,26344,24641,5000,2000,3000,4000,3000,2000,232305,236603,239466,242402,243656,245359,161209,0
300000,1,4,2,-1,-1,-1,-1,-1,-1,688,3280,0,4340,2672,800,3288,0,4340,2672,800,746,299312,296720,300000,295660,297328,299200,-66,0
50000,2,4,1,-1,-1,-1,-1,-1,-1,8567,15273,11650,7457,3115,7725,15000,1000,149,0,5000,10000,41433,34727,38350,42543,46885,42275,22638,0
50000,1,4,1,1,-2,-2,-2,-2,-2,-709,-709,-709,-2898,-3272,-3272,0,0,0,0,0,0,50709,50709,50709,52898,53272,53272,-11569,1
360000,1,2,1,1,-2,-1,-1,-2,-2,0,0,77,0,0,0,0,77,0,0,0,0,360000,360000,359923,360000,360000,360000,0,0
130000,3,1,4,1,2,2,2,2,3,64617,65978,67282,68557,72796,71345,3000,3000,3000,5500,0,0,65383,64022,62718,61443,57204,58655,396075,1
80000,1,2,2,-2,-1,-1,-1,-1,-1,6187,100,600,1438,1919,5380,504,500,1000,500,3500,0,73813,79900,79400,78562,78081,74620,9620,0
50000,2,2,2,1,2,-1,-1,-1,2,48860,47801,48363,30221,22877,22361,0,1500,1000,2000,0,2000,1140,2199,1637,19779,27123,27639,213983,0
20000,2,4,1,-1,-1,-1,-1,-1,-1,16001,12622,13221,13130,14034,14906,1212,1201,500,1500,1500,1000,3999,7378,6779,6870,5966,5094,77001,0
80000,2,2,1,-1,-1,2,-1,-1,-1,77883,81811,80250,61467,10662,11486,5800,1000,600,400,1000,0,2117,-1811,-250,18533,69338,68514,314759,0
240000,1,2,2,-1,-1,2,-1,-1,-1,12212,26578,25331,26605,26279,1256,15000,0,2000,0,1256,65935,227788,213422,214669,213395,213721,238744,34070,0
80000,3,4,2,-1,-1,-1,-1,-1,-1,49608,12412,14873,17364,17770,17460,12500,6500,3000,2000,3000,2000,30392,67588,65127,62636,62230,62540,100487,0
500000,1,2,3,-1,-1,-1,-1,-1,-1,56422,110616,110340,122967,108834,70064,70010,30357,30000,20000,52183,20000,443578,389384,389660,377033,391166,429936,356693,0
60000,2,2,1,-1,-1,-1,-1,-1,-1,58024,57891,48839,18971,19323,19395,2500,1600,3000,1000,737,2000,1976,2109,11161,41029,40677,40605,211606,1
20000,2,2,1,-1,-1,-1,-1,-1,-1,10642,11677,13070,12280,1615,1620,1200,1593,601,135,1824,0,9358,8323,6930,7720,18385,18380,45551,0
100000,2,2,2,1,2,-1,-1,2,-1,14483,13961,15323,16268,15868,16448,0,1600,1500,0,1000,1500,85517,86039,84677,83732,84132,83552,86751,1
360000,1,4,2,1,-1,-1,-1,-1,-1,2616,57077,5287,68445,13881,16240,57087,5295,68454,13889,16250,38313,357384,302923,354713,291555,346119,343760,-35742,0
200000,3,4,3,2,2,2,2,2,2,199436,202947,193936,196186,200162,189915,8214,7000,6800,7134,0,6836,564,-2947,6064,3814,-162,10085,1146598,1
130000,2,2,2,1,-1,-1,-1,-1,-1,0,5396,10270,13576,13864,14636,5396,5000,3500,501,1000,2000,130000,124604,119730,116424,116136,115364,40345,0
20000,2,4,2,1,5,4,4,3,2,21703,21087,21461,20835,20219,20487,0,1000,0,0,760,0,-1703,-1087,-1461,-835,-219,-487,124032,0
310000,1,2,2,-1,-1,-1,-1,-1,-1,59901,62147,62102,65875,60387,43328,10020,6031,10057,5028,5060,4223,250099,247853,247898,244125,249613,266672,313321,0
60000,1,4,1,2,-1,-1,-1,2,-1,19625,20347,21669,23005,22499,22873,1342,1664,2000,0,900,846,40375,39653,38331,36995,37501,37127,123266,1
180000,1,4,1,-1,-1,-1,-2,-1,-1,11386,199,0,0,17227,17042,199,0,0,17227,341,5114,168614,179801,180000,180000,162773,162958,22973,0
180000,1,4,1,-1,-1,2,-1,-1,-2,14670,22087,21282,10200,0,0,37867,0,200,0,0,0,165330,157913,158718,169800,180000,180000,30172,0
50000,2,1,2,-1,-1,-1,-1,-1,-1,47790,18114,18250,-14,72,658,2000,1000,2000,500,1000,20011,2210,31886,31750,50014,49928,49342,58359,0
50000,1,4,1,1,2,2,2,2,2,36166,37188,37680,38462,39228,40035,1900,1400,1700,1532,1600,0,13834,12812,12320,11538,10772,9965,220627,1
150000,2,2,2,-2,-2,-2,-2,-2,-2,0,0,0,116,0,1500,0,0,116,0,1500,0,150000,150000,150000,149884,150000,148500,0,0
20000,1,4,1,-1,-1,-1,-1,-1,-1,18553,19446,19065,8332,18868,19247,1500,1032,541,20000,693,1000,1447,554,935,11668,1132,753,78745,0
500000,1,2,2,-2,-2,-2,-1,-1,-1,412,138,2299,1251,1206,1151,138,2299,1251,1206,1151,15816,499588,499862,497701,498749,498794,498849,-15404,0
30000,3,4,1,1,2,2,-1,-1,-1,29010,29256,28122,29836,1630,0,1000,85,1714,104,0,0,990,744,1878,164,28370,30000,114951,1
180000,1,2,2,-2,-2,-2,-2,-2,-2,750,0,0,0,0,0,0,0,0,0,0,0,179250,180000,180000,180000,180000,180000,750,0
140000,1,2,2,-1,-1,2,-1,-1,2,27123,27299,17985,20225,27407,10833,25000,0,3000,7800,0,2500,112877,112701,122015,119775,112593,129167,92572,0
140000,1,4,1,-1,-1,-1,-1,-1,-1,13424,18000,13001,5818,13506,487,10000,13001,5841,13506,487,7004,126576,122000,126999,134182,126494,139513,14397,0
120000,2,2,1,-1,-1,-1,-1,-1,-1,107314,110578,113736,116000,119131,122135,5000,5000,4152,5000,5000,5000,12686,9422,6264,4000,869,-2135,659742,0
360000,2,2,3,-1,-1,-1,-1,-1,-1,226430,231878,234192,190211,173557,146511,9100,7300,5800,5600,5600,4100,133570,128122,125808,169789,186443,213489,1165279,0
20000,3,1,3,-1,-1,-1,-1,-1,-1,227,20351,20237,19339,19450,19337,22359,1305,1258,1459,3457,1700,19773,-351,-237,661,550,663,67403,0
100000,1,1,3,-1,-1,-1,-1,-1,-1,390,1473,390,390,390,0,1473,390,390,390,0,2380,99610,98527,99610,99610,99610,100000,-1990,0
210000,2,2,3,-1,-1,-1,-1,-1,-1,3088,1586,343,3763,877,0,1586,343,3763,877,0,419,206912,208414,209657,206237,209123,210000,2669,1
80000,2,4,1,-1,-1,-1,-1,-1,-1,81625,81554,79599,49552,49509,49568,3200,3000,2038,2000,1800,1800,-1625,-1554,401,30448,30491,30432,377569,1
330000,1,2,4,-1,-1,-1,-1,-2,-2,8872,4337,2854,1690,0,1709,4345,2854,1702,0,1709,258,321128,325663,327146,328310,330000,328291,8594,0
220000,1,2,1,-1,-1,-1,-1,-1,-1,105607,108917,111520,8303,0,85632,5000,5050,8303,0,85632,0,114393,111083,108480,211697,220000,134368,315994,0
210000,1,2,2,1,-2,-1,-1,-1,-1,0,0,250,123,789,1222,0,250,0,789,1222,9616,210000,210000,209750,209877,209211,208778,-9493,1
40000,3,2,3,-1,-1,-1,-1,-1,-1,38257,38901,38103,36207,33138,31339,1700,1504,1200,1500,1500,1000,1743,1099,1897,3793,6862,8661,207541,0
30000,2,2,2,-1,-1,-1,2,-1,-1,28347,28108,18388,12992,7736,8032,3036,2309,0,1000,2000,148,1653,1892,11612,17008,22264,21968,95110,0
470000,2,2,1,2,2,2,2,-1,-1,296573,303320,307843,479978,305145,309959,13000,11001,0,10484,10838,10367,173427,166680,162157,-9978,164855,160041,1947128,0
30000,3,1,3,-1,-1,-1,-1,-1,2,390,390,390,240,1320,780,390,390,240,1470,0,0,29610,29610,29610,29760,28680,29220,1020,0
240000,2,2,2,1,-2,-2,-2,-2,-2,-946,-946,-946,-946,-946,-946,0,0,0,0,0,0,240946,240946,240946,240946,240946,240946,-5676,1
80000,2,2,2,2,-1,-1,-1,-1,-1,79278,78501,78534,80016,76235,78245,3100,3500,3400,3000,3500,3000,722,1499,1466,-16,3765,1755,451309,0
110000,3,6,2,-1,-1,-1,-1,-1,-1,89989,84229,79288,73315,63818,63208,4000,5000,3000,3000,3000,8954,20011,25771,30712,36685,46182,46792,426893,0
310000,1,4,2,-1,-1,-1,-1,-2,-2,1424,4542,126,0,0,0,4542,126,0,0,0,0,308576,305458,309874,310000,310000,310000,1424,0
360000,1,2,3,2,2,2,-1,-1,-1,105167,115468,112157,114690,117845,120238,12000,0,5900,5000,4500,4700,254833,244532,247843,245310,242155,239762,653465,1
330000,3,4,3,-1,-1,-1,-1,-1,-1,335196,334954,335527,333860,335760,330121,12388,12378,12116,12450,12213,11678,-5196,-4954,-5527,-3860,-5760,-121,1932195,0
300000,2,4,2,-1,-1,-1,-1,-1,-1,291619,297268,205629,215827,208464,212508,12019,9006,17000,12000,9557,15000,8381,2732,94371,84173,91536,87492,1356733,0
320000,2,4,2,-1,-1,-1,-1,-1,-1,91653,94037,108597,65913,43805,33263,10042,18832,2117,2076,5045,3754,228347,225963,211403,254087,276195,286737,395402,0
50000,3,4,2,1,3,2,-1,-1,-1,52626,51537,49205,30394,30249,29957,0,24,1500,1000,1201,30592,-2626,-1537,795,19606,19751,20043,209651,1
170000,1,4,1,-1,-1,-1,-1,-1,-1,130370,131199,128900,125514,127280,128839,6530,4860,22500,4820,4877,4962,39630,38801,41100,44486,42720,41161,723553,0
350000,3,1,3,-1,-1,-1,-1,-1,-2,3265,2686,1864,569,0,0,2686,1864,569,0,0,0,346735,347314,348136,349431,350000,350000,3265,0
20000,2,1,2,-1,-1,-1,-1,-1,-1,16455,16511,18902,18768,18650,19175,1609,3000,663,676,834,782,3545,3489,1098,1232,1350,825,100897,0
50000,2,2,1,2,-1,-1,-1,-1,-1,49758,48456,44116,21247,20066,18858,2401,2254,2004,704,707,1004,242,1544,5884,28753,29934,31142,193427,1
20000,3,4,1,1,2,-1,-1,-1,-1,19154,18165,17233,7630,1730,0,0,1333,500,100,0,3200,846,1835,2767,12370,18270,20000,58779,0
50000,1,4,1,-1,-1,-1,-1,-1,-1,35084,35796,30937,19420,10385,1308,2090,2002,1002,238,1011,389,14916,14204,19063,30580,39615,48692,126198,0
20000,2,2,1,1,2,-1,-1,2,-1,20235,17132,16856,16875,13454,10104,0,1200,1000,0,1000,10000,-235,2868,3144,3125,6546,9896,81456,1
50000,2,1,1,-1,-1,-2,-1,-1,-1,102800,0,0,2624,45567,46557,0,0,2624,45567,1747,2000,-52800,50000,50000,47376,4433,3443,145610,0
190000,2,2,2,2,-1,-1,-1,2,2,129801,131383,134379,142323,140120,150052,5000,5000,10000,0,12118,2769,60199,58617,55621,47677,49880,39948,793171,1
60000,2,2,2,-1,-1,-1,-1,-1,-1,58203,36367,20934,20694,20175,19421,1506,1298,1000,721,811,599,1797,23633,39066,39306,39825,40579,169859,0
80000,1,2,2,-1,-1,-1,-1,-1,-1,7988,3977,6848,1719,1378,19942,3983,6853,1719,1378,19942,2418,72012,76023,73152,78281,78622,60058,5559,0
150000,2,4,1,-1,-1,-1,-1,-1,-1,127402,110050,51547,44384,36900,29497,4500,1745,1566,1208,1077,2529,22598,39950,98453,105616,113100,120503,387155,0
210000,1,4,2,-2,-2,-2,-2,-1,-1,1440,0,7422,893,6082,2293,0,7422,893,6082,2293,3299,208560,210000,202578,209107,203918,207707,-1859,0
240000,3,2,4,-1,-1,-1,-1,-1,-1,234205,231669,214642,207642,210375,214694,10116,9150,8008,8000,8009,7714,5795,8331,25358,32358,29625,25306,1262230,1
140000,2,6,3,-1,-1,-1,-1,-1,-1,19346,21708,22940,19068,16409,16383,3000,2000,2198,1000,3000,2399,120654,118292,117060,120932,123591,123617,102257,1
60000,1,4,1,1,2,2,-2,-2,-1,21501,20650,0,0,0,2285,0,0,0,0,2285,0,38499,39350,60000,60000,60000,57715,42151,0
50000,1,2,2,-1,-1,-1,-1,-1,-1,47174,47974,48630,50803,30789,15874,1800,2000,3000,2000,2000,2000,2826,2026,1370,-803,19211,34126,228444,0
50000,2,4,1,-1,-1,-1,-1,-1,-1,26655,27724,28676,27990,28790,29399,1800,1750,900,1200,1200,1100,23345,22276,21324,22010,21210,20601,161284,0
180000,1,4,2,-1,-1,2,2,-1,-1,3139,5853,2821,0,2821,0,2821,0,0,2821,0,176,176861,174147,177179,180000,177179,180000,8816,0
30000,1,4,3,-1,-1,2,2,2,2,142,215,139,19,19,79,355,120,0,0,60,60,29858,29785,29861,29981,29981,29921,18,0
20000,2,4,3,-1,-1,-1,-1,-1,-2,19816,20396,20102,19575,0,0,1601,2203,2114,0,0,0,184,-396,-102,425,20000,20000,73971,0
250000,2,2,6,-1,-1,-1,-1,-1,-1,52874,1631,1536,1010,5572,794,1631,1536,1010,5572,794,1184,197126,248369,248464,248990,244428,249206,51690,0
100000,2,4,1,-1,-1,-1,-1,-1,-1,37767,34457,30036,30337,30997,32904,1788,1799,1100,1150,2423,0,62233,65543,69964,69663,69003,67096,188238,0
330000,1,2,1,-1,-1,-1,-1,2,-1,46140,45781,48139,51137,39450,25358,2504,4007,5056,74,1023,2566,283860,284219,281861,278863,290550,304642,240775,0
50000,3,1,3,-1,-1,-1,-1,-1,-1,35713,15392,16099,16418,16765,17484,1561,1268,587,611,1000,2000,14287,34608,33901,33582,33235,32516,110844,0
50000,2,4,1,1,2,2,-1,-1,-1,50867,51486,48869,30115,29527,29998,1710,136,1206,2002,2005,3003,-867,-1486,1131,19885,20473,20002,230800,0
30000,2,2,1,-1,-1,-1,-1,-1,-1,29242,29507,29155,25255,22001,0,5006,1244,851,955,0,0,758,493,845,4745,7999,30000,127104,0
140000,2,4,1,-1,-1,-1,-1,-1,-1,101551,105246,104781,105334,107699,106828,5366,5087,3605,3894,3785,3304,38449,34754,35219,34666,32301,33172,606398,1
160000,1,4,1,-1,-1,-1,-1,-1,-1,70243,47779,28052,7222,99669,84426,7042,2000,1000,99669,12600,10000,89757,112221,131948,152778,60331,75574,205080,0
400000,2,4,1,-1,-1,-1,-1,-1,-1,19532,3719,1453,4944,1896,2486,3127,1469,4968,1905,2494,862,380468,396281,398547,395056,398104,397514,19205,0
50000,2,1,1,-1,-1,-1,-1,-1,-1,27699,28513,29341,29928,29533,28538,1565,1393,980,994,1024,886,22301,21487,20659,20072,20467,21462,166710,0
140000,2,2,3,-1,-1,-1,-1,-1,-1,1154,1233,862,1355,1130,21361,1233,1075,1355,1130,21361,1347,138846,138767,139138,138645,138870,118639,-406,0
160000,2,2,2,-1,-1,-1,-1,-1,-1,8015,2453,9624,52572,7333,2210,2453,9880,52572,1546,2210,0,151985,157547,150376,107428,152667,157790,13546,0
100000,3,2,3,-1,-1,-2,-2,-2,-2,62170,0,0,0,0,0,0,0,0,0,0,0,37830,100000,100000,100000,100000,100000,62170,0
220000,1,1,3,2,-1,-1,-1,-1,-1,210380,213522,201852,169115,172169,162402,10000,9020,6000,5500,6000,5500,9620,6478,18148,50885,47831,57598,1087420,1
510000,1,4,1,-1,-1,-1,-1,-1,-1,78331,99414,107686,103776,87265,36739,40010,20094,5000,5001,25365,65000,431669,410586,402314,406224,422735,473261,352741,0
50000,2,2,1,-1,-1,-1,-1,-1,-1,49276,35100,32563,27823,29130,28309,1602,1400,3000,3130,1062,6318,724,14900,17437,22177,20870,21691,185689,0
160000,1,2,2,-1,-1,-1,-1,2,-1,4473,4664,5969,18941,16578,12652,4664,5969,18941,0,12652,1916,155527,155336,154031,141059,143422,147348,19135,0
230000,1,4,2,-2,-2,-2,-2,-2,-2,2283,50815,0,0,299,338,51315,0,0,299,338,0,227717,179185,230000,230000,229701,229662,1783,0
80000,1,4,2,-1,-1,-1,-1,-1,-1,10115,249,5986,188,1644,16872,258,5995,188,1644,16872,4000,69885,79751,74014,79812,78356,63128,6097,0
150000,2,2,1,-1,-1,-2,-1,-1,-1,6156,0,0,316,316,316,0,0,316,316,316,316,143844,150000,150000,149684,149684,149684,5840,0
10000,3,2,1,-1,-1,-1,-1,-1,2,6974,7838,9002,9182,9729,9411,1134,1298,478,847,0,175,3026,2162,998,818,271,589,48204,0
130000,3,4,3,-1,-1,-1,-1,-1,-1,89003,91362,72197,49654,28065,27500,4100,3095,1630,561,600,0,40997,38638,57803,80346,101935,102500,347795,1
40000,1,4,3,-1,-1,-1,-1,-1,-1,34871,34449,33634,34586,34762,35673,1600,1600,1500,1500,1500,1500,5129,5551,6366,5414,5238,4327,198775,0
50000,2,2,1,3,2,2,-1,-1,-1,13694,14880,14242,13968,14319,2614,1700,0,426,501,2614,1390,36306,35120,35758,36032,35681,47386,67086,1
100000,3,2,2,-1,-1,-1,-1,-1,-1,70003,31545,20974,19713,19848,18126,2035,2004,616,2007,1009,2015,29997,68455,79026,80287,80152,81874,170523,0
120000,1,1,2,-1,2,-1,-1,-1,-1,1082,632,1350,900,450,0,0,1350,0,0,0,450,118918,119368,118650,119100,119550,120000,2614,0
260000,1,4,4,1,-2,-2,-2,-2,-2,0,0,0,0,0,0,0,0,0,0,0,0,260000,260000,260000,260000,260000,260000,0,1
200000,2,4,2,-1,-1,-1,-1,-1,-1,11253,12852,14024,14512,16325,11905,2000,1322,2000,2000,1200,3000,188747,187148,185976,185488,183675,188095,69349,0
360000,2,4,1,-2,-2,-2,-2,-2,-2,0,0,0,0,0,0,0,0,0,0,0,0,360000,360000,360000,360000,360000,360000,0,1
70000,2,4,2,-1,-1,-1,-1,-1,-1,68699,69120,68376,30163,14310,15085,4483,12496,3268,3000,3000,2000,1301,880,1624,39837,55690,54915,237506,0
460000,1,1,3,2,-1,-1,-1,-1,-1,171,2715,-13,2641,-10,22535,2728,0,2654,0,22545,0,459829,457285,460013,457359,460010,437465,112,1
50000,1,4,1,-1,-1,-1,-1,-1,-1,1156,316,316,316,316,316,316,316,316,316,316,316,48844,49684,49684,49684,49684,49684,840,0
50000,3,1,2,-1,-1,-1,-1,-1,-1,50859,50462,50654,20046,20067,19703,2007,2199,691,707,703,697,-859,-462,-654,29954,29933,30297,204787,0
250000,2,2,2,-1,-1,-1,-1,-1,-1,103109,102594,97109,99029,100871,101299,4000,4500,5000,4000,5000,4400,146891,147406,152891,150971,149129,148701,577111,0
30000,1,4,1,-1,-1,-1,-1,-1,-2,1512,2458,664,1814,0,0,1000,664,1500,0,0,0,28488,27542,29336,28186,30000,30000,3284,0
270000,2,1,3,-1,-1,-1,-1,-1,-1,127543,109189,92630,69669,44149,43414,10063,5162,10150,44299,43509,31031,142457,160811,177370,200331,225851,226586,342380,0
180000,3,4,2,-1,-1,-1,-1,-1,-1,163935,153152,147032,122196,103692,70204,7722,6091,3563,3605,3000,3211,16065,26848,32968,57804,76308,109796,733019,0
100000,1,4,1,-1,-1,-1,-1,-1,-1,53494,52656,52600,52336,55831,56265,4173,3000,2025,5000,3000,3000,46506,47344,47400,47664,44169,43735,302984,0
230000,3,2,2,-1,-1,-1,-1,-1,-1,195126,88743,92195,94814,98182,98457,5000,5000,5000,5000,4000,5000,34874,141257,137805,135186,131818,131543,638517,0
210000,1,2,3,-1,-1,-1,-1,-1,-1,110346,41986,21874,20076,16171,586,41986,21874,20076,16171,586,19777,99654,168014,188126,189924,193829,209414,90569,0
210000,1,2,2,2,-1,-1,-1,-1,-1,60502,62804,62769,62683,63663,46549,3276,2026,2000,2000,2000,2502,149498,147196,147231,147317,146337,163451,345166,0
440000,2,2,3,-1,-1,-1,-1,-1,-1,180641,181557,149944,113135,105280,97622,8610,6907,3727,3800,4001,2701,259359,258443,290056,326865,334720,342378,798433,0
100000,2,4,1,2,-1,-1,-1,-1,-1,70896,71678,70125,69856,69718,51365,3472,2092,2000,2127,1960,1559,29104,28322,29875,30144,30282,48635,390428,1
240000,2,2,3,-1,-1,-1,-1,-1,-1,8751,9900,10605,10765,11765,4311,1295,1000,1000,1000,1000,1000,231249,230100,229395,229235,228235,235689,49802,0
280000,1,2,2,-1,-1,-1,-1,-1,-1,898,898,325,898,325,-339603,898,325,898,325,0,345293,279102,279102,279675,279102,279675,619603,-683998,1
50000,2,4,1,1,-2,-2,-2,-2,-2,0,0,0,0,0,0,0,0,0,0,0,0,50000,50000,50000,50000,50000,50000,0,1
30000,2,1,3,3,2,2,2,2,2,1700,2610,1914,2182,2000,2566,1100,0,300,0,600,0,28300,27390,28086,27818,28000,27434,10972,0
10000,2,2,1,-1,-1,2,-1,-1,-1,7015,10227,9560,9901,9963,10182,3507,0,500,370,393,700,2985,-227,440,99,37,-182,51378,1
130000,1,2,1,1,-2,-2,-2,-2,-2,0,0,0,0,0,0,0,0,0,0,0,1500,130000,130000,130000,130000,130000,130000,-1500,0
200000,1,2,2,-1,-1,-1,-1,-1,-1,194353,197344,186292,133345,133634,133990,9000,7465,4715,4804,5141,5300,5647,2656,13708,66655,66366,66010,942533,0
120000,2,2,1,-1,-1,-1,-1,-1,-1,1686,657,2179,1423,0,1820,657,2319,1423,0,1820,2496,118314,119343,117821,118577,120000,118180,-950,0
210000,2,2,2,-1,-1,-1,-1,-1,-1,143225,142996,144415,148190,147993,131629,6483,5082,6000,5900,4544,4700,66775,67004,65585,61810,62007,78371,825739,0
280000,1,2,2,-1,-1,-1,-1,-1,-1,58983,60788,63225,29701,30172,30771,2755,3463,1300,1100,1100,2000,221017,219212,216775,250299,249828,249229,261922,0
300000,1,2,2,1,-2,-1,-1,-1,-1,0,0,13001,12601,19595,203,0,13001,0,19595,203,0,300000,300000,286999,287399,280405,299797,12601,1
100000,2,2,2,-1,-1,-1,-1,-1,-1,99209,98222,67185,66926,66796,64513,3490,2332,2314,2365,2497,2305,791,1778,32815,33074,33204,35487,447548,0
440000,1,4,2,-2,-2,-2,-2,-2,-2,0,0,0,0,0,0,0,0,0,0,162000,0,440000,440000,440000,440000,440000,440000,-162000,0
50000,3,2,3,-1,-1,-1,-1,-1,-1,49941,51213,12104,12898,13687,14458,2400,1206,1000,1000,1000,1000,59,-1213,37896,37102,36313,35542,146695,0
20000,1,4,1,-1,-1,2,-1,-1,-1,11968,14564,27820,15824,15761,12510,2800,0,4000,1700,1000,2000,8032,5436,-7820,4176,4239,7490,86947,1
200000,1,4,1,-1,-1,-1,-1,-1,-1,871,665,960,4242,4084,7414,665,960,3908,1014,3500,2880,199129,199335,199040,195758,195916,192586,5309,0
110000,2,4,1,-2,-2,-2,-2,-2,-2,432,3220,5704,1256,1848,400,3220,5904,0,3000,0,0,109568,106780,104296,108744,108152,109600,736,0
500000,2,2,2,-1,-1,-1,-1,-1,-1,10483,23956,0,8500,4590,0,23962,0,8500,4590,0,0,489517,476044,500000,491500,495410,500000,10477,0
300000,2,2,1,1,-1,-1,-2,-2,-2,0,5215,0,0,0,0,5215,0,0,0,0,0,300000,294785,300000,300000,300000,300000,0,0
30000,3,1,4,2,2,2,3,3,4,9720,10613,11339,12841,13836,14514,1200,1200,2000,1500,1500,1500,20280,19387,18661,17159,16164,15486,63963,1
60000,1,4,1,-1,-1,-1,-1,-1,-1,20847,13801,14366,4889,273,11736,13809,14583,4889,273,13557,0,39153,46199,45634,55111,59727,48264,18801,0
400000,2,2,2,-1,-1,-1,-1,-1,-1,3697,3600,1354,5322,5103,2077,1000,1354,5322,6,2386,9085,396303,396400,398646,394678,394897,397923,2000,0
180000,2,2,2,-1,-1,-1,-1,-1,-1,143301,146333,147042,127814,130331,132845,7000,5000,5000,4900,5000,5100,36699,33667,32958,52186,49669,47155,795666,0
20000,1,2,3,-1,-1,-1,2,-1,-1,10934,13738,16567,10411,13057,14340,3000,3100,0,3000,1500,0,9066,6262,3433,9589,6943,5660,68447,0
200000,3,2,3,-1,2,2,2,-1,-1,52439,51040,56205,54723,58657,59983,0,6000,0,5000,2286,3000,147561,148960,143795,145277,141343,140017,316761,1
100000,1,2,1,-1,-1,-1,-1,-1,-1,55734,52557,33415,28776,17580,6441,1631,1286,200,645,909,200,44266,47443,66585,71224,82420,93559,189632,0
60000,2,2,1,-1,-1,-1,-1,-1,-1,49507,33282,34312,17277,17808,19346,1970,2000,618,809,2000,616,10493,26718,25688,42723,42192,40654,163519,1
110000,2,4,2,-1,-1,-1,-1,-1,-1,47819,48947,50330,50894,52175,53652,2200,2500,2000,2100,2500,2200,62181,61053,59670,59106,57825,56348,290317,0
260000,3,2,4,1,-1,-1,-2,-2,-1,0,165,526,452,397,485,165,526,452,397,485,459,260000,259835,259474,259548,259603,259515,-459,0
50000,3,2,3,3,2,2,-1,-1,-1,48522,50955,29516,29742,29898,24883,3754,1,1070,1030,863,654,1478,-955,20484,20258,20102,25117,206144,0
180000,2,2,1,1,-2,-2,-2,-2,-2,-2,-2,-2,-2,-2,-2,0,0,0,0,0,0,180002,180002,180002,180002,180002,180002,-12,0
110000,2,2,1,1,2,2,-1,-1,-1,58362,56598,51908,48647,47862,47969,2500,0,2000,2000,1854,2000,51638,53402,58092,61353,62138,62031,300992,1
340000,1,4,1,-1,-1,-1,-1,-1,-1,172180,180140,166281,155628,145645,103263,21105,5461,5000,5849,2732,50000,167820,159860,173719,184372,194355,236737,832990,0
50000,2,2,1,-1,-1,-1,-1,-1,-1,1399,2441,3865,7476,8384,8085,1070,1500,3666,2477,1306,1000,48601,47559,46135,42524,41616,41915,20631,0
230000,2,2,1,-1,-1,-1,-2,-1,-1,26361,18826,1100,2100,767,6173,1710,1100,1000,767,6173,1000,203639,211174,228900,227900,229233,223827,43577,1
360000,2,4,2,-1,-1,-1,-1,-1,-1,93029,94054,91834,95631,100123,100738,10000,7000,10000,10000,10000,10000,266971,265946,268166,264369,259877,259262,518409,0
210000,2,2,3,1,-2,-1,-1,-1,-1,0,0,38013,40555,45075,37056,0,38013,3000,5000,3000,3000,210000,210000,171987,169445,164925,172944,108686,0
220000,2,2,3,-1,2,2,-1,2,-1,650,650,325,950,475,325,325,0,950,0,325,325,219350,219350,219675,219050,219525,219675,1450,1
60000,2,2,2,2,2,2,2,2,-1,24898,27976,27233,30184,29566,30225,3800,0,3720,0,1300,1291,35102,32024,32767,29816,30434,29775,159971,1
340000,2,1,4,-2,-1,-1,-2,-2,-2,50396,44665,8300,2190,24599,7416,44665,8321,2190,24599,7416,77195,289604,295335,331700,337810,315401,332584,-26820,0
150000,1,1,3,2,2,2,2,2,2,99855,102586,100064,104975,107147,109428,5200,0,8100,4000,4200,4200,50145,47414,49936,45025,42853,40572,598355,0
200000,2,2,2,1,-1,2,-1,-1,-1,-179,505,189,6773,23209,16893,1000,0,6900,24000,17000,2500,200179,199495,199811,193227,176791,183107,-4010,1
130000,2,4,3,-1,-1,2,-1,-1,-1,9559,12394,11883,9826,10167,12685,3000,0,500,500,2700,500,120441,117606,118117,120174,119833,117315,59314,1
60000,1,4,1,1,2,-1,-1,-1,-1,10540,10232,11237,11427,20973,31857,0,1483,673,10000,11540,7000,49460,49768,48763,48573,39027,28143,65570,0
400000,2,2,3,1,-2,-2,-2,-1,-1,0,0,0,0,1600,78388,0,0,0,1600,78388,0,400000,400000,400000,400000,398400,321612,0,0
20000,1,2,1,-1,-1,-1,-1,-1,-1,20571,19089,19658,19453,19108,18868,1323,1600,830,700,674,376,-571,911,342,547,892,1132,111244,0
190000,1,4,1,-1,-1,-1,-1,-1,-1,143464,146943,151905,153538,156664,160361,5795,7408,5645,5753,6370,5865,46536,43057,38095,36462,33336,29639,876039,0
260000,1,4,2,-1,-1,-1,-1,-1,-1,156882,160246,159988,158114,158762,159108,10000,8000,6000,7000,7000,6000,103118,99754,100012,101886,101238,100892,909100,0
140000,2,4,2,-2,-2,-2,-2,-2,-2,390,0,0,0,0,0,0,0,0,0,0,0,139610,140000,140000,140000,140000,140000,390,0
50000,2,2,2,-1,-1,-1,-1,-1,-1,46512,47716,49675,30929,30078,29170,1974,4406,1061,1073,1046,1047,3488,2284,325,19071,19922,20830,223473,1
120000,1,4,2,-1,-1,-1,-1,-1,-1,882,6531,6313,1100,1330,830,6900,5037,1100,1330,3800,2037,119118,113469,113687,118900,118670,119170,-3218,0
240000,2,4,2,-2,-2,-2,-2,-2,-2,92,92,92,0,92,0,92,92,0,92,0,1883,239908,239908,239908,240000,239908,240000,-1791,0
50000,2,2,2,-1,-1,-1,-1,-1,-1,5916,6172,4123,680,978,978,1212,1200,0,978,0,0,44084,43828,45877,49320,49022,49022,15457,0
200000,1,4,1,-1,2,-1,-1,-1,2,2393,183,4847,20183,24815,24248,0,4872,20183,5000,0,1000,197607,199817,195153,179817,175185,175752,45614,0
180000,1,1,2,-1,-1,-1,-1,-1,-1,274731,281713,242063,122295,-1005,1005,11000,145000,26000,0,101005,1898,-94731,-101713,-62063,57705,181005,178995,635899,0
180000,1,4,1,-1,-1,-1,-1,-1,-1,145403,138232,130553,105894,108248,106517,5440,5051,3835,4106,4250,4028,34597,41768,49447,74106,71752,73483,708137,0
160000,1,4,1,-1,-1,-2,-1,-1,-1,3097,-707,-2697,2303,6182,1654,0,0,5000,5000,1500,13000,156903,160707,162697,157697,153818,158346,-14668,0
100000,2,4,1,-1,-1,-1,-1,-1,-1,1370,4192,4159,3542,1980,3980,4210,4159,1000,1080,2000,1525,98630,95808,95841,96458,98020,96020,5249,0
50000,2,4,1,-1,-1,-1,-1,-1,-1,47081,49316,50409,45545,39963,41145,3000,2000,2000,2000,2000,2000,2919,684,-409,4455,10037,8855,260459,1
140000,2,4,2,-1,-1,-1,-1,-1,-1,138119,137950,140254,139679,141748,142174,6600,6500,5100,5300,6000,5000,1881,2050,-254,321,-1748,-2174,805424,0
30000,2,4,1,-1,-1,-1,-1,-1,-1,17893,19012,20123,20222,20796,19844,1411,1522,621,795,715,1000,12107,10988,9877,9778,9204,10156,111826,1
90000,1,2,1,-1,-1,-1,-1,-1,-1,39128,20473,1940,1940,0,23101,1541,4200,0,0,23101,3000,50872,69527,88060,88060,90000,66899,54740,0
200000,1,1,2,1,-2,-1,-1,-2,-1,-14386,-13543,3432,-3684,0,1386,10118,47015,0,4000,100000,10000,214386,213543,196568,203684,200000,198614,-197928,0
380000,1,2,2,1,-2,-2,-2,-2,-2,0,0,0,0,0,0,0,0,0,0,0,0,380000,380000,380000,380000,380000,380000,0,1
80000,2,4,3,-1,-1,-1,-1,-1,-1,77057,78102,58501,51042,19036,19414,3177,2600,3000,1691,695,882,2943,1898,21499,28958,60964,60586,291107,0
50000,3,1,4,2,2,2,-1,-1,2,15899,18720,18122,18530,19089,18856,3400,0,1000,1001,634,638,34101,31280,31878,31470,30911,31144,102543,0
180000,2,1,3,-1,-1,-1,-1,-1,-1,27679,28422,29650,29981,30419,31127,1481,2000,1100,1200,1500,1500,152321,151578,150350,150019,149581,148873,168497,1
240000,2,4,1,-1,-1,-1,-1,-1,-1,141315,128940,124226,113133,113966,103360,6349,5834,3870,4000,3825,3520,98685,111060,115774,126867,126034,136640,697542,0
380000,2,2,2,-1,-1,-1,-1,-1,-1,194314,179206,193992,174675,171253,169121,9010,35000,5000,6000,5000,4400,185686,200794,186008,205325,208747,210879,1018151,0
110000,4,4,1,-1,-1,-1,-1,-1,-1,83755,77431,79044,80631,82333,84462,3000,2900,2900,3000,3500,4000,26245,32569,30956,29369,27667,25538,468356,0
260000,1,1,2,-1,-1,-1,-1,-1,-1,49657,291,51058,2351,34039,291,291,51058,35696,34039,291,291,210343,259709,208942,257649,225961,259709,16021,0
500000,2,4,1,4,3,2,-1,-1,-1,507726,509229,499936,505507,484612,419643,10000,0,14000,16500,16000,19000,-7726,-9229,64,-5507,15388,80357,2851153,1
320000,2,4,2,-1,-1,-1,-1,-1,-1,71305,71151,72029,72849,74374,74610,2589,2568,2570,2661,2781,2500,248695,248849,247971,247151,245626,245390,420649,0
50000,2,2,2,4,3,2,-1,-1,-1,45734,44741,43562,44039,45008,25775,0,0,1262,1358,1275,1590,4266,5259,6438,5961,4992,24225,243374,0
110000,1,1,3,1,-2,-1,-1,-1,-1,0,0,2066,2000,216,216,0,2066,0,216,216,66,110000,110000,107934,108000,109784,109784,1934,1
230000,1,4,2,-2,-2,-2,-2,-2,-2,761,300,399,665,576,613,300,399,665,576,613,520,229239,229700,229601,229335,229424,229387,241,0
330000,2,2,4,1,-1,-1,-2,-1,-1,-9,1520,1488,0,3965,8676,1529,1507,0,3965,8676,384,330009,328480,328512,330000,326035,321324,-421,0
50000,2,2,5,-1,-1,-1,-1,-1,-1,47166,49396,50476,23319,23171,24774,3000,2237,975,1000,2000,1039,2834,604,-476,26681,26829,25226,208051,0
10000,2,2,1,-1,2,2,2,-1,-1,2887,1923,2989,2813,2008,2132,0,1500,0,0,150,0,7113,8077,7011,7187,7992,7868,13102,0
300000,1,1,3,1,-2,-2,-2,-2,-2,0,0,0,0,0,0,0,0,0,0,0,0,300000,300000,300000,300000,300000,300000,0,0
20000,2,2,2,3,2,-1,-1,-1,-1,20631,20010,19703,11084,10918,10985,0,1168,384,390,632,616,-631,-10,297,8916,9082,9015,90141,1
180000,2,1,2,2,2,-2,-2,-2,-2,83538,0,0,0,0,0,0,0,0,0,0,0,96462,180000,180000,180000,180000,180000,83538,1
160000,1,2,2,-1,-1,-1,-1,-1,-1,99,2977,15086,8578,13028,21712,2977,15086,9123,13028,29712,50000,159901,157023,144914,151422,146972,138288,-58446,0
90000,1,4,2,-1,-1,-1,2,2,2,34302,35089,43449,42451,49718,48767,1640,9000,0,8000,0,2000,55698,54911,46551,47549,40282,41233,233136,0
30000,3,3,4,-1,-1,-1,-1,-1,-1,22987,22298,22352,23221,24339,25943,2500,2000,1500,4000,2000,0,7013,7702,7648,6779,5661,4057,129140,0
180000,1,1,3,-1,-1,-1,-1,-1,-1,173267,174590,175233,106288,28089,178719,8100,5299,3305,5040,160719,7000,6733,5410,4767,73712,151911,1281,646723,0
30000,3,1,4,-1,-1,-1,-1,-1,-1,19143,20168,21229,21495,21800,22437,1640,1700,915,800,1000,1961,10857,9832,8771,8505,8200,7563,118256,0
30000,2,1,3,1,2,-1,-1,-1,2,20518,19901,20905,21509,25183,24242,0,1342,946,4200,0,1000,9482,10099,9095,8491,4817,5758,124770,0
140000,1,4,1,-1,-1,-1,-1,-1,-1,10833,14446,7609,4991,3400,3745,14000,3855,4991,3600,5500,4000,129167,125554,132391,135009,136600,136255,9078,0
210000,1,2,2,-1,-1,-1,-1,-1,-1,69937,71906,43308,44584,47842,49888,3500,3000,2000,4000,3000,10000,140063,138094,166692,165416,162158,160112,301965,0
50000,2,2,2,-1,-1,-1,-1,-1,-1,20526,15129,15093,9577,11139,12487,2000,3000,327,3000,3000,5000,29474,34871,34907,40423,38861,37513,67624,1
130000,2,4,1,-1,-1,-1,-1,-1,-1,89055,90780,70947,72367,73875,75355,4200,2575,2600,2674,2701,5750,40945,39220,59053,57633,56125,54645,451879,0
50000,2,2,2,2,2,2,-1,-1,-1,1894,3200,3381,3559,1948,2415,1500,400,200,500,500,400,48106,46800,46619,46441,48052,47585,12897,1
140000,3,1,2,-1,-1,-1,-1,-1,-1,100594,78372,91502,90859,88616,88450,3000,30000,4000,4000,3400,3300,39406,61628,48498,49141,51384,51550,490693,0
170000,2,4,1,-1,-1,-1,2,-1,-1,2948,3848,5646,5464,5577,5889,1105,1903,0,296,500,95,167052,166152,164354,164536,164423,164111,25473,1
80000,2,2,1,-1,-1,-1,-1,-1,-2,22619,31429,27923,25280,0,0,10010,1209,579,0,0,6305,57381,48571,52077,54720,80000,80000,89148,0
410000,4,2,3,-1,-1,-1,-1,-1,-1,338106,342904,344464,240865,234939,240176,15000,14000,9000,8500,9000,8300,71894,67096,65536,169135,175061,169824,1677654,0
80000,1,4,1,1,-1,-1,-2,-2,-2,0,80000,0,0,0,0,80000,0,0,0,0,0,80000,0,80000,80000,80000,80000,0,0
80000,3,1,6,-1,-1,-1,2,2,2,63144,65631,68875,70646,72870,75018,3500,4330,3500,3500,3500,5100,16856,14369,11125,9354,7130,4982,392754,1
150000,2,1,3,-1,-1,-1,-1,-1,-1,153249,154049,156523,159653,162866,157759,7900,6500,5700,5700,5700,5334,-3249,-4049,-6523,-9653,-12866,-7759,907265,0
260000,1,1,2,-1,-1,-1,-1,-1,-1,1131,291,582,291,0,291,291,582,0,0,130291,651,258869,259709,259418,259709,260000,259709,-129229,1
350000,1,1,2,1,-2,-2,-2,-2,-2,0,0,0,0,0,0,0,0,0,0,0,0,350000,350000,350000,350000,350000,350000,0,0
280000,2,2,2,1,-1,-1,-1,-1,-1,-1312,35918,37297,37154,32581,33316,38621,2000,1130,922,1011,5000,281312,244082,242703,242846,247419,246684,126270,1
310000,2,1,3,-1,-1,-1,-1,-1,-1,103797,91989,87720,76218,72090,71620,4400,4013,3011,3000,3001,2653,206203,218011,222280,233782,237910,238380,483356,0
140000,2,4,1,-1,-1,-1,-1,-1,-1,20110,17102,18862,19996,21214,21085,3000,3000,3000,3500,2000,2000,119890,122898,121138,120004,118786,118915,101869,0
360000,1,1,4,-1,-1,-1,-2,-2,-2,38000,25000,0,0,0,0,25000,0,0,0,0,0,322000,335000,360000,360000,360000,360000,38000,0
140000,1,4,1,-1,-1,-1,-1,-1,-1,142428,144105,143952,142590,142650,142620,10000,10000,6000,6000,6000,5600,-2428,-4105,-3952,-2590,-2650,-2620,814745,0
100000,1,2,2,-1,-1,-1,-1,-1,-1,40810,42653,42351,43011,43011,28947,2502,1200,860,0,579,0,59190,57347,57649,56989,56989,71053,235642,0
50000,2,4,1,-2,-2,-2,-2,-2,-2,0,0,0,848,0,632,0,0,848,0,632,0,50000,50000,50000,49152,50000,49368,0,0
210000,2,2,2,-1,-1,-1,-1,-1,-1,104701,106134,108423,91143,82733,74125,4002,5000,3500,3000,2700,5000,105299,103866,101577,118857,127267,135875,544057,0
120000,2,4,1,2,2,2,2,2,2,120298,120822,109887,116313,119311,117167,4007,0,8272,5000,0,4400,-298,-822,10113,3687,689,2833,682119,0
240000,1,2,1,-1,-1,-1,-1,-1,-1,156362,132280,99174,65372,28797,184922,5233,3289,2072,3018,184922,6100,83638,107720,140826,174628,211203,55078,462273,0
60000,3,6,3,-1,-1,-1,-1,-1,-1,41322,29091,28097,28665,28768,29064,1488,1394,962,1500,2541,2000,18678,30909,31903,31335,31232,30936,175122,0
150000,1,2,3,-1,-1,-1,-1,-1,2,1464,2084,384,0,2344,822,2091,384,0,2344,0,472,148536,147916,149616,150000,147656,149178,1807,1
30000,2,1,3,-1,-1,-1,-1,-1,-1,27879,28870,27806,25142,25667,26179,1774,1710,1046,1079,1089,2244,2121,1130,2194,4858,4333,3821,152601,0
160000,1,4,1,2,2,2,2,2,2,160432,163916,159676,166893,170098,153800,7500,0,11558,5800,0,5654,-432,-3916,324,-6893,-10098,6200,944303,1
200000,1,1,4,-2,-2,-2,-2,-2,-2,3858,2690,3410,0,0,82150,2690,3487,0,0,85900,396,196142,197310,196590,200000,200000,117850,-365,0
120000,2,2,1,-1,-1,-1,-2,-2,-2,26476,21393,0,0,0,0,6000,0,0,0,0,0,93524,98607,120000,120000,120000,120000,41869,0
500000,1,1,2,1,2,-1,-1,-1,-1,507062,491956,430637,376657,356636,303510,325,15296,12137,12312,14113,10526,-7062,8044,69363,123343,143364,196490,2401749,0
320000,1,4,1,-1,-1,-1,-1,-1,-1,55607,62893,59001,61565,59508,66541,11404,8232,10450,9697,16477,11341,264393,257107,260999,258435,260492,253459,297514,0
280000,1,2,2,-1,-1,-1,-1,-1,-1,168382,175646,180650,182672,168399,167983,10000,8000,6371,6217,5947,6288,111618,104354,99350,97328,111601,112017,1000909,0
60000,1,4,1,1,2,2,2,2,2,29332,28577,30805,31601,32349,32965,0,2709,1600,1400,1300,1200,30668,31423,29195,28399,27651,27035,177420,1
200000,1,2,2,-1,-1,-2,-1,-1,-2,190,0,0,367,-150,-150,0,0,367,150,0,0,199810,200000,200000,199633,200150,200150,-260,0
230000,1,2,2,1,-2,-1,-1,-1,-1,0,0,2809,4595,792,3404,0,2809,4606,792,3404,0,230000,230000,227191,225405,229208,226596,-11,0
230000,2,4,1,1,2,-1,-1,-1,-1,13668,12647,13135,10596,9218,5068,0,1064,423,313,1000,4641,216332,217353,216865,219404,220782,224932,56891,1
480000,3,2,3,-2,-2,-2,-2,-2,-2,14867,26665,199960,9033,19371,22593,26734,199982,9033,19371,22593,2000,465133,453335,280040,470967,460629,457407,12776,0
50000,3,2,2,-1,-1,-1,-2,-2,-2,22500,5000,0,0,0,0,5000,0,0,0,0,640,27500,45000,50000,50000,50000,50000,21860,0
200000,1,4,2,-2,-2,-2,-2,-2,-2,7184,14845,1097,0,0,160,17507,1102,0,0,160,1103,192816,185155,198903,200000,200000,199840,3414,0
50000,1,4,2,-1,-1,-1,-1,-1,2,14811,16262,17286,17895,19450,18990,2000,1600,1200,2000,0,1000,35189,33738,32714,32105,30550,31010,96894,0
50000,2,1,3,-1,-1,-1,-1,-1,-1,44338,43048,35639,18753,19091,19548,3629,3332,2000,2000,2000,2500,5662,6952,14361,31247,30909,30452,164956,0
260000,1,4,2,1,-2,-2,-2,-2,-2,0,0,0,0,0,0,0,0,0,0,0,0,260000,260000,260000,260000,260000,260000,0,1
30000,1,2,1,2,-1,-1,-1,-1,2,25265,26354,27710,27959,30002,29371,1500,1800,1007,2500,0,1800,4735,3646,2290,2041,-2,629,158054,0
440000,1,4,1,-1,-1,-1,-1,-1,-1,169661,167199,158520,156977,157963,151936,8071,9021,7013,6013,6028,6010,270339,272801,281480,283023,282037,288064,920100,0
230000,2,4,2,-1,-1,-1,-1,-1,-1,10237,2795,1350,371,2980,0,2795,1350,371,2980,0,2213,219763,227205,228650,229629,227020,230000,8024,0
200000,2,1,2,2,2,2,-1,-1,-1,104978,105924,102663,97090,98045,105253,4500,0,3500,3500,9000,0,95022,94076,97337,102910,101955,94747,593453,1
490000,2,2,2,-1,-1,-1,-1,-1,-1,192586,197967,201666,205798,196698,190306,10000,7143,7306,6303,6429,6000,297414,292033,288334,284202,293302,299694,1141840,0
80000,2,2,2,-1,-1,-2,-2,-2,-2,11262,0,0,0,0,0,0,0,0,0,0,0,68738,80000,80000,80000,80000,80000,11262,0
20000,3,4,3,2,2,2,2,-1,-1,9551,12081,13087,12583,15327,16414,3000,1500,0,3123,1500,1000,10449,7919,6913,7417,4673,3586,68920,1
170000,1,4,2,-1,-1,-1,-1,-1,-1,199,199,199,398,199,199,199,199,398,0,199,398,169801,169801,169801,169602,169801,169801,0,1
70000,1,2,1,-1,-1,-1,-1,-1,-1,70119,68536,66601,29401,28949,29795,3600,1646,600,28468,1327,1000,-119,1464,3399,40599,41051,40205,256760,0
210000,2,4,2,-1,-1,-1,-1,-1,-1,212601,177946,119362,117766,68791,66167,6000,4500,5000,3000,3000,3000,-2601,32054,90638,92234,141209,143833,738133,0
90000,2,4,1,-1,-1,-1,-1,-1,-1,91894,71732,73241,74424,76070,77648,3200,3300,3000,3001,3000,3100,-1894,18268,16759,15576,13930,12352,446408,0
390000,1,4,1,-1,-1,-1,-1,-1,-1,304867,299998,300426,292869,292885,281826,13007,10612,10041,11000,10512,7000,85133,90002,89574,97131,97115,108174,1710699,1
110000,1,4,1,-1,-1,-1,-1,-1,-1,48123,49537,50422,50990,52014,53206,2500,2500,2000,2000,2057,2500,61877,60463,59578,59010,57986,56794,290735,0
580000,1,2,2,-1,-1,-1,-1,-1,-1,159760,162189,166127,169365,168755,167964,6422,6565,5951,6006,5894,5946,420240,417811,413873,410635,411245,412036,957376,0
360000,3,1,4,-1,-1,-1,-1,-1,-2,9210,8485,17231,1770,0,0,6015,17454,1775,0,0,0,350790,351515,342769,358230,360000,360000,11452,0
270000,2,2,2,1,2,2,2,2,2,234752,233036,229286,217644,223690,221413,10000,8000,0,16000,8000,0,35248,36964,40714,52356,46310,48587,1317821,1
60000,1,4,1,-1,-1,-2,-1,2,-1,14072,0,0,300,150,150,0,0,300,0,150,200,45928,60000,60000,59700,59850,59850,14022,0
110000,3,1,2,-1,-1,-1,-1,-1,-1,61807,62499,62162,60605,60272,60145,2300,2200,2300,2200,2300,2300,48193,47501,47838,49395,49728,49855,353890,0
50000,1,2,1,-1,-1,-1,-1,-1,-1,51044,50231,46677,44982,21399,20859,2500,3008,1000,761,800,704,-1044,-231,3323,5018,28601,29141,226419,0
80000,1,4,1,-1,-1,-1,-1,-1,-1,77024,73281,57806,37642,46235,47110,3212,1600,956,40000,1800,1700,2976,6719,22194,42358,33765,32890,289830,1
50000,2,2,1,-1,-1,-1,-1,-1,-1,350,350,400,1695,12645,12584,350,400,1695,11300,485,2400,49650,49650,49600,48305,37355,37416,11394,0
100000,1,2,2,-1,-1,-1,-1,2,2,83831,85586,87289,91451,93381,89522,4000,4037,6500,3500,0,3200,16169,14414,12711,8549,6619,10478,509823,0
30000,1,4,1,1,-2,-1,-1,-1,-1,0,0,945,0,197,2995,0,945,0,197,2995,0,30000,30000,29055,30000,29803,27005,0,0
200000,1,4,1,-1,-1,-1,-1,-1,-1,122923,124653,126355,114881,117213,124793,5704,5930,4000,4003,10033,4400,77077,75347,73645,85119,82787,75207,696748,0
240000,1,2,3,-1,-1,-1,-1,-1,-1,246135,231443,234557,200643,194410,198857,12026,9010,7400,8000,8000,7000,-6135,8557,5443,39357,45590,41143,1254609,1
220000,2,2,2,-1,-1,-1,-1,-1,-1,37304,33304,29254,24875,20329,15602,1600,1500,1100,1000,600,500,182696,186696,190746,195125,199671,204398,154368,0
160000,1,4,1,-1,-1,-1,-1,-1,-1,146433,107604,89902,90983,82255,83988,4500,4400,3000,2400,2500,2500,13567,52396,70098,69017,77745,76012,581865,0
180000,1,2,4,-1,-1,-1,-1,-1,-1,46122,1260,29366,5400,0,1599,1260,29366,54,0,1599,0,133878,178740,150634,174600,180000,178401,51468,0
200000,4,1,3,-1,-1,-1,-1,-1,-1,38564,38246,32253,30384,30900,0,5000,1485,1956,1500,0,2102,161436,161754,167747,169616,169100,200000,158304,0
140000,3,2,2,-1,-1,-1,2,-1,-1,96304,98007,82227,65000,60848,58880,4505,12906,0,2210,2300,5200,43696,41993,57773,75000,79152,81120,434145,0
380000,1,1,4,1,-2,-2,-2,-2,-2,0,0,0,0,0,0,0,0,0,0,0,0,380000,380000,380000,380000,380000,380000,0,1
600000,1,1,4,2,2,-1,-1,-1,-1,467150,458862,469703,447130,440982,434715,0,18000,16000,16000,21000,20000,132850,141138,130297,152870,159018,165285,2627542,1
260000,2,2,2,-1,-1,-1,-1,-1,-1,255691,262736,36638,122388,127402,131074,14000,5022,130000,7000,6000,6000,4309,-2736,223362,137612,132598,128926,767907,0
200000,1,4,1,-1,-1,-2,-2,-2,-2,156786,179,1443,1443,1443,871,179,1443,1443,1443,871,2015,43214,199821,198557,198557,198557,199129,154771,0
80000,2,2,3,-1,-1,-1,-1,-1,-1,78129,28202,78553,49340,48919,48443,2500,51432,1800,1800,1800,1700,1871,51798,1447,30660,31081,31557,270554,0
40000,2,2,2,-1,-1,-1,-1,-1,-1,40034,36549,17431,15031,10600,5315,2027,1207,301,212,5315,4987,-34,3451,22569,24969,29400,34685,110911,0
130000,3,2,2,1,2,2,2,2,2,71034,69329,74175,72383,77217,75820,0,6000,0,6000,0,6000,58966,60671,55825,57617,52783,54180,421958,0
50000,1,2,2,-1,-1,-1,-1,-1,-2,23974,24131,25326,25775,0,0,1800,1900,1300,0,0,0,26026,25869,24674,24225,50000,50000,94206,0
230000,2,2,3,-1,-1,-1,-1,-1,-1,819,18163,5473,8162,6985,9130,18163,5654,12887,6985,9130,6554,229181,211837,224527,221838,223015,220870,-10641,0
70000,2,1,3,-1,-1,-1,-1,-1,-1,50927,39883,32017,17630,9730,6400,2100,1217,500,0,6400,4590,19073,30117,37983,52370,60270,63600,141780,1
180000,2,2,2,-1,-1,-1,-1,-1,-1,152510,151651,159019,123022,126075,126219,5657,10372,5000,5000,5000,5000,27490,28349,20981,56978,53925,53781,802467,0
80000,2,2,2,-1,-1,-1,-1,-1,-1,1689,8638,5702,2980,1260,7868,8638,5723,2980,1260,7868,2198,78311,71362,74298,77020,78740,72132,-530,0
290000,2,4,1,-1,-1,-1,-1,-1,-1,20807,99860,100000,3015,23473,1448,80000,3000,3015,23473,1148,4900,269193,190140,190000,286985,266527,288552,133067,0
230000,1,4,1,-1,-1,-1,-1,-1,-1,30141,131255,110503,99283,97599,96116,120093,8034,3013,4010,5882,3000,199859,98745,119497,130717,132401,133884,420865,0
170000,3,6,4,1,-2,-1,-1,-2,-1,0,0,1991,0,0,150,0,1991,0,0,150,614,170000,170000,168009,170000,170000,169850,-614,0
230000,1,1,4,-1,-1,-1,-1,-1,-1,208459,206331,203813,201331,198999,191671,7536,7277,7100,7120,6844,6945,21541,23669,26187,28669,31001,38329,1167782,1
220000,1,2,2,-1,-1,-1,-1,-1,-1,212795,211043,212759,218541,167743,165300,8909,7500,9000,6729,6000,7009,7205,8957,7241,1459,52257,54700,1143034,1
230000,2,2,2,-1,-1,-1,-1,-1,-1,28114,28006,25000,22046,19860,19831,1610,1224,655,627,620,500,201886,201994,205000,207954,210140,210169,137621,0
500000,2,1,2,-1,-1,-1,-1,-1,-1,59372,49677,49515,42568,48268,51481,10026,7241,50091,25000,5078,2132,440628,450323,450485,457432,451732,448519,201313,0
90000,1,2,3,-1,-1,-1,-1,-1,-1,6160,3274,6190,307,2870,670,3276,6246,307,2870,670,1362,83840,86726,83810,89693,87130,89330,4740,0
390000,3,4,2,-1,-1,-1,-1,-1,-1,355215,363325,373181,252195,257496,263018,13802,16525,8893,9229,10000,9435,34785,26675,16819,137805,132504,126982,1796546,1
400000,2,4,3,-1,-1,-1,-1,-1,-1,366193,372700,375948,195991,152127,155182,14020,13595,6243,6007,6061,6012,33807,27300,24052,204009,247873,244818,1566203,0
180000,2,1,2,-1,-1,-1,-1,-1,-1,2927,2790,1140,2144,1180,1382,2790,1140,2144,1180,1382,2440,177073,177210,178860,177856,178820,178618,487,0
60000,3,1,2,1,2,2,-1,-1,2,29295,30321,31018,32193,34213,35002,1800,1500,2000,2700,1500,0,30705,29679,28982,27807,25787,24998,182542,0
120000,2,2,2,-1,-1,-1,-1,-1,-1,4158,2682,0,6440,0,5930,2682,0,6440,0,5930,5120,115842,117318,120000,113560,120000,114070,-962,0
60000,2,4,1,-1,-1,-1,-1,-1,-1,27199,28358,28937,29614,30391,23159,1900,1400,1000,1100,1000,420,32801,31642,31063,30386,29609,36841,160838,0
50000,1,2,3,-1,-1,-1,-1,-1,-1,50893,28527,29241,28513,29106,29638,1800,1500,1200,1203,1166,1000,-893,21473,20759,21487,20894,20362,188049,0
70000,2,2,2,-1,-1,-1,2,-1,-1,66759,68200,72972,71248,50610,50809,2518,5950,0,1782,1985,2700,3241,1800,-2972,-1248,19390,19191,365663,0
500000,1,2,2,-1,2,-1,-1,-1,-1,600,300,501,300,600,450,0,501,300,600,300,600,499400,499700,499499,499700,499400,499550,450,0
200000,1,2,2,-2,-2,-2,-2,-2,-2,0,0,0,0,0,0,0,0,0,0,0,0,200000,200000,200000,200000,200000,200000,0,0
250000,2,2,3,-1,-1,-1,-1,-1,2,44930,137101,90801,0,1069,919,120041,4435,0,1069,0,67619,205070,112899,159199,250000,248931,249081,81656,0
140000,2,2,1,-1,-1,2,2,2,2,131367,146193,140202,144035,140419,130271,17000,0,11400,550,5300,5400,8633,-6193,-202,-4035,-419,9729,792837,1
70000,2,4,1,-1,-1,-1,-1,-1,2,41264,41799,37887,37876,6736,4162,2112,1200,758,6736,0,0,28736,28201,32113,32124,63264,65838,158918,0
90000,3,1,3,1,2,2,2,2,2,77604,73317,71334,67009,63228,59378,1700,4000,1600,1600,1500,4086,12396,16683,18666,22991,26772,30622,397384,0
100000,2,2,3,-1,-1,-1,-1,-1,-1,2491,1709,574,556,2306,2562,1709,574,556,2306,2562,2111,97509,98291,99426,99444,97694,97438,380,0
190000,2,1,2,-1,-1,-1,-1,-1,-1,177554,180633,172914,130139,115494,117465,7600,6303,4137,3502,4027,3517,12446,9367,17086,59861,74506,72535,865113,0
230000,1,2,3,-1,-1,-1,-1,-1,-1,6865,15111,13165,0,10500,6992,15111,13165,0,10500,6992,0,223135,214889,216835,230000,219500,223008,6865,0
320000,2,1,2,-1,-1,-1,-1,-1,-1,93768,91523,91579,91193,92837,95323,3317,3506,4218,5000,6080,938,226232,228477,228421,228807,227163,224677,533164,0
220000,2,2,2,-1,-1,-1,-1,-1,-1,396,1648,792,396,396,396,1648,792,0,396,396,792,219604,218352,219208,219604,219604,219604,0,1
260000,1,2,2,-1,-1,-1,-1,-1,-1,16426,6088,4663,3885,4414,2514,6277,4663,4140,4414,2646,7725,243574,253912,255337,256115,255586,257486,8125,0
90000,2,4,2,-2,-2,-2,-2,-2,-2,573,0,0,0,0,0,157,0,0,0,0,0,89427,90000,90000,90000,90000,90000,416,0
30000,2,2,3,2,2,2,2,2,-1,28703,26622,24022,24368,20859,19633,1300,2,1608,0,900,800,1297,3378,5978,5632,9141,10367,139597,0
260000,2,2,2,-1,-1,-1,2,-1,-1,98560,100980,222102,108724,68500,69174,4000,11900,207,2003,2003,2003,161440,159020,37898,151276,191500,190826,645924,0
170000,2,4,1,-1,-1,-1,-1,-2,-2,28304,17616,308,0,0,0,4000,308,0,0,0,0,141696,152384,169692,170000,170000,170000,41920,0
80000,1,2,1,-1,-1,-1,-1,-1,-1,8574,9434,10038,10040,10400,10490,1203,1047,248,408,294,276,71426,70566,69962,69960,69600,69510,55500,1
50000,1,1,3,-1,-1,-1,-1,-1,-1,508,672,226,390,220,320,1000,390,1000,220,640,1000,49492,49328,49774,49610,49780,49680,-1914,0
200000,3,4,3,-1,-1,-1,-1,-1,-1,203183,202961,194449,196814,200526,198717,7521,7000,7000,7128,8000,7100,-3183,-2961,5551,3186,-526,1283,1152901,0
20000,2,2,1,-1,-1,2,-1,-1,-1,16440,20417,18333,18848,30190,19664,7403,0,820,1025,1113,104,3560,-417,1667,1152,-10190,336,113427,0
250000,1,2,3,-1,-1,-2,-1,-1,-1,66,0,0,120,-6,1639,0,0,120,6,1645,0,249934,250000,250000,249880,250006,248361,48,0
20000,1,1,2,-1,-1,-1,2,2,-1,15912,17272,20565,20705,20255,19933,1623,3916,750,0,800,850,4088,2728,-565,-705,-255,67,106703,0
30000,2,2,2,-1,-1,-1,-1,2,2,20344,21705,22537,24161,25128,24576,2000,1500,2000,1500,0,1200,9656,8295,7463,5839,4872,5424,130251,0
90000,2,2,2,1,2,2,2,2,2,23132,22474,28067,27320,31199,30548,0,6000,0,4500,0,2000,66868,67526,61933,62680,58801,59452,150240,0
230000,4,4,3,-1,-1,-1,-1,-1,-1,221590,227397,230302,186635,189896,193351,10000,9000,8000,8000,7500,7000,8410,2603,-302,43365,40104,36649,1199671,0
130000,1,2,2,-1,-1,-1,-1,-1,-1,19161,20544,22704,22304,22304,0,2000,3000,0,0,0,0,110839,109456,107296,107696,107696,130000,102017,1
30000,4,1,4,-2,-2,-2,-2,-2,-2,0,0,0,0,0,0,0,0,0,0,0,0,30000,30000,30000,30000,30000,30000,0,0
160000,1,2,2,-1,-1,-1,-1,-1,-1,396,396,396,0,792,1220,396,396,0,793,1220,0,159604,159604,159604,160000,159208,158780,395,0
500000,2,4,3,-1,-1,-1,-1,-1,-1,3959,0,285138,249445,222831,200,0,285138,4989,100,200,528666,496041,500000,214862,250555,277169,499800,-57520,0
180000,2,4,1,-1,-1,-1,-1,-1,2,42238,38741,36696,35813,37893,34661,2500,2000,1128,2500,0,2000,137762,141259,143304,144187,142107,145339,215914,0
80000,2,2,2,-1,-1,-1,-1,-1,2,21507,13207,13997,10914,10685,5515,1700,1400,200,1000,0,500,58493,66793,66003,69086,69315,74485,71025,0
120000,1,2,1,-1,-1,-2,-1,-1,-2,884,0,0,10446,0,0,0,0,10446,0,0,0,119116,120000,120000,109554,120000,120000,884,0
130000,2,1,2,-1,-1,-1,-1,-1,2,1261,1261,1261,1411,930,390,1261,1261,1411,930,0,780,128739,128739,128739,128589,129070,129610,871,0
120000,2,4,2,-1,-1,-1,-1,-1,-1,240,240,240,240,240,240,240,240,240,240,240,240,119760,119760,119760,119760,119760,119760,0,1
360000,1,2,1,-1,-1,-1,-1,-1,-1,20223,52962,3978,1743,2828,50537,53228,3997,1750,2853,51041,3219,339777,307038,356022,358257,357172,309463,16183,0
50000,2,2,1,2,2,2,2,2,2,29509,30741,31438,31924,32566,33081,2000,1500,1300,1300,1200,1500,20491,19259,18562,18076,17434,16919,180459,1
20000,2,4,1,-1,-1,2,-1,-1,-1,18355,20259,19534,16467,15746,13246,2900,10,577,430,1017,4,1645,-259,466,3533,4254,6754,98669,0
100000,3,1,4,-1,-1,-1,-1,-1,-1,94265,53376,85787,78762,79529,80335,2385,88678,2169,2634,3132,732,5735,46624,14213,21238,20471,19665,372324,0
70000,3,1,2,-1,-1,-1,-1,-1,-1,68739,67629,69188,68392,69884,71284,3060,3300,2610,2750,2750,5500,1261,2371,812,1608,116,-1284,395146,0
50000,2,1,3,-1,-1,-1,-1,-1,-1,13917,16695,21320,18614,19003,19439,3000,5000,2000,618,679,500,36083,33305,28680,31386,30997,30561,97191,0
10000,2,4,1,1,2,-1,-1,-1,-1,10250,8558,10525,10050,9903,9984,0,2126,390,328,476,1287,-250,1442,-525,-50,97,16,54663,0
290000,1,2,2,-1,-1,-1,-1,-1,-1,93844,97708,103066,104864,110151,115297,6000,7000,5000,7000,7000,7000,196156,192292,186934,185136,179849,174703,585930,0
30000,1,2,2,-1,-1,-1,-1,-1,-1,16496,17522,18531,18744,19291,19818,1597,1606,819,1000,1000,1623,13504,12478,11469,11256,10709,10182,102757,0
410000,2,4,1,1,-1,-1,-1,-1,-1,-58,32991,36465,44310,62408,61420,33049,16000,8700,18775,15000,5350,410058,377009,373535,365690,347592,348580,140662,0
360000,1,2,1,-1,-1,-1,-1,-1,-1,1210,820,64644,125984,106584,125557,390,75720,62520,17000,132200,167000,358790,359180,295356,234016,253416,234443,-30031,1
140000,2,2,3,-1,-1,-1,-1,-1,-1,111496,112133,69529,70804,70781,66735,6022,3021,5012,5112,3000,5000,28504,27867,70471,69196,69219,73265,474311,1
210000,1,4,2,-1,-1,-1,-1,-1,-1,67374,69489,70937,71761,73505,74827,3200,3200,2600,2900,2700,3000,142626,140511,139063,138239,136495,135173,410293,0
220000,2,4,1,-1,-1,-1,-1,-1,-1,1692,13250,433,1831,0,2891,13250,433,1831,0,2891,153504,218308,206750,219567,218169,220000,217109,-151812,0
20000,2,2,1,1,2,-1,-1,-1,2,18649,18066,19040,19446,20759,20241,0,1594,1000,1606,0,300,1351,1934,960,554,-759,-241,111701,0
620000,2,2,3,2,2,-1,-1,-1,-1,160837,156839,160440,163781,167159,170894,0,6200,6000,6000,6500,6000,459163,463161,459560,456219,452841,449106,949250,1
360000,1,2,1,1,-2,-2,-2,-1,-1,-8,-8,-8,-8,1677,2600,0,0,0,1685,2613,0,360008,360008,360008,360008,358323,357400,-53,0
20000,2,4,1,-1,-1,2,2,-1,-1,18763,14410,13771,362,5308,0,14410,0,28,22073,0,0,1237,5590,6229,19638,14692,20000,16103,0
50000,2,2,1,-1,-1,-1,-1,-1,-1,34549,18552,19334,18165,19322,19575,2836,1200,13000,1500,9000,1000,15451,31448,30666,31835,30678,30425,100961,0
50000,2,3,2,-1,-1,-1,-1,-1,-1,97538,49187,17518,17710,18079,18302,2454,1588,780,803,673,637,-47538,813,32482,32290,31921,31698,211399,0
10000,2,2,3,-1,-1,2,2,2,-1,4073,6394,6143,6908,6652,6785,2400,0,871,0,244,251,5927,3606,3857,3092,3348,3215,33189,1
100000,3,2,4,2,-1,-1,3,3,2,53849,55030,61574,62470,61198,62524,2050,7500,2500,0,2500,2500,46151,44970,38426,37530,38802,37476,339595,1
50000,1,2,1,-2,-2,-2,-2,-2,-2,2411,3059,2333,1800,1620,0,3068,2440,1807,2204,0,0,47589,46941,47667,48200,48380,50000,1704,0
60000,2,2,1,-1,-1,-1,-1,-1,-1,480,1675,3630,578,4825,6200,1675,2500,578,4825,2000,2435,59520,58325,56370,59422,55175,53800,3375,0
440000,1,4,2,-1,-1,-1,-1,-1,-1,330759,337794,274075,252584,216547,179221,13100,11000,10000,9000,7100,5500,109241,102206,165925,187416,223453,260779,1535280,0
120000,2,1,3,-1,-1,-1,-1,-1,-1,92007,87939,82094,59105,53442,46775,5417,2847,2066,1919,2200,0,27993,32061,37906,60895,66558,73225,406913,0
50000,1,4,4,-1,-1,-1,-2,-1,-1,3257,4166,0,0,318,0,1000,0,0,318,0,0,46743,45834,50000,50000,49682,50000,6423,0
110000,2,2,3,1,2,2,2,2,2,92638,90905,95768,97004,99005,101213,600,7300,3700,3700,4000,3800,17362,19095,14232,12996,10995,8787,553433,0
200000,1,4,2,-1,-1,-2,-2,-1,-1,399,0,0,0,218,270,0,0,0,218,270,317,199601,200000,200000,200000,199782,199730,82,0
150000,1,4,1,1,-2,-2,-2,-2,-1,0,0,0,0,0,318,0,0,0,0,318,0,150000,150000,150000,150000,150000,149682,0,0
30000,2,2,2,2,3,2,2,-1,-1,28778,28039,28286,27533,28189,28805,0,1000,0,1100,1100,1500,1222,1961,1714,2467,1811,1195,164930,1
100000,1,4,1,-1,-1,-1,-1,-1,-1,30092,30486,30178,29735,14718,29427,1553,5000,87,14761,29514,330,69908,69514,69822,70265,85282,70573,113391,0
360000,1,2,2,-1,-1,-1,-1,-1,-1,12339,10138,23912,9785,166,2142,10000,13912,9785,0,2142,4230,347661,349862,336088,350215,359834,357858,18413,0
390000,1,4,2,-1,-1,-1,-1,-1,-1,50620,43220,44237,46495,47751,51941,5000,3000,3000,2000,5000,5000,339380,346780,345763,343505,342249,338059,261264,0
220000,1,2,3,1,-2,-2,-2,-2,-2,-65,-65,-65,-65,-65,-200,0,0,0,0,0,0,220065,220065,220065,220065,220065,220200,-525,1
160000,2,4,1,-2,-2,-2,-2,-2,-2,0,0,0,0,0,0,0,0,0,0,0,0,160000,160000,160000,160000,160000,160000,0,0
230000,1,4,1,-1,-1,-1,-1,-1,-1,2403,7357,9752,12608,10797,20539,7357,2566,3000,1000,10000,2000,227597,222643,220248,217392,219203,209461,37533,0
120000,1,2,1,-1,-1,-1,-1,-1,-1,52437,50473,45087,35424,31760,31214,5024,5000,5000,4000,5000,3500,67563,69527,74913,84576,88240,88786,218871,0
100000,3,1,4,-1,-1,2,2,2,-1,4657,6068,6418,6781,6144,7638,1500,1000,1000,0,2000,2000,95343,93932,93582,93219,93856,92362,30206,1
190000,1,4,3,-1,-1,-1,-1,-1,-1,28204,0,16500,0,26854,554,0,16500,0,26854,500,0,161796,190000,173500,190000,163146,189446,28258,1
50000,1,1,4,-1,-1,-1,-1,-1,-1,50715,51073,28185,28842,30399,29977,2500,1500,1100,2000,1500,1017,-715,-1073,21815,21158,19601,20023,209574,1
240000,1,2,3,1,-1,-1,-2,-2,-2,0,6370,0,0,0,0,6370,0,0,0,0,0,240000,233630,240000,240000,240000,240000,0,0
40000,2,4,1,-2,-2,-2,-2,-2,-2,35285,36714,37356,38184,38724,37255,2000,1600,1401,1607,1800,1751,4715,3286,2644,1816,1276,2745,213359,0
630000,2,2,3,-1,-1,-1,-1,-1,-2,37850,68187,1207,2632,8654,0,38187,1207,2632,8654,0,4981,592150,561813,628793,627368,621346,630000,62869,0
160000,1,2,2,-2,-2,-2,-2,-2,-2,5233,5393,1824,350,150,199,5401,1829,350,150,199,1145,154767,154607,158176,159650,159850,159801,4075,0
110000,2,4,2,-1,-1,2,2,2,2,65299,74565,78516,79829,81603,83206,11000,5800,3200,3200,3100,3000,44701,35435,31484,30171,28397,26794,433718,0
20000,2,2,1,-1,-1,-1,-2,-2,-2,17208,18419,0,0,0,0,2055,0,0,0,0,0,2792,1581,20000,20000,20000,20000,33572,0
210000,3,2,4,-1,-1,-1,-1,-1,-1,57192,58472,59658,60466,61593,65163,2800,2753,2400,2255,4767,0,152808,151528,150342,149534,148407,144837,347569,0
270000,1,2,2,-1,-1,-1,-1,-1,-1,5780,12006,15736,6621,2457,14923,12006,5736,6621,2457,14923,1712,264220,257994,254264,263379,267543,255077,14068,0
360000,2,4,4,-2,-2,-2,-2,-2,-2,640,2113,-6,999,944,-3,2231,0,1005,948,0,789,359360,357887,360006,359001,359056,360003,-286,0
60000,2,2,3,-1,-1,-1,-1,-1,-1,631,2790,1758,416,416,3640,2790,1758,416,416,3640,730,59369,57210,58242,59584,59584,56360,-99,0
360000,2,2,2,-1,-1,-1,-1,-1,-1,108351,111201,63146,63723,65108,66078,8005,8004,5000,5000,5000,105700,251649,248799,296854,296277,294892,293922,340898,0
390000,1,4,3,2,2,2,-1,2,2,834,155,-1690,4240,3346,2698,1,1693,6940,7,1230,3,389166,389845,391690,385760,386654,387302,-291,0
250000,3,4,2,-2,-2,-2,-2,-2,-2,7244,8472,1738,6706,2391,11082,8514,1751,6739,2403,11137,13407,242756,241528,248262,243294,247609,238918,-6318,0
90000,1,4,1,-1,-1,-1,-1,-1,-1,13141,14526,15482,18219,22737,23387,1600,1500,3000,5000,1020,764,76859,75474,74518,71781,67263,66613,94608,1
360000,1,2,1,-1,-1,-1,-1,-1,-1,7071,401,3545,10540,10132,6220,1510,3575,10573,10155,6240,16071,352929,359599,356455,349460,349868,353780,-10215,0
50000,3,2,1,-1,-1,-1,-1,-1,-1,35429,30626,30241,20284,19166,19567,1537,1947,800,1000,718,683,14571,19374,19759,29716,30834,30433,148628,0
270000,1,2,3,-1,-1,-1,-2,-2,-2,18751,5706,0,0,0,0,1000,0,0,0,0,0,251249,264294,270000,270000,270000,270000,23457,0
200000,1,4,1,1,-1,-1,-1,-1,-1,55788,8360,4897,5065,19468,0,8394,4927,5089,19561,0,125,144212,191640,195103,194935,180532,200000,55482,0
50000,2,4,1,-1,-1,-1,-1,-1,-1,49809,50364,38429,18815,18305,19013,2040,2766,1690,1000,1000,1000,191,-364,11571,31185,31695,30987,185239,0
350000,1,2,2,-1,-1,-1,-2,-2,-1,10900,10478,-22,-22,-22,4532,10530,0,0,0,4554,0,339100,339522,350022,350022,350022,345468,10760,0
160000,2,4,5,-2,-1,-1,-1,-1,-1,3128,5156,1089,489,3177,1009,5156,1089,0,3177,1009,0,156872,154844,158911,159511,156823,158991,3617,1
80000,3,2,3,-1,-1,-1,-1,-1,-1,3367,4641,2290,1459,6764,7601,4641,2290,1459,6764,7601,7990,76633,75359,77710,78541,73236,72399,-4623,0
290000,1,1,4,2,-1,-1,-1,-1,-1,279610,282024,282508,284660,255892,238266,13000,10200,10265,8803,8300,8546,10390,7976,7492,5340,34108,51734,1563846,1
270000,1,4,1,-1,-1,-1,-1,-1,-1,475,475,5691,37526,50565,48888,475,5691,34000,14000,8000,15000,269525,269525,264309,232474,219435,221112,66454,0
80000,1,2,2,-1,-1,-1,-1,2,-1,5994,32223,8308,4082,538,4085,13647,8314,4082,0,4085,0,74006,47777,71692,75918,79462,75915,25102,0
50000,2,2,2,-1,-1,-1,-1,-1,-1,5197,6015,6615,7131,6987,6980,1300,1100,1000,500,500,1000,44803,43985,43385,42869,43013,43020,33525,0
30000,2,1,2,-2,-1,-1,-1,-1,-2,7797,2687,8762,3377,2000,0,2687,8765,3390,2040,0,0,22203,27313,21238,26623,28000,30000,7741,0
30000,2,2,1,1,-1,-1,-2,-2,-2,0,780,0,0,0,0,780,0,0,0,0,0,30000,29220,30000,30000,30000,30000,0,1
90000,2,2,2,-1,-1,-1,-1,-1,-1,35785,29155,27485,29266,35598,38449,15155,5485,5263,8598,5449,6537,54215,60845,62515,60734,54402,51551,149251,0
160000,1,2,1,-1,-1,-1,-1,-1,-1,1433,3746,30258,1036,21572,9528,3757,30348,1044,21636,9556,6066,158567,156254,129742,158964,138428,150472,-4834,0
80000,3,4,4,-1,-1,-1,-1,-1,-1,77766,77954,78512,60452,61556,54022,4000,2374,2007,2500,3000,2000,2234,2046,1488,19548,18444,25978,394381,0
50000,2,2,3,-1,-1,-1,-1,-1,-1,50300,50898,49111,48943,45775,0,2200,1600,1700,1700,0,0,-300,-898,889,1057,4225,50000,237827,0
20000,1,4,1,-1,-1,-1,-1,-1,2,14603,15661,16394,16723,18056,17618,1600,1300,600,1600,0,800,5397,4339,3606,3277,1944,2382,93155,0
220000,1,1,3,1,-2,-2,-2,-2,-2,0,0,0,0,0,0,0,0,0,0,0,0,220000,220000,220000,220000,220000,220000,0,1
210000,3,2,1,-1,-1,2,-1,-1,-1,8817,23634,21776,9631,1561,1990,23776,0,9631,1561,1990,7967,201183,186366,188224,200369,208439,208010,22484,1
130000,2,4,1,-1,-1,-1,-1,-1,-1,131575,130931,132969,45584,46516,47455,6700,6000,1291,1319,1336,1365,-1575,-931,-2969,84416,83484,82545,517019,0
260000,2,2,2,-1,-1,-1,-1,-1,-1,5841,23194,62361,67057,17024,18659,23194,50000,11500,17024,18659,38923,254159,236806,197639,192943,242976,241341,34836,0
230000,1,2,2,-1,-1,-1,-1,-1,-1,30341,25981,24092,65840,56538,51522,5000,5000,65840,2000,2000,10000,199659,204019,205908,164160,173462,178478,164474,0
160000,1,2,2,-1,-1,-1,-1,-1,-1,83255,83912,85161,85715,86773,87526,4000,3924,3200,3300,3425,3013,76745,76088,74839,74285,73227,72474,491480,0
50000,1,1,2,-1,-1,-1,-1,-1,-1,34976,6018,13930,7106,6020,9011,1127,1074,215,249,4383,172,15024,43982,36070,42894,43980,40989,69841,0
80000,2,1,2,-1,-1,-1,-1,-1,-1,48747,45955,44989,41358,42379,38052,2145,1844,2009,5017,2000,5002,31253,34045,35011,38642,37621,41948,243463,0
110000,3,2,3,-1,-1,-1,-1,-1,-1,56700,57875,59044,59756,61004,62213,2681,2724,2287,2362,2374,2454,53300,52125,50956,50244,48996,47787,341710,0
200000,1,1,3,-1,-1,-1,-1,-1,-1,144678,140804,136437,135253,134629,134309,5090,5014,5009,4844,5002,4902,55322,59196,63563,64747,65371,65691,796249,0
360000,2,2,1,-1,-1,-1,-1,-1,-1,268112,263368,259969,255832,245462,250244,9429,8738,7017,7154,7073,7300,91888,96632,100031,104168,114538,109756,1496276,0
210000,3,4,2,1,-2,-2,-2,-2,-2,0,0,0,0,0,0,0,0,0,0,0,0,210000,210000,210000,210000,210000,210000,0,0
80000,2,4,1,2,-1,-1,-1,-1,-1,79243,75254,58683,58886,60035,57264,3249,3000,5000,2500,2300,2200,757,4746,21317,21114,19965,22736,371116,0
300000,2,2,2,-1,-1,2,-1,-1,-1,-475,5191,4606,2303,2768,65373,10000,0,0,2768,65373,10780,300475,294809,295394,297697,297232,234627,-9155,1
310000,2,2,3,-1,-1,-1,-1,-1,-1,23396,24182,25135,25095,25356,25514,1426,1379,867,898,933,807,286604,285818,284865,284905,284644,284486,142368,0
30000,3,1,4,-1,-1,-1,-1,-1,-1,390,390,390,390,390,1320,390,390,390,390,1320,0,29610,29610,29610,29610,29610,28680,390,1
170000,1,1,4,-1,-1,-1,-1,-1,-1,17862,17927,18800,17647,18015,12930,1323,1196,544,563,629,361,152138,152073,151200,152353,151985,157070,98565,0
140000,2,4,1,2,2,2,-1,-1,2,26450,28823,28171,28740,30454,29930,3007,0,924,2070,0,3000,113550,111177,111829,111260,109546,110070,163567,0
180000,2,4,2,1,-2,-2,-2,-2,-2,0,0,0,0,0,0,0,0,0,0,0,1576,180000,180000,180000,180000,180000,180000,-1576,0
50000,1,2,2,1,2,2,2,2,2,22746,22099,24121,23437,25101,24549,0,2700,0,2200,0,1030,27254,27901,25879,26563,24899,25451,136123,0
50000,2,2,2,-1,-1,-1,-1,-1,-2,9214,10359,7350,7500,0,0,1351,1500,150,0,0,0,40786,39641,42650,42500,50000,50000,31422,0
110000,1,4,1,-1,-1,-1,-1,2,-1,40882,35428,39680,44097,42543,33189,2000,5000,5000,0,2000,3000,69118,74572,70320,65903,67457,76811,218819,0
450000,3,2,2,-2,-2,-2,-2,-2,-2,3996,9120,8528,0,6368,3000,9120,8528,0,6368,3000,3238,446004,440880,441472,450000,443632,447000,758,0
200000,2,2,2,-1,-1,-1,-1,-1,-1,390,390,390,561,390,390,390,390,561,390,390,390,199610,199610,199610,199439,199610,199610,0,0
220000,1,2,3,-1,-1,-1,-1,-1,-1,44177,25736,19292,18900,13580,33150,1006,32906,18900,13580,33150,0,175823,194264,200708,201100,206420,186850,55293,0
360000,1,4,1,-1,-1,-2,-2,-2,-1,3280,0,0,0,0,2650,0,0,0,0,2650,0,356720,360000,360000,360000,360000,357350,3280,1
50000,2,1,2,-1,-1,-1,-1,-1,-1,48226,48727,46228,46755,43686,44573,2000,1684,1601,2000,2000,2000,1774,1273,3772,3245,6314,5427,266910,0
40000,2,2,1,2,2,-1,-1,-1,-1,36650,29541,26190,26710,27274,29551,0,1435,955,993,2734,0,3350,10459,13810,13290,12726,10449,169799,0
190000,2,2,2,1,2,2,2,2,2,115049,117856,119570,116284,123528,125478,6000,5000,0,9000,4000,5000,74951,72144,70430,73716,66472,64522,688765,0
150000,1,2,2,-1,-1,-1,-1,-1,-1,21724,23168,23320,24085,24149,3323,2100,1200,965,64,509,8399,128276,126832,126680,125915,125851,146677,106532,0
200000,1,2,2,1,-2,-2,-2,-1,-1,0,0,0,0,595,0,0,0,0,595,0,2370,200000,200000,200000,200000,199405,200000,-2370,0
270000,2,2,4,-1,-1,-1,-1,-1,-1,137807,123769,104377,106651,109294,101151,5000,5000,3953,4500,4000,3900,132193,146231,165623,163349,160706,168849,656696,0
60000,1,2,1,-1,-1,-1,-1,-1,-1,58839,53235,38533,39639,39619,39140,2018,1900,2000,1500,1900,2000,1161,6765,21467,20361,20381,20860,257687,0
200000,2,2,2,-1,-1,-1,-1,-1,-1,80833,79100,70764,71629,70805,70718,3315,3088,2572,2559,2526,2620,119167,120900,129236,128371,129195,129282,427169,0
150000,2,2,2,-1,-1,-1,-1,-1,-1,36146,36184,37511,33080,30223,31561,3000,3000,3000,2500,2000,2000,113854,113816,112489,116920,119777,118439,189205,0
180000,2,4,1,-1,-1,-1,-1,-1,-1,340,-120,420,460,460,610,0,1000,500,460,610,460,179660,180120,179580,179540,179540,179390,-860,0
90000,1,4,1,-1,-1,-2,-2,-2,-2,7624,0,0,0,0,0,0,0,0,0,0,0,82376,90000,90000,90000,90000,90000,7624,0
360000,2,2,2,1,-2,-2,-2,-1,-1,0,0,0,0,166,541,0,0,0,166,543,4268,360000,360000,360000,360000,359834,359459,-4270,0
90000,1,4,1,-1,-1,-2,-2,-2,-2,491,0,0,0,0,0,0,0,0,0,0,0,89509,90000,90000,90000,90000,90000,491,0
20000,2,4,1,-1,-1,-1,-1,2,-1,13168,13888,14900,15916,15519,15829,1237,1249,1265,0,568,1327,6832,6112,5100,4084,4481,4171,83574,0
70000,1,1,3,-1,-1,-1,-1,-1,-1,60040,55274,51766,51757,50013,49946,2600,1800,2000,3140,2000,1800,9960,14726,18234,18243,19987,20054,305456,0
230000,1,1,2,-1,-1,-1,-1,-1,-1,660,660,660,660,660,660,660,660,660,660,660,660,229340,229340,229340,229340,229340,229340,0,0
30000,3,1,3,-1,-1,-1,-1,-1,-1,29434,28960,29022,29201,29553,29693,1465,2000,1033,1200,1055,530,566,1040,978,799,447,307,168580,0
200000,3,6,3,-1,-1,-1,-1,-1,-1,4430,7182,3855,3411,6788,9921,7193,3855,3411,6788,9921,5016,195570,192818,196145,196589,193212,190079,-597,0
100000,3,2,3,-1,-1,-2,-2,-2,-2,1440,0,0,0,0,0,0,0,0,0,0,0,98560,100000,100000,100000,100000,100000,1440,0
50000,2,4,1,-1,-1,-1,-1,-1,2,26795,28056,29284,30487,33831,33138,2000,2000,2000,4000,0,2000,23205,21944,20716,19513,16169,16862,169591,0
20000,3,2,1,-1,-1,-1,-1,-1,-2,16591,16442,6401,4300,1304,0,1155,1000,0,1304,0,0,3409,3558,13599,15700,18696,20000,41579,0
210000,2,2,3,-2,-2,-2,-2,-2,-2,0,0,0,0,0,0,0,0,0,0,0,0,210000,210000,210000,210000,210000,210000,0,0
110000,3,1,4,-1,-1,-1,-1,-1,-1,46486,35758,34323,30452,22628,23468,4086,1428,1318,2171,3198,4976,63514,74242,75677,79548,87372,86532,175938,0
20000,3,2,3,-1,-1,-1,-1,-1,-2,550,228,0,228,0,0,228,0,228,0,0,0,19450,19772,20000,19772,20000,20000,550,0
50000,3,2,3,-1,-1,-1,-1,-1,-1,5630,6629,5918,6918,6941,4756,1107,1000,1000,1500,2150,0,44370,43371,44082,43082,43059,45244,30035,0
50000,2,1,3,-1,-1,-1,-1,-1,-1,21986,21520,20979,19894,18811,18805,1362,1294,682,680,694,618,28014,28480,29021,30106,31189,31195,116665,0
400000,1,4,3,-1,-1,-1,-1,-1,-1,60125,1981,4521,20472,76933,173599,1981,4521,20500,77000,100000,7700,339875,398019,395479,379528,323067,226401,125929,0
170000,2,2,2,-1,-1,-1,-1,-1,-1,56364,58132,59171,55888,53672,51461,3000,3000,2000,3000,3000,3000,113636,111868,110829,114112,116328,118539,317688,0
280000,2,1,3,-1,-1,-1,-1,-1,-1,148363,148432,151310,141937,144990,147911,6900,6867,5500,5500,5500,5600,131637,131568,128690,138063,135010,132089,847076,0
130000,3,2,1,-1,-1,-1,-1,-2,-2,100143,50456,50000,0,0,0,2500,1000,0,0,0,0,29857,79544,80000,130000,130000,130000,197099,0
210000,2,4,2,-1,-1,-1,-1,-1,-1,46255,50486,54019,58091,61630,65576,5000,5000,5000,4500,5000,5000,163745,159514,155981,151909,148370,144424,306557,0
370000,2,2,1,-1,-1,-1,-1,-1,-1,276436,239025,149128,48907,53025,51434,20000,13000,5000,10000,4000,6000,93564,130975,220872,321093,316975,318566,759955,0
30000,2,2,2,-1,-1,2,-1,-1,-1,29493,19433,18782,19006,19637,21251,3200,0,742,1000,2000,0,507,10567,11218,10994,10363,8749,120660,0
150000,3,2,2,1,-1,-1,-2,-2,-2,214450,147280,150000,0,-5000,0,5180,5000,0,0,5000,0,-64450,2720,0,150000,155000,150000,491550,0
60000,3,1,2,2,-1,-1,-2,-2,-2,35369,35320,0,0,0,0,1027,0,0,0,0,0,24631,24680,60000,60000,60000,60000,69662,1
80000,2,4,1,-1,-1,-1,-1,-1,-1,77615,77303,66396,55639,56873,58390,3100,2586,2000,2500,3000,2500,2385,2697,13604,24361,23127,21610,376530,0
280000,2,2,3,2,2,2,2,2,2,186149,181779,192189,195517,199250,195874,0,15000,8000,7000,0,15000,93851,98221,87811,84483,80750,84126,1105758,1
20000,2,4,3,8,7,6,5,4,3,21075,20795,20206,19617,18737,18148,0,0,0,0,0,0,-1075,-795,-206,383,1263,1852,118578,0
270000,1,2,2,-2,-2,-2,-2,-2,-2,0,0,1100,300,-200,-200,0,1100,300,0,0,0,270000,270000,268900,269700,270200,270200,-400,0
240000,2,4,1,-1,-1,-1,-1,-1,-1,14348,7500,7816,7500,7500,14497,1000,7816,7500,7500,14497,500,225652,232500,232184,232500,232500,225503,20348,0
20000,1,4,1,-1,-1,-1,-1,-1,-1,20137,20179,18067,18666,19115,19547,1300,1301,900,900,900,1600,-137,-179,1933,1334,885,453,108810,0
450000,1,2,3,1,-2,-2,-1,-1,-2,-200,-200,0,42000,0,0,0,200,42000,0,0,0,450200,450200,450000,408000,450000,450000,-600,1
10000,2,2,2,-1,-1,-1,-1,-1,-1,8177,9131,9669,7624,8049,6857,2500,1145,1000,1000,1000,1500,1823,869,331,2376,1951,3143,41362,0
280000,2,1,2,-2,-2,-2,-2,-2,-2,2082,3557,5623,5400,3866,3526,3597,5672,5427,3885,3543,3519,277918,276443,274377,274600,276134,276474,-1589,1
290000,3,4,1,-1,-1,-1,-1,-1,-1,13820,15614,16293,7760,2000,0,2000,1300,0,2000,1000,0,276180,274386,273707,282240,288000,290000,49187,0
190000,1,4,1,-1,-1,-1,-1,-1,-1,46923,48666,49347,50386,43883,34412,2500,2000,3000,2000,2000,2000,143077,141334,140653,139614,146117,155588,260117,1
80000,1,4,1,-1,-1,-1,-1,-1,-1,53261,38091,19744,14556,0,1460,4500,2011,3105,0,1460,0,26739,41909,60256,65444,80000,78540,116036,0
280000,2,4,1,-1,2,-1,-1,-1,-1,427,298,1179,1714,2875,1047,0,1179,1714,1290,1047,1000,279573,279702,278821,278286,277125,278953,1310,0
160000,1,2,2,-2,-2,-2,-2,-2,-2,14150,8106,12431,12145,13391,7957,8106,12431,12145,13391,7957,1905,145850,151894,147569,147855,146609,152043,12245,0
90000,2,1,3,-1,-1,-1,-1,-1,-1,42856,44925,0,787,1457,0,3114,0,787,1457,0,0,47144,45075,90000,89213,88543,90000,84667,1
140000,1,4,2,-1,-1,-1,-2,-2,-1,1034,40000,0,0,0,510,40000,0,0,0,510,0,138966,100000,140000,140000,140000,139490,1034,0
50000,1,2,1,-1,-1,-1,-1,-1,-1,5137,5960,6270,6000,5810,390,1300,1000,120,200,390,1170,44863,44040,43730,44000,44190,49610,25387,0
40000,2,2,2,-1,-1,-1,2,2,2,24114,25417,28777,29107,29693,30456,2000,4110,1100,1200,1400,0,15886,14583,11223,10893,10307,9544,157754,0
130000,3,2,3,-1,-1,-1,-1,-1,-1,130067,129385,96775,98071,97743,100124,5540,4403,3814,3562,4021,3681,-67,615,33225,31929,32257,29876,627144,0
70000,3,2,1,-1,-1,-1,-1,-1,2,61611,62711,63695,63926,67361,59480,3011,3095,2000,4600,0,2258,8389,7289,6305,6074,2639,10520,363820,0
30000,2,2,2,-1,-1,-1,-1,-1,-1,25078,25538,25880,25873,26157,26918,1500,1387,893,1000,1501,2000,4922,4462,4120,4127,3843,3082,147163,0
100000,3,2,2,1,2,2,2,2,2,97002,102698,97997,103384,97266,101492,8200,0,8000,0,8600,0,2998,-2698,2003,-3384,2734,-1492,575039,0
20000,1,2,2,2,2,2,-1,-1,-1,5766,7511,7678,7318,7458,7598,2000,500,0,500,500,0,14234,12489,12322,12682,12542,12402,39829,1
30000,2,4,2,2,-1,2,2,2,2,99568,32326,31840,37075,37662,36904,33000,33000,5810,1325,0,3095,-69568,-2326,-1840,-7075,-7662,-6904,199145,0
20000,2,1,2,-1,-1,-1,-1,-1,-1,12857,14183,14890,15642,16387,17113,1541,1248,1000,1000,1000,1000,7143,5817,5110,4358,3613,2887,84283,1
100000,1,4,1,2,-1,-1,-1,-1,-1,96193,82342,81967,82177,78840,79261,3600,3800,3000,3000,3023,3000,3807,17658,18033,17823,21160,20739,481357,1
30000,2,2,1,2,2,7,7,7,6,2400,2400,2400,2400,2400,1800,0,0,0,0,0,0,27600,27600,27600,27600,27600,28200,13800,1
320000,1,2,3,-1,-1,-1,-1,-1,-1,97797,99672,101953,102284,104090,105859,4520,5050,3590,3700,3750,3510,222203,220328,218047,217716,215910,214141,587535,0
90000,3,2,3,2,2,2,2,2,2,64762,63164,32789,31641,29240,28306,0,2900,0,2500,0,1300,25238,26836,57211,58359,60760,61694,243202,1
190000,2,2,3,2,2,2,2,2,2,145613,156765,159386,161870,165725,169928,15000,6600,6500,6500,7000,7000,44387,33235,30614,28130,24275,20072,910687,1
200000,1,2,1,-1,-1,-1,-1,-1,-1,71989,122129,147936,149573,152574,156323,52129,30000,6000,6000,7000,10000,128011,77871,52064,50427,47426,43677,689395,0
300000,2,4,2,-1,-1,-1,-1,-1,-1,3345,1083,4339,7423,4059,2508,1087,4355,7423,0,2508,4141,296655,298917,295661,292577,295941,297492,3243,0
30000,1,4,4,-1,-1,-1,-2,-2,-2,29033,17013,7024,7024,7024,7024,1283,7024,7024,7024,7024,7024,967,12987,22976,22976,22976,22976,37739,0
110000,2,6,3,-1,-1,-1,-1,-1,-1,26650,20787,20566,21158,22141,22158,1532,2000,783,3000,2000,2000,83350,89213,89434,88842,87859,87842,122145,0
230000,1,4,1,-2,-2,-2,-2,-2,-2,0,0,1024,0,0,0,0,1024,0,0,0,0,230000,230000,228976,230000,230000,230000,0,0
230000,1,2,2,-1,-1,-1,-1,-2,-2,4259,5432,6182,0,0,0,1250,1000,0,0,0,0,225741,224568,223818,230000,230000,230000,13623,0
310000,2,4,1,-1,-1,-1,-1,-1,-1,106468,108955,112374,54762,58189,57170,8000,6000,5000,5000,4000,5000,203532,201045,197626,255238,251811,252830,464918,0
320000,1,1,3,-1,-1,-1,-1,-1,-1,247276,241167,238196,231580,229683,235837,10000,10000,10000,19000,13000,8000,72724,78833,81804,88420,90317,84163,1353739,0
360000,1,1,3,-1,-1,-1,-1,-1,-1,1548,-32,177639,174397,4852,4125,0,177671,3508,4876,4188,10007,358452,360032,182361,185603,355148,355875,162279,0
20000,3,2,3,-1,-1,-1,-1,-1,-1,780,0,732,642,1252,643,0,732,300,1000,500,1000,19220,20000,19268,19358,18748,19357,517,1
170000,2,4,1,-1,-1,-1,-1,-1,-1,162671,166202,161973,167201,161327,171863,7500,6000,10000,7000,16000,6200,7329,3798,8027,2799,8673,-1863,938537,0
140000,1,1,3,-1,-1,-1,-1,-1,-1,123049,125616,129695,130735,133467,136287,4310,5913,4426,4580,4770,4767,16951,14384,10305,9265,6533,3713,750083,0
80000,2,2,2,-1,-1,-1,-1,-1,-1,51372,51872,47593,43882,42256,42527,1853,1700,1522,1548,1488,1500,28628,28128,32407,36118,37744,37473,269891,0
150000,2,2,2,-1,-1,-1,-1,-1,-1,60015,72227,51364,54340,0,2129,20000,30000,54340,0,2129,0,89985,77773,98636,95660,150000,147871,133606,0
170000,2,2,1,-1,2,2,-2,-2,-2,1170,780,0,0,0,0,0,0,0,0,0,0,168830,169220,170000,170000,170000,170000,1950,0
200000,2,2,1,2,-1,-1,-1,-1,-1,159398,156955,132144,119136,122211,125021,6163,4530,4500,5000,5000,5000,40602,43045,67856,80864,77789,74979,784672,1
70000,1,2,2,-1,-1,2,-1,-1,2,55664,59529,57571,57871,60872,59329,5800,0,2250,4500,0,2500,14336,10471,12429,12129,9128,10671,335786,0
320000,2,1,2,-2,-2,-2,-2,-2,-2,43528,498,429,14257,5417,2967,500,431,14328,5439,2980,5028,276472,319502,319571,305743,314583,317033,38390,0
150000,1,4,1,-2,-2,-2,-2,-2,-2,0,0,0,0,0,0,0,0,0,0,0,0,150000,150000,150000,150000,150000,150000,0,0
50000,1,2,2,-1,-1,-1,-1,-1,-1,27966,28539,11597,6611,7349,7570,1267,1553,7511,1000,343,1000,22034,21461,38403,43389,42651,42430,76958,0
90000,2,4,2,-1,2,2,-2,-2,-2,8792,7500,0,0,0,0,0,0,0,0,0,0,81208,82500,90000,90000,90000,90000,16292,0
280000,1,1,3,-2,-2,-2,-2,-1,-1,28026,41302,51500,35752,3955,13969,41346,52110,35752,3955,13939,4437,251974,238698,228500,244248,276045,266031,22965,0
300000,1,4,2,-1,-1,-1,-1,2,-1,43610,43280,36156,30305,30155,561,1655,1797,750,0,561,500,256390,256720,263844,269695,269845,299439,178804,0
400000,2,4,3,-2,-2,-2,-2,-1,-1,0,8235,0,0,1524,0,8235,0,0,1524,0,385,400000,391765,400000,400000,398476,400000,-385,0
200000,1,2,1,-1,-1,-1,-1,-1,-1,5780,105,105,0,7384,8588,105,105,0,7384,8588,1304,194220,199895,199895,200000,192616,191412,4476,0
10000,3,4,1,-1,-1,-1,-1,-2,-2,8109,9778,8259,0,0,0,2000,1036,0,0,0,0,1891,222,1741,10000,10000,10000,23110,1
50000,2,6,2,1,3,2,-1,-1,-1,52515,51424,49967,20036,20076,37615,0,0,2000,1000,1000,1600,-2515,-1424,33,29964,29924,12385,226033,1
30000,2,6,1,1,2,4,3,2,2,22582,26518,25814,25110,24569,26357,4600,0,0,0,2200,2500,7418,3482,4186,4890,5431,3643,141650,0
50000,1,2,1,-1,-1,-1,-1,-1,-1,15448,16392,18096,18425,18619,19060,1500,2000,1500,1200,900,1000,34552,33608,31904,31575,31381,30940,97940,1
50000,2,1,2,1,2,-1,-1,-1,-1,58102,59011,56272,53663,51507,50616,2500,2500,2000,2000,3200,2000,-8102,-9011,-6272,-3663,-1507,-616,314971,0
30000,3,2,3,1,2,2,2,2,2,12289,11806,13268,12758,13549,14673,0,1970,0,1000,1500,0,17711,18194,16732,17242,16451,15327,73873,0
20000,2,2,1,-1,-1,-1,2,-1,-1,10476,7279,688,688,688,1320,1000,688,0,0,650,0,9524,12721,19312,19312,19312,18680,18801,0
20000,2,2,3,-1,-1,-1,-1,-1,-1,16326,17497,18456,18424,18800,10000,1441,1400,368,376,200,0,3674,2503,1544,1576,1200,10000,95718,0
50000,1,3,3,-1,-1,-1,-1,-1,-1,17681,18249,18054,18569,19152,18088,1611,2000,780,1000,1000,2000,32319,31751,31946,31431,30848,31912,101402,0
30000,2,2,3,-1,-1,-1,-1,-1,-1,47912,25023,25768,26410,27960,46254,1755,1500,1000,1909,1000,2000,-17912,4977,4232,3590,2040,-16254,190163,0
360000,1,2,2,1,2,-1,-1,-1,-1,18886,14249,3821,2404,319,0,0,3828,2000,319,0,0,341114,345751,356179,357596,359681,360000,33532,0
170000,2,1,3,1,-1,-1,-2,-2,-1,0,1690,0,0,0,4750,1690,0,0,0,4750,0,170000,168310,170000,170000,170000,165250,0,0
400000,1,4,2,-2,-2,-2,-2,-2,-2,203,767,664,1250,-10,2174,770,667,1256,0,2184,0,399797,399233,399336,398750,400010,397826,171,0
50000,2,2,3,-1,-1,-1,-1,-1,-1,34962,32275,31253,32014,33573,29645,1613,2000,1500,2000,1645,1064,15038,17725,18747,17986,16427,20355,183900,0
160000,2,4,1,-1,-1,-1,-1,-1,-1,80964,80337,82182,82586,85145,87049,4000,4000,3500,4000,4000,2500,79036,79663,77818,77414,74855,72951,476263,0
70000,2,2,2,-1,-1,-1,-1,-1,-1,69418,68943,38783,3758,1261,0,2382,2025,1000,25,0,1651,582,1057,31217,66242,68739,70000,175080,1
150000,1,2,2,1,-2,-2,-2,-2,-2,0,0,0,0,0,0,0,0,0,0,0,0,150000,150000,150000,150000,150000,150000,0,0
80000,2,4,3,-1,-1,-1,-1,-1,-1,45174,41885,42832,23799,11723,27236,3000,3413,2000,5000,17236,2000,34826,38115,37168,56201,68277,52764,160000,0
30000,2,4,1,-1,-1,2,-1,-1,-1,23892,28459,25499,25778,28708,30520,5300,0,1000,3352,2300,0,6108,1541,4501,4222,1292,-520,150904,0
10000,2,2,1,-1,-1,-1,-1,-1,-1,7960,9649,8518,8628,9293,5033,2000,1000,500,1500,0,2500,2040,351,1482,1372,707,4967,41581,1
180000,1,4,1,1,-1,-1,-1,-1,-1,0,3338,3333,3333,3333,3333,3338,3333,3333,3333,3333,3333,180000,176662,176667,176667,176667,176667,-3333,0
320000,1,1,3,-1,-1,-1,-1,-1,-1,9192,13920,4022,316,8420,316,13942,4022,316,8420,316,516,310808,306080,315978,319684,311580,319684,8654,0
80000,2,4,2,-1,-1,-1,2,2,2,25935,27210,28783,30003,29385,31401,2000,2338,2000,0,2500,0,54065,52790,51217,49997,50615,48599,163879,0
10000,2,1,3,-1,-1,-1,2,-1,-1,7139,8416,9815,9508,9754,10192,1400,1700,0,400,600,200,2861,1584,185,492,246,-192,50524,1
360000,2,4,2,-1,-1,-1,-1,-1,-1,12865,4462,19560,8894,5329,998,4484,19623,222,5355,998,9004,347135,355538,340440,351106,354671,359002,12422,0
450000,2,2,2,-2,-2,-2,-2,-2,-2,-14,2568,-387,-387,-387,113,2582,0,0,0,500,2515,450014,447432,450387,450387,450387,449887,-4091,0
330000,2,4,1,-1,-1,-1,-1,-1,-1,49549,133957,128212,79407,8875,49880,90000,3000,5000,8875,49880,519,280451,196043,201788,250593,321125,280120,292606,0
60000,1,2,1,-1,2,-1,-1,2,2,546,255,464,1173,732,1023,0,500,1000,0,582,0,59454,59745,59536,58827,59268,58977,2111,1
50000,3,4,1,-1,-1,-1,-1,-1,-1,9935,11029,12795,9983,10884,7666,1234,2000,297,1000,307,361,40065,38971,37205,40017,39116,42334,57093,0
200000,2,1,2,-1,-1,-1,-1,-1,-1,152856,156104,158279,161934,165447,168802,6000,5000,5000,5000,4917,10000,47144,43896,41721,38066,34553,31198,927505,0
120000,1,2,2,1,2,-1,-1,-2,-2,1278,639,621,-18,-18,-18,0,621,0,0,0,0,118722,119361,119379,120018,120018,120018,1863,0
160000,1,2,2,-1,-1,-1,-1,-1,-1,316,316,0,316,632,0,316,0,316,632,0,316,159684,159684,160000,159684,159368,160000,0,0
110000,2,1,4,-1,-1,-1,-1,-1,-1,46132,41050,40091,40659,38529,30900,2306,2111,3009,1725,1500,0,63868,68950,69909,69341,71471,79100,226710,0
70000,3,2,4,-2,-2,-1,-1,-1,-1,27345,-1041,17571,17920,18296,18659,1041,18862,640,663,666,690,42655,71041,52429,52080,51704,51341,76188,0
150000,3,4,1,-1,-1,-1,-1,-1,-1,101593,101886,101441,100829,101913,96704,4000,4032,3410,4000,3665,3050,48407,48114,48559,49171,48087,53296,582209,0
610000,1,4,2,-1,-1,-1,-1,-1,-1,142764,126606,67887,58397,105301,105965,6540,2100,2150,50000,4700,2000,467236,483394,542113,551603,504699,504035,539430,0
110000,1,4,1,-1,-1,-1,-1,-1,-1,92849,94766,93894,85723,86443,84011,4346,4075,3144,3238,3167,3202,17151,15234,16106,24277,23557,25989,516514,0
80000,2,4,1,2,-1,-1,2,-1,-1,17330,19258,23416,22768,23243,23718,3000,4790,0,816,833,2000,62670,60742,56584,57232,56757,56282,118294,1
170000,2,2,2,-1,-1,-1,-1,-1,-1,109863,79574,78440,80141,81862,84237,4380,3000,3000,3000,4000,4500,60137,90426,91560,89859,88138,85763,492237,0
110000,1,4,2,-1,-1,-1,-1,-2,-2,1064,2001,3796,0,0,0,2007,3796,0,0,0,0,108936,107999,106204,110000,110000,110000,1058,0
140000,1,2,4,-1,-1,-1,-1,-1,-1,56764,57950,57668,55024,55883,55744,2115,2004,1941,2073,1909,2132,83236,82050,82332,84976,84117,84256,326859,0
70000,1,2,4,-1,-1,-1,2,-1,-1,43048,43257,44115,41112,39922,40150,3000,4000,0,1500,3000,5000,26952,26743,25885,28888,30078,29850,235104,0
260000,2,2,3,-2,-2,-2,-2,-2,-2,29484,28592,16869,12713,10420,12532,10000,3000,12713,10420,12532,12151,230516,231408,243131,247287,249580,247468,49794,0
170000,3,2,2,-1,-1,-1,-1,-1,-1,21310,22957,24266,25556,29949,34434,2000,2000,2000,5000,5000,5000,148690,147043,145734,144444,140051,135566,137472,0
50000,2,2,2,-1,-1,-1,-1,-1,-1,10821,11877,13656,14949,16567,16826,1221,2000,1500,2000,2000,4000,39179,38123,36344,35051,33433,33174,71975,0
300000,3,2,2,-1,-1,-1,-1,-1,-1,280823,275303,271952,193403,187562,191069,11000,12000,7200,6500,6173,5500,19177,24697,28048,106597,112438,108931,1351739,1
150000,1,4,2,2,-1,-1,-1,-1,-1,390,390,390,4825,5202,780,390,390,4825,5202,780,0,149610,149610,149610,145175,144798,149220,390,1
50000,2,4,1,8,7,6,5,4,3,37647,37102,36238,36374,35229,34365,0,0,1000,0,0,3000,12353,12898,13762,13626,14771,15635,212955,1
50000,2,2,1,1,-2,-1,-1,-1,-1,0,0,1756,2719,4049,5176,0,1756,1000,1537,1200,2000,50000,50000,48244,47281,45951,44824,6207,0
90000,1,4,1,2,-1,-1,-1,-1,-1,84710,87334,87862,18889,-783,73568,4000,3258,1000,0,77500,0,5290,2666,2138,71111,90783,16432,265822,0
50000,2,2,1,-1,-1,-1,-1,-1,-1,48036,46787,42011,19147,2845,20041,2100,1227,383,2000,20000,649,1964,3213,7989,30853,47155,29959,152508,1
500000,2,4,3,-1,-1,-1,-1,-1,-1,43346,43976,39032,29092,22725,11590,4006,2383,1126,782,596,1572,456654,456024,460968,470908,477275,488410,179296,0
470000,2,2,2,-1,-1,-1,-1,-1,-1,873,1593,1518,285,688,2100,1005,1000,285,688,2100,1014,469127,468407,468482,469715,469312,467900,965,0
230000,2,2,4,-1,-1,-1,-1,-1,-1,110163,112499,114837,116400,45643,51083,5600,5700,5000,1855,6400,0,119837,117501,115163,113600,184357,178917,526070,0
140000,2,4,1,-1,-1,-1,-1,-1,-1,4113,6030,16025,24616,19458,20047,2000,16025,24616,1000,1000,1000,135887,133970,123975,115384,120542,119953,44648,0
230000,2,2,2,2,-1,-1,-1,-1,-1,9636,10152,1817,-828,6153,12663,1222,1837,0,7863,12675,2959,220364,219848,228183,230828,223847,217337,13037,1
420000,2,4,2,-1,-1,-1,-1,-1,-1,25103,21330,16024,9603,2131,64507,1509,1067,3061,2210,64524,2324,394897,398670,403976,410397,417869,355493,64003,0
30000,2,4,1,-1,-1,-1,-1,-1,-1,31319,31181,31540,31016,30531,30528,1564,1800,1100,1500,1500,3000,-1319,-1181,-1540,-1016,-531,-528,175651,0
50000,2,4,4,1,2,-1,-1,-1,2,43343,43360,23417,21969,21179,18711,1300,1400,920,1700,0,900,6657,6640,26583,28031,28821,31289,165759,1
140000,2,4,1,-1,-1,-2,-1,-1,-2,197,0,0,233,0,0,0,0,233,0,0,0,139803,140000,140000,139767,140000,140000,197,0
260000,2,2,2,-1,-1,-1,-1,-1,-1,7967,67650,6000,0,88348,85962,67650,6000,0,88348,5000,25000,252033,192350,254000,260000,171652,174038,63929,0
90000,3,4,1,-1,2,-1,-1,-1,-2,19450,3123,2121,3113,0,0,0,3509,3113,0,0,0,70550,86877,87879,86887,90000,90000,21185,0
240000,2,2,2,-1,-1,-1,-1,-1,-1,240878,233838,238067,242579,238245,233710,10000,11000,10000,10000,10000,8000,-878,6162,1933,-2579,1755,6290,1368317,0
510000,1,4,2,-1,-1,-1,-1,-1,-1,2115,2116,5560,4535,3488,1116,1117,4560,91,69,1116,2115,507885,507884,504440,505465,506512,508884,9862,0
110000,2,2,2,-1,-1,-1,-1,-1,-1,81665,46070,34419,36829,38080,40434,2460,2000,3000,2000,3000,5000,28335,63930,75581,73171,71920,69566,260037,0
210000,1,4,1,-1,-1,-1,-1,-1,-1,11442,3738,7526,10217,11737,8114,3738,7526,5000,5000,162,27760,198558,206262,202474,199783,198263,201886,3588,0
220000,2,1,3,-1,-1,-2,-2,-2,-2,158,0,0,0,0,612,0,0,0,0,612,1863,219842,220000,220000,220000,220000,219388,-1705,0
200000,1,2,2,-2,-2,-2,-2,-2,-2,2257,4261,1265,2473,0,0,4266,1667,2473,0,0,0,197743,195739,198735,197527,200000,200000,1850,0
360000,2,4,4,-1,-1,-1,-1,-1,-1,10733,15206,15000,9744,11114,8123,15206,15032,9769,11114,8123,8736,349267,344794,345000,350256,348886,351877,1940,0
260000,1,2,3,-1,-1,-1,-1,-1,-1,316,316,316,316,316,466,316,316,316,316,466,316,259684,259684,259684,259684,259684,259534,0,0
20000,2,1,2,-1,-1,-1,-1,-1,-1,11026,9535,10510,10472,10140,10101,1174,1149,501,356,507,458,8974,10465,9490,9528,9860,9899,57639,0
120000,2,2,2,-1,-1,-1,-1,-1,-1,113869,116110,111978,112822,114969,117949,5498,5500,4000,4300,5012,4003,6131,3890,8022,7178,5031,2051,659384,0
50000,1,4,2,-1,2,-1,-1,-1,-2,7363,5180,31902,11044,0,0,39,32013,11079,0,0,0,42637,44820,18098,38956,50000,50000,12358,0
60000,1,4,1,1,2,-1,-1,-1,-1,29649,21657,28736,42733,46404,37993,0,8000,15000,9000,10000,0,30351,38343,31264,17267,13596,22007,165172,0
200000,1,2,1,-2,-2,-2,-2,-1,-1,12716,16164,1954,5297,1483,3393,16244,1963,3359,4849,3410,2994,187284,183836,198046,194703,198517,196607,8188,0
20000,2,2,1,-1,-1,-1,-1,-2,-1,1438,1261,451,-810,-420,1320,1261,451,0,780,2130,0,18562,18739,19549,20810,20420,18680,-1382,0
50000,1,2,2,2,-1,-1,-1,-1,-1,47858,49223,42589,639,4639,2312,2500,3000,7000,4000,2413,2000,2142,777,7411,49361,45361,47688,126347,1
50000,2,4,2,1,-2,-1,-1,-1,2,0,0,190,0,36059,32851,0,190,0,36059,0,2420,50000,50000,49810,50000,13941,17149,30431,0
230000,1,2,1,-1,-1,2,2,2,-1,40732,44563,42804,44020,41278,34672,5000,0,3000,0,3000,3000,189268,185437,187196,185980,188722,195328,234069,0
50000,2,1,1,-1,-1,2,-1,-1,-1,819,3003,1677,1177,1313,1085,2184,5,1180,1316,1088,0,49181,46997,48323,48823,48687,48915,3301,0
100000,1,4,1,2,2,2,2,2,2,79580,81493,82759,83609,85325,87096,3790,3200,3100,3200,3332,3280,20420,18507,17241,16391,14675,12904,479960,1
210000,1,2,3,1,-2,-1,-1,-2,-2,0,0,2490,0,0,0,0,2490,0,0,0,0,210000,210000,207510,210000,210000,210000,0,1
230000,2,2,2,-1,-1,-1,-1,2,-1,87764,73526,72376,76870,75211,76645,2630,2614,6000,0,3000,2800,142236,156474,157624,153130,154789,153355,445348,1
500000,1,4,1,1,-2,-2,-2,-2,-2,31421,22150,0,0,0,0,22157,0,0,0,0,0,468579,477850,500000,500000,500000,500000,31414,0
370000,1,4,2,-1,-1,-1,-1,-1,-1,929,328,0,1539,1815,0,328,0,1539,1815,0,0,369071,369672,370000,368461,368185,370000,929,0
230000,1,2,2,-1,-1,-1,-1,-1,-1,2648,191,1947,11674,16160,32519,200,1950,11692,10000,20000,6000,227352,229809,228053,218326,213840,197481,15297,0
80000,2,2,1,-1,-1,-1,-1,-1,-1,11894,12287,12407,14360,14657,4129,1284,1047,2000,359,175,1000,68106,67713,67593,65640,65343,75871,63869,0
60000,2,4,1,-1,-1,-1,-1,-2,-2,55064,57833,9479,0,0,0,5000,1033,0,0,0,0,4936,2167,50521,60000,60000,60000,116343,0
30000,2,4,4,1,2,2,-1,-1,-1,25382,26480,25761,25964,26507,27249,1800,0,928,960,1181,967,4618,3520,4239,4036,3493,2751,151507,0
70000,1,2,1,1,-1,-1,-1,-2,-1,-54,273,19,-254,-527,1096,600,19,0,0,1896,0,70054,69727,69981,70254,70527,68904,-1962,0
410000,1,2,2,-1,-1,-1,-2,-2,-2,5335,5369,-281,-281,-281,-281,5400,0,0,0,0,0,404665,404631,410281,410281,410281,410281,4180,0
280000,3,2,3,1,-2,-2,-2,-2,-2,-288,-288,-288,-288,-288,2124,0,0,0,0,2412,0,280288,280288,280288,280288,280288,277876,-1728,0
50000,1,2,2,-1,-1,-1,-1,-1,-1,46750,48317,48282,18299,19323,20329,2320,1282,3299,1323,1329,1114,3250,1683,1718,31701,30677,29671,190633,0
100000,2,2,2,-1,-1,-1,-1,-1,-1,97062,74352,75004,76705,78168,80347,2800,2700,5400,3500,3500,3200,2938,25648,24996,23295,21832,19653,460538,0
230000,1,4,1,-2,-2,-2,-2,-2,-2,0,0,0,0,0,0,0,0,0,0,0,0,230000,230000,230000,230000,230000,230000,0,0
50000,1,4,1,-1,-1,-1,-1,-1,-2,13801,9549,5385,7781,0,0,1372,1275,7900,0,0,0,36199,40451,44615,42219,50000,50000,25969,0
100000,1,4,3,2,2,2,2,2,-1,15355,17949,18158,18365,17932,18147,3164,800,800,0,662,3000,84645,82051,81842,81635,82068,81853,97480,0
210000,2,2,2,-1,-1,-1,-1,-1,-1,37148,35754,34232,32331,30337,28012,2000,2000,2444,1342,1038,2000,172852,174246,175768,177669,179663,181988,186990,0
400000,1,2,2,-1,-1,-1,-1,-2,-1,385,12695,1290,0,0,3058,13032,1290,0,0,3058,3768,399615,387305,398710,400000,400000,396942,-3720,0
20000,2,2,1,4,3,2,-1,-1,-1,20610,20005,19331,19333,17363,16314,0,0,500,715,326,0,-610,-5,669,667,2637,3686,111415,1
50000,3,2,3,-1,-1,-1,-1,-1,-1,2000,780,0,7472,10174,11104,780,0,7472,3000,1104,1000,48000,49220,50000,42528,39826,38896,18174,0
230000,1,4,1,-1,-1,-1,-2,-2,-2,6666,6666,0,0,0,0,6666,0,0,0,0,0,223334,223334,230000,230000,230000,230000,6666,0
220000,2,2,1,-1,-1,-1,-2,-2,-2,31037,6244,0,0,0,0,3050,0,0,0,0,0,188963,213756,220000,220000,220000,220000,34231,0
300000,1,2,2,-1,-1,-1,-1,-2,-1,25239,25001,20800,0,0,65755,1713,1000,0,0,65755,3000,274761,274999,279200,300000,300000,234245,65327,0
80000,2,4,1,1,-1,2,-1,-1,-1,998,6858,1879,1145,7328,3703,6861,11,1146,7329,3704,426,79002,73142,78121,78855,72672,76297,2434,0
20000,3,4,2,-1,-1,2,2,2,2,16754,18873,19862,19245,20532,19953,2400,1600,0,1600,209,0,3246,1127,138,755,-532,47,109410,1
190000,1,4,1,-1,-1,-1,-1,-1,2,31061,32129,33142,33726,35758,35171,1750,1720,1300,2600,0,1400,158939,157871,156858,156274,154242,154829,192217,0
160000,2,6,2,-1,-1,-1,-1,-1,-1,2694,38433,38870,28574,27268,28021,35888,1325,891,1000,1098,426,157306,121567,121130,131426,132732,131979,123232,0
120000,1,6,3,-1,-1,2,-1,-1,-1,70096,76446,73732,12329,12329,0,8100,0,247,0,0,0,49904,43554,46268,107671,107671,120000,236585,0
700000,1,2,2,-1,-1,-1,-1,-2,-1,99259,102345,109636,326,2016,61707,5000,10000,326,2016,61707,17785,600741,597655,590364,699674,697984,638293,278455,0
140000,1,4,1,1,-2,-2,-2,-1,-1,0,0,0,0,1086,0,0,0,0,1086,0,0,140000,140000,140000,140000,138914,140000,0,0
300000,3,2,1,-1,-1,-1,-1,-1,-1,24921,21333,16212,11304,11396,6138,2000,3000,0,5000,6202,0,275079,278667,283788,288696,288604,293862,75102,0
120000,3,1,2,1,2,2,2,2,2,66055,67405,68405,69387,70727,72215,3000,2700,2700,2600,2800,0,53945,52595,51595,50613,49273,47785,400394,1
280000,2,2,2,-1,-1,2,-1,-1,-1,213738,228963,223810,158542,162244,108143,20300,0,5600,6300,4000,4000,66262,51037,56190,121458,117756,171857,1055240,0
70000,3,1,4,2,2,-1,-1,-1,-1,54968,51384,49734,50361,49185,47245,0,2100,1950,1900,2219,2100,15032,18616,20266,19639,20815,22755,292608,1
20000,3,4,1,-1,-1,-1,-1,-1,2,4101,507,3042,0,8402,6204,507,3042,0,8402,0,4739,15899,19493,16958,20000,11598,13796,5566,0
150000,2,2,3,-1,-1,-1,-1,-1,-1,2605,2605,4590,2605,2605,3795,2605,4590,2605,2605,3795,10675,147395,147395,145410,147395,147395,146205,-8070,0
60000,1,2,2,-1,-1,-1,-1,-1,-1,15380,4116,19453,17912,18480,18848,4147,19435,1000,1000,1000,1000,44620,55884,40547,42088,41520,41152,66607,0
200000,3,6,4,-1,-1,-1,-1,-1,-1,780,0,390,780,390,390,0,390,780,0,390,390,199220,200000,199610,199220,199610,199610,780,0
50000,2,4,1,1,2,-1,-1,-1,-1,48861,48082,48614,26667,26036,26850,2000,2233,1083,1100,1400,3000,1139,1918,1386,23333,23964,23150,214294,1
150000,2,1,4,-1,-1,-1,2,-1,-1,55336,58255,36260,35037,34631,63156,5085,4000,0,2000,30000,5000,94664,91745,113740,114963,115369,86844,236590,0
20000,1,4,1,-1,-1,-1,-1,-1,-1,20243,20400,19583,19983,20196,19705,1410,1200,534,700,1000,0,-243,-400,417,17,-196,295,115266,0
40000,1,2,1,-1,-1,-1,-1,-1,-1,11058,11471,11776,12660,12660,12413,2000,1500,2330,2300,1000,2078,28942,28529,28224,27340,27340,27587,60830,1
170000,2,4,2,1,-1,-1,-1,-2,-2,0,7042,2986,0,0,0,7042,2986,0,0,0,0,170000,162958,167014,170000,170000,170000,0,0
50000,2,2,1,1,2,-1,-1,-1,2,27087,26372,26992,27693,29237,28607,0,1400,1100,2100,0,1000,22913,23628,23008,22307,20763,21393,160388,0
10000,2,2,2,-1,-1,-1,-1,2,2,8755,8158,7540,8164,6963,5923,1167,1022,1036,0,2700,0,1245,1842,2460,1836,3037,4077,39578,0
200000,2,2,4,-1,-1,-1,-1,-2,-1,3035,199602,720,0,0,1500,199646,720,0,0,1500,185652,196965,398,199280,200000,200000,198500,-182661,0
50000,2,2,3,-1,-1,-1,-1,-1,-1,20944,4696,47225,16483,9343,9693,2360,49325,3001,1882,500,503,29056,45304,2775,33517,40657,40307,50813,0
320000,1,2,1,-1,-1,-1,-1,-1,-1,2007,3477,3037,1633,3633,0,2000,1000,1633,2000,0,3000,317993,316523,316963,318367,316367,320000,4154,0
20000,3,2,1,8,7,6,5,4,3,24310,23987,23353,22719,21796,21162,0,0,0,0,0,0,-4310,-3987,-3353,-2719,-1796,-1162,137327,0
470000,2,2,1,-1,-1,-1,-1,-1,-1,152478,62084,54551,14363,97440,90717,3001,4005,2021,97441,5001,5001,317522,407916,415449,455637,372560,379283,355163,1
230000,3,4,2,-1,-1,-1,-1,-1,-1,550,0,13013,14265,13659,0,0,13013,1252,3659,0,0,229450,230000,216987,215735,216341,230000,23563,0
20000,1,4,1,-1,-1,-1,-1,-1,-2,17246,16988,15973,18773,0,0,2000,2000,3000,0,0,0,2754,3012,4027,1227,20000,20000,61980,0
30000,3,4,4,-1,-1,-1,-1,-1,-1,1598,2487,0,4810,2796,3245,2487,0,4810,2796,3245,7305,28402,27513,30000,25190,27204,26755,-5707,1
80000,2,4,1,2,2,2,2,2,2,22895,23837,24253,24562,25126,25476,1600,1100,1000,1100,906,0,57105,56163,55747,55438,54874,54524,140443,0
110000,2,2,4,-1,-1,-1,-1,-1,-1,15069,16123,16850,17568,18133,18828,1600,1300,1000,1000,1000,1000,94931,93877,93150,92432,91867,91172,95671,0
420000,2,1,2,-1,-1,-1,-1,-1,-1,88948,79783,80575,92982,98502,103200,30000,10575,15000,10000,10000,20000,331052,340217,339425,327018,321498,316800,448415,0
500000,1,1,3,1,-2,-2,-2,-2,-2,0,0,0,0,0,0,0,0,0,0,0,0,500000,500000,500000,500000,500000,500000,0,1
80000,2,4,1,1,2,-1,-1,-1,-1,79318,79459,79788,29069,26551,27109,2000,2201,2000,1000,1000,2000,682,541,212,50931,53449,52891,311093,0
350000,2,2,2,-1,-1,-1,-1,-1,-1,67648,68557,63179,57987,53948,39965,3039,2047,1750,1703,1721,784,282352,281443,286821,292013,296052,310035,340240,0
30000,2,2,2,-2,-2,-2,-2,-2,-2,0,0,0,0,7463,6804,0,0,0,7463,6804,4985,30000,30000,30000,30000,22537,23196,-4985,0
110000,2,4,2,1,-2,-2,-2,-2,-1,0,0,0,0,0,150,0,0,0,0,300,102,110000,110000,110000,110000,110000,109850,-252,1
500000,3,1,2,-1,-1,-1,-1,-1,-1,315201,332071,375070,354839,369532,367399,25000,50000,20000,19586,14122,12022,184799,167929,124930,145161,130468,132601,1973382,0
490000,1,2,2,-1,-1,-1,-1,-1,-1,4290,4738,2803,6027,10722,8452,4738,2803,6027,10722,6000,1139,485710,485262,487197,483973,479278,481548,5603,0
300000,2,2,2,-2,-2,-2,-2,-2,-2,205064,-86,-86,2014,-185,1815,0,0,2100,0,2000,5000,94936,300086,300086,297986,300185,298185,199436,0
50000,2,3,3,2,-1,-1,2,-1,-1,47647,50232,50510,32177,29530,29789,3700,3700,0,1072,1500,1132,2353,-232,-510,17823,20470,20211,228781,1
150000,3,1,2,4,4,4,3,2,-1,151117,153787,150320,147989,143355,143131,6500,0,512,0,4388,4221,-1117,-3787,-320,2011,6645,6869,874078,1
80000,3,2,4,-1,2,-1,-1,-1,-1,726,726,15400,15000,15000,15000,0,15400,0,0,0,100,79274,79274,64600,65000,65000,65000,46352,0
40000,2,4,1,-1,-1,-1,2,2,6,20035,21406,24735,24050,43317,44059,2000,4000,0,20000,2000,0,19965,18594,15265,15950,-3317,-4059,149602,0
30000,2,2,2,1,2,2,-1,-1,-1,29095,30819,29214,29478,23384,22428,2500,0,910,1000,1000,1000,905,-819,786,522,6616,7572,158008,0
50000,1,1,2,-1,-1,-2,-2,-2,-2,30400,0,0,0,0,0,500,0,0,0,0,0,19600,50000,50000,50000,50000,50000,29900,0
140000,2,4,1,-1,-1,-1,-1,-1,-1,44733,44144,44739,43455,43980,44614,2100,2027,1800,1600,1750,1700,95267,95856,95261,96545,96020,95386,254688,0
50000,3,4,3,-1,-1,-1,-1,-1,-1,4987,6741,9366,8566,10066,0,2000,3000,1500,1500,0,0,45013,43259,40634,41434,39934,50000,31726,0
30000,2,4,1,-2,-2,-2,-2,-2,-2,26957,26269,17036,27497,16098,7300,1333,2256,27497,787,200,0,3043,3731,12964,2503,13902,22700,89084,0
40000,1,4,1,-1,-1,2,2,2,2,26461,29425,30145,29361,33893,34487,3400,1500,0,5000,1300,0,13539,10575,9855,10639,6107,5513,172572,1
100000,3,2,3,2,2,2,2,2,2,50485,51582,52141,52691,54199,53176,2200,2000,2000,2500,0,4500,49515,48418,47859,47309,45801,46824,301074,1
130000,2,2,1,-1,-1,-1,-1,-1,-1,131041,133698,131990,127512,128683,129669,7000,5151,4464,5000,4702,8000,-1041,-3698,-1990,2488,1317,331,748276,0
20000,2,4,1,-1,-1,-1,-1,-1,-1,20218,19194,20112,19712,19712,6321,1482,1400,0,0,0,0,-218,806,-112,288,288,13679,102387,0
50000,1,2,1,-2,-2,-2,-2,-2,-2,0,0,0,0,0,0,0,0,0,0,0,0,50000,50000,50000,50000,50000,50000,0,0
260000,1,1,3,-2,-2,-1,-1,-1,-1,1086,2853,38836,45087,47201,46199,3552,38836,20000,15000,15000,10000,258914,257147,221164,214913,212799,213801,78874,0
30000,3,4,4,2,2,7,7,7,7,2450,2450,2450,2450,2450,2450,0,0,0,0,0,0,27550,27550,27550,27550,27550,27550,14700,1
10000,2,2,2,-1,-1,-1,-1,-1,-1,15915,9050,9901,9975,9736,8703,2330,2200,1000,333,311,322,-5915,950,99,25,264,1297,56784,0
200000,1,2,2,-1,-1,-1,-1,-1,-1,43515,44557,45574,49022,47459,49666,1739,1756,2662,1726,3000,2500,156485,155443,154426,150978,152541,150334,266410,0
30000,2,2,3,-1,-1,-1,-1,-1,-1,28234,28874,29437,27738,27268,27409,1484,1436,1120,995,989,800,1766,1126,563,2262,2732,2591,162136,0
180000,2,4,2,-1,-1,-1,-2,-2,-2,119333,123150,0,0,0,0,6000,0,0,0,0,0,60667,56850,180000,180000,180000,180000,236483,0
100000,1,2,2,-1,-1,-2,-2,-2,-2,29109,0,0,0,0,0,0,0,0,0,0,47970,70891,100000,100000,100000,100000,100000,-18861,0
140000,2,2,2,-1,-1,-1,-1,-1,-1,105192,90337,74510,73876,76180,78400,3000,6000,4000,4000,4000,3000,34808,49663,65490,66124,63820,61600,474495,0
290000,2,4,2,-1,-1,-1,-1,-1,-1,310403,315048,314085,317631,315820,305498,12012,12012,11016,11088,12031,12031,-20403,-25048,-24085,-27631,-25820,-15498,1808295,0
20000,2,6,4,-1,-1,-1,-1,-1,-1,14591,15616,16628,16958,17314,17664,1265,1277,607,629,638,641,5409,4384,3372,3042,2686,2336,93714,0
80000,3,2,3,-1,-1,-1,-1,-1,-1,35660,37082,38464,38922,40791,43108,2000,2000,1397,2500,3000,1600,44340,42918,41536,41078,39209,36892,221530,0
500000,3,2,2,-2,-2,-2,-2,-2,-2,13655,8351,2340,2340,11435,189,8351,2340,2340,11435,189,5391,486345,491649,497660,497660,488565,499811,8264,0
180000,1,1,3,-1,-1,-1,-1,-1,-1,4453,3310,7226,5060,2832,1890,3310,7228,5060,2832,1890,2576,175547,176690,172774,174940,177168,178110,1875,0
20000,3,2,3,-1,-1,-1,-1,-1,-1,2946,0,390,390,390,390,0,390,390,390,390,780,17054,20000,19610,19610,19610,19610,2166,0
30000,2,2,1,-1,-1,-1,-1,-1,2,30606,29579,30291,30616,30456,29818,1800,1512,1259,2500,0,1000,-606,421,-291,-616,-456,182,173295,0
150000,1,2,2,-1,-1,-1,-1,-1,-1,45335,50262,54793,59244,64096,68837,6000,6000,6000,6000,6001,6000,104665,99738,95207,90756,85904,81163,306566,0
280000,2,4,1,-1,-1,-1,-1,-1,-1,5924,5174,980,3058,3158,9530,5174,1078,3058,3158,9530,0,274076,274826,279020,276942,276842,270470,5826,0
50000,2,2,3,-1,-1,-1,-1,-1,-1,23587,24580,20165,10732,10566,10757,1800,1775,10732,384,757,501,26413,25420,29835,39268,39434,39243,84438,0
20000,2,2,3,2,-1,-1,-1,-1,2,15294,16340,17359,17776,19293,18844,1300,1300,700,1800,0,1000,4706,3660,2641,2224,707,1156,98806,0
200000,1,2,2,-1,-1,-1,-1,-1,-1,4935,-200,11463,11751,11772,5318,0,11663,9363,3232,3000,1000,195065,200200,188537,188249,188228,194682,16781,0
210000,2,2,3,1,-2,-2,-2,-2,-2,0,0,0,0,0,0,0,0,0,0,0,0,210000,210000,210000,210000,210000,210000,0,1
230000,1,4,2,-1,-1,-1,-1,-1,-1,224020,227311,184500,128190,130883,133504,8750,7470,4540,4710,4750,4900,5980,2689,45500,101810,99117,96496,993288,0
50000,3,2,4,-1,-1,-1,-1,-1,-1,47917,48455,48120,28450,29046,29647,1988,1989,1018,1054,1084,1048,2083,1545,1880,21550,20954,20353,223454,0
50000,3,2,4,-1,-1,-1,-1,-1,-1,51737,27121,28103,28814,29261,29878,2930,1447,1158,1041,1082,994,-1737,22879,21897,21186,20739,20122,186262,1
70000,2,4,1,-1,-1,-1,-1,-1,-1,49605,51804,53041,55150,57098,59141,3000,2700,3000,3000,3000,4700,20395,18196,16959,14850,12902,10859,306439,0
310000,1,2,2,-2,-2,-2,-2,-2,-2,1544,1648,1284,1088,892,-304,1300,1000,1000,1000,304,39544,308456,308352,308716,308912,309108,310304,-37996,0
180000,2,2,2,-1,-1,-1,-1,-1,-1,2488,13476,3173,13202,6594,2549,13476,3173,13212,6594,2549,1000,177512,166524,176827,166798,173406,177451,1478,0
90000,2,4,1,-1,-1,-1,-1,-1,2,24401,22771,19461,16181,14669,14422,1454,1384,407,673,0,102,65599,67229,70539,73819,75331,75578,107885,0
390000,2,2,1,-1,-1,-1,-1,-1,-1,149445,139794,133224,106127,51097,38555,8046,5150,5297,5084,5065,5042,240555,250206,256776,283873,338903,351445,584558,0
150000,3,2,2,-1,-1,-1,-1,-1,-1,772,337,618,150,150,377,340,618,150,150,227,0,149228,149663,149382,149850,149850,149623,919,0
400000,2,2,2,1,1,1,2,-1,-1,13611,15066,15882,12599,18599,12284,3019,5014,3,7040,2006,2005,386389,384934,384118,387401,381401,387716,68954,0
80000,2,2,2,-1,-1,-1,-1,-1,-2,28408,25695,11553,2350,0,0,1259,1035,1600,0,0,0,51592,54305,68447,77650,80000,80000,64112,0
320000,1,2,1,-1,-1,-1,-1,-1,-1,137574,199563,122093,105425,100206,96073,6048,6371,3043,3031,3066,3031,182426,120437,197907,214575,219794,223927,736344,0
240000,2,2,2,-1,-1,-2,-2,-2,-2,238,0,0,0,0,0,0,0,0,0,0,0,239762,240000,240000,240000,240000,240000,238,1
200000,1,2,2,-2,-2,-2,-2,-2,-2,100,100,100,100,100,100,100,100,100,100,100,100,199900,199900,199900,199900,199900,199900,0,0
110000,1,3,4,1,2,2,2,3,2,92610,94755,92351,101140,99260,101577,4500,0,11300,0,4100,0,17390,15245,17649,8860,10740,8423,561793,1
170000,1,4,1,2,2,2,2,2,2,131864,133897,129761,138604,136283,145012,5600,0,11000,0,11000,5656,38136,36103,40239,31396,33717,24988,782165,1
90000,3,6,4,-1,-1,-1,-1,2,-1,11315,12340,13349,14276,13904,14184,1212,1221,1148,0,510,525,78685,77660,76651,75724,76096,75816,74752,1
200000,1,1,2,-1,-1,-1,-1,-1,-1,3877,11496,5935,295,1867,0,11496,1011,297,2923,0,0,196123,188504,194065,199705,198133,200000,7743,0
360000,1,2,2,-2,-1,-1,-2,-2,-2,0,2500,0,0,0,0,2500,0,0,0,0,0,360000,357500,360000,360000,360000,360000,0,0
140000,1,2,2,-1,-1,-2,-1,-1,-1,4036,0,0,2971,1607,0,0,0,2971,0,0,0,135964,140000,140000,137029,138393,140000,5643,0
220000,2,2,1,-1,-1,-1,-1,-1,-1,168286,155893,119575,51317,51926,34608,10000,3900,1000,1000,2000,2000,51714,64107,100425,168683,168074,185392,561705,0
100000,3,1,4,-1,-1,-2,-2,-2,-2,154970,0,0,0,0,0,0,0,0,0,0,0,-54970,100000,100000,100000,100000,100000,154970,0
80000,2,4,3,2,-1,-1,-1,2,2,57364,58637,59863,62860,63976,63293,2200,2200,4000,1777,0,2000,22636,21363,20137,17140,16024,16707,353816,0
30000,2,4,1,-1,-1,2,-1,-1,2,27772,30461,29325,21449,29709,29086,3136,0,0,29709,0,1576,2228,-461,675,8551,291,914,133381,0
50000,1,2,2,2,2,2,-1,2,2,4187,5152,3679,596,446,2699,2300,0,700,0,2300,0,45813,44848,46321,49404,49554,47301,11459,1
120000,2,4,1,-1,-1,-1,-1,-1,-1,22431,12399,4199,3059,674,0,1500,1000,682,0,0,738,97569,107601,115801,116941,119326,120000,38842,0
50000,1,2,1,-1,-1,-1,-1,-1,-1,7010,9876,11115,12915,14415,0,3000,1500,2000,2000,0,0,42990,40124,38885,37085,35585,50000,46831,0
360000,1,4,1,-1,-1,-1,-1,-1,-1,79837,27456,68117,39105,54456,46153,27465,50154,39105,54456,46153,40000,280163,332544,291883,320895,305544,313847,57791,0
90000,1,4,1,2,2,2,2,-1,-1,86014,92898,92860,88533,90942,88813,8300,2400,1000,4000,3600,4000,3986,-2898,-2860,1467,-942,1187,516760,0
500000,1,2,2,-1,-1,-1,-1,-1,-1,386405,387910,293177,274539,253443,253671,25016,20018,10000,79377,52778,10000,113595,112090,206823,225461,246557,246329,1651956,0
140000,3,2,3,-1,-1,-1,-1,-1,-1,68075,69972,71805,73613,75426,77169,3000,3000,3000,3000,3000,5000,71925,70028,68195,66387,64574,62831,416060,0
30000,3,1,3,-1,-1,2,-1,-1,-1,17187,24045,23180,22000,22000,0,7900,0,0,0,0,0,12813,5955,6820,8000,8000,30000,100512,0
70000,3,1,2,-1,-1,-1,-1,-1,-1,19882,20611,21859,22445,22935,23404,1352,1600,949,1000,1000,1000,50118,49389,48141,47555,47065,46596,124235,0
200000,1,1,2,-2,-2,-2,-2,-2,-2,0,0,0,0,0,3983,0,0,0,0,3983,0,200000,200000,200000,200000,200000,196017,0,0
350000,1,1,3,-1,-1,-1,-1,-1,-1,54969,47978,48631,48351,47939,33827,2087,1989,1591,1466,2000,1500,295031,302022,301369,301649,302061,316173,271062,0
120000,1,2,2,1,-2,-2,-2,-2,-2,0,0,0,0,0,0,0,0,0,0,0,0,120000,120000,120000,120000,120000,120000,0,1
240000,1,2,3,-1,-1,-1,-1,-1,-1,471814,478380,395612,386295,356206,352257,16044,15087,12000,15000,12000,12000,-231814,-238380,-155612,-146295,-116206,-112257,2358433,0
90000,1,4,1,-1,-1,-1,-1,-1,-1,22109,25011,29230,32747,38217,43744,6000,5000,4000,6000,8000,4000,67891,64989,60770,57253,51783,46256,158058,0
260000,1,4,2,1,-2,-2,-2,-1,-1,0,0,0,0,1980,2500,0,0,0,1980,2500,0,260000,260000,260000,260000,258020,257500,0,0
50000,1,4,1,-1,-1,-1,2,-1,-1,27245,28300,31900,31090,31837,32555,1800,4400,0,1400,1400,1400,22755,21700,18100,18910,18163,17445,172527,0
110000,1,1,3,-1,-1,-1,-1,-1,-1,8481,13066,17638,22204,26784,31352,4980,5124,5256,5416,5552,5742,101519,96934,92362,87796,83216,78648,87455,0
20000,1,4,1,-1,-1,2,-1,-1,-1,1371,796,398,796,398,716,796,0,796,0,716,12111,18629,19204,19602,19204,19602,19284,-9944,0
30000,2,4,1,-1,-1,-1,-1,-1,-1,27391,28412,28575,28925,24159,0,1767,1700,1010,1141,0,0,2609,1588,1425,1075,5841,30000,131844,0
180000,1,2,1,-2,-1,2,2,-2,-2,11392,14688,14040,13440,13440,13080,3500,0,0,0,0,0,168608,165312,165960,166560,166560,166920,76580,1
20000,2,1,3,-1,-1,-1,-1,-1,-1,5902,6767,8145,8153,8324,8490,1122,1500,291,302,304,319,14098,13233,11855,11847,11676,11510,41943,0
50000,2,4,1,-1,-1,-1,-1,-1,-1,50342,50482,49217,40882,20258,20303,1896,1656,1750,717,753,1000,-342,-482,783,9118,29742,29697,223712,0
180000,1,4,2,-2,-2,-2,-2,-2,-2,10737,21197,11936,40420,9210,17795,21197,11936,40420,9210,17795,6915,169263,158803,168064,139580,170790,162205,3822,0
200000,1,1,2,-2,-2,-2,-2,-2,-2,1242,4006,941,2357,2945,1143,4034,945,2366,2947,1143,744,198758,195994,199059,197643,197055,198857,455,0
260000,2,4,1,-1,-1,-1,-1,-1,-1,68411,60386,48663,50998,53835,56728,2500,4000,4000,3835,3805,3000,191589,199614,211337,209002,206165,203272,317881,0
320000,1,1,5,-1,-1,-1,-1,-1,-1,9955,3465,84421,886,11741,4317,3465,84440,886,11533,4317,52466,310045,316535,235579,319114,308259,315683,-42322,1
160000,2,4,1,2,2,-1,-1,-1,-1,1989,-8,866,0,892,0,0,874,0,892,0,594,158011,160008,159134,160000,159108,160000,1379,1
30000,2,2,2,2,-1,-1,2,2,2,7851,9065,11595,11112,12923,12566,1500,3000,0,2000,0,1000,22149,20935,18405,18888,17077,17434,57612,1
50000,2,2,2,-1,-1,-1,-1,-1,-1,16906,17645,18478,10279,10646,10776,1314,1147,348,512,435,190,33094,32355,31522,39721,39354,39224,80784,0
50000,2,2,2,-1,-1,-1,-1,-2,-2,21062,6495,2207,0,0,0,2000,1000,0,0,0,0,28938,43505,47793,50000,50000,50000,26764,0
90000,2,4,1,-1,-1,-1,-1,-1,-1,47585,52084,53817,54818,55985,57398,10000,2600,2500,2200,2500,3000,42415,37916,36183,35182,34015,32602,298887,0
240000,1,2,2,1,2,-1,-1,-1,-1,11874,5979,6938,41858,10416,1711,0,6938,41877,0,1711,27162,228126,234021,233062,198142,229584,238289,1088,0
180000,2,2,2,1,2,2,2,-1,-1,15548,15009,17752,17172,18732,23389,0,3000,0,2000,5000,2000,164452,164991,162248,162828,161268,156611,95602,1
200000,2,2,2,-1,-1,-1,-1,-1,-1,5150,10190,10190,10190,10594,11193,10190,10190,10190,10594,11193,10190,194850,189810,189810,189810,189406,188807,-5040,0
50000,1,4,1,-1,-1,-1,-1,-1,2,42543,34629,27095,18538,20100,19630,1900,1428,600,3000,0,1000,7457,15371,22905,31462,29900,30370,154607,0
50000,2,1,3,-1,-1,-1,-1,-1,-1,1261,1261,1261,1261,1261,1261,1261,1261,1261,1261,1261,1261,48739,48739,48739,48739,48739,48739,0,0
330000,1,2,2,-1,-1,-1,-1,-1,-1,4785,3403,0,5882,5882,1013,3523,0,5882,0,1013,0,325215,326597,330000,324118,324118,328987,10547,0
80000,2,4,1,2,2,5,5,4,3,1200,1200,1200,1200,600,300,0,0,0,0,0,0,78800,78800,78800,78800,79400,79700,5700,1
50000,2,4,1,-2,-2,-2,-2,-2,-2,3779,3944,2118,2259,3527,1100,3955,2124,2266,3638,1303,0,46221,46056,47882,47741,46473,48900,3441,0
360000,1,4,1,-1,-1,-1,-1,-1,-1,15854,8174,1004,1004,646,3508,1000,1004,1004,646,3508,0,344146,351826,358996,358996,359354,356492,23028,0
240000,2,2,2,-1,-1,-1,-1,-1,-1,219099,217058,187841,186140,191678,191816,8131,8123,6700,10000,7700,6000,20901,22942,52159,53860,48322,48184,1146978,0
50000,2,1,4,-1,-1,-1,-1,-1,-1,47069,48479,49520,18990,19539,19791,2169,2210,680,855,726,687,2931,1521,480,31010,30461,30209,196061,0
470000,2,2,2,-1,-1,-1,-1,-1,-1,190258,181207,120318,129281,113437,164377,40012,10020,40069,25005,100000,51305,279742,288793,349682,340719,356563,305623,632467,0
160000,3,2,4,-1,2,-1,-1,-1,-1,2000,1000,2125,2125,1000,2125,0,2125,2125,1000,2125,23250,158000,159000,157875,157875,159000,157875,-20250,0
30000,1,1,1,-1,-1,-1,-1,-1,-2,12897,13484,6655,6618,0,0,2011,2211,2101,148,0,0,17103,16516,23345,23382,30000,30000,33183,1
80000,2,2,2,-1,-1,-1,-1,-1,-1,81074,78262,76163,76813,77511,79069,3700,3400,2900,2900,2841,3100,-1074,1738,3837,3187,2489,931,450051,0
500000,3,4,3,-2,-1,-1,-1,-1,-1,10889,26146,104279,103945,101945,90193,29987,104279,2085,1130,45551,0,489111,473854,395721,396055,398055,409807,254365,0
180000,2,2,2,-1,-1,-1,-1,-1,-1,3135,2822,1938,5818,2628,2628,2833,2015,5818,2628,0,0,176865,177178,178062,174182,177372,177372,5675,0
110000,2,2,3,-1,-1,-1,-1,-1,-1,2410,2151,2161,1719,107591,107940,2151,2161,1719,107591,5000,3500,107590,107849,107839,108281,2409,2060,101850,0
160000,1,1,3,-1,-1,-1,-1,2,2,117126,11222,15513,18087,17499,19939,15315,15000,3000,0,3000,0,42874,148778,144487,141913,142501,140061,163071,0
210000,2,4,2,-1,-1,-1,-1,-1,-1,21780,20974,18652,13464,109722,105573,1325,1074,1000,99000,3745,4000,188220,189026,191348,196536,100278,104427,180021,0
200000,1,2,2,-1,-1,-1,-1,-1,-1,6206,6723,7545,362,181,488,1120,1024,362,0,488,300,193794,193277,192455,199638,199819,199512,18211,1
350000,1,2,2,-1,-1,-1,-1,-1,-1,4439,33720,14283,16426,10833,2261,33891,16267,4027,234,1565,26346,345561,316280,335717,333574,339167,347739,-368,0
250000,1,2,3,-1,-1,-1,-1,-1,-1,1338,-24,8324,5872,23020,2367,0,8348,0,23020,2367,3117,248662,250024,241676,244128,226980,247633,4045,1
380000,1,2,3,1,2,2,-2,-2,-2,8201,7882,-2,-2,-2,-2,39,0,0,0,0,0,371799,372118,380002,380002,380002,380002,16036,1
30000,2,2,3,-1,-1,-1,-1,-1,-1,396,396,396,792,396,772,396,396,792,0,772,0,29604,29604,29604,29208,29604,29228,792,0
200000,2,2,2,-1,-1,-1,-1,-1,-1,33781,35879,26043,27497,29082,31647,3000,2000,2000,2000,3000,4000,166219,164121,173957,172503,170918,168353,167929,0
30000,2,2,2,-1,-1,-1,-1,-1,-1,27826,28672,29622,30271,24536,22913,1600,1500,1000,1000,1000,1000,2174,1328,378,-271,5464,7087,156740,0
50000,2,2,1,-1,-1,-1,-1,-1,-1,14937,12171,3847,11117,6479,6187,3027,3858,11139,3009,3016,3008,35063,37829,46153,38883,43521,43813,27681,0
500000,1,1,2,-1,-1,-1,-1,-1,-1,294827,292920,291760,288024,274632,266669,20007,20026,20020,10017,15024,10002,205173,207080,208240,211976,225368,233331,1613736,0
30000,1,2,1,1,-2,-1,-1,-1,-2,0,0,1310,816,0,0,0,1310,816,0,0,0,30000,30000,28690,29184,30000,30000,0,0
220000,1,2,2,-1,-1,-1,-1,-1,-1,996,4102,4111,1057,990,1324,4102,1111,1057,990,1324,1039,219004,215898,215889,218943,219010,218676,2957,0
20000,2,2,1,-1,-1,-1,-1,-1,-1,42784,41009,44267,47149,48497,14774,3000,5000,10000,3011,2011,2011,-22784,-21009,-24267,-27149,-28497,5226,213447,0
180000,2,2,2,-1,-1,-1,-1,-1,-1,74189,30670,6428,4618,2708,54024,2000,1000,0,2708,54024,2000,105811,149330,173572,175382,177292,125976,110905,0
300000,1,1,3,-1,-1,-1,-1,-1,-1,11973,61834,25145,37666,19453,10492,20979,5000,37676,8808,2000,2709,288027,238166,274855,262334,280547,289508,89391,1
130000,2,2,2,-1,-1,-1,-1,-1,-1,133461,133393,132211,101807,101083,101597,7010,6657,3899,3952,3900,4000,-3461,-3393,-2211,28193,28917,28403,674134,0
180000,3,2,2,2,2,2,2,2,-1,10159,12689,12183,13979,13621,14809,2710,0,2000,0,2000,2000,169841,167311,167817,166021,166379,165191,68730,1
150000,1,6,2,-2,-2,-2,-2,-2,-2,50,6527,2168,-7,1373,-1,8589,2500,0,1380,0,2050,149950,143473,147832,150007,148627,150001,-4409,0
140000,2,1,2,-1,-1,-1,-1,-1,-1,134203,127319,107496,69218,70702,72267,5000,3500,2700,2600,2742,2700,5797,12681,32504,70782,69298,67733,561963,1
50000,2,4,1,-1,-1,-1,-1,-1,-1,49609,61162,31485,15281,18031,18233,2100,2000,4000,3000,1500,1000,391,-11162,18515,34719,31969,31767,180201,0
20000,2,2,1,1,2,2,-1,-1,-1,6174,7543,7255,3887,5887,0,2000,28,0,2000,0,0,13826,12457,12745,16113,14113,20000,26718,1
180000,1,2,1,-1,-1,-1,-1,-1,-1,666,662,-4,55566,1056,390,662,0,61411,1056,0,1998,179334,179338,180004,124434,178944,179610,-6791,0
180000,2,2,1,-1,-1,-1,-1,-1,-1,5591,6619,10574,7733,6794,5487,1126,4081,240,504,169,62,174409,173381,169426,172267,173206,174513,36616,1
150000,3,2,4,-1,-1,-1,-1,2,-1,148747,145231,145341,153833,151194,145738,5500,5500,11000,0,6000,5215,1253,4769,4659,-3833,-1194,4262,856869,0
70000,1,4,1,-1,-1,-1,-1,-1,-1,63903,65248,62958,64209,59482,60883,3000,2190,2201,2181,2413,1952,6097,4752,7042,5791,10518,9117,362746,0
30000,2,2,1,8,7,6,5,4,3,34423,33952,33165,32391,31332,30558,0,0,0,0,0,0,-4423,-3952,-3165,-2391,-1332,-558,195821,0
500000,1,2,2,-2,-2,-2,-2,-2,-2,45106,81264,18122,27229,21462,27911,81690,18225,27365,21570,28050,17397,454894,418736,481878,472771,478538,472089,26797,1
60000,3,1,3,-1,-1,-1,-1,-1,-1,44801,41545,40649,40843,40612,40656,3000,4506,2500,1800,4200,2500,15199,18455,19351,19157,19388,19344,230600,0
50000,1,4,1,-2,-2,-2,-2,-2,-2,49860,50187,50022,20114,18777,18273,2500,1289,917,1315,5042,2512,140,-187,-22,29886,31223,31727,193658,0
130000,3,2,3,1,-1,-1,-2,-1,-1,1018,6377,-2,935,4985,1212,6433,2,937,4990,1215,9546,128982,123623,130002,129065,125015,128788,-8598,1
260000,2,2,2,-2,-2,-2,-1,-1,-1,134736,135593,120909,102524,40157,40805,6067,10000,3000,40157,1466,2000,125264,124407,139091,157476,219843,219195,512034,0
380000,3,1,4,-2,-2,-2,-2,-2,-2,0,0,0,0,0,0,0,0,0,0,0,0,380000,380000,380000,380000,380000,380000,0,0
360000,2,4,1,2,2,2,2,2,2,286732,290690,284059,294308,297916,279503,10792,0,15000,5800,0,126685,73268,69310,75941,65692,62084,80497,1574931,0
50000,3,1,4,1,2,2,-1,-1,-1,62847,60885,56828,55419,54054,53143,2100,0,2000,2000,2455,4000,-12847,-10885,-6828,-5419,-4054,-3143,330621,0
50000,3,2,2,-1,-1,2,-1,-1,-1,58300,59727,142,29886,30510,31276,7876,161,74354,927,1089,9100,-8300,-9727,49858,20114,19490,18724,116334,0
260000,1,2,3,-1,2,2,-1,-1,-2,1215,856,291,803,98,431,0,291,803,98,431,1104,258785,259144,259709,259197,259902,259569,967,1
80000,2,4,1,-1,-1,-1,-1,-1,-1,57376,58649,59873,61077,62394,63655,2200,2200,2200,2300,2300,2600,22624,21351,20127,18923,17606,16345,349224,0
360000,1,4,1,-1,-1,-1,-1,-1,-2,279846,169426,68810,12800,0,0,7004,1793,2757,0,0,0,80154,190574,291190,347200,360000,360000,519328,1
290000,1,4,1,1,-2,-2,-2,-2,-2,0,0,0,0,0,0,0,0,0,0,0,0,290000,290000,290000,290000,290000,290000,0,1
200000,1,2,2,-2,-2,-2,-2,-2,-2,-200,-200,-200,0,60800,0,0,0,200,60800,0,0,200200,200200,200200,200000,139200,200000,-800,0
140000,1,1,3,-1,-1,-1,-1,2,2,39716,40799,41853,44452,45433,46383,1600,1600,3169,1700,1700,1495,100284,99201,98147,95548,94567,93617,247372,0
360000,1,1,2,1,-2,-2,-2,-2,-2,0,0,0,0,0,0,0,0,0,0,0,0,360000,360000,360000,360000,360000,360000,0,1
50000,2,4,1,-1,-1,-1,-1,-1,-1,780,0,780,390,390,500,0,780,0,390,500,18300,49220,50000,49220,49610,49610,49500,-17130,1
120000,2,2,1,2,2,-1,-1,-1,-1,113348,110119,111700,83858,86434,88802,0,5000,3158,3934,3802,2000,6652,9881,8300,36142,33566,31198,576367,0
100000,2,1,1,-1,-1,-1,-1,-1,-1,94453,95860,67782,-2618,95748,101299,3320,5000,0,100000,7186,0,5547,4140,32218,102618,4252,-1299,337018,0
200000,2,2,1,-1,-1,-1,-1,-1,-1,81865,86790,8441,97041,103541,3632,5000,2000,89000,6500,91,1504,118135,113210,191559,102959,96459,196368,277215,0
90000,2,2,3,-1,-1,-1,-1,-1,-1,4989,-818,1114,657,1332,780,0,2806,2256,2274,780,0,85011,90818,88886,89343,88668,89220,-62,0
360000,1,2,2,1,-2,-2,-2,-2,-2,0,0,0,0,0,0,0,0,0,0,0,0,360000,360000,360000,360000,360000,360000,0,1
150000,3,4,2,-2,-2,-2,-2,-2,-2,456,9664,3420,2527,0,0,9664,3420,2612,0,0,0,149544,140336,146580,147473,150000,150000,371,1
140000,1,2,1,-1,-1,-1,-1,-1,-1,2937,5150,1514,2573,495,1744,2024,1522,2580,496,1749,2265,137063,134850,138486,137427,139505,138256,3777,0
200000,2,4,2,-1,-1,-1,-2,-2,-1,1371,4068,0,0,0,980,4077,0,0,0,980,0,198629,195932,200000,200000,200000,199020,1362,0
170000,2,2,2,-1,-1,-1,-1,-1,-1,166246,169163,136604,136607,133199,135242,6700,6800,4700,4700,5500,5000,3754,837,33396,33393,36801,34758,843661,0
30000,2,2,2,-1,-1,4,3,2,-1,19785,24633,23961,23289,22779,51224,5500,0,0,0,3400,512,10215,5367,6039,6711,7221,-21224,156259,0
80000,1,4,1,-1,-1,-2,-2,-2,-2,80000,0,0,0,0,0,0,0,0,0,0,0,0,80000,80000,80000,80000,80000,80000,0
280000,1,2,2,-1,-1,-1,-1,-1,2,164736,170564,150666,133465,133536,132964,8833,12005,5000,8000,3000,5000,115264,109436,129334,146535,146464,147036,844093,0
410000,1,2,2,-1,-1,2,2,-2,-2,2744,2041,630,-736,-1591,-2303,2051,5,266,266,253,6384,407256,407959,409370,410736,411591,412303,-8440,0
450000,1,2,2,-1,-1,-1,-1,-1,-1,29747,53311,10920,8072,22809,12415,30323,10973,8112,22923,12476,6728,420253,396689,439080,441928,427191,437585,45739,0
80000,2,2,2,-1,-1,-1,-1,-1,-1,79148,52174,44275,42029,33838,29757,2000,2000,1500,1500,2000,1500,852,27826,35725,37971,46162,50243,270721,0
360000,1,1,3,-1,-1,-1,-1,-2,-2,92961,76243,51722,-8,-8,-16,10125,13092,0,0,0,0,267039,283757,308278,360008,360008,360016,197677,0
130000,1,2,2,-1,-1,-1,-1,-1,-1,129689,107070,103942,94623,90556,92394,5000,4400,5000,4000,3500,4000,311,22930,26058,35377,39444,37606,592374,0
160000,1,4,1,-1,-1,-1,-1,-1,-1,2198,11155,0,12315,0,11855,9155,0,12315,0,11855,0,157802,148845,160000,147685,160000,148145,4198,1
140000,3,4,4,2,-1,-1,-1,-1,-1,131795,134083,125360,99313,90623,92425,6743,5421,3926,3290,3310,3424,8205,5917,14640,40687,49377,47575,647485,1
240000,3,2,3,1,-2,-1,-1,-1,-1,-55,-55,3545,1338,1075,1744,0,3600,1338,1075,1744,0,240055,240055,236455,238662,238925,238256,-165,0
180000,3,6,3,-1,-1,-2,-2,-2,-2,4148,0,0,0,0,0,0,0,0,0,0,0,175852,180000,180000,180000,180000,180000,4148,0
70000,1,3,4,-1,-1,-1,-1,-1,-1,69398,70352,69936,68118,65942,62495,2667,2321,2391,2316,2466,1451,602,-352,64,1882,4058,7505,392629,0
150000,2,4,1,-1,-1,-1,-1,-1,-1,142827,126317,75324,78773,95375,57663,5000,4000,5000,40000,3000,2880,7173,23683,74676,71227,54625,92337,516399,0
210000,3,2,2,-2,-2,-2,-2,-2,-2,138398,109115,101912,62959,60767,41150,5000,5000,2500,2800,2000,0,71602,100885,108088,147041,149233,168850,497001,0
200000,1,2,2,-1,-1,-1,-1,-1,-1,9918,10971,11817,17865,18239,14527,1219,1165,7865,592,807,679,190082,189029,188183,182135,181761,185473,71010,0
310000,2,2,2,-2,-2,-2,-2,-2,-2,4040,4048,3959,205,3199,5104,4068,3964,205,3209,5109,1434,305960,305952,306041,309795,306801,304896,2566,0
180000,1,1,2,-1,-1,-1,-1,-1,2,153099,150227,138313,137274,147314,129870,7005,6500,5000,12042,32,1300,26901,29773,41687,42726,32686,50130,824218,0
300000,2,2,2,-1,-1,-1,-1,-1,-1,62198,35674,34979,510,2166,765,1600,2600,510,903,765,773,237802,264326,265021,299490,297834,299235,129141,0
450000,1,4,3,-1,-1,-1,-1,-1,-1,11343,75083,25273,85357,27745,1990,75459,25413,85784,27856,2000,1900,438657,374917,424727,364643,422255,448010,8379,0
200000,1,2,2,1,-1,-1,-1,-1,-1,-5,3465,3191,1873,90687,4577,3470,3191,0,90729,0,6266,200005,196535,196809,198127,109313,195423,132,0
30000,2,2,5,2,2,-1,-1,2,2,30374,29038,27737,29499,30124,26855,0,1500,2182,1200,0,2302,-374,962,2263,501,-124,3145,166443,1
400000,1,2,3,-1,-1,-1,-1,-1,-1,1107,3891,120338,8318,8488,130,3891,120407,0,170,130,8595,398893,396109,279662,391682,391512,399870,9079,0
170000,1,2,2,-1,-1,-1,-1,-1,-1,764,1100,500,2499,1500,600,1105,500,2499,1500,600,2100,169236,168900,169500,167501,168500,169400,-1341,0
140000,1,4,2,-1,2,-1,-1,-1,-1,652,326,326,326,476,326,0,326,326,476,326,326,139348,139674,139674,139674,139524,139674,652,1
200000,2,4,2,-1,-1,-1,-1,-1,-1,64195,65565,66870,68752,70485,71887,3000,3000,3000,3000,2575,3000,135805,134435,133130,131248,129515,128113,390179,0
60000,2,6,2,1,-2,-2,-2,-2,-2,-1540,-1930,-2320,-1220,0,0,0,0,2000,2000,0,0,61540,61930,62320,61220,60000,60000,-11010,0
60000,2,2,1,1,2,-1,-1,2,2,43356,42381,46663,49877,50734,49764,0,5000,4000,1800,0,2000,16644,17619,13337,10123,9266,10236,269975,1
150000,1,2,1,-1,-1,-1,-1,-1,-1,11109,83376,79726,76986,78038,78321,78016,3048,4000,3500,3000,3000,138891,66624,70274,73014,71962,71679,312992,0
180000,3,1,4,-1,-1,-1,-1,-1,-1,149698,137260,124500,111430,98182,84598,4834,4371,3849,3405,2887,2402,30302,42740,55500,68570,81818,95402,683920,1
50000,3,4,1,-1,-1,-1,-1,-1,-1,43979,33403,20879,18573,17318,17936,2000,2000,2000,1000,1000,2800,6021,16597,29121,31427,32682,32064,141288,0
50000,3,2,1,-1,-1,-1,-1,-1,-1,2562,8743,-290,18115,18495,18804,8769,0,18650,659,1000,1000,47438,41257,50290,31885,31505,31196,36351,0
20000,2,2,1,-1,-1,-2,-2,-2,-2,70,-620,-620,-1400,0,0,0,0,0,1400,0,0,19930,20620,20620,21400,20000,20000,-3970,0
230000,2,4,4,2,-1,2,-1,-1,-1,1292,3943,1990,1499,593,2553,3951,1,9,594,2560,3759,228708,226057,228010,228501,229407,227447,996,1
110000,2,2,3,-1,-1,-1,-1,-1,-1,55349,52914,49483,49292,49460,49470,2096,2003,1802,1783,1783,1756,54651,57086,60517,60708,60540,60530,294745,0
90000,1,4,2,-1,-1,-1,-1,-1,-1,90922,80980,66503,67347,68509,67588,4273,3200,2500,2500,2631,2646,-922,9020,23497,22653,21491,22412,424099,0
20000,1,4,1,2,2,2,2,2,2,16233,20547,20542,19572,20437,19994,5383,660,0,1538,0,2658,3767,-547,-542,428,-437,6,107086,1
30000,1,4,1,-1,-1,-1,-1,-1,-1,26847,24815,21681,22293,17155,13470,2500,3500,2000,3500,2000,1000,3153,5185,8319,7707,12845,16530,111761,0
220000,3,1,2,-1,-1,-1,-1,2,-1,162105,170592,173969,183030,181385,174107,10000,5013,10626,52,5255,4222,57895,49408,46031,36970,38615,45893,1010020,1
140000,3,4,1,1,2,2,2,-1,-1,42897,45739,46468,45422,46371,47297,3821,1775,0,1833,1850,2000,97103,94261,93532,94578,93629,92703,262915,1
300000,1,2,3,-2,-2,-2,-2,-2,-2,3000,3300,0,0,610,2165,3300,0,0,610,2165,2394,297000,296700,300000,300000,299390,297835,606,0
100000,2,1,3,-1,-1,-1,2,-1,-1,34704,30906,28325,22160,18842,17023,2011,2028,10,558,1044,12,65296,69094,71675,77840,81158,82977,146297,0
110000,2,2,2,2,2,3,3,2,-1,279,279,279,279,129,179,0,0,0,0,200,0,109721,109721,109721,109721,109871,109821,1224,0
270000,3,4,2,-1,-1,-1,-1,-1,-1,10000,10000,10000,123693,116843,110059,10000,10000,222750,5000,5008,5026,260000,260000,260000,146307,153157,159941,122811,0
30000,1,1,3,-1,-1,-1,-1,-1,-1,28033,17085,200,323,29525,0,1525,200,323,29525,0,0,1967,12915,29800,29677,475,30000,43593,0
70000,3,2,3,-1,-1,-1,-1,-1,-1,70476,68539,69520,51605,50311,50729,2700,3500,2000,2000,2500,2500,-476,1461,480,18395,19689,19271,345980,0
230000,2,1,4,2,2,-2,-2,-2,-1,1350,0,0,0,0,470,0,0,0,0,470,0,228650,230000,230000,230000,230000,229530,1350,0
20000,2,2,1,-1,-1,-1,-1,-1,-1,18852,16648,19395,20271,20445,17532,1500,4000,2000,2000,2900,2735,1148,3352,605,-271,-445,2468,98008,0
190000,1,4,2,1,2,-1,-1,-1,-1,115056,108137,89722,69861,49894,49727,0,4413,2942,2000,1583,1500,74944,81863,100278,120139,140106,140273,469959,0
20000,2,2,1,-1,-1,-1,-1,-1,-1,15890,13995,13375,14205,15869,16666,2000,2000,1000,2000,1000,1000,4110,6005,6625,5795,4131,3334,81000,0
80000,3,2,5,-1,-1,-1,-1,-1,-1,20255,18885,21529,29236,10662,2408,6000,5002,10662,2,2408,11662,59745,61115,58471,50764,69338,77592,67239,0
20000,3,1,2,2,-1,-1,-1,-1,-2,20500,16237,20960,6914,1017,780,2191,1000,0,1017,780,6380,-500,3763,-960,13086,18983,19220,55040,1
60000,3,2,2,-1,-1,-1,2,-1,-1,9928,11261,12853,12352,12703,13338,1500,2090,0,700,1000,1400,50072,48739,47147,47648,47297,46662,65745,1
50000,2,1,3,-1,-1,-1,-1,-1,-1,10750,8755,8684,5983,4252,5034,1507,3109,2209,2000,2500,3000,39250,41245,41316,44017,45748,44966,29133,0
280000,2,2,4,-1,-1,-1,-1,-1,-1,284204,284041,283396,213294,213384,213604,10261,17003,7657,7750,7861,8083,-4204,-4041,-3396,66706,66616,66396,1433308,1
300000,1,1,3,-1,-1,-1,-1,-1,-1,120151,89618,47857,48128,50332,23688,4229,5024,6012,5191,12139,110247,179849,210382,252143,251872,249668,276312,236932,0
30000,3,2,4,2,-1,-1,-1,-1,-1,29278,30393,29785,30377,30155,31098,1600,1585,1377,1155,2600,0,722,-393,215,-377,-155,-1098,172769,1
270000,2,2,1,-1,-1,-1,-1,-1,-1,21586,239499,203867,188064,147915,139976,239104,7098,6179,5023,6090,4000,248414,30501,66133,81936,122085,130024,673413,0
100000,3,2,2,-1,-1,-1,-1,-1,-1,87579,72308,53505,43371,48125,40388,4172,2094,3007,10021,3012,1527,12421,27692,46495,56629,51875,59612,321443,0
240000,2,2,3,-1,-1,-1,-1,-1,-1,291,291,291,291,291,291,291,291,291,291,291,291,239709,239709,239709,239709,239709,239709,0,1
200000,1,2,3,-1,-1,-1,-1,-1,-1,2159,760,2775,22813,10526,326,1086,2775,22813,10526,326,573,197841,199240,197225,177187,189474,199674,1260,0
110000,1,4,2,-1,-1,2,2,-1,-1,32691,36344,36055,36163,37028,38250,4500,600,1000,1600,2000,2000,77309,73656,73945,73837,72972,71750,204831,0
230000,1,1,5,-1,-1,-1,-1,-1,-1,1477,3699,2252,4932,2783,7411,3710,2266,7338,2791,7433,4527,228523,226301,227748,225068,227217,222589,-5511,0
150000,2,2,3,-1,-1,-1,-1,-1,-1,390,5104,10318,5775,14441,780,5104,10318,10355,14441,780,66950,149610,144896,139682,144225,135559,149220,-71140,1
350000,1,2,2,-1,-1,-1,-1,-1,-1,148341,8095,15047,3220,20461,3249,8405,15052,3805,20467,3253,27168,201659,341905,334953,346780,329539,346751,120263,0
360000,4,1,5,-1,-1,-1,-1,-1,-1,47615,74976,4040,151858,48580,1451,75351,4064,152618,48822,1451,171944,312385,285024,355960,208142,311420,358549,-125730,0
150000,2,4,3,1,-1,-1,-1,-1,-2,-19,3894,5570,10516,-3,-3,3913,5606,10568,0,0,2379,150019,146106,144430,139484,150003,150003,-2511,0
100000,3,2,3,-1,-1,-1,-1,-1,-1,94925,95130,60003,38500,4681,76728,3889,2412,1698,679,72809,2748,5075,4870,39997,61500,95319,23272,285732,0
500000,1,2,1,-1,-1,-1,-1,-1,-1,204198,201648,197549,192093,187726,183860,7434,6342,5276,5271,5778,5029,295802,298352,302451,307907,312274,316140,1131944,0
500000,1,2,2,-1,-1,-1,-1,-1,-1,172041,70011,12976,34469,27425,28506,58761,13976,34828,28289,18175,17500,327959,429989,487024,465531,472575,471494,173899,0
180000,3,2,3,-1,-1,-1,-1,-1,-1,316,316,316,316,316,316,316,316,316,316,316,316,179684,179684,179684,179684,179684,179684,0,0
400000,3,2,2,1,-1,-1,-1,-2,-1,2384,3500,471,-203,2371,1949,3603,471,203,2574,1949,1040,397616,396500,399529,400203,397629,398051,632,0
100000,2,4,1,-1,-1,-1,-1,-1,-1,61383,49560,40183,61820,8322,6182,1908,2000,1000,2000,3000,5000,38617,50440,59817,38180,91678,93818,212542,0
10000,2,1,2,1,2,2,2,2,2,8425,8148,9481,9180,10052,10091,0,1632,0,1022,350,0,1575,1852,519,820,-52,-91,52373,0
60000,1,4,2,2,2,2,2,2,2,34735,33895,36530,37133,37893,37131,0,3200,1500,1500,0,1700,25265,26105,23470,22867,22107,22869,209417,0
50000,1,4,1,1,2,2,2,2,2,47054,48008,48913,49847,50840,49502,2000,2000,2000,1900,1900,1600,2946,1992,1087,153,-840,498,282764,1
80000,2,4,1,-1,-1,-1,-1,-1,-1,57314,58489,50452,51573,49061,33931,2145,2000,2012,2049,2008,1217,22686,21511,29548,28427,30939,46069,289389,0
110000,2,2,3,-1,-1,2,-1,-1,-1,108616,114854,105275,107561,105502,103813,9600,0,4000,3765,4000,4200,1384,-4854,4725,2439,4498,6187,620056,0
410000,2,2,3,-1,-1,-1,-1,-1,-1,354506,363666,369776,368779,369358,368043,14600,15500,14000,13580,14000,19000,55494,46334,40224,41221,40642,41957,2103448,1
260000,2,2,3,1,-1,-1,-2,-2,-2,0,342,0,0,0,0,342,0,0,0,0,0,260000,259658,260000,260000,260000,260000,0,0
30000,3,2,2,-1,-1,-1,-1,-1,-1,28786,26496,25098,26209,25325,26400,1500,1450,1500,1500,1500,1500,1214,3504,4902,3791,4675,3600,149364,0
310000,1,4,1,-1,-1,-1,-1,-1,-1,36513,37628,39579,40879,85,4381,2500,3000,1500,85,4381,11100,273487,272372,270421,269121,309915,305619,136499,0
70000,2,4,2,-1,-1,-1,-1,-1,-1,22578,23606,24619,25107,25634,26143,1397,1410,898,931,936,970,47422,46394,45381,44893,44366,43857,141145,0
250000,1,2,2,-1,-1,-1,-1,-1,-1,215316,198490,169014,167776,168110,168505,6845,5945,5919,6000,6059,5837,34684,51510,80986,82224,81890,81495,1050606,0
210000,3,1,1,1,2,-1,-1,-1,-1,198510,194040,199393,194538,195990,194136,0,10000,7000,8000,8000,7200,11490,15960,10607,15462,14010,15864,1136407,0
360000,2,1,3,1,-2,-2,-2,-2,-2,0,0,0,0,0,0,0,0,0,0,0,0,360000,360000,360000,360000,360000,360000,0,1
50000,2,2,2,1,2,-1,-1,2,-1,48657,45079,47714,19586,19143,20051,0,4300,2150,0,1204,1000,1343,4921,2286,30414,30857,29949,191576,0
670000,1,2,1,-1,-1,-1,-1,-1,-1,244663,243209,229265,228114,232795,237726,10000,8000,8500,8190,9000,8000,425337,426791,440735,441886,437205,432274,1364082,0
130000,1,2,1,-1,-1,-1,-1,-1,-1,2343,32278,24175,15182,12805,14415,32322,1217,1000,3000,2000,390,127657,97722,105825,114818,117195,115585,61269,0
170000,1,1,3,1,-2,-2,-2,-2,-1,0,0,0,0,0,2485,0,0,0,0,2485,7797,170000,170000,170000,170000,170000,167515,-7797,0
30000,3,2,1,-1,-1,-1,-1,-2,-2,390,0,780,0,0,0,0,780,0,0,0,0,29610,30000,29220,30000,30000,30000,390,0
110000,1,1,4,-1,-1,-1,-1,-1,-1,36802,38210,40259,41585,42913,44197,2000,3000,2000,2000,2000,2000,73198,71790,69741,68415,67087,65803,230966,0
210000,3,4,3,1,2,-1,-1,-1,-1,5816,5579,20079,17309,2310,241,13,17309,0,2310,241,4000,204184,204421,189921,192691,207690,209759,27461,1
30000,2,4,1,-1,-1,2,2,2,-1,24238,26996,26269,27734,27151,28199,3462,0,2200,0,1500,1500,5762,3004,3731,2266,2849,1801,151925,1
260000,2,2,3,-1,-1,2,2,2,-1,18256,19556,18136,24018,21490,18196,2934,0,8000,0,2000,8000,241744,240444,241864,235982,238510,241804,98718,0
150000,3,4,1,-2,-1,-1,-1,-1,-1,1723,2292,240,683,3486,5390,6876,240,683,3486,5390,1200,148277,147708,149760,149317,146514,144610,-4061,0
20000,2,2,2,1,2,2,3,2,-1,18648,18061,21034,20419,19289,19600,0,3292,0,0,781,701,1352,1939,-1034,-419,711,400,112277,1
380000,1,2,3,-1,-1,-2,-2,-2,-2,6614,54457,47872,24543,0,0,49094,0,24543,0,0,0,373386,325543,332128,355457,380000,380000,59849,0
200000,1,2,3,-2,-2,-2,-2,-2,-2,7812,0,0,1115,0,0,0,0,1115,0,0,0,192188,200000,200000,198885,200000,200000,7812,0
120000,2,2,3,-1,-1,-1,-1,-1,-1,1188,2512,3444,1742,502,346,2512,3444,1742,502,346,325,118812,117488,116556,118258,119498,119654,863,0
80000,2,1,4,-1,-1,-1,-1,-1,-1,76962,79463,79761,30286,29898,30364,4000,3500,1100,1100,1200,1000,3038,537,239,49714,50102,49636,314834,1
30000,2,4,2,1,2,-1,-1,-1,-1,31089,10989,11997,12397,13043,13325,0,1200,600,1000,650,650,-1089,19011,18003,17603,16957,16675,88740,0
110000,2,2,1,1,2,2,2,-1,-1,83687,85360,86274,84001,85897,88759,3900,3200,0,3400,4500,2600,26313,24640,23726,25999,24103,21241,496378,0
50000,3,2,3,-1,-1,-1,-1,-1,-1,3424,155,1922,1473,1865,835,155,1922,1473,1865,835,1833,46576,49845,48078,48527,48135,49165,1591,0
90000,2,2,1,-1,-1,-1,-1,-1,-1,84148,79847,75576,75266,74431,68399,5006,4007,5006,4003,3014,4007,5852,10153,14424,14734,15569,21601,432624,0
110000,1,2,2,-1,-1,-1,-1,-1,-1,12633,88334,53978,23687,26567,8435,80004,1500,12013,7000,2000,4000,97367,21666,56022,86313,83433,101565,107117,0
50000,3,1,4,-1,-1,-1,-1,-1,-1,38607,39681,40717,41682,42857,45581,2000,2000,1642,2000,3600,0,11393,10319,9283,8318,7143,4419,237883,0
60000,1,2,1,-2,-2,-2,-2,-1,-1,11862,1856,-14,4839,9567,11407,1861,0,4853,9567,2000,0,48138,58144,60014,55161,50433,48593,21236,0
150000,2,4,2,-1,-1,-1,-1,-1,-1,80463,82513,84271,43832,33963,34638,3348,3490,1402,1233,1240,1284,69537,67487,65729,106168,116037,115362,347683,1
20000,1,2,1,1,2,-1,-1,-1,-2,18738,18016,7190,7190,0,0,20,1500,0,0,0,0,1262,1984,12810,12810,20000,20000,49614,0
140000,3,2,4,1,-2,-2,-2,-2,-2,-150,-150,-150,-150,-150,-150,0,0,0,0,0,0,140150,140150,140150,140150,140150,140150,-900,1
120000,2,2,2,1,-1,-1,-1,-1,-1,-9,898,7752,4447,8495,0,907,7772,4447,8495,0,528,120009,119102,112248,115553,111505,120000,-566,0
200000,2,4,3,2,-1,-1,-1,-1,-1,176502,176297,162826,160186,161965,152361,8000,7300,6000,6000,6000,6000,23498,23703,37174,39814,38035,47639,950837,1
20000,2,2,2,1,2,4,3,2,2,19977,21359,20581,19860,19690,1735,2000,0,0,0,500,0,23,-1359,-581,140,310,18265,100702,1
50000,2,2,1,-1,-1,-1,-1,-1,-1,48221,49629,48868,49668,49780,49980,2571,1200,1000,40000,1000,0,1779,371,1132,332,220,20,250375,0
200000,2,2,3,-1,-1,-1,-1,-1,-1,18012,18367,16996,11461,8150,5584,1385,1020,229,183,5584,888,181988,181633,183004,188539,191850,194416,69281,0
100000,2,4,1,-2,-1,-1,-1,-1,-1,75912,85276,88498,90289,92485,95630,10000,4000,2600,3000,4000,5000,24088,14724,11502,9711,7515,4370,499490,0
300000,1,1,2,-1,-1,-2,-2,-2,-2,2285,0,0,0,0,0,0,0,0,0,0,0,297715,300000,300000,300000,300000,300000,2285,0
500000,1,4,2,-1,-1,-1,-1,-1,-1,22369,14100,24754,21443,13892,11241,14128,24902,21479,11465,11356,66710,477631,485900,475246,478557,486108,488759,-42241,0
360000,2,2,4,-1,-1,-2,-2,-2,-2,2995,2401,2277,500,3586,7399,2406,2282,500,3586,7399,600,357005,357599,357723,359500,356414,352601,2385,0
160000,1,4,1,1,-2,-2,-2,-2,-2,0,0,0,0,0,0,0,0,0,0,0,0,160000,160000,160000,160000,160000,160000,0,0
50000,2,4,1,-1,-1,-1,2,2,2,47053,47835,51109,51713,52738,48789,1842,4116,2000,1950,0,1885,2947,2165,-1109,-1713,-2738,1211,287444,1
230000,2,2,2,-1,-1,-1,-1,-1,-1,234328,234211,157345,155335,153427,150514,8913,5449,5339,5370,4435,4432,-4328,-4211,72655,74665,76573,79486,1051222,1
200000,2,4,2,1,-1,-1,-1,-1,-1,0,3346,0,465,1775,8722,3346,0,465,1775,8722,0,200000,196654,200000,199535,198225,191278,0,0
270000,1,1,3,3,3,4,4,4,4,256402,264267,271951,278509,283545,278436,17944,18112,15405,10000,0,0,13598,5733,-1951,-8509,-13545,-8436,1571649,0
50000,2,2,2,2,2,2,-1,-1,2,45159,49125,47956,43578,35126,34420,4700,0,2004,3500,0,1000,4841,875,2044,6422,14874,15580,244160,0
20000,2,2,1,1,2,2,2,-1,-1,15764,15718,17164,16594,18158,19554,500,2000,0,2000,1700,0,4236,4282,2836,3406,1842,446,96752,0
60000,2,4,2,-1,-1,-1,-1,2,-1,59643,61279,61017,30117,29526,29201,3200,2535,2331,0,1073,2134,357,-1279,-1017,29883,30474,30799,259510,0
50000,2,2,2,-1,-1,-1,-1,-1,-1,2522,0,18171,17051,390,16526,0,18171,341,0,16526,324,47478,50000,31829,32949,49610,33474,19298,0
50000,2,1,3,-1,-1,-1,-1,-1,-1,19339,20424,20086,18600,19153,19289,1703,1306,810,1000,900,900,30661,29576,29914,31400,30847,30711,110272,0
130000,3,2,3,-1,-1,-1,-1,-1,2,109006,110256,113283,101247,96939,81977,4500,5000,4000,10600,0,2300,20994,19744,16717,28753,33061,48023,586308,0
230000,3,4,3,-1,-1,-1,-1,-1,-1,147300,121855,102074,94225,96616,95849,10000,5000,4000,4000,5000,4000,82700,108145,127926,135775,133384,134151,625919,0
20000,2,2,1,-1,-1,-1,-2,-1,-1,3400,4129,0,0,3244,3314,1000,0,0,3244,124,66,16600,15871,20000,20000,16756,16686,9653,0
30000,1,4,1,-1,-1,2,-1,-1,2,19801,20449,19798,20217,21435,19239,3000,0,700,1500,0,323,10199,9551,10202,9783,8565,10761,115416,0
200000,1,2,2,-1,-1,-1,-1,-1,-1,8432,6977,6727,6864,5253,3388,3746,6737,2013,10,20,10901,191568,193023,193273,193136,194747,196612,14214,0
140000,2,2,1,-1,-1,-2,-2,-1,-1,2515,0,0,0,2243,5530,0,0,0,2243,5530,4441,137485,140000,140000,140000,137757,134470,-1926,0
100000,2,2,2,2,-1,-1,2,2,-1,98845,95265,98571,99322,96661,95951,4600,8002,4003,2,4005,4000,1155,4735,1429,678,3339,4049,560003,1
240000,2,1,2,2,2,2,-1,-1,-1,127418,135942,132640,135320,138523,141618,10400,0,4500,5000,5000,5000,112582,104058,107360,104680,101477,98382,781561,1
70000,1,4,2,2,2,7,7,7,7,2400,2400,2400,2400,2400,2400,0,0,0,0,0,0,67600,67600,67600,67600,67600,67600,14400,1
360000,1,2,2,1,2,-1,-1,-1,-1,71195,60553,60158,16672,35039,8320,0,1399,0,35039,8320,5169,288805,299447,299842,343328,324961,351680,202010,0
140000,1,4,2,1,2,-1,-1,-1,-1,149389,145757,144229,144470,144386,120586,0,5350,5555,5836,4191,4341,-9389,-5757,-4229,-4470,-4386,19414,823544,0
50000,2,1,4,-1,2,-1,-1,-1,-1,2072,1532,3106,2721,780,0,0,2000,5,0,0,0,47928,48468,46894,47279,49220,50000,8206,0
210000,2,2,2,-1,-1,-1,-1,-1,-1,396,590,2042,1646,396,396,590,2042,0,396,396,396,209604,209410,207958,208354,209604,209604,1646,0
280000,1,2,2,1,2,2,-1,-1,-1,191493,187913,169223,153063,133490,130377,1000,7600,5949,6000,5200,5117,88507,92087,110777,126937,146510,149623,934693,0
180000,2,4,3,2,2,2,2,2,2,50420,51818,52372,52917,54123,55176,2500,2000,2000,2200,2100,2200,129580,128182,127628,127083,125877,124824,303826,1
150000,1,4,2,-1,-1,-1,-1,-1,-1,10705,5416,5162,4068,249,249,1000,5162,1000,249,249,5565,139295,144584,144838,145932,149751,149751,12624,0
20000,3,1,3,1,2,-1,-1,-1,2,19739,19137,19857,15422,19279,9537,0,1200,0,9537,0,0,261,863,143,4578,721,10463,92234,0
350000,2,2,1,-1,-1,-1,-1,-1,-1,8760,5882,9845,4677,5767,6532,5932,9908,4692,5787,6548,4863,341240,344118,340155,345323,344233,343468,3733,0
130000,1,4,1,-1,-1,-1,-1,-1,-1,3820,2640,30403,9630,7120,3940,2640,30403,193,7120,79,9589,126180,127360,99597,120370,122880,126060,7529,0
470000,3,1,2,1,-2,-2,-2,-2,-2,0,0,0,0,0,0,0,0,0,0,0,789,470000,470000,470000,470000,470000,470000,-789,0
340000,2,2,3,-1,-1,-1,-1,-1,-1,4052,0,4105,2895,2895,2360,0,4105,0,0,2360,1090,335948,340000,335895,337105,337105,337640,8752,0
80000,2,2,1,1,2,2,2,-1,-1,77389,75585,80300,75724,77504,79715,0,6000,0,3000,3500,3000,2611,4415,-300,4276,2496,285,450717,0
70000,1,2,2,-1,-1,-1,-1,-2,-2,70524,70740,46740,0,0,0,2500,2000,0,0,0,0,-524,-740,23260,70000,70000,70000,183504,0
230000,2,2,3,-2,-2,-2,-2,-2,-2,5990,1677,2920,2683,1674,3273,1677,2920,2683,1674,3273,2749,224010,228323,227080,227317,228326,226727,3241,0
180000,2,2,2,-1,-1,-1,-2,-1,-1,21494,25600,0,0,36565,37353,5000,0,0,36565,1548,1000,158506,154400,180000,180000,143435,142647,76899,0
210000,2,2,2,-1,-1,-1,-1,-1,-1,26749,34451,25200,19850,15530,13021,14000,3007,5000,1000,13021,22171,183251,175549,184800,190150,194470,196979,76602,0
20000,2,2,1,-1,-1,-1,-1,-1,-1,780,0,390,390,780,0,0,390,390,780,0,0,19220,20000,19610,19610,19220,20000,780,0
140000,2,4,1,2,-1,-1,-1,-1,-1,137606,140557,111000,3238,89437,91136,6000,3200,3238,89437,3228,3000,2394,-557,29000,136762,50563,48864,464871,0
200000,1,2,4,-1,-1,-1,-1,-1,-1,115702,113576,109812,104567,100541,96495,5517,5381,3838,3589,3397,3296,84298,86424,90188,95433,99459,103505,615675,0
50000,3,2,4,-1,-1,-1,-1,-1,-1,47822,36488,36811,13234,11543,10751,2009,2000,556,378,619,5000,2178,13512,13189,36766,38457,39249,146087,0
80000,1,4,1,-1,-1,-1,-1,-1,-1,3526,6687,4356,3450,4318,0,6687,1000,0,4318,0,254,76474,73313,75644,76550,75682,80000,10078,0
30000,3,4,3,-1,-1,-1,-1,-1,-1,1445,3410,5338,7239,9112,10949,2000,2000,2000,2000,2000,2000,28555,26590,24662,22761,20888,19051,25493,0
140000,1,4,1,-1,-1,2,-1,-1,-1,9305,13614,13103,14077,15189,16275,4800,0,1500,1500,1500,1500,130695,126386,126897,125923,124811,123725,70763,1
80000,3,1,5,-1,-1,-1,-1,-1,-1,1262,1642,1975,672,5112,3932,1642,1975,672,5112,3932,20289,78738,78358,78025,79328,74888,76068,-19027,0
220000,3,2,2,-1,-1,-1,-1,-1,-1,20000,3450,5516,47619,28800,8561,3450,5549,50019,28800,8561,16599,200000,216550,214484,172381,191200,211439,968,0
180000,1,4,2,-1,-1,-1,-1,-1,-1,666,666,666,666,666,666,666,666,666,666,666,666,179334,179334,179334,179334,179334,179334,0,0
140000,2,2,1,-1,-1,-1,-1,-1,-1,81764,92071,43777,22806,12643,29707,20167,5000,28800,2000,20007,10009,58236,47929,96223,117194,127357,110293,196785,1
180000,2,2,1,2,2,2,-1,-1,-1,10022,12847,12351,12350,12608,12892,3000,0,500,455,491,500,169978,167153,167649,167650,167392,167108,68124,1
50000,2,4,2,-1,-1,-1,-1,-1,-1,14536,15694,16431,17056,17581,18089,1700,1300,900,800,800,900,35464,34306,33569,32944,32419,31911,92987,0
170000,2,4,1,-1,-1,-1,-1,-1,-1,97474,78520,80131,70788,68927,70678,2932,3000,2500,3000,2900,2918,72526,91480,89869,99212,101073,99322,449268,0
50000,2,2,2,-1,-1,-1,-1,-1,-1,50958,50889,49697,9176,9368,9554,2042,1150,329,340,342,354,-958,-889,303,40824,40632,40446,175085,0
50000,2,2,1,-1,-1,-1,-1,-1,-1,49144,20818,17890,18310,17931,18633,1500,1300,700,1000,1000,1000,856,29182,32110,31690,32069,31367,136226,0
300000,2,1,1,-1,-1,-2,-2,-2,-2,1874,-200,-200,-200,-200,-200,0,0,0,0,0,0,298126,300200,300200,300200,300200,300200,874,0
390000,1,4,1,2,-1,-1,-1,-1,-1,386301,392458,290201,295606,300709,305904,17000,11000,11000,10656,11000,12000,3699,-2458,99799,94394,89291,84096,1898523,0
90000,2,2,4,2,2,-1,-1,-1,-1,81998,83674,80890,31565,33049,22694,4003,3000,3000,3000,2000,2000,8002,6326,9110,58435,56951,67306,316867,1
200000,1,4,1,-1,-1,-1,-1,-1,-1,194241,193425,196537,195268,192829,192499,12000,8500,7000,10000,10000,10000,5759,6575,3463,4732,7171,7501,1107299,0
460000,1,2,1,-1,-1,-1,-1,-1,-1,410033,385394,325663,324067,324749,327929,16088,13039,11127,11017,11110,11113,49967,74606,134337,135933,135251,132071,2024341,0
10000,2,2,1,-1,-1,-1,-1,-1,-2,3714,4158,4654,3080,0,0,1104,1000,31,0,0,0,6286,5842,5346,6920,10000,10000,13471,0
20000,2,1,2,-1,-1,-1,-1,-1,-1,1261,2835,2522,1261,1261,930,2835,1000,0,1261,930,540,18739,17165,17478,18739,18739,19070,3504,1
50000,2,2,4,-1,-1,-1,-1,-2,-1,1232,1846,697,364,0,760,1846,697,364,0,760,5862,48768,48154,49303,49636,50000,49240,-4630,0
480000,2,2,2,-1,-1,-1,-1,-1,-1,90258,76099,56776,37484,37906,18387,30000,1708,1292,1010,772,705,389742,403901,423224,442516,442094,461613,281423,0
180000,1,4,1,-1,-1,-1,-1,-1,-1,169263,174532,176686,165491,169222,173246,8000,6700,6000,6400,7000,7000,10737,5468,3314,14509,10778,6754,987340,0
240000,1,4,1,-1,-1,-1,-1,-1,-2,3093,2322,8186,3980,0,0,2000,2020,2500,0,0,85,236907,237678,231814,236020,240000,240000,10976,0
250000,1,2,2,-2,-2,-2,-2,-2,-2,584,3291,8660,7495,1120,62,3307,8703,7532,1125,62,7718,249416,246709,241340,242505,248880,249938,-7235,0
270000,2,4,2,-1,-1,-1,-1,-1,-1,381,3376,2958,4154,5885,3129,3406,2983,4172,5912,3143,0,269619,266624,267042,265846,264115,266871,267,1
200000,1,1,2,-1,-1,-1,-1,-1,-1,123337,11148,19165,21171,17762,23670,11202,19275,22304,23850,23784,84430,76663,188852,180835,178829,182238,176330,31408,0
100000,3,2,5,-1,-1,-1,-1,-1,-1,100036,100041,100402,97141,97143,97532,4702,4617,3600,3865,3850,3705,-36,-41,-402,2859,2857,2468,567956,0
160000,1,2,2,-2,-2,-2,-2,-2,-2,710,666,403,1650,336,790,666,403,1650,336,790,1141,159290,159334,159597,158350,159664,159210,-431,0
80000,2,2,3,-1,-1,-1,-1,-1,-1,81841,74516,69485,30396,30595,29033,4100,2507,2140,2000,1500,1000,-1841,5484,10515,49604,49405,50967,302619,0
130000,2,1,3,-1,2,-1,-1,-1,-1,29547,23154,18637,14691,8769,4166,0,1500,486,303,83,780,100453,106846,111363,115309,121231,125834,95812,0
340000,3,4,3,-1,-1,-1,-1,-1,-1,142836,145125,146682,150407,147868,149349,7000,5500,6027,5328,5390,6047,197164,194875,193318,189593,192132,190651,846975,1
360000,1,1,2,-2,-1,-1,-1,-2,-2,0,394,11142,0,0,0,394,11253,0,0,0,0,360000,359606,348858,360000,360000,360000,-111,0
120000,3,2,3,-1,-1,-1,-1,-1,-1,108300,108538,94833,49078,40643,4200,5000,4121,2000,2000,2000,96583,11700,11462,25167,70922,79357,115800,293888,0
120000,1,2,1,-1,-1,-1,-1,-1,-1,30101,31281,30180,30471,31110,31728,2000,2000,1090,1129,1135,1200,89899,88719,89820,89529,88890,88272,176317,0
300000,1,4,3,-1,-1,-1,-1,-1,-1,247279,235093,224062,212480,202148,186955,10005,9500,7500,6914,6100,5500,52721,64907,75938,87520,97852,113045,1262498,0
60000,2,4,1,2,2,-2,-2,-1,-1,2516,0,0,0,1524,25421,0,0,0,1524,25421,1000,57484,60000,60000,60000,58476,34579,1516,0
210000,2,2,4,-1,-1,-1,-1,-1,-1,106724,109251,103733,102027,103453,103651,4037,3519,3442,3553,3625,3470,103276,100749,106267,107973,106547,106349,607193,0
210000,2,2,1,-1,-1,-1,-1,-1,-1,209807,123664,51353,43485,44784,45685,5088,2000,1600,2000,1800,1807,193,86336,158647,166515,165216,164315,504483,1
70000,3,2,3,2,2,2,2,2,2,21024,21790,21142,23772,24930,25709,1400,0,3000,1700,1340,1100,48976,48210,48858,46228,45070,44291,129827,1
200000,2,1,2,-1,-1,2,-1,-1,-1,50612,10537,5552,2506,9443,11818,10023,27,2614,9454,5019,5015,149388,189463,194448,197494,190557,188182,58316,0
230000,2,2,4,-1,-1,-1,-1,-1,-1,51802,53956,56968,58099,59318,60504,3000,3921,2079,2155,2174,2225,178198,176044,173032,171901,170682,169496,325093,1
20000,3,1,1,-1,-1,-1,-1,-1,-1,3675,19316,19844,19844,20388,19554,19316,1261,651,803,747,155,16325,684,156,156,-388,446,79688,1
210000,1,2,2,-1,-1,-1,-1,-1,-1,211749,205947,201848,168664,172013,175557,7000,10015,10000,5331,5748,48061,-1749,4053,8152,41336,37987,34443,1049623,0
160000,3,4,1,-1,-1,-1,-1,-1,-1,390,390,390,390,390,390,390,390,390,390,390,390,159610,159610,159610,159610,159610,159610,0,0
290000,1,2,2,-1,-1,-1,-1,-1,-1,1312,1312,1311,1486,1488,1650,1318,1317,1493,1495,1657,35267,288688,288688,288689,288514,288512,288350,-33988,1
80000,3,2,1,-1,-1,-1,-1,-1,-1,63677,64162,38141,38190,38586,39962,2000,1905,1350,1388,2401,1410,16323,15838,41859,41810,41414,40038,272264,0
360000,1,2,3,-1,-1,-2,-2,-2,-2,4134,2128,960,6658,0,0,2134,982,6858,0,0,0,355866,357872,359040,353342,360000,360000,3906,0
230000,1,2,2,-1,-1,-1,-1,-1,-1,164634,166134,142049,106677,88091,60929,7326,10000,10000,3000,2000,2000,65366,63866,87951,123323,141909,169071,694188,0
360000,3,1,4,-2,-2,-2,-2,-2,-1,16230,-200,0,0,69000,2500,0,200,0,69000,2500,0,343770,360200,360000,360000,291000,357500,15830,0
340000,1,2,2,-1,-1,-1,-1,-1,-1,351828,280067,259651,243094,223907,216912,30076,25118,20085,10041,8184,6626,-11828,59933,80349,96906,116093,123088,1475329,0
50000,1,4,1,-1,-1,-1,-1,-1,-1,8537,9591,10581,10818,11050,10880,1200,1163,400,790,400,380,41463,40409,39419,39182,38950,39120,57124,0
80000,2,2,2,-1,-1,-1,-1,-1,-1,89394,81223,77198,29891,34528,35229,5000,19153,1500,10000,1274,1275,-9394,-1223,2802,50109,45472,44771,309261,0
50000,2,4,1,-1,-1,-1,-1,-1,-1,97043,39837,6928,17006,17363,17707,2000,6943,17006,630,633,657,-47043,10163,43072,32994,32637,32293,168015,0
30000,1,4,1,-1,-1,-1,-1,-1,-1,3019,1479,18860,950,5660,0,1479,18881,0,4710,0,7153,26981,28521,11140,29050,24340,30000,-2255,0
210000,1,2,1,-1,-1,-2,-1,-1,-2,1360,0,0,3620,0,0,0,0,3620,0,0,15513,208640,210000,210000,206380,210000,210000,-14153,0
150000,2,2,3,-1,-1,-1,-1,-1,-1,3260,2270,5887,3935,3935,3935,2270,5887,3935,3935,3935,3935,146740,147730,144113,146065,146065,146065,-675,1
20000,2,2,1,-1,-1,-1,-1,-1,-2,20297,17054,2333,1300,0,0,1240,2333,0,0,0,0,-297,2946,17667,18700,20000,20000,37411,0
20000,3,2,1,-1,-1,-1,-2,-2,-2,19624,16972,0,0,0,0,1000,0,0,0,0,0,376,3028,20000,20000,20000,20000,35596,1
240000,3,2,3,-1,-1,-2,-1,-1,-1,5325,-5,-5,1074,1972,1876,5,0,1079,1977,1885,1211,234675,240005,240005,238926,238028,238124,4080,0
500000,2,2,4,-2,-1,-1,-1,-1,-1,16984,86772,53170,28622,19140,0,87004,53192,28622,19140,0,20211,483016,413228,446830,471378,480860,500000,-3481,0
90000,2,2,1,-1,-1,-1,-1,-1,-1,12770,14241,14895,25195,23769,2269,2500,1200,10500,7000,1000,0,77230,75759,75105,64805,66231,87731,70939,1
50000,3,2,3,-1,-1,-1,-1,-1,-1,50131,28152,20746,27624,16015,16746,1388,2011,1006,1000,1000,1000,-131,21848,29254,22376,33985,33254,152009,0
50000,2,4,1,-1,-1,-1,-1,-1,-1,50834,50770,50215,29386,29527,30125,2200,1517,1000,1500,2005,1305,-834,-770,-215,20614,20473,19875,231330,1
680000,1,2,2,-1,-1,-1,-1,-1,-1,18314,16088,17806,15498,13810,164969,2700,2400,600,400,161000,5800,661686,663912,662194,664502,666190,515031,73585,0
50000,1,1,3,-1,-1,2,2,2,2,45717,47974,49837,50807,49947,50424,3000,3000,2000,0,5000,0,4283,2026,163,-807,53,-424,281706,0
100000,2,2,3,-1,-1,-1,-1,-1,-1,326,326,652,326,326,326,326,652,0,326,326,652,99674,99674,99348,99674,99674,99674,0,0
280000,1,4,2,-1,-1,-1,-1,-1,-1,270276,506260,263734,268216,262895,264508,11000,10000,10004,10020,10100,10000,9724,-226260,16266,11784,17105,15492,1774765,0
30000,2,2,4,-1,-1,-1,-1,-1,-1,26278,24767,27533,26400,25620,390,1700,3400,2528,0,390,780,3722,5233,2467,3600,4380,29610,122190,1
50000,2,2,1,2,2,-1,-1,-1,-1,23901,13262,8643,7382,1975,50514,4146,1200,0,0,49800,0,26099,36738,41357,42618,48025,-514,50531,1
60000,1,1,2,-1,-1,-1,-1,-1,-1,8308,7565,8373,7565,7565,7565,7565,8373,7565,7565,7565,7565,51692,52435,51627,52435,52435,52435,743,0
120000,2,1,4,-1,-1,-1,-1,-1,-1,118709,120580,118684,88557,91124,88094,5000,5007,4000,4003,4003,4000,1291,-580,1316,31443,28876,31906,599735,1
80000,2,2,2,-1,-1,-1,-1,-1,-1,2890,9796,13443,396,396,396,9796,13443,396,396,0,396,77110,70204,66557,79604,79604,79604,2890,0
500000,1,1,3,-1,-1,-1,-1,-1,-2,140,94,39,44,0,0,94,39,44,0,0,790,499860,499906,499961,499956,500000,500000,-650,0
70000,3,2,2,2,2,-1,-1,-1,-1,18317,17330,11400,11120,10914,11315,0,1000,110,500,18963,1000,51683,52670,58600,58880,59086,58685,58823,0
160000,2,2,3,-2,-2,-2,-2,-2,-2,0,0,0,1468,0,0,0,0,1468,0,0,0,160000,160000,160000,158532,160000,160000,0,0
100000,3,2,4,2,2,2,-1,-1,-1,110537,99734,99973,71008,66735,68621,0,3000,103000,2500,3000,3000,-10537,266,27,28992,33265,31379,402108,1
10000,3,2,2,-1,-1,-1,-1,-1,-1,7877,8918,9864,9673,9414,9156,1174,1120,310,316,1000,2000,2123,1082,136,327,586,844,48982,0
90000,1,2,1,-1,-1,-1,-1,-1,-1,10750,100,200,100,9894,20699,100,200,0,9894,20000,4100,79250,89900,89800,89900,80106,69301,7449,0
170000,1,1,2,2,2,2,2,4,3,74298,80073,81959,89991,88018,86299,7000,3800,10000,0,0,3100,95702,89927,88041,80009,81982,83701,476738,1
90000,2,4,2,-1,-1,-1,-2,-2,-2,2667,2667,0,0,0,0,2667,0,0,0,0,0,87333,87333,90000,90000,90000,90000,2667,0
180000,3,4,3,-1,-1,-1,-1,-1,-1,67414,61256,66668,83568,90418,88898,10000,10000,17500,7000,25000,33600,112586,118744,113332,96432,89582,91102,355122,0
350000,1,2,4,2,2,7,7,7,7,2400,2400,2400,2400,2400,2400,0,0,0,0,0,0,347600,347600,347600,347600,347600,347600,14400,1
270000,2,2,2,-1,-1,-1,-1,-1,-1,225400,220202,215056,10506,10224,9233,9000,9348,10600,10300,9300,1000,44600,49798,54944,259494,259776,260767,641073,0
200000,1,4,1,-1,-1,-1,-1,-1,-2,65935,25574,28727,19164,0,0,1011,31209,383,0,0,0,134065,174426,171273,180836,200000,200000,106797,1
20000,1,4,1,-1,-1,-1,-1,-1,-1,15829,15299,16262,16749,13764,18732,1600,1550,1000,1000,5283,0,4171,4701,3738,3251,6236,1268,86202,0
100000,2,2,2,-1,-1,-1,-1,-1,-1,44953,46922,48677,49496,51010,32630,3000,3000,2000,2000,2000,2000,55047,53078,51323,50504,48990,67370,259688,0
290000,1,1,3,-1,-1,-1,-1,-1,-1,194301,199451,198684,87700,88621,53243,10744,6000,1573,1629,3129,105423,95699,90549,91316,202300,201379,236757,693502,0
70000,3,2,1,1,2,-1,-1,-1,-1,68970,67308,68582,68361,68060,68223,0,3005,2546,2602,2430,2659,1030,2692,1418,1639,1940,1777,396262,0
230000,1,2,1,-2,-2,-2,-2,-2,-2,416,371,416,416,566,416,371,461,416,566,416,0,229584,229629,229584,229584,229434,229584,371,0
180000,1,4,1,-1,-1,-1,-1,-1,-1,950,4369,9673,2861,12338,9124,4369,9673,3260,13959,3000,18396,179050,175631,170327,177139,167662,170876,-13342,0
210000,1,2,2,-1,-1,-1,-1,-1,-1,291,291,291,291,441,291,291,291,291,441,291,291,209709,209709,209709,209709,209559,209709,0,0
50000,1,2,1,2,2,-1,-1,-1,-1,49946,48808,45469,20228,18900,19066,0,2079,693,1080,700,1004,54,1192,4531,29772,31100,30934,196861,0
150000,1,2,2,-1,-1,-1,-1,-1,-1,45000,44386,46505,49103,51698,52549,3000,2500,3000,3000,1546,2000,105000,105614,103495,100897,98302,97451,274195,0
380000,2,1,4,-1,-1,-1,-1,-1,-1,385662,294826,220022,154283,35270,332270,12020,9009,6109,3000,332000,12000,-5662,85174,159978,225717,344730,47730,1048195,1
50000,2,1,3,-1,-1,-1,-1,-1,-1,45335,46027,30286,26275,26823,27371,1524,1427,941,972,992,1000,4665,3973,19714,23725,23177,22629,195261,0
150000,3,2,3,-1,-1,2,-1,-1,-1,264,948,632,316,316,1414,1000,0,0,316,1414,0,149736,149052,149368,149684,149684,148586,1160,1
220000,2,2,1,-1,-1,-1,-1,-1,-1,122286,122839,123035,114385,115903,118528,5008,5007,6007,5000,4700,5503,97714,97161,96965,105615,104097,101472,685751,0
80000,4,4,1,-1,-1,-1,-1,-1,-1,45268,47140,47411,48443,49478,43264,2600,1800,1700,1700,1700,1300,34732,32860,32589,31557,30522,36736,270204,0
220000,2,2,2,-1,-1,-1,-1,-1,-1,194961,197536,203251,208355,213015,217475,7200,9000,10000,8000,8010,8500,25039,22464,16749,11645,6985,2525,1183883,0
70000,2,4,2,1,2,2,2,-1,-1,24208,25015,27189,26456,28361,31873,1500,2900,0,2500,4000,0,45792,44985,42811,43544,41639,38127,152202,0
120000,2,2,2,-1,2,-1,-1,-1,2,16241,16680,17695,17901,19608,19143,1000,1600,800,2000,0,1600,103759,103320,102305,102099,100392,100857,100268,1
180000,2,4,2,-1,-1,-1,-1,-1,-1,20730,17107,35884,31057,29052,25933,1582,30000,1000,1000,1000,1000,159270,162893,144116,148943,150948,154067,124181,0
50000,3,2,4,-1,-1,-1,-1,-1,-1,49017,50690,47487,48319,48449,49656,2500,2000,2000,1746,2000,1800,983,-690,2513,1681,1551,344,281572,0
10000,2,6,3,1,2,-1,-1,-1,-1,9532,9236,10047,8775,8984,7628,0,1006,1390,1000,1000,2000,468,764,-47,1225,1016,2372,47806,0
370000,1,2,4,-1,-1,-1,-1,-1,-1,21160,8153,12094,30751,30131,9630,8162,12294,30751,30131,0,0,348840,361847,357906,339249,339869,360370,30581,0
20000,1,4,1,-1,-1,-1,-1,-1,-1,10658,9288,390,390,390,0,1072,390,390,390,0,780,9342,10712,19610,19610,19610,20000,18094,0
150000,2,1,2,-1,-1,-1,-1,-1,-1,132214,135140,135263,137540,144786,146379,4414,4700,4306,10006,4822,4112,17786,14860,14737,12460,5214,3621,798962,0
20000,1,2,1,-1,-1,-1,-1,-1,-1,416,416,416,416,416,982,416,416,416,416,982,0,19584,19584,19584,19584,19584,19018,416,1
480000,2,2,4,-2,-2,-2,-2,-2,-2,17189,6013,1717,1385,0,0,6026,1717,1390,0,0,2300,462811,473987,478283,478615,480000,480000,14871,0
50000,3,2,1,-1,-1,-1,-1,2,-1,25060,26649,28202,30727,30098,32580,2000,2000,3000,0,3000,3000,24940,23351,21798,19273,19902,17420,160316,0
170000,2,2,2,-1,-1,-1,-1,-1,-1,24581,25611,26631,27383,27801,31337,1728,1748,1500,1011,4000,0,145419,144389,143369,142617,142199,138663,153357,0
400000,2,4,2,-2,-2,-2,-2,-2,-2,-200,-200,-200,746,3956,2500,0,0,946,3956,2500,0,400200,400200,400200,399254,396044,397500,-800,0
200000,1,4,2,-1,-1,-1,-1,-1,-1,38635,41031,45929,48661,49723,50896,3031,5929,3500,2000,2000,11028,161365,158969,154071,151339,150277,149104,247387,0
360000,1,2,2,1,-2,-2,-2,-2,-1,0,0,0,0,0,150,0,0,0,0,150,59,360000,360000,360000,360000,360000,359850,-59,0
140000,4,4,2,-1,-1,-1,-1,-1,-1,91226,83650,80037,53055,102587,98251,4182,4000,4000,98000,4000,3500,48774,56350,59963,86945,37413,41749,391124,0
260000,3,1,2,-2,-2,-2,-2,-2,-2,12071,12497,1027,-103,-103,1047,2114,1027,103,0,1150,2503,247929,247503,258973,260103,260103,258953,19539,0
440000,2,4,1,-1,-1,-1,-1,-1,-1,96190,90462,78267,71795,51812,25064,3513,3017,2037,2019,3010,3004,343810,349538,361733,368205,388188,414936,396990,0
500000,2,1,3,-1,-1,-1,-1,-1,-1,12200,8140,10176,20719,15665,8074,1518,5019,15027,639,547,50274,487800,491860,489824,479281,484335,491926,1950,0
230000,2,2,1,-1,-1,-1,-1,-1,-1,64982,44908,51535,24607,28279,48934,3000,11000,15000,13000,36000,3000,165018,185092,178465,205393,201721,181066,182245,0
470000,2,1,3,-2,-2,-2,-2,-2,-1,13780,12242,32463,20621,13711,8294,12300,32520,34,68,8334,45684,456220,457758,437537,449379,456289,461706,2171,0
20000,3,2,3,1,2,2,3,2,2,14589,16743,17522,17055,10400,0,2700,1400,0,0,0,0,5411,3257,2478,2945,9600,20000,72209,1
210000,2,4,1,-1,-1,-1,-1,-1,-1,108491,111046,110716,97168,94524,96777,5800,3700,3505,3400,3769,3229,101509,98954,99284,112832,115476,113223,595319,0
20000,1,4,1,-1,-1,-2,-1,-1,-1,6733,0,0,19132,19533,20235,0,0,19132,709,1027,600,13267,20000,20000,868,467,-235,44165,0
20000,3,2,4,-1,-1,-1,-1,-1,-1,12197,13292,14362,14821,15143,15737,1600,1600,1000,710,1000,1000,7803,6708,5638,5179,4857,4263,78642,0
200000,2,2,2,1,-1,-1,-1,-1,-1,-2,758,998,668,9815,36870,760,1000,670,9852,40063,1049,200002,199242,199002,199332,190185,163130,-4287,0
250000,2,4,2,-1,-1,-1,-1,-1,-1,6220,27217,6149,26202,6906,3855,27225,6159,25846,0,3855,3876,243780,222783,243851,223798,243094,246145,9588,1
300000,2,2,3,-1,-1,-1,-1,-1,2,34480,31159,18580,1400,6297,977,1472,1000,1410,6297,0,19480,265520,268841,281420,298600,293703,299023,63234,0
320000,1,4,2,-1,-1,-1,-1,-1,-1,113801,90354,88467,79241,83530,90573,5017,4057,4014,8531,15005,5033,206199,229646,231533,240759,236470,229427,504309,0
50000,2,2,1,1,2,2,2,-1,-1,37170,36297,39863,38924,39744,40533,0,4500,0,1600,1600,1600,12830,13703,10137,11076,10256,9467,223231,0
200000,2,2,2,-2,-2,-2,-1,-1,-1,6626,2469,3760,4273,3015,5076,2476,3771,4285,3023,5088,6282,193374,197531,196240,195727,196985,194924,294,0
80000,1,4,1,-1,-1,-1,-1,-1,-1,16936,17963,18976,19660,20343,21003,1303,1316,1000,1000,1000,933,63064,62037,61024,60340,59657,58997,108329,1
70000,2,1,2,-1,2,-1,-1,-1,-1,10323,6659,6740,3559,7086,6979,0,3559,189,7086,3370,0,59677,63341,63260,66441,62914,63021,27142,1
60000,3,2,2,3,2,-1,-1,-1,-1,56807,55339,55751,37851,34195,33499,0,2141,2000,2000,2000,2000,3193,4661,4249,22149,25805,26501,263301,0
10000,3,4,1,-1,-1,2,-1,-1,-1,10012,9784,9473,8947,9135,8613,2452,7,308,320,328,1000,-12,216,527,1053,865,1387,51549,1
50000,3,4,2,-1,-1,2,-1,-1,-1,50332,51247,50073,26550,25842,25996,4210,0,1500,1090,2000,2000,-332,-1247,-73,23450,24158,24004,219240,0
140000,2,2,1,2,-1,-1,-1,-1,-1,133572,135367,113272,115685,118171,120550,6169,4500,4287,4500,4500,9500,6428,4633,26728,24315,21829,19450,703161,1
30000,2,2,1,-1,-1,-1,-1,-1,-1,7160,8185,9286,9483,9780,10068,1300,1400,500,600,600,600,22840,21815,20714,20517,20220,19932,48962,0
190000,2,1,3,-1,-1,-1,-1,-1,-1,435,435,635,2084,161110,149941,435,635,2084,161110,5800,4138,189565,189565,189365,187916,28890,40059,140438,0
70000,1,4,1,-1,-1,-1,-1,-1,-1,853,3128,4719,100,1610,690,3128,4722,0,1610,0,10909,69147,66872,65281,69900,68390,69310,-9269,0
330000,2,2,1,-1,-1,-1,-1,-1,-1,390,0,780,150,320,780,0,780,150,320,1000,0,329610,330000,329220,329850,329680,329220,170,0
110000,2,4,1,-1,-1,-1,2,-1,-1,6470,8610,15123,9761,9717,8046,2654,7230,0,463,393,151,103530,101390,94877,100239,100283,101954,46836,0
270000,3,1,3,-1,-1,-1,-1,-1,-1,165303,168837,172281,175705,179582,184650,6200,6254,6290,6710,8250,0,104697,101163,97719,94295,90418,85350,1012654,0
160000,2,1,2,3,2,-1,-1,-1,-1,26295,27074,28314,29341,31690,33993,1500,2000,1500,3000,3000,1500,133705,132926,131686,130659,128310,126007,164207,1
20000,2,2,1,3,2,-1,-1,-1,-1,18937,18350,18918,19323,13180,5200,0,1251,656,13180,5200,0,1063,1650,1082,677,6820,14800,73621,0
320000,2,2,2,-1,-1,-1,-1,-1,-1,21460,23412,25331,25741,26800,28817,3000,3000,1500,2000,3000,2000,298540,296588,294669,294259,293200,291183,137061,0
430000,1,2,2,-1,-1,-1,-1,-1,-1,29860,39305,43020,45540,8342,8310,10000,5000,5540,8310,5640,2820,400140,390695,386980,384460,421658,421690,137067,0
50000,1,2,2,2,-1,-1,-1,-1,2,8014,7668,7081,5738,6461,4822,1200,1000,91,11283,0,1000,41986,42332,42919,44262,43539,45178,25210,0
140000,2,1,3,-1,-1,2,-1,-1,-2,1600,5012,4739,4739,0,0,5012,0,0,0,0,2770,138400,134988,135261,135261,140000,140000,8308,1
500000,2,1,3,-2,-2,-2,-2,-2,-2,4214,6378,4074,116446,9335,3312,6378,4074,116446,9335,3312,43664,495786,493622,495926,383554,490665,496688,-39450,0
80000,3,1,3,-1,-1,-1,-1,-1,-1,26637,26437,26686,28372,28345,27279,1490,2000,2000,3000,5000,865,53363,53563,53314,51628,51655,52721,149401,0
390000,1,2,2,1,-2,-1,-1,-2,-2,0,0,1266,0,0,0,0,1266,0,0,0,0,390000,390000,388734,390000,390000,390000,0,0
250000,1,2,3,-1,-1,-1,-1,-1,-1,17454,-50,45297,17371,11481,5922,24890,48394,0,5461,15000,6000,232546,250050,204703,232629,238519,244078,-2270,0
390000,1,4,2,-2,-2,-2,-2,-2,-2,6466,6266,12578,7650,48090,17013,6266,12581,7650,48090,28973,17271,383534,383734,377422,382350,341910,372987,-22768,0
100000,1,2,2,-1,-1,-1,-1,-1,-1,57612,58818,60841,61434,62743,66677,2134,3000,2200,2300,5000,3000,42388,41182,39159,38566,37257,33323,350491,0
360000,1,2,3,-1,-1,-1,-1,-1,-1,179851,186961,201703,189455,194373,207022,10005,20117,15018,10027,20057,17000,180149,173039,158297,170545,165627,152978,1067141,0
140000,1,2,2,1,-1,-1,-1,-1,-1,-5,1135,17227,12918,10898,823,1140,17227,0,365,840,4507,140005,138865,122773,127082,129102,139177,18917,0
110000,2,1,4,-1,-1,-1,-1,-1,-1,45964,46922,48140,49339,50542,52689,2000,2000,2000,2000,3000,2000,64036,63078,61860,60661,59458,57311,280596,0
170000,3,1,3,2,-1,-1,-1,-1,-1,316,316,632,316,466,316,316,632,0,466,316,0,169684,169684,169368,169684,169534,169684,632,0
170000,2,1,3,-1,-1,-1,-1,-1,-1,137823,137199,136331,123913,122657,122225,5396,5000,5000,5000,5000,4000,32177,32801,33669,46087,47343,47775,750752,0
180000,2,4,1,-1,-1,-1,-1,2,2,4745,5765,6631,8386,8109,8820,1257,1123,1878,0,1000,0,175255,174235,173369,171614,171891,171180,37198,0
140000,2,1,3,-1,-1,-1,-1,-1,-1,109326,111679,113921,114348,111382,112458,5600,5600,4500,4200,4500,4500,30674,28321,26079,25652,28618,27542,644214,0
20000,2,2,3,-1,-1,-1,-1,-1,-1,13882,13342,808,18910,19306,19809,2018,404,19000,677,800,601,6118,6658,19192,1090,694,191,62557,0
150000,1,2,1,-2,-2,-2,-2,-2,-2,0,0,0,0,0,0,0,0,0,0,0,0,150000,150000,150000,150000,150000,150000,0,0
50000,2,4,1,-1,-1,-1,-1,-1,-1,48072,49518,49500,19600,20000,0,2518,1500,500,400,0,0,1928,482,500,30400,30000,50000,181772,0
160000,2,2,2,1,-2,-2,-2,-2,-2,0,0,0,0,0,0,0,0,0,0,0,0,160000,160000,160000,160000,160000,160000,0,1
80000,2,1,3,-2,-2,-2,-2,-2,-1,3153,1013,0,0,2115,4264,1013,0,0,2115,4264,0,76847,78987,80000,80000,77885,75736,3153,0
300000,3,4,1,-2,-2,-2,-2,-2,-2,-140,28092,3572,195,209,990,28232,3589,195,210,994,0,300140,271908,296428,299805,299791,299010,-302,1
60000,3,4,2,-1,-1,-1,-1,-1,-1,62552,26929,27967,28526,28275,29151,1500,1500,1003,1500,1500,1044,-2552,33071,32033,31474,31725,30849,195353,0
70000,2,4,1,2,2,2,3,2,2,42583,43600,47550,46487,47298,46384,2000,5000,0,1700,0,3700,27417,26400,22450,23513,22702,23616,261502,1
290000,1,4,2,-1,-1,-1,-1,-1,-1,632,0,480,-150,66675,68071,0,480,4,69001,2500,3000,289368,290000,289520,290150,223325,221929,60723,0
80000,1,4,1,-1,-1,-1,-2,-2,-2,8766,4777,0,0,0,0,1600,0,0,0,0,0,71234,75223,80000,80000,80000,80000,11943,0
50000,3,2,4,1,-2,-2,-2,-2,-2,0,0,0,0,0,0,0,0,0,0,0,0,50000,50000,50000,50000,50000,50000,0,1
200000,3,4,3,-1,-1,-1,-1,-1,-1,7697,18951,27974,30596,38109,22170,20071,20036,15022,15113,22235,3919,192303,181049,172026,169404,161891,177830,49101,0
200000,1,2,2,-2,-2,-2,-2,-2,-2,267,6794,10430,3576,2522,934,6817,10671,3576,2522,934,7764,199733,193206,189570,196424,197478,199066,-7761,0
50000,1,4,1,-1,-1,-1,-1,-1,-1,586,297,3674,1392,3085,3450,297,3675,1392,3086,3492,3721,49414,49703,46326,48608,46915,46550,-3179,1
20000,2,4,1,2,-1,-1,-1,-1,-1,1041,10757,11094,9351,8562,8058,10758,2679,502,224,513,9,18959,9243,8906,10649,11438,11942,34178,0
200000,1,1,2,-1,-1,-1,-1,-1,-1,6186,735,1463,15550,5045,6709,735,1463,15550,5045,6709,3021,193814,199265,198537,184450,194955,193291,3165,1
120000,1,4,2,1,2,-1,-1,-1,-1,77785,75984,78109,79198,80865,82859,0,4000,2988,3100,3500,6382,42215,44016,41891,40802,39135,37141,454830,0
220000,2,2,3,-1,-1,-1,-1,-1,-1,172184,170697,168041,163783,160806,158866,7583,7461,5809,5608,6500,6100,47816,49303,51959,56217,59194,61134,955316,0
630000,1,2,3,-1,-1,-1,-1,-1,-1,440474,444370,455286,327021,334558,341439,18000,20000,12000,13000,13022,13016,189526,185630,174714,302979,295442,288561,2254110,0
300000,1,4,2,-1,-1,-1,-1,-1,-1,19357,5000,3744,8059,3425,11860,5032,3744,8059,3425,11860,7595,280643,295000,296256,291941,296575,288140,11730,0
10000,2,4,3,1,2,-1,-1,-1,-1,8184,5011,5728,4255,2782,1309,0,1000,0,0,0,0,1816,4989,4272,5745,7218,8691,26269,1
50000,2,2,1,1,-2,-2,-2,-2,-2,0,0,0,0,0,0,0,0,0,0,0,0,50000,50000,50000,50000,50000,50000,0,0
280000,1,2,2,-1,-1,-1,-1,-1,-1,7791,5851,430,2041,775,580,1000,430,2041,775,580,1029,272209,274149,279570,277959,279225,279420,11613,1
130000,1,2,2,-1,-1,-1,-1,-1,-1,4536,5616,6455,6791,6991,0,1161,1000,336,200,0,0,125464,124384,123545,123209,123009,130000,27692,0
30000,3,2,1,-1,-1,-1,2,-1,-1,23182,19083,19632,15252,14021,13793,2000,2000,0,1500,1353,0,6818,10917,10368,14748,15979,16207,98110,0
50000,2,2,1,-1,-1,-1,-1,-1,-1,9877,10800,5921,6042,4012,0,1140,1000,121,0,0,10620,40123,39200,44079,43958,45988,50000,23771,0
70000,3,2,2,-1,-1,-1,-1,-1,-1,24758,25581,16105,17571,18330,16268,1273,1534,2000,1000,1000,1000,45242,44419,53895,52429,51670,53732,110806,0
80000,2,2,1,-1,-1,-1,-1,-1,-1,41815,42938,44022,44792,45915,46998,2100,2100,1800,2000,2000,2500,38185,37062,35978,35208,34085,33002,253980,0
20000,2,2,1,2,2,2,-1,-1,-1,16726,19143,18391,18562,11798,0,3000,0,371,1236,0,0,3274,857,1609,1438,8202,20000,80013,1
390000,1,1,3,-1,-1,-1,-1,-1,-1,495559,248821,216051,208373,199727,186332,10218,8035,7035,6056,8053,5603,-105559,141179,173949,181627,190273,203668,1509863,0
470000,2,4,2,-1,-1,-1,-1,-1,-1,147113,133486,125159,120869,60507,53100,5000,4500,2505,50000,3000,3000,322887,336514,344841,349131,409493,416900,572229,0
240000,2,4,2,-1,-1,-1,-2,-2,-2,7818,9363,0,0,0,0,9434,0,0,0,0,178,232182,230637,240000,240000,240000,240000,7569,0
140000,1,4,1,-1,-1,-1,-2,-2,-2,14943,2888,0,0,0,0,2888,0,0,0,0,0,125057,137112,140000,140000,140000,140000,14943,0
260000,2,2,2,2,2,2,-1,-1,-1,244738,251351,244949,248273,119124,132619,12000,0,11000,4321,20000,27,15262,8649,15051,11727,140876,127381,1193706,1
150000,1,4,1,1,-2,-1,-1,-1,-1,191,1963,4729,1568,4295,0,1964,4729,1568,4295,0,1895,149809,148037,145271,148432,145705,150000,-1705,0
120000,1,1,3,-1,-1,2,2,2,2,14682,17325,17936,18536,19091,19629,3200,1200,1200,1000,1000,0,105318,102675,102064,101464,100909,100371,99599,0
20000,2,2,3,-1,-1,-1,-1,-1,2,18021,17352,17667,18187,20499,20718,1280,1293,813,2770,703,0,1979,2648,2333,1813,-499,-718,105585,0
260000,4,4,3,-1,-1,-1,-1,-1,-1,399,2101,577,0,200,0,2101,577,0,200,0,664,259601,257899,259423,260000,259800,260000,-265,0
50000,3,2,1,-1,-1,-1,-1,-1,-1,42678,38239,22691,8807,7143,6967,1500,1100,1000,500,500,1000,7322,11761,27309,41193,42857,43033,120925,1
180000,2,4,1,2,2,2,2,-1,-1,126195,127881,128491,124080,126154,130064,6000,4575,0,4600,6000,3100,53805,52119,51509,55920,53846,49936,738590,0
310000,4,2,2,1,-2,-2,-2,-2,-2,10350,0,0,0,0,0,0,0,0,0,0,0,299650,310000,310000,310000,310000,310000,10350,0
360000,2,1,3,-1,-1,-1,-1,-1,-1,5101,9358,15452,9990,6515,5694,9419,15485,9995,6515,5694,12785,354899,350642,344548,350010,353485,354306,-7783,0
180000,2,4,2,-1,-1,-1,-1,-1,-1,14445,15404,19885,22355,22902,15373,1500,4911,10355,10902,3500,5493,165555,164596,160115,157645,157098,164627,73703,0
270000,1,2,3,2,2,5,5,4,3,1250,1250,1250,1250,650,350,0,0,0,0,0,0,268750,268750,268750,268750,269350,269650,6000,0
70000,1,2,1,-1,-1,-1,-1,-1,-1,67857,69711,64947,26022,28575,21460,3000,1500,13959,3000,1500,4000,2143,289,5053,43978,41425,48540,251613,0
50000,2,2,1,-1,-1,-1,-1,-1,-1,2155,0,1978,14207,8602,7201,0,30300,14207,602,7201,383,47845,50000,48022,35793,41398,42799,-18550,0
30000,3,4,4,-2,-2,-2,-2,-1,2,0,0,0,0,7092,6832,0,0,0,7092,0,0,30000,30000,30000,30000,22908,23168,6832,0
50000,2,2,4,-1,-1,-1,-1,-1,-1,11351,11449,6515,2315,1817,2081,1150,1012,46,36,2081,2270,38649,38551,43485,47685,48183,47919,28933,0
350000,2,1,2,-1,-1,-1,-1,-1,-1,325,294,6574,3543,1654,6186,294,6636,3559,1659,6215,325,349675,349706,343426,346457,348346,343814,-112,0
200000,1,1,4,-1,-1,-1,-1,-1,-1,192461,195970,122214,124647,126921,129167,7822,4417,4446,4597,4677,4698,7539,4030,77786,75353,73079,70833,860723,0
80000,3,2,1,1,2,2,2,2,2,71661,69947,74755,75732,74397,80138,0,6000,2800,0,7000,8,8339,10053,5245,4268,5603,-138,430822,0
60000,2,2,2,-1,-1,-1,3,2,2,47000,49236,57752,56243,55213,58700,3000,10000,0,0,4400,2200,13000,10764,2248,3757,4787,1300,304544,0
30000,1,1,4,-1,-1,-1,2,-1,-1,15743,16784,18998,18395,19100,20582,1300,2500,0,1000,1800,0,14257,13216,11002,11605,10900,9418,103002,0
110000,1,4,2,-1,-1,-1,-1,-1,-1,108316,100784,88568,43720,42138,43085,4600,3500,2000,2000,1800,1700,1684,9216,21432,66280,67862,66915,411011,0
300000,1,4,1,-1,-1,-1,-1,-1,-1,42189,83754,120927,105303,82475,33262,83754,120927,0,716,25213,92250,257811,216246,179073,194697,217525,266738,145050,0
50000,3,2,1,-1,-1,-1,-1,-1,-1,22854,31329,23927,0,83,20083,9000,1507,0,83,20000,600,27146,18671,26073,50000,49917,29917,67086,0
500000,1,2,2,-1,-1,-1,-1,-1,-1,2450,11833,22963,7086,5453,1486,11833,22963,7086,0,1486,7570,497550,488167,477037,492914,494547,498514,333,0
360000,1,2,2,-1,-1,-1,-1,-1,-1,356913,208305,68214,168014,16209,18918,210000,170000,100000,3000,3000,5000,3087,151695,291786,191986,343791,341082,345573,0
20000,2,2,2,1,2,2,-1,-1,-1,14112,11221,10656,7928,580,0,3520,0,1000,580,0,0,5888,8779,9344,12072,19420,20000,39397,0
220000,1,1,2,-1,-1,-1,-1,-1,-1,75190,151004,152786,137946,118310,119147,100000,8000,6000,5000,5000,5000,144810,68996,67214,82054,101690,100853,625383,0
20000,2,4,1,-1,-1,2,-1,-1,2,11192,15677,15133,15582,16677,16259,5000,0,1000,1500,0,700,8808,4323,4867,4418,3323,3741,82320,0
60000,2,1,2,3,4,3,2,2,2,30381,29986,29210,29729,30505,32232,366,0,1300,1400,2400,2300,29619,30014,30790,30271,29495,27768,174277,1
170000,1,4,2,-1,-1,-1,-1,-1,-1,1560,1280,590,1168,2160,145564,1000,590,1168,1582,145564,5069,168440,168720,169410,168832,167840,24436,-2651,0
200000,2,2,1,-1,-1,-1,-1,-1,-1,47236,45200,35939,34096,34876,34615,1800,1603,2000,2500,1500,1500,152764,154800,164061,165904,165124,165385,221059,0
20000,1,4,1,-1,-1,-1,-1,-1,-1,19990,20038,19571,14362,15127,15872,1438,1300,1000,1000,1000,2000,10,-38,429,5638,4873,4128,97222,0
140000,3,4,1,-2,-2,-2,-2,-2,-2,67505,36772,38399,39131,39508,3441,2000,2400,2132,1617,515,2031,72495,103228,101601,100869,100492,136559,214061,0
330000,1,4,2,-2,-2,-2,-2,-2,-2,1663,0,0,0,29221,3194,0,0,0,29221,3194,0,328337,330000,330000,330000,300779,326806,1663,0
180000,2,4,1,1,2,2,2,2,2,108580,105403,112073,111345,98404,102460,0,8564,4000,0,7414,0,71420,74597,67927,68655,81596,77540,618287,1
360000,2,2,2,-1,-1,-1,-1,-1,-1,5157,2461,0,277,2599,3941,1012,0,277,2602,2019,1123,354843,357539,360000,359723,357401,356059,7402,0
20000,3,1,4,2,-1,-1,-1,-1,-1,14815,15837,16852,17188,17546,17895,1264,1279,615,635,639,664,5185,4163,3148,2812,2454,2105,95037,0
50000,1,4,1,-1,-1,-1,-1,-1,2,34422,32703,22851,6699,10060,7737,1544,1000,0,3361,0,100,15578,17297,27149,43301,39940,42263,108467,0
100000,2,2,1,-1,-1,-1,-1,-1,-1,20755,20043,19778,24939,28639,8370,2000,2000,6000,4000,4000,3000,79245,79957,80222,75061,71361,91630,101524,0
30000,2,1,2,2,2,-1,-1,-1,-1,30573,28473,29083,28313,28932,29565,0,2000,940,1000,1106,0,-573,1527,917,1687,1068,435,169893,0
70000,2,2,3,-1,-1,-1,-1,-1,-1,4221,6642,8361,10208,11038,11848,2500,2000,2000,1000,1000,1000,65779,63358,61639,59792,58962,58152,42818,1
470000,1,2,2,-1,-1,-1,-1,-1,-1,5613,11576,7017,1185,0,542,11606,7017,24,0,542,208896,464387,458424,462983,468815,470000,469458,-202152,0
300000,1,2,2,-1,-1,-2,-2,-2,-2,8385,-27,-27,-27,-27,-27,27,0,0,0,0,0,291615,300027,300027,300027,300027,300027,8223,0
300000,1,2,3,-1,-1,-1,-1,-1,-1,6608,10009,22456,22056,14020,1230,10017,22456,0,0,1230,0,293392,289991,277544,277944,285980,298770,42676,1
200000,1,4,1,-2,-2,-2,-2,-2,-2,2179,6440,3908,-5,1060,2996,6440,3908,5,1065,3000,1108,197821,193560,196092,200005,198940,197004,1052,0
150000,2,2,3,-1,-1,-1,-1,-1,-1,79021,77975,74749,80757,83685,81569,4023,3016,10000,4011,3073,3005,70979,72025,75251,69243,66315,68431,450628,0
220000,2,4,1,-1,-1,-1,-1,-1,-1,165040,167485,148133,123266,125736,128342,6809,7038,5000,4500,5000,4473,54960,52515,71867,96734,94264,91658,825182,1
420000,1,2,2,-2,-2,-2,-2,-2,-2,1569,563,1914,1189,1208,4964,565,1923,1194,1214,4988,296,418431,419437,418086,418811,418792,415036,1227,0
210000,2,4,3,-2,-2,-2,-2,-2,-2,467,2050,416,416,416,416,2050,416,416,416,416,416,209533,207950,209584,209584,209584,209584,51,0
450000,3,1,4,-1,-1,-1,-1,-1,-1,8940,6239,5535,9856,819,863,6271,5740,9905,823,867,2488,441060,443761,444465,440144,449181,449137,6158,0
30000,2,1,2,-1,-1,-1,-1,-1,-1,184,1522,0,5480,175,-2000,1522,0,5480,175,0,2000,29816,28478,30000,24520,29825,32000,-3816,0
240000,2,1,2,-1,-1,-1,-1,-1,-1,2816,7608,26832,3518,1280,5900,7608,26834,3518,1280,5900,1319,237184,232392,213168,236482,238720,234100,1495,0
420000,2,4,1,-1,-1,-1,-1,-1,-1,28206,122212,117835,112705,111357,108306,100000,4013,3822,4086,3800,3600,391794,297788,302165,307295,308643,311694,481300,0
60000,1,4,1,-1,-1,-1,-1,-1,-1,57174,58559,60586,39144,39615,39334,3000,3800,3300,1900,1600,1500,2826,1441,-586,20856,20385,20666,279312,0
30000,3,4,1,-1,-1,-1,-1,-1,-1,4882,14630,6323,2870,1485,3926,14630,6485,2870,1485,3926,0,25118,15370,23677,27130,28515,26074,4720,0
80000,1,4,1,-2,-2,-1,2,2,3,2673,0,317,317,1521,1204,0,317,0,1204,0,0,77327,80000,79683,79683,78479,78796,4511,0
50000,2,2,2,-1,-1,-1,-1,-1,-1,48206,48659,47248,48241,49196,50296,2120,1750,1700,1800,2023,2113,1794,1341,2752,1759,804,-296,280340,0
230000,3,2,1,-2,-2,-2,-2,-2,-2,19200,10000,20176,10000,10000,10000,10000,20176,200,10000,10000,10000,210800,220000,209824,220000,220000,220000,19000,0
200000,1,2,2,-1,-1,-1,-1,-1,-1,6618,6777,7957,4667,76187,74900,1900,3008,3500,73000,2700,3800,193382,193223,192043,195333,123813,125100,89198,0
230000,2,4,1,-1,-1,-1,-1,-1,-1,12218,17667,20345,39945,41352,11032,6000,3500,20000,2000,1500,8000,217782,212333,209655,190055,188648,218968,101559,0
130000,2,4,1,-1,-1,-1,-1,-1,-1,122750,118319,61466,48288,48898,49699,4966,2034,1710,1765,2000,2672,7250,11681,68534,81712,81102,80301,434273,0
200000,3,4,1,1,-2,-2,-2,-2,-2,0,0,0,0,0,0,0,0,0,0,0,0,200000,200000,200000,200000,200000,200000,0,0
90000,1,4,2,-1,-1,-1,-1,-1,-1,80919,87993,17316,18026,18559,19097,9000,1500,1000,824,1000,857,9081,2007,72684,71974,71441,70903,227729,0
120000,1,2,1,-1,-1,-1,-1,-1,-1,316,316,1360,9474,10158,2551,316,1360,10000,1000,2000,3000,119684,119684,118640,110526,109842,117449,6499,0
200000,1,2,3,-2,-2,-2,-2,-2,-2,470,740,3774,836,1325,1440,740,3782,836,1325,1440,506,199530,199260,196226,199164,198675,198560,-44,0
20000,2,4,2,2,3,2,2,2,-1,17757,17193,16602,19521,18925,18806,0,0,3200,0,900,633,2243,2807,3398,479,1075,1194,104071,0
210000,1,2,2,2,2,2,2,2,2,76089,77985,79104,80399,81462,83366,3700,3000,3200,2500,3400,4300,133911,132015,130896,129601,128538,126634,458305,1
80000,2,4,3,-1,-1,-1,-1,-1,-1,80610,81008,80725,50472,50340,42393,6502,4000,1889,2000,7700,9600,-610,-1008,-725,29528,29660,37607,353857,0
50000,1,2,1,-1,-1,-1,-1,-1,-1,50486,50035,49388,10275,9598,8382,2200,1192,1000,2000,1000,1500,-486,-35,612,39725,40402,41618,169272,0
70000,2,2,3,2,2,2,2,2,2,50886,51975,52527,53560,54653,55797,2200,2000,2500,2100,2200,2100,19114,18025,17473,16440,15347,14203,306298,1
230000,2,2,2,2,2,2,2,2,2,189567,189023,187521,182671,174794,182160,9000,6300,6200,500,12500,0,40433,40977,42479,47329,55206,47840,1071236,1
20000,2,2,4,-1,-1,-1,-1,-1,-1,17420,19130,20340,19940,19940,0,2000,2000,0,0,0,0,2580,870,-340,60,60,20000,92770,0
30000,2,2,3,-1,-1,-1,-1,-1,-1,21043,21183,1754,666,1339,1748,1196,1757,2,1443,1949,0,8957,8817,28246,29334,28661,28252,41386,0
100000,1,2,2,2,2,2,2,2,2,33752,32928,35572,34700,36942,36196,0,3200,0,2800,0,1511,66248,67072,64428,65300,63058,63804,202579,1
80000,1,4,1,-1,-1,-1,2,-1,-1,81337,80290,82215,80422,78284,77270,2842,20412,0,3000,3000,3000,-1337,-290,-2215,-422,1716,2730,447564,1
210000,2,2,2,-1,-1,-1,-1,-1,-1,187610,191592,195739,198081,202410,206582,8500,9000,7100,7510,7700,9051,22390,18408,14261,11919,7590,3418,1133153,0
50000,2,2,4,1,2,-1,-1,-1,-1,48153,46885,27168,27585,27910,27380,0,1400,1200,1500,1000,1500,1847,3115,22832,22415,22090,22620,198481,0
130000,2,4,1,-1,-1,-1,-1,-1,-1,133622,129784,126021,70186,71762,73192,4752,5010,2505,2700,2623,2800,-3622,216,3979,59814,58238,56808,584177,0
70000,1,4,1,-1,-1,2,2,2,2,48432,52650,53099,51648,55409,54366,5000,1900,0,4600,0,2300,21568,17350,16901,18352,14591,15634,301804,0
210000,1,2,2,-1,-1,-1,-1,-1,-1,17420,16182,14109,10955,11217,11367,1236,1613,1000,552,607,1500,192580,193818,195891,199045,198783,198633,74742,0
100000,3,1,3,-1,-1,-1,-1,-1,-1,780,0,390,390,390,390,0,390,390,390,390,390,99220,100000,99610,99610,99610,99610,390,1
200000,3,3,4,-1,-1,-1,-1,-1,-1,3556,4993,9212,2529,1036,4430,5020,9236,2529,0,4430,6398,196444,195007,190788,197471,198964,195570,-1857,0
40000,1,2,1,1,2,-1,-1,-1,3,28926,28182,28912,29495,33011,32194,0,1500,1064,4000,0,0,11074,11818,11088,10505,6989,7806,174156,1
80000,2,4,1,2,3,2,2,2,2,69602,67930,72205,73116,74801,73444,0,6000,2700,3000,0,5300,10398,12070,7795,6884,5199,6556,414098,0
210000,1,2,2,1,-1,-1,-1,-1,-1,0,732,873,148,129,292,732,873,148,129,292,0,210000,209268,209127,209852,209871,209708,0,1
20000,2,4,1,-1,-1,-1,2,-1,-1,7186,3478,137,1714,17694,12237,8060,137,5199,17694,575,0,12814,16522,19863,18286,2306,7763,10781,0
10000,3,2,2,-1,-1,-1,-1,-1,-1,8813,8464,9474,9716,9960,10188,2148,1158,400,400,400,300,1187,1536,526,284,40,-188,51809,0
60000,3,2,4,-1,-1,-1,-1,-1,-1,61600,61952,60661,29095,17636,31406,3300,2000,900,889,21500,3600,-1600,-1952,-661,30905,42364,28594,230161,1
40000,2,2,1,-1,-1,-1,-1,-1,-1,11273,12307,13348,13530,13811,14132,1520,1550,700,648,700,700,28727,27693,26652,26470,26189,25868,72583,0
290000,1,4,2,-1,-1,-1,-1,-1,-1,413,486,820,60,1773,3904,486,820,60,1773,3904,0,289587,289514,289180,289940,288227,286096,413,1
50000,2,1,4,-2,-2,-2,-2,-2,-2,1583,2134,0,2025,0,1924,2134,0,2025,0,1924,0,48417,47866,50000,47975,50000,48076,1583,0
20000,2,2,1,-1,-1,-1,-1,2,2,17384,13648,13924,15685,15292,17524,1500,1400,2000,0,2500,0,2616,6352,6076,4315,4708,2476,86057,0
30000,2,2,1,-1,-1,-1,-1,-1,-1,33195,32705,32406,32167,31728,31061,1600,1500,1500,1300,1261,1003,-3195,-2705,-2406,-2167,-1728,-1061,185098,0
20000,2,1,2,-1,-1,-1,-1,-1,2,17104,18134,19123,19351,20411,19947,1613,1602,830,1512,0,545,2896,1866,877,649,-411,53,107968,0
50000,3,6,3,-1,-1,-1,-1,-1,-1,24443,24391,23595,22590,21788,21949,1800,1400,800,1000,900,900,25557,25609,26405,27410,28212,28051,131956,0
500000,2,1,3,1,-1,2,2,-1,-1,-984,3516,1924,1924,8924,6729,4500,0,0,7000,36,532,500984,496484,498076,498076,491076,493271,9965,1
90000,3,4,1,-1,-1,-1,-1,-1,-2,595,207,18189,557,0,0,207,18281,557,0,0,0,89405,89793,71811,89443,90000,90000,503,1
10000,2,2,1,-1,-1,-1,-1,-1,-1,15147,6641,15318,8610,8790,8963,2234,1135,1086,319,319,180,-5147,3359,-5318,1390,1210,1037,58196,0
50000,2,2,2,2,2,3,3,3,3,1050,1050,1050,1050,1050,1050,0,0,0,0,0,0,48950,48950,48950,48950,48950,48950,6300,1
120000,1,2,2,-1,-1,2,-1,-1,2,24466,28255,27507,27952,31136,30486,4500,0,1200,3800,0,1500,95534,91745,92493,92048,88864,89514,158802,0
200000,1,4,1,-1,-1,-1,-1,-1,-1,157607,155693,155290,147604,146719,143317,7194,6760,5018,5370,5294,5300,42393,44307,44710,52396,53281,56683,871294,0
300000,2,2,4,-1,-1,-1,-1,-1,-1,8924,3131,117497,110680,104016,109839,3131,121715,4000,5000,9000,5000,291076,296869,182503,189320,195984,190161,306241,0
90000,2,4,1,-1,-1,-1,-1,-1,-1,17524,22184,23270,27372,31905,34954,5000,5000,5000,5000,3600,2000,72476,67816,66730,62628,58095,55046,131609,0
90000,2,1,1,-1,-1,-1,-1,-1,-1,70482,70591,64926,59949,54029,48170,2580,2337,1634,1606,1371,620,19518,19409,25074,30051,35971,41830,357999,0
140000,1,4,1,1,-2,-2,-2,-2,-2,0,0,0,0,0,0,0,0,0,0,0,0,140000,140000,140000,140000,140000,140000,0,1
180000,2,2,2,-1,-1,-1,-1,-1,-1,1081,148,148,296,148,148,148,148,296,0,148,1495,178919,179852,179852,179704,179852,179852,-266,0
360000,1,1,2,-1,-1,-1,-2,-2,-2,1761,2560,0,0,0,0,2816,0,0,0,0,2456,358239,357440,360000,360000,360000,360000,-951,0
160000,3,4,1,1,-2,-2,-2,-2,-2,0,0,4150,2065,0,500,0,4150,2065,0,500,0,160000,160000,155850,157935,160000,159500,0,1
100000,1,1,3,-1,-1,-1,-1,-1,-1,10529,12723,15807,18901,21794,25051,2688,3688,3288,3288,3688,0,89471,87277,84193,81099,78206,74949,88165,0
20000,2,2,1,-1,-1,2,-1,-1,-2,19277,20997,20200,20000,0,0,5000,0,0,0,0,0,723,-997,-200,0,20000,20000,75474,1
360000,1,1,2,-1,-1,-1,-1,-1,-1,40434,13352,129978,150637,138969,132118,2000,129990,30000,25000,5000,3000,319566,346648,230022,209363,221031,227882,410498,0
230000,2,2,2,-1,-1,-1,-1,-1,-1,326,326,326,326,326,326,652,326,326,326,326,326,229674,229674,229674,229674,229674,229674,-326,0
110000,3,4,1,-1,-1,-1,-1,-1,-1,101006,104474,106332,106906,108952,110444,5300,5300,4000,4100,4631,4404,8994,5526,3668,3094,1048,-444,610379,1
210000,2,2,2,-1,-1,-1,-1,-1,-1,142149,139025,50283,159231,155342,156769,6534,3069,110017,5496,6307,5376,67851,70975,159717,50769,54658,53231,666000,0
200000,2,2,1,-1,-1,-1,-1,-1,-1,1747,11817,14225,16017,12613,6600,12957,3884,5010,700,360,1713,198253,188183,185775,183983,187387,193400,38395,0
50000,2,2,3,-1,-1,-1,-1,-1,-1,27560,19002,8542,8711,8893,9070,1159,1142,311,322,324,335,22440,30998,41458,41289,41107,40930,78185,0
210000,1,4,2,1,-2,-2,-2,-1,-1,0,0,0,0,49525,0,0,0,0,49525,0,0,210000,210000,210000,210000,160475,210000,0,1
280000,1,2,2,1,-2,-1,-1,-1,-1,-32,-32,4887,2067,6624,1489,0,4919,10,6657,1496,2244,280032,280032,275113,277933,273376,278511,-323,0
500000,2,1,3,-1,-1,-1,-1,-1,-1,94585,61111,24801,6288,166251,162785,2659,2090,6333,178460,5506,6205,405415,438889,475199,493712,333749,337215,314568,0
30000,1,4,1,-1,-1,-1,-1,-1,-2,3924,4972,5873,5993,0,0,1099,1000,120,0,0,0,26076,25028,24127,24007,30000,30000,18543,0
340000,2,2,2,-1,-1,-1,-1,-1,-1,167474,155293,134467,129891,113919,106675,7106,4435,4091,3548,4535,4127,172526,184707,205533,210109,226081,233325,779877,0
360000,1,2,2,-1,-1,-1,-1,-1,-1,389,389,1955,5316,2265,6594,389,1955,5316,2265,6594,2974,359611,359611,358045,354684,357735,353406,-2585,0
70000,1,4,1,-1,-1,-1,-1,-1,-1,71358,70285,28867,29766,26522,27584,3280,1480,1360,960,1500,1000,-1358,-285,41133,40234,43478,42416,244802,0
20000,2,6,3,2,2,7,7,7,6,2400,2400,2400,2400,2400,1800,0,0,0,0,0,0,17600,17600,17600,17600,17600,18200,13800,1
230000,1,2,2,-1,-1,-1,-1,-1,-1,44734,47178,29582,38426,42500,43531,10120,20000,10000,5000,5000,5000,185266,182822,200418,191574,187500,186469,190831,0
60000,2,1,3,-1,-1,-1,-1,-1,-1,48979,41597,29347,19544,11989,9079,5070,1219,1007,8,9381,1156,11021,18403,30653,40456,48011,50921,142694,0
50000,1,2,1,3,2,2,-1,-1,-1,49828,50467,48964,49447,44067,44760,2121,0,2000,2000,2000,2000,172,-467,1036,553,5933,5240,277412,1
50000,1,4,1,-1,-1,2,2,2,2,10532,13145,12637,13922,13556,14528,2800,0,1500,0,1200,0,39468,36855,37363,36078,36444,35472,72820,1
130000,4,4,1,-1,-1,-1,-1,-1,-1,36108,34256,36357,37878,39489,41833,3000,3000,2500,3000,3000,2000,93892,95744,93643,92122,90511,88167,209421,0
160000,3,2,4,-1,-1,-1,-1,-1,-1,155684,157364,156581,72814,66825,63419,6525,6649,2724,2503,2310,2200,4316,2636,3419,87186,93175,96581,649776,0
60000,3,4,3,2,-1,-1,-1,-1,-1,43533,39252,38051,37988,38725,39685,1700,1700,2000,1500,1600,1000,16467,20748,21949,22012,21275,20315,227734,0
160000,2,2,3,-1,-1,-1,-1,-1,-1,12458,7146,11529,20860,0,780,7545,5000,10000,0,780,0,147542,152854,148471,139140,160000,159220,29448,0
180000,1,4,1,-1,-1,-1,-1,-1,-1,23800,1246,3430,8430,92925,88283,1246,3430,5000,92925,5000,5000,156200,178754,176570,171570,87075,91717,105513,0
170000,2,1,2,2,2,2,-1,-1,-1,75960,64683,51184,37938,25292,12646,2000,0,0,0,0,173869,94040,105317,118816,132062,144708,157354,91834,0
360000,2,4,2,2,2,2,-1,-1,-1,360023,363239,350214,319960,260944,202686,14693,30,12302,10004,7506,19721,-23,-3239,9786,40040,99056,157314,1792810,1
130000,2,2,2,-1,-1,-1,2,-1,-1,59955,61252,65399,63800,65312,37838,2260,5203,0,2670,1342,1815,70045,68748,64601,66200,64688,92162,340266,0
180000,2,4,3,1,-1,-1,-1,-1,-1,2551,3044,3044,5283,1660,6671,3044,3044,5283,1660,6671,493,177449,176956,176956,174717,178340,173329,2058,0
20000,1,2,1,1,2,-1,-1,-1,-1,6274,5971,3980,9040,9040,0,0,4000,9040,0,0,17291,13726,14029,16020,10960,10960,20000,3974,0
230000,2,2,3,-1,-1,-1,-1,-1,-1,7806,8392,8967,8729,10816,15893,1295,1300,468,2816,5893,5977,222194,221608,221033,221271,219184,214107,42854,0
220000,2,2,2,1,-2,-2,-2,-2,-2,0,0,0,0,0,0,0,0,0,0,0,0,220000,220000,220000,220000,220000,220000,0,0
240000,2,1,3,-2,-2,-2,-2,-2,-2,0,0,0,0,0,0,0,0,0,0,0,0,240000,240000,240000,240000,240000,240000,0,0
50000,3,1,4,-1,-1,-1,-1,-1,-1,50356,48981,47942,1261,17147,16609,2000,1120,1300,17147,1000,1000,-356,1019,2058,48739,32853,33391,158729,0
310000,2,2,2,-1,-1,-1,-1,-1,-1,7246,6713,9507,8894,7418,12154,1155,4507,1000,283,7482,2473,302754,303287,300493,301106,302582,297846,35032,0
350000,1,1,6,-1,-1,-1,-1,-1,-1,100895,70244,64839,57583,45554,37063,3371,2089,3008,1300,1500,1372,249105,279756,285161,292417,304446,312937,363538,0
50000,1,4,1,-1,-1,-1,-1,-1,-1,629,351,784,696,800,341,351,789,699,910,341,210,49371,49649,49216,49304,49200,49659,301,0
200000,2,2,2,1,-2,-1,-1,-1,-1,26223,-137,73284,65428,65820,2859,0,73421,1309,392,2859,1250,173777,200137,126716,134572,134180,197141,154246,0
480000,3,2,4,-1,-1,-1,-1,-1,-1,482250,475931,429037,383821,369920,699944,18093,15233,12597,15098,14155,20306,-2250,4069,50963,96179,110080,-219944,2745421,0
180000,1,2,1,2,2,2,2,2,-1,81044,78403,58083,58244,56041,50816,2600,0,4700,0,2500,1092,98956,101597,121917,121756,123959,129184,371739,1
200000,2,4,2,-1,-1,-1,-1,-1,-1,184676,178491,169860,165713,168199,160769,7900,6112,6000,6000,5838,5900,15324,21509,30140,34287,31801,39231,989958,0
20000,3,1,2,2,-1,-1,-1,-1,-1,15736,16762,17774,18125,18507,19063,1284,1296,647,672,864,1506,4264,3238,2226,1875,1493,937,99698,0
50000,2,2,3,-1,-1,-1,-1,-1,-1,51631,45223,45461,18354,19118,19404,1800,1005,19763,1000,1000,1000,-1631,4777,4539,31646,30882,30596,173623,0
210000,3,4,2,1,-2,-1,-1,-1,-1,0,0,3104,4056,565,960,0,3104,4056,565,960,1958,210000,210000,206896,205944,209435,209040,-1958,1
20000,2,4,1,-1,-1,-1,-1,-1,-1,19433,20508,19662,20001,16448,16774,1700,1300,600,600,600,622,567,-508,338,-1,3552,3226,107404,0
150000,2,2,2,1,-2,-1,-1,-1,-2,6526,779,8927,8660,692,0,783,9098,8660,698,0,0,143474,149221,141073,141340,149308,150000,6345,0
50000,2,4,1,-1,-1,-1,-1,-1,2,46528,47456,36251,438,43367,44305,1794,1021,438,43367,1800,0,3472,2544,13749,49562,6633,5695,169925,0
190000,3,1,3,2,2,2,2,2,2,178367,179062,177663,180312,185910,191895,5000,3000,7100,8700,9300,9500,11633,10938,12337,9688,4090,-1895,1050609,1
290000,1,4,1,2,-1,-1,-1,2,2,232523,243753,253145,267412,273095,278260,16500,15000,20000,10000,9701,0,57477,46247,36855,22588,16905,11740,1476987,0
420000,2,1,2,-1,-1,-1,-1,-1,-1,171141,118103,119543,122851,126007,129144,5700,4600,5000,5000,5000,4700,248859,301897,300457,297149,293993,290856,756789,0
340000,2,4,2,2,-1,-1,-1,-1,-1,337981,344920,18921,21205,19810,13586,17181,2000,10000,5000,3000,1000,2019,-4920,321079,318795,320190,326414,718242,0
60000,2,2,3,3,3,5,4,3,2,9744,10940,10630,10320,9865,10055,1500,0,0,0,500,0,50256,49060,49370,49680,50135,49945,59554,0
90000,1,4,1,-1,-1,-1,-1,-1,-1,81111,83081,60210,61221,62636,54261,3500,3000,2600,2600,3000,1500,8889,6919,29790,28779,27364,35739,386320,0
30000,1,4,1,2,2,2,2,2,2,28207,29261,28497,29862,43148,30603,1800,0,2150,900,3776,0,1793,739,1503,138,-13148,-603,180952,1
160000,2,2,2,-1,-1,-2,-1,-1,-2,1988,0,0,1188,0,0,0,0,1188,0,0,1935,158012,160000,160000,158812,160000,160000,53,0
20000,2,2,2,-1,2,2,2,2,2,11916,11434,13433,13398,13040,14518,0,2200,480,0,1702,200,8084,8566,6567,6602,6960,5482,73157,0
90000,2,2,1,-1,-1,-1,-1,-1,-1,87525,89052,85807,68186,69011,70341,4200,3000,3000,3000,2600,3000,2475,948,4193,21814,20989,19659,451122,1
120000,1,2,1,-1,-1,-1,-1,-1,-1,20874,21930,22165,20502,19030,15119,1700,1500,700,1000,1000,1000,99126,98070,97835,99498,100970,104881,112720,0
120000,1,2,2,1,-2,-2,-2,-2,-2,-284,-610,-936,-1262,-1588,-1914,0,0,0,0,0,0,120284,120610,120936,121262,121588,121914,-6594,0
360000,2,2,4,-1,-1,-1,-1,-1,-1,147,686,6037,1560,0,275,686,6041,1560,0,275,0,359853,359314,353963,358440,360000,359725,143,0
160000,1,4,2,-2,-2,-2,-2,-2,-2,16922,2552,0,0,0,0,2555,0,0,0,0,0,143078,157448,160000,160000,160000,160000,16919,0
320000,1,2,2,-2,-1,-1,-1,-1,-1,65083,23750,22381,14685,7511,6722,23750,10162,14702,7511,6722,10000,254917,296250,297619,305315,312489,313278,67285,0
20000,2,2,1,-1,-1,2,2,4,3,16508,19638,19030,22033,21109,20474,3400,0,3633,0,0,0,3492,362,970,-2033,-1109,-474,111759,0
230000,1,4,1,-1,-1,-1,-1,-1,-1,63184,64667,65888,66645,67865,69231,3100,3000,2300,2300,2500,2300,166816,165333,164112,163355,162135,160769,381980,0
50000,3,1,3,-1,-1,-1,-1,-1,-1,15931,17363,18735,19188,17578,16855,2000,2000,1006,1003,1000,1000,34069,32637,31265,30812,32422,33145,97641,0
50000,3,1,3,-1,-1,-1,-1,-1,-1,2722,33868,26646,26832,27395,27940,33895,1439,959,994,1000,1013,47278,16132,23354,23168,22605,22060,106103,0
40000,3,4,1,-1,2,-1,-1,-1,-1,5496,698,400,25289,24435,2201,0,400,25289,0,0,1329,34504,39302,39600,14711,15565,37799,31501,0
120000,3,2,1,2,-1,-1,-1,2,-1,390,390,390,780,240,630,390,390,780,0,930,300,119610,119610,119610,119220,119760,119370,30,0
130000,2,4,1,-1,-1,-1,-1,-1,-1,1031,1583,776,776,776,776,1583,1000,776,776,776,12184,128969,128417,129224,129224,129224,129224,-11377,1
110000,3,4,1,-1,-1,2,2,-1,-1,85918,87442,82975,80446,80006,80421,4000,6000,12,3100,3200,3000,24082,22558,27025,29554,29994,29579,477896,0
20000,2,2,1,1,2,-1,-1,-1,-1,8222,7948,8958,9456,10150,10727,0,1300,800,1000,900,2130,11778,12052,11042,10544,9850,9273,49331,1
50000,3,2,1,1,-2,-2,-2,-2,-2,0,0,0,0,0,0,0,0,0,0,0,0,50000,50000,50000,50000,50000,50000,0,0
120000,3,2,2,-1,-1,-1,-1,-1,-1,115583,114915,117220,119599,120888,117881,4178,4223,4296,4800,4423,4080,4417,5085,2780,401,-888,2119,680086,0
50000,3,2,2,-1,-1,-1,-2,-2,-2,50375,51400,0,0,0,0,2400,0,0,0,0,0,-375,-1400,50000,50000,50000,50000,99375,0
360000,2,4,2,1,-2,-2,-1,-1,-2,0,0,0,700,0,0,0,0,700,0,0,0,360000,360000,360000,359300,360000,360000,0,1
240000,2,2,3,-1,-1,-1,-1,-1,-1,3313,7458,2329,4267,2404,4243,7458,2335,4267,2404,4243,2952,236687,232542,237671,235733,237596,235757,355,1
150000,1,2,2,-1,-1,-1,-1,-1,-2,46272,1079,0,41147,-3,-3,1082,0,41147,0,0,0,103728,148921,150000,108853,150003,150003,46263,0
50000,2,4,1,-1,-1,-1,-1,2,-1,30501,33113,33967,28115,27529,29896,3113,1421,4295,0,3000,896,19499,16887,16033,21885,22471,20104,170396,0
500000,1,4,3,-1,-1,-1,2,-1,-1,30439,1844,844,614,2887,3850,1844,1000,0,3000,4000,6000,469561,498156,499156,499386,497113,496150,24634,1
110000,2,2,2,-1,-1,-1,-1,-1,-1,115895,115609,113984,112510,112319,110730,6000,5500,4000,4000,4100,4000,-5895,-5609,-3984,-2510,-2319,-730,653447,0
170000,2,1,3,-1,-1,-1,-1,-1,-1,93420,96284,97322,99419,101590,111679,4371,3533,3716,3934,12030,0,76580,73716,72678,70581,68410,58321,572130,1
230000,2,2,1,-1,-1,-1,-1,-1,-1,30818,31209,32211,31647,34304,36849,2000,2000,1113,5000,5000,2000,199182,198791,197789,198353,195696,193151,179925,0
20000,3,6,3,-1,-1,-1,-1,-1,-1,9417,10436,11450,12257,12685,13306,1179,1193,1000,625,1000,405,10583,9564,8550,7743,7315,6694,64149,0
100000,1,2,3,1,-2,-2,-2,-2,-1,0,0,0,0,0,18149,0,0,0,0,18149,0,100000,100000,100000,100000,100000,81851,0,0
110000,1,2,1,1,2,-1,-1,-1,-1,44278,41812,43095,46292,44744,36243,0,2000,5000,1514,1197,982,65722,68188,66905,63708,65256,73757,245771,0
340000,1,1,4,-2,-2,-2,-2,-2,-2,30832,33652,35192,30000,10766,33887,33670,35212,30000,10766,33905,30200,309168,306348,304808,310000,329234,306113,576,1
50000,1,2,2,-1,-1,-1,-1,-1,-1,37774,38492,36453,29700,30167,29613,1976,1564,1170,1055,1052,1022,12226,11508,13547,20300,19833,20387,194360,0
310000,1,1,4,-1,-1,-1,-1,-1,-1,316,316,10131,2456,316,316,316,10131,2456,316,316,316,309684,309684,299869,307544,309684,309684,0,0
50000,3,2,2,1,2,2,2,2,2,38102,40025,40071,40906,42100,41269,2830,1000,1800,2000,0,1704,11898,9975,9929,9094,7900,8731,233139,1
240000,3,2,2,-1,-1,2,-1,-1,-1,107148,113396,110084,112272,114779,116920,9500,0,4019,4317,4204,4314,132852,126604,129916,127728,125221,123080,648245,1
50000,2,2,3,-1,-1,-1,-1,-1,-1,10929,13262,14273,14555,14860,15155,2526,1237,519,538,541,560,39071,36738,35727,35445,35140,34845,77113,0
150000,1,4,2,-2,-1,2,-1,-1,-2,0,13206,10227,398,0,0,13206,0,0,0,0,0,150000,136794,139773,149602,150000,150000,10625,0
140000,2,2,3,-1,-1,-1,-1,-1,-1,108033,105021,107659,109104,109352,101534,4000,4537,3800,3823,3806,3511,31967,34979,32341,30896,30648,38466,617226,0
30000,3,2,4,-1,-1,2,2,-1,-1,16088,24800,25098,24396,24907,25555,9000,1000,0,903,1061,942,13912,5200,4902,5604,5093,4445,127938,0
300000,1,2,2,-1,-1,-1,-1,-1,-1,93738,84636,88446,76244,67747,70389,3000,5000,2500,2500,3500,87000,206262,215364,211554,223756,232253,229611,377700,1
50000,1,2,1,-1,-1,-1,-1,-1,-1,2087,2632,3355,3253,3640,3512,1000,1186,500,1000,500,1000,47913,47368,46645,46747,46360,46488,13293,0
280000,2,2,2,-1,-1,-1,-1,-1,-1,29078,30144,32629,35126,35759,42317,1515,3000,3000,1292,7147,1415,250922,249856,247371,244874,244241,237683,187684,0
120000,2,4,1,-1,-1,-1,-1,-1,-1,118063,120851,120013,77539,77333,79113,4700,3538,3000,3000,3000,5000,1937,-851,-13,42461,42667,40887,570674,0
30000,1,2,1,1,-1,-1,-1,-1,-1,0,306,2017,6316,3107,0,306,2017,6316,62,0,1002,30000,29694,27983,23684,26893,30000,2043,0
30000,2,4,1,-1,-1,-1,-1,-1,-1,3226,5591,6992,20412,14427,5119,3596,2992,16500,0,5119,0,26774,24409,23008,9588,15573,24881,27560,1
180000,3,1,3,1,2,-1,-1,-1,-1,24400,24508,22627,23306,22780,20890,1500,1500,1000,1000,1000,1000,155600,155492,157373,156694,157220,159110,131511,0
150000,2,1,2,1,2,2,-1,-1,2,8967,11510,12022,12524,13868,13502,3001,1000,1000,1700,0,1000,141033,138490,137978,137476,136132,136498,64692,0
110000,2,2,3,-1,-1,-1,2,-1,-1,84589,85418,38333,37419,38199,38957,3700,4890,0,1535,1545,1500,25411,24582,71667,72581,71801,71043,309745,0
50000,1,2,1,-1,-1,-1,-1,-1,-1,50716,50606,33265,29300,20703,30101,3029,2000,1021,1004,10000,2500,-716,-606,16735,20700,29297,19899,195137,1
230000,3,2,3,1,-1,2,-1,-1,-1,0,3832,1823,3646,1823,1823,5655,0,3646,0,1823,1823,230000,226168,228177,226354,228177,228177,0,0
230000,2,4,1,-1,-1,-1,-1,-1,2,95311,94489,93143,87654,90172,86850,4500,4114,3500,4000,3000,3000,134689,135511,136857,142346,139828,143150,525505,0
160000,1,4,3,-2,-2,-2,-2,-2,-2,6241,8788,0,0,0,0,8805,0,0,0,0,0,153759,151212,160000,160000,160000,160000,6224,0
50000,3,2,2,-1,-1,-1,-1,-1,-1,52855,49123,49522,19843,18440,18272,2206,1605,397,369,365,1088,-2855,877,478,30157,31560,31728,202025,0
210000,1,2,2,1,-1,-1,-1,-1,-1,0,1690,0,5619,4090,581,1690,0,5619,4090,581,0,210000,208310,210000,204381,205910,209419,0,0
120000,2,2,2,-1,-1,-1,-1,-1,-1,4100,7270,820,820,2870,970,7270,820,820,2870,970,820,115900,112730,119180,119180,117130,119030,3280,0
240000,2,2,3,-1,-1,-1,2,-1,-1,21943,36519,55515,49049,57178,42009,15000,20000,3330,30000,10000,10000,218057,203481,184485,190951,182822,197991,173883,0
20000,3,3,3,-1,-1,-1,-1,-1,-1,18768,18795,19390,19464,18126,18827,1400,1400,1000,700,1600,0,1232,1205,610,536,1874,1173,107270,0
50000,3,4,3,-1,-1,-1,-1,-1,-1,5538,6563,7422,8292,8465,8650,1271,1130,1000,307,325,436,44462,43437,42578,41708,41535,41350,40461,0
50000,1,4,6,2,2,-1,-1,-1,-1,49546,48480,48621,17793,18224,18612,0,2200,700,700,674,608,454,1520,1379,32207,31776,31388,196394,0
50000,2,2,2,-1,-1,-1,-1,-1,-1,48508,49213,38280,12305,6436,0,3037,1800,1130,2000,0,0,1492,787,11720,37695,43564,50000,146775,0
100000,3,2,4,-1,-1,-1,-1,-1,-1,73904,73249,12327,10793,5309,900,2781,2101,216,0,900,500,26096,26751,87673,89207,94691,99100,169984,0
390000,1,2,3,-1,-1,-1,-2,-2,-1,15026,13357,0,0,0,100000,13357,0,0,0,100000,39268,374974,376643,390000,390000,390000,290000,-24242,0
550000,1,2,2,-1,-1,-1,-1,-1,-1,43769,38907,36111,32723,26946,26439,2018,1520,1131,1005,1107,1019,506231,511093,513889,517277,523054,523561,197095,0
450000,2,4,2,-1,-1,-1,-1,-1,-1,13500,6350,11670,1530,1232,201,6364,11728,1532,1234,201,3,436500,443650,438330,448470,448768,449799,13421,0
80000,2,2,4,-1,-1,-1,-1,-1,-1,2587,2587,50097,48753,50000,49209,2587,50097,2000,2000,1933,1700,77413,77413,29903,31247,30000,30791,142916,0
50000,3,2,3,-1,-1,-1,-1,-1,-1,4064,5987,7719,8588,9291,11127,2000,2000,1000,1000,2000,2000,45936,44013,42281,41412,40709,38873,36776,0
50000,2,4,2,1,2,2,-1,-1,-1,49617,50352,49243,49819,19324,20103,1813,0,2169,702,1101,529,383,-352,757,181,30676,29897,232144,0
180000,2,1,3,-1,-1,-1,-1,-1,-1,70721,69994,70204,70238,73296,73369,8000,3000,3000,5000,2595,3000,109279,110006,109796,109762,106704,106631,403227,0
240000,1,2,2,-2,-2,-2,-2,-1,-1,15432,10835,22134,32823,1897,5627,10851,22258,20076,2099,5827,0,224568,229165,217866,207177,238103,234373,27637,0
320000,3,4,1,-1,-1,-1,-2,-2,-1,500,500,0,0,0,2900,500,0,0,0,2900,0,319500,319500,320000,320000,320000,317100,500,0
480000,2,2,2,-1,2,-1,-1,2,-1,18214,11031,182123,188956,179179,181746,0,182123,12960,0,9000,50000,461786,468969,297877,291044,300821,298254,507166,0
150000,2,2,2,-1,2,2,-2,-1,-1,1184,794,2756,0,2430,4840,0,2772,0,2430,4844,0,148816,149206,147244,150000,147570,145160,1958,0
110000,1,4,1,-1,-1,2,-1,-1,-1,107195,109443,106637,106665,92417,90730,7845,4000,4000,3500,9500,9600,2805,557,3363,3335,17583,19270,574642,0
240000,1,2,2,-1,-1,-1,-1,-1,-1,7744,7284,11234,15214,9107,5621,7305,11263,10018,21,3637,7008,232256,232716,228766,224786,230893,234379,16952,0
50000,1,2,2,-1,-1,-1,-1,-1,-1,47853,49474,47822,8585,8797,9001,2412,1500,500,500,500,490,2147,526,2178,41415,41203,40999,165630,1
120000,2,2,1,-1,-1,-1,-1,-1,-1,2474,2469,2439,2439,2439,2116,2469,2439,2439,2439,2116,0,117526,117531,117561,117561,117561,117884,2474,0
150000,1,2,2,1,-2,-2,-2,-2,-2,0,0,0,0,0,0,0,0,0,0,0,0,150000,150000,150000,150000,150000,150000,0,0
100000,3,4,4,-1,-1,-1,-1,-1,-1,101503,29880,31119,58653,59477,60695,1538,1777,29103,2283,2334,2290,-1503,70120,68881,41347,40523,39305,302002,0
260000,2,4,2,-2,-2,-2,-2,-2,-2,-2,-2,725,2074,0,585,0,727,2074,0,585,0,260002,260002,259275,257926,260000,259415,-6,0
250000,2,4,1,-2,-2,-2,-2,-2,-2,16884,10397,5291,4671,4400,6011,2000,1000,1010,2000,6011,2325,233116,239603,244709,245329,245600,243989,33308,0
100000,2,4,1,-1,-1,-2,-2,-2,-1,9614,0,0,0,0,16708,0,0,0,0,16708,2000,90386,100000,100000,100000,100000,83292,7614,0
160000,1,1,4,2,3,2,-1,-1,-1,79244,77441,75598,82277,84955,87549,0,0,8000,4000,4000,4000,80756,82559,84402,77723,75045,72451,467064,1
270000,1,2,2,-1,-1,-1,-1,-1,-1,264,264,1191,3691,3445,56264,264,1191,3691,3445,56264,953,269736,269736,268809,266309,266555,213736,-689,1
390000,2,4,3,-1,-1,-1,-1,-1,-1,5895,42006,31192,13859,10078,4635,42016,1397,347,250,145,94,384105,347994,358808,376141,379922,385365,63416,0
210000,2,2,3,-1,-1,-1,-1,2,-1,80527,82332,84043,88508,85802,85280,4000,4000,7000,0,3500,7000,129473,127668,125957,121492,124198,124720,480992,0
30000,2,4,1,-1,-1,-1,2,-1,-1,24285,26143,26929,19610,20591,19472,3002,2130,2,3004,8013,0,5715,3857,3071,10390,9409,10528,120879,0
300000,3,2,2,-1,-1,-1,-1,-1,-1,12090,15035,25895,16416,3972,2200,15042,25500,6000,3972,2200,0,287910,284965,274105,283584,296028,297800,22894,0
190000,3,2,2,-1,-1,-1,-1,-1,-1,89619,103095,110000,115674,121313,15538,15000,10000,5674,11313,5538,18272,100381,86905,80000,74326,68687,174462,489442,0
130000,1,2,2,-1,-1,-1,-1,-1,-1,6348,321,321,0,321,0,321,321,0,321,0,0,123652,129679,129679,130000,129679,130000,6348,1
360000,2,1,3,-1,-1,-1,-1,2,-1,270248,138566,142337,149758,147152,149460,5000,5000,8600,0,5000,5000,89752,221434,217663,210242,212848,210540,968921,0
320000,1,1,2,1,-2,-2,-2,-2,-2,291,2594,2691,291,291,291,2594,2691,291,291,291,3124,319709,317406,317309,319709,319709,319709,-2833,1
20000,2,3,2,1,-2,-2,-2,-2,-2,0,0,0,0,0,0,0,0,0,0,0,0,20000,20000,20000,20000,20000,20000,0,1
360000,1,1,2,-2,-2,-2,-2,-2,-2,10729,2523,-2,-2,-2,-2,2535,0,0,0,0,0,349271,357477,360002,360002,360002,360002,10709,0
190000,2,4,1,-1,-1,-1,-1,-1,-1,110031,105500,104430,93,158481,161866,8614,5000,93,159212,5800,5500,79969,84500,85570,189907,31519,28134,456182,0
90000,2,4,2,-1,-1,-1,-1,-1,-1,63626,1788,1988,55970,59612,40281,1000,2000,61000,5000,1800,1200,26374,88212,88012,34030,30388,49719,151265,1
30000,1,4,1,-1,-1,-1,-1,-1,2,2635,807,11428,2462,3605,1559,1270,11500,2462,1559,0,3192,27365,29193,18572,27538,26395,28441,2513,0
240000,1,2,1,-1,-1,-1,-1,-1,-1,240248,221277,201606,183454,180255,184230,11000,9100,8000,8000,7000,8000,-248,18723,38394,56546,59745,55770,1159970,0
40000,1,4,1,-1,-1,-1,-1,-1,-1,12308,13604,14873,15624,15972,16308,1500,1500,1000,600,600,1700,27692,26396,25127,24376,24028,23692,81789,0
170000,2,2,2,-1,-1,-1,-1,-1,-1,2104,2074,10719,12654,25784,19950,2081,10725,12654,25784,19950,200,167896,167926,159281,157346,144216,150050,1891,0
180000,1,2,2,-1,-1,-1,-1,-1,-1,22121,31681,32552,34004,35792,36645,10000,1700,2000,2500,1600,2000,157879,148319,147448,145996,144208,143355,172995,0
20000,3,1,5,2,2,2,2,2,-1,16097,16951,17090,17128,16725,17263,1400,700,600,0,800,772,3903,3049,2910,2872,3275,2737,96982,1
150000,3,2,3,-1,-1,2,-1,-1,-1,37800,40874,39922,40953,42136,43279,4000,0,2000,2000,2000,2000,112200,109126,110078,109047,107864,106721,232964,0
50000,2,2,3,-1,-1,-1,-1,-1,-1,44624,45128,3837,3913,4146,4225,2355,1064,140,296,296,301,5376,4872,46163,46087,45854,45775,101421,1
140000,3,2,2,2,2,2,2,2,2,89910,92588,91936,94623,94952,95234,5000,1800,5000,1900,4700,0,50090,47412,48064,45377,45048,44766,540843,0
50000,3,2,2,-1,-1,-1,-1,2,-1,40011,33648,35082,38286,37543,0,1566,2000,3800,0,1546,0,9989,16352,14918,11714,12457,50000,175658,0
200000,1,2,2,-1,-1,-1,-1,-1,-1,67002,76429,94564,95859,99593,101834,10000,18900,3000,4524,3084,3242,132998,123571,105436,104141,100407,98166,492531,0
100000,1,2,3,-1,-1,-1,-1,-1,-1,9122,22971,15537,27075,8423,37259,22982,15561,27091,8423,37259,16751,90878,77029,84463,72925,91577,62741,-7680,0
250000,1,4,2,-1,-1,-1,-1,-1,-1,33323,30090,21218,10875,3328,1460,2038,2065,52,3336,1460,1000,216677,219910,228782,239125,246672,248540,90343,0
80000,1,4,2,-2,-2,-2,-2,-2,-2,1927,446,909,1740,2190,518,446,909,1740,2190,518,5062,78073,79554,79091,78260,77810,79482,-3135,0
170000,2,2,4,-1,-1,-1,-1,-1,-1,177956,176155,171665,65479,61234,42484,7262,5586,2272,2998,39321,1390,-7956,-6155,-1665,104521,108766,127516,636144,0
80000,3,2,1,-1,-1,-1,-1,-1,-1,46638,47680,48395,49356,50560,51431,2091,1806,1767,2000,1767,1740,33362,32320,31605,30644,29440,28569,282889,0
50000,2,1,3,-1,-1,-1,-1,-1,-1,49816,49749,48589,59469,20239,20059,3000,2000,1900,1004,1600,700,184,251,1411,-9469,29761,29941,237717,0
30000,3,4,3,2,2,2,2,-1,-1,23687,23020,25218,24514,25030,25557,0,2579,0,909,944,4642,6313,6980,4782,5486,4970,4443,137952,0
70000,1,4,2,1,3,2,-1,-1,-1,70971,71272,69405,34045,34995,36025,2000,0,1220,1500,1725,0,-971,-1272,595,35955,35005,33975,310268,1
30000,3,2,3,-1,-1,-1,-1,-1,-1,1355,5137,1392,696,0,696,5174,1392,696,0,696,696,28645,24863,28608,29304,30000,29304,622,0
200000,1,1,2,-1,-1,-1,-1,-1,-1,5023,618,605,3098,805,2154,621,608,3114,1003,2164,1210,194977,199382,199395,196902,199195,197846,3583,0
100000,2,4,1,-1,-1,-1,-2,-2,-2,11540,1300,0,0,0,0,1303,0,0,0,0,0,88460,98700,100000,100000,100000,100000,11537,0
20000,2,2,3,-1,-1,-1,-1,-1,-1,17636,17947,17914,18357,19155,10200,1375,1122,565,1000,204,0,2364,2053,2086,1643,845,9800,96943,1
200000,1,2,1,-1,-1,-2,-2,-2,-2,2290,0,0,0,0,0,0,0,0,0,0,0,197710,200000,200000,200000,200000,200000,2290,0
50000,3,1,6,2,-1,-1,-1,2,2,35417,36453,37166,39710,40519,41324,1908,1621,3165,1600,1620,0,14583,13547,12834,10290,9481,8676,220675,1
50000,2,1,3,-1,-1,-1,-1,-1,-1,40931,40892,41612,18825,18019,18124,1880,1650,10000,1000,700,600,9069,9108,8388,31175,31981,31876,162573,1
50000,1,4,1,1,2,2,2,2,2,36794,35922,39319,38387,42764,41926,0,4000,0,5000,0,5000,13206,14078,10681,11613,7236,8074,221112,1
220000,2,1,3,-1,-1,-1,-1,-1,-1,217743,180357,183453,176900,118965,172907,7000,8000,8000,6000,60000,7000,2257,39643,36547,43100,101035,47093,954325,0
240000,3,2,2,-2,-2,-2,-2,-2,-2,0,1234,0,0,620,0,1234,0,0,620,0,0,240000,238766,240000,240000,239380,240000,0,0
50000,1,1,3,-1,-1,-1,-1,-1,-1,42549,36110,9715,8965,6652,7385,2200,2000,1000,500,1000,400,7451,13890,40285,41035,43348,42615,104276,0
500000,1,2,3,-1,-1,-1,-1,-1,-1,36954,-24704,22999,18339,-3876,15586,0,83000,0,0,20000,18000,463046,524704,477001,481661,503876,484414,-55702,0
170000,1,2,1,-1,-1,-1,-1,-1,-1,23594,1512,1362,1591,3524,8545,1512,1362,1591,3524,8545,1485,146406,168488,168638,168409,166476,161455,22109,0
30000,1,1,2,-1,-1,-1,-2,-2,-2,220,2500,0,0,0,0,2500,0,0,0,0,0,29780,27500,30000,30000,30000,30000,220,0
300000,1,1,3,1,-2,-2,-2,-2,-2,0,0,0,0,0,0,0,0,0,0,0,0,300000,300000,300000,300000,300000,300000,0,1
50000,2,2,2,-1,-1,-1,-1,-1,-1,50507,48751,44688,19823,13645,10876,4000,2220,1000,1500,1000,1500,-507,1249,5312,30177,36355,39124,177070,0
100000,3,2,2,-1,-1,-1,-2,-2,-2,16033,1716,1200,0,0,1300,1716,1200,0,0,1300,6455,83967,98284,98800,100000,100000,98700,9578,0
150000,1,4,1,-1,-1,2,-1,-1,-1,108817,83654,79713,64468,66488,58131,7500,0,4000,4000,4000,3500,41183,66346,70287,85532,83512,91869,438271,1
50000,1,2,1,-1,-1,-1,-1,-1,-1,46176,40870,41590,42419,43307,44167,2000,1700,1519,1572,1580,1637,3824,9130,8410,7581,6693,5833,248521,0
190000,2,4,2,-1,-1,-1,-1,-2,-1,771,0,4251,0,0,6732,0,4251,0,0,6732,11306,189229,190000,185749,190000,190000,183268,-10535,0
20000,3,4,1,-1,-1,-1,-1,-1,-1,14562,5991,6870,0,2734,0,1121,1000,0,1367,0,0,5438,14009,13130,20000,17266,20000,26669,0
50000,3,2,4,1,2,2,2,-1,-1,49003,49067,50498,47579,47567,48155,2005,3900,0,2000,1900,1900,997,933,-498,2421,2433,1845,280164,0
30000,2,2,2,-1,-1,-1,-1,-1,-1,223,223,223,223,223,675,223,223,223,223,675,10473,29777,29777,29777,29777,29777,29325,-10250,1
90000,1,4,1,-2,-2,2,2,-2,-2,1179,6346,4607,-6,-2153,-4306,7020,2980,3000,0,0,0,88821,83654,85393,90006,92153,94306,-7333,0
500000,1,4,2,-2,-2,-2,-2,-2,-2,-312,-2479,2479,2479,763,288,0,4958,0,763,0,14472,500312,502479,497521,497521,499237,499712,-16975,1
280000,1,1,3,-1,-1,-1,-1,-1,-1,5310,2196,2928,9564,22017,5220,2196,2928,9564,22017,5220,1964,274690,277804,277072,270436,257983,274780,3346,0
30000,2,1,2,-1,-1,-1,-1,-1,-2,13265,7206,0,2320,0,0,1632,780,2320,0,0,0,16735,22794,30000,27680,30000,30000,18059,0
90000,2,2,2,2,2,2,2,2,2,49295,50206,50781,51840,52607,53784,2000,1700,2200,1750,2200,2000,40705,39794,39219,38160,37393,36216,296663,0
200000,2,1,3,1,2,-1,-1,2,2,38187,35827,19208,20023,19572,19652,44,1303,1522,0,1099,1339,161813,164173,180792,179977,180428,180348,147162,1
100000,2,2,2,-2,-2,-2,-2,-2,-2,914,1170,0,0,1756,0,1475,0,0,1756,0,0,99086,98830,100000,100000,98244,100000,609,0
20000,3,2,3,-1,-1,2,3,2,2,12649,15526,16383,15831,15438,17371,3103,1408,0,0,2346,0,7351,4474,3617,4169,4562,2629,86341,0
50000,2,1,4,-1,-1,-1,-1,-1,-1,49613,49326,47010,20661,14528,15544,3036,6000,1000,2000,2500,3000,387,674,2990,29339,35472,34456,179146,0
50000,2,6,4,-1,-1,-1,-1,-1,-2,10571,2477,3234,2904,0,0,2477,2904,0,0,0,0,39429,47523,46766,47096,50000,50000,13805,0
290000,3,2,2,-1,-1,-1,-1,-1,-1,1520,1200,0,1000,28661,8976,1200,0,1000,9948,8974,175000,288480,288800,290000,289000,261339,281024,-154765,0
220000,1,4,2,-2,-2,-2,-2,-2,-2,0,420,0,584,790,0,420,0,584,790,0,1309,220000,219580,220000,219416,219210,220000,-1309,0
440000,1,1,2,-1,-1,-1,-1,-1,-1,4330,8369,16786,396,600,3596,8369,16786,396,600,3596,4095,435670,431631,423214,439604,439400,436404,235,0
50000,2,2,3,-1,-1,-1,-1,-1,-1,90231,90647,92309,93880,99418,101392,2852,2784,2603,10000,3164,2868,-40231,-40647,-42309,-43880,-49418,-51392,543606,1
300000,1,2,2,-1,-1,-1,-1,-1,-1,40779,5401,2444,578,390,1424,5401,2444,578,390,1424,390,259221,294599,297556,299422,299610,298576,40389,0
290000,1,2,4,-1,-1,-1,-1,-1,-1,165563,128747,120469,78892,81561,83687,7000,10009,5000,5000,5000,10000,124437,161253,169531,211108,208439,206313,616910,0
390000,2,1,3,1,2,-1,-1,-1,-1,424244,395060,258372,261498,213003,102423,587,9500,30140,4235,1998,25226,-34244,-5060,131628,128502,176997,287577,1582914,0
50000,2,4,1,-1,-1,-1,-1,-1,-1,29186,29792,26660,27416,27836,28473,1500,1500,1200,1010,1100,980,20814,20208,23340,22584,22164,21527,162073,0
220000,2,4,2,-1,-1,-2,-1,-1,-2,38746,0,0,110699,0,0,0,0,110699,0,0,0,181254,220000,220000,109301,220000,220000,38746,1
150000,2,4,1,-1,-1,-1,-1,-1,-1,3559,4724,2629,2584,1371,0,1222,2634,1008,506,0,0,146441,145276,147371,147416,148629,150000,9497,0
50000,1,2,1,-1,-1,-1,-1,-1,-1,50963,49720,50839,93436,46733,50925,1844,1963,2635,1750,5000,2160,-963,280,-839,-43436,3267,-925,327264,0
200000,1,1,3,-1,-1,-2,-2,-2,-2,667,0,0,0,0,0,0,0,0,0,0,0,199333,200000,200000,200000,200000,200000,667,0
120000,2,4,2,-1,-1,-1,-1,-1,-1,16812,17571,18013,18197,9032,11951,1358,1126,636,650,4000,1800,103188,102429,101987,101803,110968,108049,82006,0
230000,1,2,5,-2,-2,-2,-2,-2,-2,1443,1443,1443,1443,1443,1443,1443,1443,1443,1443,1443,1443,228557,228557,228557,228557,228557,228557,0,0
180000,2,2,1,-1,-1,-1,-1,-1,-1,133868,125613,86893,89014,91946,93237,5300,4000,4000,10000,3200,3100,46132,54387,93107,90986,88054,86763,590971,0
20000,1,2,1,-1,-1,-1,-1,-1,-1,23538,22780,23623,19600,20100,0,3000,1400,2500,500,0,0,-3538,-2780,-3623,400,-100,20000,102241,0
20000,2,2,1,-1,-1,2,-1,-1,-1,18804,17855,17199,17548,17992,31150,2150,1000,504,600,4000,4000,1196,2145,2801,2452,2008,-11150,108294,0
50000,3,1,3,-1,2,2,-2,-2,-2,13473,12800,0,0,0,0,0,0,0,0,0,0,36527,37200,50000,50000,50000,50000,26273,1
290000,1,4,1,-2,-2,-1,-1,-1,-1,14931,15090,19239,4940,93332,96112,15090,19239,4975,96151,5500,4000,275069,274910,270761,285060,196668,193888,98689,0
290000,2,4,4,-2,-2,-2,-2,-2,-2,-68,-68,-68,675,-6,2168,0,0,743,0,2174,972,290068,290068,290068,289325,290006,287832,-1256,0
150000,1,4,1,-2,-2,-2,-2,-2,-2,0,610,610,0,610,0,610,610,0,610,0,0,150000,149390,149390,150000,149390,150000,0,0
190000,2,4,4,-1,-1,-1,-1,-1,-1,173058,133198,131891,133516,135008,136486,6300,5000,5000,5000,5100,5000,16942,56802,58109,56484,54992,53514,811757,0
80000,2,4,1,-1,-1,-1,-1,-1,-1,81003,85894,87061,89008,93523,80288,8213,3491,3508,19523,3288,1570,-1003,-5894,-7061,-9008,-13523,-288,477184,1
250000,3,1,3,-1,-1,-1,-1,-1,-1,1170,1863,3100,2560,2580,3699,1863,3112,2950,2580,3699,0,248830,248137,246900,247440,247420,246301,768,0
20000,2,1,2,1,2,2,-1,-1,-1,19755,19661,20018,20427,19377,19386,1000,1000,1000,1500,900,1000,245,339,-18,-427,623,614,112224,1
180000,3,2,3,-1,-1,-1,-1,-1,-1,396,396,396,396,396,396,396,396,396,396,396,396,179604,179604,179604,179604,179604,179604,0,0
80000,1,2,1,-1,-1,-1,-1,-1,2,2109,1257,466,628,2395,930,1257,466,628,2395,0,601,77891,78743,79534,79372,77605,79070,2438,0
300000,1,2,2,-1,-1,-1,-1,-1,-1,2166,2894,8903,12445,24650,8339,2918,8974,12457,15113,8369,3832,297834,297106,291097,287555,275350,291661,7734,0
50000,3,2,4,-1,-1,-1,-1,-1,-1,20454,21899,20895,11241,-861,38040,2100,2000,1000,0,39500,1500,29546,28101,29105,38759,50861,11960,65568,0
70000,1,2,3,-1,-1,-1,-1,-1,-1,51959,40519,31310,28929,29535,28160,1597,1407,972,1007,1028,913,18041,29481,38690,41071,40465,41840,203488,0
150000,1,4,2,-1,-1,2,-1,-1,2,44795,43700,19543,34648,24241,19339,10000,20,30000,19800,0,5000,105205,106300,130457,115352,125759,130661,121446,1
320000,1,4,1,-1,-1,-1,-1,-1,-1,179226,-200,200,0,10000,210000,0,400,0,10000,200000,0,140774,320200,319800,320000,310000,110000,188826,0
60000,1,4,1,-1,-1,-1,-1,-1,-1,60381,39798,38344,37311,37428,38187,1639,1590,1500,1354,1377,1514,-381,20202,21656,22689,22572,21813,242475,0
20000,3,2,2,-1,-1,2,2,2,-1,3677,6002,5758,12619,12274,15049,2400,0,7000,0,3000,4000,16323,13998,14242,7381,7726,4951,38979,1
230000,1,2,2,2,2,2,2,2,2,117277,119823,120988,121464,123740,120937,5800,4500,3800,5000,0,4500,112723,110177,109012,108536,106260,109063,700629,0
310000,2,2,1,-1,-1,-1,-1,-1,-1,74955,77730,78497,72529,76345,79072,4000,5000,72529,5000,4000,4000,235045,232270,231503,237471,233655,230928,364599,0
230000,1,4,2,-1,-1,-1,-1,-1,-1,1545,306,8389,7465,6549,576,306,8389,9,0,0,342,228455,229694,221611,222535,223451,229424,15784,0
200000,1,2,3,-2,-2,-2,-2,-2,-2,2552,8064,32082,6914,1905,3244,8084,32105,7186,1905,3244,9768,197448,191936,167918,193086,198095,196756,-7531,0
100000,1,4,2,-1,-1,-1,-1,2,-1,28383,32903,42283,51539,50583,52588,5000,10000,10000,0,2846,1936,71617,67097,57717,48461,49417,47412,228497,1
310000,2,1,5,-1,-1,-1,-1,-1,-1,1920,0,10124,10130,7958,0,0,10124,6,7958,0,0,308080,310000,299876,299870,302042,310000,12044,0
180000,3,1,2,2,2,-1,-1,-1,2,159999,156038,159924,162775,174719,178651,0,8000,7000,15000,7000,0,20001,23962,20076,17225,5281,1349,955106,1
390000,1,2,2,-1,-1,-1,-1,-1,-1,164418,167501,134282,128701,131529,135242,9000,7027,5000,5000,6000,5000,225582,222499,255718,261299,258471,254758,824646,0
20000,1,4,1,1,-2,-1,-1,-1,-1,0,0,450,-150,750,568,0,450,0,900,568,1769,20000,20000,19550,20150,19250,19432,-2069,0
50000,2,2,1,-1,-1,-1,-1,-1,-1,45663,43522,43193,18768,19182,19447,2300,2349,800,835,726,361,4337,6478,6807,31232,30818,30553,182404,0
140000,1,2,1,-1,-1,-1,-1,-1,-1,142087,255846,140057,100177,100873,98363,5528,4500,3500,4000,4000,4000,-2087,-115846,-57,39823,39127,41637,811875,0
170000,1,2,2,-1,-1,-1,-1,-1,-1,4334,1343,1078,1392,1606,9955,1343,1078,1392,1606,9955,4382,165666,168657,168922,168608,168394,160045,-48,1
250000,2,2,3,-2,-2,-2,-2,-2,-2,100323,37494,41300,0,0,0,2500,5300,0,0,0,0,149677,212506,208700,250000,250000,250000,171317,0
50000,3,2,3,2,2,-1,-1,-1,-1,49157,47990,38426,7816,7859,7979,0,2050,500,500,400,400,843,2010,11574,42184,42141,42021,155377,1
250000,1,4,2,-1,-1,-1,-1,-1,-1,130360,133799,137119,141367,133174,136481,5000,5000,5847,5000,5000,5018,119640,116201,112881,108633,116826,113519,781435,0
90000,1,2,1,-1,-1,-1,2,2,2,56608,57897,63686,65233,66637,67882,2800,7400,3200,2600,2500,2500,33392,32103,26314,24767,23363,22118,356943,0
90000,2,1,3,2,-1,-1,-1,-1,-1,89875,92338,87511,47796,48306,49054,4000,4200,1700,1800,2083,1827,125,-2338,2489,42204,41694,40946,399270,1
160000,1,4,1,-1,-1,-2,-1,-1,-1,13234,0,6000,15866,4168,2067,0,6000,15866,4168,2067,11826,146766,160000,154000,144134,155832,157933,1408,0
360000,2,2,1,-1,-1,-1,-1,-1,-1,114527,119487,113438,112940,122122,121547,20046,5046,10000,10048,10043,5014,245473,240513,246562,247060,237878,238453,643864,0
330000,1,4,1,-1,-1,-1,-1,-1,-1,58667,38323,32726,43579,28908,20777,2213,5000,20000,1000,672,1200,271333,291677,297274,286421,301092,309223,192895,0
50000,3,2,4,1,2,-1,-1,-1,-1,64069,59153,56275,53936,51740,49043,0,2031,1918,1993,1614,1789,-14069,-9153,-6275,-3936,-1740,957,324871,0
60000,2,2,3,2,2,-1,-1,-1,-1,57598,50821,19638,18919,16853,29682,0,2000,2000,1000,20000,10000,2402,9179,40362,41081,43147,30318,158511,1
10000,3,4,3,-1,-1,-1,-1,-1,-1,4908,5665,381,390,0,780,1275,381,399,0,780,0,5092,4335,9619,9610,10000,9220,9289,0
70000,2,1,3,1,2,2,2,-1,-1,34779,35921,36536,35651,36427,37169,2000,1500,0,1500,1500,3000,35221,34079,33464,34349,33573,32831,206983,0
150000,1,2,2,-2,-2,-2,-2,-2,-2,2977,1408,0,0,0,0,1408,0,0,0,0,4400,147023,148592,150000,150000,150000,150000,-1423,1
250000,2,4,2,-1,-1,-1,-1,-1,-1,255223,47070,48130,49625,51500,0,1600,1650,2100,3000,0,94825,-5223,202930,201870,200375,198500,250000,348373,1
130000,3,2,2,-1,-1,-1,-1,-1,-1,122199,125283,120957,41771,42648,43495,5100,3085,1493,1548,1556,1700,7801,4717,9043,88229,87352,86505,481871,0
130000,1,2,1,-1,-1,-1,-1,-1,-1,84664,72079,24934,17810,11705,10007,2039,2007,1000,1000,600,2000,45336,57921,105066,112190,118295,119993,212553,0
100000,2,2,2,-2,-2,-2,-2,-2,-2,2205,0,1983,3543,0,0,0,1983,3543,0,0,2645,97795,100000,98017,96457,100000,100000,-440,0
130000,2,2,2,-1,-1,-1,-2,-2,-2,131446,102650,0,0,0,0,5000,0,0,0,0,0,-1446,27350,130000,130000,130000,130000,229096,0
80000,2,4,1,2,-1,-1,-1,-1,-1,77416,75500,69313,67972,66800,68693,2661,2509,2500,3000,3000,3000,2584,4500,10687,12028,13200,11307,409024,1
380000,1,2,3,-1,-1,2,-1,-1,-1,350341,357703,344460,347754,334891,340728,28400,0,12800,12500,12500,12000,29659,22297,35540,32246,45109,39272,1997677,0
20000,2,4,1,-1,-1,-1,-1,-1,-1,17257,17417,14462,14750,15215,16209,1230,1239,527,702,1400,0,2743,2583,5538,5250,4785,3791,90212,1
20000,2,2,1,-1,-1,3,2,2,-1,15789,21698,21054,20355,19980,3470,6500,0,0,10000,25065,177,4211,-1698,-1054,-355,20,16530,60604,0
140000,1,1,4,-1,-1,-1,-1,-1,-1,139406,140295,134000,74388,92555,86993,5545,4200,3105,86417,3936,48390,594,-295,6000,65612,47445,53007,516044,1
180000,1,2,2,-1,-1,-1,-1,-1,-1,2217,0,8264,0,3278,0,0,8264,0,3278,0,4646,177783,180000,171736,180000,176722,180000,-2429,0
230000,1,4,1,-2,-2,-2,-2,-2,-2,-5,-5,2969,3419,0,1841,0,2974,3425,0,1841,200,230005,230005,227031,226581,230000,228159,-221,0
90000,1,2,2,-1,-1,-1,-1,-1,2,6546,1485,25558,1443,1677,1480,1498,25572,1443,257,0,58,83454,88515,64442,88557,88323,88520,9361,0
160000,2,2,1,-1,-1,-1,-1,-1,-1,7002,6696,6062,4203,5780,12575,7229,6085,4230,5797,12589,6233,152998,153304,153938,155797,154220,147425,155,0
50000,1,4,1,-1,-1,-1,-1,-1,-1,49459,49281,50071,10104,9208,10075,2300,2000,1000,500,1000,500,541,719,-71,39896,40792,39925,170898,0
140000,2,4,1,-2,-2,-2,-2,-2,-2,945,945,0,0,0,0,945,0,0,0,0,0,139055,139055,140000,140000,140000,140000,945,0
250000,2,2,2,-1,-1,-1,-1,-1,-1,42441,43061,29385,27677,86250,65710,4000,3000,901,63000,2700,2000,207559,206939,220615,222323,163750,184290,218923,0
120000,2,4,1,-1,-1,-2,-1,-1,-1,100,0,0,618,9614,39133,0,0,618,9614,39133,1500,119900,120000,120000,119382,110386,80867,-1400,0
120000,1,4,1,-1,-1,-1,-1,-1,-1,79072,80795,82451,84177,85945,87813,3000,3000,3100,3122,3300,3060,40928,39205,37549,35823,34055,32187,481671,0
260000,2,2,3,-1,-1,-1,-1,-1,-1,243196,258720,178102,77215,79331,81483,20008,7500,3000,3500,3605,3750,16804,1280,81898,182785,180669,178517,876684,0
10000,2,2,2,2,2,3,3,3,3,1050,1050,1050,1050,1050,1050,0,0,0,0,0,0,8950,8950,8950,8950,8950,8950,6300,1
60000,2,2,2,-2,-2,-2,-2,-2,-2,4764,30500,0,0,52829,41404,30500,0,0,52829,41404,22401,55236,29500,60000,60000,7171,18596,-17637,0
60000,2,2,1,-1,-1,-1,-1,-1,-1,33147,54511,56167,28609,27660,27059,24511,6000,17000,1984,1100,1600,26853,5489,3833,31391,32340,32941,174958,0
50000,2,2,1,-1,-1,-1,-1,-1,-1,17771,18794,19062,19443,19849,20287,1311,1299,680,703,750,626,32229,31206,30938,30557,30151,29713,109837,0
130000,3,1,2,-1,-1,-1,-1,-1,-1,5444,5927,7106,7106,8106,9106,1321,1500,0,1000,1000,598,124556,124073,122894,122894,121894,120894,37376,0
130000,1,2,2,-1,-1,-1,-1,-1,-1,31179,30569,28659,26952,15852,0,2002,1400,600,1000,0,0,98821,99431,101341,103048,114148,130000,128209,0
360000,1,4,2,-2,-2,-2,-2,-2,-2,0,0,0,0,0,0,0,0,0,0,0,0,360000,360000,360000,360000,360000,360000,0,0
80000,2,2,2,-1,-1,-1,-1,-1,-1,20366,21084,22411,23624,23964,25661,1352,1679,1892,870,2096,0,59634,58916,57589,56376,56036,54339,129221,0
50000,2,2,1,1,-2,-2,-2,-2,-2,0,0,0,0,0,0,0,0,0,0,0,0,50000,50000,50000,50000,50000,50000,0,0
290000,1,2,2,1,2,-1,-1,-1,-1,7064,1875,1814,8537,25576,13475,0,1814,8537,25576,13475,6000,282936,288125,288186,281463,264424,276525,2939,0
200000,1,1,4,-1,-1,-2,-2,-1,-1,195050,0,0,0,1000,0,0,0,0,1000,0,0,4950,200000,200000,200000,199000,200000,195050,0
20000,2,2,1,-1,-1,-1,-1,-1,-2,18290,20144,19106,19292,0,0,2458,1200,386,1000,0,0,1710,-144,894,708,20000,20000,71788,0
500000,1,2,2,-1,-1,-1,-2,-1,-1,5379,2062,10515,4158,7958,-196,2065,10556,4170,7963,196,7083,494621,497938,489485,495842,492042,500196,-2157,0
130000,1,4,1,1,2,2,2,2,2,22415,21146,23647,22984,24315,23155,0,3500,0,2000,0,2000,107585,108854,106353,107016,105685,106845,130162,0
30000,1,4,1,-1,-1,-1,-1,-1,-1,23447,24563,25650,26222,26800,27554,1500,1500,1000,1000,1200,4271,6553,5437,4350,3778,3200,2446,143765,1
20000,1,4,1,2,2,2,-1,-1,-1,7919,8637,9339,10029,10615,11285,1000,1000,1000,900,1000,500,12081,11363,10661,9971,9385,8715,52424,1
70000,2,4,1,-1,-1,-1,-1,-1,-1,30139,8241,8398,8864,9301,10702,2000,2000,2000,2000,3000,1500,39861,61759,61602,61136,60699,59298,63145,0
200000,1,2,1,-1,-1,-1,-1,-1,-1,4890,3630,4882,10955,10435,1665,3630,4882,11034,10435,1665,3765,195110,196370,195118,189045,189565,198335,1046,0
50000,2,2,3,-1,-1,-1,-1,-1,-1,569,1436,3220,6592,5085,1050,1440,3224,6621,5396,1050,0,49431,48564,46780,43408,44915,48950,221,1
360000,2,1,4,-1,-1,-1,-1,-1,-1,750,1224,3206,291,951,2941,1236,3537,291,951,2941,291,359250,358776,356794,359709,359049,357059,116,0
50000,3,2,4,-1,-1,-1,-1,-1,-1,33197,34961,28913,29093,29306,29506,2407,2960,1029,1059,1073,1200,16803,15039,21087,20907,20694,20494,175248,0
180000,3,2,1,-1,-1,-1,-2,-2,-2,32023,20233,0,0,0,0,10000,0,0,0,0,0,147977,159767,180000,180000,180000,180000,42256,0
50000,2,2,1,2,2,-1,-1,-1,2,7180,6922,7849,8018,8884,8593,0,1200,300,1000,0,1000,42820,43078,42151,41982,41116,41407,43946,1
120000,1,4,1,-2,-2,-2,-2,-2,-2,-8,2046,0,409,872,1539,2054,0,409,872,1539,580,120008,117954,120000,119591,119128,118461,-596,0
80000,2,2,2,2,2,2,2,2,2,15234,16893,17834,17250,18470,18023,2200,1500,0,1500,0,1600,64766,63107,62166,62750,61530,61977,96904,1
330000,1,2,3,1,-2,-2,-2,-2,-1,2246,13990,20992,681,0,5180,13990,21060,681,0,5180,3820,327754,316010,309008,329319,330000,324820,-1642,0
40000,3,1,3,-1,-1,-1,-1,-1,-1,41094,36554,37568,38314,39141,40231,1611,1625,1371,1444,1765,1283,-1094,3446,2432,1686,859,-231,223803,1
50000,2,2,1,-1,-1,-1,-1,-1,-1,27570,28820,29400,5124,6874,7654,2000,1200,1000,2000,1000,1979,22430,21180,20600,44876,43126,42346,96263,0
80000,3,1,3,-1,-1,-1,-1,-1,-1,71515,70287,61892,26779,25464,25993,3679,2305,924,1069,1100,1110,8485,9713,18108,53221,54536,54007,271743,0
450000,1,1,3,-1,-1,-1,-2,-1,-1,697,500,0,0,461,-3,505,0,0,461,3,0,449303,449500,450000,450000,449539,450003,686,0
30000,3,2,3,-1,-1,-1,-1,-1,-1,27947,27035,27876,26640,25896,25481,2000,1800,1500,1500,1500,1500,2053,2965,2124,3360,4104,4519,151075,0
160000,2,1,1,-1,-1,2,2,-1,-1,62312,66965,67648,66020,67386,68336,5856,2311,0,2377,2000,1881,97688,93035,92352,93980,92614,91664,384242,0
80000,1,4,1,-1,-1,-1,-1,-2,-2,10439,11501,12113,-33,2748,90,11501,1000,33,2871,90,0,69561,68499,67887,80033,77252,79910,21363,0
400000,2,1,2,-1,-1,-1,-1,-1,2,52271,56788,60049,60876,65178,45933,6000,5000,1902,5000,0,5000,347729,343212,339951,339124,334822,354067,318193,0
220000,2,1,5,-1,-1,-1,-1,-1,-1,1994,1598,6944,7161,1534,11248,1606,6978,7196,1541,11304,483,218006,218402,213056,212839,218466,208752,1371,1
40000,2,2,1,-1,-1,2,2,2,2,21590,24326,23642,25936,25384,26905,3400,0,3000,0,2100,0,18410,15674,16358,14064,14616,13095,139283,1
280000,2,4,1,-1,-1,-1,-1,2,-1,82742,153791,85601,108984,105275,117635,10077,27785,30000,23,20000,3406,197258,126209,194399,171016,174725,162365,562737,0
50000,1,4,1,-1,-1,-1,-2,-2,-2,50380,38712,0,0,0,0,4000,0,0,0,0,0,-380,11288,50000,50000,50000,50000,85092,0
110000,2,2,1,-1,-1,-1,-1,-1,-1,106417,103587,56676,47332,45171,47092,9026,6000,2000,2000,3000,4006,3583,6413,53324,62668,64829,62908,380243,0
180000,1,2,3,1,-1,-1,-1,-1,-1,2788,5646,13647,30848,15520,558,5646,13901,30848,15520,558,26733,177212,174354,166353,149152,164480,179442,-24199,0
200000,1,4,1,-1,-1,-1,-1,-1,-1,18630,15996,16304,14973,20542,15810,1502,1200,300,7000,8000,4000,181370,184004,183696,185027,179458,184190,80253,0
390000,1,4,2,-1,-1,-1,-1,-1,-1,85538,79875,82853,82747,44143,38488,3500,4502,3518,2003,3001,3000,304462,310125,307147,307253,345857,351512,394120,0
400000,1,4,1,-1,-1,-1,-1,-1,-1,5154,6016,7056,7310,9943,12849,1060,1100,310,3000,3000,6100,394846,393984,392944,392690,390057,387151,33758,0
120000,3,4,2,-1,-1,-1,-1,-1,-1,776,1616,776,776,776,776,1616,776,776,776,776,776,119224,118384,119224,119224,119224,119224,0,1
200000,1,2,2,1,-2,-2,-2,-2,-2,-800,-2685,-6144,-7905,-10213,-11060,0,0,0,0,0,0,200800,202685,206144,207905,210213,211060,-38807,0
280000,2,1,2,-1,-1,-1,-1,-1,-1,207982,196055,182099,185925,188224,186529,8644,6445,15934,7016,6753,6008,72018,83945,97901,94075,91776,93471,1096014,0
230000,1,4,1,-1,-1,-1,-1,-1,-1,105217,107857,110177,60137,62035,64034,4326,4533,2337,3035,3034,3101,124783,122143,119823,169863,167965,165966,489091,0
280000,1,2,2,-1,-1,-1,-1,-1,-1,21251,33746,8689,41652,9031,14106,33840,8689,41652,9031,14106,6680,258749,246254,271311,238348,270969,265894,14477,0
130000,3,2,1,-1,-1,-1,-1,-1,-1,132258,133781,133834,132336,132614,132208,6900,7000,7000,6000,5500,6000,-2258,-3781,-3834,-2336,-2614,-2208,758631,0
160000,2,2,2,-1,-1,-1,-1,-1,-1,776,1172,380,776,1172,380,1172,380,776,1172,380,776,159224,158828,159620,159224,158828,159620,0,1
120000,3,1,3,-1,-1,-1,-1,-1,-1,1051,671,291,1051,291,671,671,291,1051,291,671,1051,118949,119329,119709,118949,119709,119329,0,0
300000,3,2,2,-1,-1,-1,-1,-1,-1,331,331,331,331,-1,199,332,332,332,0,200,0,299669,299669,299669,299669,300001,299801,326,0
20000,1,4,2,-2,-2,-2,-2,-2,-2,264,264,2227,1357,1357,4500,264,2227,1357,1357,4500,1357,19736,19736,17773,18643,18643,15500,-1093,0
450000,1,2,2,-1,-1,-1,-1,-1,-1,10350,3629,3271,6271,2135,2546,3629,3271,6271,2135,2546,4877,439650,446371,446729,443729,447865,447454,5473,1
250000,2,1,2,-2,-2,-2,-2,-2,-2,2419,28965,44179,37145,46733,46963,29062,44385,40682,46873,47104,52448,247581,221035,205821,212855,203267,203037,-54150,0
100000,2,2,4,-1,-1,-1,-1,-1,-1,101249,101476,94893,101301,101451,99319,3642,4230,10000,3582,5000,4133,-1249,-1476,5107,-1301,-1451,681,569102,0
150000,2,4,1,-1,-1,-1,-1,-1,-1,23165,24515,25592,24949,26846,26908,1723,1800,1100,2300,1000,1300,126835,125485,124408,125051,123154,123092,142752,0
140000,2,2,2,-1,-1,-1,-1,-1,-1,101038,66734,64018,64656,65341,66277,4215,3221,2066,1864,1895,1883,38962,73266,75982,75344,74659,73723,412920,0
500000,1,4,3,-2,-1,-1,-1,-1,-1,33332,163500,60560,104734,41018,6258,163500,70160,104734,41018,6258,70356,466668,336500,439440,395266,458982,493742,-46624,0
20000,2,2,2,-1,-1,-1,-1,-1,-1,3152,0,4956,10148,6979,8353,0,4956,200,2000,1500,500,16848,20000,15044,9852,13021,11647,24432,0
50000,2,2,4,-1,-1,-1,-1,-1,-1,18922,19486,19917,20017,20146,20221,1329,1310,680,705,728,690,31078,30514,30083,29983,29854,29779,113267,0
100000,2,2,2,-1,-1,-1,-1,-1,-1,121895,107315,115214,83649,59993,62813,4500,10000,11000,3000,4000,3000,-21895,-7315,-15214,16351,40007,37187,515379,1
200000,2,4,1,2,2,-1,-1,-1,-1,186806,166153,157633,145423,146202,144685,0,6908,5200,5400,5700,9101,13194,33847,42367,54577,53798,55315,914593,0
150000,2,4,2,-1,-1,-1,-1,-1,-1,86037,84679,82490,78890,75240,75639,5000,5000,4000,3500,3000,4000,63963,65321,67510,71110,74760,74361,458475,0
80000,1,2,1,-1,-1,-1,-1,2,2,60130,59744,44031,48089,44789,30423,2550,1848,6084,38,4,70,19870,20256,35969,31911,35211,49577,276612,0
160000,1,1,3,1,-1,-1,-1,-1,-1,0,567,4027,3100,2123,4899,567,4059,3100,2123,4899,3165,160000,159433,155973,156900,157877,155101,-3197,0
180000,2,2,3,-1,-1,-1,-1,-1,-1,816,803,2599,0,2311,2194,803,2800,0,2311,2542,236,179184,179197,177401,180000,177689,177806,31,0
270000,1,2,2,-1,-1,-1,-1,-1,-1,23351,30960,180473,58839,21334,19080,30972,180519,1177,0,19080,133504,246649,239040,89527,211161,248666,250920,-31215,0
180000,1,4,3,-1,-1,-1,-1,-1,-1,37353,24797,5549,22349,2974,0,1012,5549,17000,3322,0,2633,142647,155203,174451,157651,177026,180000,63506,0
120000,1,1,4,-1,-1,-1,-1,-1,-1,390,390,390,1878,390,930,390,390,1878,0,930,0,119610,119610,119610,118122,119610,119070,780,1
110000,1,4,1,-1,-1,-1,-1,-1,-1,48088,45980,44231,32489,26354,20221,2000,2010,3000,3000,3000,1000,61912,64020,65769,77511,83646,89779,203353,0
50000,3,2,5,-1,-1,-2,-2,-1,-1,42200,0,0,0,15883,16617,0,0,0,15883,1000,792,7800,50000,50000,50000,34117,33383,57025,0
200000,3,4,2,-1,-1,-1,-1,-1,-1,185723,166726,160181,161469,104232,151726,8009,6402,6715,4625,50086,5458,14277,33274,39819,38531,95768,48274,848762,0
70000,3,2,1,2,-1,-1,-1,-1,-1,254,2746,1885,2216,1348,29873,6840,1885,2216,1348,29873,1000,69746,67254,68115,67784,68652,40127,-4840,0
360000,2,4,2,-1,-1,-2,-1,-1,-1,23900,0,0,150,205150,0,0,0,150,205000,0,0,336100,360000,360000,359850,154850,360000,24050,0
260000,2,2,2,-1,-1,-1,-1,-1,-1,425349,435873,445129,452162,258010,221780,14347,15000,12406,9279,6078,0,-165349,-175873,-185129,-192162,1990,38220,2181193,1
50000,3,1,2,-1,-1,-1,-1,-1,-1,40992,35215,29156,18891,19443,19478,2026,2021,1000,1001,1000,707,9008,14785,20844,31109,30557,30522,155420,0
380000,2,2,2,-1,-1,-1,-1,-1,-1,19261,81961,61189,38875,17876,13313,81975,1480,3000,1000,3000,10024,360739,298039,318811,341125,362124,366687,131996,0
50000,2,2,1,-1,-1,-2,-2,-2,-2,402,-2760,-3650,-3650,-3650,-3650,0,0,0,0,0,0,49598,52760,53650,53650,53650,53650,-16958,0
20000,3,1,2,-1,-1,-1,-1,-1,-1,19805,19900,390,390,0,780,1000,390,390,0,780,0,195,100,19610,19610,20000,19220,38705,1
270000,4,2,2,-2,-2,-2,-2,-2,-2,24089,51408,27067,40359,51264,34874,52398,27787,40569,53500,35051,120391,245911,218592,242933,229641,218736,235126,-100635,0
460000,1,2,2,-1,-1,-1,-1,-1,-1,386437,393742,392625,368365,377858,362132,15000,15000,15000,15000,15000,20000,73563,66258,67375,91635,82142,97868,2186159,0
60000,3,2,1,-1,-1,-1,-1,2,-1,58819,59810,56566,30627,30203,28648,3000,1768,3954,1000,1500,1200,1181,190,3434,29373,29797,31352,252251,0
200000,1,2,2,-1,-1,-1,-1,-1,-1,25663,14224,17560,3300,1920,2731,14224,17560,3300,1920,2731,0,174337,185776,182440,196700,198080,197269,25663,0
50000,2,4,2,1,2,2,2,2,2,14008,13493,17259,16684,18017,17581,0,4000,0,1600,0,3000,35992,36507,32741,33316,31983,32419,88442,1
20000,1,4,1,-1,-1,-1,-1,-1,-1,19760,18570,17604,11973,9517,6799,1376,1383,1000,455,1500,2200,240,1430,2396,8027,10483,13201,76309,0
290000,2,2,3,-1,-1,-1,-1,-1,-1,274558,256910,229566,148812,53157,47998,10700,11014,5800,1820,2000,2000,15442,33090,60434,141188,236843,242002,977667,1
110000,2,4,2,-1,-1,-1,-1,-1,-1,116486,105604,96945,74171,70012,62256,4353,3294,5000,8300,5000,5000,-6486,4396,13055,35829,39988,47744,494527,0
160000,3,2,4,2,2,2,2,2,2,142064,144900,146534,147955,145488,155041,6600,5500,5310,0,12000,0,17936,15100,13466,12045,14512,4959,852572,1
70000,2,2,2,-1,-1,-1,-1,-1,-1,60058,49647,43968,41127,39137,28712,1834,1608,1559,1630,1300,1000,9942,20353,26032,28873,30863,41288,253718,0
200000,1,4,2,-2,-2,-2,-2,-1,-1,0,0,0,0,2330,0,0,0,0,2330,0,0,200000,200000,200000,200000,197670,200000,0,1
80000,2,4,3,-1,-1,-1,-1,-1,-1,78717,75873,68602,54617,55987,53895,3300,3300,2000,2200,2100,1900,1283,4127,11398,25383,24013,26105,372891,0
20000,1,2,3,-2,-2,-1,-1,-1,-1,18803,18376,19342,19081,19799,18718,36147,1281,658,1000,1000,760,1197,1624,658,919,201,1282,73273,1
210000,1,2,3,-2,-2,-2,-2,-2,-2,0,570,0,0,0,0,570,0,0,0,0,0,210000,209430,210000,210000,210000,210000,0,0
180000,3,2,2,2,-1,-1,-2,-2,-2,172488,72050,0,0,0,0,3450,0,0,0,0,0,7512,107950,180000,180000,180000,180000,241088,1
50000,2,3,4,-1,-1,-1,-1,-1,-1,34664,17242,18417,18877,18985,18184,1500,1500,1000,800,2000,1000,15336,32758,31583,31123,31015,31816,118569,0
30000,2,2,1,1,3,2,2,-1,-1,31305,30527,30789,29504,30276,29695,0,1060,0,1251,1078,1243,-1305,-527,-789,496,-276,305,177464,1
150000,1,2,2,-1,-1,-1,-1,-1,-1,6708,1098,1908,1589,9918,-16586,1098,2000,1589,9918,1157,0,143292,148902,148092,148411,140082,166586,-11127,0
150000,1,2,1,-1,2,2,-2,-2,-2,1111,820,-311,-602,-893,-1184,0,0,0,0,0,0,148889,149180,150311,150602,150893,151184,-1059,1
260000,1,1,3,1,-1,-1,-1,-1,-2,0,2000,1620,8010,0,0,2000,1620,8080,0,0,0,260000,258000,258380,251990,260000,260000,-70,0
310000,1,4,2,-1,-1,-1,-1,-1,-1,304329,292848,279138,252703,248895,244026,14027,16800,11600,11000,10000,30000,5671,17152,30862,57297,61105,65974,1528512,0
150000,1,4,2,-1,-1,-1,-1,-1,-1,96066,98277,88202,48179,49426,50534,4400,4000,2000,2000,1900,1700,53934,51723,61798,101821,100574,99466,414684,0
200000,1,4,1,-1,-1,-1,-1,-1,-1,16093,11163,11657,9423,9726,11070,11197,11657,9423,9726,11070,7976,183907,188837,188343,190577,190274,188930,8083,0
150000,3,2,3,-1,-1,-1,-1,-1,-1,99247,101194,81194,70590,72040,73423,4268,2725,2505,3000,3000,3000,50753,48806,68806,79410,77960,76577,479190,0
220000,2,2,4,-1,-1,-1,-1,-2,-2,8727,2553,147,0,0,0,3011,147,0,0,0,0,211273,217447,219853,220000,220000,220000,8269,0
540000,1,4,2,-1,-1,-1,-1,-1,-1,1784,892,946,946,946,946,892,1000,946,946,946,946,538216,539108,539054,539054,539054,539054,784,0
280000,2,2,2,-1,-1,-1,-1,-1,-1,204773,188704,185257,188344,179764,167051,8038,6000,5083,5000,5036,5000,75227,91296,94743,91656,100236,112949,1079736,0
230000,2,2,2,-1,-1,-1,-1,-1,-1,49619,43435,41719,38072,33802,30435,2072,1689,1046,1025,928,277,180381,186565,188281,191928,196198,199565,230045,0
50000,1,1,2,-1,-1,2,3,2,2,33849,36798,37890,37131,38381,39585,3817,2000,150,2000,2000,1600,16151,13202,12110,12869,11619,10415,212067,0
20000,2,4,1,1,-2,-2,-2,-1,-1,0,0,0,0,222,6345,0,0,0,222,6345,2000,20000,20000,20000,20000,19778,13655,-2000,0
10000,2,2,2,1,6,5,4,3,2,8257,8001,7741,7481,7075,6815,0,0,0,0,0,700,1743,1999,2259,2519,2925,3185,44670,1
500000,1,1,3,-1,-1,-1,-1,-1,-1,407331,403816,386053,389008,392650,391336,15043,14000,14003,14011,15003,14009,92669,96184,113947,110992,107350,108664,2284125,0
50000,2,4,1,-1,-1,-1,-1,-1,-1,49819,50135,32101,17401,19820,17399,1672,1246,574,3000,649,285,181,-135,17899,32599,30180,32601,179249,0
420000,2,4,2,-1,-1,-1,-1,-1,-1,7572,18847,16615,14156,9058,3281,18920,16615,14156,9058,3281,5971,412428,401153,403385,405844,410942,416719,1528,0
50000,2,4,1,-1,-1,-1,2,-1,-1,21998,15299,32514,26479,27396,27789,2063,33730,0,1500,1000,1019,28002,34701,17486,23521,22604,22211,112163,0
280000,1,4,1,-2,-2,-2,-2,-2,-2,0,0,320,2139,0,0,0,320,2139,0,0,0,280000,280000,279680,277861,280000,280000,0,0
50000,2,1,3,-1,-1,-1,-1,-1,-1,3656,4400,0,1704,3715,-105,1000,0,1704,2011,0,1649,46344,45600,50000,48296,46285,50105,7006,0
160000,3,2,3,2,2,2,-1,-1,2,46017,47188,46134,47063,50034,51063,2200,0,2000,3900,2000,0,113983,112812,113866,112937,109966,108937,277399,1
40000,2,2,1,2,2,2,2,2,2,33895,33068,35704,36173,36796,37288,0,3200,1500,1500,1400,1500,6105,6932,4296,3827,3204,2712,203824,1
100000,2,2,2,-1,-1,-1,-1,-1,-1,92265,93873,1473,2946,1473,540,5000,1473,2946,0,540,780,7735,6127,98527,97054,98527,99460,181831,0
50000,1,4,1,-1,-1,-1,-1,-1,-1,41003,42032,42699,43617,44509,45420,1733,1400,1300,1271,1300,4500,8997,7968,7301,6383,5491,4580,247776,0
130000,3,4,2,-1,-1,-1,-1,-1,2,119312,116259,103438,49319,91191,82168,20021,40354,20000,43608,103,10000,10688,13741,26562,80681,38809,47832,427601,0
30000,2,4,1,-1,-1,-1,-1,-1,-1,27358,28612,29183,28983,13100,0,2000,1500,0,500,0,0,2642,1388,817,1017,16900,30000,123236,0
140000,2,1,2,-1,-1,-1,-1,-1,-1,430,430,702,430,430,430,430,702,430,430,430,860,139570,139570,139298,139570,139570,139570,-430,1
210000,2,2,2,-1,-1,-1,-1,2,-1,164015,155235,151267,149478,145041,107495,9320,4894,3301,3,4994,116880,45985,54765,58733,60522,64959,102505,733139,0
50000,2,1,2,-1,-1,-1,-1,-1,-1,48797,47153,43238,17253,16307,16651,1864,1811,594,587,1000,1000,1203,2847,6762,32747,33693,33349,182543,0
310000,2,1,1,-1,-1,-1,-1,-1,-1,31132,45718,62992,62473,69837,69898,20000,20000,2500,11056,3000,4377,278868,264282,247008,247527,240163,240102,281117,0
300000,1,2,2,-2,-2,-1,-1,-1,-1,0,1110,12192,7639,1722,4064,1110,12192,300,191,4064,390,300000,298890,287808,292361,298278,295936,8480,0
30000,2,4,3,2,2,2,2,2,2,16039,17080,17302,17521,17893,18252,1600,800,800,800,800,0,13961,12920,12698,12479,12107,11748,99287,1
90000,3,2,3,-1,-1,-1,-1,-1,-1,89928,81721,76947,46589,47730,49488,3416,4142,1700,1888,2710,1500,72,8279,13053,43411,42270,40512,377047,0
150000,2,2,2,2,2,2,-1,-1,-1,39465,42829,41845,42844,43999,45110,4000,0,2000,2000,2000,2000,110535,107171,108155,107156,106001,104890,244092,1
90000,1,2,1,-1,-1,-1,-1,-1,-1,32755,31325,28034,29753,30601,33083,2000,3000,2000,3000,3000,1000,57245,58675,61966,60247,59399,56917,171551,0
80000,3,4,5,-1,-1,-1,-1,-1,-1,84985,84247,81619,30095,20639,7849,4000,2048,1300,1700,401,180,-4985,-4247,-1619,49905,59361,72151,299805,0
100000,1,4,1,-1,-1,-1,-1,-1,-1,555,712,712,712,862,712,712,712,712,862,712,1840,99445,99288,99288,99288,99138,99288,-1285,1
10000,2,2,2,-2,-2,-2,-2,-2,-2,0,0,0,0,0,0,0,0,0,0,0,0,10000,10000,10000,10000,10000,10000,0,0
210000,1,2,2,-1,-1,-1,-1,-1,-1,161159,165071,173443,179686,197458,138218,8000,13000,10000,20000,7000,7000,48841,44929,36557,30314,12542,71782,950035,0
170000,2,2,3,-1,-1,-1,-1,-1,-1,21170,9698,7360,6380,11937,6378,9734,7373,6380,11937,1000,6881,148830,160302,162640,163620,158063,163622,19618,0
90000,2,2,2,1,2,2,2,2,2,85997,83779,88577,86365,91105,89347,0,7200,0,6200,24,3300,4003,6221,1423,3635,-1105,653,508446,0
210000,3,4,2,1,-1,-1,-2,-1,-1,0,4866,0,0,5916,0,4866,0,0,5916,0,0,210000,205134,210000,210000,204084,210000,0,1
50000,1,4,1,-1,-1,-1,-1,-1,-1,36806,38212,39141,35524,30842,17043,2000,2000,8156,30000,1644,1209,13194,11788,10859,14476,19158,32957,152559,0
150000,1,1,2,1,-1,2,-1,-1,-1,-819,35457,819,2145,17000,23698,36276,0,2145,17000,23698,411,150819,114543,149181,147855,133000,126302,-1230,0
80000,1,4,2,1,-1,-1,-1,-2,-2,0,1313,880,0,0,0,1313,883,0,0,0,0,80000,78687,79120,80000,80000,80000,-3,0
130000,1,2,2,-1,-1,-1,-2,-2,-2,64942,66775,0,0,0,0,4000,0,0,0,0,0,65058,63225,130000,130000,130000,130000,127717,1
100000,2,2,2,1,3,7,6,7,8,72652,90461,89011,96593,105083,103522,20000,0,10000,10000,0,0,27348,9539,10989,3407,-5083,-3522,517322,1
160000,1,1,3,-1,-1,-1,-2,-1,-1,53935,57997,-3,-3,2987,1993,5000,0,0,2990,6,2409,106065,102003,160003,160003,157013,158007,106501,0
250000,2,2,2,-1,-1,-1,-1,-1,-1,14451,15774,16780,16807,17158,17500,1504,1510,537,556,559,658,235549,234226,233220,233193,232842,232500,93146,0
500000,2,2,3,-1,-1,-1,-1,-1,-1,60246,74832,126778,82611,71338,29756,40000,85000,139,20000,29761,70000,439754,425168,373222,417389,428662,470244,200661,0
260000,2,2,2,-1,-1,-1,-1,-1,-1,106093,95060,90948,84986,84491,72248,4410,6500,9500,10000,9000,8000,153907,164940,169052,175014,175509,187752,486416,0
50000,2,2,3,-2,-2,-2,-2,-2,-2,1473,390,390,390,390,0,390,390,390,390,0,780,48527,49610,49610,49610,49610,50000,693,0
30000,2,4,1,-1,-1,-1,-1,-1,-1,27388,29016,26941,27491,6726,0,2075,1000,550,135,0,0,2612,984,3059,2509,23274,30000,113802,0
110000,2,4,3,1,2,-1,-1,-1,-1,57046,51005,48572,49299,47126,48215,0,2100,2500,2000,2250,1200,52954,58995,61428,60701,62874,61785,291213,0
500000,1,1,2,-1,-1,-1,-1,-1,-1,6057,9418,7667,6222,9435,7235,9418,7667,6222,9435,7235,8840,493943,490582,492333,493778,490565,492765,-2783,0
310000,1,4,2,-1,-1,-1,-1,-1,-1,35064,38195,39233,39577,42996,46319,4000,2000,2000,4000,4000,4000,274936,271805,270767,270423,267004,263681,221384,0
580000,2,1,2,-1,-1,-1,-1,-1,-1,110417,89301,82057,27666,20226,276422,3757,2299,618,2636,326889,8689,469583,490699,497943,552334,559774,303578,261201,0
340000,1,2,2,-1,-1,-1,-1,-1,-1,185268,326074,276519,251815,218706,165666,160444,10143,7190,6283,5208,4177,154732,13926,63481,88185,121294,174334,1230603,0
360000,2,2,3,-1,-1,-1,-1,-1,-1,22237,5683,1632,1632,22379,8901,6695,1632,1632,22379,8901,4852,337763,354317,358368,358368,337621,351099,16373,0
290000,1,4,1,-1,-1,-1,-1,-1,-1,578,7124,7620,0,4788,0,7129,7620,0,4788,0,7026,289422,282876,282380,290000,285212,290000,-6453,0
30000,2,2,2,3,2,2,2,3,2,20424,19809,22478,24111,23447,24951,0,3000,2300,0,2500,0,9576,10191,7522,5889,6553,5049,127420,0
80000,1,4,1,-1,-1,-1,-1,-1,-1,26524,23224,23141,22160,21478,20441,1500,1700,1000,1000,1000,1500,53476,56776,56859,57840,58522,59559,129268,0
360000,1,1,2,-1,-1,-1,-1,-1,-1,780,0,390,390,390,390,0,390,390,390,390,390,359220,360000,359610,359610,359610,359610,390,1
170000,1,4,2,-1,-1,-1,-1,-1,-1,1561,1239,7315,10730,1686,9445,1239,7352,10730,1686,9445,3444,168439,168761,162685,159270,168314,160555,-1920,0
100000,2,1,3,-1,-1,-1,-1,2,-1,56256,57685,58156,61103,59358,60060,3000,2688,5163,0,2358,2472,43744,42315,41844,38897,40642,39940,336937,0
450000,2,2,2,-1,-1,-1,-1,-1,-1,457627,38692,4549,16885,6440,7440,1000,4549,16885,129,1000,0,-7627,411308,445451,433115,443560,442560,508070,0
260000,1,4,2,-2,-1,-1,-1,-1,-1,0,204,-810,2190,810,0,204,0,3000,0,0,0,260000,259796,260810,257810,259190,260000,-810,0
240000,1,4,1,-1,-1,-1,-1,-1,-1,25700,28677,22081,3428,67,1832,5009,2000,5000,0,3332,0,214300,211323,217919,236572,239933,238168,66444,0
110000,2,4,1,-1,-1,-1,-2,-2,-2,5660,1150,0,0,0,0,2000,0,0,0,0,0,104340,108850,110000,110000,110000,110000,4810,0
240000,2,4,1,-1,-1,-1,-1,-1,-1,184501,177846,167934,169133,175175,146093,7627,6003,5504,10158,6000,6012,55499,62154,72066,70867,64825,93907,979378,0
220000,2,4,2,-1,-1,-1,-1,-1,-1,34819,30937,30348,23459,23200,21281,2006,2022,1002,1007,1000,1008,185181,189063,189652,196541,196800,198719,155999,0
20000,2,1,2,-1,-1,-1,-2,-2,-2,2508,3448,-202,-202,950,0,1000,202,0,1152,0,1000,17492,16552,20202,20202,19050,20000,3148,0
100000,1,2,4,1,-2,-2,-1,2,2,0,0,0,300,150,780,0,0,300,0,630,0,100000,100000,100000,99700,99850,99220,300,1
300000,1,2,2,-2,-2,-2,-2,-2,-2,264,264,264,264,414,264,264,264,264,414,264,264,299736,299736,299736,299736,299586,299736,0,0
20000,2,2,2,-1,-1,-1,-1,-1,-1,8488,10179,11901,11901,9336,9054,2000,2000,0,0,9054,2000,11512,9821,8099,8099,10664,10946,45805,1
360000,1,4,2,-1,-1,-1,-1,-1,-1,139762,143515,147037,146117,145884,147645,6000,6000,4818,5000,5000,4500,220238,216485,212963,213883,214116,212355,838642,0
220000,1,2,1,-1,-1,-1,-1,-1,-1,221268,219545,216317,181012,181435,183283,8700,8500,6300,6700,7200,5300,-1268,455,3683,38988,38565,36717,1160160,1
470000,2,4,1,-1,-1,-1,-1,-1,-1,169699,170309,167876,170610,173643,178083,6200,7000,5716,5982,7000,5500,300301,299691,302124,299390,296357,291917,992822,0
70000,2,4,1,-1,-1,-1,-1,-1,-1,65793,26665,22630,14573,15127,12596,2000,1400,291,1500,5000,2000,4207,43335,47370,55427,54873,57404,145193,0
120000,1,4,1,-1,-1,-1,-1,-1,-1,10172,12400,14256,16859,17477,21588,3000,3000,4000,4000,5000,5000,109828,107600,105744,103141,102523,98412,68752,0
50000,2,2,2,-1,-1,-1,-1,-1,-1,18510,19418,21097,21759,22421,23061,1500,2000,1000,1000,1000,1203,31490,30582,28903,28241,27579,26939,118563,0
470000,2,1,3,-1,-1,-1,-1,-1,-1,169260,161760,154424,147137,138240,125866,6600,6170,5100,4726,4555,4375,300740,308240,315576,322863,331760,344134,865161,0
130000,2,1,3,-1,-1,-1,-1,-1,-1,24008,21231,14323,7722,4689,-3614,3000,5000,2822,5000,0,6500,105992,108769,115677,122278,125311,133614,46037,0
20000,1,4,1,-1,-1,-1,2,2,2,390,707,1320,930,780,240,1097,1003,0,240,0,780,19610,19293,18680,19070,19220,19760,1247,1
260000,1,4,2,-2,-2,-2,-2,-1,-1,1891,2438,2280,746,1989,1668,2637,2280,746,1989,1668,2605,258109,257562,257720,259254,258011,258332,-913,0
20000,1,1,2,-1,-1,-1,-1,-1,-1,628,662,596,630,664,598,700,600,700,700,600,1400,19372,19338,19404,19370,19336,19402,-922,0
300000,1,4,1,2,-1,-1,-1,-1,-2,1314,168,1080,1080,0,0,170,1080,0,0,0,2500,298686,299832,298920,298920,300000,300000,-108,1
460000,2,4,2,-1,-1,-1,-1,-1,-1,449790,450047,453770,396600,392879,398478,17610,17500,13810,14100,14520,15000,10210,9953,6230,63400,67121,61522,2449024,0
20000,1,4,1,1,-1,-1,-1,2,2,0,20087,2110,300,150,650,20087,2200,600,0,500,0,20000,-87,17890,19700,19850,19350,-90,1
360000,2,4,1,-1,-1,-1,-1,-1,-1,238971,245515,248969,253896,259403,264352,10381,9036,9066,9576,9426,9435,121029,114485,111031,106104,100597,95648,1454186,1
290000,1,1,3,-1,-1,-1,-1,-1,-1,98441,95169,93718,89712,82809,76334,4000,4250,5000,3241,3500,7000,191559,194831,196282,200288,207191,213666,509192,0
90000,1,1,2,-1,-1,-1,-1,-1,-1,38921,45577,46496,40244,39903,8629,12000,5000,3000,10000,1000,1838,51079,44423,43504,49756,50097,81371,186932,0
180000,1,4,1,-1,-1,-1,-1,-1,-1,2049,0,351,631,13359,384,0,351,631,13359,384,487,177951,180000,179649,179369,166641,179616,1562,0
360000,3,1,4,-2,-2,-2,-2,-2,-2,0,0,0,0,0,0,0,0,0,0,0,0,360000,360000,360000,360000,360000,360000,0,0
120000,1,1,3,-1,-1,-1,-1,-1,-1,20877,21909,22922,23376,23866,24339,1369,1382,836,866,870,902,99123,98091,97078,96624,96134,95661,131064,0
220000,2,2,2,-1,-1,-1,-1,-1,-1,217800,189016,137788,106713,96588,22743,7261,5170,4054,4500,1225,110000,2200,30984,82212,113287,123412,197257,638438,0
220000,1,2,2,2,2,-1,-1,-1,2,203101,185384,149839,142404,120918,87005,311,38024,8105,10117,37,5264,16899,34616,70161,77596,99082,132995,826793,1
10000,1,4,1,-1,-1,-2,-2,-2,-2,499,0,0,0,0,0,0,0,0,0,0,0,9501,10000,10000,10000,10000,10000,499,1
320000,2,4,2,-1,-1,-1,-1,-1,-1,104850,101705,93489,95033,96941,108463,3600,4277,4000,3600,13203,4500,215150,218295,226511,224967,223059,211537,567301,0
320000,1,1,2,-1,-1,-1,-1,-1,-1,325445,202853,57051,161651,182265,0,10000,15000,105000,55000,0,0,-5445,117147,262949,158349,137735,320000,744265,0
90000,2,2,2,-1,-1,-1,-1,-1,-1,50477,22472,20148,4708,5000,5028,3000,5000,500,5000,500,500,39523,67528,69852,85292,85000,84972,93333,0
180000,1,1,4,-1,-1,-1,-1,-1,-1,66114,69436,72560,76169,77988,69293,5000,5000,5000,3000,5000,5000,113886,110564,107440,103831,102012,110707,403560,0
90000,1,4,1,-1,-1,-1,-1,-1,-1,88345,90260,87535,89335,19715,4709,3360,1947,2000,10000,4709,82400,1655,-260,2465,665,70285,85291,275483,0
100000,1,1,2,-1,-1,-1,-1,-1,-1,23070,18806,20183,21540,25775,0,1700,2000,2000,5000,0,0,76930,81194,79817,78460,74225,100000,98674,0
340000,2,1,3,-1,-1,-1,-1,-1,-1,331003,332829,274467,275341,280913,270448,15110,11019,9502,9579,9026,8719,8997,7171,65533,64659,59087,69552,1702046,0
50000,1,2,1,-1,-1,2,-1,-1,-1,47726,51161,48310,50332,47492,50782,5500,0,3000,3000,5000,0,2274,-1161,1690,-332,2508,-782,279303,1
240000,2,2,3,-1,-1,-1,-1,-1,-1,20272,11294,16873,1143,4317,14940,1000,16906,1143,4317,14940,0,219728,228706,223127,238857,235683,225060,30533,0
10000,2,2,3,1,2,2,2,2,2,8722,9592,9289,10140,10417,10104,1157,0,1008,584,0,198,1278,408,711,-140,-417,-104,55317,0
220000,1,2,3,2,2,2,2,2,2,2500,2500,2500,2500,2500,2500,0,0,0,0,0,0,217500,217500,217500,217500,217500,217500,15000,1
100000,2,4,2,-1,-1,-1,-1,-1,-1,107669,107529,73323,51125,46879,45538,3536,2821,3963,3147,2670,725,-7669,-7529,26677,48875,53121,54462,415201,0
220000,1,2,2,-2,-2,-2,-2,-2,-2,3785,1137,377,5763,3952,412,1142,377,5763,3952,412,1294,216215,218863,219623,214237,216048,219588,2486,0
70000,3,2,4,-1,-1,-1,-1,-1,-1,67864,65062,66447,49103,45830,46769,2620,2730,1936,1700,1700,2000,2136,4938,3553,20897,24170,23231,328389,0
30000,2,4,2,3,2,2,-1,-1,-1,29657,30320,28991,29066,29340,30786,1763,0,1178,1223,2435,1200,343,-320,1009,934,660,-786,170361,1
130000,3,4,4,-1,-1,-1,-1,-1,-1,11085,45677,27951,17255,10400,18776,45697,27951,17307,10400,18776,2944,118915,84323,102049,112745,119600,111224,8069,0
140000,2,2,1,-1,-1,-1,-1,-1,-1,81960,81757,83046,84034,77659,77180,3005,3000,3000,3000,3000,5000,58040,58243,56954,55966,62341,62820,465631,0
20000,2,2,2,-1,-1,-1,-1,-1,-1,4485,4843,15992,14897,12792,10042,1000,16000,600,1000,500,0,15515,15157,4008,5103,7208,9958,43951,0
150000,1,2,2,1,-2,-2,-2,-2,-2,0,0,0,0,0,0,0,0,0,0,0,0,150000,150000,150000,150000,150000,150000,0,1
50000,2,4,1,-1,-1,-2,-2,-2,-2,4136,0,0,0,0,0,0,0,0,0,0,0,45864,50000,50000,50000,50000,50000,4136,0
90000,2,1,1,1,1,1,-1,-1,-1,41073,43480,73960,2442,48063,48186,3100,1000,770,48012,1756,1894,48927,46520,16040,87558,41937,41814,200672,0
170000,3,2,2,-1,-1,-1,-1,-1,-1,158920,164353,167455,99297,59888,44262,8000,7000,5000,5000,5000,20000,11080,5647,2545,70703,110112,125738,644175,0
70000,1,2,2,2,2,-1,-1,-1,-1,34985,34146,35271,35986,36905,37641,0,2000,1300,1500,1500,1576,35015,35854,34729,34014,33095,32359,207058,1
200000,1,4,3,-2,-2,-2,-2,-2,-2,830,-6,-6,657,2088,150,0,0,663,2088,150,594,199170,200006,200006,199343,197912,199850,218,0
200000,1,1,3,-1,-1,-1,-1,-1,-1,19318,19067,17858,326,326,326,19067,5000,0,326,326,326,180682,180933,182142,199674,199674,199674,32176,0
20000,2,1,3,1,2,-1,-1,-1,-1,20498,19692,20498,19898,19906,18586,0,1600,0,398,0,0,-498,308,-498,102,94,1414,117080,1
200000,2,1,3,-1,-1,-1,-1,-1,-1,96910,92934,99528,100341,102585,108567,10000,7004,5000,5003,7345,7000,103090,107066,100472,99659,97415,91433,559513,0
170000,2,2,1,-2,-2,-2,-2,-2,-2,0,0,0,0,0,0,0,0,0,0,0,0,170000,170000,170000,170000,170000,170000,0,0
130000,1,2,1,1,-2,-2,-2,-2,-2,-2000,-2000,-2000,-2000,-2000,-2000,0,0,0,0,0,0,132000,132000,132000,132000,132000,132000,-12000,1
100000,1,4,1,-1,-1,-1,-1,2,-1,90118,88435,90147,94425,92853,93816,4110,4101,6623,0,3503,3360,9882,11565,9853,5575,7147,6184,528097,0
180000,2,2,2,-1,-1,-1,2,-1,-1,28566,32876,39120,38339,42679,46953,5000,7000,0,5000,5000,5000,151434,147124,140880,141661,137321,133047,201533,0
230000,3,4,1,-2,-1,-1,-1,-1,-1,1200,990,9079,11186,10159,11734,990,8089,2186,1159,1734,1200,228800,229010,220921,218814,219841,218266,28990,0
20000,3,2,4,-1,-1,-1,-1,-1,-1,2191,1140,12656,1693,303,12303,1140,12656,1700,500,12000,0,17809,18860,7344,18307,19697,7697,2290,0
500000,1,2,2,-1,-1,-1,-1,-1,-1,35176,36193,44157,48322,21593,13866,2504,10004,5178,1047,2019,1004,464824,463807,455843,451678,478407,486134,177551,1
150000,1,2,2,1,-2,-2,-2,-2,-2,0,0,0,0,0,0,0,0,0,0,0,0,150000,150000,150000,150000,150000,150000,0,1
80000,3,4,3,3,2,2,2,2,2,38503,40118,41199,42264,43083,43471,2500,2000,2000,1600,1200,2000,41497,39882,38801,37736,36917,36529,237338,1
230000,2,1,1,-1,-1,-1,-1,-1,-1,56171,60250,63574,71941,75882,75619,5000,5000,10000,5000,5000,5000,173829,169750,166426,158059,154118,154381,368437,0
80000,1,2,2,1,-2,-2,-2,-2,-2,0,0,0,0,0,0,0,0,0,0,0,0,80000,80000,80000,80000,80000,80000,0,1
230000,2,4,1,-1,-1,-1,-1,-1,-1,24973,24974,25566,23427,28229,31355,5000,5000,2100,5229,3355,4598,205027,205026,204434,206573,201771,198645,133242,0
50000,2,4,3,2,-1,-1,-1,-1,-1,38947,37799,3,18080,12227,13296,2000,1000,19000,12500,2000,2000,11053,12201,49997,31920,37773,36704,81852,1
50000,2,2,2,-1,-1,-1,-1,-1,-1,48813,50789,49624,19880,20431,19559,5000,23000,838,1000,1000,1000,1187,-789,376,30120,29569,30441,177258,0
10000,1,4,1,1,3,2,-1,-1,-1,10438,10130,9738,9178,8398,0,0,0,0,0,0,0,-438,-130,262,822,1602,10000,47882,0
140000,2,2,2,2,2,2,2,2,2,135949,130625,117392,111478,109353,97612,8408,3500,3500,3600,0,3600,4051,9375,22608,28522,30647,42388,679801,0
50000,2,2,3,-1,-1,-1,-1,-1,-1,39236,39729,27068,28604,28199,58428,2094,1451,1987,1039,1500,1200,10764,10271,22932,21396,21801,-8428,211993,1
180000,3,2,1,-1,-1,-1,-1,-1,-1,129719,133702,133758,80055,69672,33194,6070,3521,5000,5000,5004,5029,50281,46298,46242,99945,110328,146806,550476,0
360000,1,2,5,1,-2,-2,-2,-2,-2,0,0,0,0,0,0,0,0,0,0,0,0,360000,360000,360000,360000,360000,360000,0,1
580000,3,1,5,2,2,3,3,4,6,453985,470915,471175,486776,503914,527711,25704,9464,25065,25703,33000,215,126015,109085,108825,93224,76086,52289,2795325,0
310000,1,2,3,-2,-2,-2,-2,-2,-2,14619,1881,13750,9837,7785,14460,12484,13961,9838,7785,14460,14195,295381,308119,296250,300163,302215,295540,-10391,0
20000,3,2,4,-1,-1,2,-1,-1,-1,16735,20373,12071,12567,13949,14318,4008,0,1000,1600,600,532,3265,-373,7929,7433,6051,5682,82273,0
180000,1,4,3,-2,-1,-1,-1,-1,-1,8657,6847,18762,22928,3129,2398,6847,18762,22928,0,2398,23149,171343,173153,161238,157072,176871,177602,-11363,0
60000,1,4,1,-1,-1,-1,-1,-1,-1,15050,16203,16891,15474,14612,16354,2000,1300,2000,1000,2000,1000,44950,43797,43109,44526,45388,43646,85284,0
40000,3,2,4,-1,-1,-1,-1,-1,2,14769,15271,15383,14548,16274,15650,1573,1512,504,2770,613,14,25231,24729,24617,25452,23726,24350,84909,0
140000,2,2,2,-1,-1,2,-1,-1,-1,121374,125965,102527,103337,105942,101830,8200,3000,4000,4500,4000,4200,18626,14035,37473,36663,34058,38170,633075,0
220000,2,1,2,-1,-1,-1,-1,-1,-1,8000,8288,8000,0,8000,0,8288,8000,0,8000,0,0,212000,211712,212000,220000,212000,220000,8000,0
10000,2,2,1,-1,-1,-1,-1,-1,-1,8602,8728,9721,9609,9503,9771,1158,1151,339,344,425,195,1398,1272,279,391,497,229,52322,1
20000,1,1,4,-1,-1,-1,-1,-1,-1,19965,390,390,780,780,10400,390,390,780,0,10400,0,35,19610,19610,19220,19220,9600,20745,0
50000,1,4,1,-1,-1,-1,-1,-1,-1,15036,15790,18202,18601,19138,18319,1300,2701,700,847,655,700,34964,34210,31798,31399,30862,31681,98183,0
50000,2,4,2,2,-1,-1,-1,-1,-1,27752,28787,29800,30393,31031,33020,1487,1500,1081,1121,2500,0,22248,21213,20200,19607,18969,16980,173094,1
320000,2,4,2,-1,-1,-1,-1,-1,-1,98697,100572,103621,103720,100136,102167,3891,5240,3616,3770,4264,3345,221303,219428,216379,216280,219864,217833,584787,0
20000,2,2,2,-2,-2,-2,-2,-2,-2,2199,1530,750,2280,1500,780,1530,750,1140,3000,780,0,17801,18470,19250,17720,18500,19220,1839,0
50000,2,1,3,-1,-1,-1,-1,-1,-1,48219,48978,49257,19641,20053,19613,2037,2316,690,715,718,690,1781,1022,743,30359,29947,30387,198595,0
340000,1,1,3,-1,-1,-1,-2,-1,2,1960,1052,6730,1346,3684,745,1228,7270,2000,4325,0,11271,338040,338948,333270,338654,336316,339255,-10577,0
360000,2,2,2,1,-2,-2,-2,-2,-2,-301,-301,-301,-301,-301,-301,0,0,0,0,0,0,360301,360301,360301,360301,360301,360301,-1806,1
300000,2,2,2,1,-2,-2,-2,-2,-2,0,0,0,0,0,0,0,0,0,0,0,0,300000,300000,300000,300000,300000,300000,0,0
40000,2,4,1,-1,-1,-1,-1,2,2,31475,32663,33813,34952,36447,35515,2000,2000,2000,2500,0,1500,8525,7337,6187,5048,3553,4485,194865,0
150000,1,1,4,-1,-1,2,-1,-1,-1,128968,138260,134573,136026,97517,47027,12900,0,5399,4224,1830,1889,21032,11740,15427,13974,52483,102973,656129,0
20000,2,4,3,2,2,-1,-1,-1,3,18278,17696,19008,19083,21871,21236,0,1612,687,3100,0,0,1722,2304,992,917,-1871,-1236,111773,1
30000,3,2,2,1,-2,-1,-1,-1,-1,-5,-5,2605,893,895,2328,0,2610,18,2,2333,1,30005,30005,27395,29107,29105,27672,1747,0
80000,2,2,1,-2,-2,-2,-2,-2,-2,390,0,780,0,0,0,390,780,0,0,0,0,79610,80000,79220,80000,80000,80000,0,0
390000,3,2,2,-2,-2,-2,-2,-1,-1,241,0,0,0,739,0,0,0,0,739,0,0,389759,390000,390000,390000,389261,390000,241,1
20000,2,4,1,1,2,2,2,2,2,5613,5377,6920,6911,6655,7191,0,1638,251,0,647,0,14387,14623,13080,13089,13345,12809,36131,1
200000,2,1,3,-1,-1,-1,-1,-1,-1,68670,69702,70015,72073,71690,73661,4000,4000,5000,2563,5000,5000,131330,130298,129985,127927,128310,126339,400248,1
80000,3,2,2,-1,-1,-1,-1,-1,-1,49544,50418,51810,28964,13059,13488,1970,2355,1500,1000,646,2000,30456,29582,28190,51036,66941,66512,197812,0
50000,2,2,2,2,-1,-1,-1,-1,-1,50922,50367,41627,42297,43031,45837,1715,1991,1661,1566,3526,0,-922,-367,8373,7703,6969,4163,263622,1
230000,2,2,2,-1,-1,-1,-1,-1,-1,10906,9692,9162,10466,9426,8099,1364,1393,2003,1000,1000,500,219094,220308,220838,219534,220574,221901,50491,0
190000,2,4,2,-1,-1,-1,-1,-1,-1,147586,155228,160588,162241,165794,168951,10000,7891,5743,6102,6000,6307,42414,34772,29412,27759,24206,21049,918345,0
260000,3,1,2,-1,-1,-1,-1,-1,-1,154462,153799,77156,73658,70273,67100,7425,2795,2779,2947,3400,5000,105538,106201,182844,186342,189727,192900,572102,0
100000,1,2,2,-1,-1,-1,-1,-1,-1,29449,55139,34181,12592,71340,32453,55139,34181,12592,71340,32453,37035,70551,44861,65819,87408,28660,67547,-7586,0
140000,2,2,3,-1,-1,-1,-1,-1,-1,132758,83498,84837,85663,79852,81090,4002,3900,3000,2892,3059,3003,7242,56502,55163,54337,60148,58910,527842,0
20000,2,2,3,2,-1,-1,-1,-1,-1,12426,13143,14152,14435,14802,15256,1225,1234,517,600,700,710,7574,6857,5848,5565,5198,4744,79228,1
80000,2,2,2,-1,-1,-1,-1,-1,-1,69392,64149,53200,29707,28427,10072,3046,1874,2000,1000,1000,199,10608,15851,26800,50293,51573,69928,245828,0
360000,1,2,2,-1,-1,-1,-1,-1,-1,304907,309972,315730,113412,2500,0,12557,13738,5053,2500,0,0,55093,50028,44270,246588,357500,360000,1012673,0
70000,2,2,2,-1,-1,-1,-1,2,-1,46079,47232,48618,51134,50222,48874,2200,2500,3600,0,1754,1892,23921,22768,21382,18866,19778,21126,280213,1
30000,2,2,1,2,2,-1,-1,-1,-1,31214,28983,28301,31072,24147,4007,0,1400,3561,483,80,0,-1214,1017,1699,-1072,5853,25993,142200,1
500000,1,2,2,-1,-1,-1,-1,-1,-1,358020,360047,369045,382231,204593,211655,15000,15000,20000,10000,10000,10000,141980,139953,130955,117769,295407,288345,1805591,0
320000,2,4,2,2,-1,-1,-1,-1,-1,416,416,416,416,1829,1833,416,416,416,1829,1833,2148,319584,319584,319584,319584,318171,318167,-1732,0
500000,1,2,2,-1,-1,-1,-1,-1,-1,32715,60927,76088,110294,108964,103548,30007,30000,50000,5000,5000,30000,467285,439073,423912,389706,391036,396452,342529,0
240000,1,2,1,1,-2,-1,-1,-1,-1,0,0,402,14350,14129,10222,0,402,14350,1129,1222,204,240000,240000,239598,225650,225871,229778,21796,0
50000,1,4,1,-1,-1,-1,-1,-1,-1,574,801,686,527,312,442,801,686,527,312,442,8016,49426,49199,49314,49473,49688,49558,-7442,0
120000,2,2,2,-1,-1,-1,-1,-1,-1,31611,32264,32786,33018,27114,26287,1562,1500,1059,988,922,826,88389,87736,87214,86982,92886,93713,176223,0
250000,1,4,2,-1,-1,-1,-1,-1,-1,26465,30762,32833,34055,34321,23166,5000,3000,2500,1000,3050,4000,223535,219238,217167,215945,215679,226834,163052,0
180000,2,2,2,-1,-1,-1,-1,-1,-1,65710,58159,60188,61090,62450,63911,2500,3000,2500,2500,2500,3000,114290,121841,119812,118910,117550,116089,355508,0
10000,2,4,1,-1,-1,-1,-1,-1,-1,5208,654,9954,9719,6547,654,654,9954,9919,0,654,264,4792,9346,46,281,3453,9346,11291,0
200000,3,2,4,-1,-1,-1,-1,-1,-1,98426,91948,17042,10075,5107,7789,52306,1000,212,102,7786,4000,101574,108052,182958,189925,194893,192211,164981,0
120000,1,4,1,-1,-1,-1,-1,-1,-1,380,380,380,380,380,380,380,380,380,380,380,2880,119620,119620,119620,119620,119620,119620,-2500,0
230000,2,1,2,-1,-1,-1,-1,-1,-1,326,326,326,326,326,326,326,326,326,326,326,326,229674,229674,229674,229674,229674,229674,0,0
330000,1,2,2,1,-2,-2,-1,-1,-1,0,0,0,1983,0,207,0,0,1983,0,207,49974,330000,330000,330000,328017,330000,329793,-49974,0
50000,2,4,1,-1,-1,-1,-1,-1,-1,28457,29491,30508,31599,32262,32904,1492,1509,1600,1170,1177,1217,21543,20509,19492,18401,17738,17096,177056,1
130000,2,2,2,-1,-1,-2,-2,-2,-2,27495,0,0,0,0,0,0,0,0,0,0,0,102505,130000,130000,130000,130000,130000,27495,0
110000,2,2,1,2,2,2,2,2,2,58112,56620,60732,61938,63097,64492,0,5700,2800,2300,2600,2300,51888,53380,49268,48062,46903,45508,349291,1
30000,3,4,3,-1,-1,-1,-1,2,2,2208,7808,0,196,46,5346,7006,0,196,0,5300,0,27792,22192,30000,29804,29954,24654,3102,0
120000,1,4,1,-1,-1,-1,-1,-1,-1,8676,10599,5814,4426,3038,5184,5000,5814,0,0,5184,7048,111324,109401,114186,115574,116962,114816,14691,0
120000,1,4,1,-2,-1,-1,-1,-1,-1,398,954,0,170,170,0,958,0,170,0,0,0,119602,119046,120000,119830,119830,120000,564,0
210000,2,2,3,-1,-1,-1,-1,-1,2,42820,44156,44864,45768,48204,49453,1856,1564,1468,3000,2000,2000,167180,165844,165136,164232,161796,160547,263377,0
30000,2,1,3,1,2,-1,-1,2,2,15148,14620,15322,16469,16063,17295,0,1253,1400,0,1500,0,14852,15380,14678,13531,13937,12705,90764,0
50000,3,2,1,2,2,2,2,2,2,54529,53143,53782,50982,51740,49062,1800,3900,300,3400,0,4000,-4529,-3143,-3782,-982,-1740,938,299838,0
140000,2,4,3,-1,-1,-1,-1,-1,-1,176,395,1204,700,748,-784,395,1204,0,748,0,2688,139824,139605,138796,139300,139252,140784,-2596,0
140000,3,1,2,2,2,2,2,2,2,136184,138932,140185,136438,144979,139314,6400,5000,0,10800,0,5300,3816,1068,-185,3562,-4979,686,808532,0
50000,2,1,4,-1,-1,-1,-1,-1,-1,50528,50541,49345,20238,18646,19034,2100,1305,1201,663,684,652,-528,-541,655,29762,31354,30966,201727,0
130000,3,1,3,1,2,-1,-1,-1,-1,26582,25956,25144,23235,13277,13895,100,2000,1000,700,1000,2000,103418,104044,104856,106765,116723,116105,121289,1
80000,2,4,2,1,2,-1,-1,-1,-1,6393,6148,7311,7303,7456,7605,0,1266,258,267,269,278,73607,73852,72689,72697,72544,72395,39878,1
50000,3,2,4,-1,-1,2,-1,-1,-1,44766,48047,46640,40551,19398,0,4000,0,811,1000,0,0,5234,1953,3360,9449,30602,50000,193591,0
100000,1,1,2,1,2,2,2,2,-1,17365,18102,17514,20207,19745,20263,1310,0,3000,0,1000,1000,82635,81898,82486,79793,80255,79737,106886,0
220000,2,1,3,-1,-1,-1,-1,-1,-1,61614,45669,11086,4564,6549,6413,45889,11134,4578,6593,6440,12249,158386,174331,208914,215436,213451,213587,49012,0
260000,2,2,1,-1,-1,-1,-1,-1,-1,711,711,5514,1989,711,8503,711,5514,0,711,8503,3011,259289,259289,254486,258011,259289,251497,-311,0
320000,1,2,3,-1,-1,-1,-1,-1,-1,304702,307943,314201,319204,325758,319898,20000,12868,11721,12000,13000,11728,15298,12057,5799,796,-5758,102,1810389,0
80000,2,2,2,-1,-1,-1,-1,-1,-1,5123,7864,9701,8969,8529,8737,3000,2005,1013,1000,350,500,74877,72136,70299,71031,71471,71263,41055,0
140000,1,2,4,-1,-1,-1,-1,-1,-1,65640,66998,68201,68866,65781,66850,2800,3000,2500,2350,2400,2400,74360,73002,71799,71134,74219,73150,386886,0
180000,2,1,1,-1,-1,-1,2,-1,-1,175539,138825,51686,2594,171716,181693,3826,7000,0,171716,13400,0,4461,41175,128314,177406,8284,-1693,526111,1
80000,4,2,1,1,-1,-1,-1,-1,-1,-24,3032,3318,1278,2541,15452,3056,3324,1278,2003,15000,13004,80024,76968,76682,78722,77459,64548,-12068,0
250000,2,2,3,1,-2,-2,-2,-2,-2,0,0,0,0,0,0,0,0,0,0,0,0,250000,250000,250000,250000,250000,250000,0,0
80000,1,2,2,-1,-1,-1,-1,-1,-1,75454,77738,77235,76835,34751,0,4100,2000,0,0,0,0,4546,2262,2765,3165,45249,80000,335913,0
30000,3,1,4,-1,-1,-1,-1,-1,-1,28339,24232,15626,9330,4372,1419,1681,2000,0,0,1419,12000,1661,5768,14374,20670,25628,28581,66218,1
120000,2,2,1,-1,-1,-1,-1,-1,-1,13587,11433,7823,0,4913,7023,11433,7823,0,4913,7023,2176,106413,108567,112177,120000,115087,112977,11411,0
120000,2,4,1,-1,-1,-1,-1,-1,-1,82064,83847,85558,86491,88136,89886,4000,4000,3250,3195,3210,4200,37936,36153,34442,33509,31864,30114,494127,0
20000,2,1,1,2,2,2,-1,-1,-1,8024,11718,11238,12735,14359,19076,4000,0,2000,2000,5000,0,11976,8282,8762,7265,5641,924,64150,0
50000,2,2,3,-1,-1,-1,-1,-1,-1,26566,14851,4013,2027,15090,14078,3000,1000,41,30525,477,688,23434,35149,45987,47973,34910,35922,40894,0
250000,2,1,4,-2,-2,-2,-1,-1,-1,390,390,390,8042,16014,5607,390,390,8042,16014,5607,390,249610,249610,249610,241958,233986,244393,0,0
260000,1,2,2,-1,-1,-1,-1,-1,-1,112053,108596,100005,101759,100698,99222,5000,5000,5000,5000,5000,5000,147947,151404,159995,158241,159302,160778,592333,0
180000,1,4,1,-1,2,-1,-1,-1,2,980,980,376,0,2202,150,0,376,0,2202,0,819,179020,179020,179624,180000,177798,179850,1291,0
20000,3,1,3,-1,-1,-1,-1,-1,-1,390,678,0,780,0,378,678,0,780,0,378,0,19610,19322,20000,19220,20000,19622,390,0
150000,2,1,4,1,2,2,-1,-1,-1,76516,78505,76652,77688,79440,81126,3800,0,2800,3000,3000,3200,73484,71495,73348,72312,70560,68874,454127,1
260000,1,2,2,-1,-1,-1,-1,-1,-1,6776,3198,2123,11774,6166,3583,3222,2125,11892,6192,3601,3403,253224,256802,257877,248226,253834,256417,3185,0
230000,1,1,3,1,2,2,2,2,2,9462,9701,10277,13148,12834,13861,1000,1000,3000,0,1200,0,220538,220299,219723,216852,217166,216139,63083,0
70000,1,4,1,-1,-1,-1,-1,-1,-1,69572,71233,66844,50410,44958,46655,2828,2337,1702,1800,2600,2000,428,-1233,3156,19590,25042,23345,336405,0
160000,1,2,2,-1,-1,-1,-1,-1,-1,7429,7165,1849,4715,799,0,8000,2000,4755,0,0,0,152571,152835,158151,155285,159201,160000,7202,0
50000,2,2,3,1,-2,-2,-2,-2,-2,0,0,0,0,0,0,0,0,0,0,0,0,50000,50000,50000,50000,50000,50000,0,0
170000,2,1,2,-1,-1,-1,-1,-2,-1,490,-10,4910,0,0,1000,0,4920,0,0,1000,1030,169510,170010,165090,170000,170000,169000,-560,0
210000,3,2,2,-1,-1,-1,-1,-1,-1,106028,107312,65968,67307,46511,47583,6000,5000,2697,2000,2012,1172,103972,102688,144032,142693,163489,162417,421828,0
230000,1,2,1,1,-2,-2,-2,-2,-2,0,0,0,0,0,0,0,0,0,0,0,0,230000,230000,230000,230000,230000,230000,0,0
110000,2,1,2,2,2,2,2,2,2,57135,55648,59518,57964,66995,65762,0,4803,0,10000,0,7195,52865,54352,50482,52036,43005,44238,341024,1
80000,2,2,2,-1,-1,-1,-1,-1,-1,44002,43156,22478,5011,4674,0,2300,22478,5011,4674,0,0,35998,36844,57522,74989,75326,80000,84858,0
90000,2,2,4,-1,-1,-1,-1,-1,-1,692,392,332,14579,2091,506,394,332,14579,2091,506,417,89308,89608,89668,75421,87909,89494,273,0
90000,1,2,3,2,2,2,2,2,2,78700,80348,81630,82890,84709,86252,3500,3200,3200,3300,3100,3100,11300,9652,8370,7110,5291,3748,475129,1
250000,1,2,3,-1,-1,2,-1,-1,2,744,2244,1372,686,1522,686,2186,0,0,1522,0,4389,249256,247756,248628,249314,248478,249314,-843,0
270000,2,2,2,1,2,2,2,2,-1,16616,16911,14692,13907,10660,10683,2500,0,1000,0,2000,1000,253384,253089,255308,256093,259340,259317,76969,0
20000,3,2,1,-1,-1,-1,-1,-1,-1,10103,11139,12106,12349,11420,11641,1205,1172,415,404,400,400,9897,8861,7894,7651,8580,8359,64762,0
80000,4,4,2,1,2,-1,-1,-1,-1,2898,1457,1261,1261,2522,1261,0,1261,1261,2522,0,780,77102,78543,78739,78739,77478,78739,4836,0
20000,1,2,1,2,2,-1,-1,-1,-1,15077,15534,16540,17267,17475,17838,1000,1273,1000,631,650,803,4923,4466,3460,2733,2525,2162,94374,0
150000,2,2,2,-1,-1,-1,2,-1,-1,83853,87227,96253,93562,96510,63417,5000,11700,0,5000,2500,5000,66147,62773,53747,56438,53490,86583,491622,0
80000,3,2,2,1,2,2,-1,-1,-1,99396,100495,97982,100261,102147,91829,3560,0,3912,3832,3508,2800,-19396,-20495,-17982,-20261,-22147,-11829,574498,1
130000,2,2,3,-1,-1,-1,-1,-1,-1,46096,37939,39138,40023,40536,41697,2167,2000,2000,1469,2000,2000,83904,92061,90862,89977,89464,88303,233793,0
320000,1,4,1,-1,-1,-1,-1,-1,-1,18506,12237,913,5356,58545,7357,1062,1116,5384,58837,7393,5926,301494,307763,319087,314644,261455,312643,23196,0
50000,1,4,1,2,2,2,-1,-1,-1,43379,46097,44187,43165,37967,36327,3628,8,1500,1490,1303,2000,6621,3903,5813,6835,12033,13673,241193,1
260000,2,2,2,-1,-1,-1,-1,-1,-1,135489,138509,138076,110044,111906,104073,5007,5003,5004,4052,4010,3835,124511,121491,121924,149956,148094,155927,711186,0
140000,1,4,2,2,2,2,2,2,2,56528,57973,58679,59379,60636,61656,2800,2100,2100,2200,2000,2400,83472,82027,81321,80621,79364,78344,341251,0
10000,3,2,4,1,4,3,2,2,2,4479,4272,4064,3856,4390,4171,0,0,0,900,0,900,5521,5728,5936,6144,5610,5829,23432,1
180000,1,2,2,-1,-1,-1,-1,-1,-1,139804,136528,57096,52694,50276,52945,7000,6000,3500,3500,3500,3900,40196,43472,122904,127306,129724,127055,461943,0
250000,1,1,6,-1,-1,-1,-1,-1,-1,177484,177946,159849,145461,141487,147705,6243,5446,4721,4385,7805,200,72516,72054,90151,104539,108513,102295,921132,0
20000,1,2,1,-1,2,2,2,2,2,15383,16142,15586,17322,16908,17564,1300,0,2000,0,1240,0,4617,3858,4414,2678,3092,2436,94365,1
50000,3,2,1,-1,-1,-1,-1,-1,-1,48963,50381,50287,20406,20206,19690,2500,1293,839,870,940,865,1037,-381,-287,29594,29794,30310,202626,0
120000,1,2,2,1,-2,-1,-1,-1,-2,0,0,4050,4050,0,0,0,4051,0,0,7,7,120000,120000,115950,115950,120000,120000,4035,0
160000,2,2,3,1,2,2,2,2,2,58943,60210,60755,59180,62835,61670,2800,2120,0,4611,0,2213,101057,99790,99245,100820,97165,98330,351849,0
60000,2,4,1,-1,-1,-1,-1,-1,-1,11718,4878,18347,15707,18976,6355,1000,37325,20800,3500,1232,113,48282,55122,41653,44293,41024,53645,12011,0
130000,2,2,2,-1,-1,-1,-1,-1,-1,116437,112881,96191,88934,90633,91459,4911,3533,3301,3607,5516,7020,13563,17119,33809,41066,39367,38541,568647,0
320000,2,1,3,1,-2,-2,-2,-2,-2,0,0,0,0,700,860,0,0,0,700,860,2420,320000,320000,320000,320000,319300,319140,-2420,1
50000,2,2,3,-1,-1,-1,-1,-1,-1,35268,34807,31071,30258,29579,28396,1600,1400,1500,1200,1500,1200,14732,15193,18929,19742,20421,21604,180979,0
50000,2,2,2,-1,-1,-1,-1,-1,-1,48058,49348,41707,29358,29860,30461,2097,1456,1200,1100,1076,1200,1942,652,8293,20642,20140,19539,220663,1
70000,2,2,3,2,2,2,2,2,2,12662,13661,13145,14123,13754,14724,1500,0,1200,0,1200,0,57338,56339,56855,55877,56246,55276,78169,1
80000,2,2,3,-1,-1,-1,-1,-1,-1,76992,73036,17576,5616,25439,25833,2000,1000,4554,21000,1000,1000,3008,6964,62424,74384,54561,54167,193938,0
230000,2,2,1,-1,-1,-1,-1,-1,-1,416,568,1427,14947,13255,8226,568,1427,14947,437,1000,900,229584,229432,228573,215053,216745,221774,19560,1
20000,3,2,3,-1,-1,2,-1,-1,-1,390,1736,1170,780,780,0,1736,0,0,0,0,0,19610,18264,18830,19220,19220,20000,3120,1
20000,3,4,2,-1,-1,2,2,3,2,12241,16020,16457,20906,20289,20407,4000,1000,4750,0,600,0,7759,3980,3543,-906,-289,-407,95970,0
360000,2,2,3,-1,-1,-1,-1,-1,-2,10000,10000,141,7054,-2946,-2946,10000,141,7054,1941,0,0,350000,350000,359859,352946,362946,362946,2167,0
90000,1,4,1,-2,-2,-1,-1,-1,-1,-1886,-2086,34347,35042,46098,46658,0,36633,1328,11696,1350,1337,91886,92086,55653,54958,43902,43342,105829,0
160000,2,2,2,2,2,2,-1,-1,-1,77290,72681,66526,66893,66637,67877,4500,2500,3000,3000,4000,2305,82710,87319,93474,93107,93363,92123,398599,0
50000,1,2,2,1,2,2,2,-1,-1,49845,51215,47074,18853,19405,19237,2505,2300,0,1000,800,1000,155,-1215,2926,31147,30595,30763,198024,0
220000,1,4,1,-1,-1,-1,-1,-1,-1,164855,168607,152765,152953,156065,145846,6102,7000,6500,5573,7000,8000,55145,51393,67235,67047,63935,74154,900916,0
350000,1,2,3,2,-1,-1,-1,-1,-1,320982,322788,272799,117867,117518,119718,12618,11127,4327,4261,4150,4153,29018,27212,77201,232133,232482,230282,1231036,1
120000,1,4,1,-1,-1,-1,-1,-1,-1,3945,5795,10863,1601,1126,4802,5894,10863,0,1126,4802,9751,116055,114205,109137,118399,118874,115198,-4304,0
210000,1,4,2,1,2,-1,-1,-1,-1,73903,72153,73634,75095,76886,78604,0,2674,2687,3000,3000,3000,136097,137847,136366,134905,133114,131396,435914,0
100000,2,2,2,2,2,-1,-1,-1,2,17606,17040,19139,19325,20855,20372,0,2700,800,2000,0,1000,82394,82960,80861,80675,79145,79628,107837,0
50000,3,4,4,-1,-1,-1,-1,-1,-1,34781,34458,33311,18033,18740,19408,1725,1800,3000,1000,1000,657,15219,15542,16689,31967,31260,30592,149549,1
340000,1,4,1,-1,-1,-1,-1,-1,-1,58363,106270,159464,155685,137838,6556,56270,59503,3330,40,6556,16390,281637,233730,180536,184315,202162,333444,482087,0
140000,1,1,4,2,2,2,2,2,3,108660,105504,113177,113622,116396,115826,0,10970,3805,4747,1932,8337,31340,34496,26823,26378,23604,24174,643394,1
50000,2,2,3,-1,-1,-1,-1,-1,-1,47691,48738,48565,48301,50851,51153,3304,2300,2000,3500,3000,4000,2309,1262,1435,1699,-851,-1153,277195,0
50000,2,2,2,1,2,-1,-1,2,-1,16617,16061,17082,18969,18524,18947,0,1294,2181,0,731,586,33383,33939,32918,31031,31476,31053,101408,0
90000,1,4,1,-1,-1,-1,-1,-1,-1,56754,58835,59461,60974,62339,63648,3000,2200,2500,2500,2500,2600,33246,31165,30539,29026,27661,26352,346711,0
160000,2,1,5,2,2,2,2,2,2,67771,69535,70848,71739,73090,74490,3400,3000,2600,2600,2700,2800,92229,90465,89152,88261,86910,85510,410373,1
250000,2,2,1,-1,-1,-1,-1,-1,-1,34799,25831,24448,20492,18812,17663,2027,2000,1007,1031,2000,10000,215201,224169,225552,229508,231188,232337,123980,0
50000,1,2,1,1,-2,-2,-2,-2,-1,0,0,0,0,0,19553,0,0,0,0,19553,389,50000,50000,50000,50000,50000,30447,-389,0
300000,2,2,2,-1,-1,-1,-1,-1,-1,141486,79474,80813,111116,13534,10379,6000,5000,30303,2011,856,1010,158514,220526,219187,188884,286466,289621,391622,0
230000,2,4,2,1,-2,-2,-2,-1,-1,-2,-2,-2,-2,794,796,0,0,0,796,2,0,230002,230002,230002,230002,229206,229204,784,0
260000,1,1,3,1,-2,-2,-1,-1,-1,0,0,0,14855,13650,0,0,0,15055,0,0,0,260000,260000,260000,245145,246350,260000,13450,1
60000,1,4,1,2,-1,-1,-1,-1,-1,58841,60970,58082,59882,19663,29343,3700,1400,2000,500,30000,1100,1159,-970,1918,118,40337,30657,248081,0
140000,3,1,3,-1,-1,-1,-1,-1,-1,2139,0,1686,1686,205,6689,0,1686,0,205,6689,0,137861,140000,138314,138314,139795,133311,3825,0
70000,3,6,3,2,-1,-1,-1,-1,-1,92033,79841,80149,47735,48737,50225,3078,13489,7000,1771,2300,7600,-22033,-9841,-10149,22265,21263,19775,363482,1
20000,3,1,3,2,-1,-1,-1,-1,-1,18738,18986,20110,19584,16539,19466,1376,1500,593,2701,4261,941,1262,1014,-110,416,3461,534,102051,1
20000,2,2,1,3,2,-1,-1,2,3,4899,4675,5685,6490,6837,6435,0,1095,900,596,0,0,15101,15325,14315,13510,13163,13565,32430,1
170000,4,1,1,-1,-1,-1,-1,-1,-1,171098,166176,169759,11760,0,4902,14000,5695,11760,0,4902,6000,-1098,3824,241,158240,170000,165098,481338,0
150000,3,6,4,-1,-1,-1,-1,-1,-1,1080,17493,9160,2939,3396,1870,17498,9160,2939,3396,1870,6800,148920,132507,140840,147061,146604,148130,-5725,0
50000,2,2,1,-1,-1,2,-1,-1,-1,13117,16887,16323,16752,17229,18931,4000,0,1000,900,2000,379,36883,33113,33677,33248,32771,31069,90960,0
60000,1,1,3,2,-1,-1,-1,-1,-1,60289,57426,25820,25793,28224,28968,1580,1500,1100,3000,1200,1100,-289,2574,34180,34207,31776,31032,217040,1
230000,1,4,1,-1,-1,-1,-1,-1,-1,1960,11055,2269,9818,690,5369,11055,2269,9818,690,5369,4285,228040,218945,227731,220182,229310,224631,-2325,0
100000,2,2,2,-1,-1,-1,-1,-1,-1,31373,32155,32331,29035,19576,33825,1602,1451,4,41,34938,292,68627,67845,67669,70965,80424,66175,139967,0
150000,1,2,1,-1,-1,-1,-1,-1,-1,1050,3258,3664,1461,2348,3626,3258,3735,1461,2348,3626,3089,148950,146742,146336,148539,147652,146374,-2110,0
70000,2,2,4,-1,-1,-1,-1,-1,-1,67880,66658,58486,29171,17725,17693,3028,3199,1267,642,651,1665,2120,3342,11514,40829,52275,52307,247161,0
150000,1,2,1,-1,-1,-1,-1,-1,-1,52952,95134,31578,26089,16624,5107,60086,2000,2000,5000,6000,9000,97048,54866,118422,123911,133376,144893,143398,0
50000,2,4,1,-1,-1,-1,-1,-1,-1,23529,27889,22800,21930,23183,17613,4820,1500,1000,2000,1000,500,26471,22111,27200,28070,26817,32387,126124,0
110000,1,4,1,2,2,2,2,2,2,95690,105101,105676,106506,103591,109276,11000,3800,4000,0,8800,0,14310,4899,4324,3494,6409,724,598240,1
290000,1,4,1,-1,-1,-1,-1,-1,-1,305823,303701,296384,248801,241983,230925,15000,10500,10000,15000,7844,23333,-15823,-13701,-6384,41199,48017,59075,1545940,1
310000,2,4,3,-1,-1,-1,-1,-1,-1,128166,102808,94484,95087,80331,66813,3844,5000,5000,6000,6000,7000,181834,207192,215516,214913,229669,243187,534845,0
80000,2,2,2,-1,-1,-1,-1,-1,-1,74236,63120,53897,54292,55430,57011,2125,2000,2000,2010,2500,1336,5764,16880,26103,25708,24570,22989,346015,0
220000,1,1,4,-2,-2,-2,-2,-2,-2,0,0,0,0,0,0,0,0,0,0,0,0,220000,220000,220000,220000,220000,220000,0,0
230000,2,2,5,-1,-1,-1,-1,-1,-1,167635,170085,172204,173045,176163,179625,6474,7726,5601,6100,6427,6000,62365,59915,57796,56955,53837,50375,1000429,0
360000,1,1,4,-1,-1,-1,-1,-1,-1,236171,228951,220826,191655,162435,132093,8500,7800,6665,5670,4461,3100,123829,131049,139174,168345,197565,227907,1135935,0
320000,1,1,3,-1,-1,-1,-1,-1,-2,25840,13260,13217,17967,-13,-13,13326,13289,18064,0,0,0,294160,306740,306783,302033,320013,320013,25579,0
20000,1,2,2,-1,-1,2,-1,-1,-1,14406,20653,19995,19391,19120,19158,6500,84,7171,1000,1000,2000,5594,-653,5,609,880,842,94968,0
360000,2,4,2,-1,-1,-1,-1,-1,-1,61793,79467,26943,148307,71373,7406,79651,26943,148307,71373,7406,3021,298207,280533,333057,211693,288627,352594,58588,0
360000,2,2,2,1,-2,-2,-2,-2,-2,0,0,0,0,0,0,0,0,0,0,0,0,360000,360000,360000,360000,360000,360000,0,0
440000,1,2,2,-1,-1,-1,-1,-1,-1,10858,46104,21349,11569,-1401,1773,50004,20000,12000,0,3773,0,429142,393896,418651,428431,441401,438227,4475,0
400000,2,1,3,2,2,2,2,3,2,175904,179579,186539,196029,192680,195226,8000,11500,14100,4,6804,5,224096,220421,213461,203971,207320,204774,1085544,1
180000,2,1,2,1,2,-1,-1,-1,-1,32082,31293,31570,33370,33370,0,0,1400,2200,0,0,0,147918,148707,148430,146630,146630,180000,158085,0
230000,1,4,2,1,-2,-2,-2,-2,-2,0,0,0,0,0,0,0,0,0,0,0,0,230000,230000,230000,230000,230000,230000,0,0
200000,1,4,1,-1,-1,-1,-1,-1,-1,9078,11612,12100,13900,15900,0,3000,1500,2000,2000,0,0,190922,188388,187900,186100,184100,200000,54090,0
230000,1,1,2,-1,-1,-1,-1,-1,-1,22954,11225,10669,13498,12482,9949,1700,1380,8000,1000,4000,1000,207046,218775,219331,216502,217518,220051,63697,0
50000,2,1,4,-1,-1,-1,-1,-1,-1,47824,48954,46716,18685,19076,19466,1948,1835,669,692,707,695,2176,1046,3284,31315,30924,30534,194175,0
270000,1,2,2,-2,-2,-2,-2,-2,-2,15986,16635,15913,14192,10559,7672,2008,1513,1019,515,302,3050,254014,253365,254087,255808,259441,262328,72550,0
440000,2,4,1,-1,-1,-1,-1,-1,-1,485921,234046,214092,201210,186455,169455,20000,7822,8000,6000,16000,4000,-45921,205954,225908,238790,253545,270545,1429357,0
340000,1,1,4,-1,-1,-1,-2,-2,-1,3780,3295,1461,1903,1492,4409,3295,1461,1903,1492,4409,3396,336220,336705,338539,338097,338508,335591,384,0
320000,2,2,2,-1,-1,-1,-1,-1,-1,12233,16490,20011,17918,18627,19167,7000,4100,1000,1000,1000,1000,307767,303510,299989,302082,301373,300833,89346,0
500000,2,4,2,-1,-1,-1,-1,-1,-1,339,0,28119,29698,32229,27912,0,28119,2000,3200,3000,785,499661,500000,471881,470302,467771,472088,81193,0
30000,2,2,2,-1,-1,-1,-1,-1,-1,29568,3663,26539,28352,17596,7576,3701,27209,5024,523,1000,0,432,26337,3461,1648,12404,22424,75837,0
120000,3,4,4,-1,-1,-1,-1,-1,-1,102735,80762,77846,77404,75056,75951,3000,3000,2655,2664,3000,3000,17265,39238,42154,42596,44944,44049,472435,0
310000,1,2,2,-1,-1,-1,-1,-1,-1,10513,11228,12222,12468,11809,12044,1193,1187,433,428,431,445,299487,298772,297778,297532,298191,297956,66167,0
110000,3,4,2,-1,-1,-1,-1,-1,-2,2705,2487,2500,2500,0,0,2487,2700,2500,0,0,0,107295,107513,107500,107500,110000,110000,2505,0
400000,2,2,2,-1,-1,-1,-1,-1,-1,185677,189682,194509,199284,203502,195769,7000,8000,8000,7500,9000,5000,214323,210318,205491,200716,196498,204231,1123923,0
150000,1,2,4,-1,-1,-1,-2,-2,-2,2070,7620,0,0,0,0,7620,0,0,0,0,0,147930,142380,150000,150000,150000,150000,2070,0
50000,1,1,3,-1,-1,-1,-2,-2,-2,47454,30680,-220,-1000,-1000,0,3000,220,780,0,1000,0,2546,19320,50220,51000,51000,50000,70914,0
270000,2,1,1,-1,-1,-1,-1,-1,-1,21256,19819,19200,18527,18413,18010,1618,1569,631,652,637,541,248744,250181,250800,251473,251587,251990,109577,0
30000,3,2,2,-1,-1,-1,-1,-1,-1,14517,3670,3280,2890,15839,13680,2500,2500,2500,15839,666,0,15483,26330,26720,27110,14161,16320,29871,1
30000,1,1,4,-1,-1,2,3,2,-1,23978,26749,28085,27344,26768,27454,3478,2073,0,0,1129,1163,6022,3251,1915,2656,3232,2546,152535,1
20000,2,2,1,-1,-1,-1,-1,-1,-1,10700,510,900,704,540,150,510,390,1094,2420,150,780,9300,19490,19100,19296,19460,19850,8160,0
50000,2,4,1,-1,-1,-1,-1,-1,-1,18471,19483,19431,19307,19361,19738,1329,1307,683,857,856,834,31529,30517,30569,30693,30639,30262,109925,0
100000,2,1,4,-1,-1,-1,-1,-1,-1,101430,87429,108011,104261,102451,99947,5001,64401,4000,4500,4200,3200,-1430,12571,-8011,-4261,-2451,53,518227,0
200000,1,4,1,1,-2,-1,-1,-1,-1,0,0,3941,16405,-150,2327,0,3941,16405,0,2477,0,200000,200000,196059,183595,200150,197673,-300,0
500000,1,1,2,-1,-1,-1,-1,-1,-1,419487,389605,309466,246519,247263,251389,13000,20000,15000,9322,10000,10000,80513,110395,190534,253481,252737,248611,1786407,0
190000,2,1,3,-1,-1,-1,-1,-1,-1,90580,72260,80337,84221,91805,100053,10000,10000,10000,9000,10000,22000,99420,117740,109663,105779,98195,89947,448256,0
130000,2,1,3,-1,-1,-1,-1,-1,-2,5837,21038,722,4399,0,0,21038,729,4399,0,0,5239,124163,108962,129278,125601,130000,130000,591,0
50000,2,2,1,-1,-1,2,-1,-1,-1,17792,20036,18664,18416,416,416,2956,0,368,416,416,416,32208,29964,31336,31584,49584,49584,71168,0
10000,3,2,1,-1,-1,-1,-1,-1,-1,9363,5062,6021,6763,7648,8367,1200,1200,1000,1000,1000,0,637,4938,3979,3237,2352,1633,37824,0
1000000,1,2,3,-1,-1,-1,-1,-1,-1,964511,983931,535020,891586,927171,961664,50784,50723,896040,50000,50000,50256,35489,16069,464980,108414,72829,38336,4116080,0
150000,3,2,2,-1,-1,-1,-1,-1,-1,11500,4998,4996,4998,4998,49398,4998,4996,5000,4998,49398,4552,138500,145002,145004,145002,145002,100602,6946,0
20000,2,1,2,-1,-1,-1,-1,-2,-1,17219,14640,19400,0,0,17666,2000,19400,0,0,17666,0,2781,5360,600,20000,20000,2334,29859,1
140000,1,4,2,2,-1,-1,-1,-1,-1,1070,4593,4705,1710,0,6096,4593,4705,1710,0,6096,0,138930,135407,135295,138290,140000,133904,1070,1
210000,1,2,3,-2,-2,-2,-2,-2,-2,-200,-200,-200,0,2000,0,0,0,200,2000,0,0,210200,210200,210200,210000,208000,210000,-800,0
360000,3,1,4,-1,-1,-1,-1,-1,-1,8669,8254,8988,6868,5604,6158,1303,1513,706,700,600,2000,351331,351746,351012,353132,354396,353842,37719,0
60000,1,2,2,-1,-1,-1,-1,2,2,59959,49744,48257,46353,45481,48373,10020,4000,4000,0,3800,0,41,10256,11743,13647,14519,11627,276347,0
30000,2,1,2,-1,-1,-1,-1,-1,-1,15662,16601,21291,21939,22435,23160,1500,5000,1000,1000,1100,1000,14338,13399,8709,8061,7565,6840,110488,0
140000,2,2,2,-1,-1,-1,-1,-1,-1,127693,26633,28180,29702,31223,35683,2000,2000,2000,2000,5000,2000,12307,113367,111820,110298,108777,104317,264114,0
20000,1,4,1,-1,-1,-1,-1,-1,-1,17471,14129,13937,9429,1393,2055,1400,3500,1567,162,2055,0,2529,5871,6063,10571,18607,17945,49730,0
120000,2,4,2,-1,-1,-1,-1,-1,2,15602,16482,16743,17185,18281,17312,2000,1551,2000,1500,457,7000,104398,103518,103257,102815,101719,102688,87097,1
80000,1,1,3,1,-2,-1,-1,-1,-1,-50,-440,170,-220,390,0,0,1000,0,1000,0,780,80050,80440,79830,80220,79610,80000,-2930,0
50000,2,2,3,-1,-1,-1,-1,-1,-1,21910,23251,24059,24658,25212,25642,2000,1500,1000,1100,1000,1000,28090,26749,25941,25342,24788,24358,137132,0
360000,1,4,1,1,-2,-1,-1,-1,-1,0,0,830,0,1271,179,0,830,0,1271,179,1970,360000,360000,359170,360000,358729,359821,-1970,0
500000,1,2,2,-1,-1,-1,-1,-1,-1,416171,437749,460317,472621,484993,496915,30000,30000,20000,20000,20000,70152,83829,62251,39683,27379,15007,3085,2578614,0
10000,2,2,1,-1,-1,-1,-1,-1,-1,7985,8677,9070,8880,9580,9000,1217,1000,200,700,200,0,2015,1323,930,1120,420,1000,49875,0
210000,2,2,1,-1,-1,-2,-1,-1,-1,13899,-9,-9,3231,125140,124880,0,0,3240,125009,5009,5013,196101,210009,210009,206769,84860,85120,128861,0
50000,3,2,3,-1,-1,2,-1,-1,-1,22358,23257,23192,24073,21759,21959,1900,1000,1500,891,1000,700,27642,26743,26808,25927,28241,28041,129607,0
200000,1,2,2,-1,2,-1,-1,-1,-1,6677,4561,1856,1856,1856,2508,0,1856,1856,1856,2508,26042,193323,195439,198144,198144,198144,197492,-14804,0
300000,1,4,2,-1,-1,-1,-2,-2,-2,10700,890,0,0,0,0,890,0,0,0,0,0,289300,299110,300000,300000,300000,300000,10700,0
110000,2,2,1,-1,-1,-1,-1,-1,-1,44737,39590,39457,39075,39307,39564,2103,2005,2006,3006,3010,2013,65263,70410,70543,70925,70693,70436,227587,1
50000,2,2,4,4,3,2,2,2,2,51996,51203,50071,8086,8263,9533,300,300,300,293,1400,400,-1996,-1203,-71,41914,41737,40467,176159,1
340000,1,2,3,-1,2,-1,-1,2,-1,6814,6167,24386,3570,3094,14645,0,24386,3570,0,14645,4534,333186,333833,315614,336430,336906,325355,11541,1
50000,2,2,2,-1,-1,-1,-2,-2,-2,819,699,0,0,0,0,699,0,0,0,0,0,49181,49301,50000,50000,50000,50000,819,1
110000,3,2,5,1,2,-1,-1,-1,-1,49992,48918,49890,46884,47350,43169,0,2164,1730,1788,1538,1607,60008,61082,60110,63116,62650,66831,277376,0
600000,3,1,2,-1,-1,-1,-1,-1,-1,459600,372345,353121,337695,297541,256158,13713,13250,12854,11191,10029,10000,140400,227655,246879,262305,302459,343842,2005423,0
160000,1,2,2,-1,-1,-1,-1,-1,-1,2507,798,-2,2319,1523,-2,800,0,2321,4,0,801,157493,159202,160002,157681,158477,160002,3217,0
450000,1,1,2,-1,-1,-1,-1,-1,-1,10591,7923,57139,15181,7247,13890,7964,57425,15257,7283,13959,11139,439409,442077,392861,434819,442753,436110,-1056,0
60000,1,2,2,1,-1,-1,-1,-1,-1,0,1012,22760,17032,6808,8741,1012,22066,5032,1565,8500,5205,60000,58988,37240,42968,53192,51259,12973,1
310000,1,1,3,-1,-1,-1,-1,2,-1,250708,256157,261550,285233,280905,272240,11000,11300,29841,69,9980,9546,59292,53843,48450,24767,29095,37760,1535057,1
20000,2,2,1,-1,-1,-1,-1,-1,-1,10361,19566,8746,3355,7143,1288,10000,1390,3355,7143,1288,0,9639,434,11254,16645,12857,18712,27283,0
60000,2,4,1,-1,-1,-1,-1,-1,-1,53274,54093,53111,50568,47791,45421,2591,2109,1705,2010,2000,1523,6726,5907,6889,9432,12209,14579,292320,0
170000,2,2,2,-1,-1,-1,-1,-1,-2,521,5360,29271,26511,0,0,6439,29271,0,0,0,2730,169479,164640,140729,143489,170000,170000,23223,0
190000,1,2,4,1,-1,-1,-1,-1,-2,0,2329,15951,332,0,0,2329,15990,332,0,0,0,190000,187671,174049,189668,190000,190000,-39,0
230000,1,4,3,2,2,-1,-1,-1,-1,113,0,1100,0,2119,0,0,1100,0,2119,0,2916,229887,230000,228900,230000,227881,230000,-2803,1
80000,1,4,1,-2,-2,-2,-1,-1,-1,1174,0,0,5526,3292,12792,0,0,5526,3292,12807,600,78826,80000,80000,74474,76708,67208,559,0
120000,3,2,4,-1,-1,-1,-1,-1,2,111564,112482,115046,80987,85921,84384,4200,4552,3100,6416,0,3228,8436,7518,4954,39013,34079,35616,568888,0
20000,2,2,2,1,2,2,2,-1,-1,17260,19099,19309,18703,18937,20724,2422,816,0,685,2100,0,2740,901,691,1297,1063,-724,108009,0
140000,2,2,1,-1,-1,-1,-1,-1,-1,37283,24748,21854,21711,25999,902,7023,5080,10000,6000,902,18542,102717,115252,118146,118289,114001,139098,84950,0
50000,2,2,1,-1,-1,-1,-1,-1,-1,49076,48923,49158,19270,18776,19167,2063,1298,700,800,815,237,924,1077,842,30730,31224,30833,198457,0
180000,1,2,2,-1,-1,-1,-1,-1,-1,104335,108156,108874,111568,113817,116422,5500,4000,4500,4200,4500,4500,75665,71844,71126,68432,66183,63578,635972,0
150000,3,2,4,-1,-1,-1,-1,-1,-1,3644,875,2162,0,5085,2887,875,2162,0,5085,2887,0,146356,149125,147838,150000,144915,147113,3644,0
300000,1,4,2,-1,-1,-1,-1,-1,-1,294344,302638,300159,226705,229739,232942,15000,11311,7941,8412,9000,5258,5656,-2638,-159,73295,70261,67058,1529605,0
380000,1,2,3,-1,-1,-1,-1,-2,-1,202,35993,86617,-3450,-3450,3502,37791,86697,0,0,7102,159753,379798,344007,293383,383450,383450,376498,-171929,0
90000,3,4,1,2,-1,-1,-1,-1,-1,92290,90719,39902,39200,38531,32991,4183,1600,1280,1310,1432,1088,-2290,-719,50098,50800,51469,57009,322740,1
10000,2,4,1,1,2,2,2,-1,-1,8925,8637,10277,9736,9704,9725,0,1800,0,500,600,500,1075,1363,-277,264,296,275,53604,0
90000,3,4,1,2,-1,-1,-1,2,-1,63869,65212,66627,70652,69397,70842,2368,2500,5140,0,2600,3000,26131,24788,23373,19348,20603,19158,390991,1
240000,1,1,2,-1,-1,-1,-1,-1,-1,228,23282,48595,37573,26296,15788,23295,49000,37573,26296,7000,46495,239772,216718,191405,202427,213704,224212,-37897,0
180000,3,2,2,-1,-1,-1,-1,-1,-1,396,712,712,712,1424,712,712,712,712,1424,0,5366,179604,179288,179288,179288,178576,179288,-4258,0
140000,1,2,2,-1,-1,-1,-1,-1,-1,101458,99196,78458,76387,76344,67302,3997,3520,2500,2689,2494,2498,38542,40804,61542,63613,63656,72698,481447,0
280000,2,1,2,1,2,2,2,-1,-1,168708,172528,174328,170028,174281,185348,8000,6100,0,7000,14000,7000,111292,107472,105672,109972,105719,94652,1003121,1
120000,1,4,2,-1,-1,-1,-1,-1,-1,711,878,1131,441,441,441,878,1131,441,441,441,455,119289,119122,118869,119559,119559,119559,256,1
550000,2,2,2,-1,-1,-1,-1,-1,-1,546741,535509,548020,530672,155083,165975,22863,167622,14000,4300,158064,28840,3259,14491,1980,19328,394917,384025,2086311,1
170000,2,4,2,-1,-1,-1,-1,-1,2,90727,93345,93812,95613,95972,97230,5000,5000,5000,4400,3000,3600,79273,76655,76188,74387,74028,72770,540699,0
50000,2,2,2,2,2,2,-1,-1,2,2590,4836,4613,5378,5848,5606,2458,0,1000,557,0,2000,47410,45164,45387,44622,44152,44394,22856,0
140000,2,2,2,-1,-1,-1,-1,-1,-1,137692,134899,137477,110865,69217,48018,5202,6405,4819,3091,2477,100002,2308,5101,2523,29135,70783,91982,516172,0
10000,3,2,3,-1,-1,-1,-1,-1,-1,8858,9548,9540,9735,8070,0,1228,1000,195,161,0,0,1142,452,460,265,1930,10000,43167,0
240000,3,2,2,-1,-1,-1,-1,-1,-1,1386,1207,1357,1559,23506,21532,1207,1357,1559,23506,1603,1407,238614,238793,238643,238441,216494,218468,19908,0
30000,2,4,1,2,2,-1,-1,-1,-1,27954,27226,28427,28752,28447,24552,0,2000,1000,1100,1500,1000,2046,2774,1573,1248,1553,5448,158758,0
30000,2,4,1,1,2,2,2,2,2,14149,15171,14635,15318,14930,16562,1543,0,1226,0,1882,0,15851,14829,15365,14682,15070,13438,86114,1
200000,2,4,2,-1,-1,-1,-1,-1,-1,2324,3344,4450,14280,14894,15608,1064,1170,10000,1000,1000,464,197676,196656,195550,185720,185106,184392,40202,0
140000,2,4,2,-1,-1,-1,-1,-1,-1,56426,41717,42823,25224,26855,23783,2000,2000,900,2000,10000,5000,83574,98283,97177,114776,113145,116217,194928,0
200000,3,4,1,1,-2,-2,-1,-1,-1,0,0,0,304,13489,6788,0,0,304,13489,6788,188,200000,200000,200000,199696,186511,193212,-188,0
80000,2,4,2,-1,-1,-1,-1,-1,-1,21054,21776,22790,23411,23882,24356,1365,1379,1000,1000,871,1000,58946,58224,57210,56589,56118,55644,130654,0
100000,3,2,2,-1,-1,-1,-1,-1,-1,46675,46567,46638,46454,46262,47823,1800,2000,1700,1683,3500,1500,53325,53433,53362,53546,53738,52177,268236,1
220000,2,2,1,2,2,2,2,2,-1,215477,216099,210839,216988,213824,39819,5516,0,8275,0,800,223833,4523,3901,9161,3012,6176,180181,874622,0
80000,2,4,1,-1,-1,-1,-1,-1,-1,7536,5024,5589,6094,45342,45877,1200,1100,1000,40000,1700,1700,72464,74976,74411,73906,34658,34123,68762,0
350000,1,4,1,-1,-1,-1,-1,-1,-1,312770,320400,268598,250304,251436,249891,14599,10334,5728,8242,13138,4520,37230,29600,81402,99696,98564,100109,1596838,0
50000,2,4,1,-1,-1,-1,-1,-2,-2,33428,34385,35796,-229,-229,-229,1800,2100,0,0,0,0,16572,15615,14204,50229,50229,50229,99022,1
360000,2,1,2,-1,-1,-1,-1,-1,-1,23690,67560,26649,15830,20025,21404,60284,16079,5024,9032,8035,12073,336310,292440,333351,344170,339975,338596,64631,0
230000,2,2,2,-1,-1,2,-1,-1,-1,9530,12872,3724,153400,14788,21258,7000,0,153400,8000,10000,6000,220470,217128,226276,76600,215212,208742,31172,0
30000,2,1,2,2,2,2,2,2,-1,13888,16652,16087,17317,16900,17465,3000,0,1500,0,1000,3500,16112,13348,13913,12683,13100,12535,89309,1
70000,2,4,1,-1,-1,2,2,2,2,41485,44697,47229,47956,47056,49565,4200,3600,1800,0,3308,2500,28515,25303,22771,22044,22944,20435,262580,0
70000,2,4,1,-1,-1,-1,-1,-1,-1,3082,4370,9353,15282,20400,12915,1500,5353,6282,6342,2055,3257,66918,65630,60647,54718,49600,57085,40613,0
150000,1,2,3,1,-2,-1,-1,-2,-2,0,0,1512,0,0,0,0,1512,0,0,0,0,150000,150000,148488,150000,150000,150000,0,0
360000,1,2,2,-1,-1,-1,-1,2,-1,1195,23944,884,789,244,244,23944,884,300,0,0,856,358805,336056,359116,359211,359756,359756,1316,0
210000,2,2,4,1,-2,-2,-2,-2,-1,-325,-721,-1117,-1513,-1909,59017,0,0,0,0,61982,2200,210325,210721,211117,211513,211909,150983,-10750,0
50000,2,2,1,-1,-1,-1,-1,-1,-2,32312,24213,24278,24750,0,0,1700,2000,1300,0,0,0,17688,25787,25722,25250,50000,50000,100553,0
180000,2,4,3,-1,2,-1,-1,-1,-1,3116,1058,390,1726,390,2240,0,390,1726,390,2240,17488,176884,178942,179610,178274,179610,177760,-13314,0
210000,1,1,3,-1,-1,-1,-1,-1,-1,6223,8143,3712,3091,90817,308,8146,3719,3091,90817,308,3369,203777,201857,206288,206909,119183,209692,2844,0
160000,3,2,4,-1,-1,-1,-1,-1,-1,2475,2475,5175,2475,3975,8175,2475,5175,2475,3975,8175,138,157525,157525,154825,157525,156025,151825,2337,0
50000,3,2,2,2,-1,-1,-1,-1,-1,38527,39609,40352,41183,42221,42935,2000,1700,1500,1700,1568,7400,11473,10391,9648,8817,7779,7065,228959,1
200000,2,2,2,1,-2,-2,-2,-2,-1,0,0,0,0,0,688,0,0,0,0,688,0,200000,200000,200000,200000,200000,199312,0,0
20000,2,4,3,-1,-1,-1,-1,-1,-1,13723,14266,13305,14925,13925,9745,1500,2000,3000,4000,2000,0,6277,5734,6695,5075,6075,10255,67389,0
500000,3,1,4,-1,-1,-1,-1,-1,-1,139117,130301,119701,121296,122477,125279,4500,5000,5000,5000,5000,5000,360883,369699,380299,378704,377523,374721,728671,0
90000,3,2,3,-1,-1,-1,-1,-1,-1,104494,99941,95197,90508,85640,79775,3592,3382,3319,3172,4000,2360,-14494,-9941,-5197,-508,4360,10225,535730,0
70000,1,4,1,-1,-1,2,2,-1,-1,47310,51047,51727,50594,51823,54093,4500,1813,0,2046,3300,900,22690,18953,18273,19406,18177,15907,294035,0
50000,3,2,3,-1,-1,-1,-1,-1,-1,33782,35650,390,390,46310,0,4000,390,390,46310,0,0,16218,14350,49610,49610,3690,50000,65432,1
180000,1,1,2,-1,-1,-1,-1,-1,-1,121915,116093,99267,74324,47642,37957,7416,7038,7000,6000,5000,5000,58085,63907,80733,105676,132358,142043,459744,0
50000,2,2,1,1,3,2,2,-1,-1,41322,40383,42413,41434,45567,61595,0,3000,0,5000,20000,0,8678,9617,7587,8566,4433,-11595,244714,0
230000,2,4,2,-1,-1,-1,-1,-1,-1,232796,233564,235149,166637,165699,163858,9000,9500,6000,6150,6000,10500,-2796,-3564,-5149,63363,64301,66142,1150553,0
70000,2,2,1,1,2,-1,-1,-1,-1,35155,26598,22793,23156,24810,27433,23,1637,1000,2000,3007,3014,34845,43402,47207,46844,45190,42567,149264,0
30000,3,2,2,-1,-1,-1,-1,-1,-1,10178,14491,15504,15812,16143,16606,4491,1257,565,585,730,1000,19822,15509,14496,14188,13857,13394,80106,1
10000,3,3,4,1,2,-1,-1,-1,-1,8210,7936,8792,9117,9305,9504,0,1146,471,483,502,460,1790,2064,1208,883,695,496,49802,0
90000,3,1,2,1,-1,2,2,-1,2,0,800,400,0,950,400,800,0,0,950,0,0,90000,89200,89600,90000,89050,89600,800,0
80000,3,2,3,2,2,3,3,2,3,68152,71459,73690,71908,76294,74788,5000,4000,0,5700,0,0,11848,8541,6310,8092,3706,5212,421591,1
360000,1,2,3,1,-1,2,2,-1,-1,-200,2716,200,0,12140,42424,2916,0,0,12140,42424,19825,360200,357284,359800,360000,347860,317576,-20025,0
150000,1,4,1,-1,2,2,-1,2,-1,766,515,-150,974,269,191,0,85,1124,0,191,591,149234,149485,150150,149026,149731,149809,574,1
200000,1,2,2,1,2,2,-2,-2,-2,25830,780,0,0,0,0,0,0,0,0,0,0,174170,199220,200000,200000,200000,200000,26610,0
300000,3,4,2,-1,-1,-1,-1,-1,-1,35103,43782,44508,67484,500,7391,10000,6000,30000,500,7391,7000,264897,256218,255492,232516,299500,292609,137877,0
500000,1,1,2,-2,-2,-2,-2,-2,-2,0,0,0,0,0,0,0,0,0,0,0,0,500000,500000,500000,500000,500000,500000,0,1
210000,1,2,1,-1,-1,-1,-1,-1,-1,25025,25336,26029,26816,21116,10721,5000,4000,5000,3000,3000,3500,184975,184664,183971,183184,188884,199279,111543,0
80000,2,4,2,-1,-1,-1,-1,-1,-1,17254,811,1533,722,811,337,1000,1533,0,900,337,1000,62746,79189,78467,79278,79189,79663,16698,0
200000,1,2,3,2,-1,-1,-1,-1,-1,188553,192100,126343,125700,126448,81008,8011,5203,4000,5000,3001,3000,11447,7900,73657,74300,73552,118992,811937,0
230000,1,2,2,-1,-1,-1,-1,-1,-1,2212,17402,32450,17285,9766,9981,17402,20013,346,5000,8000,5000,227788,212598,197550,212715,220234,220019,33335,1
60000,1,2,1,-1,-1,-1,3,2,2,51855,53220,59244,57889,59017,56637,2200,7000,0,2013,7577,13,8145,6780,756,2111,983,3363,319059,0
180000,2,2,2,1,2,2,-1,-1,-1,172842,177065,163930,136145,133843,134352,8500,0,7000,5000,8000,5000,7158,2935,16070,43855,46157,45648,884677,1
80000,2,1,1,-1,-1,-1,-1,-1,-1,51751,43280,44234,45276,39808,40598,2000,2000,1668,2000,1453,1664,28249,36720,35766,34724,40192,39402,254162,0
220000,1,2,3,-2,-2,-2,-2,-2,-2,0,0,0,0,0,0,0,0,0,0,0,0,220000,220000,220000,220000,220000,220000,0,0
30000,2,2,1,-1,-1,-1,-1,2,-1,10540,9766,-2643,2596,1123,2390,1081,0,6712,0,2780,0,19460,20234,32643,27404,28877,27610,13199,0
30000,1,4,2,1,-2,-1,-1,-1,-1,0,0,4990,4322,1955,980,0,4990,4322,1955,980,7490,30000,30000,25010,25678,28045,29020,-7490,0
30000,2,2,1,-1,-1,-1,-1,-1,-1,8864,10062,11581,12580,13716,14828,1500,2000,1500,1500,1500,2000,21136,19938,18419,17420,16284,15172,61631,0
150000,2,1,3,-1,-1,-1,-1,-1,-1,54021,55154,56280,57397,58599,60668,2003,2044,2054,2127,3044,3150,95979,94846,93720,92603,91401,89332,327697,0
30000,2,2,3,1,2,-1,-1,-1,-1,23709,23047,24056,24380,24835,25423,0,1698,1022,1000,1000,1000,6291,6953,5944,5620,5165,4577,139730,0
180000,2,2,1,-1,-1,-1,-1,-1,-1,93169,58983,60506,58458,60770,61628,4500,4000,4000,4000,4000,4000,86831,121017,119494,121542,119230,118372,369014,0
30000,1,2,4,2,-1,-1,-1,-1,-1,27033,27772,28740,29313,29019,28916,1480,1448,1021,1040,1216,1270,2967,2228,1260,687,981,1084,163318,0
240000,1,4,1,-1,-1,-1,-1,-1,-1,236772,201463,187916,149293,150614,150911,10000,7000,10040,7000,6000,5000,3228,38537,52084,90707,89386,89089,1031929,0
120000,2,4,2,-1,-1,-1,-1,-1,-1,26307,27361,28878,30428,31818,34293,1483,2000,2000,2000,3000,3000,93693,92639,91122,89572,88182,85707,165602,0
150000,3,2,3,-1,-1,-1,-1,-1,-2,17541,19021,7861,7691,0,0,2000,2000,2000,0,0,0,132459,130979,142139,142309,150000,150000,46114,0
180000,1,2,3,1,-2,-1,-1,-1,-2,0,0,1154,2000,0,0,0,1154,2000,0,0,415,180000,180000,178846,178000,180000,180000,-415,0
50000,2,1,3,-1,-1,-1,-1,-1,-1,44573,60540,15993,16327,16863,17282,2200,2600,600,800,700,700,5427,-10540,34007,33673,33137,32718,163978,0
360000,1,4,1,1,-2,-2,-1,-1,-2,-200,-200,0,3000,0,0,0,200,3000,0,0,0,360200,360200,360000,357000,360000,360000,-600,1
30000,3,6,5,-1,-1,-2,-2,-1,-1,2365,-581,-581,-2054,1473,14510,0,0,0,5000,14510,0,27635,30581,30581,32054,28527,15490,-4378,0
50000,2,1,1,-1,-1,-1,-1,-1,-1,390,918,19583,19593,19364,19893,918,19583,1000,1000,1000,1000,49610,49082,30417,30407,30636,30107,55240,0
30000,2,2,2,-1,3,2,-1,-1,3,1742,1560,780,780,2057,1737,0,0,0,2057,0,0,28258,28440,29220,29220,27943,28263,6599,0
50000,1,4,4,-1,-1,-1,-1,-1,-1,50777,51086,50321,20141,18039,19349,2504,2059,666,1000,2008,1513,-777,-1086,-321,29859,31961,30651,199963,0
90000,2,2,2,-1,-1,-1,-2,-2,-2,46927,40000,0,0,0,0,4000,0,0,0,0,85000,43073,50000,90000,90000,90000,90000,-2073,0
200000,2,4,2,7,6,5,4,3,2,195156,190843,186029,181866,179272,148704,0,0,0,39,85,3054,4844,9157,13971,18134,20728,51296,1078692,1
50000,3,2,4,-1,-1,-1,-1,-1,-1,47479,49344,19596,19194,19201,19199,29456,1300,675,694,704,798,2521,656,30404,30806,30799,30801,140386,0
80000,2,4,3,-1,-1,-1,-1,-1,-1,33918,50878,51787,52422,53608,50312,20000,2400,2000,2100,2500,2000,46082,29122,28213,27578,26392,29688,261925,0
50000,2,4,3,-1,-1,-1,-2,-2,-2,45408,36025,0,0,0,0,2025,0,0,0,0,0,4592,13975,50000,50000,50000,50000,79408,0
200000,2,4,1,-1,-1,-1,-1,-2,-1,964,-36,1000,0,0,43527,0,1036,0,0,54677,872,199036,200036,199000,200000,200000,156473,-11130,0
90000,2,2,2,-1,-1,-1,-1,-1,-1,89309,88544,88888,48534,49874,32078,5000,3500,2000,2100,1000,1000,691,1456,1112,41466,40126,57922,382627,0
240000,1,2,1,-1,-1,-1,-1,-1,-1,199671,193523,187389,181348,174998,168176,7000,7000,7000,6500,6000,6000,40329,46477,52611,58652,65002,71824,1065605,0
90000,1,4,1,-2,-2,-2,-2,-2,-2,1709,2522,3426,3426,2921,2197,2522,3426,3426,2921,2197,3087,88291,87478,86574,86574,87079,87803,-1378,1
10000,1,2,1,2,2,2,2,-2,-1,2724,5520,5275,0,0,150,3000,0,0,0,150,275,7276,4480,4725,10000,10000,9850,10244,0
210000,1,2,2,-1,-1,2,2,-1,-1,2360,4707,4465,0,9306,5855,4465,0,0,9306,5855,9840,207640,205293,205535,210000,200694,204145,-2773,0
140000,2,4,1,-1,-1,-1,-1,-1,-1,12436,14910,13780,13710,488,-1450,3380,1200,2000,500,0,0,127564,125090,126220,126290,139512,141450,46794,0
50000,1,2,1,-1,-1,-1,-1,-1,-1,29719,30754,31939,33102,33918,35197,1815,2000,2000,1500,2000,1500,20281,19246,18061,16898,16082,14803,183814,0
50000,2,2,1,-1,-1,-1,-1,-1,-1,36380,51418,43095,29717,30368,29113,30000,2052,1034,1100,1088,883,13620,-1418,6905,20283,19632,20887,183934,1
230000,3,2,3,-1,-1,-2,-1,-1,-1,1633,8410,5722,10371,9998,1328,8435,5955,10371,0,1332,0,228367,221590,224278,219629,220002,228672,11369,0
150000,2,4,1,-1,-1,-1,-1,-1,-1,4914,6237,3280,11167,15915,16268,6237,3280,11167,10000,686,352,145086,143763,146720,138833,134085,133732,26059,0
240000,2,1,2,-1,-1,-1,-1,-1,-1,10767,144915,142909,143531,144893,144121,140013,5206,5008,6011,5250,5033,229233,95085,97091,96469,95107,95879,564615,0
80000,2,2,1,1,2,2,2,-1,-1,81774,79597,47168,45312,46263,47341,0,3667,0,1680,1848,1863,-1774,403,32832,34688,33737,32659,338397,0
140000,3,4,2,1,-2,-2,-1,-1,-1,0,0,0,4647,250,4654,0,0,4647,5423,4404,0,140000,140000,140000,135353,139750,135346,-4923,0
290000,2,1,4,-1,-1,-1,-1,-1,-1,88713,79214,81301,84033,86513,90056,3459,4000,5000,4000,5000,5000,201287,210786,208699,205967,203487,199944,483371,0
80000,4,1,1,-1,-1,-1,-1,-1,-1,80534,78179,79348,81099,80540,67069,3006,2641,2827,2671,2611,2417,-534,1821,652,-1099,-540,12931,450596,0
400000,2,1,2,-1,-1,-1,-1,-1,-1,372724,394443,398634,210628,203102,85374,28000,14547,8078,6500,5000,3012,27276,5557,1366,189372,196898,314626,1599768,0
20000,3,3,3,-1,-1,-1,-1,-1,-1,20393,19908,20310,15617,219,1205,1425,20310,1020,219,1205,109,-393,92,-310,4383,19781,18795,53364,0
360000,1,2,2,-1,-1,-1,-1,-1,-1,11487,307,400,589,956,1383,307,400,589,956,1383,448,348513,359693,359600,359411,359044,358617,11039,0
260000,2,4,1,-1,-1,-1,-1,-1,-1,16373,15249,15018,15520,3491,5651,5006,5000,5000,3491,3000,2000,243627,244751,244982,244480,256509,254349,47805,1
30000,1,2,1,1,2,2,-1,-1,-1,10056,9815,7576,5746,3900,1944,2000,0,144,128,39,1944,19944,20185,22424,24254,26100,28056,34782,0
130000,2,2,1,-1,-1,-1,-1,-1,-1,131406,125858,118536,34394,66701,58437,5000,3572,3153,69200,2500,10000,-1406,4142,11464,95606,63299,71563,441907,1
490000,1,1,3,-1,-1,-1,-1,-1,-1,95997,98047,100412,102736,105083,107334,3600,4000,4000,4000,4000,4000,394003,391953,389588,387264,384917,382666,586009,0
580000,1,1,3,-1,-1,-1,-1,-1,-1,264482,267508,255409,256321,250358,236608,9431,8842,7663,7814,7794,7887,315518,312492,324591,323679,329642,343392,1481255,0
20000,2,1,2,-1,-1,2,-1,-1,-1,12619,14896,14360,14921,15328,16474,2800,0,800,800,1400,1000,7381,5104,5640,5079,4672,3526,81798,1
180000,1,4,2,-1,-1,-1,-1,-1,-1,64008,3414,3844,5344,4000,10395,3414,1500,1500,0,10395,3600,115992,176586,176156,174656,176000,169605,70596,0
90000,1,4,1,-1,-1,-1,-1,-1,-1,1224,3120,1712,5000,0,4210,3128,1712,5000,0,4210,750,88776,86880,88288,85000,90000,85790,466,0
90000,2,2,1,-1,-1,-1,-1,-1,-1,2908,1051,2422,1051,1051,83573,1052,2422,0,1051,83573,3098,87092,88949,87578,88949,88949,6427,860,0
440000,1,2,4,2,-1,-1,-1,-1,-1,276955,198150,183825,185971,189968,193799,8752,8200,6700,7000,6870,7000,163045,241850,256175,254029,250032,246201,1184146,1
280000,2,2,4,-1,-1,-1,-1,-1,-1,50667,50400,50108,49425,48977,48459,2007,2007,1370,1407,1359,1381,229333,229600,229892,230575,231023,231541,288505,0
230000,1,2,1,-1,-1,-1,-1,-1,-1,121344,121415,25210,21433,18203,13931,6317,5516,2015,2014,2019,5536,108656,108585,204790,208567,211797,216069,298119,0
300000,2,2,2,-1,-1,-1,-1,-1,-1,276536,206885,169901,170540,152188,101485,26531,10017,9123,10259,5079,3816,23464,93115,130099,129460,147812,198515,1012710,0
20000,2,2,3,-1,2,-1,-1,-1,-1,6565,4460,1500,8745,5316,4058,0,1500,8745,0,0,1664,13435,15540,18500,11255,14684,15942,18735,0
80000,2,4,1,-1,-1,-1,-1,-1,-1,27041,27797,5958,11341,5259,4278,5879,1000,11360,486,478,0,52959,52203,74042,68659,74741,75722,62471,0
20000,2,2,1,8,7,6,5,4,3,24348,24025,23391,22757,21834,21200,0,0,0,0,0,0,-4348,-4025,-3391,-2757,-1834,-1200,137555,0
220000,1,2,2,-1,-1,-1,-2,-2,-2,17875,3431,-344,-344,-601,-601,3431,0,0,0,0,0,202125,216569,220344,220344,220601,220601,15985,1
210000,2,2,3,-1,-1,-1,-1,-1,-1,73487,75456,86171,87895,89022,90868,3748,13000,3081,3217,3312,3151,136513,134544,123829,122105,120978,119132,473390,0
130000,3,2,3,2,-1,-1,-1,-1,-1,60273,61839,62370,63429,26779,27521,2536,1857,1681,971,1186,1698,69727,68161,67630,66571,103221,102479,292282,1
400000,1,1,5,-1,-1,-1,-1,-1,-1,258070,77910,61440,44590,12270,0,47000,1500,0,0,0,0,141930,322090,338560,355410,387730,400000,405780,0
120000,1,4,1,-1,-1,-1,-1,-1,-1,9642,12557,3938,1110,9848,3301,12557,3938,1110,9848,3301,0,110358,107443,116062,118890,110152,116699,9642,0
460000,2,2,2,-1,-1,-1,-1,-1,-1,128302,59254,52099,45512,39041,33571,2371,2008,1560,1457,1299,769,331698,400746,407901,414488,420959,426429,348315,0
230000,1,2,3,-1,-1,-1,-1,-1,-1,2915,4203,167,3351,1644,1733,4203,200,3351,1644,1733,4737,227085,225797,229833,226649,228356,228267,-1855,0
210000,2,2,1,-1,-1,-1,-1,-1,-1,187992,193623,187501,167142,170910,174336,8500,8600,6500,6500,6300,7900,22008,16377,22499,42858,39090,35664,1037204,0
30000,2,4,1,-2,-2,-2,-2,-2,-2,318,0,0,0,0,0,0,0,0,0,0,0,29682,30000,30000,30000,30000,30000,318,0
50000,3,2,2,-1,-1,-1,-1,-1,-1,41250,40813,10695,8841,8140,8267,1501,1297,448,449,419,415,8750,9187,39305,41159,41860,41733,113477,0
250000,1,4,1,-1,-1,-1,-1,-1,-1,1181,1545,2319,1856,4356,7026,1545,1000,1500,2500,3000,1379,248819,248455,247681,248144,245644,242974,7359,0
50000,2,4,1,3,3,2,2,2,2,35592,36518,36822,37421,38424,39035,1800,1200,1500,1750,1390,0,14408,13482,13178,12579,11576,10965,216172,1
40000,2,1,2,2,2,2,2,2,2,33152,33623,34773,33917,36704,40404,1300,2000,0,3500,4471,0,6848,6377,5227,6083,3296,-404,201302,1
230000,2,1,2,-1,-1,2,-1,-1,-1,28827,36326,35448,36551,37460,38831,8000,0,2000,1500,2000,1500,201173,193674,194552,193449,192540,191169,198443,0
210000,1,2,2,1,-2,-2,-2,-1,-1,0,0,0,0,700,0,0,0,0,700,0,0,210000,210000,210000,210000,209300,210000,0,1
60000,2,2,2,-1,-1,-1,2,2,2,15145,16618,18475,17919,19167,18750,2000,2100,0,1500,0,1500,44855,43382,41525,42081,40833,41250,98974,1
500000,1,2,3,-1,-1,-1,-1,-1,-1,190730,194336,197284,199489,201484,204017,8501,8001,6701,6321,6401,6379,309270,305664,302716,300511,298516,295983,1145036,0
110000,2,4,1,-1,-1,-1,-1,-1,-1,81449,83241,84960,86045,88060,93394,4000,4000,3400,3400,7000,3450,28551,26759,25040,23955,21940,16606,491899,0
400000,1,1,3,-1,-1,-1,-1,-1,-1,95719,96369,92336,91816,57477,66203,4652,3565,2731,10031,16027,25000,304281,303631,307664,308184,342523,333797,437914,0
280000,1,1,4,-1,-1,-1,-1,-1,-1,1323,445,393,294,223,13635,445,393,294,223,13635,16192,278677,279555,279607,279706,279777,266365,-14869,0
60000,2,1,2,-1,-1,-1,-1,-1,-1,22226,18597,13801,8038,7340,-153,1292,2245,161,7340,0,20341,37774,41403,46199,51962,52660,60153,38470,0
100000,3,1,3,-1,-1,-1,-1,-2,-2,3933,2162,856,-1267,-363,-2389,1000,1000,0,5100,0,0,96067,97838,99144,101267,100363,102389,-4168,0
230000,2,4,3,-1,-1,-1,-1,-1,-1,64489,58611,54463,53008,52835,40015,3100,5000,5000,10000,3000,5000,165511,171389,175537,176992,177165,189985,292321,0
80000,3,4,1,1,-2,-1,-1,-1,-1,0,0,2455,2500,1307,1550,0,2455,2500,1307,1550,896,80000,80000,77545,77500,78693,78450,-896,0
110000,2,2,3,-1,-1,-1,-1,-1,-1,45021,45782,46187,47105,45253,46144,2100,1800,1638,1490,1957,2000,64979,64218,63813,62895,64747,63856,264507,0
390000,1,1,3,-1,-1,-1,-1,-1,-1,9361,-25,18401,13200,6385,7088,0,18426,34,31,7088,0,380639,390025,371599,376800,383615,382912,28831,0
150000,2,4,2,1,2,2,-1,-1,2,21019,19890,19271,19037,20448,19345,1602,0,1000,1709,0,1000,128981,130110,130729,130963,129552,130655,113699,0
180000,2,2,1,1,2,2,-2,-1,2,5265,5002,0,0,1378,978,0,0,0,1704,0,2690,174735,174998,180000,180000,178622,179022,8229,1
500000,1,2,2,1,-1,-1,-1,-1,-1,-218,466,1267,155951,159749,167416,1000,1267,155000,6000,10000,8000,500218,499534,498733,344049,340251,332584,303364,0
50000,3,1,2,2,3,2,2,2,2,39589,40160,40796,41526,42209,44960,1500,1600,1700,1500,3600,0,10411,9840,9204,8474,7791,5040,239340,1
20000,3,4,3,-1,-1,2,-1,-1,-1,8503,11352,10198,10400,1150,0,3008,0,600,1150,0,0,11497,8648,9802,9600,18850,20000,36845,0
130000,2,4,1,1,-2,-1,-1,-1,-1,-10,-10,3362,-3,998,937,0,3372,0,1001,939,1013,130010,130010,126638,130003,129002,129063,-1051,0
110000,3,2,1,-1,-1,-1,-1,-1,-1,61152,60833,61245,47316,47175,47141,2326,3000,1807,1698,1911,1808,48848,49167,48755,62684,62825,62859,312312,0
200000,2,1,1,-1,-1,-1,2,2,2,45982,46328,47534,48367,49366,47539,2078,3900,1900,1904,12,5224,154018,153672,152466,151633,150634,152461,270098,0
50000,2,2,3,-1,-1,-1,-1,-1,-1,48991,43412,33995,29759,29766,29665,2000,1500,1050,1100,1100,1200,1009,6588,16005,20241,20234,20335,207638,0
130000,1,2,1,-1,-1,-1,-1,-1,-1,126974,122107,108542,89356,91024,89779,5988,4560,3300,3509,3500,3415,3026,7893,21458,40644,38976,40221,603510,0
260000,2,2,1,-1,-1,2,-1,-1,-1,149814,184419,163036,159348,160198,104389,107000,0,5000,5000,6000,60000,110186,75581,96964,100652,99802,155611,738204,0
180000,2,1,2,-1,-1,-1,-1,-1,-1,220,4680,0,7500,4100,0,4686,0,7500,4100,0,4500,179780,175320,180000,172500,175900,180000,-4286,0
330000,1,2,1,-1,-1,-1,-1,-1,-1,730,213,2368,3368,1377,0,213,2368,1000,190,0,0,329270,329787,327632,326632,328623,330000,4285,0
80000,2,4,1,1,2,2,2,2,2,54033,52595,56709,55201,69270,70582,0,5000,0,15000,2600,0,25967,27405,23291,24799,10730,9418,335790,0
320000,1,2,2,-1,2,-1,-1,-2,-2,752,169,1940,0,0,0,0,1948,0,0,0,0,319248,319831,318060,320000,320000,320000,913,1
20000,2,2,2,-1,-1,-1,-1,-1,-1,10462,3327,19305,17748,8269,1074,10287,19305,355,0,1074,0,9538,16673,695,2252,11731,18926,29164,0
50000,3,4,3,2,2,7,7,7,7,2400,2400,2400,2400,2400,2400,0,0,0,0,0,0,47600,47600,47600,47600,47600,47600,14400,1
210000,3,2,3,-1,-1,-1,-1,-1,-1,201169,210942,214523,138786,140918,144099,16286,10011,5000,6000,6000,6000,8831,-942,-4523,71214,69082,65901,1001140,0
420000,2,2,2,2,2,-1,-1,2,-1,239293,90568,88997,93971,92203,93059,0,3500,6600,0,4000,3000,180707,329432,331003,326029,327797,326941,680991,1
210000,2,4,2,-2,-2,-2,-2,-2,-2,2593,0,0,0,1849,12837,0,0,0,1849,12837,4201,207407,210000,210000,210000,208151,197163,-1608,0
160000,2,2,3,-1,-1,-1,-1,-1,-1,35815,38023,40180,41318,42605,43857,3000,3000,2000,2000,2000,2000,124185,121977,119820,118682,117395,116143,227798,0
20000,1,4,1,-1,-1,-1,-1,-1,-1,17776,18886,19551,18964,19676,20116,1700,1300,662,1000,747,602,2224,1114,449,1036,324,-116,108958,0
360000,1,2,2,-1,-1,-1,-1,-2,-1,2010,2936,640,0,0,4750,2936,640,0,0,4750,1470,357990,357064,359360,360000,360000,355250,540,0
30000,2,3,4,2,-1,-1,-1,-1,-1,11479,12981,14450,14903,16500,18715,2000,2000,693,2000,2500,668,18521,17019,15550,15097,13500,11285,79167,1
50000,2,2,1,1,-1,-1,-1,-1,-1,-697,48266,47194,48224,49416,50126,49900,1800,1700,1857,2474,469,50697,1734,2806,1776,584,-126,184329,0
30000,2,1,2,1,-1,-1,-1,-1,-2,0,2281,3666,2713,0,0,2281,3666,2713,0,0,0,30000,27719,26334,27287,30000,30000,0,1
30000,2,4,1,-1,-1,-1,-1,-1,-1,28008,29549,30298,30046,29880,27039,2000,2000,900,1000,2000,0,1992,451,-298,-46,120,2961,166920,0
280000,2,4,1,-1,-1,-1,-1,-1,-1,1006,1853,2657,1416,2706,1229,1855,1422,7,2719,1235,3831,278994,278147,277343,278584,277294,278771,-202,0
30000,3,4,1,2,-1,-1,2,2,-1,30279,30428,30485,31012,30402,30195,1500,2700,1300,0,1117,1353,-279,-428,-485,-1012,-402,-195,174831,1
20000,2,2,2,-1,-1,-1,-1,-1,2,12518,12889,9638,8878,6474,2771,1300,1000,1000,500,0,0,7482,7111,10362,11122,13526,17229,49368,0
300000,1,2,4,-1,-1,-1,-1,-1,-1,108639,85818,90069,85008,83983,50257,4107,7346,65000,2500,2022,1800,191361,214182,209931,214992,216017,249743,420999,0
180000,1,4,2,-1,3,2,-1,-1,2,1880,1702,1196,870,3028,2508,0,0,0,3028,0,326,178120,178298,178804,179130,176972,177492,7830,0
20000,2,2,1,4,3,2,2,2,2,16549,16002,16047,15492,16739,16320,0,600,0,1500,0,2000,3451,3998,3953,4508,3261,3680,93049,1
80000,3,2,2,-1,-1,-1,-2,-1,-1,4948,3804,0,0,1715,0,1000,0,0,1715,0,0,75052,76196,80000,80000,78285,80000,7752,0
20000,2,2,3,-1,-1,-1,-1,-1,-1,19553,18092,18175,19000,20000,0,1417,2000,3005,2000,0,0,447,1908,1825,1000,0,20000,86398,0
60000,1,2,1,-1,-1,-1,-1,-1,-1,31462,31499,16773,11568,9727,3832,6037,5084,6000,4000,3832,3065,28538,28501,43227,48432,50273,56168,76843,0
20000,2,2,1,-1,-1,2,2,2,-1,18743,19879,18872,21178,20329,20853,3000,0,3000,0,1000,400,1257,121,1128,-1178,-329,-853,112454,0
30000,3,2,5,1,2,-1,-1,-1,-1,30734,28092,29112,29555,28536,29252,0,1800,1200,1083,1200,1250,-734,1908,888,445,1464,748,168748,0
50000,1,2,2,1,2,2,-1,-1,2,26957,28230,27483,27728,29681,29053,2000,0,1000,2400,0,2400,23043,21770,22517,22272,20319,20947,161332,1
80000,1,1,3,-1,-1,-1,-1,-1,-1,49735,25144,7905,7905,20616,7727,25144,8000,0,20616,7727,6191,30265,54856,72095,72095,59384,72273,51354,0
170000,2,4,1,-1,-1,2,-1,-1,-1,1166,4144,3889,4889,4139,430,3000,0,1000,0,1000,17342,168834,165856,166111,165111,165861,169570,-3685,1
160000,1,1,2,-1,-1,-1,-1,-1,-1,816,316,316,316,316,316,316,316,316,316,316,316,159184,159684,159684,159684,159684,159684,500,1
130000,1,2,1,1,2,2,2,-2,-1,60024,58104,54976,-3518,-1285,1601,4000,0,1580,1580,3202,0,69976,71896,75024,133518,131285,128399,159540,0
30000,2,2,2,2,2,2,2,-1,-1,31746,32743,32931,30727,29679,30088,1800,1100,0,1000,2327,0,-1746,-2743,-2931,-727,321,-88,181687,1
100000,1,4,2,1,-1,-1,-2,-2,-2,0,780,0,0,0,0,780,0,0,7600,0,0,100000,99220,100000,100000,100000,100000,-7600,0
120000,2,4,1,3,3,2,2,2,2,87057,84821,85194,76326,75122,75011,0,2700,2500,3200,2500,0,32943,35179,34806,43674,44878,44989,472631,1
150000,1,2,3,-1,-1,-2,-1,-1,-1,850,0,0,31106,0,1505,0,0,31106,0,1505,997,149150,150000,150000,118894,150000,148495,-147,1
100000,3,2,1,1,2,-1,-1,-1,-1,56341,54869,67965,73871,79707,85433,0,14130,7065,7065,7065,0,43659,45131,32035,26129,20293,14567,382861,1
30000,2,2,1,2,-1,-1,-1,2,2,25851,26912,27535,29175,28625,30383,1779,1402,2042,0,2192,0,4149,3088,2465,825,1375,-383,161066,1
160000,2,4,3,-2,-2,-2,-2,-2,-2,2057,2147,1945,1934,2045,1938,2147,1945,1934,2056,1938,2544,157943,157853,158055,158066,157955,158062,-498,0
120000,3,2,3,-2,-2,-2,-2,-2,-2,2468,7869,506,2097,758,2005,7890,506,2097,758,2005,360,117532,112131,119494,117903,119242,117995,2087,0
160000,1,4,3,-1,-1,-1,-2,-2,-2,67925,69771,73233,72328,74234,75500,3509,5824,0,2204,2000,0,92075,90229,86767,87672,85766,84500,419454,0
340000,1,2,2,1,-1,-1,-1,-2,-1,-8,1722,1684,-15,-15,3016,1730,1692,0,0,3031,0,340008,338278,338316,340015,340015,336984,-69,1
240000,3,1,4,-1,-1,-1,-1,-1,-1,25631,27047,26654,28065,29503,32042,2500,2000,2000,2000,3000,2000,214369,212953,213346,211935,210497,207958,155442,0
30000,3,2,3,1,2,-1,-1,-1,-1,30607,29849,30653,28410,29068,30383,10,2000,2000,2000,2000,3000,-607,151,-653,1590,932,-383,167960,0
50000,2,1,4,-1,-1,-1,2,-1,-1,47872,48802,50214,19321,19867,20384,2000,2456,0,1000,1000,1000,2128,1198,-214,30679,30133,29616,199004,0
200000,2,2,1,1,-2,-2,-1,-1,-1,0,0,0,1517,48669,49635,0,0,1517,48000,1775,1992,200000,200000,200000,198483,151331,150365,46537,1
80000,2,4,3,-1,-1,-1,-1,-1,-1,17047,11885,8254,5144,15365,2250,1435,1350,5144,15365,2250,2690,62953,68115,71746,74856,64635,77750,31711,0
50000,2,4,3,2,2,2,2,2,2,5025,4805,46295,46885,47535,45994,0,42000,1600,1500,2000,2000,44975,45195,3705,3115,2465,4006,147439,1
130000,2,2,1,-1,-1,-1,-1,-1,-1,18157,16520,15709,13209,14166,14025,2000,1010,1003,2040,2000,1000,111843,113480,114291,116791,115834,115975,82733,0
290000,1,1,4,1,-2,-2,-2,-2,-2,0,0,0,0,0,0,0,0,0,0,0,0,290000,290000,290000,290000,290000,290000,0,1
30000,3,2,3,-1,-1,-1,-1,-1,-1,27631,29179,30146,26371,27567,30114,2000,1500,933,2000,3000,1000,2369,821,-146,3629,2433,-114,160575,1
340000,3,1,3,-1,-1,-1,-1,-1,-1,77181,59873,60396,63720,65211,60053,5305,3000,5000,3000,5000,6000,262819,280127,279604,276280,274789,279947,359129,0
180000,1,4,1,-1,-1,-1,-1,-1,-1,651,1883,651,2688,1000,2253,1883,651,2688,20,2253,9816,179349,178117,179349,177312,179000,177747,-8185,0
60000,1,4,1,-1,-1,2,-1,-1,-1,59423,63347,61183,29052,29087,27296,5500,146,1500,1200,1500,1500,577,-3347,-1183,30948,30913,32704,258042,0
390000,1,4,1,-1,-1,-1,-1,-1,-1,83514,79730,64171,58767,54224,51667,4013,4000,2100,2000,3000,1200,306486,310270,325829,331233,335776,338333,375760,0
460000,1,1,2,-1,-1,-1,-1,-1,-1,384919,393029,394483,338220,347753,356161,15045,16017,13000,15000,15025,7002,75081,66971,65517,121780,112247,103839,2133476,0
500000,1,1,4,-1,-1,-1,-1,-1,-1,396402,395484,333041,294173,300616,266973,14034,15040,12018,15028,10038,10018,103598,104516,166959,205827,199384,233027,1910513,0
30000,2,2,3,-1,2,2,2,2,2,8347,9560,9258,11096,11165,10837,1500,0,2000,392,0,2000,21653,20440,20742,18904,18835,19163,54371,0
80000,2,4,1,1,2,2,2,2,2,28789,31026,31401,31986,32468,31794,2998,1183,1400,1139,0,1178,51211,48974,48599,48014,47532,48206,179566,0
250000,2,2,3,-1,-1,-1,-1,-2,-2,37137,51803,4997,0,0,0,51811,9544,0,0,0,0,212863,198197,245003,250000,250000,250000,32582,0
280000,1,4,1,-1,-1,-1,-1,-1,-1,146130,120750,105492,104061,105202,107143,5042,4000,4000,4000,4368,4000,133870,159250,174508,175939,174798,172857,663368,0
30000,2,4,1,2,2,2,2,2,2,25615,29849,31034,28071,29978,29365,5000,2000,0,2500,0,600,4385,151,-1034,1929,22,635,163812,1
30000,1,2,1,2,-1,-1,-1,-1,-1,22329,23665,47968,24784,25784,2901,2000,1400,2000,1000,1000,1000,7671,6335,-17968,5216,4216,27099,139031,1
20000,2,2,1,1,3,2,2,2,2,19443,18851,19248,18648,20040,19464,0,1000,0,2000,0,817,557,1149,752,1352,-40,536,111877,1
380000,3,2,4,-2,-2,-2,-2,-2,-2,0,1349,5947,16735,6444,0,1349,5957,16735,6444,0,7699,380000,378651,374053,363265,373556,380000,-7709,1
100000,3,2,1,4,3,2,-1,-1,-1,175441,153992,132132,114431,116766,95961,0,0,0,2335,102075,0,-75441,-53992,-32132,-14431,-16766,4039,684313,1
180000,2,2,2,-1,-1,-1,-1,-1,-1,1071,1671,1981,4241,4542,5261,1671,1981,4241,4542,5261,4731,178929,178329,178019,175759,175458,174739,-3660,1
80000,1,4,1,-1,-1,-1,-1,-1,-1,3409,4489,5345,5454,5598,178,1144,1000,109,144,0,0,76591,75511,74655,74546,74402,79822,22076,0
220000,1,2,2,-1,-1,-1,-1,-1,-1,163148,158197,158956,157953,157098,157099,5725,5971,5846,5887,5802,5895,56852,61803,61044,62047,62902,62901,917325,0
170000,2,4,1,-1,-1,-1,-1,-1,-1,141476,143850,134502,122186,122506,117121,5113,4514,4376,4432,4142,3455,28524,26150,35498,47814,47494,52879,755609,0
140000,1,4,1,2,2,2,2,2,2,97905,100152,100772,101562,103214,88085,4700,3200,3500,3193,0,2304,42095,39848,39228,38438,36786,51915,574793,1
20000,1,2,1,2,2,3,2,2,2,10512,12044,11562,11080,11700,12357,2000,0,0,800,1000,500,9488,7956,8438,8920,8300,7643,64955,1
100000,3,2,2,-1,-1,-1,-1,-1,-1,62427,63922,65864,66578,69503,72346,2500,3000,2400,4000,4000,4000,37573,36078,34136,33422,30497,27654,380740,0
50000,3,2,3,-1,-1,-1,-1,-1,-1,32516,32774,33597,29105,26154,27699,1870,1693,1106,1473,3000,2507,17484,17226,16403,20895,23846,22301,170196,0
300000,2,4,2,-1,-1,-1,-1,2,-1,2186,0,290,707,161,7705,0,290,1209,0,7705,3798,297814,300000,299710,299293,299839,292295,-1953,0
30000,3,4,1,-1,-1,-1,-1,2,2,26769,27138,28122,29139,28534,30360,1500,1447,3000,0,2300,0,3231,2862,1878,861,1466,-360,161815,0
50000,3,1,4,-1,-1,-1,-1,-1,-1,49696,50893,50532,19632,18573,17212,2000,2000,1000,763,626,3639,304,-893,-532,30368,31427,32788,196510,0
160000,2,2,2,-1,-1,-1,-1,-1,-1,3090,52125,26325,29638,35474,38190,52165,5000,7000,8000,5000,1200,156910,107875,133675,130362,124526,121810,106477,0
80000,2,2,1,-1,-1,-1,-1,2,-1,45920,47186,46882,49170,48269,49121,5013,5000,4000,0,2002,1692,34080,32814,33118,30830,31731,30879,268841,0
140000,2,2,1,-1,-1,-1,-1,-1,-1,132070,134766,106450,106422,104337,106886,6000,4000,4000,4000,4300,3600,7930,5234,33550,33578,35663,33114,665031,0
20000,2,2,1,1,2,-1,-1,-1,-1,19403,18541,19254,19456,19323,19265,0,1298,1000,692,766,998,597,1459,746,544,677,735,110488,1
50000,3,1,4,-1,-1,-1,-1,-1,-1,17453,7802,22214,4985,6551,7117,8338,22232,4985,6551,5000,5000,32547,42198,27786,45015,43449,42883,14016,0
200000,1,4,2,1,-2,-2,-1,2,2,0,0,0,347,197,2917,0,0,347,0,2720,0,200000,200000,200000,199653,199803,197083,394,1
80000,2,2,1,-2,-2,-2,-2,-2,-2,780,0,390,390,390,540,0,390,390,390,540,390,79220,80000,79610,79610,79610,79460,390,1
80000,2,4,1,1,2,2,-1,-1,-1,81635,83465,81472,82332,84067,78510,3716,0,2989,3105,2973,2830,-1635,-3465,-1472,-2332,-4067,1490,475868,0
210000,1,4,2,-1,-1,-1,-1,-2,-2,6000,0,2880,0,0,0,0,2880,0,0,0,0,204000,210000,207120,210000,210000,210000,6000,0
260000,2,1,1,-1,-1,-1,-1,-1,-1,26303,9408,5082,7732,1379,-8,5030,2025,7770,1385,0,1775,233697,250592,254918,252268,258621,260008,31911,0
200000,2,1,3,1,-1,-1,-1,-1,-1,0,552,2523,2327,2308,0,552,2531,2327,2308,0,0,200000,199448,197477,197673,197692,200000,-8,1
110000,2,2,2,2,2,2,2,2,-1,110327,112130,108533,112475,108976,108385,5332,0,7800,0,4428,3863,-327,-2130,1467,-2475,1024,1615,639403,1
10000,2,2,1,-1,-1,-1,-1,2,2,5857,6722,8305,9405,9100,13392,1117,1700,1230,0,761,0,4143,3278,1695,595,900,-3392,47973,0
200000,1,2,2,-1,-1,2,-1,-1,2,91936,94698,77034,64886,71957,66658,7500,0,1500,10000,2000,0,108064,105302,122966,135114,128043,133342,446169,0
300000,1,2,2,-1,-1,-1,-1,-1,-1,360,360,360,360,980,360,360,360,360,980,360,3420,299640,299640,299640,299640,299020,299640,-3060,1
360000,1,2,2,-1,-1,-1,-1,-2,-2,7001,1224,394,-6,-6,2199,1224,394,6,0,2205,401,352999,358776,359606,360006,360006,357801,6576,0
290000,2,2,2,-1,-1,-1,-1,-1,-1,78200,79726,80890,81615,75661,77012,3700,3600,3000,3000,3000,3000,211800,210274,209110,208385,214339,212988,453804,0
30000,3,1,1,1,2,-1,-1,-1,-1,30814,29551,24034,21155,18413,0,0,1500,1150,900,0,0,-814,449,5966,8845,11587,30000,120417,1
300000,1,1,3,-2,-2,-2,-2,-1,-1,0,225,4019,4509,7155,5778,225,4019,3860,5000,5778,23978,300000,299775,295981,295491,292845,294222,-21174,0
300000,1,4,1,-1,-1,-1,-1,-1,-1,986,2939,27754,10534,1954,2140,2964,27968,10597,1954,2140,390,299014,297061,272246,289466,298046,297860,294,0
210000,3,4,3,-2,-2,-1,-1,-2,-2,316,312,2368,316,316,316,312,2376,316,316,316,8611,209684,209688,207632,209684,209684,209684,-8303,0
50000,3,1,2,-1,-1,-1,-1,-1,-1,74969,76012,77330,70579,63751,56977,2846,2671,2396,2177,2146,2055,-24969,-26012,-27330,-20579,-13751,-6977,405327,1
340000,1,4,1,-1,-1,-1,-1,-1,-1,337871,311076,156674,129651,126192,94722,11208,5000,23809,4136,3600,3169,2129,28924,183326,210349,213808,245278,1105264,0
330000,1,1,2,-1,-1,-1,-1,-1,-1,138009,141253,130567,128257,116988,105961,7015,7000,10007,6500,6600,9000,191991,188747,199433,201743,213012,224039,714913,1
220000,1,4,1,-1,-1,-1,-1,-1,-1,44109,32978,30415,28038,25669,16003,5000,13500,14000,13500,13500,15550,175891,187022,189585,191962,194331,203997,102162,0
100000,2,4,2,-1,-1,-1,-1,-2,-2,23939,23572,24148,0,0,0,1500,1011,0,0,0,0,76061,76428,75852,100000,100000,100000,69148,0
260000,1,2,2,-1,-1,-1,-1,-1,-1,399,399,399,399,399,399,399,399,399,399,399,399,259601,259601,259601,259601,259601,259601,0,1
180000,2,2,2,-1,-1,-1,-1,-1,-1,440,30404,0,880,150,430,30404,0,880,150,430,747,179560,149596,180000,179120,179850,179570,-307,0
200000,2,1,3,-1,-1,2,-1,-1,-1,780,390,1170,780,0,390,390,780,0,0,390,780,199220,199610,198830,199220,200000,199610,1170,0
110000,3,4,3,-1,-1,-1,-1,-1,-1,90599,60949,62235,63499,64877,66230,2213,2300,2300,2400,2431,8700,19401,49051,47765,46501,45123,43770,388045,1
20000,2,2,3,-1,-1,-1,2,-1,-1,7186,9063,10909,10440,10803,11330,2000,2000,0,680,1000,0,12814,10937,9091,9560,9197,8670,54051,1
60000,1,2,1,-1,-1,-1,-1,-1,-1,13123,14403,16150,17870,19571,21235,1500,2000,2000,2000,2000,1000,46877,45597,43850,42130,40429,38765,91852,0
30000,3,1,1,2,2,2,2,2,4,23848,23873,24182,26022,27462,27531,700,1000,2550,2013,1108,0,6152,6127,5818,3978,2538,2469,145547,1
30000,1,4,1,2,2,2,-1,-1,-1,31202,32801,30092,30148,30222,28949,2415,0,1045,915,1063,409,-1202,-2801,-92,-148,-222,1051,177567,1
420000,1,2,2,-1,-1,-1,-1,-1,-1,38386,316,9894,13811,12141,11820,316,9894,13811,12141,11820,38800,381614,419684,410106,406189,407859,408180,-414,1
340000,1,1,2,-1,-1,-1,-1,2,-1,332,332,332,142202,139245,116431,332,332,142402,6,20032,3022,339668,339668,339668,197798,200755,223569,232748,1
270000,2,1,2,1,-2,-2,-2,-2,-2,0,0,0,0,0,0,0,0,0,0,0,0,270000,270000,270000,270000,270000,270000,0,0
360000,4,4,2,-2,-2,-1,-1,-1,-1,15019,1221,6909,5954,4160,1726,2074,7039,10,1,4,45197,344981,358779,353091,354046,355840,358274,-19336,0
230000,1,4,1,-1,-1,-1,-1,-1,-1,736,645,855,0,590,0,645,855,0,590,0,299,229264,229355,229145,230000,229410,230000,437,0
50000,2,2,2,-1,-1,-1,-1,-1,-1,47327,48765,49149,44073,40260,30222,2200,1518,1414,1432,1300,1102,2673,1235,851,5927,9740,19778,250830,0
230000,1,4,1,-2,-2,-2,-2,-2,-2,-5,2148,2932,354,200,0,2153,2932,354,200,0,0,230005,227852,227068,229646,229800,230000,-10,0
200000,1,2,2,-2,-2,-2,-2,-2,-2,-3,687,2740,2044,1614,2066,690,2753,2054,1622,2076,578,200003,199313,197260,197956,198386,197934,-625,0
100000,2,4,1,-1,-1,-1,-1,-1,-1,101887,102069,100657,101565,101116,101764,4902,4507,3936,3982,4135,3676,-1887,-2069,-657,-1565,-1116,-1764,583920,0
150000,2,2,3,-1,-1,-1,-1,-1,-1,153404,144960,148146,142279,139905,142833,6900,7200,5450,5265,5443,5350,-3404,5040,1854,7721,10095,7167,835919,0
50000,3,2,1,-1,-1,-1,-1,-1,-1,46709,12889,50199,74405,38772,39438,1690,38000,1500,4000,2000,1500,3291,37111,-199,-24405,11228,10562,213722,0
60000,2,2,1,-1,-1,-1,-1,-1,-1,34081,23215,30340,28368,28962,26589,2000,8565,969,1004,1000,900,25919,36785,29660,31632,31038,33411,157117,0
70000,2,4,2,-1,-1,-1,2,-1,-1,10149,11454,9638,8761,8572,9274,2000,2000,0,1000,1000,4000,59851,58546,60362,61239,61428,60726,47848,0
20000,2,2,1,-1,-1,-1,-1,-1,-1,5044,3700,13181,12596,11699,2154,1011,13181,5,1033,1781,305,14956,16300,6819,7404,8301,17846,31058,0
50000,2,4,1,-1,-1,-1,-1,-1,-1,24408,25169,13368,14142,14911,15660,1300,1500,1000,1000,1000,1000,25592,24831,36632,35858,35089,34340,100858,0
500000,1,2,2,2,2,-1,-1,-2,-1,1569,1379,1800,0,0,4012,0,1800,0,0,4012,0,498431,498621,498200,500000,500000,495988,2948,0
390000,3,1,3,1,-2,-2,-2,-2,-2,0,0,0,0,0,5112,0,0,0,0,5112,0,390000,390000,390000,390000,390000,384888,0,0
90000,1,4,1,-2,-2,-2,-2,-2,-2,0,0,0,0,0,0,0,0,0,0,0,0,90000,90000,90000,90000,90000,90000,0,0
10000,2,2,1,-1,-1,-1,-1,-1,-2,5748,3203,2162,2150,-440,0,1189,1025,3028,0,1000,0,4252,6797,7838,7850,10440,10000,6581,0
30000,2,2,1,-1,-1,-1,-1,-1,-2,390,390,780,780,0,0,390,780,0,0,0,0,29610,29610,29220,29220,30000,30000,1170,1
240000,3,1,2,1,-2,-2,-1,-1,-2,-2,-2,-2,968,-2,-2,0,0,970,0,0,0,240002,240002,240002,239032,240002,240002,-12,1
180000,1,4,1,-1,-1,-1,-1,-1,-1,36567,26613,26941,27705,21955,0,1682,1400,1554,0,0,0,143433,153387,153059,152295,158045,180000,135145,0
70000,2,4,1,-1,-1,-1,-1,-1,-1,22658,31647,24487,25125,26651,26125,9397,1487,1039,2073,1045,1231,47342,38353,45513,44875,43349,43875,140421,0
50000,2,2,1,-1,-1,-1,-1,-1,-1,1530,750,1140,1530,750,1140,750,1140,1530,750,1140,1530,48470,49250,48860,48470,49250,48860,0,0
20000,3,1,3,-1,-1,-1,-1,-1,-1,11325,12654,13659,13635,13922,14689,1519,1524,500,507,1000,500,8675,7346,6341,6365,6078,5311,74334,0
260000,2,2,2,-1,-1,-1,-1,-1,-1,200593,206178,208601,213025,214931,219001,8500,7000,7508,7500,7595,7000,59407,53822,51399,46975,45069,40999,1217226,1
160000,2,1,1,-2,-2,-2,-2,-2,-2,0,0,0,0,0,0,0,0,0,0,0,0,160000,160000,160000,160000,160000,160000,0,1
250000,1,2,3,-1,-1,-2,-2,-2,-2,25298,0,0,0,0,0,0,0,0,0,0,0,224702,250000,250000,250000,250000,250000,25298,0
20000,1,1,3,-1,-1,-1,-1,-2,-2,1044,0,5596,0,0,0,0,5596,0,0,0,0,18956,20000,14404,20000,20000,20000,1044,0
210000,3,1,2,-1,-1,-1,-1,-1,-1,2359,1519,1939,1939,1939,1520,1519,1939,1939,1939,1520,2358,207641,208481,208061,208061,208061,208480,1,0
100000,1,2,2,2,-1,-1,2,2,2,47253,49489,53034,53568,54563,56013,3000,5000,2000,2000,2500,2300,52747,50511,46966,46432,45437,43987,297120,1
100000,1,2,1,-1,-1,-1,-1,-1,-1,72970,100360,91329,76840,77455,79472,30000,4094,2900,2850,3300,3123,27030,-360,8671,23160,22545,20528,452159,0
230000,2,2,2,-2,-2,-2,-2,-2,-2,2329,1894,2528,1865,1496,1873,1894,2532,1865,1496,1873,0,227671,228106,227472,228135,228504,228127,2325,0
20000,2,2,1,-1,-1,-1,-1,-1,-1,13896,12906,13983,10983,5400,0,2000,2500,2000,0,0,0,6104,7094,6017,9017,14600,20000,50668,1
40000,1,2,1,-1,-1,-1,-1,-1,-1,30096,30819,13816,10291,7441,7435,1300,2013,319,415,266,277,9904,9181,26184,29709,32559,32565,95308,1
100000,3,1,4,-1,-1,-1,-1,-1,-1,54530,37295,96251,36221,36424,37791,55000,100044,2000,2000,2000,3000,45470,62705,3749,63779,63576,62209,134468,0
20000,3,2,1,-1,-1,-1,-1,-1,-1,16514,17547,18541,19250,19805,20356,1306,1300,1000,1000,1258,590,3486,2453,1459,750,195,-356,105559,0
140000,2,2,2,-1,-1,-1,-1,-1,-1,31367,29652,30178,20989,17125,14739,1614,10018,2009,1003,1017,1012,108633,110348,109822,119011,122875,125261,127377,0
50000,3,2,1,2,2,2,-1,-1,-1,44470,51192,48506,18524,19239,19283,7800,173,1000,1000,1000,1000,5530,-1192,1494,31476,30761,30717,189241,0
30000,2,4,1,-1,-1,-1,-1,-1,-1,17341,-1030,29718,27417,28489,28427,485,31509,1500,1502,1500,3000,12659,31030,282,2583,1511,1573,90866,0
80000,2,2,1,-1,-1,-1,-2,-2,-2,15268,5135,0,0,0,0,1315,0,0,0,0,0,64732,74865,80000,80000,80000,80000,19088,0
20000,3,2,2,-1,-1,-1,-1,-1,-1,15654,16425,17265,16647,12213,10998,1330,1170,500,420,397,221,4346,3575,2735,3353,7787,9002,85164,1
210000,1,4,1,-1,-1,-1,-1,-1,-1,9899,6000,4100,0,10790,7373,1008,1000,0,10790,7373,0,200101,204000,205900,210000,199210,202627,17991,0
220000,1,6,2,-1,-1,-1,-1,-1,-1,3378,1531,942,608,1738,277,1531,942,608,1738,277,492,216622,218469,219058,219392,218262,219723,2886,0
150000,1,2,2,-1,-1,-1,-1,-1,-1,40046,47317,48849,35920,37433,10791,7995,5849,1196,2000,1000,1000,109954,102683,101151,114080,112567,139209,201316,0
200000,1,2,1,-1,-1,-1,-1,-1,-1,508,10680,1190,527,4524,5522,10712,1194,527,4537,5538,3883,199492,189320,198810,199473,195476,194478,-3440,0
200000,1,4,1,2,2,2,2,-1,-1,68398,73564,73548,44234,42599,46192,6900,1966,12,1604,5164,1104,131602,126436,126452,155766,157401,153808,331785,1
50000,2,2,2,-1,-1,-1,-1,-1,-1,26813,22999,17485,10588,8368,940,1708,1454,289,1508,1042,0,23187,27001,32515,39412,41632,49060,81192,0
80000,1,4,1,-1,-1,-1,-1,2,2,9782,11620,14415,16177,16582,16178,2001,3000,2000,800,0,600,70218,68380,65585,63823,63418,63822,76353,0
310000,1,4,2,-2,-2,-2,-2,-2,-2,20138,8267,65993,8543,1695,750,8267,66008,8543,1695,750,7350,289862,301733,244007,301457,308305,309250,12773,1
210000,1,2,1,-1,-1,-1,-1,2,-1,140619,144410,148555,156733,153230,155159,7000,9000,11550,0,5389,5338,69381,65590,61445,53267,56770,54841,860429,0
140000,1,1,3,2,-1,-1,2,2,2,136785,137175,140773,133147,140350,136475,5051,12602,0,12000,0,5000,3215,2825,-773,6853,-350,3525,790052,1
20000,2,2,2,-1,-1,-1,-1,-1,-1,15498,16409,17291,17588,18034,18658,1600,1600,1000,1000,1500,700,4502,3591,2709,2412,1966,1342,96078,0
10000,1,4,1,1,-2,-2,-2,-2,-2,0,0,0,0,0,0,0,0,0,0,0,0,10000,10000,10000,10000,10000,10000,0,0
250000,1,4,2,-1,-1,2,-1,-1,-1,5607,9416,3421,11521,20424,7467,10000,0,10000,10000,17771,322,244393,240584,246579,238479,229576,242533,9763,0
280000,1,2,2,1,-1,-1,-1,-1,-2,0,3495,2783,2001,-339,-1180,3495,2783,0,0,0,0,280000,276505,277217,277999,280339,281180,482,0
210000,2,1,3,-1,-1,-1,-1,-1,-1,8666,8666,17307,8666,8666,17303,8666,17307,173,8666,17303,173,201334,201334,192693,201334,201334,192697,16986,0
10000,2,2,4,-1,-1,2,2,-1,-1,5186,8225,8244,7963,8134,9995,3300,300,0,299,2000,0,4814,1775,1756,2037,1866,5,41848,0
60000,3,2,4,-1,-1,-1,-1,-1,-1,59174,60922,61800,0,51301,52327,3298,3000,0,51301,2029,2083,826,-922,-1800,60000,8699,7673,223813,0
180000,1,4,2,-1,-1,-2,-2,-2,-2,184650,0,0,0,0,0,0,0,0,0,0,0,-4650,180000,180000,180000,180000,180000,184650,0
10000,1,4,2,1,-2,-2,-2,-2,-2,0,0,0,0,0,0,0,0,0,0,0,0,10000,10000,10000,10000,10000,10000,0,0
200000,1,2,3,-2,-1,2,-1,-1,-1,0,5932,5674,1484,4680,0,5932,0,0,4680,0,0,200000,194068,194326,198516,195320,200000,7158,0
120000,1,4,1,-1,-1,-1,-2,-1,-1,1171,644,-155,-155,745,542,1000,0,0,2530,542,922,118829,119356,120155,120155,119255,119458,-2202,0
160000,2,2,1,-1,-1,-1,-1,-1,-1,54232,55456,56625,57757,59424,60631,2100,2100,2500,3000,2200,2200,105768,104544,103375,102243,100576,99369,330025,0
180000,1,1,3,-1,-1,-1,-1,-1,-1,167140,160707,162477,166861,171083,169365,8000,6000,7000,7000,7000,7000,12860,19293,17523,13139,8917,10635,955633,0
60000,3,2,3,-1,-1,-1,-1,-1,-1,58186,58364,59108,38827,39670,37503,2382,2373,1324,1402,1460,1045,1814,1636,892,21173,20330,22497,281672,0
80000,2,1,1,-1,-1,-1,-1,-1,-1,73000,71338,47202,38133,39096,40510,5000,2000,1500,1500,2000,2000,7000,8662,32798,41867,40904,39490,295279,0
200000,1,2,1,-1,-1,-1,-1,-1,-1,9747,17230,198,875,1977,2052,10051,198,877,1982,2058,2939,190253,182770,199802,199125,198023,197948,13974,0
20000,3,4,1,1,2,-1,-1,2,2,18590,17838,18680,19788,22265,21629,0,1307,1580,3100,0,1000,1410,2162,1320,212,-2265,-1629,111803,1
360000,2,4,2,-1,-1,-2,-2,-2,-2,17582,0,0,0,0,0,0,0,0,0,0,0,342418,360000,360000,360000,360000,360000,17582,0
140000,1,4,3,1,2,-1,-1,-1,-1,147560,142435,142096,136836,139417,141889,3,5000,5000,5100,10200,5000,-7560,-2435,-2096,3164,583,-1889,819930,0
110000,3,2,3,-1,-1,2,2,-1,-1,94025,101460,102724,100188,102110,107014,8942,3800,0,3685,6580,4703,15975,8540,7276,9812,7890,2986,579811,1
360000,1,2,2,1,-2,-2,-1,-1,-1,-200,-200,0,13467,17800,0,0,200,13467,5300,0,0,360200,360200,360000,346533,342200,360000,11900,0
30000,1,4,1,-1,-1,-1,-1,-1,-2,3963,6222,2936,588,0,0,6222,2936,0,0,0,0,26037,23778,27064,29412,30000,30000,4551,0
100000,2,2,1,-1,-1,-1,-1,-2,-2,76222,79564,49000,-1000,0,0,4700,1500,0,31000,0,0,23778,20436,51000,101000,100000,100000,166586,0
60000,3,2,2,-1,-1,-1,-1,-1,-1,35187,36236,37220,37963,38875,39184,1616,1600,1336,1500,1448,1157,24813,23764,22780,22037,21125,20816,216008,1
130000,1,4,2,1,-2,-1,-1,-2,-1,0,0,3726,0,0,1300,0,3726,0,0,1300,5400,130000,130000,126274,130000,130000,128700,-5400,0
240000,2,4,2,-1,-1,-1,-1,-1,-1,5516,4950,5232,6464,3820,11870,4950,5232,6464,3820,10000,2000,234484,235050,234768,233536,236180,228130,5386,0
210000,2,2,2,2,2,2,-1,-1,2,61189,62721,61115,62334,66196,64979,3100,0,2235,4870,0,2563,148811,147279,148885,147666,143804,145021,365766,1
360000,1,2,1,-1,-1,-1,-1,-1,-1,586,14074,5672,5084,3317,1646,14076,5672,0,0,1646,3875,359414,345926,354328,354916,356683,358354,5110,0
30000,2,4,1,1,2,2,-1,-1,-2,22167,22474,18180,15900,0,0,1000,150,0,0,0,0,7833,7526,11820,14100,30000,30000,77571,0
480000,1,1,3,1,-1,-1,-1,-1,-1,-220,38929,339176,33146,37337,33777,39149,344261,33312,37511,31383,10633,480220,441071,140824,446854,442663,446223,-14104,0
90000,4,4,3,-1,-1,-2,-2,-2,-2,1722,0,0,0,0,0,0,0,0,0,0,11135,88278,90000,90000,90000,90000,90000,-9413,0
50000,1,2,3,-1,-1,-1,-1,-1,-1,4908,7479,11902,13871,19466,8128,3000,5000,5000,7000,3000,2000,45092,42521,38098,36129,30534,41872,40754,0
20000,3,2,3,-1,-1,-1,-1,-1,-1,9186,9459,10102,10452,10907,10400,1200,1200,500,1000,600,0,10814,10541,9898,9548,9093,9600,56006,0
160000,2,4,1,-2,-2,-1,-1,-1,-1,490,-85,5215,4115,3921,3421,3085,5300,1000,22200,2000,149763,159510,160085,154785,155885,156079,156579,-166271,0
90000,2,4,1,-1,-1,-1,-1,-1,-1,14520,14747,4753,5152,4664,4833,1240,1220,1000,500,800,1680,75480,75253,85247,84848,85336,85167,42229,0
300000,4,2,2,-2,-2,-2,-2,-2,-2,9474,0,0,0,0,0,0,0,0,0,0,0,290526,300000,300000,300000,300000,300000,9474,0
500000,1,1,3,-1,-1,-1,-1,-1,-1,640,600,1490,1822,1740,0,600,1490,1822,1740,0,1486,499360,499400,498510,498178,498260,500000,-846,0
130000,3,4,2,1,-2,-2,-2,-2,-2,0,0,0,0,0,0,0,0,0,0,0,0,130000,130000,130000,130000,130000,130000,0,1
250000,3,1,5,-1,-1,-1,-1,-1,-1,38924,38468,35930,40106,38214,28494,5000,5000,5000,3000,2000,10000,211076,211532,214070,209894,211786,221506,190136,0
10000,3,2,1,2,-1,-1,-1,-1,-2,4693,5371,6327,6055,0,0,1300,1600,400,0,0,0,5307,4629,3673,3945,10000,10000,19146,1
340000,1,2,2,-1,-1,-1,-1,-1,-1,1933,2855,872,981,22936,8097,1000,872,981,22936,5000,5939,338067,337145,339128,339019,317064,331903,946,0
60000,3,2,1,-1,-1,-1,-1,-1,-1,15527,16882,18190,27465,27643,27816,2000,2000,10000,991,1010,989,44473,43118,41810,32535,32357,32184,116533,0
50000,2,1,3,-1,-1,-1,-1,-1,-1,48308,48019,48647,26894,10875,15878,2200,2068,3048,418,12004,5001,1692,1981,1353,23106,39125,34122,173882,0
170000,2,2,2,-1,-1,2,-1,-1,-1,7885,7190,6854,3142,5000,0,2336,0,0,5000,0,0,162115,162810,163146,166858,165000,170000,22735,0
490000,3,1,4,-1,-1,-1,-1,-1,-1,389,376,467,78,399,10,377,481,1,711,1,1,489611,489624,489533,489922,489601,489990,147,1
20000,2,2,1,-1,-1,-1,-1,2,-1,17679,16720,17705,19228,18804,19316,1300,1277,1800,0,1000,1000,2321,3280,2295,772,1196,684,103075,1
550000,2,1,3,-1,-1,-1,-1,-1,-2,68328,76797,55200,30000,0,0,10000,20000,5000,0,0,0,481672,473203,494800,520000,550000,550000,195325,0
340000,2,4,2,-1,-1,-1,-1,-1,-1,66623,61474,57160,58794,61231,62516,2500,2500,2500,3300,2200,3000,273377,278526,282840,281206,278769,277484,351798,0
10000,2,2,2,-1,-1,-1,-1,-1,-1,9576,9028,9644,9790,9990,0,1384,1000,196,200,0,0,424,972,356,210,10,10000,45248,0
230000,2,4,1,-2,-2,-2,-2,-2,-2,0,0,13499,9078,11009,6172,0,13499,9117,11009,6172,869,230000,230000,216501,220922,218991,223828,-908,0
30000,2,1,2,1,2,-1,-1,-1,-1,29388,27850,28525,29091,28923,29553,0,1452,1018,1038,1100,964,612,2150,1475,909,1077,447,167758,0
200000,2,4,3,-1,-1,-1,-1,-2,-1,73032,12928,88930,30000,67861,18929,12928,79365,30000,37861,18929,15004,126968,187072,111070,170000,132139,181071,97593,0
450000,1,2,2,-1,-1,-1,-1,-1,-1,13371,13480,5747,3339,9458,7231,4000,5747,3339,18916,7231,4972,436629,436520,444253,446661,440542,442769,8421,0
380000,3,1,3,-1,-1,-1,-1,-1,-1,329877,309781,295550,277650,264217,238368,12055,9837,9154,9042,8515,7745,50123,70219,84450,102350,115783,141632,1659095,1
50000,2,2,2,2,-1,-1,-1,-1,-1,29767,30206,27905,17174,17533,17240,1615,1670,605,626,654,567,20233,19794,22095,32826,32467,32760,134088,1
80000,1,4,1,-1,-1,-1,-1,-1,-1,23107,24674,25351,25981,26464,23714,5034,10000,1000,1000,1000,1000,56893,55326,54649,54019,53536,56286,130257,0
150000,2,2,3,1,-2,-2,-1,-1,-1,0,0,0,11068,0,189,0,0,11068,0,189,3307,150000,150000,150000,138932,150000,149811,-3307,1
50000,2,4,3,-1,-1,-1,-1,-1,-1,49006,49139,47608,3990,390,0,2000,1000,3600,390,0,4870,994,861,2392,46010,49610,50000,138273,0
210000,1,4,2,1,-2,-2,-2,-2,-2,0,0,0,0,0,0,0,0,0,0,0,0,210000,210000,210000,210000,210000,210000,0,0
100000,2,4,1,-1,-1,-1,-1,-1,2,59712,61743,63714,65056,73062,71738,3000,3000,2400,9100,0,4000,40288,38257,36286,34944,26938,28262,373525,0
100000,2,2,2,-1,-1,-1,-1,-1,-1,25994,27173,44285,45433,3952,3723,1994,19462,3000,302,3723,15462,74006,72827,55715,54567,96048,96277,106617,0
500000,1,1,3,-1,-1,-1,-1,-1,-1,3136,2345,8471,7234,5828,1906,2002,7505,145,33,1150,300,496864,497655,491529,492766,494172,498094,17785,0
30000,3,2,4,-1,-1,-1,-1,-1,-1,9819,10873,9646,9995,10371,5139,1230,1100,419,600,500,500,20181,19127,20354,20005,19629,24861,51494,0
50000,2,2,3,-1,-1,-1,-1,-1,-1,53541,29308,20274,19945,20472,21000,31483,1408,3000,1000,869,5000,-3541,20692,29726,30055,29528,29000,121780,0
50000,2,4,1,-2,-2,-2,-2,-2,-2,0,0,0,0,0,0,0,0,0,0,0,0,50000,50000,50000,50000,50000,50000,0,0
420000,2,2,2,-1,-1,-1,-1,-1,-1,3663,4338,3400,2535,3216,4652,4338,3400,2535,3216,2652,2500,416337,415662,416600,417465,416784,415348,3163,0
30000,2,2,2,2,2,-1,-1,-1,-1,28156,27422,28335,20946,15525,7422,0,1542,1024,1000,7422,281,1844,2578,1665,9054,14475,22578,116537,1
240000,1,2,2,-1,-1,-1,-1,-1,-1,240790,224497,213580,191771,166239,146584,6892,7866,5602,6118,6023,27064,-790,15503,26420,48229,73761,93416,1123896,0
80000,3,2,4,-1,-1,-1,-1,-1,-1,69116,64325,59653,55159,56277,57347,2500,2000,2000,2000,2000,2000,10884,15675,20347,24841,23723,22653,349377,0
330000,1,2,3,-1,-1,-1,-1,-1,-1,265362,246735,248541,231534,230309,235992,7500,8001,7000,7000,8000,8000,64638,83265,81459,98466,99691,94008,1412972,1
50000,2,1,2,1,2,2,-1,-1,-1,49371,50092,49029,25313,26006,27217,1800,240,1000,1100,1800,1500,629,-92,971,24687,23994,22783,219588,1
200000,1,2,3,-2,-2,-2,-2,-2,-2,0,0,0,0,0,0,0,0,0,0,0,665,200000,200000,200000,200000,200000,200000,-665,1
210000,1,2,2,1,-2,-1,-1,2,-1,-300,-716,416,1132,566,416,0,1548,1132,0,416,416,210300,210716,209584,208868,209434,209584,-1998,0
130000,2,2,2,1,2,2,2,-1,-1,70722,69040,70912,63626,59200,38263,0,4130,43,2000,1368,1418,59278,60960,59088,66374,70800,91737,362804,0
390000,1,2,1,-1,-1,-1,-1,-1,-1,10439,25143,35165,44543,45631,45793,15007,10529,10000,1773,2000,1592,379561,364857,354835,345457,344369,344207,165813,0
100000,3,1,3,-1,-1,-1,-1,-2,-2,12878,7702,2377,0,0,0,2000,2377,40000,0,0,0,87122,92298,97623,100000,100000,100000,-21420,0
140000,1,2,2,-1,-1,-1,-1,-1,-1,85314,87042,90165,91318,94847,35773,4000,5000,2000,4000,5000,6000,54686,52958,49835,48682,45153,104227,458459,0
80000,3,2,2,2,2,2,2,2,-1,70002,71389,73788,74463,72834,74190,3100,4204,2790,0,3043,2625,9998,8611,6212,5537,7166,5810,420904,1
50000,3,2,3,1,3,4,3,2,-1,44498,46740,45718,44696,43848,44718,3240,0,0,0,1600,1845,5502,3260,4282,5304,6152,5282,263533,1
50000,2,2,1,-1,-1,-1,-1,-1,3,21316,23038,24720,26370,29332,28574,2375,2375,2375,3547,0,0,28684,26962,25280,23630,20668,21426,142678,0
360000,1,1,2,1,-2,-2,-2,-1,-1,0,0,0,0,691,7020,0,0,0,691,7020,0,360000,360000,360000,360000,359309,352980,0,0
170000,2,2,3,1,2,-1,-1,-1,-1,153322,149027,150920,145689,33588,0,0,6320,5045,1000,0,0,16678,20973,19080,24311,136412,170000,620181,1
50000,2,2,3,-1,-1,-1,-1,-1,-1,48152,45974,44792,18649,16260,18745,2043,3000,14000,545,5000,308,1848,4026,5208,31351,33740,31255,167676,0
310000,1,4,1,2,-1,-1,-1,-1,-1,266270,273719,235796,188031,170898,68369,11677,8406,6000,5074,3000,3000,43730,36281,74204,121969,139102,241631,1165926,1
210000,1,2,2,-1,-1,-1,-1,-1,-1,326,326,326,326,326,326,326,326,326,326,326,133,209674,209674,209674,209674,209674,209674,193,1
140000,2,1,2,-1,-1,-1,-1,-1,-1,90186,74504,72358,48081,45543,26788,2805,2877,1360,1400,1026,1200,49814,65496,67642,91919,94457,113212,346792,0
150000,1,4,2,-1,-1,-1,-1,-1,-1,127111,106956,106129,106531,107062,109938,3878,3794,3783,3892,4662,3500,22889,43044,43871,43469,42938,40062,640218,0
170000,1,1,3,-1,-1,-1,-1,-1,-1,2000,2210,3000,2000,5000,3000,2210,3000,2000,5000,0,4000,168000,167790,167000,168000,165000,167000,1000,1
260000,1,4,1,-1,2,-1,-1,-1,-1,148,75,12117,9620,8690,11744,7,12117,2,0,3054,6972,259852,259925,247883,250380,251310,248256,20242,1
170000,1,4,1,-1,-1,-1,-1,2,-1,99387,102141,103972,108405,102303,99767,5250,5100,7500,0,3900,3600,70613,67859,66028,61595,67697,70233,590625,0
310000,1,4,2,1,-2,-1,-1,-1,-1,0,0,4488,4696,84522,86206,0,4488,264,80000,2950,3055,310000,310000,305512,305304,225478,223794,89155,0
50000,3,4,1,-1,-1,-1,-1,-1,2,34364,34212,33886,32929,34549,33458,1861,2004,1324,3768,1,1141,15636,15788,16114,17071,15451,16542,193299,0
260000,1,2,2,2,2,-2,-1,-1,-1,1013,0,0,6895,3718,0,0,0,6895,0,0,0,258987,260000,260000,253105,256282,260000,4731,1
100000,1,2,1,-1,-1,2,2,2,2,36014,39321,39145,39494,39896,28256,4200,900,1400,900,6440,500,63986,60679,60855,60506,60104,71744,207786,1
40000,2,2,1,-1,-1,-1,-1,2,2,40633,40311,39380,41389,40628,41389,4300,2000,2938,0,3700,0,-633,-311,620,-1389,-628,-1389,230792,0
180000,1,2,3,1,2,2,2,2,2,82505,86302,84020,97554,95878,112141,6000,0,15000,0,18000,0,97495,93698,95980,82446,84122,67859,519400,0
50000,3,1,3,2,2,2,-1,-1,-1,26184,29261,28444,28878,27655,24480,3500,0,1100,1100,2000,1000,23816,20739,21556,21122,22345,25520,156202,0
200000,1,2,1,-1,-1,-1,-1,-1,-1,4810,0,726,726,495,1402,0,726,0,495,1562,1420,195190,200000,199274,199274,199505,198598,3956,1
320000,2,2,4,-1,-1,-1,-1,-1,-1,33589,34608,38544,44486,52319,51764,3000,6000,8000,10000,1900,2000,286411,285392,281456,275514,267681,268236,224410,0
220000,1,4,3,-1,-1,-1,-1,-1,-1,4624,2874,1210,632,15243,5471,2888,1216,640,15251,5472,4045,215376,217126,218790,219368,204757,214529,542,0
180000,2,1,3,-1,-1,-1,-1,-1,-1,60005,41223,49108,50016,45956,52926,3000,10000,3000,5000,15000,0,119995,138777,130892,129984,134044,127074,263234,0
50000,2,4,2,-1,-1,-1,-1,-1,2,94228,47635,42361,19574,20295,19439,2000,1500,1000,1800,0,1000,-44228,2365,7639,30426,29705,30561,236232,1
50000,2,4,1,-1,-1,-1,-1,-1,-1,29637,30805,30336,13378,-1022,29857,1826,1200,268,0,31448,792,20363,19195,19664,36622,51022,20143,97457,0
150000,1,4,2,-1,-1,-1,-1,-1,-1,83275,84220,77956,77682,52300,56223,3006,3000,2000,222,11170,5000,66725,65780,72044,72318,97700,93777,407258,0
120000,1,2,2,-1,-1,2,-1,-1,-1,6856,17329,2047,8568,8814,17180,19600,0,14150,9000,17000,0,113144,102671,117953,111432,111186,102820,1044,0
30000,2,2,2,-1,-1,-1,-1,-1,-1,29302,30052,29349,29476,30014,29785,1530,1416,1142,1102,1106,3450,698,-52,651,524,-14,215,168232,0
10000,4,1,3,-1,-1,-1,-1,-2,-2,17560,9829,3604,0,0,0,2537,1000,0,0,0,0,-7560,171,6396,10000,10000,10000,27456,1
380000,1,2,2,-2,-2,-2,-2,-2,-2,34869,6305,5736,900,16915,936,6336,5766,904,16915,940,0,345131,373695,374264,379100,363085,379064,34800,0
320000,1,2,2,1,-2,-2,-2,-2,-2,0,0,0,0,0,0,0,0,0,0,0,0,320000,320000,320000,320000,320000,320000,0,1
30000,2,4,3,-1,-1,-1,-1,-1,2,1448,1261,630,240,690,150,1261,630,0,840,0,780,28552,28739,29370,29760,29310,29850,908,0
470000,2,2,1,-1,-1,-1,-1,-1,-1,72830,49502,47771,52979,119678,94721,4003,4003,8003,70003,5030,6003,397170,420498,422229,417021,350322,375279,340436,0
80000,3,2,3,-1,-1,-1,-1,-1,-1,75768,78069,79196,25722,26261,26784,3500,2934,897,929,935,984,4232,1931,804,54278,53739,53216,301621,0
20000,2,1,5,-1,-1,2,-1,-1,-1,8570,10651,9944,10142,9591,10400,2620,0,500,380,1000,0,11430,9349,10056,9858,10409,9600,54798,0
120000,1,1,4,-1,-1,2,-1,-1,-1,125702,130461,131281,128594,117561,116732,8300,4500,4260,4595,4311,4280,-5702,-10461,-11281,-8594,2439,3268,720085,0
150000,1,4,2,1,-2,-1,-1,-1,-1,0,0,584,596,596,0,0,584,12,0,0,0,150000,150000,149416,149404,149404,150000,1180,0
200000,2,4,3,-1,-1,-1,-1,-1,-1,180680,184436,188181,190775,196449,192085,8155,8302,7225,10153,6987,5262,19320,15564,11819,9225,3551,7915,1086522,0
20000,2,2,3,-1,-1,-1,-1,-1,-2,45429,47961,49562,4410,0,0,2819,2420,88,0,0,0,-25429,-27961,-29562,15590,20000,20000,142035,0
170000,3,2,2,-1,-1,-1,-1,-1,-1,85780,80568,79823,79335,79506,80252,2906,3002,3000,3000,3500,3000,84220,89432,90177,90665,90494,89748,466856,0
150000,1,4,2,-1,-1,-2,-1,-1,-1,900,0,0,740,740,545,0,0,740,0,545,550,149100,150000,150000,149260,149260,149455,1090,0
160000,2,2,2,-1,-1,-1,-1,-1,-1,632,0,632,316,0,316,0,632,316,0,316,316,159368,160000,159368,159684,160000,159684,316,0
280000,1,4,2,-1,-1,-1,-1,-1,-1,45536,11509,2110,2121,6789,14959,11509,5000,2121,6789,14959,16067,234464,268491,277890,277879,273211,265041,26579,0
60000,1,1,3,2,-1,-1,-1,-1,2,39986,41036,42449,43243,48537,47606,2000,2100,1800,6000,0,2000,20014,18964,17551,16757,11463,12394,248957,1
100000,3,1,3,-1,-1,-1,-1,-1,-1,39649,43608,46899,47447,48035,40484,5000,5000,1554,1595,1686,1200,60351,56392,53101,52553,51965,59516,250087,0
360000,2,2,3,-1,-1,-1,-1,-1,-2,68032,63174,44536,80570,8333,8325,4500,3000,50000,8400,8325,12967,291968,296826,315464,279430,351667,351675,185778,0
500000,1,2,3,-2,-1,-1,-1,-1,-1,71921,367979,294969,189612,128459,167105,368199,6486,234,90,167116,372495,428079,132021,205031,310388,371541,332895,305425,0
290000,1,4,2,-1,-1,-1,-1,-1,-1,284239,284692,230891,232778,235004,226959,11000,10000,8000,10000,8000,7500,5761,5308,59109,57222,54996,63041,1440063,1
160000,1,4,2,-2,-2,-2,-1,-1,-1,0,0,0,150,150,150,0,0,150,150,150,178,160000,160000,160000,159850,159850,159850,-178,0
50000,2,1,3,-1,-1,-1,-1,-1,-1,22923,23264,23879,23960,24067,24253,1400,1400,850,871,974,962,27077,26736,26121,26040,25933,25747,135889,0
250000,2,2,2,-1,-1,-1,-1,-1,-1,27107,36565,39711,47523,52726,57649,10000,10000,10000,6000,6000,5000,222893,213435,210289,202477,197274,192351,214281,0
350000,1,1,3,-1,-1,-1,-1,-1,-1,3800,3138,4150,3750,1362,8210,3138,4160,3750,2272,8210,9731,346200,346862,345850,346250,348638,341790,-6851,0
100000,2,2,1,-1,-1,-1,-1,-1,-1,99415,101507,99511,99813,95816,96884,4600,3478,3461,3461,3684,3510,585,-1507,489,187,4184,3116,570752,0
30000,2,2,2,1,2,-1,-1,-1,-1,31956,30425,30615,29304,28996,28970,0,1753,1200,1041,1194,1100,-1956,-425,-615,696,1004,1030,173978,0
450000,1,2,2,1,-1,-1,-2,-2,-2,0,2500,2500,0,0,0,2500,2500,0,0,0,0,450000,447500,447500,450000,450000,450000,0,0
20000,3,4,3,-1,-1,-1,-1,-1,-1,9755,894,5625,9625,12625,0,894,5000,4000,3000,0,0,10245,19106,14375,10375,7375,20000,25630,0
30000,3,4,1,-1,-1,-1,-1,-1,-1,28063,29304,28047,26840,28271,28134,1700,1407,1200,2000,2000,1000,1937,696,1953,3160,1729,1866,159352,0
150000,3,4,3,-1,-1,-1,2,-1,-1,103226,64671,64293,58024,59230,54638,2627,4123,0,1304,1338,376,46774,85329,85707,91976,90770,95362,394314,0
30000,2,1,2,1,3,2,-1,-1,-1,22327,21696,21054,21315,21623,22261,0,0,908,800,1000,1809,7673,8304,8946,8685,8377,7739,125759,0
10000,3,2,1,-1,-1,-1,-1,-1,-1,6001,4308,3421,3615,4402,5173,2000,1500,400,1000,1000,500,3999,5692,6579,6385,5598,4827,20520,0
50000,3,4,3,-1,-1,-1,-1,2,-1,17569,18592,19621,21748,21262,21682,1613,1642,2769,0,923,950,32431,31408,30379,28252,28738,28318,112577,0
50000,1,4,1,-1,-1,-1,-1,-1,-1,4124,1070,0,1217,3766,381,1070,0,1217,3766,381,1980,45876,48930,50000,48783,46234,49619,2144,0
130000,2,4,1,2,2,2,-1,-1,-1,6271,6871,7599,9459,10303,11128,1500,1000,2000,1000,1000,1000,123729,123129,122401,120541,119697,118872,44131,0
50000,3,4,1,-1,-1,-1,-1,-1,-1,47066,45132,47756,28275,28082,28846,2300,3862,2000,1100,1500,1100,2934,4868,2244,21725,21918,21154,213295,0
180000,2,4,1,-1,-1,-1,-1,-1,-1,177633,139415,136942,114632,117808,120302,5203,30023,10024,10000,4458,5000,2367,40585,43058,65368,62192,59698,742024,0
30000,2,1,3,2,2,2,-1,-1,-1,24081,29818,28966,26902,25426,26799,6155,0,1030,1049,5000,482,5919,182,1034,3098,4574,3201,148276,1
60000,2,4,1,-1,-1,-1,-1,-1,-1,29717,28208,21372,18746,16745,16544,2076,1500,1500,689,2000,2983,30283,31792,38628,41254,43255,43456,120584,0
200000,1,2,1,-1,-1,-1,-1,-1,-1,16811,21290,20207,23858,33236,33337,5023,4007,5001,10020,5073,5064,183189,178710,179793,176142,166764,166663,114551,0
30000,3,4,1,-1,-1,-1,-1,-1,-1,18292,18450,390,390,780,780,1000,390,390,780,0,0,11708,11550,29610,29610,29220,29220,36522,0
320000,2,4,2,-1,-1,-1,-1,-1,-1,262613,164486,169691,188527,145676,135254,10043,15005,21640,5004,11628,20020,57387,155514,150309,131473,174324,184746,982907,0
360000,1,2,2,-1,2,2,-2,-2,-2,1605,1448,0,0,0,0,14,0,0,0,0,0,358395,358552,360000,360000,360000,360000,3039,0
60000,1,2,2,-1,-1,2,-1,-1,-1,56045,59524,58563,56831,53628,34490,5000,2000,1000,3000,8000,0,3955,476,1437,3169,6372,25510,300081,0
50000,2,4,1,-2,-2,-1,-1,-1,-1,13733,5570,2698,4640,6554,8434,2037,2698,2000,2000,2000,2000,36267,44430,47302,45360,43446,41566,28894,0
30000,2,2,2,2,2,2,2,2,2,27143,28211,28654,27897,29587,30152,1800,1200,0,2300,1200,0,2857,1789,1346,2103,413,-152,165144,0
50000,2,2,2,1,2,-1,-1,-1,-1,34644,33669,19124,18117,18496,18880,0,1597,649,671,691,700,15356,16331,30876,31883,31504,31120,138622,0
70000,1,4,1,-1,-1,-1,-1,-1,-1,42105,35575,32772,29766,29286,29404,1614,2042,2002,1052,1055,1063,27895,34425,37228,40234,40714,40596,190080,0
310000,1,2,3,1,-1,-1,-2,-2,-2,-42,7281,0,0,0,0,7323,0,0,0,0,0,310042,302719,310000,310000,310000,310000,-84,0
170000,2,4,2,-1,-1,-1,-1,-1,-1,2860,15643,1104,190,4786,2714,15643,1108,191,4786,2714,7714,167140,154357,168896,169810,165214,167286,-4859,0
150000,1,1,3,-2,-2,-2,-2,-2,-2,111348,109115,102598,3039,-309,-309,6000,4044,309,0,0,0,38652,40885,47402,146961,150309,150309,315129,0
120000,1,4,2,-1,-1,-1,-1,-1,-1,3333,0,3333,0,984,984,0,3333,0,984,984,984,116667,120000,116667,120000,119016,119016,2349,0
100000,1,4,2,-1,-1,-1,-1,-1,-1,75374,44796,47294,38712,39304,40479,2000,5000,1521,1595,2000,2716,24626,55204,52706,61288,60696,59521,271127,0
140000,1,2,3,2,2,2,-1,-1,-1,138379,143684,139902,142729,142406,142694,9000,0,6800,40000,5600,5900,1621,-3684,98,-2729,-2406,-2694,782494,1
180000,3,2,3,-1,-1,-1,-1,-1,-1,14525,13828,10394,17562,8495,5090,1347,5000,10026,5000,785,5000,165475,166172,169606,162438,171505,174910,42736,0
20000,3,2,4,-1,-1,-1,-1,-1,-2,19684,11580,780,780,0,0,1000,780,0,0,0,0,316,8420,19220,19220,20000,20000,31044,0
80000,2,4,1,1,-2,-2,-2,-2,-2,0,0,0,0,0,0,0,0,0,0,0,0,80000,80000,80000,80000,80000,80000,0,0
200000,2,2,2,-1,-1,-1,-1,-1,-1,178665,133266,95836,85635,66137,30410,3677,2441,1854,1567,5000,1953,21335,66734,104164,114365,133863,169590,573457,0
200000,2,2,1,-1,-1,2,-1,-1,-1,25334,26203,25652,25162,24995,23901,2204,1004,1004,1013,2018,4,174666,173797,174348,174838,175005,176099,144000,0
30000,3,1,3,-1,-1,2,-1,-1,2,14617,20350,18456,4190,13702,13247,6000,28,5000,13702,0,10000,15383,9650,11544,25810,16298,16753,49832,0
250000,2,4,3,-2,-2,-2,-2,-2,-2,0,1069,-320,-320,1680,4058,1069,320,0,2000,4058,3000,250000,248931,250320,250320,248320,245942,-4280,0
50000,3,2,2,1,2,3,2,2,2,31217,33423,32600,31777,33966,34759,3000,0,0,2700,1500,0,18783,16577,17400,18223,16034,15241,190542,0
250000,1,2,2,-2,-2,-2,-2,-2,-2,-23,3102,4438,3416,-4,1404,3125,4455,3417,0,1408,1717,250023,246898,245562,246584,250004,248596,-1789,1
140000,1,4,1,-1,-1,-1,-1,-1,-1,23409,24725,26006,26771,28179,29746,2000,2000,1500,2000,2200,2000,116591,115275,113994,113229,111821,110254,147136,0
170000,2,4,2,2,-1,-1,-1,-1,-1,520,1316,6779,3416,2941,3518,1339,6779,2000,97,1002,1018,169480,168684,163221,166584,167059,166482,6255,0
240000,2,4,3,-2,-2,-2,-2,-2,-2,316,21359,2762,10264,316,9801,21359,2762,10318,316,17677,31600,239684,218641,237238,229736,239684,230199,-39214,0
140000,1,2,2,-1,-1,-1,-1,-1,-1,135134,139178,139900,109665,108129,108067,6703,6120,4015,4042,4057,4012,4866,822,100,30335,31871,31933,711124,0
50000,2,2,1,-1,-1,-1,-1,-1,-1,50998,51103,50262,20304,20319,20330,2209,1726,710,724,733,712,-998,-1103,-262,29696,29681,29670,206502,0
240000,2,2,3,1,2,2,2,2,2,124425,131943,133457,134749,132651,140600,10839,5000,4800,0,10000,5200,115575,108057,106543,105251,107349,99400,761986,1
420000,2,2,4,-1,-1,-1,-1,-1,-1,666,2629,4352,1440,1486,2290,2629,4360,2064,1486,2290,1290,419334,417371,415648,418560,418514,417710,-1256,0
220000,1,1,4,-1,-1,-1,-1,-1,-1,1136,642,1582,1109,3319,2113,642,1582,1109,3319,2113,5410,218864,219358,218418,218891,216681,217887,-4274,0
70000,2,2,1,-1,-1,-1,-1,-1,-1,44230,44348,28978,17008,13780,14593,1747,1272,1212,1000,1020,800,25770,25652,41022,52992,56220,55407,155886,0
90000,2,2,1,-1,-1,-1,-1,-1,-1,55779,51886,52495,47727,44404,35768,2100,2166,1400,1534,1300,665,34221,38114,37505,42273,45596,54232,278894,0
220000,1,2,3,-2,-2,-2,-2,-2,-2,0,0,0,0,0,0,0,0,0,0,0,12096,220000,220000,220000,220000,220000,220000,-12096,0
200000,1,4,1,-1,-1,-1,-1,-1,-1,9314,6020,4817,2098,2280,4778,2020,2817,1098,1280,3778,3098,190686,193980,195183,197902,197720,195222,15216,0
240000,3,1,4,-1,-1,-1,-1,-1,-1,229254,232693,189095,190481,194215,198313,8737,7506,6501,6501,7001,17001,10746,7307,50905,49519,45785,41687,1180804,0
310000,3,4,1,-1,-1,-1,-1,-1,-1,19610,14746,28216,4245,3500,396,10000,28216,4245,3500,396,396,290390,295254,281784,305755,306500,309604,23960,0
80000,2,2,2,2,2,2,-1,-1,-1,76142,80627,76776,61884,55501,54840,6611,1,3000,2504,2000,2200,3858,-627,3224,18116,24499,25160,389454,1
290000,2,2,2,-1,-1,-1,-1,-1,-1,144160,147451,150617,153351,156213,158938,6000,6010,5600,5700,5700,6000,145840,142549,139383,136649,133787,131062,875720,0
260000,2,1,3,-1,-1,-1,-1,-1,-1,175247,164173,152724,153527,153375,105491,8500,5950,4000,3000,6000,30588,84753,95827,107276,106473,106625,154509,846499,1
120000,1,1,3,1,-2,-2,-2,-2,-2,0,0,0,0,0,0,0,0,0,0,0,0,120000,120000,120000,120000,120000,120000,0,1
260000,1,2,2,-1,-1,2,-1,-1,-1,598,2268,2268,1732,718,165,2268,0,1732,718,165,3735,259402,257732,257732,258268,259282,259835,-869,0
360000,2,4,2,-1,2,2,-2,-2,-2,655,655,0,0,0,0,0,0,0,0,0,0,359345,359345,360000,360000,360000,360000,1310,0
30000,3,2,2,-1,-1,-1,-1,-1,-1,7963,9152,10282,10180,10394,9614,1321,1451,349,362,343,356,22037,20848,19718,19820,19606,20386,53403,1
30000,2,4,1,-1,-1,-1,2,-1,-1,27444,29000,29886,28392,22612,22750,2000,1800,0,1000,1000,0,2556,1000,114,1608,7388,7250,154284,1
20000,1,2,1,-1,-1,-1,-1,-1,-1,3281,4325,5341,5751,6500,7386,1100,1100,500,1000,1000,1000,16719,15675,14659,14249,13500,12614,26884,0
240000,2,4,1,-1,-1,-1,-1,-1,-1,175764,178600,182639,186275,190337,193961,6500,7000,6680,7070,6954,14870,64236,61400,57361,53725,49663,46039,1058502,0
200000,2,1,2,7,6,5,4,3,2,254266,240966,228663,217600,208432,200057,0,328,0,0,600,2500,-54266,-40966,-28663,-17600,-8432,-57,1346556,1
70000,2,2,2,-1,-1,2,-1,-1,-1,27000,31809,29776,30148,29918,29399,5600,0,1500,1057,2000,1035,43000,38191,40224,39852,40082,40601,166858,0
200000,1,4,1,-2,-2,-2,-2,-2,-2,488,878,488,488,0,1915,878,488,488,0,1915,100,199512,199122,199512,199512,200000,198085,388,0
150000,1,4,2,-1,-1,-1,-1,-1,-1,18395,-2390,10042,129691,88173,63034,312,20132,129665,127,315,0,131605,152390,139958,20309,61827,86966,156394,0
160000,2,2,2,-1,-1,-1,-1,-1,-1,17742,12939,7035,4596,4635,2744,2000,1000,500,1000,1000,2000,142258,147061,152965,155404,155365,157256,42191,0
180000,1,4,2,-1,-1,-1,-1,-1,-1,113647,52992,38394,30332,110824,99661,3000,3170,2000,100000,5000,4000,66353,127008,141606,149668,69176,80339,328680,0
190000,2,1,2,-1,-1,-1,-1,-1,-1,144414,145572,142816,145463,147475,149853,7000,6000,6000,5500,6000,5500,45586,44428,47184,44537,42525,40147,839593,0
20000,2,2,1,-1,-1,-1,-1,-1,-1,15749,16221,19836,14354,10962,9274,1500,5000,500,500,246,500,4251,3779,164,5646,9038,10726,78150,0
150000,1,2,1,-1,-1,-1,-1,-1,-1,82494,83044,84752,84743,78987,65590,3100,3500,3000,5000,3000,2500,67506,66956,65248,65257,71013,84410,459510,0
310000,2,1,2,-1,-1,-1,-1,-1,-1,7589,9463,12296,15083,17840,20376,2000,3000,3000,3000,3000,3003,302411,300537,297704,294917,292160,289624,65644,0
180000,2,2,2,-1,-1,-1,-1,-1,-1,98736,96566,81166,72463,72189,70712,6025,5000,6800,5000,5000,5000,81264,83434,98834,107537,107811,109288,459007,0
80000,2,4,1,-1,-1,-1,-1,-1,-1,81908,83597,157646,79061,79834,81257,5501,3450,3000,3059,2915,2758,-1908,-3597,-77646,939,166,-1257,542620,1
350000,2,2,3,-1,-1,-1,-1,-1,-1,85339,84393,86793,84406,73976,75497,5000,5016,5000,3000,3000,4000,264661,265607,263207,265594,276024,274503,465388,0
50000,2,2,3,-1,-1,-1,-1,-2,-2,32547,33481,26775,0,0,0,1582,1800,0,0,0,0,17453,16519,23225,50000,50000,50000,89421,0
90000,2,4,1,2,-1,-1,-1,-1,-1,87669,86653,57819,30895,14543,9329,3499,3000,3000,10000,2000,10000,2331,3347,32181,59105,75457,80671,255409,0
220000,2,1,2,-1,-1,-1,-1,-1,-1,112460,29300,8500,0,8500,8535,8500,8500,0,8500,8535,177000,107540,190700,211500,220000,211500,211465,-43740,0
50000,1,4,1,2,3,2,2,2,2,43870,42891,43582,44561,45592,46495,0,1700,2000,1900,1800,0,6130,7109,6418,5439,4408,3505,259591,1
90000,3,1,3,-1,2,-1,-1,-1,-1,1651,390,390,390,1848,930,0,390,1950,1848,1710,0,88349,89610,89610,89610,88152,89070,-299,0
400000,2,2,2,-1,-1,-1,-1,-1,-1,161226,139481,17939,10315,22728,11493,5000,17939,12845,22728,11493,10703,238774,260519,382061,389685,377272,388507,282474,0
210000,3,2,3,-1,-1,-1,-1,-1,-1,2309,4791,4909,6588,9074,8651,4791,1909,2588,3074,3651,6349,207691,205209,205091,203412,200926,201349,13960,0
180000,2,2,2,2,2,2,2,2,-1,177113,180628,176137,183007,179505,105229,7800,0,11700,0,3775,7000,2887,-628,3863,-3007,495,74771,971344,1
500000,1,1,4,-1,-1,-1,-1,-1,-1,3925,11200,25509,9857,8945,9985,11253,25585,3,18,5034,5031,496075,488800,474491,490143,491055,490015,22497,0
260000,2,2,2,2,-1,-1,2,-1,-1,228443,233958,252615,186443,190345,193739,10698,24799,0,7035,7078,7221,31557,26042,7385,73557,69655,66261,1228712,1
180000,2,4,1,-1,-1,-1,-1,-1,-1,7149,12946,16163,13142,9800,4857,5946,3663,3159,3000,4857,6240,172851,167054,163837,166858,170200,175143,37192,0
180000,2,2,2,-1,-1,-2,-2,-1,-1,8000,0,0,0,600,0,0,0,0,600,0,0,172000,180000,180000,180000,179400,180000,8000,1
30000,1,4,1,-1,-1,-1,-1,-1,-1,22236,23574,24583,24915,25280,25791,1696,1705,1037,915,929,1097,7764,6426,5417,5085,4720,4209,139000,0
360000,1,4,2,-1,-1,-1,-1,-1,-1,31482,31805,18203,13122,11547,10949,5119,5007,5002,5005,5024,4543,328518,328195,341797,346878,348453,349051,87408,0
280000,1,2,3,-1,2,2,-1,-1,-1,2002,1311,0,430,430,-550,0,0,430,0,550,1304,277998,278689,280000,279570,279570,280550,1339,0
100000,1,4,1,1,2,-1,-1,-1,-1,53213,50842,48205,47324,45723,46708,6,2031,1800,2000,1900,2000,46787,49158,51795,52676,54277,53292,282278,1
50000,2,2,3,-1,-1,-1,-1,-1,-1,49467,41877,20082,5329,3990,2088,1472,1000,107,3990,2088,1470,533,8123,29918,44671,46010,47912,112706,0
20000,3,1,2,-1,-1,-1,-1,-1,-2,17557,18739,19473,17136,0,0,1466,1200,343,0,0,0,2443,1261,527,2864,20000,20000,69896,0
80000,3,4,1,-2,-2,-2,-2,-2,-2,1672,0,1672,836,0,2902,0,1672,836,0,2902,836,78328,80000,78328,79164,80000,77098,836,1
110000,2,4,2,1,-1,-1,-2,-2,-2,0,780,0,0,0,0,780,0,0,0,0,0,110000,109220,110000,110000,110000,110000,0,0
50000,1,3,1,1,-1,2,-1,-1,-1,6300,3395,3180,1831,1868,3300,9195,0,1831,37,3300,289,43700,46605,46820,48169,48132,46700,5222,1
50000,2,2,4,-1,-1,-1,-1,-1,-1,48119,48318,21750,4387,4392,9493,1554,1028,4387,4392,9493,492,1881,1682,28250,45613,45608,40507,115113,1
20000,1,2,2,-1,-1,-1,2,-1,-1,16117,17130,18655,17687,18023,18169,1285,2200,0,1000,1000,500,3883,2870,1345,2313,1977,1831,99796,0
200000,3,2,3,-1,-1,-1,-1,-2,-2,98184,103228,119034,0,0,0,5143,19034,0,0,0,0,101816,96772,80966,200000,200000,200000,296269,0
250000,2,4,3,1,-1,-1,-1,-1,-1,0,664,62791,48598,50078,36050,664,65791,2000,2100,2000,0,250000,249336,187209,201402,199922,213950,125626,0
150000,1,2,2,1,-2,-2,-2,-2,-2,0,0,0,0,0,0,0,0,0,0,0,0,150000,150000,150000,150000,150000,150000,0,1
50000,1,2,1,1,-2,-2,-2,-2,-2,0,0,0,0,0,0,0,0,0,0,0,0,50000,50000,50000,50000,50000,50000,0,1
200000,1,2,2,-1,-1,2,2,2,-1,1779,1354,250,7250,2639,10207,1354,0,7000,0,10500,3500,198221,198646,199750,192750,197361,189793,1125,0
220000,2,1,2,-1,-1,-1,-1,-1,-1,147048,137560,131090,121259,117003,116902,6364,5892,5000,4369,4178,5000,72952,82440,88910,98741,102997,103098,740059,0
60000,2,2,2,-2,-2,-2,-2,-2,-2,0,2426,3367,2898,11768,3983,2426,3367,2898,11768,3983,0,60000,57574,56633,57102,48232,56017,0,0
100000,2,2,3,-1,-1,-1,-1,-1,-1,47730,47525,47184,46836,46529,47070,1808,1728,1641,1673,1689,1754,52270,52475,52816,53164,53471,52930,272581,0
20000,3,3,3,-1,-1,-1,-1,-1,-2,15523,17264,18325,15680,0,0,2000,1500,500,0,0,0,4477,2736,1675,4320,20000,20000,62792,0
140000,2,2,1,1,3,4,3,2,-1,82265,86127,84107,82362,74000,60977,5747,0,0,0,2600,2800,57735,53873,55893,57638,66000,79023,458691,1
50000,2,1,3,-1,-1,-1,-1,-2,-2,48677,39756,30000,0,0,0,2000,3000,0,0,0,0,1323,10244,20000,50000,50000,50000,113433,1
50000,1,2,1,-1,-1,-1,-1,-1,-1,28639,29482,30455,28955,25959,26144,2100,2000,1000,600,3000,0,21361,20518,19545,21045,24041,23856,160934,0
120000,2,2,2,-1,-1,-1,-1,-1,-1,686,686,686,1372,686,836,686,686,1372,0,836,686,119314,119314,119314,118628,119314,119164,686,0
120000,1,2,2,1,-2,-2,-2,-1,-1,0,0,0,0,915,0,0,0,0,915,0,0,120000,120000,120000,120000,119085,120000,0,0
30000,2,2,2,-1,-1,-1,-1,-1,-1,28637,28711,29138,28852,28487,27788,2002,2002,1503,2006,2005,3000,1363,1289,862,1148,1513,2212,159095,0
180000,1,4,1,1,-2,-2,-2,-1,-1,0,0,0,0,298,7550,0,0,0,298,7550,0,180000,180000,180000,180000,179702,172450,0,0
500000,1,1,3,-1,-1,-1,-1,-1,-1,53049,66623,70194,68618,67300,1825,16018,10000,4,333,1831,597,446951,433377,429806,431382,432700,498175,298826,0
420000,1,1,3,-1,-1,-1,-1,-1,-1,337792,293987,294203,300314,258484,274817,12011,6472,6711,5170,189740,6656,82208,126013,125797,119686,161516,145183,1532837,0
20000,2,2,3,-1,-1,-1,-1,2,-1,14296,15321,16333,17434,17013,17500,1262,1274,1375,0,771,805,5704,4679,3667,2566,2987,2500,92410,0
50000,2,4,1,-1,-1,-1,-1,-1,-1,39083,40150,41181,41996,43021,45700,1700,1700,1501,1700,3400,0,10917,9850,8819,8004,6979,4300,241130,1
260000,2,4,2,-1,-1,-1,-1,-1,-1,19674,17810,19753,21550,21032,19979,2000,3000,3000,3000,3000,3000,240326,242190,240247,238450,238968,240021,102798,0
50000,2,2,1,-1,-1,-1,-1,-1,-1,47481,36112,31992,33361,100,0,1910,1790,79,100,1200,0,2519,13888,18008,16639,49900,50000,143967,0
50000,1,4,1,-1,-1,-1,-1,-1,-1,750,0,3116,302,0,5778,0,3116,302,0,5778,200,49250,50000,46884,49698,50000,44222,550,0
50000,2,4,3,-1,-1,-1,-1,-1,-1,43342,44441,45390,46310,47262,48219,2100,2000,1113,1143,1159,1381,6658,5559,4610,3690,2738,1781,266068,0
100000,2,1,3,-1,-1,-1,-1,-1,-1,69896,71360,72820,74264,75821,77410,2588,2644,2656,2752,2850,2965,30104,28640,27180,25736,24179,22590,425116,0
50000,1,4,1,4,3,2,2,2,2,38965,38063,38838,39598,40313,41293,0,1700,1700,1500,1800,1700,11035,11937,11162,10402,9687,8707,228670,1
180000,1,4,1,-1,-1,-1,-1,-1,-1,174546,175121,150710,135981,136064,137343,8269,6606,5000,4900,4900,4900,5454,4879,29290,44019,43936,42657,875190,0
240000,1,2,2,1,-2,-2,-2,-2,-2,0,0,0,0,0,0,0,100000,0,0,0,0,240000,240000,240000,240000,240000,240000,-100000,0
30000,2,1,2,2,-1,-1,-1,-1,-2,28484,29242,30037,29682,0,0,1905,1700,1108,0,0,0,1516,758,-37,318,30000,30000,112732,0
30000,3,2,5,-1,3,2,-1,-1,3,5867,5621,4090,2829,2108,1801,0,0,0,1801,0,0,24133,24379,25910,27171,27892,28199,20515,1
270000,1,2,3,-1,-1,-1,-1,-1,-1,96175,88092,78574,70330,61355,52969,3626,2700,3180,2300,2800,2009,173825,181908,191426,199670,208645,217031,430880,0
30000,3,2,4,-1,-1,-1,-1,-1,-1,347,1353,78,135,68,193,1353,78,135,68,423,140,29653,28647,29922,29865,29932,29807,-23,1
200000,2,2,2,-1,-1,-1,-1,-1,-1,1319,4997,3635,130,1209,938,4997,3650,130,1209,938,105,198681,195003,196365,199870,198791,199062,1199,1
40000,2,2,1,-1,-1,-1,-2,-2,-1,8801,9544,0,0,0,7922,1000,0,0,0,7922,158,31199,30456,40000,40000,40000,32078,17187,1
360000,1,2,2,-2,-2,-2,-2,-2,-2,0,18540,9007,9500,8675,6573,18540,10000,10000,9000,6600,32810,360000,341460,350993,350500,351325,353427,-34655,0
150000,3,2,4,-1,-1,-1,-1,-1,-1,5483,9136,17348,6456,12256,8156,9136,17348,6456,12256,8156,5256,144517,140864,132652,143544,137744,141844,227,0
80000,2,4,1,-1,-1,-1,-1,-1,2,9933,11111,9998,8950,9415,5700,1370,1233,261,549,400,0,70067,68889,70002,71050,70585,74300,51294,1
300000,1,2,2,1,-1,-1,-1,-1,-1,-227,44791,-649,129798,558,522,45018,0,130447,560,524,6776,300227,255209,300649,170202,299442,299478,-8532,0
220000,2,1,2,-1,-1,-1,-1,-1,-1,202010,103124,105226,107476,109746,111920,3746,3820,4000,4000,4000,4500,17990,116876,114774,112524,110254,108080,715436,0
110000,2,2,3,-1,-1,-1,-1,-1,-1,776,776,776,776,926,776,776,776,776,926,776,776,109224,109224,109224,109224,109074,109224,0,0
50000,1,2,2,-1,-1,-1,-1,-1,-1,11787,9720,8613,5173,5593,0,1300,1034,0,1200,0,0,38213,40280,41387,44827,44407,50000,37352,0
50000,3,4,5,-1,-1,-1,-1,-1,-1,31164,32384,27553,28101,28690,28467,1756,1445,993,1029,1054,977,18836,17616,22447,21899,21310,21533,169105,0
230000,1,2,2,-1,-1,-1,-1,-1,-1,400,20123,20590,20029,17198,5177,20123,1256,1000,1000,500,801,229600,209877,209410,209971,212802,224823,58837,0
50000,1,1,1,2,2,2,2,-1,-1,43333,46308,47250,46192,46997,48221,4000,2000,0,1700,2000,3600,6667,3692,2750,3808,3003,1779,265001,1
240000,2,6,2,-1,-1,-1,-1,-1,-1,171907,171394,68907,70164,70672,69581,7200,3000,3000,2509,3000,2500,68093,68606,171093,169836,169328,170419,601416,0
130000,1,4,1,-1,-1,-1,-1,-2,-2,20054,1298,6712,-884,-6332,-9333,1298,6730,900,5448,0,25000,109946,128702,123288,130884,136332,139333,-27861,0
160000,1,4,2,-1,-1,-1,-1,-1,-1,43729,43535,40799,41255,31766,32570,2045,1809,1265,1154,1333,1313,116271,116465,119201,118745,128234,127430,224735,0
210000,1,4,2,-1,-1,-1,-1,-1,-1,121697,120133,118496,116033,114617,108328,5000,5000,4036,5000,4000,4000,88303,89867,91504,93967,95383,101672,672268,0
210000,2,4,2,-1,-1,-1,-1,-1,-1,1952,2787,6316,6504,326,89599,1526,4000,514,326,89599,3292,208048,207213,203684,203496,209674,120401,8227,0
330000,1,2,3,-1,-1,-1,-1,-1,-1,240063,242040,160008,160084,159453,159354,9500,5591,5500,6000,6000,6000,89937,87960,169992,169916,170547,170646,1082411,0
110000,2,2,4,-1,-1,-1,2,2,2,10141,11472,12973,12468,13763,13989,1500,2000,0,1500,600,0,99859,98528,97027,97532,96237,96011,69206,0
120000,2,4,1,1,2,2,2,2,2,108993,111266,112056,112819,111298,113290,5500,4100,4087,400,4000,8932,11007,8734,7944,7181,8702,6710,642703,0
100000,1,4,1,-1,-1,-1,-1,-1,-1,5466,5652,9690,5286,8191,11272,5652,9690,6916,8191,6412,0,94534,94348,90310,94714,91809,88728,8696,0
210000,2,4,2,-1,-1,-1,-1,-1,-1,63672,57299,59336,61349,63366,65155,2200,3000,3000,3000,3000,3500,146328,152701,150664,148651,146634,144845,352477,0
350000,1,4,2,-1,-1,-1,-1,-1,2,181550,177978,164481,198545,232543,165288,10000,20000,100048,60000,0,5000,168450,172022,185519,151455,117457,184712,925337,0
180000,2,4,1,-1,-1,-1,-1,-1,-1,141836,140792,144021,146539,149286,151900,5124,6000,5300,5500,5500,6000,38164,39208,35979,33461,30714,28100,840950,0
150000,1,4,1,-1,-1,-1,-1,-1,-1,66296,61916,39614,39863,26379,22081,3000,3005,5000,3000,5000,1000,83704,88084,110386,110137,123621,127919,236144,0
50000,1,3,2,1,2,-1,-1,-1,-1,49457,47080,45833,45310,6313,5009,0,1200,1000,126,1000,0,543,2920,4167,4690,43687,44991,195676,0
230000,3,2,3,-1,-1,-1,-1,-1,-1,5482,15900,1678,0,764,0,15900,1678,0,764,0,1321,224518,214100,228322,230000,229236,230000,4161,0
30000,2,2,2,2,2,-1,-1,-1,2,9884,9586,10318,10522,11354,11022,0,1200,375,1000,0,1000,20116,20414,19682,19478,18646,18978,59111,1
90000,2,2,1,2,2,2,2,2,2,86643,87249,86858,86373,85875,82150,3881,3000,2800,1500,2299,2500,3357,2751,3142,3627,4125,7850,499168,1
390000,2,2,1,-1,-1,-1,-1,-1,-1,16406,16966,15428,13465,40736,39532,1500,1500,1000,30000,2000,3000,373594,373034,374572,376535,349264,350468,103533,0
50000,2,4,1,2,2,2,2,2,2,15679,16228,17796,17213,18432,18981,1100,2150,0,1500,1000,0,34321,33772,32204,32787,31568,31019,98579,1
320000,2,1,2,-1,-1,-1,-1,-1,-1,51058,34619,18079,18077,1792,18344,1240,1403,18084,1801,18352,2072,268942,285381,301921,301923,318208,301656,99017,0
20000,2,2,2,-1,-1,-1,-1,-1,-1,15907,17142,17844,18009,17356,17200,1498,1200,365,347,344,0,4093,2858,2156,1991,2644,2800,99704,0
200000,2,2,3,-1,-1,-1,-1,-1,-1,42292,43764,44030,48466,49183,46919,3000,2000,5000,2000,3000,3000,157708,156236,155970,151534,150817,153081,256654,0
500000,1,1,3,-2,-2,-2,-2,-2,-2,5255,721,17252,7388,6069,0,721,17252,7421,6069,0,0,494745,499279,482748,492612,493931,500000,5222,1
190000,2,4,1,1,-2,-2,-2,-2,-2,0,0,0,0,0,0,0,0,0,0,0,828,190000,190000,190000,190000,190000,190000,-828,0
70000,1,4,1,2,-1,-1,-1,-1,-1,5730,7625,9484,11317,13125,14742,2000,2000,2000,2000,2000,2000,64270,62375,60516,58683,56875,55258,50023,1
220000,1,4,2,-1,-1,-1,-1,-1,-1,8304,11526,1270,0,1121,500,11526,1282,0,1121,500,0,211696,208474,218730,220000,218879,219500,8292,1
50000,2,2,1,-1,-1,-1,-1,2,-1,28864,30090,31282,33350,32682,33385,2000,2000,2900,0,1400,1600,21136,19910,18718,16650,17318,16615,179753,0
50000,2,1,2,-1,-1,-1,-1,-1,-1,15175,16505,17516,17926,18487,19029,1579,1590,1000,1000,1000,1200,34825,33495,32484,32074,31513,30971,97269,0
50000,2,2,3,2,2,2,2,2,2,28390,29639,30854,30062,32705,33519,2000,2000,0,3300,1500,0,21610,20361,19146,19938,17295,16481,176369,0
70000,1,1,3,-1,-1,-1,-1,-1,-1,70730,58103,68197,50756,50843,46727,3500,15000,3000,2000,1840,1798,-730,11897,1803,19244,19157,23273,318218,0
80000,1,4,1,-1,-1,-1,-1,-1,-1,66982,66130,67489,68535,66835,64962,2986,3056,2787,2745,2564,2926,13018,13870,12511,11465,13165,15038,383869,0
50000,3,2,3,-1,-1,-1,-1,-1,-1,45487,45548,46076,19092,18227,18285,1858,1685,659,658,656,651,4513,4452,3924,30908,31773,31715,186548,0
150000,1,4,1,-1,-1,-2,-2,-2,-2,1345,0,0,0,0,0,0,0,0,0,0,24948,148655,150000,150000,150000,150000,150000,-23603,0
300000,1,2,2,-2,-1,-1,-2,-2,-2,540,1283,843,0,444,0,1283,843,0,444,0,0,299460,298717,299157,300000,299556,300000,540,0
50000,1,4,1,-1,-1,-1,-1,-1,-1,10973,12092,13386,13663,14440,15150,1300,1500,500,1000,1000,1000,39027,37908,36614,36337,35560,34850,73404,0
170000,2,2,3,-1,-1,-1,-1,-2,-2,4600,6519,7360,2437,2881,2659,2000,1000,2437,3103,2659,2659,165400,163481,162640,167563,167119,167341,12598,0
350000,1,2,2,-2,-2,-2,-2,-2,-2,316,316,316,466,466,316,316,316,466,466,316,316,349684,349684,349684,349534,349534,349684,0,0
470000,2,4,2,-1,-1,-1,-1,-1,-1,43353,47682,46429,43405,42796,44171,5000,2600,1500,1500,2000,1500,426647,422318,423571,426595,427204,425829,253736,0
20000,2,2,1,-1,-1,-1,-1,-1,-1,13610,14160,15200,14800,17800,10000,1360,1400,0,3000,200,0,6390,5840,4800,5200,2200,10000,79610,0
140000,2,4,1,1,-1,-1,-1,-1,-1,0,811,1633,1666,1700,0,811,1000,33,34,0,0,140000,139189,138367,138334,138300,140000,3932,0
60000,2,4,1,1,2,2,-1,-1,-1,45014,45698,39068,51205,54520,55964,1774,0,12858,4166,2350,3300,14986,14302,20932,8795,5480,4036,267021,0
160000,2,4,1,-1,-1,2,2,-1,-1,122339,137278,136572,95115,96847,101443,18518,3358,0,3200,8000,4366,37661,22722,23428,64885,63153,58557,652152,0
150000,1,4,1,-1,-1,-1,-1,-1,-1,101569,103688,107321,106614,108805,111012,3756,5350,2562,2629,2669,2739,48431,46312,42679,43386,41195,38988,619304,0
20000,1,4,1,-1,-1,-1,-1,-1,-2,292,780,0,593,0,0,780,0,593,0,0,0,19708,19220,20000,19407,20000,20000,292,0
210000,1,2,2,-1,-1,-1,-1,-1,-1,6808,4954,8739,5420,4450,4064,4960,8747,8,4450,4064,3870,203192,205046,201261,204580,205550,205936,8336,0
50000,2,2,1,-1,-1,-1,-1,-1,-1,3352,18685,15868,11348,7822,7357,18685,1105,500,500,500,1000,46648,31315,34132,38652,42178,42643,42142,0
210000,1,4,2,-1,-1,-1,-1,-1,-1,15332,10000,19875,57751,25456,10625,10000,19875,50000,15456,10625,213,194668,200000,190125,152249,184544,199375,32870,0
280000,1,1,3,-2,-1,-1,-1,-1,-1,593,1763,53669,4707,22014,3415,1777,53934,4726,22102,12,1301,279407,278237,226331,275293,257986,276585,2309,0
300000,2,2,2,-1,-1,-1,-1,-1,-1,15536,17923,27007,360,257,21140,10000,10140,360,257,21346,360,284464,282077,272993,299640,299743,278860,39760,0
230000,3,2,2,-1,-1,-1,-1,-1,-1,228342,189966,142377,143828,143698,143342,6100,7000,5356,5400,5200,5500,1658,40034,87623,86172,86302,86658,956997,0
250000,2,1,3,-2,-2,-2,-2,-2,-2,8996,18069,7966,3470,3128,2966,18069,7966,3470,3128,2966,3419,241004,231931,242034,246530,246872,247034,5577,0
500000,1,2,2,-1,-1,-1,-1,-1,-1,24170,8051,77908,50297,43679,49749,8091,78192,65,33766,37945,37947,475830,491949,422092,449703,456321,450251,57848,0
50000,2,2,3,-1,-1,-1,-1,-1,-1,12592,12899,7313,8036,3949,26984,2017,2000,1200,100,26984,5000,37408,37101,42687,41964,46051,23016,34472,0
50000,3,2,3,-1,-1,-1,-1,-1,-1,5942,5444,2464,2521,-1,167,1056,1000,57,0,168,1002,44058,44556,47536,47479,50001,49833,13254,0
150000,2,2,2,-1,-1,-1,-1,-1,-1,296846,301634,314201,84135,90500,0,7143,13700,15000,7500,0,0,-146846,-151634,-164201,65865,59500,150000,1043973,0
180000,1,4,4,1,-2,-1,-1,-1,-1,0,41300,41300,0,3270,41300,41300,41300,0,3270,41300,0,180000,138700,138700,180000,176730,138700,0,0
450000,2,2,2,-1,-1,-1,-1,-1,-1,136655,146400,156049,164076,170885,177483,13492,13641,12168,9650,9650,9650,313345,303600,293951,285924,279115,272517,883297,0
70000,2,6,1,1,2,-1,-1,-1,-1,4177,2657,2752,1048,462,830,0,1500,0,0,1123,0,65823,67343,67248,68952,69538,69170,9303,0
110000,3,1,3,-1,-1,-1,-1,-1,-1,93357,94938,79368,74778,75996,77423,4100,2612,2666,2700,2659,2694,16643,15062,30632,35222,34004,32577,478429,0
200000,1,1,3,1,2,-1,-1,-1,-1,203393,198272,120005,121023,128387,130960,0,5812,4500,9352,4700,5000,-3393,1728,79995,78977,71613,69040,872676,1
210000,2,4,2,1,-2,-2,-2,-2,-2,0,0,0,0,0,0,0,0,0,0,0,0,210000,210000,210000,210000,210000,210000,0,0
320000,1,2,2,-1,-1,-1,-1,-1,-1,146201,129311,112151,84218,76058,24068,5465,3137,52,2384,25094,30011,173799,190689,207849,235782,243942,295932,505864,0
20000,1,2,2,-1,-1,-1,-1,-1,-1,66599,67259,69521,16970,17326,17688,2317,2579,606,628,649,623,-46599,-47259,-49521,3030,2674,2312,247961,1
130000,2,4,1,-1,-1,2,-1,-1,-1,1110,1170,780,390,0,780,1170,0,0,0,780,0,128890,128830,129220,129610,130000,129220,2280,0
20000,1,1,1,-1,-1,-1,-1,-1,-1,16961,16365,9342,556,19967,1742,2000,1139,556,20191,1742,0,3039,3635,10658,19444,33,18258,39305,0
210000,1,1,2,-1,-1,2,2,-1,2,3391,775,450,125,800,325,1000,0,0,1000,0,650,206609,209225,209550,209875,209200,209675,3216,0
30000,2,4,2,-1,-1,-1,-1,-1,-1,25498,26149,26716,26918,27089,26277,1451,1408,1000,964,1136,716,4502,3851,3284,3082,2911,3723,151972,1
60000,3,2,2,1,2,2,-1,-1,-1,47987,48716,47632,48738,49601,52773,1788,0,1894,1801,3997,0,12013,11284,12368,11262,10399,7227,285967,1
110000,2,1,3,-1,-1,-1,-1,-1,-1,75565,64833,48586,48430,48150,48271,4009,5000,2000,2000,2000,1800,34435,45167,61414,61570,61850,61729,317026,0
130000,1,2,2,-1,-1,-1,-2,-2,-1,32236,41510,-1523,-1523,-1523,48477,10000,0,0,0,50000,5000,97764,88490,131523,131523,131523,81523,52654,0
500000,1,4,2,-1,-1,-1,-1,-1,-1,74615,74399,68761,70260,70143,68506,4010,6720,5000,5000,4000,5000,425385,425601,431239,429740,429857,431494,396954,0
500000,2,1,2,-1,-1,-1,-1,-1,-1,499231,511629,-311,6391,420,7619,22600,501,6892,421,7695,8679,769,-11629,500311,493609,499580,492381,978191,1
100000,2,2,2,-1,2,2,-1,-1,2,8102,10252,5607,59265,62554,55392,2500,0,59265,4100,2500,0,91898,89748,94393,40735,37446,44608,132807,1
220000,1,2,1,-1,-1,-1,-1,-1,2,29664,5995,8419,6523,508,370,1018,8424,20,878,1,3046,190336,214005,211581,213477,219492,219630,38092,0
50000,2,2,3,-1,-1,-1,-1,-1,-1,40561,97214,48890,8694,8876,9052,18280,2284,311,322,323,334,9439,-47214,1110,41306,41124,40948,191433,0
500000,1,1,3,-1,-1,-1,-1,-1,-1,1320,1320,1320,1320,1320,1320,1320,1320,1320,1320,1320,1320,498680,498680,498680,498680,498680,498680,0,0
50000,1,4,1,-1,-1,-1,-1,-1,-1,2459,2471,6015,5625,3056,2439,2471,6015,0,3056,2439,3026,47541,47529,43985,44375,46944,47561,5058,1
200000,1,2,3,-2,-2,-2,-2,-2,-2,1417,12643,3977,0,2500,199,12660,3977,0,2500,199,2944,198583,187357,196023,200000,197500,199801,-1544,0
320000,2,4,4,-1,-1,-1,-1,-1,-1,5714,7870,342,-6,1252,0,3000,342,2,1500,0,10701,314286,312130,319658,320006,318748,320000,-373,0
450000,2,2,1,1,2,-1,-1,-1,-1,16524,12624,11239,10569,3868,5000,676,1204,264,19,5000,0,433476,437376,438761,439431,446132,445000,52661,0
20000,3,2,1,8,7,6,5,4,3,43340,42619,35381,31539,27409,23567,0,0,0,0,0,300,-23340,-22619,-15381,-11539,-7409,-3567,203555,0
310000,2,2,3,-1,-1,-2,-2,-2,-2,500,0,0,0,0,0,0,0,0,0,0,0,309500,310000,310000,310000,310000,310000,500,0
120000,2,4,1,-1,-1,-1,-1,-1,-1,100727,96551,69676,44879,43532,44467,4324,3234,1448,1400,1400,1400,19273,23449,50324,75121,76468,75533,386626,1
200000,2,2,3,-1,-1,-1,-1,-1,-1,354304,303188,153179,156229,159708,163051,8000,5600,5600,6000,6000,7200,-154304,-103188,46821,43771,40292,36949,1251259,0
50000,3,1,4,-1,-1,-1,-1,-1,-1,49466,50544,25381,9652,9464,9248,2442,1669,330,1342,330,430,534,-544,24619,40348,40536,40752,147212,0
130000,3,1,3,-1,-1,-1,-2,-2,-1,100522,102650,0,0,0,6163,4650,0,0,0,6163,66564,29478,27350,130000,130000,130000,123837,131958,0
50000,2,4,1,-1,-1,-1,-1,-1,-1,25421,26704,26952,15673,13903,27775,2000,1000,3400,1500,25298,3961,24579,23296,23048,34327,36097,22225,99269,0
130000,2,2,1,-1,-1,-1,2,2,-1,16435,17166,19478,19862,19403,21070,1300,2600,1000,0,2000,2000,113565,112834,110522,110138,110597,108930,104514,1
50000,2,4,3,-1,-1,-1,-1,-1,-1,50221,49664,49611,2190,19769,19335,2215,1462,248,20787,21402,522,-221,336,389,47810,30231,30665,144154,0
30000,2,2,2,2,-1,-1,-1,-1,-1,17287,14493,17240,19934,22441,24899,3000,3000,3000,3000,3000,0,12713,15507,12760,10066,7559,5101,101294,0
30000,2,2,2,2,2,2,2,2,2,24014,25891,27385,27834,28241,28130,2274,2217,1200,1000,500,2000,5986,4109,2615,2166,1759,1870,152304,1
160000,1,2,2,-1,-1,-1,-1,-1,-1,390,390,390,520,540,390,390,390,520,560,390,0,159610,159610,159610,159480,159460,159610,370,1
50000,1,2,1,-1,-1,-1,-1,2,-1,43341,44442,45408,48279,47406,48553,1800,1729,3600,0,2055,2100,6659,5558,4592,1721,2594,1447,266145,0
80000,2,4,1,-1,-1,-1,-1,-1,-1,18112,8857,69841,59075,58998,61038,10084,79200,2108,2200,3006,2523,61888,71143,10159,20925,21002,18962,176800,0
60000,2,4,1,-1,-1,-1,-1,-1,-1,50269,47809,42769,38855,38768,38846,4749,1621,1400,1395,1500,1795,9731,12191,17231,21145,21232,21154,244856,0
230000,1,4,1,1,2,-1,-1,-1,-1,46628,45253,10507,6742,4387,1670,0,1000,135,4387,1670,2798,183372,184747,219493,223258,225613,228330,105197,0
390000,1,4,2,-1,-1,-1,-1,-1,-1,86124,89129,90294,92243,94186,97562,4300,3437,3346,3475,5000,10005,303876,300871,299706,297757,295814,292438,519975,0
110000,2,2,1,-1,-1,-1,-1,-1,-1,3242,4095,4296,5043,5194,6110,1300,1054,1000,1000,1000,1500,106758,105905,105704,104957,104806,103890,21126,0
50000,1,2,1,1,-2,-2,-2,-2,-1,0,0,0,0,0,181,0,0,0,0,181,1685,50000,50000,50000,50000,50000,49819,-1685,0
20000,2,2,2,1,2,2,-2,-2,-2,22382,20650,-15000,-15000,-15000,-15000,0,0,0,0,0,0,-2382,-650,35000,35000,35000,35000,-16968,1
100000,2,2,1,-1,-1,-1,-2,-2,-2,65324,11860,0,0,0,0,2106,0,0,0,0,0,34676,88140,100000,100000,100000,100000,75078,0
70000,3,2,2,-1,-1,-1,-1,-1,-1,32405,22484,23169,23337,18265,18001,10580,8009,10004,5000,5000,5000,37595,47516,46831,46663,51735,51999,94068,0
150000,2,1,2,2,2,-1,-1,-1,-1,156286,148841,134757,85874,84665,78130,57,6203,2819,3109,2842,3024,-6286,1159,15243,64126,65335,71870,670499,0
390000,1,2,2,-1,-1,-1,-1,-1,-1,19469,17227,17400,19180,20036,4071,2227,2400,2180,1036,2071,3291,370531,372773,372600,370820,369964,385929,84178,0
50000,2,1,1,-1,-1,-1,-1,-1,-1,47559,50463,49094,1884,19792,19809,3690,2500,942,19792,727,792,2441,-463,906,48116,30208,30191,160158,0
90000,2,2,1,2,2,-1,2,-1,-1,121368,102385,91591,66033,70654,121966,0,95800,0,6000,3000,3000,-31368,-12385,-1591,23967,19346,-31966,466197,0
290000,2,4,2,-1,-1,-1,-1,-1,-1,288994,296230,158127,234456,236813,211237,12549,7003,234456,9500,7592,7626,1006,-6230,131873,55544,53187,78763,1147131,1
20000,2,2,1,-1,-1,2,-1,-1,-1,19401,20610,19682,19593,20001,19466,3232,0,815,858,832,560,599,-610,318,407,-1,534,112456,0
90000,1,4,1,-1,-1,2,2,2,2,87916,87459,88183,91204,89687,91060,5800,5400,5804,0,6700,0,2084,2541,1817,-1204,313,-1060,511805,1
260000,3,2,3,-1,-1,-1,-1,-1,-1,266762,268508,266858,194413,189687,162473,11500,10000,5731,5654,5275,4000,-6762,-8508,-6858,65587,70313,97527,1306541,0
90000,2,4,1,-1,-1,-1,-1,-1,-1,92472,92518,91504,91706,91801,91753,4600,4100,3900,4000,3700,3700,-2472,-2518,-1504,-1706,-1801,-1753,527754,0
100000,2,4,1,3,2,-1,-1,-1,-1,104489,101123,101600,17046,1075,1442,0,4384,341,1075,1442,1396,-4489,-1123,-1600,82954,98925,98558,318137,1
150000,1,4,2,-1,-1,-1,-1,-1,-1,126419,128887,134208,139551,134321,104513,7000,12440,10000,5000,5000,10000,23581,21113,15792,10449,15679,45487,718459,0
60000,2,2,3,-1,-1,-1,-1,-1,-1,60987,60832,50469,40564,40601,40467,2145,1612,1404,1442,1445,1389,-987,-832,9531,19436,19399,19533,284483,0
80000,2,1,3,2,-1,-1,-1,-1,-1,80586,77960,79804,75299,76933,78953,3000,3200,3000,3400,3300,3500,-586,2040,196,4701,3067,1047,450135,0
80000,2,2,1,-1,-1,-1,-1,-1,-1,15621,3760,1368,0,1421,0,3768,1368,0,1421,0,0,64379,76240,78632,80000,78579,80000,15613,0
30000,2,2,1,1,2,-1,-1,-1,-1,30349,29580,30121,12787,6840,2250,0,1200,256,137,45,0,-349,420,-121,17213,23160,27750,110289,0
20000,2,1,2,-1,-1,-1,-1,-1,-1,2638,3016,3274,7028,1839,2985,3016,3282,7055,1839,2985,4988,17362,16984,16726,12972,18161,17015,-2385,0
50000,2,2,1,-1,-1,-2,-2,-2,-2,34500,0,0,0,0,0,0,0,0,0,0,0,15500,50000,50000,50000,50000,50000,34500,0
250000,1,4,2,-1,-1,-1,-1,-1,-1,43971,32009,13346,9163,8338,17793,1007,13346,9163,8338,18618,1763,206029,217991,236654,240837,241662,232207,72385,0
50000,1,4,1,-1,-1,-1,-1,-1,-1,41940,41811,35920,19987,18971,18654,1748,1253,2504,1004,1509,4495,8060,8189,14080,30013,31029,31346,164770,1
120000,3,4,2,-1,-1,-1,-1,-1,2,5152,4529,890,890,3040,1000,1015,890,890,3040,0,1580,114848,115471,119110,119110,116960,119000,8086,0
20000,2,2,2,1,-2,-2,-2,-2,-2,-25,-25,-25,-25,-25,-25,0,0,0,0,0,0,20025,20025,20025,20025,20025,20025,-150,0
280000,3,4,2,-1,-1,-1,-1,-1,-1,2186,2186,2184,2542,2186,2109,2196,2194,2554,2196,2119,17555,277814,277814,277816,277458,277814,277891,-15421,0
50000,1,2,2,-1,-1,-1,-1,-1,-1,46532,46624,45438,39527,7997,462,3000,1200,9,500,462,1500,3468,3376,4562,10473,42003,49538,179909,0
360000,3,2,3,-2,-2,-2,-2,-2,-2,348,7963,198840,390,390,390,8047,200222,1044,390,390,343,359652,352037,161160,359610,359610,359610,-2115,0
100000,1,2,2,-1,-1,-1,-1,2,-1,671,671,671,1642,821,671,671,671,1642,0,671,671,99329,99329,99329,98358,99179,99329,821,1
140000,3,2,3,2,2,2,2,2,-1,47556,48802,47722,50411,49473,50649,2300,0,3800,0,2000,2000,92444,91198,92278,89589,90527,89351,284513,0
170000,2,2,2,-1,-1,-1,-1,-1,-1,172382,173101,171158,121399,118539,121276,6558,6316,3828,3569,3959,3997,-2382,-3101,-1158,48601,51461,48724,849628,0
50000,2,2,2,-1,-1,-1,-1,-1,-1,25658,26539,27507,28299,12012,8923,1700,2080,3000,1000,1000,1000,24342,23461,22493,21701,37988,41077,119158,0
50000,3,1,3,-1,-1,-1,-1,-1,-1,49083,27822,28702,29119,29240,28664,1463,1733,1150,1480,1200,3135,917,22178,21298,20881,20760,21336,182469,0
120000,2,1,3,-1,-1,-1,-1,-1,-1,2486,151,2853,2896,1149,1758,260,5753,1153,3,1759,4084,117514,119849,117147,117104,118851,118242,-1719,1
170000,2,4,2,-1,-1,-1,-1,2,2,86401,88991,91571,94045,97965,101176,3991,4071,4000,5600,5000,4000,83599,81009,78429,75955,72035,68824,533487,0
380000,2,1,3,-1,-1,-1,-1,-1,-2,195221,188328,192624,149860,59256,61039,8000,8263,7127,4000,3000,2500,184779,191672,187376,230140,320744,318961,813438,0
400000,3,2,2,-1,-1,-1,-1,-1,-1,76917,79075,81864,83747,85487,88315,4000,4000,3000,3000,4000,4000,323083,320925,318136,316253,314513,311685,473405,0
50000,1,4,2,-1,-1,-1,-1,-1,-1,30145,26212,17354,18157,18952,14036,5000,2000,1000,1000,1000,1000,19855,23788,32646,31843,31048,35964,113856,0
440000,2,2,3,1,-2,-2,-2,-2,-2,22597,7288,5683,-20,-20,9881,7324,5683,20,0,9901,121971,417403,432712,434317,440020,440020,430119,-99490,0
30000,2,2,1,2,2,2,2,2,2,150,150,150,150,150,300,0,0,0,0,150,0,29850,29850,29850,29850,29850,29700,900,0
470000,1,1,2,-1,-1,-1,-1,-1,-1,5572,3595,22816,2360,4206,5527,3595,22816,2360,4356,5527,6420,464428,466405,447184,467640,465794,464473,-998,0
180000,3,2,3,-1,-1,-2,-1,-1,-1,1903,0,0,3155,1173,1021,0,0,3155,1173,1021,0,178097,180000,180000,176845,178827,178979,1903,0
110000,3,2,2,-1,-1,-1,-2,-2,-2,34000,223,0,0,0,0,223,0,0,0,0,0,76000,109777,110000,110000,110000,110000,34000,1
300000,1,2,1,-1,-1,-1,-1,-1,-1,76918,41773,31180,19507,18169,18533,4103,1427,600,1200,2500,18000,223082,258227,268820,280493,281831,281467,178250,0
120000,1,4,2,-1,-1,-1,-1,-1,-1,325,325,325,325,325,1866,325,325,325,325,1866,325,119675,119675,119675,119675,119675,118134,0,0
220000,1,2,2,-2,-2,-2,-2,-1,-1,3233,2106,666,1064,707,9213,2108,1332,1064,707,9325,1500,216767,217894,219334,218936,219293,210787,953,0
50000,1,2,1,-1,-1,-1,-1,-1,-1,50459,36307,27713,3807,2746,625,1600,3071,500,2800,900,100,-459,13693,22287,46193,47254,49375,112686,0
100000,2,1,3,1,-2,-2,-2,-1,-1,0,0,0,0,551,551,0,0,0,551,0,0,100000,100000,100000,100000,99449,99449,551,0
170000,1,4,2,-2,-2,-2,-2,-2,-2,3733,1958,5956,1836,3959,1285,1958,5956,1842,3959,1285,0,166267,168042,164044,168164,166041,168715,3727,0
360000,1,4,2,-1,-1,-1,-1,-1,-1,3355,5865,3300,6290,8220,28410,5865,3300,6290,8220,28410,4845,356645,354135,356700,353710,351780,331590,-1490,0
180000,2,4,3,-1,-1,-1,-2,-2,-1,4819,5240,999,495,1776,79785,1010,1003,496,1781,81032,3600,175181,174760,179001,179505,178224,100215,4192,0
120000,2,2,1,-1,-1,-1,-1,-1,-1,33474,29029,26523,20554,19348,17439,1789,2037,659,802,640,513,86526,90971,93477,99446,100652,102561,139927,0
210000,3,2,2,-2,-1,-1,-1,-1,-1,1649,1000,0,1761,675,752,1000,0,1761,675,752,1104,208351,209000,210000,208239,209325,209248,545,0
60000,2,1,4,-1,-1,-1,-1,-1,-1,28842,30371,31556,32345,33663,34945,2000,2000,1315,2000,2000,2000,31158,29629,28444,27655,26337,25055,180407,1
130000,2,1,3,-1,-1,-1,-1,-1,-1,20733,14261,22242,18265,21546,32411,7261,12272,10265,11546,12411,10000,109267,115739,107758,111735,108454,97589,65703,0
50000,3,2,2,-1,-1,-1,-1,-1,-1,3781,1710,25967,17227,15714,15876,1710,25000,754,600,800,1900,46219,48290,24033,32773,34286,34124,49511,0
50000,3,2,4,1,2,-1,-1,2,2,30505,29731,31062,33231,33736,33042,0,1831,3000,1182,0,1228,19495,20269,18938,16769,16264,16958,184066,1
100000,1,2,2,-1,-1,-2,-2,-2,-2,3976,0,0,0,0,0,0,0,0,0,0,402,96024,100000,100000,100000,100000,100000,3574,1
150000,3,2,3,-1,-1,-1,-1,-1,-1,90606,93496,94196,91550,89586,88300,4348,3229,3150,3348,3244,8778,59394,56504,55804,58450,60414,61700,521637,0
240000,2,1,2,2,-1,-1,-1,-1,-1,6848,836,2508,1672,836,563,836,2508,0,0,563,1090,233152,239164,237492,238328,239164,239437,8266,1
120000,2,3,2,-2,-2,-2,-2,-2,-2,7787,3495,1706,-4,-4,-4,3505,1711,0,0,0,0,112213,116505,118294,120004,120004,120004,7760,0
80000,2,2,2,-1,-1,-1,-1,-1,-1,199,199,199,199,0,22109,199,199,199,0,22109,45352,79801,79801,79801,79801,80000,57891,-45153,1
210000,2,2,1,2,2,-1,-1,-1,-1,174134,167095,161573,122362,116243,108414,16,6800,3800,5134,4000,4000,35866,42905,48427,87638,93757,101586,826071,1
80000,2,4,2,-1,2,-1,-1,-1,-1,1118,1102,10512,19529,27167,30878,0,10512,9529,8167,5000,6220,78882,78898,69488,60471,52833,49122,50878,0
50000,2,2,2,-1,-1,2,-1,-1,-1,20838,23204,22538,22864,23495,24100,3000,0,1000,1000,1000,1000,29162,26796,27462,27136,26505,25900,130039,1
50000,2,6,4,-1,-1,-1,-1,-1,-1,50671,50525,38240,18443,20065,20296,1844,1292,804,5717,823,1299,-671,-525,11760,31557,29935,29704,186461,0
330000,1,4,2,-1,-1,-1,-1,-1,-1,1406,1467,2599,17064,70464,-6053,1488,2599,17064,70464,0,232972,328594,328533,327401,312936,259536,336053,-237640,0
230000,3,2,1,-1,-1,-1,-1,-1,-1,152966,65722,11666,18844,34983,53935,65722,20000,18844,34983,408,14574,77034,164278,218334,211156,195017,176065,183585,0
30000,3,1,3,4,3,2,2,-2,-2,7221,6962,6700,0,0,0,0,0,0,0,0,0,22779,23038,23300,30000,30000,30000,20883,1
50000,1,1,3,2,-1,-1,-1,-1,-1,39159,40194,41209,42125,43443,44476,1669,1684,1600,2000,1753,1696,10841,9806,8791,7875,6557,5524,240204,1
220000,1,2,2,2,2,-1,-1,-1,-1,185955,181587,186054,188465,192758,196493,0,9000,7000,7500,7100,7500,34045,38413,33946,31535,27242,23507,1093212,0
270000,1,4,1,-1,-1,-1,-1,-1,-1,11306,11263,13021,4144,2291,36491,1500,2000,2000,1000,37500,1000,258694,258737,256979,265856,267709,233509,33516,0
160000,1,1,3,-1,-1,-1,-1,-1,-1,156400,157923,158746,153208,154163,155344,7200,8000,5510,5800,6000,5500,3600,2077,1254,6792,5837,4656,897774,0
10000,2,2,1,1,2,2,2,2,2,3892,3686,5064,4837,5208,5475,0,1600,0,600,500,0,6108,6314,4936,5163,4792,4525,25462,0
20000,2,2,1,-1,-1,-1,-1,-1,-1,15006,16166,17160,16760,16760,0,1406,1400,0,0,0,0,4994,3834,2840,3240,3240,20000,79046,0
30000,3,2,1,2,2,2,-1,-1,2,22440,24168,23481,23950,25659,25098,2390,0,859,2097,0,1092,7560,5832,6519,6050,4341,4902,138358,1
210000,2,4,2,-1,-1,-1,2,-1,-1,85965,88586,94412,92195,92491,94369,4000,7500,0,3000,5000,5000,124035,121414,115588,117805,117509,115631,523518,0
250000,2,2,4,-1,-1,2,-1,-1,-1,116256,122392,118668,95735,96509,97089,11500,0,3543,3700,3547,3165,133744,127608,131332,154265,153491,152911,621194,0
50000,2,2,1,-1,-1,-1,-1,-1,-1,23244,24364,25454,26030,26609,27662,1500,1500,1000,1000,1500,1100,26756,25636,24546,23970,23391,22338,145763,0
180000,1,4,1,-2,-2,-2,-2,-2,-2,584,1133,572,803,916,1189,1133,572,803,916,1189,375,179416,178867,179428,179197,179084,178811,209,0
200000,1,2,2,-1,-1,-1,-1,-1,-1,7429,24325,40258,15103,14079,20878,24325,40265,15159,14079,20878,26716,192571,175675,159742,184897,185921,179122,-19350,0
350000,1,1,2,-2,-2,-1,-1,-1,-2,16459,4120,44164,35233,884,9924,941,44743,0,884,9924,10824,333541,345880,305836,314767,349116,340076,43468,1
20000,1,2,1,-1,-1,-1,-1,-1,-1,18093,18543,18911,19000,19397,19941,1300,1611,700,704,867,597,1907,1457,1089,1000,603,59,108106,0
30000,3,2,2,-1,-1,-1,-2,-2,-2,30328,29999,0,0,0,0,1768,0,0,0,0,0,-328,1,30000,30000,30000,30000,58559,1
20000,1,1,2,2,-1,-1,2,2,2,6099,7559,8989,8436,12016,11404,2000,2000,0,4000,0,4000,13901,12441,11011,11564,7984,8596,42503,0
140000,3,4,4,2,-1,-1,-1,-1,-1,62042,63445,63729,63751,65421,68070,3000,2000,2000,2000,3000,3000,77958,76555,76271,76249,74579,71930,371458,1
30000,3,1,3,2,2,2,-1,-1,-1,18659,22544,21889,22721,23401,25000,4500,0,1500,1200,2000,3000,11341,7456,8111,7279,6599,5000,122014,1
180000,1,4,2,-1,-1,-1,-1,-1,-2,15743,9814,9161,8252,0,0,1205,9402,0,0,0,0,164257,170186,170839,171748,180000,180000,32363,0
20000,2,4,1,-1,-1,-1,-1,-1,3,8011,9041,10903,11622,13280,12778,1320,2181,900,2000,0,0,11989,10959,9097,8378,6720,7222,59234,0
100000,3,2,2,2,2,2,2,2,2,53530,55081,55581,59253,61145,62181,3000,2000,4600,3000,2200,2500,46470,44919,44419,40747,38855,37819,329471,1
100000,3,2,2,-1,-1,2,-1,-1,2,101972,115335,112016,112906,120101,138819,16608,0,4233,9200,21000,4000,-1972,-15335,-12016,-12906,-20101,-38819,646108,1
20000,2,1,3,-2,-2,-2,-2,-2,-2,0,0,0,0,0,0,0,0,0,0,0,19409,20000,20000,20000,20000,20000,20000,-19409,0
350000,1,1,2,-1,-1,-1,2,-1,-1,18685,21057,23291,22812,27418,20203,3000,3000,0,5000,5000,5000,331315,328943,326709,327188,322582,329797,112466,1
80000,2,2,2,-1,-1,-1,-1,-1,-1,80237,69568,64469,54020,55852,44286,3000,2500,2000,3000,2000,1500,-237,10432,15531,25980,24148,35714,354432,0
120000,3,2,3,-1,-1,-1,-1,-1,-1,44244,44075,44823,44683,45537,50293,2000,3000,2000,3000,7000,3000,75756,75925,75177,75317,74463,69707,253655,0
210000,2,4,2,-1,-1,-1,-1,-1,-1,1654,33257,34395,35321,36249,37047,32000,2000,1500,1500,1400,1600,208346,176743,175605,174679,173751,172953,137923,0
120000,1,1,2,-1,-1,-1,-1,-1,-1,32050,3872,52150,2740,4626,802,3872,52150,2740,4626,802,0,87950,116128,67850,117260,115374,119198,32050,0
20000,2,2,1,-1,-1,2,-1,-1,-1,8134,9992,10526,11049,11865,12665,2000,1000,1000,1000,1000,8100,11866,10008,9474,8951,8135,7335,50131,0
200000,3,2,1,-2,-2,-2,-2,-1,-1,848,753,547,-2,2040,0,753,547,2,2042,0,0,199152,199247,199453,200002,197960,200000,842,0
50000,2,4,4,-1,4,3,2,3,2,1126,1113,1092,1415,1115,569,0,0,323,0,0,1188,48874,48887,48908,48585,48885,49431,4919,0
170000,2,1,2,-2,-2,-2,-2,-2,-2,5635,6321,102108,2120,2873,0,6321,102108,2120,2873,0,870,164365,163679,67892,167880,167127,170000,4765,0
450000,1,1,2,1,-1,-1,-2,-2,-2,0,245,0,0,0,0,245,0,0,0,0,0,450000,449755,450000,450000,450000,450000,0,0
300000,1,2,2,-1,-1,-1,-1,-1,-1,396,396,396,0,792,68095,396,396,0,792,68095,1700,299604,299604,299604,300000,299208,231905,-1304,0
300000,1,2,2,-1,-1,-1,-1,-1,-1,295433,301521,308038,306154,295664,290329,13000,13116,11000,11000,12000,9300,4567,-1521,-8038,-6154,4336,9671,1727723,0
280000,2,1,2,-2,-1,-1,-2,-2,-2,2035,11009,9360,7480,4402,3646,11009,9370,7486,4402,3646,6059,277965,268991,270640,272520,275598,276354,-4040,0
170000,1,2,2,-1,-1,-1,-1,-1,-1,171160,187853,171095,137986,141319,139463,13000,6154,15000,6000,7000,5000,-1160,-17853,-1095,32014,28681,30537,896722,0
60000,1,1,2,2,-1,-1,-1,2,2,30013,31226,32396,34657,35456,34736,2000,2000,2800,1500,0,1500,29987,28774,27604,25343,24544,25264,188684,1
50000,2,2,1,-1,-1,-1,-1,-1,-1,23469,23110,22792,20861,19116,15286,1437,1236,649,831,568,226,26531,26890,27208,29139,30884,34714,119687,0
380000,2,1,2,-2,-2,-2,-1,-1,-2,0,0,990,2086,0,4069,0,990,2086,0,4069,10000,380000,380000,379010,377914,380000,375931,-10000,0
70000,1,2,3,2,-1,-1,2,2,2,45251,42685,45674,44639,47624,48592,1800,3700,0,3707,1900,0,24749,27315,24326,25361,22376,21408,263358,1
430000,1,1,3,-2,-2,-2,-2,-2,-2,4469,52213,46935,0,46987,882,52226,46935,0,46987,882,0,425531,377787,383065,430000,383013,429118,4456,0
180000,1,1,2,-1,-1,-1,-1,-1,-1,326,326,326,326,326,326,326,326,326,326,326,326,179674,179674,179674,179674,179674,179674,0,0
330000,2,2,3,1,2,2,2,2,2,289884,283863,301265,306752,313710,309446,0,22200,12000,12000,978,23500,40116,46137,28735,23248,16290,20554,1734242,0
250000,1,4,1,-1,-1,-2,-2,-1,-1,7374,0,0,0,2546,0,0,0,0,2546,0,0,242626,250000,250000,250000,247454,250000,7374,0
480000,1,2,2,-1,-1,-1,-1,-1,-1,384150,392013,361178,305024,289379,295768,15000,16000,12008,11000,11000,11000,95850,87987,118822,174976,190621,184232,1951504,0
210000,2,2,2,-1,-1,-1,2,-1,-1,1890,3037,2429,823,1089,1451,3037,1200,0,1089,1201,1031,208110,206963,207571,209177,208911,208549,3161,0
160000,2,2,1,-1,-1,-1,-1,-1,-1,25060,24306,17671,22121,40835,37471,8026,7804,7730,67296,1340,1280,134940,135694,142329,137879,119165,122529,73988,0
390000,4,2,1,1,2,-1,-1,-1,-1,407399,397464,395333,367400,304990,304303,0,14414,14411,76000,15000,13000,-17399,-7464,-5333,22600,85010,85697,2044064,0
280000,1,1,3,1,-2,-2,-2,-2,-1,-136,-496,-856,-1216,-1576,4266,360,360,360,317,6252,8,280136,280496,280856,281216,281576,275734,-7671,0
50000,2,1,2,-2,-2,-2,-2,-2,-2,390,390,0,780,0,0,390,0,780,0,0,0,49610,49610,50000,49220,50000,50000,390,0
350000,1,1,5,1,-1,-1,-1,-2,-1,0,1150,4576,0,0,1206,1150,4576,0,0,1206,0,350000,348850,345424,350000,350000,348794,0,1
230000,1,4,3,-2,-2,-2,-2,-2,-2,360,0,0,0,0,0,0,0,0,0,0,0,229640,230000,230000,230000,230000,230000,360,0
200000,3,3,2,-2,-2,-2,-2,-2,-2,5644,82620,14129,41359,9140,0,89187,14178,41359,9140,0,0,194356,117380,185871,158641,190860,200000,-972,0
30000,2,2,3,-1,-1,-1,-1,-1,-1,29596,29625,29523,29494,29464,29891,1600,1500,1500,1500,2000,2301,404,375,477,506,536,109,167192,0
50000,2,1,2,-1,-1,-1,-1,-1,-1,4719,22449,6640,5410,9570,1500,22530,6640,5410,9570,1500,0,45281,27551,43360,44590,40430,48500,4638,0
180000,1,2,1,-1,-1,-1,-1,-1,-1,24464,25332,11991,4394,200,200,1573,3007,4394,200,200,200,155536,154668,168009,175606,179800,179800,57007,0
150000,3,2,3,-1,-1,-1,-1,-1,-1,141415,144592,147635,129507,132219,134869,5457,5661,4636,4800,4850,5000,8585,5408,2365,20493,17781,15131,799833,1
70000,1,2,1,-1,-1,-1,-1,-1,2,39449,39742,40618,28782,30281,29175,2100,2000,1200,2590,0,1000,30551,30258,29382,41218,39719,40825,199157,0
150000,2,2,1,-1,-1,-1,-1,-1,-1,10111,9847,10870,12189,12836,13828,1158,1181,1500,836,1200,2000,139889,140153,139130,137811,137164,136172,61806,0
50000,3,2,1,1,2,2,-1,-1,2,43685,44694,43673,44659,49512,48454,2000,0,2000,6000,300,3000,6315,5306,6327,5341,488,1546,261377,0
430000,2,2,3,-1,-1,-1,-1,-1,-1,89395,90052,90604,91200,92134,92834,3243,3200,3185,3500,3500,3420,340605,339948,339396,338800,337866,337166,526171,0
70000,1,2,1,-1,2,2,2,2,-1,3635,4529,4308,4859,4638,4911,1100,0,624,0,500,1000,66365,65471,65692,65141,65362,65089,23656,1
20000,3,2,2,1,-1,-1,-1,-1,-1,0,832,0,832,1486,0,832,0,832,1486,0,1248,20000,19168,20000,19168,18514,20000,-1248,0
310000,1,2,2,-2,-2,-2,-2,-2,-2,115,894,0,0,0,0,894,0,0,0,0,0,309885,309106,310000,310000,310000,310000,115,1
160000,2,2,1,-1,-1,-1,-1,-1,-1,96814,69870,68984,55559,44705,28223,10008,20014,1894,6425,2204,62529,63186,90130,91016,104441,115295,131777,261081,0
30000,3,2,2,1,2,-1,-1,-1,-1,30771,29975,27541,27785,28839,29412,0,2000,1000,1500,1052,591,-771,25,2459,2215,1161,588,168180,0
480000,3,2,2,-2,-2,-1,-1,-1,-1,51303,74639,67306,19895,23650,12616,73428,20496,34,23682,29,10565,428697,405361,412694,460105,456350,467384,121175,0
180000,1,4,1,-1,-1,-1,2,-1,-1,99307,104403,110366,101550,98615,49730,6700,10605,0,4751,1754,0,80693,75597,69634,78450,81385,130270,540161,1
210000,2,1,3,-1,-1,-1,-1,-1,-1,5130,15266,11423,9329,12329,10039,15266,2500,1200,3000,1077,2104,204870,194734,198577,200671,197671,199961,38369,0
360000,1,2,2,-1,-1,-1,-1,-1,-1,312,312,312,312,251,-61,313,313,313,252,1,95971,359688,359688,359688,359688,359749,360061,-95725,1
180000,3,2,2,2,2,-1,-1,-1,-1,36864,35587,35989,36013,36164,31637,0,1800,1230,1200,1350,2310,143136,144413,144011,143987,143836,148363,204364,0
200000,1,4,1,1,2,-1,-1,2,2,16198,14320,15439,14757,14275,13680,0,5000,1000,0,2000,0,183802,185680,184561,185243,185725,186320,80669,0
50000,3,2,1,-1,-1,-1,-1,-1,-1,48423,44450,956,976,1976,2939,2150,956,20,1000,1000,1000,1577,5550,49044,49024,48024,47061,93594,1
240000,2,1,3,-1,-1,-1,-2,-1,-1,3972,783,0,0,3853,29252,783,0,0,3853,29252,16747,236028,239217,240000,240000,236147,210748,-12775,1
180000,1,4,1,-1,-1,-1,-1,-1,-1,35619,22745,12200,9531,10131,0,1745,1200,1531,3500,0,0,144381,157255,167800,170469,169869,180000,82250,0
80000,3,2,2,-1,-1,-1,-1,-1,-2,325,107,1107,1338,0,0,107,1000,1338,0,0,1080,79675,79893,78893,78662,80000,80000,-648,0
50000,3,2,2,-1,-1,-1,-1,-1,-1,42740,44744,47539,17360,17928,19619,3000,4000,1000,1000,2000,1000,7260,5256,2461,32640,32072,30381,177930,0
280000,2,2,2,-1,-1,-1,-1,-1,-1,101803,100836,96333,97475,100652,1823,5005,7066,10000,5000,1823,4225,178197,179164,183667,182525,179348,278177,465803,0
70000,1,4,1,-1,-1,-1,-1,-1,-1,43462,41845,40476,43687,43858,48127,3000,3000,7000,10000,15000,1000,26538,28155,29524,26313,26142,21873,222455,0
400000,1,2,2,-1,-1,-1,-1,-1,-2,6233,11152,-1,376,0,0,11219,0,377,0,0,1759,393767,388848,400001,399624,400000,400000,4405,0
210000,3,2,3,-1,-1,-1,-1,-1,-1,430,430,430,430,430,430,430,430,430,430,430,10798,209570,209570,209570,209570,209570,209570,-10368,0
80000,3,2,2,-1,-1,-1,-1,-1,-1,55424,56598,57724,58892,61991,63224,2068,2081,2113,5000,2264,2342,24576,23402,22276,21108,18009,16776,337985,0
30000,2,4,1,2,2,7,7,7,7,300,300,300,300,300,300,0,0,0,0,0,0,29700,29700,29700,29700,29700,29700,1800,0
310000,2,2,1,2,2,2,-1,2,-1,400,400,400,20334,19050,21573,0,0,20334,0,21573,0,309600,309600,309600,289666,290950,288427,20250,0
360000,3,4,1,1,-2,-2,-2,-2,-2,0,0,0,0,0,0,0,0,0,0,0,0,360000,360000,360000,360000,360000,360000,0,0
200000,2,2,1,-1,-1,-1,-1,-1,-1,29804,30892,25355,21666,15404,11559,20044,10198,15083,15450,11593,18784,170196,169108,174645,178334,184596,188441,43528,0
50000,2,1,2,-1,-1,-1,-1,-1,-1,50431,45619,33610,19221,18925,19608,1823,1500,1000,1000,1000,1000,-431,4381,16390,30779,31075,30392,180091,0
320000,2,2,3,-1,-1,-1,-1,-1,-1,49846,53811,38717,35409,35036,35939,5000,2000,2000,3000,3000,1500,270154,266189,281283,284591,284964,284061,232258,0
60000,2,2,1,-1,-1,-1,2,2,-1,23439,26042,29182,29906,29292,29729,3300,3900,1500,0,1074,1200,36561,33958,30818,30094,30708,30271,156616,0
230000,1,4,2,2,2,2,2,2,2,216409,221419,224753,228022,232724,260472,10000,8500,8500,8500,32000,200,13591,8581,5247,1978,-2724,-30472,1316099,0
150000,1,2,3,-1,-1,-1,-2,-2,-2,1843,1367,0,0,0,0,1367,0,0,0,0,0,148157,148633,150000,150000,150000,150000,1843,1
360000,1,2,2,-1,-1,-1,-1,-1,-1,165,853,165,300,0,1790,853,165,300,0,1790,0,359835,359147,359835,359700,360000,358210,165,0
50000,1,2,2,-1,-1,-1,-1,-1,-1,20613,28018,22744,18484,16378,13352,10000,10000,1500,3000,2803,5000,29387,21982,27256,31516,33622,36648,87286,0
280000,1,2,2,-1,-1,-1,-1,-1,-1,3915,6686,3719,11013,21011,29459,6691,85,11045,21012,29460,10284,276085,273314,276281,268987,258989,250541,-2774,0
50000,3,2,4,-1,-1,-1,-1,-1,-1,38499,39216,15554,8704,8904,4687,1743,1021,200,200,100,0,11501,10784,34446,41296,41096,45313,112300,0
500000,1,1,2,-1,-1,-1,-1,-1,-1,15491,22984,20700,19805,23802,23085,12992,2009,5000,5000,2000,7000,484509,477016,479300,480195,476198,476915,91866,0
400000,3,2,3,-1,-1,-1,-1,-1,-1,18487,12366,13010,12620,17945,20030,2620,1000,0,13945,7116,1280,381513,387634,386990,387380,382055,379970,68497,1
280000,2,2,1,-2,-2,-2,-2,-2,-2,1799,1768,1848,-8,1601,-3,1782,1857,0,1609,3,1077,278201,278232,278152,280008,278399,280003,677,0
360000,2,4,3,-1,-1,-1,-1,-1,-1,158277,203726,293675,196475,2475,0,50000,100000,0,0,0,0,201723,156274,66325,163525,357525,360000,704628,0
260000,1,4,1,1,-1,-1,-1,-1,-1,15502,16832,16832,16332,16332,-334,18000,16666,16666,16666,0,17000,244498,243168,243168,243668,243668,260334,-3502,1
330000,1,1,3,-1,-1,-1,-1,-1,-1,241191,114291,113296,35048,36491,37252,10000,5449,5000,2000,2000,5000,88809,215709,216704,294952,293509,292748,548120,0
350000,2,2,2,-2,-2,-1,-1,-1,-1,-7438,144562,147437,135043,137980,138908,152000,6000,5000,4000,4017,5000,357438,205438,202563,214957,212020,211092,520475,0
500000,2,2,2,-1,-1,-1,-1,-1,-1,36550,18752,22376,39018,4233,397,18795,22398,39041,4233,397,28337,463450,481248,477624,460982,495767,499603,8125,0
440000,1,2,2,-1,-1,-1,-1,-1,-1,128808,133340,133075,109705,111202,116169,10000,5000,5000,7126,10000,10000,311192,306660,306925,330295,328798,323831,685173,0
260000,2,2,1,-1,-1,-1,-1,-1,-1,234867,237497,215343,205576,207688,198955,10500,9150,7500,8000,7500,7100,25133,22503,44657,54424,52312,61045,1250176,0
500000,3,1,3,-1,-1,-1,-1,2,-1,36875,26031,32389,32830,17191,72198,1192,32382,2011,0,72198,10000,463125,473969,467611,467170,482809,427802,99731,0
100000,2,1,2,-1,-1,-1,-1,-1,-1,81415,80759,79755,81209,60720,74375,4000,3000,3004,2278,15000,3000,18585,19241,20245,18791,39280,25625,427951,0
70000,3,1,3,-1,-1,-1,-1,-1,-1,67670,62529,59024,26008,28210,18296,2730,2490,1000,5746,2000,143,2330,7471,10976,43992,41790,51704,247628,0
440000,1,2,3,-1,-1,-1,-1,-1,-1,58108,51013,48337,49532,53714,56818,2400,3000,2000,5000,4000,4000,381892,388987,391663,390468,386286,383182,297122,0
220000,1,2,3,-1,-1,-1,-1,-1,-1,208858,212640,216062,209288,202578,195567,7611,7484,7109,6969,6661,6426,11142,7360,3938,10712,17422,24433,1202733,0
160000,1,2,2,-1,-1,-1,-1,-1,-1,3189,3203,3421,2750,2750,5224,3248,3421,2750,2750,5224,2313,156811,156797,156579,157250,157250,154776,831,0
200000,2,1,3,-1,2,-1,-1,2,-1,7340,5980,4486,9790,4944,4696,0,4486,10000,0,4696,4696,192660,194020,195514,190210,195056,195304,13358,0
30000,2,4,1,-1,-1,-1,-1,-1,-1,24458,29022,28230,22204,21954,22606,5000,1518,529,535,750,347,5542,978,1770,7796,8046,7394,139795,0
110000,1,4,1,-1,-1,-1,-1,-1,-1,113461,112026,111792,111936,112030,111975,4251,4218,4167,4238,4181,4246,-3461,-2026,-1792,-1936,-2030,-1975,647919,0
60000,2,2,3,-1,-1,-1,-1,-1,-1,57033,58994,59732,36914,37684,38613,2880,2473,1322,1366,1554,1369,2967,1006,268,23086,22316,21387,278006,0
260000,1,2,1,-1,-1,-1,-1,-1,-1,76996,11515,13392,22209,54807,62534,11515,13419,22209,54807,62534,37935,183004,248485,246608,237791,205193,197466,39034,0
110000,2,1,2,-1,-1,-1,-1,-1,-1,109361,102505,103834,76491,77245,78049,3940,3256,2696,2780,2900,3000,639,7495,6166,33509,32755,31951,528913,0
260000,3,1,3,-1,-1,-1,-1,-1,-1,257987,260104,253488,145630,148720,139633,7100,135546,4500,4590,4501,4795,2013,-104,6512,114370,111280,120367,1044530,0
280000,1,4,2,-1,-1,-1,-1,-1,-1,157480,155362,156387,159584,163009,161769,6400,6100,5600,5805,7007,5400,122520,124638,123613,120416,116991,118231,917279,0
210000,1,2,2,-1,-1,-1,-1,-1,-1,462,562,1864,932,932,1014,1032,2234,0,932,1014,1000,209538,209438,208136,209068,209068,208986,-446,0
80000,2,2,2,-1,-1,-1,-1,-1,-1,5744,33115,34131,34809,35539,36271,33115,1568,1246,1291,1324,728,74256,46885,45869,45191,44461,43729,140337,0
200000,1,4,2,-1,-1,-1,-1,-1,-1,75360,57589,54711,44396,25948,14505,2050,15000,6003,845,290,12715,124640,142411,145289,155604,174052,185495,235606,0
100000,2,4,2,2,2,-1,-1,-1,-1,74763,73010,74198,74964,76655,78328,0,3000,2000,2000,2000,2000,25237,26990,25802,25036,23345,21672,440918,0
210000,2,1,3,-1,-1,-1,-1,-1,-1,9377,9534,9850,9905,8540,8785,9540,9856,9905,8540,8785,3080,200623,200466,200150,200095,201460,201215,6285,0
140000,2,4,2,1,2,-1,-1,-1,-1,148305,141907,141940,113028,112667,112318,0,7000,3923,4000,4100,4788,-8305,-1907,-1940,26972,27333,27682,746354,0
180000,1,2,1,-1,-1,-1,-1,2,2,93962,95955,98354,105327,107500,105614,3500,4000,8600,4000,0,8100,86038,84045,81646,74673,72500,74386,578512,0
240000,2,4,2,-1,-1,-1,-1,-1,-1,122810,114408,97395,83314,73292,59270,10066,7255,3035,3030,3018,2012,117190,125592,142605,156686,166708,180730,522073,0
150000,1,4,1,-1,-1,-1,-1,-1,-1,4857,1729,49200,50000,0,50000,1733,49200,1000,0,50000,0,145143,148271,100800,100000,150000,100000,53853,0
80000,2,1,4,-1,-1,-1,-1,-1,-1,105365,108702,108486,94119,18809,40619,5030,2698,2172,376,40619,25311,-25365,-28702,-28486,-14119,61191,39381,399894,1
210000,2,2,2,-1,-1,-2,-2,-2,-2,22908,32513,6192,2885,8419,2810,32513,9,8,8444,3118,0,187092,177487,203808,207115,201581,207190,31635,1
180000,1,4,1,-1,-1,-1,-1,-1,-1,12595,18704,24410,29184,7325,326,7000,7000,7000,5000,326,7276,167405,161296,155590,150816,172675,179674,58942,0
100000,1,4,1,-1,-1,-1,-1,-1,-1,96353,99710,102093,97701,99322,98787,4900,5000,4000,3800,3710,4100,3647,290,-2093,2299,678,1213,568456,0
20000,1,2,1,-1,-1,-1,-1,-1,-1,17359,16828,17723,18733,12249,19910,2700,4150,1500,577,8000,300,2641,3172,2277,1267,7751,90,85575,0
140000,2,2,2,-1,-1,-1,-1,-1,-1,128312,119084,62922,60196,58935,58654,5000,2200,2300,2300,2100,2000,11688,20916,77078,79804,81065,81346,472203,0
200000,3,2,3,-2,-2,-2,-2,-2,-2,390,1799,390,390,418,1604,1799,390,390,418,1604,0,199610,198201,199610,199610,199582,198396,390,0
80000,2,2,1,-1,-1,-1,-1,-1,-1,77142,45209,46410,43053,44387,43780,2000,2000,2000,2000,2000,2000,2858,34791,33590,36947,35613,36220,287981,0
20000,2,4,3,1,2,2,2,-1,-1,18718,18132,19530,18950,16510,19386,0,3000,0,1000,3000,2000,1282,1868,470,1050,3490,614,102226,1
80000,2,4,1,-2,-2,-2,-2,-2,-2,0,0,0,0,0,0,0,0,0,0,0,400,80000,80000,80000,80000,80000,80000,-400,0
170000,1,2,3,-1,-1,-1,-1,-1,-1,165602,138507,136176,61000,59477,44218,80000,4742,2022,2076,1776,10433,4398,31493,33824,109000,110523,125782,503931,0
70000,2,2,3,2,2,2,2,2,2,50241,51145,50022,53390,54579,55722,2000,0,4200,2200,2200,2200,19759,18855,19978,16610,15421,14278,302299,1
90000,3,2,3,-1,-1,-1,-1,-1,-1,3569,7319,7608,1720,45000,0,7385,7608,1720,45000,15000,1543,86431,82681,82392,88280,45000,90000,-13040,0
30000,2,2,2,-1,-1,-1,-1,-1,-1,22221,23248,24260,24743,25261,25763,1391,1403,886,917,922,955,7779,6752,5740,5257,4739,4237,139022,0
50000,1,2,1,-1,-1,-1,-1,-1,-2,2543,14335,566,5243,0,0,14439,566,5243,0,0,1380,47457,35665,49434,44757,50000,50000,1059,0
50000,2,4,1,-1,-1,-1,-1,-1,-1,390,1499,780,797,1166,0,1499,780,797,1166,0,0,49610,48501,49220,49203,48834,50000,390,1
260000,1,4,2,-1,-1,-1,-1,-1,-1,231024,208119,213219,202106,208890,215455,10000,10000,8000,10000,10000,20000,28976,51881,46781,57894,51110,44545,1210813,0
360000,1,2,2,-1,-1,-1,-1,-1,-1,50067,17607,41262,8882,17348,29216,17607,41285,8882,17348,29216,4043,309933,342393,318738,351118,342652,330784,46001,0
500000,3,4,4,-2,-2,-2,-2,-2,-2,0,0,0,0,0,0,0,0,0,0,0,0,500000,500000,500000,500000,500000,500000,0,1
160000,3,1,3,2,2,-1,-1,-1,-1,168501,160421,157661,73322,57835,41842,0,6322,2275,2343,3069,77005,-8501,-421,2339,86678,102165,118158,568568,0
460000,1,4,2,-1,-1,-1,-1,-1,-1,89095,93634,111899,199682,177073,175979,6000,20000,90000,9000,10000,10000,370905,366366,348101,260318,282927,284021,702362,0
20000,2,4,1,2,-1,-1,-1,-1,-1,19366,19297,20023,19625,15188,0,1800,1500,500,500,0,0,634,703,-23,375,4812,20000,89199,1
360000,2,2,1,1,-1,2,-1,-1,-1,0,1647,1488,490,1697,789,1647,5,2,1705,792,0,360000,358353,358512,359510,358303,359211,1960,0
300000,1,2,2,-1,-1,-1,-2,-2,-2,1008,228,0,0,0,0,228,0,0,888,0,0,298992,299772,300000,300000,300000,300000,120,0
70000,2,2,1,1,3,2,2,2,-1,29836,30856,30658,31850,31207,32037,1800,600,2000,0,1500,1500,40164,39144,39342,38150,38793,37963,179044,1
50000,1,4,1,-1,-1,-1,-1,-1,-1,26808,44361,32088,20100,15117,18501,30040,2037,592,5003,5012,2023,23192,5639,17912,29900,34883,31499,112268,0
150000,3,2,4,-1,-1,-1,-1,-1,-1,113647,117322,119935,124913,128108,131382,5001,4000,6006,5000,5008,0,36353,32678,30065,25087,21892,18618,710292,0
390000,2,1,3,-1,-1,-1,-1,-1,-1,1565,1733,2472,2626,989,4647,1733,2492,2637,992,4667,277,388435,388267,387528,387374,389011,385353,1234,0
280000,1,2,2,-1,-1,-1,-1,-1,-1,251486,245307,218043,196016,195307,168946,9352,8077,7171,8014,6235,4445,28514,34693,61957,83984,84693,111054,1231811,0
50000,3,2,1,-1,-1,-1,-1,-1,-1,3377,4256,4207,694,238,0,1000,4207,694,238,0,0,46623,45744,45793,49306,49762,50000,6633,0
280000,1,4,2,1,-2,-1,-1,-1,-1,0,0,3898,1460,18901,0,0,3898,1460,18901,0,0,280000,280000,276102,278540,261099,280000,0,1
50000,2,2,3,1,-2,-2,-2,-2,-2,0,0,0,0,0,0,0,0,0,0,0,0,50000,50000,50000,50000,50000,50000,0,0
50000,1,2,2,-1,-1,-1,2,-1,-1,13185,5070,6815,6068,7798,8511,1255,2000,0,2000,1000,500,36815,44930,43185,43932,42202,41489,40692,0
150000,1,4,1,-2,-2,-2,-2,-2,-2,0,0,0,0,0,0,0,0,0,0,0,0,150000,150000,150000,150000,150000,150000,0,0
120000,1,4,2,1,-1,-1,-1,-1,-1,0,1730,2457,2192,2655,0,1730,2459,0,2655,0,0,120000,118270,117543,117808,117345,120000,2190,1
360000,2,6,2,-1,-1,-1,-1,-1,-1,10764,8874,3501,328,0,770,1052,1002,328,0,770,11309,349236,351126,356499,359672,360000,359230,9776,0
20000,2,2,2,-1,-1,-1,-1,-1,-1,3010,1603,19980,19983,20066,19855,1272,19288,681,917,1000,889,16990,18397,20,17,-66,145,60450,0
50000,3,2,3,-1,-1,-1,-1,-2,-2,48797,49115,47991,0,0,0,2000,1018,0,0,0,0,1203,885,2009,50000,50000,50000,142885,0
20000,1,4,1,1,2,2,2,-1,-1,10407,10096,11926,11440,12596,13533,0,2000,0,1500,1300,0,9593,9904,8074,8560,7404,6467,65198,1
90000,2,1,2,-1,-1,-1,-1,-1,-1,90467,88834,89791,53096,52340,27660,4000,5000,3100,1700,1421,319,-467,1166,209,36904,37660,62340,386648,1
230000,2,1,2,-1,-1,-1,-1,-1,-1,176853,180639,180117,179717,124117,182717,10000,5000,0,5000,189600,10000,53147,49361,49883,50283,105883,47283,804560,0
20000,2,2,1,-1,2,-1,-1,-1,2,17990,17413,18608,19138,20690,20174,0,1502,822,2000,0,220,2010,2587,1392,862,-690,-174,109469,0
100000,2,4,1,-2,-2,-2,-2,-2,-2,45756,9187,5408,12920,9656,4737,9187,5408,12920,9656,4737,4513,54244,90813,94592,87080,90344,95263,41243,0
270000,2,2,1,-1,-1,-1,-1,-1,-1,214277,199757,198551,201945,203636,205104,10000,7500,8000,7409,7869,10035,55723,70243,71449,68055,66364,64896,1172457,0
160000,2,2,1,-1,-1,-1,-1,-1,-1,1390,550,550,550,550,550,550,550,550,550,550,550,158610,159450,159450,159450,159450,159450,840,0
80000,2,4,1,-1,-1,-1,-1,-1,-1,46724,35074,32812,25930,26414,27128,2000,2000,1100,1000,1100,1000,33276,44926,47188,54070,53586,52872,185882,0
10000,1,2,1,2,-1,-1,-1,-1,2,7554,8287,9580,9267,10096,9415,1500,2000,700,1500,0,1000,2446,1713,420,733,-96,585,47499,1
500000,2,2,1,-2,-2,-2,-2,-2,-2,11354,9983,13570,10000,10000,10000,9983,13587,10000,10000,10000,25304,488646,490017,486430,490000,490000,490000,-13967,0
90000,1,2,3,-1,-1,2,-1,-1,-1,16139,7199,4367,7660,21175,4009,4367,9,7660,21175,4009,7452,73861,82801,85633,82340,68825,85991,15877,0
150000,3,2,4,-2,-2,-2,-2,-2,-2,11067,12367,10557,9974,11507,1926,12405,10557,9974,11507,1926,5512,138933,137633,139443,140026,138493,148074,5517,0
50000,3,1,3,-1,-1,-1,-1,-1,-1,2522,1173,-88,2912,390,390,1173,0,3000,0,0,780,47478,48827,50088,47088,49610,49610,2346,0
260000,3,1,3,-1,-1,-1,-1,-1,-1,200716,203751,205530,-170000,171696,174151,8812,9158,0,497000,10000,7000,59284,56249,54470,430000,88304,85849,253874,0
50000,2,4,1,-2,-1,-1,-1,-1,-1,836,10214,10057,9221,8808,3861,10214,2000,0,423,3861,3665,49164,39786,39943,40779,41192,46139,22834,0
30000,1,2,1,-1,2,2,-1,-1,-1,1190,2107,1098,1098,1248,982,1098,0,0,982,150,0,28810,27893,28902,28902,28752,29018,5493,1
70000,2,2,1,2,2,2,2,-1,-1,46599,45578,48505,47427,48447,45145,0,4000,0,2000,1700,3000,23401,24422,21495,22573,21553,24855,271001,0
360000,1,1,4,1,-2,-2,-2,-2,-2,0,0,0,0,0,0,0,0,0,0,0,0,360000,360000,360000,360000,360000,360000,0,1
430000,1,4,2,-2,-1,-1,-1,-1,-1,673,4549,7566,987,4870,975,4576,7642,990,4889,981,317,429327,425451,422434,429013,425130,429025,225,0
50000,2,4,1,-1,-1,-1,-1,-1,-1,1291,2075,2895,2698,2500,2296,1100,1181,300,300,300,250,48709,47925,47105,47302,47500,47704,10324,0
150000,4,4,1,-1,-1,2,-1,-1,-1,22683,24349,2130,2130,32,-780,2219,0,0,0,0,0,127317,125651,147870,147870,149968,150780,48325,0
70000,2,4,1,1,2,-1,-1,2,2,17461,16892,18013,19315,19859,19390,0,1400,1600,1000,0,1000,52539,53108,51987,50685,50141,50610,105930,1
150000,1,4,1,-1,-1,-1,-1,-1,-1,42437,35082,19538,13277,3200,0,2265,2538,277,200,0,0,107563,114918,130462,136723,146800,150000,108254,0
110000,3,1,2,-1,-1,-1,-1,-1,-1,14084,11129,9316,7681,8897,11729,2500,2500,1000,1500,3000,500,95916,98871,100684,102319,101103,98271,51836,0
20000,1,4,2,-1,-1,-1,3,2,2,3527,4556,5867,5495,5126,5899,1241,1700,0,0,1000,0,16473,15444,14133,14505,14874,14101,26529,1
20000,3,2,2,-1,-1,-1,-1,2,2,7824,9000,9867,11929,12091,12245,1307,1174,2236,500,500,0,12176,11000,10133,8071,7909,7755,57239,0
50000,1,2,2,-2,-2,-2,-2,-2,-2,11479,12002,3508,339,1655,679,12002,3508,339,1655,679,1600,38521,37998,46492,49661,48345,49321,9879,0
10000,1,2,2,-1,-1,-1,-1,-1,-1,8417,6281,8567,10046,10063,10132,1700,4700,2502,1500,3000,0,1583,3719,1433,-46,-63,-132,40104,0
20000,2,2,1,-1,-1,2,-1,-1,-1,15703,19775,19096,19612,20164,19771,4663,0,1000,1000,5000,0,4297,225,904,388,-164,229,102458,0
180000,2,2,2,1,-2,-2,-2,-2,-2,149172,100466,98458,89384,88315,84320,4600,4207,3500,4000,5000,602,30828,79534,81542,90616,91685,95680,588206,1
60000,2,2,1,-1,-1,2,-1,-1,-1,60597,61332,58787,58472,57777,60985,5504,0,2304,2261,4600,2100,-597,-1332,1213,1528,2223,-985,341181,1
20000,1,1,2,1,2,2,2,2,-1,6885,8627,8340,10044,9739,10571,2000,0,1855,0,1000,397,13115,11373,11660,9956,10261,9429,48954,1
70000,1,4,1,-1,-1,-1,-1,-1,-1,71106,67954,68976,49145,49688,47780,3292,3290,1706,1759,1729,1717,-1106,2046,1024,20855,20312,22220,341156,0
60000,2,2,2,-1,-1,-1,-1,-1,-1,48399,48241,36162,36560,40855,885,1764,1400,5000,5000,885,1721,11601,11759,23838,23440,19145,59115,195332,0
200000,1,2,1,-2,-2,-2,-2,-2,-2,3330,2665,115323,21547,4056,3180,2686,115916,21722,4076,3196,17660,196670,197335,84677,178453,195944,196820,-15155,0
200000,1,2,2,1,-2,-1,-1,-1,-2,-1730,-1730,1111,1111,-29,-3789,0,3000,0,0,0,0,201730,201730,198889,198889,200029,203789,-8056,1
300000,1,2,2,-1,-1,-1,-1,-1,-1,3144,5688,2297,3115,3172,1589,5734,2018,3138,3187,1597,2394,296856,294312,297703,296885,296828,298411,937,0
390000,1,2,2,-1,-1,-1,-1,-1,-1,13006,522,1790,7957,3044,27603,524,1790,7957,3044,27603,11219,376994,389478,388210,382043,386956,362397,1785,0
80000,2,2,1,-1,-1,-1,-1,-1,-1,72364,64105,45867,29713,30270,27912,2756,1366,1000,1023,1093,700,7636,15895,34133,50287,49730,52088,262293,0
100000,1,4,1,-1,-1,-1,-1,-1,-1,12660,5000,0,6272,10135,11958,5000,0,6272,4000,2000,0,87340,95000,100000,93728,89865,88042,28753,0
230000,3,2,2,1,2,2,3,2,2,213894,218966,238075,233210,233833,190628,10040,28341,0,6508,187,5000,16106,11034,-8075,-3210,-3833,39372,1278530,0
40000,3,2,3,1,-2,-2,-2,-2,-1,0,0,0,0,0,150,0,0,0,0,150,159,40000,40000,40000,40000,40000,39850,-159,0
180000,2,2,1,-1,-1,-1,-1,-1,-1,33322,29500,28418,16084,14210,711,1900,1864,600,600,711,2576,146678,150500,151582,163916,165790,179289,113994,0
420000,2,2,1,-1,-1,-1,-1,-1,-1,22872,23309,24612,25400,26333,27887,1700,2000,1500,1500,2000,1567,397128,396691,395388,394600,393667,392113,140146,0
20000,2,1,4,-1,-1,-1,-1,-1,-1,2946,0,1473,240,390,1320,0,1473,240,540,1320,0,17054,20000,18527,19760,19610,18680,2796,0
340000,2,2,2,-1,-1,-1,-1,-1,-1,33639,37373,40990,42415,38367,37940,5000,5000,3000,2000,2000,3000,306361,302627,299010,297585,301633,302060,210724,0
20000,1,4,1,2,2,2,2,2,2,9317,18576,18219,17095,19748,18722,10000,800,0,3500,0,1000,10683,1424,1781,2905,252,1278,86377,1
320000,3,2,4,-1,-1,-1,-1,-1,-1,31858,33562,35119,36886,38756,40543,5000,5000,5000,5000,5000,5000,288142,286438,284881,283114,281244,279457,186724,0
360000,1,1,2,-2,-2,-2,-2,-2,-2,0,0,0,0,0,0,0,0,0,0,0,0,360000,360000,360000,360000,360000,360000,0,0
100000,1,4,1,-1,-1,-1,-1,-1,-1,33330,36282,38673,43014,48300,57497,3500,3000,5000,6000,10000,0,66670,63718,61327,56986,51700,42503,229596,0
310000,1,4,2,-2,-2,-2,-2,-2,-2,0,298887,0,0,0,0,298887,0,0,0,0,199417,310000,11113,310000,310000,310000,310000,-199417,0
140000,2,4,1,-1,-1,-1,-1,-1,-1,35806,36823,36285,36683,37150,41210,3000,1580,1294,1355,5000,5000,104194,103177,103715,103317,102850,98790,206728,0
200000,2,2,2,1,2,2,2,-1,-1,98990,96566,103019,100464,102844,105505,0,9000,0,4000,4500,4000,101010,103434,96981,99536,97156,94495,585888,0
30000,2,4,1,-1,-1,-2,-1,-1,-2,1743,0,0,2779,0,0,0,0,2779,0,0,0,28257,30000,30000,27221,30000,30000,1743,1
130000,3,2,1,-1,-1,-1,-1,-1,-1,132110,133734,129299,131871,132168,129779,6359,4505,4530,4798,4600,4655,-2110,-3734,701,-1871,-2168,221,759514,0
20000,3,2,3,-1,-1,2,-1,-1,-2,17095,19112,17980,18780,0,0,3000,0,1000,1000,0,0,2905,888,2020,1220,20000,20000,67967,0
120000,4,2,4,-1,-1,-1,-1,-1,-1,116497,109247,98109,74387,75237,78967,5000,5007,5000,5000,5000,5000,3503,10753,21891,45613,44763,41033,522437,0
190000,1,4,2,-2,-2,-2,-2,-2,-2,8010,922,3200,15010,4575,7279,922,3208,15010,4575,7279,0,181990,189078,186800,174990,185425,182721,8002,0
50000,2,2,1,-1,-1,-1,-1,-1,-1,43721,42060,42332,37872,35748,33631,2228,2500,1660,1457,1300,1340,6279,7940,7668,12128,14252,16369,224879,0
130000,4,4,1,-1,-1,-1,-1,-1,-1,107599,109902,112635,114472,117556,116090,4030,4600,4200,5000,5000,21932,22401,20098,17365,15528,12444,13910,633492,0
220000,2,2,3,-1,-1,-1,-1,-1,-1,28132,30362,31387,32559,35019,37422,2700,1534,1700,3000,3000,3000,191868,189638,188613,187441,184981,182578,179947,1
200000,2,2,1,-1,-1,-1,-1,-1,-1,70422,67991,56909,56841,51245,42268,3500,2472,1683,1755,1658,3579,129578,132009,143091,143159,148755,157732,331029,0
50000,3,2,4,-1,-1,-1,-1,-1,-1,37201,27863,27712,28433,21449,20688,1503,1352,1073,1077,900,1000,12799,22137,22288,21567,28551,29312,156441,0
30000,2,2,1,2,2,2,2,2,2,30954,30670,29856,30584,27883,29334,2074,0,2304,0,2400,0,-954,-670,144,-584,2117,666,172503,0
200000,2,2,2,1,-2,-2,-2,-2,-2,0,0,0,0,0,0,0,0,0,0,0,0,200000,200000,200000,200000,200000,200000,0,0
400000,3,2,4,2,-1,-1,-1,-1,-2,5523,8033,0,550,0,0,8037,0,550,0,0,0,394477,391967,400000,399450,400000,400000,5519,1
120000,1,2,3,-1,-1,-1,-1,-1,-1,118847,113190,114113,111593,112533,111672,5000,6000,5000,5000,5000,5000,1153,6810,5887,8407,7467,8328,650948,0
60000,2,2,2,-1,-1,-1,-1,-1,-1,45972,49874,47329,35587,36193,29978,5000,5000,5000,5000,5000,15000,14028,10126,12671,24413,23807,30022,204933,0
150000,1,4,1,-1,-1,-1,-1,-1,-1,3167,13680,12848,8445,6868,1310,13879,4000,0,0,1310,0,146833,136320,137152,141555,143132,148690,27129,0
240000,2,2,3,-2,-1,-1,2,2,3,16925,1411,1696,1437,2714,2202,1411,1200,0,1479,0,0,223075,238589,238304,238563,237286,237798,22295,0
130000,2,2,1,-1,-1,-2,-2,-2,-2,3594,0,0,0,0,0,0,0,0,0,0,0,126406,130000,130000,130000,130000,130000,3594,0
200000,3,1,3,2,-1,-1,2,2,2,91368,92989,99704,101169,103401,109831,4000,8300,4000,4000,8300,0,108632,107011,100296,98831,96599,90169,569862,1
240000,2,2,4,2,2,-2,-2,-2,-2,2500,0,0,0,0,0,0,0,0,0,0,0,237500,240000,240000,240000,240000,240000,2500,1
30000,1,4,1,-1,-1,2,-1,-1,-1,14885,16579,17498,25032,25626,27191,1939,1500,8213,1000,2000,3200,15115,13421,12502,4968,4374,2809,108959,1
50000,2,2,1,-1,-1,-1,-1,-1,-1,44335,44626,40928,29367,29156,27337,2126,2104,990,1200,1654,897,5665,5374,9072,20633,20844,22663,206778,0
30000,2,2,1,2,-1,-1,-1,2,2,13660,14708,17725,20320,19480,19222,1269,3286,2881,1,632,1,16340,15292,12275,9680,10520,10778,97045,0
310000,1,1,2,-2,-2,-2,-2,-2,-2,0,0,0,0,0,0,0,0,0,0,0,0,310000,310000,310000,310000,310000,310000,0,0
120000,2,4,1,2,2,2,2,-1,-1,111840,114252,115306,112404,114269,116332,5300,3600,0,3400,3500,4494,8160,5748,4694,7596,5731,3668,664109,1
290000,2,2,2,-1,-1,-1,-1,-1,-1,16196,17220,18231,18593,18986,19967,1292,1303,665,692,1300,636,273804,272780,271769,271407,271014,270033,103305,0
50000,2,2,3,-1,-1,-1,-1,-1,-1,45911,47521,48599,7476,7792,4122,2350,2421,298,468,1649,1500,4089,2479,1401,42524,42208,45878,152735,0
130000,1,4,1,-1,-1,-1,-1,-1,-1,86883,99516,77188,78304,79941,81648,40000,3400,3000,3052,3190,3300,43117,30484,52812,51696,50059,48352,447538,0
50000,4,1,2,-1,-1,-1,-1,-1,-1,47311,44136,17865,6431,6939,4509,2900,1035,500,508,410,0,2689,5864,32135,43569,43061,45491,121838,0
210000,2,2,2,-1,-1,-1,-2,-1,-1,98,1090,0,0,580,500,1120,0,0,580,500,0,209902,208910,210000,210000,209420,209500,68,0
50000,3,1,3,1,3,2,-1,-1,-1,4759,4540,4284,2946,1473,1473,0,0,0,0,1473,1473,45241,45460,45716,47054,48527,48527,16529,1
10000,2,4,3,-1,-1,-1,-1,-1,-1,6160,6787,7377,7127,6931,6660,1123,1103,243,296,280,16,3840,3213,2623,2873,3069,3340,37981,0
10000,3,2,1,-1,-1,-1,-1,-1,-1,5757,6706,7715,7873,8742,9551,1200,1128,286,1000,955,0,4243,3294,2285,2127,1258,449,41775,0
80000,2,4,1,2,2,3,2,3,2,75444,80025,78129,82581,81053,79133,6400,0,6300,0,0,5000,4556,-25,1871,-2581,-1053,867,458665,1
360000,2,1,5,1,-2,-2,-2,-2,-2,0,0,0,0,0,0,0,0,0,0,0,0,360000,360000,360000,360000,360000,360000,0,1
530000,1,2,2,-2,-2,-1,-1,-1,-1,12451,24095,15688,24511,12144,34963,24120,15791,12808,8090,34110,90231,517549,505905,514312,505489,517856,495037,-61298,0
20000,2,2,3,-1,-1,-1,-1,-1,-1,20376,19927,19907,19349,17484,-1216,2000,1500,607,1360,1300,20538,-376,73,93,651,2516,21216,68522,0
170000,2,1,3,-1,-1,-1,-1,-1,-1,131629,131374,129544,131937,132958,134525,5300,5100,5000,4700,5000,4800,38371,38626,40456,38063,37042,35475,762067,0
220000,2,2,2,-1,-1,-1,-1,-1,2,16090,4991,-1350,18150,350,200,4991,0,20000,350,0,16115,203910,215009,221350,201850,219650,219800,-3025,0
180000,3,1,3,-1,-1,-1,-1,-1,-1,991,991,1316,325,1657,325,991,1316,0,1657,325,325,179009,179009,178684,179675,178343,179675,991,0
440000,1,2,2,-1,-1,-1,-1,-1,-1,5302,13333,686,-414,2736,12586,13333,1383,0,3150,13000,5500,434698,426667,439314,440414,437264,427414,-2137,0
20000,2,1,5,2,-1,-1,-1,-1,-1,17870,18740,19343,19402,11731,0,1462,1367,682,627,0,0,2130,1260,657,598,8269,20000,82948,1
400000,2,4,2,1,-2,-2,-2,-2,-2,0,0,0,0,0,0,0,0,0,0,0,0,400000,400000,400000,400000,400000,400000,0,1
130000,2,2,1,-1,-1,-1,-2,-2,-2,44826,40650,0,0,0,0,1092,0,0,0,0,0,85174,89350,130000,130000,130000,130000,84384,0
420000,1,2,1,-1,-1,-1,-1,-1,-1,194505,144086,144169,122453,120509,119783,5479,5502,4193,5006,4503,4003,225495,275914,275831,297547,299491,300217,816819,0
80000,2,2,2,-1,-1,-1,-1,-1,-1,78688,80539,76681,34197,27398,28646,4000,2333,3032,28298,2000,2000,1312,-539,3319,45803,52602,51354,284486,0
20000,2,2,3,-1,-1,-1,-1,-1,-2,18569,40278,18760,18662,0,0,2500,3000,1000,0,0,0,1431,-20278,1240,1338,20000,20000,89769,0
320000,2,4,1,1,2,-1,-1,3,2,93070,90725,92697,106221,104313,103251,0,3500,15100,11,3129,11,226930,229275,227303,213779,215687,216749,568526,1
160000,1,1,3,-1,-1,-1,-1,-1,-1,27563,28350,25186,36100,21707,7928,5002,5000,14400,10000,4000,0,132437,131650,134814,123900,138293,152072,108432,0
50000,2,4,1,-1,-1,-1,-1,-1,2,48725,51175,50115,33814,34423,31988,4987,1661,2000,3000,0,3213,1275,-1175,-115,16186,15577,18012,235379,0
50000,2,2,2,-1,-1,-1,-1,-1,-1,14536,10827,9594,7309,1277,3310,2000,2000,2000,1277,3294,0,35464,39173,40406,42691,48723,46690,36282,0
70000,2,2,3,-1,-1,-1,-1,-1,-1,71037,71880,71927,71370,71003,71411,3352,3400,2900,2900,2900,2558,-1037,-1880,-1927,-1370,-1003,-1411,410618,0
20000,3,2,4,1,2,2,4,3,2,19074,18482,20329,19616,19303,1013,0,2300,0,0,0,2821,926,1518,-329,384,697,18987,92696,1
160000,2,4,1,-1,-1,-1,-1,-1,-1,157389,158475,162309,162462,160085,158236,6800,6500,6000,6200,6200,6000,2611,1525,-2309,-2462,-85,1764,921256,0
130000,1,4,2,1,-2,-2,-2,-2,-2,0,0,0,0,0,0,0,0,0,0,0,0,130000,130000,130000,130000,130000,130000,0,1
20000,1,4,1,-1,-1,3,2,2,-1,16918,20627,19985,19702,18395,18763,4000,1,651,0,655,653,3082,-627,15,298,1605,1237,108430,0
170000,2,2,3,-2,-2,-1,-1,-1,-1,18727,64028,107946,13608,110667,6878,66513,108323,13608,112876,3998,1118,151273,105972,62054,156392,59333,163122,15418,0
300000,1,4,2,-1,-1,-1,-1,-1,-1,729,0,236,766,227,0,0,236,800,227,0,0,299271,300000,299764,299234,299773,300000,695,0
160000,1,4,2,-1,-1,-1,-1,-2,-2,1672,4411,500,0,0,0,4411,504,0,0,0,0,158328,155589,159500,160000,160000,160000,1668,0
110000,3,2,4,1,-2,-1,-1,-2,-2,0,0,1000,0,0,0,0,1000,0,0,0,0,110000,110000,109000,110000,110000,110000,0,0
230000,1,4,1,-1,-1,-1,-1,-1,-1,92167,92799,94328,96203,98474,98835,3340,3401,3420,3797,3476,2818,137833,137201,135672,133797,131526,131165,552554,0
60000,2,4,1,-1,-1,-1,-1,-1,-1,40969,32724,24975,25475,26010,26183,1859,1410,910,939,1000,1000,19031,27276,35025,34525,33990,33817,169218,0
280000,1,1,2,-1,-1,-1,-1,2,-1,146368,244092,210226,177595,153181,145852,101585,90762,50119,282,50436,54184,133632,35908,69774,102405,126819,134148,729946,0
180000,1,4,3,1,-2,-1,-1,-2,-1,-6,-6,1251,0,0,679,0,1257,0,0,679,421,180006,180006,178749,180000,180000,179321,-439,0
30000,1,2,2,2,2,2,3,2,2,12109,12917,13909,13394,13036,15019,1300,1500,0,0,2200,0,17891,17083,16091,16606,16964,14981,75384,1
50000,2,4,1,-1,-1,-1,-1,-1,-1,48010,40668,30361,22266,18469,21551,5000,2000,5000,6560,10000,13694,1990,9332,19639,27734,31531,28449,139071,0
270000,2,2,3,-1,2,-1,-1,-1,-1,832,416,832,416,566,416,0,832,0,566,416,416,269168,269584,269168,269584,269434,269584,1248,0
80000,2,4,1,-1,-1,-2,-2,-2,-2,2346,0,0,0,0,0,0,0,0,0,0,0,77654,80000,80000,80000,80000,80000,2346,1
120000,1,2,2,2,-1,-1,2,-1,-1,25719,29961,32451,31630,34115,36551,5000,3000,0,3000,3000,4000,94281,90039,87549,88370,85885,83449,172427,1
120000,3,1,4,-1,-1,-1,-1,-1,-1,291,291,0,582,291,0,291,0,582,291,0,582,119709,119709,120000,119418,119709,120000,-291,0
30000,1,2,1,-1,-1,-1,-1,-1,-1,29025,28331,29792,30106,30318,28985,1507,5538,1030,1500,1500,1500,975,1669,208,-106,-318,1015,163982,0
380000,1,2,2,-1,-1,-1,-1,-1,-1,68943,75024,61114,60586,55489,55702,8000,5000,2500,5000,4000,4000,311057,304976,318886,319414,324511,324298,348358,0
80000,2,2,2,2,2,2,-1,-1,-1,80508,81731,78772,76818,70319,-1560,3100,0,2000,3000,0,75003,-508,-1731,1228,3182,9681,81560,303485,1
20000,2,4,1,-1,-1,-1,-1,-1,-1,17938,18798,19347,8007,4890,0,1456,1005,160,98,0,0,2062,1202,653,11993,15110,20000,66261,0
160000,3,1,2,-1,-1,-1,-1,-1,2,2947,4593,6057,6519,7130,6578,2000,2000,1000,1000,0,2000,157053,155407,153943,153481,152870,153422,25824,0
230000,2,4,1,-1,-1,-1,4,3,2,8328,0,600,600,300,150,0,600,0,0,0,686,221672,230000,229400,229400,229700,229850,8692,1
370000,2,2,2,2,-1,-1,-1,-1,-1,334394,337272,340152,345904,322168,272461,14005,12004,12362,12006,9555,11005,35606,32728,29848,24096,47832,97539,1881414,1
30000,3,2,3,1,2,-1,-1,2,-1,29717,28569,29168,30566,29229,26260,0,2000,2200,0,1100,1100,283,1431,832,-566,771,3740,167109,0
20000,2,4,1,-1,-1,-1,-1,-1,-1,20073,19940,19441,18680,19071,19217,1319,1291,656,679,784,376,-73,60,559,1320,929,783,111317,0
20000,2,2,1,1,3,2,2,-1,-1,17529,16967,17176,16605,17185,18340,0,780,0,1000,1600,1000,2471,3033,2824,3395,2815,1660,99422,1
470000,2,1,4,-1,-1,-1,-1,-1,-1,84672,86821,88892,90944,93739,96428,5000,5000,5000,5000,5000,5000,385328,383179,381108,379056,376261,373572,511496,0
220000,2,4,1,-1,-1,-1,-1,-1,-1,36106,33494,29518,29569,28587,21201,3000,3000,6000,5000,1136,10000,183894,186506,190482,190431,191413,198799,150339,1
80000,3,2,2,-1,-1,-1,-1,-1,-1,78887,69433,48198,49182,49939,50626,2569,2000,2000,1770,2002,2008,1113,10567,31802,30818,30061,29374,333916,0
180000,2,2,2,-2,-2,-2,-2,-2,-2,0,0,0,0,653,0,0,0,0,653,0,0,180000,180000,180000,180000,179347,180000,0,0
100000,2,4,2,-1,-1,-1,-1,-1,-1,24110,10497,20159,7053,0,1120,2000,20159,500,0,1120,1909,75890,89503,79841,92947,100000,98880,37251,0
10000,2,4,1,-1,-1,-1,-1,-1,-1,7888,8987,9604,9800,10000,0,1383,1000,196,200,1000,0,2112,1013,396,200,0,10000,42500,0
280000,2,2,4,-2,-2,-2,-2,-2,-2,2477,3470,0,0,0,0,3470,0,0,0,0,1715,277523,276530,280000,280000,280000,280000,762,0
110000,1,2,2,2,2,2,-1,-1,-1,107507,108067,83164,79428,80235,79412,7960,0,3000,3000,3100,3000,2493,1933,26836,30572,29765,30588,517753,1
210000,1,4,1,-1,-1,-1,-1,-1,-1,135066,121769,97575,93763,95790,92855,5600,4000,3220,3400,3252,3400,74934,88231,112425,116237,114210,117145,613946,0
200000,1,2,2,-1,-1,-1,-1,-1,-1,10317,5755,8587,7782,6987,7662,5788,8587,5314,5000,5000,6000,189683,194245,191413,192218,193013,192338,11401,0
260000,1,2,1,-1,-1,-1,-1,-1,-1,868,1317,1757,31741,3842,2450,1320,1770,31744,1,2606,291,259132,258683,258243,228259,256158,257550,4243,0
600000,1,2,2,-2,-2,-2,-2,-2,-2,-1,-1,1095,899,598,-2,0,1096,4,601,0,492,600001,600001,598905,599101,599402,600002,395,0
330000,2,1,3,-2,-2,-1,-1,-1,-1,19540,23240,166722,215506,138371,21757,25487,166744,60057,560,17921,201134,310460,306760,163278,114494,191629,308243,113233,0
500000,1,4,2,-1,-1,-1,-1,-1,-1,258257,247282,197247,188044,210940,201108,25239,18011,13014,45049,20102,89442,241743,252718,302753,311956,289060,298892,1092021,0
200000,1,3,1,-1,-1,-1,-1,-1,-1,7505,5894,3002,1715,2604,-1,5919,3017,1720,2611,0,380,192495,194106,196998,198285,197396,200001,7072,0
200000,2,1,2,2,-1,-1,-1,-2,-2,7300,3238,2655,2200,0,0,3238,2655,0,0,0,1966,192700,196762,197345,197800,200000,200000,7534,1
210000,2,4,1,-1,-1,-1,-1,-1,2,5353,280,4609,4703,6324,1621,280,4609,94,1621,0,32,204647,209720,205391,205297,203676,208379,16254,0
500000,1,2,3,-2,-2,-2,-2,-2,-2,3982,3700,12953,9019,4236,-31,3718,13023,9070,4257,0,0,496018,496300,487047,490981,495764,500031,3791,0
10000,2,2,3,-1,-1,-1,-2,-2,-2,4125,5275,0,0,0,0,1275,0,0,0,0,0,5875,4725,10000,10000,10000,10000,8125,0
160000,1,4,1,-1,-1,-2,-2,-2,-2,37000,0,0,0,0,0,0,0,0,0,0,0,123000,160000,160000,160000,160000,160000,37000,0
50000,3,2,3,-1,-1,-1,-1,-1,-1,50906,48888,47037,12187,9962,10015,2009,1180,1000,1000,348,1000,-906,1112,2963,37813,40038,39985,172458,0
130000,2,2,2,1,2,2,-1,-1,-1,130565,131878,115173,108310,112083,81362,5012,0,4000,5000,4000,2106,-565,-1878,14827,21690,17917,48638,659253,0
140000,1,4,1,-1,-1,-1,-1,-1,-1,138036,140922,144072,142381,142807,141635,6600,7000,5300,6000,5500,5500,1964,-922,-4072,-2381,-2807,-1635,813953,1
80000,2,4,3,-1,-1,-2,-2,-2,-2,83150,-8000,0,0,0,0,0,8000,0,0,0,0,-3150,88000,80000,80000,80000,80000,67150,0
500000,1,4,2,-2,-2,-2,-1,-1,-1,17496,1001,15782,29251,20095,77684,2000,5000,37223,0,80583,10155,482504,498999,484218,470749,479905,422316,26348,1
500000,2,2,2,-1,-1,-1,-1,-1,-1,146700,126765,107965,89339,67854,54918,4585,3789,3942,2433,10000,762,353300,373235,392035,410661,432146,445082,568030,0
320000,2,2,2,-1,-1,-1,2,-1,-1,4050,4914,6630,6393,9721,10584,1073,1789,0,3425,1000,3425,315950,315086,313370,313607,310279,309416,31580,0
50000,2,2,1,1,2,-1,-1,-1,-1,49612,48546,49157,49890,48941,49940,0,1900,1333,0,999,0,388,1454,843,110,1059,60,291854,0
120000,2,4,3,-1,-1,-1,-2,-2,-2,4180,5100,0,0,0,0,1000,0,0,0,0,0,115820,114900,120000,120000,120000,120000,8280,0
500000,1,1,4,-2,-2,-2,-2,-2,-2,0,0,994,3342,1240,700,0,994,3342,1240,700,2250,500000,500000,499006,496658,498760,499300,-2250,1
290000,2,2,3,-2,-1,-1,-1,-1,-1,-132,18364,2417,4583,1402,3227,18496,2429,4598,7,3227,1,290132,271636,287583,285417,288598,286773,1103,0
280000,1,1,4,-1,-1,-1,-1,-1,-2,19378,347,4197,3755,0,0,348,4399,18,0,0,0,260622,279653,275803,276245,280000,280000,22912,0
30000,3,2,3,-1,-1,-1,-1,-1,-1,39230,37737,36619,34752,33229,32211,1618,2000,1500,1500,2000,1248,-9230,-7737,-6619,-4752,-3229,-2211,203912,1
80000,1,2,2,1,2,2,2,2,2,21004,20384,22231,21576,23229,22708,0,2500,0,2000,0,1000,58996,59616,57769,58424,56771,57292,125632,1
50000,2,2,1,-1,-1,-1,2,-1,-1,48136,72898,36103,29384,29356,29089,3700,5396,6,1003,1449,1022,1864,-22898,13897,20616,20644,20911,232390,0
10000,3,2,1,1,2,2,2,2,2,7826,8745,8440,9229,8969,8819,1200,0,900,0,2000,0,2174,1255,1560,771,1031,1181,47928,0
550000,1,1,3,-1,-1,-1,-1,-1,-2,42141,1515,1488,18334,-114,-114,1522,1495,18426,0,0,22670,507859,548485,548512,531666,550114,550114,19137,1
60000,2,2,3,-1,-1,-1,-1,-1,-1,14895,6750,5784,5246,3760,11411,6750,5784,5246,3760,11411,7435,45105,53250,54216,54754,56240,48589,7460,0
140000,2,2,1,-1,-1,-1,-1,-1,-1,5925,7729,0,150,1550,98426,2000,0,150,1550,106155,3500,134075,132271,140000,139850,138450,41574,425,0
50000,2,4,1,-1,-1,-1,-1,-1,-1,46096,25370,26331,24749,25269,26847,1442,1403,1000,919,2000,1000,3904,24630,23669,25251,24731,23153,166898,0
300000,2,2,1,-1,-1,-1,-1,-1,-1,286321,283547,578971,293063,296677,230338,20000,12003,10524,11238,8814,9463,13679,16453,-278971,6937,3323,69662,1896875,1
30000,3,2,1,2,2,2,2,2,-1,26836,28894,30571,31011,30389,30115,2500,2670,2000,0,1000,1000,3164,1106,-571,-1011,-389,-115,168646,1
50000,2,4,1,1,-2,-2,-2,-2,-2,0,0,0,0,0,0,0,0,0,0,0,7700,50000,50000,50000,50000,50000,50000,-7700,1
250000,2,2,2,2,2,-2,-2,-2,-2,2500,0,0,0,0,0,0,0,0,0,0,0,247500,250000,250000,250000,250000,250000,2500,1
60000,1,2,2,-1,-1,-1,-1,-1,-1,54978,56144,57251,58543,58345,59757,2050,2053,2219,2200,2394,1890,5022,3856,2749,1457,1655,243,332212,0
80000,3,2,3,2,-1,-1,-1,2,2,57076,58358,58992,62696,64148,62965,2800,2200,4700,2600,0,4400,22924,21642,21008,17304,15852,17035,347535,0
480000,1,2,2,1,-2,-2,-2,-2,-2,-897,-897,-897,-897,-897,-897,0,0,0,0,0,0,480897,480897,480897,480897,480897,480897,-5382,0
30000,2,1,3,1,3,2,2,2,2,23171,22523,21863,23296,22783,24310,0,0,1800,0,1910,780,6829,7477,8137,6704,7217,5690,133456,1
10000,2,4,1,-1,-1,-1,-1,-1,-1,9150,9206,10051,9850,8214,8054,1185,1030,1000,1000,2000,2000,850,794,-51,150,1786,1946,46310,0
410000,1,4,3,-2,-2,-2,-1,-1,-1,0,0,0,150,150,1929,0,0,150,150,1929,136869,410000,410000,410000,409850,409850,408071,-136869,0
100000,1,1,2,-1,-1,2,2,2,2,38219,42604,44607,45576,46495,47182,5000,3000,2000,1800,1600,2000,61781,57396,55393,54424,53505,52818,249283,0
200000,3,1,3,-1,-1,-1,-1,-1,-1,84573,76348,50776,51018,25982,10170,2544,1433,3224,775,5000,2000,115427,123652,149224,148982,174018,189830,283891,0
380000,2,2,3,-1,-1,-1,-1,-1,-1,363191,373421,363343,290371,289600,288256,15504,14000,12500,12000,11000,14000,16809,6579,16657,89629,90400,91744,1889178,0
100000,2,2,1,-1,-1,-1,-1,2,-1,41298,42448,44368,48652,47885,48850,2000,2500,4900,0,1763,2000,58702,57552,55632,51348,52115,51150,260338,0
50000,3,2,1,-1,-1,-1,2,-1,-1,37651,38498,40644,39731,35657,27014,1754,2900,0,1265,832,500,12349,11502,9356,10269,14343,22986,211944,1
130000,2,2,1,-1,-1,-1,-1,-1,2,107216,91888,83975,76842,78093,67557,4000,4000,8000,6000,0,2500,22784,38112,46025,53158,51907,62443,481071,1
120000,2,2,2,-1,-1,-1,-1,-1,2,131773,58259,54699,54832,53693,48731,3000,1944,5000,3692,0,2000,-11773,61741,65301,65168,66307,71269,386351,0
150000,2,2,3,-1,-1,-1,-1,-1,2,139172,141401,137320,138016,144084,136604,6022,5022,5100,10500,0,10000,10828,8599,12680,11984,5916,13396,799953,0
310000,1,2,2,-1,-1,-1,-1,-1,2,1989,4566,5329,5724,1518,1336,4566,5433,5724,1336,0,3167,308011,305434,304671,304276,308482,308664,236,0
110000,2,4,4,-2,-2,-2,-1,-1,-1,150000,0,0,3007,857,55973,0,0,3007,857,100000,1000,-40000,110000,110000,106993,109143,54027,104973,0
420000,2,1,2,-1,-1,-1,-1,-1,-1,415257,411624,388363,390003,398229,409615,16850,15522,14000,14500,18007,12733,4743,8376,31637,29997,21771,10385,2321479,1
140000,2,1,1,-1,-1,-1,2,-1,-1,6007,7332,7983,3277,2964,4791,7340,7983,0,2964,4800,2353,133993,132668,132017,136723,137036,135209,6914,1
500000,1,2,2,1,-2,-2,-2,-2,-2,0,0,0,0,0,0,0,0,0,0,0,0,500000,500000,500000,500000,500000,500000,0,1
260000,2,4,1,-1,-1,2,2,-1,-1,258364,279322,282092,255409,257913,262004,45446,9000,0,9394,9628,8539,1636,-19322,-22092,4591,2087,-2004,1513097,0
90000,2,2,3,-1,-1,-1,-1,-1,-1,316,316,316,316,316,316,316,316,316,316,316,316,89684,89684,89684,89684,89684,89684,0,1
90000,2,4,3,-1,-1,-1,-1,-1,-1,48276,47820,46602,47141,16114,15825,2281,1219,1164,556,595,480,41724,42180,43398,42859,73886,74175,215483,0
20000,3,2,2,-1,3,2,-1,-1,-1,8918,8634,8280,11500,9000,0,0,0,4000,7000,0,0,11082,11366,11720,8500,11000,20000,35332,0
30000,2,2,2,-1,-1,-1,-1,-1,-1,36124,35538,34359,32450,30633,30628,2500,2215,1156,1200,3000,3000,-6124,-5538,-4359,-2450,-633,-628,186661,1
140000,2,2,2,-1,-1,-1,-1,-1,-1,45849,46909,47928,48731,49793,50812,2100,2100,1900,2000,2000,2100,94151,93091,92072,91269,90207,89188,277822,0
340000,2,4,2,-1,-1,-1,-1,-1,-1,80174,82761,83636,85282,87070,88828,3871,3136,3014,3123,3168,4855,259826,257239,256364,254718,252930,251172,486584,0
120000,1,4,2,-2,-2,-2,-2,-2,-2,-66,-33,-33,-33,-33,-33,0,0,0,0,0,0,120066,120033,120033,120033,120033,120033,-231,0
420000,1,1,2,-1,-1,-1,-1,-2,-2,18037,9944,3254,-16,-16,-16,3048,3016,0,0,0,3262,401963,410056,416746,420016,420016,420016,21861,0
100000,3,1,3,-2,-2,-2,-2,-2,-2,6345,0,0,0,0,0,0,0,0,0,0,0,93655,100000,100000,100000,100000,100000,6345,0
350000,2,4,2,-1,-1,-1,-1,-1,-1,128146,117713,51961,46207,35052,12536,4052,1700,1500,2000,500,2000,221854,232287,298039,303793,314948,337464,379863,0
50000,2,1,1,-1,-1,-1,-1,-1,-1,48992,49689,31368,9454,6020,5000,1769,1003,189,120,100,3710,1008,311,18632,40546,43980,45000,143632,0
30000,1,4,1,2,2,4,4,4,4,37,37,37,37,37,37,0,0,0,0,0,0,29963,29963,29963,29963,29963,29963,222,0
360000,1,4,1,-1,-1,-1,-1,-1,-1,1766,4500,14697,10687,1968,1272,4534,14697,0,2141,1272,24078,358234,355500,345303,349313,358032,358728,-11832,0
20000,3,4,1,-1,-1,-1,-1,-1,-1,17432,1165,19325,19311,18430,400,1165,19325,386,369,400,5125,2568,18835,675,689,1570,19600,49293,0
400000,2,4,2,-1,-1,-1,-1,-1,-1,2988,3983,3417,3267,186,1200,1222,1000,1200,186,1200,0,397012,396017,396583,396733,399814,398800,10233,0
170000,3,1,3,-1,-1,-1,-1,-1,-1,40441,40937,34090,34894,36829,37727,5000,2000,2000,3000,2000,2000,129559,129063,135910,135106,133171,132273,208918,0
110000,2,2,2,1,2,-1,-1,2,2,10448,10144,14516,19396,9298,14116,0,5000,5000,0,5000,0,99552,99856,95484,90604,100702,95884,62918,1
200000,2,2,2,-1,-1,-1,-1,-1,-2,390,31638,770,2108,0,0,31638,770,2118,0,0,0,199610,168362,199230,197892,200000,200000,380,1
200000,1,2,2,-2,-2,-2,-2,-2,-2,6540,17288,3009,20311,15643,5696,17301,3009,26257,15643,5696,12149,193460,182712,196991,179689,184357,194304,-11568,0
360000,1,2,1,-1,-1,-1,-1,-1,-1,5143,2092,1864,969,2500,0,6159,1870,969,2500,0,0,354857,357908,358136,359031,357500,360000,1070,0
500000,1,1,2,-1,-1,-1,-1,-1,-1,1961,1188,-150,150,6805,0,1188,0,300,6805,0,0,498039,498812,500150,499850,493195,500000,1661,0
20000,2,2,1,-1,-1,-1,-1,-1,-1,18462,16699,19674,19258,9546,12051,1510,3875,759,10000,19126,1946,1538,3301,326,742,10454,7949,58474,0
270000,3,1,2,3,2,-1,-1,-1,-1,150616,146262,149449,150893,153878,157324,0,7100,5500,6000,6000,5100,119384,123738,120551,119107,116122,112676,878722,0
20000,2,2,3,1,2,-1,-1,-1,-1,6535,6285,7672,8390,9101,9796,0,1500,1000,1000,1000,1000,13465,13715,12328,11610,10899,10204,42279,1
350000,1,2,3,-2,-2,-2,-2,-2,-1,0,0,0,0,0,1146,0,0,0,0,1146,54269,350000,350000,350000,350000,350000,348854,-54269,0
150000,2,2,1,-1,-1,-1,-1,-2,-2,115786,123423,5250,0,0,0,10000,5250,0,0,0,0,34214,26577,144750,150000,150000,150000,229209,0
260000,1,4,2,-1,-1,-1,-1,-1,-1,83138,93416,84117,28683,3154,13603,14038,5018,10000,3154,13603,9189,176862,166584,175883,231317,256846,246397,251109,0
90000,1,2,2,-1,-1,2,-1,-1,2,1650,721,421,2754,309,159,721,0,2833,1000,0,2000,88350,89279,89579,87246,89691,89841,-540,0
310000,2,2,2,-1,-1,-1,-1,-1,-1,162530,155831,96835,89223,80462,73899,6100,4252,5000,2780,4881,3000,147470,154169,213165,220777,229538,236101,632767,0
210000,1,4,3,1,-1,-1,-1,-1,-1,-3309,177952,167125,139784,142662,145725,184212,5482,3493,3590,3815,3876,213309,32048,42875,70216,67338,64275,565471,0
40000,2,2,3,1,2,-1,-1,-1,-1,11402,10928,11940,12241,12544,12835,0,1200,500,500,500,500,28598,29072,28060,27759,27456,27165,68690,1
80000,2,2,1,1,-2,-2,-2,-1,-1,0,0,0,0,13369,0,0,0,0,13369,0,0,80000,80000,80000,80000,66631,80000,0,0
50000,3,2,1,-1,-1,-1,-1,-1,-1,6673,5054,2340,1990,1377,1080,1056,1000,40,1377,1080,382,43327,44946,47660,48010,48623,48920,13579,1
370000,1,2,3,-1,-1,-1,-1,-1,-1,26555,1572,166229,168601,171018,600,1572,166235,3372,4018,600,600,343445,368428,203771,201399,198982,369400,358178,0
130000,2,2,1,-1,-1,-1,-1,-1,-1,113613,112867,92617,94896,92347,94323,5847,3413,3872,3465,3627,5000,16387,17133,37383,35104,37653,35677,575439,0
710000,2,2,3,-2,-2,-2,-1,2,-1,5200,0,0,1004,854,8626,0,0,1004,0,8000,5000,704800,710000,710000,708996,709146,701374,1680,1
180000,3,4,1,1,-1,-1,-1,-2,-1,0,35300,1000,0,0,1245,35300,1000,0,0,1245,0,180000,144700,179000,180000,180000,178755,0,0
80000,2,2,2,-1,-1,-1,-1,-1,2,42755,45053,46104,48327,53549,52457,3000,1800,3000,6000,2900,2000,37245,34947,33896,31673,26451,27543,269545,0
560000,1,4,2,-1,-1,-1,-1,-1,-1,68199,31211,23991,15488,12579,11400,1548,1446,14720,427,1000,300,491801,528789,536009,544512,547421,548600,143427,0
170000,1,4,1,-1,-1,-1,-1,-1,-1,47642,40779,34570,33153,24969,22893,4000,2006,1000,1000,1000,1000,122358,129221,135430,136847,145031,147107,194000,0
30000,3,2,5,-1,-1,-1,-1,-1,-1,8866,5884,11146,7779,8092,1565,5884,11146,0,8092,1565,2620,21134,24116,18854,22221,21908,28435,14025,0
430000,1,4,2,-1,-1,-1,-1,-1,-1,2202,7172,4705,2029,41581,25984,7232,4723,2035,41784,26108,37216,427798,422828,425295,427971,388419,404016,-35425,0
500000,2,2,2,-1,-1,-1,-1,-1,-1,7325,355,355,1204,2378,6344,355,355,1204,2378,6344,14889,492675,499645,499645,498796,497622,493656,-7564,0
10000,2,2,1,-1,-1,-1,-1,-1,-1,7606,7030,8454,9454,5784,0,2000,2000,1000,0,0,0,2394,2970,1546,546,4216,10000,33328,1
130000,1,4,1,-1,-1,-1,-1,-1,-1,5279,7887,10116,9110,6500,5874,4000,4000,2500,236,1700,74,124721,122113,119884,120890,123500,124126,32256,0
160000,2,4,4,-2,-2,-2,-2,-2,-2,3,3,3,3,13333,0,13333,13333,13333,26663,0,11913,159997,159997,159997,159997,146667,160000,-65230,0
150000,1,2,2,1,2,2,2,-1,-1,88590,85800,91242,88399,89629,94637,0,7400,0,3300,7000,0,61410,64200,58758,61601,60371,55363,520597,1
340000,2,2,3,-2,-2,-2,-2,-2,-2,33245,249,27476,0,0,24272,249,27477,0,0,24272,11008,306755,339751,312524,340000,340000,315728,22236,0
200000,2,2,2,-1,-1,-1,-1,-1,-1,184144,189158,190569,191730,171269,151550,8017,8000,8000,9000,7000,6000,15856,10842,9431,8270,28731,48450,1032403,0
130000,2,2,2,-1,-1,-1,-1,-1,-1,125780,128768,130112,129785,121609,123586,6500,5000,5000,5000,6000,5000,4220,1232,-112,215,8391,6414,727140,0
320000,3,2,2,-1,-1,-1,-1,-1,-1,49889,51151,48449,48948,49967,36697,2825,2961,1600,1579,1692,1068,270111,268849,271551,271052,270033,283303,273376,0
50000,3,1,4,2,-1,-1,-1,-1,-1,55518,52931,55122,33975,18827,19222,3000,4000,53083,1268,708,664,-5518,-2931,-5122,16025,31173,30778,172872,0
360000,1,1,3,-1,-1,-1,-1,-1,-1,2171,1063,91502,100125,84773,76951,1068,91679,45086,2223,2091,9890,357829,358937,268498,259875,275227,283049,204548,0
420000,2,4,1,-1,-1,-1,-1,-1,-2,408568,418589,426336,84732,64614,3068,18000,18691,5027,3000,3068,175056,11432,1411,-6336,335268,355386,416932,1183065,0
110000,1,2,2,1,2,-1,-1,-1,-1,2932,2373,2373,1475,3102,3151,0,2373,1475,4000,3000,2373,107068,107627,107627,108525,106898,106849,2185,0
80000,2,2,2,-1,-1,-1,-1,-1,-1,26994,28659,57803,27562,28224,28867,2000,30000,1000,1000,1000,1500,53006,51341,22197,52438,51776,51133,161609,0
60000,3,2,3,-1,-1,-1,-1,-1,-1,60283,61227,60385,30368,29667,30159,3000,1700,1135,1100,1500,1200,-283,-1227,-385,29632,30333,29841,262454,1
60000,2,2,1,-1,-1,-1,-1,-1,-1,47757,26340,16532,15782,17782,9450,1468,2000,0,2000,0,0,12243,33660,43468,44218,42218,50550,128175,0
210000,2,2,1,-1,-1,-1,-1,-1,-1,186109,168198,97223,202134,102844,39995,5929,3272,4362,5040,3195,105,23891,41802,112777,7866,107156,170005,774600,0
360000,1,2,3,-1,-1,-1,-1,-1,-1,42094,10594,31532,46342,56571,65268,10600,30000,20000,15000,10000,10000,317906,349406,328468,313658,303429,294732,156801,0
20000,2,2,3,-1,-1,2,-1,-1,-1,6111,10479,10167,10695,11365,12170,4500,0,1000,1000,1000,1000,13889,9521,9833,9305,8635,7830,52487,0
150000,1,4,3,1,-2,-2,-2,-2,-1,-874,-874,-874,-874,-874,4126,0,0,0,0,5000,0,150874,150874,150874,150874,150874,145874,-5244,0
310000,3,2,2,-2,-2,-2,-2,-2,-2,-44,-44,8915,-35,7028,-116,0,8959,0,7063,0,23240,310044,310044,301085,310035,302972,310116,-23558,0
240000,2,2,3,-1,-1,-1,-1,-1,2,3571,2298,2632,904,5559,2748,2309,2637,2,5567,8,2730,236429,237702,237368,239096,234441,237252,4459,1
160000,3,2,4,-1,-1,-1,-1,-1,-1,4144,2016,3384,1449,5542,7314,2016,3399,1449,5590,7314,1579,155856,157984,156616,158551,154458,152686,2502,0
240000,1,4,3,-1,2,2,-2,-1,-1,1841,764,-13,-13,687,-44,2,0,0,700,0,0,238159,239236,240013,240013,239313,240044,2520,0
20000,1,2,1,-1,-1,-1,-1,-1,-1,14677,16625,17924,18674,15452,15882,3004,3006,3007,489,2110,2201,5323,3375,2076,1326,4548,4118,85417,0
190000,1,1,4,-1,-1,-1,-1,-1,-1,390,390,390,390,6026,7410,390,390,390,6026,7410,390,189610,189610,189610,189610,183974,182590,0,1
280000,2,2,3,1,-2,-2,-2,-2,-2,-10,-10,-10,-10,-10,-10,0,0,0,0,0,0,280010,280010,280010,280010,280010,280010,-60,0
80000,2,3,4,-1,-1,-1,-2,-2,-2,3719,4444,0,0,0,0,1000,0,0,0,0,0,76281,75556,80000,80000,80000,80000,7163,0
290000,3,2,3,-1,-1,-1,-1,-1,-1,169004,166920,153092,3804,155233,148003,7600,7521,3804,160897,5198,6000,120996,123080,136908,286196,134767,141997,605036,0
200000,1,2,2,-1,-1,-1,-1,-1,-1,3987,1631,21698,12657,11349,9006,1631,21698,12657,569,3000,25000,196013,198369,178302,187343,188651,190994,-4227,0
320000,1,1,4,-2,-2,-2,-2,-2,-2,6426,-4,816,30026,49154,1299,0,824,31144,25664,2610,1833,313574,320004,319184,289974,270846,318701,25642,0
350000,2,4,1,-1,-1,-1,-1,-1,-1,16022,17059,17772,18127,18536,19224,1600,1300,650,700,1000,750,333978,332941,332228,331873,331464,330776,100740,0
110000,1,2,2,-1,-1,2,2,2,2,39768,44333,43320,48236,49195,48253,5548,0,5651,1876,0,2000,70232,65667,66680,61764,60805,61747,258030,0
300000,2,2,2,1,-2,-2,-1,-1,-1,0,0,0,363,0,944,0,0,363,0,944,2000,300000,300000,300000,299637,300000,299056,-2000,1
500000,1,2,3,1,-1,-1,-2,-1,-1,706,1108,380,-270,2305,2733,1242,380,22,2575,3009,6026,499294,498892,499620,500270,497695,497267,-6292,0
120000,1,4,2,-1,-1,-1,-1,-1,-1,500,2483,250,1579,223,421,2483,252,1579,223,421,8228,119500,117517,119750,118421,119777,119579,-7730,0
80000,3,6,2,-1,-1,-1,-1,-1,-1,5154,5390,6276,1322,500,175,1124,1010,1322,500,175,1331,74846,74610,73724,78678,79500,79825,13355,0
200000,2,4,2,-1,-1,-1,-1,-1,-1,198878,195883,190282,164492,165076,166008,7700,7527,4900,5100,5300,4610,1122,4117,9718,35508,34924,33992,1045482,1
150000,1,4,1,-1,-1,-1,-1,-1,-1,1551,2961,4175,1707,4492,6149,2990,4175,1707,4492,6149,34672,148449,147039,145825,148293,145508,143851,-33150,1
150000,1,4,3,-1,-1,-1,-1,-1,-1,145074,152179,149313,129768,136084,30312,11000,6000,40000,42000,34880,201277,4926,-2179,687,20232,13916,119688,407573,0
210000,2,1,3,1,-2,-2,-2,-1,-1,652,0,326,321,1435,8480,0,326,326,1440,8521,9592,209348,210000,209674,209679,208565,201520,-8991,0
150000,2,2,2,-1,-1,-2,-2,-2,-2,5382,0,0,0,0,0,0,0,0,0,0,0,144618,150000,150000,150000,150000,150000,5382,1
50000,1,4,1,-1,-1,2,-1,-1,-1,39052,44416,43407,44382,45672,46758,6000,0,2000,2000,2000,2000,10948,5584,6593,5618,4328,3242,249687,0
80000,2,1,2,-1,-1,-1,-1,-1,-1,79537,76226,49645,50235,47014,47575,2359,1745,1725,1704,1730,1677,463,3774,30355,29765,32986,32425,339292,0
50000,2,1,2,-1,-1,-1,-1,-1,-1,2522,0,2522,1261,1261,1428,0,2522,0,1261,1428,1261,47478,50000,47478,48739,48739,48572,2522,0
20000,2,2,4,2,-1,-1,-1,-1,-1,17393,18119,19413,19704,19563,20391,1315,2401,900,709,1548,0,2607,1881,587,296,437,-391,107710,0
50000,2,1,2,-1,-1,-1,-1,-1,-1,27516,28871,29500,28914,29529,29319,2000,1435,1149,1197,1009,990,22484,21129,20500,21086,20471,20681,165869,0
50000,1,2,1,1,2,2,2,2,2,14497,13975,25731,26112,26548,25970,0,12000,1100,1000,0,2500,35503,36025,24269,23888,23452,24030,116233,0
280000,2,1,3,1,2,2,2,2,2,188894,194489,197722,192140,203913,200564,10101,8000,0,15000,0,7053,91106,85511,82278,87860,76087,79436,1137568,1
230000,2,1,4,-1,-1,-1,-1,-1,-1,197993,84076,77766,70066,62865,55311,2965,3500,2600,2500,1901,2370,32007,145924,152234,159934,167135,174689,532241,0
230000,2,2,2,-1,-1,2,-1,-1,-1,38651,45681,44652,48540,52477,56506,8000,0,4970,4907,4936,5024,191349,184319,185348,181460,177523,173494,258670,1
80000,3,2,2,-1,-1,-1,-1,-1,-1,63185,62209,61991,30597,30794,30684,5021,10036,3000,2000,2000,2000,16815,17791,18009,49403,49206,49316,255403,0
60000,2,6,2,-1,-1,2,-1,-1,-1,12695,15453,13420,15211,14395,16141,3000,0,2000,1000,2000,1000,47305,44547,46580,44789,45605,43859,78315,0
200000,2,1,2,-1,-1,-1,-1,-1,-1,199669,204168,202381,172574,171795,170960,9300,7851,6400,6500,6537,6200,331,-4168,-2381,27426,28205,29040,1078759,0
30000,3,4,1,-1,-1,-1,-1,-1,-1,-854,29393,27390,2390,780,24310,33404,1000,2390,0,48620,156,30854,607,2610,27610,29220,5690,-2161,0
340000,1,4,2,-1,-1,-1,-1,-1,-1,32488,42449,30042,28987,13104,59204,42552,30084,29033,13120,59273,1241,307512,297551,309958,311013,326896,280796,30971,0
250000,2,2,3,-1,-1,-1,-1,-1,-1,4843,2942,1054,1708,3014,3037,2942,1057,1708,3014,3037,4974,245157,247058,248946,248292,246986,246963,-134,0
200000,1,1,4,-1,-1,-1,-1,-1,-1,1015,932,1453,821,1123,878,934,1461,823,1126,880,926,198985,199068,198547,199179,198877,199122,72,0
150000,1,2,2,-1,-1,-1,-1,-1,-1,146736,149030,148258,106114,105951,78487,7027,6000,3220,3600,2670,2618,3264,970,1742,43886,44049,71513,709441,0
100000,3,2,4,1,-2,-2,-2,-2,-2,0,0,0,0,0,0,0,0,0,0,0,0,100000,100000,100000,100000,100000,100000,0,0
220000,2,2,3,-1,-1,-1,-1,-1,-1,126532,90013,91191,86139,83743,78555,4500,4006,3000,3000,3000,6000,93468,129987,128809,133861,136257,141445,532667,0
140000,1,2,2,1,-2,-1,-1,-1,-1,-4,-680,1824,1508,300,-206,0,3000,0,0,0,2000,140004,140680,138176,138492,139700,140206,-2258,1
40000,1,1,1,-1,-1,2,-1,-1,-1,10371,11895,11228,2475,5341,6255,2567,0,2475,5341,1500,0,29629,28105,28772,37525,34659,33745,35682,1
200000,2,4,2,-1,-1,-1,-1,-1,-1,185070,182566,178604,181878,182444,185250,7022,6501,6500,6504,7008,8009,14930,17434,21396,18122,17556,14750,1054268,0
520000,1,4,2,-1,-1,-1,-1,-1,-1,60912,56728,55758,57911,54152,43108,7000,5000,5004,5000,5000,5031,459088,463272,464242,462089,465848,476892,296534,0
30000,2,2,1,-1,-1,-1,-1,-1,-1,16534,17213,17723,17431,17882,17694,2002,1553,1002,2002,1000,542,13466,12787,12277,12569,12118,12306,96376,0
20000,2,2,1,-1,-1,-1,-1,-1,-1,17973,17835,18795,18252,17589,17480,1318,1278,635,802,350,0,2027,2165,1205,1748,2411,2520,103541,0
50000,2,2,3,-1,-1,-1,-1,-1,-1,14633,12921,13957,16703,17052,17391,1218,1254,3000,617,621,643,35367,37079,36043,33297,32948,32609,85304,1
300000,3,4,1,-1,-1,-1,-1,-2,-2,143568,147715,149506,-4394,-4394,-4394,7951,6890,0,0,0,0,156432,152285,150494,304394,304394,304394,412766,0
500000,1,4,2,-1,-1,-1,-1,-1,-1,10935,4079,3943,3338,1224,31022,4081,4283,3338,1224,31022,1088,489065,495921,496057,496662,498776,468978,9505,0
490000,2,4,1,-1,-1,-1,-1,-1,-1,222705,191752,195022,196099,201289,86703,5011,5217,5000,5340,94762,5026,267295,298248,294978,293901,288711,403297,973214,0
200000,1,2,1,-1,-1,-1,-1,-1,-1,630,825,1890,1260,630,630,825,1890,0,0,630,1030,199370,199175,198110,198740,199370,199370,1490,0
40000,1,4,1,2,2,2,-1,-1,-1,19827,20709,21070,21420,23066,23683,1500,1000,1000,2000,1000,894,20173,19291,18930,18580,16934,16317,122381,1
150000,1,4,1,-1,-1,-2,-1,-1,-2,3752,2730,500,2727,712,0,2730,500,2727,712,0,0,146248,147270,149500,147273,149288,150000,3752,0
50000,1,1,1,-1,-1,-1,-1,-1,-1,48310,49690,40697,16751,17093,13191,2300,1400,335,342,4000,200,1690,310,9303,33249,32907,36809,177155,1
100000,2,2,1,-1,-1,-1,-1,-1,-1,99668,100181,99156,80234,80090,79494,4850,3740,2798,2865,3020,2377,332,-181,844,19766,19910,20506,519173,0
50000,3,2,3,2,2,2,-1,-1,2,44961,48164,38684,41034,43597,42743,4000,0,3000,3228,0,4000,5039,1836,11316,8966,6403,7257,244955,1
130000,2,4,1,-1,-1,-1,-1,-1,-1,390,390,36659,23150,27376,33104,780,36659,5000,5000,7000,5000,129610,129610,93341,106850,102624,96896,61630,0
70000,1,4,1,-1,-1,-1,-1,-1,-1,157,157,157,157,307,507,157,157,157,307,507,357,69843,69843,69843,69843,69693,69493,-200,0
30000,1,2,2,-1,-1,-1,-1,-1,2,28289,29537,29378,22692,24169,23782,2013,1440,800,1800,108,1130,1711,463,622,7308,5831,6218,150556,0
50000,1,2,1,-1,-1,-1,-1,-1,-1,31170,20413,13738,6326,1452,1612,2005,1206,1000,600,500,1000,18830,29587,36262,43674,48548,48388,68400,0
80000,1,1,3,-1,-1,-1,-1,-1,-1,1473,1473,24770,3366,1473,44314,1473,24770,3366,1473,44314,4000,78527,78527,55230,76634,78527,35686,-2527,1
220000,1,4,2,-1,-1,-1,-1,-1,-1,72546,74618,62379,37137,-669,14069,5206,30176,10258,14000,15070,6029,147454,145382,157621,182863,220669,205931,179341,0
200000,2,1,3,-1,-1,-1,-1,-1,-1,200378,162374,154234,143953,147834,147373,6061,7048,5016,10294,5136,5225,-378,37626,45766,56047,52166,52627,917366,0
120000,2,4,1,-1,-1,-1,-1,-1,-1,11296,12200,11761,6761,7189,1087,1400,1000,0,1000,1087,801,108704,107800,108239,113239,112811,118913,45006,0
100000,2,4,1,2,2,2,-1,-1,-1,98499,101051,98503,98949,48552,49545,5000,0,3900,1801,1800,2000,1501,-1051,1497,1051,51448,50455,480598,0
100000,3,2,4,1,-1,-1,-1,-1,-1,0,7240,7702,1550,12079,35920,7240,1000,1558,12079,35920,0,100000,92760,92298,98450,87921,64080,6694,0
50000,1,4,1,-1,-1,-1,-1,-1,-1,50025,22656,19610,17801,18078,18137,1626,1581,1000,900,700,1000,-25,27344,30390,32199,31922,31863,139500,0
240000,2,1,2,-1,-1,-1,-1,-1,-1,2208,5652,34351,22241,8472,500,5665,35000,8877,500,0,21257,237792,234348,205649,217759,231528,239500,2125,0
60000,1,2,1,-1,-1,-1,-1,-1,2,2295,5293,13421,9900,310,160,6000,10000,900,310,0,3400,57705,54707,46579,50100,59690,59840,10769,0
260000,2,2,2,-2,-2,-2,-2,-2,-2,8214,2149,3065,750,0,0,2151,3065,750,0,0,377,251786,257851,256935,259250,260000,260000,7835,1
30000,3,2,4,2,2,2,2,2,2,17643,18564,17969,20645,21666,21170,1500,0,3000,1500,0,1900,12357,11436,12031,9355,8334,8830,109757,1
440000,3,2,3,-1,-1,-1,-1,-1,-1,54408,57901,61914,65863,69792,73346,5000,5000,5000,5000,5000,5000,385592,382099,378086,374137,370208,366654,353224,0
360000,2,4,2,-1,-1,-1,-1,-1,-1,132250,132655,135959,139796,143642,147418,5000,5000,5000,5000,5000,5000,227750,227345,224041,220204,216358,212582,801720,0
50000,1,4,1,-1,-1,-1,-1,-2,-2,5310,34105,34536,0,0,0,29000,1000,0,0,0,0,44690,15895,15464,50000,50000,50000,43951,1
270000,1,1,4,-1,-1,-1,-1,-1,-1,316,316,316,5772,316,316,316,316,5772,316,316,5174,269684,269684,269684,264228,269684,269684,-4858,0
150000,1,4,1,-1,-1,-1,-2,-2,-2,30585,30138,0,0,0,0,6000,0,0,0,0,0,119415,119862,150000,150000,150000,150000,54723,0
200000,3,2,1,-1,-1,-1,-1,-1,-1,8355,8355,8355,8355,8355,8355,8355,8355,8355,8355,8355,8285,191645,191645,191645,191645,191645,191645,70,0
50000,2,2,2,-1,-1,-1,-1,-1,-1,44510,42564,38181,30805,28252,28783,3000,3000,3000,2000,2000,5000,5490,7436,11819,19195,21748,21217,195095,0
210000,1,4,2,-1,2,2,-1,-1,-1,970,2273,1303,5385,1814,0,1303,3,5387,1814,0,0,209030,207727,208697,204615,208186,210000,3238,0
50000,2,4,1,2,2,2,2,-1,-1,47760,45064,45744,43123,42343,43020,0,3400,0,1528,3038,0,2240,4936,4256,6877,7657,6980,259088,1
50000,2,2,1,-1,-1,-1,-1,-1,-1,19839,20231,20142,19920,19722,20437,1328,1315,703,723,1050,668,30161,29769,29858,30080,30278,29563,114504,0
440000,1,2,1,-2,-2,-1,-1,-1,-1,26430,23509,278956,274859,99618,103884,1249,279048,10758,5000,5080,2515,413570,416491,161044,165141,340382,336116,503606,0
60000,1,4,1,2,2,2,2,2,2,43662,42682,45603,44569,47452,46536,0,3628,0,3600,0,4000,16338,17318,14397,15431,12548,13464,259276,1
70000,2,2,3,-1,-1,-1,-1,-1,-1,6017,8798,3810,2790,0,4513,3000,1500,0,0,4513,0,63983,61202,66190,67210,70000,65487,16915,0
290000,2,4,1,-1,-1,-1,-1,-1,-1,71559,66658,68627,61578,59274,61314,2500,3000,3000,3000,3000,3000,218441,223342,221373,228422,230726,228686,371510,0
140000,2,2,1,-1,-1,-1,-1,-2,-2,487,487,2010,0,0,0,487,2010,0,0,0,299,139513,139513,137990,140000,140000,140000,188,0
310000,2,4,2,-1,-1,-1,-1,-1,-1,110786,115540,117674,108103,114721,105624,6555,6000,3272,15874,4182,15694,199214,194460,192326,201897,195279,204376,620871,0
450000,1,4,2,1,-2,-1,-1,-2,-2,-44,10223,200,0,0,0,10267,200,0,0,0,0,450044,439777,449800,450000,450000,450000,-88,0
360000,1,1,2,-1,-1,-1,-1,-1,-1,997,1267,3935,2437,2797,256,1270,3946,2444,2805,258,1,359003,358733,356065,357563,357203,359744,965,0
550000,2,2,2,-1,-1,-1,-1,-1,-1,383973,380082,389694,342198,344808,347188,15000,20000,20000,12000,12000,13000,166027,169918,160306,207802,205192,202812,2095943,0
180000,1,1,3,1,-2,-2,-2,-2,-2,0,0,0,0,0,0,0,0,0,0,0,4003,180000,180000,180000,180000,180000,180000,-4003,0
140000,2,1,2,-1,-1,-1,-1,-1,-1,34661,5309,51293,56740,59455,57532,5334,50006,9460,9461,2507,10007,105339,134691,88707,83260,80545,82468,178215,0
50000,1,2,2,-1,-1,-1,-1,-1,-1,17094,17779,19275,18829,15913,7561,2000,3000,1000,1000,1000,2115,32906,32221,30725,31171,34087,42439,86336,0
200000,2,2,2,-2,-2,-2,-2,-2,-2,0,0,441,653,500,600,0,441,653,500,600,751,200000,200000,199559,199347,199500,199400,-751,0
60000,2,1,2,-1,-1,-1,-1,-1,-1,54282,49541,46074,39917,39382,39799,2128,1608,1391,1410,1580,1548,5718,10459,13926,20083,20618,20201,259330,0
140000,1,2,1,-1,-1,-1,-1,-1,-1,3234,4324,5477,4490,1500,-51183,4340,5491,2013,1510,18,89898,136766,135676,134523,135510,138500,191183,-135428,0
70000,2,1,3,-1,-1,-1,-1,-1,-1,70293,69199,66398,66282,67580,67273,3300,2600,2600,3000,2600,2600,-293,801,3602,3718,2420,2727,390325,0
20000,2,2,4,1,2,2,2,3,2,7973,9686,9382,10821,10361,10046,2000,0,1600,0,0,1500,12027,10314,10618,9179,9639,9954,53169,0
100000,2,2,1,-1,-1,-1,-1,-1,-1,68963,64880,60536,55708,51724,48671,3000,2700,2000,1900,1700,1794,31037,35120,39464,44292,48276,51329,337388,0
360000,1,2,2,1,-2,-2,-2,-2,-2,0,0,0,0,0,0,0,0,0,0,0,0,360000,360000,360000,360000,360000,360000,0,0
100000,3,2,1,-1,-1,-1,-1,-1,-2,440,470,470,470,0,0,500,470,470,0,0,0,99560,99530,99530,99530,100000,100000,410,0
160000,3,4,3,-1,2,2,-1,-1,-1,26736,29052,28328,29099,29724,30624,3000,0,1200,1200,1500,2000,133264,130948,131672,130901,130276,129376,164663,0
160000,2,4,1,-1,-1,-1,-1,-1,-1,163418,164211,165587,161950,161680,164031,6200,7600,6100,5900,6300,7500,-3418,-4211,-5587,-1950,-1680,-4031,941277,0
130000,2,2,1,-1,-1,-1,-1,-1,-1,296,1299,-1,500,0,936,1003,0,501,0,936,1002,129704,128701,130001,129500,130000,129064,-412,1
100000,3,2,3,-1,-1,-1,-1,-1,-1,48923,48404,46266,45405,44723,42934,2084,1973,1708,1728,1621,1359,51077,51596,53734,54595,55277,57066,266182,0
90000,1,1,2,-1,-1,2,2,2,2,15952,18780,19177,18574,19721,19254,3100,1000,0,1600,0,800,74048,71220,70823,71426,70279,70746,104958,1
80000,2,2,1,2,-1,-1,-1,-1,-1,8613,12438,15212,15657,17404,19103,4000,3000,1000,2000,2000,2836,71387,67562,64788,64343,62596,60897,73591,0
220000,2,2,1,5,6,5,4,3,2,216435,219973,215959,210438,207114,210491,8355,1000,0,0,6800,97,3565,27,4041,9562,12886,9509,1264158,1
260000,1,2,2,-2,-2,-2,-2,-2,-2,5912,3768,1444,2402,2040,3172,3786,1451,2424,2050,3187,1972,254088,256232,258556,257598,257960,256828,3868,1
30000,3,1,3,2,2,2,3,5,4,25161,24476,28721,31262,30217,29158,0,5000,3300,0,0,0,4839,5524,1279,-1262,-217,842,160695,1
100000,2,2,3,1,2,2,-1,-1,-1,4535,3546,-2106,8538,390,150,0,0,10644,0,150,780,95465,96454,102106,91462,99610,99850,3479,1
80000,2,2,2,-1,-1,-1,-1,-1,-1,55084,51265,47950,48869,49445,49979,3012,2100,2001,2001,2000,1782,24916,28735,32050,31131,30555,30021,289696,0
20000,2,4,2,-1,-1,-1,-1,-1,-2,5526,5561,2935,5909,0,0,1032,2938,6039,0,0,0,14474,14439,17065,14091,20000,20000,9922,0
140000,1,1,3,-1,-1,-1,-1,-1,-1,19853,22525,25141,29701,34197,38615,3000,3000,5000,5000,5000,3000,120147,117475,114859,110299,105803,101385,146032,0
30000,1,4,1,1,-2,-2,-2,-2,-2,0,0,0,0,0,0,0,0,0,0,0,0,30000,30000,30000,30000,30000,30000,0,1
90000,2,1,2,-1,-1,-1,-1,-1,-1,20612,21956,23280,23812,24377,24821,1676,2000,1220,1100,1000,1100,69388,68044,66720,66188,65623,65179,130762,0
150000,2,4,1,-1,-1,-1,-1,-1,-1,59555,59684,59501,59075,59171,53557,2812,2599,2143,2208,2112,5000,90445,90316,90499,90925,90829,96443,333669,0
250000,3,1,1,-1,-1,-1,-1,-1,-1,191305,90497,92278,93354,95309,97411,3899,3913,3186,3301,3525,3095,58695,159503,157722,156646,154691,152589,639235,0
20000,2,2,2,1,2,2,-1,-1,-1,19911,20797,20085,20126,20469,20655,1500,0,500,650,600,0,89,-797,-85,-126,-469,-655,118793,1
50000,2,1,1,-1,-1,-1,-1,-1,-1,20914,29303,2515,7885,14493,2113,10087,2522,7951,14493,2120,3027,29086,20697,47485,42115,35507,47887,37023,0
100000,2,1,2,3,2,-1,-1,-1,-1,2000,1000,3000,2000,1000,1150,0,3000,0,0,1150,0,98000,99000,97000,98000,99000,98850,6000,1
500000,1,1,3,-1,-1,-1,-1,-1,-1,3580,18785,10742,37171,6192,31453,18785,10742,37171,6192,31453,12333,496420,481215,489258,462829,493808,468547,-8753,0
50000,2,2,2,2,-1,-1,-1,-1,-1,47357,49260,50556,12557,9959,11361,3000,3266,600,1672,20000,1000,2643,740,-556,37443,40041,38639,151512,0
40000,1,4,1,-1,-1,-1,-1,-1,-1,32228,38904,4235,87230,72647,65070,8040,4235,87230,3000,10000,4317,7772,1096,35765,-47230,-32647,-25070,183492,0
80000,2,2,2,-1,-1,2,-1,-1,2,75530,79324,76090,75892,77310,80752,7000,0,3000,4000,5000,0,4470,676,3910,4108,2690,-752,445898,0
100000,1,1,2,-1,-1,-1,-1,-1,-1,45124,46168,47160,98775,49513,53433,1730,1722,3214,2119,5064,0,54876,53832,52840,1225,50487,46567,326324,0
180000,1,2,1,-2,-2,-1,-1,-1,-1,1073,3191,10693,11285,13863,5646,3206,10696,1291,3877,11077,700,178927,176809,169307,168715,166137,174354,14904,0
90000,3,2,4,-1,-1,-1,-1,-1,-1,87235,88338,78994,50095,48987,49519,4000,2602,2000,3000,2000,5000,2765,1662,11006,39905,41013,40481,384566,0
10000,2,4,1,-2,-2,-2,-2,-2,-2,1082,2731,757,876,3551,0,2731,757,876,3551,0,13460,8918,7269,9243,9124,6449,10000,-12378,0
200000,1,4,2,-1,-1,-1,-1,-1,-1,165,145,-20,446,165,0,145,0,631,0,0,165,199835,199855,200020,199554,199835,200000,-40,0
80000,3,1,4,2,2,2,2,2,2,7431,9895,9937,9629,10571,10749,2600,350,0,1100,500,1300,72569,70105,70063,70371,69429,69251,52362,1
90000,2,2,2,2,2,2,2,2,2,62011,63426,64288,65236,66639,67893,3000,2500,2600,2600,2500,2800,27989,26574,25712,24764,23361,22107,373493,1
80000,2,2,3,-1,-1,-2,-2,-2,-2,30900,0,0,0,0,0,0,0,0,0,0,0,49100,80000,80000,80000,80000,80000,30900,1
90000,2,4,1,2,2,2,-1,-1,-1,124457,118666,105806,98257,91442,66762,6600,0,2915,3154,2977,90000,-34457,-28666,-15806,-8257,-1442,23238,499744,1
80000,2,2,3,-1,-1,-1,-1,-1,-1,2350,2350,4700,2350,2350,2350,2350,4700,0,2350,2350,350,77650,77650,75300,77650,77650,77650,4350,0
140000,1,2,1,-1,-1,-1,-1,-1,-1,832,0,825,409,521,416,0,825,0,528,416,1059,139168,140000,139175,139591,139479,139584,175,1
480000,2,1,2,-1,-1,-1,-1,-1,-1,398380,394515,393648,330221,296004,279768,20091,25370,15203,12013,12013,10135,81620,85485,86352,149779,183996,200232,1997711,0
230000,1,1,2,1,2,2,2,2,-1,276758,282285,269849,255954,235290,203223,12000,10000,8300,0,8006,6270,-46758,-52285,-39849,-25954,-5290,26777,1478783,0
70000,1,2,1,-1,3,2,-1,-1,-1,4168,3942,1929,2870,1435,3047,0,0,1980,0,3047,0,65832,66058,68071,67130,68565,66953,12364,1
200000,1,4,2,-1,-1,-1,-1,-1,-1,126082,127734,125205,113304,114667,110138,6216,4371,4037,6613,4055,3575,73918,72266,74795,86696,85333,89862,688263,0
180000,1,4,2,-1,-1,-1,-1,-1,-1,66376,67033,68862,71970,69843,67219,5000,4000,5000,3000,2700,3000,113624,112967,111138,108030,110157,112781,388603,0
190000,3,1,2,-1,-1,-1,-1,-1,-1,181295,178857,181463,178984,175131,170136,8019,8008,6700,6800,6324,6120,8705,11143,8537,11016,14869,19864,1023895,0
20000,2,2,1,1,2,-1,-1,2,2,18817,18227,19632,20298,20337,19863,0,1720,1754,893,0,400,1183,1773,368,-298,-337,137,112407,0
10000,1,2,1,-1,-1,2,-1,-1,-1,7680,10160,9844,9554,9515,9700,2616,0,400,499,500,900,2320,-160,156,446,485,300,51538,1
80000,1,2,3,-1,-1,-1,-1,-1,-1,81133,81466,80822,79207,79652,81165,3502,3000,4000,3100,3000,3000,-1133,-1466,-822,793,348,-1165,463843,0
60000,3,2,1,2,2,2,2,2,2,53567,59629,60943,60716,58458,49529,6950,3250,1767,0,3654,0,6433,371,-943,-716,1542,10471,327221,0
500000,1,4,2,-1,-1,-1,-1,-1,-1,4168,19169,22893,52002,16521,-38,19169,22893,53198,0,0,12000,495832,480831,477107,447998,483479,500038,7455,0
50000,3,2,3,-1,-1,2,2,2,-1,550,1974,1250,1400,700,550,1974,0,700,0,550,1100,49450,48026,48750,48600,49300,49450,2100,1
360000,1,4,1,1,-1,-1,-1,-1,-2,0,420,0,742,0,0,420,0,742,0,0,198,360000,359580,360000,359258,360000,360000,-198,0
10000,3,2,4,-1,-1,2,2,2,-1,7324,9808,9501,10029,9730,9974,2609,0,830,0,400,500,2676,192,499,-29,270,26,52027,0
300000,1,1,4,-1,-1,-1,-1,-1,-1,206,555,0,718,468,366,555,0,718,468,366,0,299794,299445,300000,299282,299532,299634,206,1
70000,2,1,3,-1,-1,-1,-1,-1,-1,8439,7606,8638,1230,390,890,1188,2000,1230,390,890,215,61561,62394,61362,68770,69610,69110,21280,0
250000,2,2,2,-1,-1,-2,-2,-2,-2,39936,16666,16998,17504,0,0,8666,16998,17504,0,0,0,210064,233334,233002,232496,250000,250000,47936,0
10000,3,1,4,2,2,2,2,-1,-1,3577,6012,6066,5820,6026,7680,2500,300,0,300,1774,284,6423,3988,3934,4180,3974,2320,30023,1
140000,3,2,1,-1,-1,-1,-1,-1,-1,25184,27742,30129,21477,26097,24767,5000,3011,5000,5000,3000,5000,114816,112258,109871,118523,113903,115233,129385,0
100000,2,2,3,1,-2,-2,-2,-2,-2,0,0,0,0,0,0,0,0,0,0,0,0,100000,100000,100000,100000,100000,100000,0,0
110000,1,2,2,1,-2,-1,-1,-1,-1,0,0,638,225,225,0,0,638,225,0,0,0,110000,110000,109362,109775,109775,110000,225,0
210000,2,1,2,-1,-1,-1,-1,-1,-1,291,291,291,291,291,291,291,291,291,291,291,1451,209709,209709,209709,209709,209709,209709,-1160,0
210000,1,2,3,-2,-2,-2,-2,-2,-2,14472,680,0,0,0,0,680,0,0,0,0,0,195528,209320,210000,210000,210000,210000,14472,0
70000,2,4,1,3,2,2,2,2,2,49201,48134,52431,52479,53345,52333,0,5100,2000,2000,0,4046,20799,21866,17569,17521,16655,17667,294777,1
20000,2,1,3,-1,-1,-1,-1,-1,-1,15166,15014,16024,16345,17579,18750,1257,1267,588,1500,1500,0,4834,4986,3976,3655,2421,1250,92766,0
220000,1,2,2,-2,-2,-2,-2,-2,-2,4935,3796,5227,2291,4739,1640,3796,5227,2293,4739,1640,3012,215065,216204,214773,217709,215261,218360,1921,0
20000,3,6,4,2,-1,-1,-1,-1,2,18355,17165,17676,18300,20278,20192,1600,1500,900,3600,393,0,1645,2835,2324,1700,-278,-192,103973,1
80000,1,1,1,2,2,2,-1,-1,-1,56272,58756,59587,60997,62856,66897,4000,2400,3000,3000,5100,0,23728,21244,20413,19003,17144,13103,347865,0
500000,2,2,3,-1,-1,-1,-1,-1,-1,506787,487049,478965,401635,423136,422271,21000,17414,12000,30000,18000,11000,-6787,12951,21035,98365,76864,77729,2610429,1
210000,3,2,5,-1,-1,-1,-1,-1,-1,209396,136809,139411,138991,140886,143721,6510,6450,5103,5500,5307,5011,604,73191,70589,71009,69114,66279,875333,0
80000,2,2,1,2,-1,-1,-1,-1,-1,76896,78663,78692,56032,57248,58515,3613,3100,2000,2100,2200,2041,3104,1337,1308,23968,22752,21485,390992,1
50000,2,2,2,2,2,2,-1,-1,-1,40994,43594,38222,13026,13268,13497,5500,0,580,600,600,600,9006,6406,11778,36974,36732,36503,154721,0
240000,1,1,2,1,-1,-1,-1,-1,-1,0,11901,5736,1000,650,7574,11901,5758,0,150,7424,0,240000,228099,234264,239000,239350,232426,1628,0
150000,2,4,1,-2,-2,-2,-2,-1,2,198,4824,1276,4830,10251,5706,4848,1282,4854,10251,0,7328,149802,145176,148724,145170,139749,144294,-1478,0
210000,2,2,3,1,-2,-2,-2,-2,-2,0,0,0,0,0,0,0,0,0,0,0,0,210000,210000,210000,210000,210000,210000,0,0
360000,2,4,1,1,-2,-2,-2,-2,-2,0,0,0,0,0,0,0,0,0,0,0,0,360000,360000,360000,360000,360000,360000,0,1
230000,4,2,1,-1,-1,-1,-1,-1,-1,70069,64375,65691,67150,68398,69917,3000,2386,2553,2483,2657,3000,159931,165625,164309,162850,161602,160083,389521,0
500000,1,2,2,1,-1,-1,-1,-1,-1,-453,1168,1215,6461,2567,735,2336,1215,6461,2567,1470,11605,500453,498832,498785,493539,497433,499265,-13961,0
150000,2,2,2,-1,-1,-1,-1,-1,-1,50523,46054,46191,45564,45840,47077,1763,2500,2000,2000,2000,2100,99477,103946,103809,104436,104160,102923,268886,0
30000,2,4,2,1,2,-1,-1,2,3,27254,26531,27857,29685,31260,30468,0,1772,2600,2200,0,0,2746,3469,2143,315,-1260,-468,166483,1
470000,1,1,4,-1,-1,-1,-1,-1,-1,83852,85008,83882,66207,65549,60805,3477,4100,2022,2100,2156,1740,386148,384992,386118,403793,404451,409195,429708,0
200000,1,1,4,-1,-1,-1,2,2,2,27119,28081,30299,29516,31378,31914,1700,3000,0,2500,1200,0,172881,171919,169701,170484,168622,168086,169907,0
470000,1,2,2,-1,-1,-1,-1,-1,-1,211775,218246,218615,221365,137387,201955,9883,6000,6194,30364,100018,4817,258225,251754,251385,248635,332613,268045,1052067,0
310000,1,2,2,-1,-1,-1,-1,-1,-1,53340,85711,69195,59169,12056,10032,69220,3095,5000,2000,10058,23219,256660,224289,240805,250831,297944,299968,176911,0
210000,1,4,1,-1,-1,-1,-1,-1,-1,204191,204530,185587,136410,140051,142976,9000,9007,5254,6000,5500,5000,5809,5470,24413,73590,69949,67024,973984,0
500000,2,2,3,-1,-1,-1,-1,-1,-1,24433,187206,10894,29161,28238,33272,187206,10909,29161,28238,33272,175357,475567,312794,489106,470839,471762,466728,-150939,0
80000,2,4,1,-1,-1,-1,-1,2,2,72991,75134,76083,81183,79906,75294,3320,2800,6400,2870,0,3150,7009,4866,3917,-1183,94,4706,442051,0
20000,3,2,2,-1,-1,-1,-1,-1,-1,11805,12186,9331,6927,12457,8900,1400,1023,0,12469,598,1,8195,7814,10669,13073,7543,11100,46115,1
150000,3,2,2,1,-1,-1,-1,-1,-1,3706,40093,65063,69046,60619,61096,40093,30000,10000,10030,5000,5000,146294,109907,84937,80954,89381,88904,199500,0
390000,3,1,2,-1,-1,-1,-1,-1,-1,475934,308108,205228,185134,181949,136559,59324,6093,5411,6025,5000,3617,-85934,81892,184772,204866,208051,253441,1407442,0
10000,1,2,1,-1,-1,-1,-1,-1,-1,10208,8598,7100,9305,9805,5720,1500,1000,4000,500,2500,0,-208,1402,2900,695,195,4280,41236,0
390000,3,2,3,-2,-2,-2,-2,-2,-2,14315,7097,6548,8976,909,17682,7097,6548,8976,909,17682,12710,375685,382903,383452,381024,389091,372318,1605,0
210000,3,1,3,-1,-1,2,-1,-1,-1,390,1732,1170,780,390,69438,1732,0,0,0,69438,3750,209610,208268,208830,209220,209610,140562,-1020,1
350000,1,2,2,-2,-2,-2,-2,-2,-2,16414,693,693,1144,-4618,-8026,693,0,1144,4279,0,0,333586,349307,349307,348856,354618,358026,184,1
150000,1,4,2,-1,-1,-1,-1,-1,-1,3299,596,978,1178,1007,2075,599,982,1007,5,2075,2669,146701,149404,149022,148822,148993,147925,1796,0
210000,2,2,2,-1,-1,-1,-1,-1,-1,54717,55522,54929,55696,54773,51616,2017,1900,1900,1925,1845,1886,155283,154478,155071,154304,155227,158384,315780,0
100000,1,1,4,-1,-1,-1,-1,-1,-1,18135,31498,17158,18758,17168,0,2000,4000,2000,3000,0,0,81865,68502,82842,81242,82832,100000,91717,0
210000,1,2,2,-1,-1,-1,-1,-1,-1,210463,109132,47182,37067,24511,22634,5187,2043,1552,2013,3002,3003,-463,100868,162818,172933,185489,187366,434189,1
290000,2,2,3,-1,-1,-1,-1,-1,-1,31386,31394,1369,15010,3280,0,31401,1369,15010,3280,0,3357,258614,258606,288631,274990,286720,290000,28022,0
330000,2,1,4,1,-1,-1,-1,-1,-1,-13,2750,-27,5344,16566,995,2763,0,5371,16648,1000,997,330013,327250,330027,324656,313434,329005,-1164,1
50000,2,2,2,-1,-1,-1,-1,-1,-1,50701,50462,50218,20141,20072,19493,2202,2083,697,711,717,674,-701,-462,-218,29859,29928,30507,204003,0
80000,3,2,1,-1,-1,-1,-1,-1,-1,47163,86021,44400,23954,24574,24772,1821,3600,1000,1000,1000,1000,32837,-6021,35600,56046,55426,55228,241463,0
340000,2,1,2,-1,-1,-1,-1,-1,-1,39229,40747,41930,43397,44710,46143,2000,2000,2000,2000,2000,2000,300771,299253,298070,296603,295290,293857,244156,0
120000,3,1,2,-1,-1,-1,-1,-1,-1,40538,41870,58882,59862,51172,52533,1988,18000,1857,1723,2075,1500,79462,78130,61118,60138,68828,67467,277714,0
30000,2,4,1,-1,-1,-1,-1,-1,-2,3158,5547,3312,3145,3022,3247,5572,3321,3154,3031,3339,2921,26842,24453,26688,26855,26978,26753,93,0
260000,1,4,2,-1,-1,-1,-1,-1,-1,20556,25256,50175,46516,42815,39004,9581,30000,1590,1472,1317,1314,239444,234744,209825,213484,217185,220996,179048,0
50000,2,1,5,-1,-1,-1,-1,-1,-1,48369,44762,17403,17907,19000,18055,2384,5461,2872,1093,19055,2239,1631,5238,32597,32093,31000,31945,132392,0
420000,3,4,1,1,2,-1,-1,-1,-1,72874,71035,57503,56467,53995,55304,0,2000,1892,1979,2226,23011,347126,348965,362497,363533,366005,364696,336070,1
130000,2,2,1,-1,-1,-1,-1,-1,-1,71983,71514,73274,3541,3333,3333,4000,7000,3600,3333,3333,3110,58017,58486,56726,126459,126667,126667,202602,0
270000,2,2,2,-1,-1,-1,-1,-1,-1,62599,59368,57856,49804,47310,42812,5000,5000,5000,5000,5240,5000,207401,210632,212144,220196,222690,227188,289509,0
50000,3,2,2,-1,-1,-1,-1,2,-1,6615,7640,8649,9302,9008,9188,1135,1144,797,0,329,490,43385,42360,41351,40698,40992,40812,46507,0
20000,2,1,2,-1,-1,-1,-1,-1,-1,17179,17815,9519,10469,14272,15033,1300,1500,1415,4000,1000,1000,2821,2185,10481,9531,5728,4967,74072,1
140000,2,2,2,-1,-1,-1,-1,-1,-1,132541,136186,139418,140962,137819,137094,7000,7000,5300,5300,10100,5400,7459,3814,582,-962,2181,2906,783920,0
100000,2,2,2,-1,-1,-1,-1,-1,-1,106229,98217,42482,43326,44235,45498,3000,1707,1551,1607,2000,2000,-6229,1783,57518,56674,55765,54502,368122,0
50000,3,2,3,2,2,2,2,3,2,29368,28612,31623,33393,32587,31914,0,3500,2589,0,0,1332,20632,21388,18377,16607,17413,18086,180076,0
500000,1,2,2,-1,-1,-1,-1,-1,-1,27181,12525,7218,2183,6371,5208,7254,2208,11,6402,5234,2899,472819,487475,492782,497817,493629,494792,36678,0
80000,2,1,2,-1,-1,-1,-1,-1,-1,78507,80327,80125,28345,28938,29665,3085,2969,1007,1042,1200,1501,1493,-327,-125,51655,51062,50335,315103,0
220000,2,2,2,-1,-1,-1,-1,-1,-1,51565,15683,1381,3300,2452,2728,15683,1381,3300,2452,2728,0,168435,204317,218619,216700,217548,217272,51565,1
30000,2,1,2,2,-1,-1,-1,-1,2,27358,25652,26723,27104,28616,29102,1750,1800,1118,2100,1100,0,2642,4348,3277,2896,1384,898,156687,0
240000,2,2,1,-1,-1,-1,-1,-1,-1,161766,166147,169882,173246,177112,187951,7000,6500,6183,6640,14000,0,78234,73853,70118,66754,62888,52049,995781,0
220000,3,1,3,-2,-2,-2,-2,-2,-2,10804,34407,14510,7229,12806,35433,34415,14565,7229,12806,35433,11405,209196,185593,205490,212771,207194,184567,-664,0
320000,2,1,2,-1,-1,-1,-1,-1,-1,6443,443,-1327,28484,47711,34755,451,0,29811,20000,2386,462,313557,319557,321327,291516,272289,285245,63399,0
230000,2,2,2,-1,-1,-1,2,-1,2,52689,0,150,150,921,771,0,150,0,921,0,51362,177311,230000,229850,229850,229079,229229,2248,0
20000,3,2,3,-1,2,-1,-1,-1,-1,780,390,390,390,390,0,0,390,390,390,0,780,19220,19610,19610,19610,19610,20000,390,0
280000,2,2,2,-1,-1,-1,-1,-1,-1,82691,75867,76835,70722,60694,62032,3500,3200,2500,2400,2500,2500,197309,204133,203165,209278,219306,217968,412241,0
110000,2,1,3,-1,-1,-1,-1,-1,-1,111188,109512,108727,107381,106831,108305,6010,5507,4500,4502,4200,4500,-1188,488,1273,2619,3169,1695,622725,0
180000,2,2,1,-1,-1,-1,-1,-1,-1,186248,178001,145248,58142,22312,7340,18000,5044,6506,500,500,2000,-6248,1999,34752,121858,157688,172660,564741,0
100000,3,1,4,-1,-1,-1,-1,-1,-1,93970,93752,92293,92434,95478,40514,3799,3269,3407,5024,5056,5135,6030,6248,7707,7566,4522,59486,482751,0
80000,2,1,2,-1,-1,-1,-1,-1,-1,43311,16348,9360,6295,14844,29065,5377,9383,6295,10018,21939,5002,36689,63652,70640,73705,65156,50935,61209,0
260000,3,4,2,-1,-1,-1,-1,-1,-1,1264,6894,2917,-70,2300,2784,6894,2917,0,2784,5568,1714,258736,253106,257083,260070,257700,257216,-3788,0
110000,2,4,1,2,2,2,2,2,-1,111483,114125,114087,113879,112268,107423,5900,3500,3400,0,4000,4000,-1483,-4125,-4087,-3879,-2268,2577,652465,0
150000,2,2,2,-1,-1,-1,-1,-1,-1,104014,108229,109374,111279,125353,126913,5500,4005,3241,15500,4000,3568,45986,41771,40626,38721,24647,23087,649348,0
180000,2,4,2,-1,-1,-1,-1,-1,-1,15288,4194,1300,0,4689,4689,4194,1300,0,4689,0,1582,164712,175806,178700,180000,175311,175311,18395,0
230000,2,2,1,-1,-1,-1,-1,-1,-1,53542,79186,49984,35526,24540,16038,36000,1222,7510,491,6600,0,176458,150814,180016,194474,205460,213962,206993,0
500000,1,4,1,-1,-1,-1,-1,-1,-1,73798,74781,75559,76426,56197,42998,4794,5560,2426,3521,1641,913,426202,425219,424441,423574,443803,457002,380904,0
300000,2,2,2,-1,-1,-1,-1,-1,-1,1485,-9,11970,10292,10116,829,0,11979,206,10,4,11591,298515,300009,288030,289708,289884,299171,10893,0
180000,2,4,2,-1,-1,-1,-1,-1,-1,326,326,326,326,76465,79695,326,326,326,76465,5000,5000,179674,179674,179674,179674,103535,100305,70021,0
30000,2,4,1,2,2,3,3,3,3,1050,1050,1050,1050,1050,1050,0,0,0,0,0,0,28950,28950,28950,28950,28950,28950,6300,1
110000,3,4,1,1,2,2,2,2,-1,6467,6920,6242,6712,871,16391,1114,0,1000,0,16391,832,103533,103080,103758,103288,109129,93609,24266,0
100000,2,2,1,-1,-1,-1,-1,-1,-1,36428,48850,20904,13955,14573,16084,6000,5000,1000,4000,5000,8000,63572,51150,79096,86045,85427,83916,121794,0
390000,1,2,2,-1,-1,-1,-1,-1,-1,381453,375926,363787,291427,260026,178599,15024,30002,15052,10507,25001,25082,8547,14074,26213,98573,129974,211401,1730550,0
180000,4,2,2,-1,-1,-1,-1,-1,-2,29197,30719,31500,31939,0,0,2000,1400,639,0,0,0,150803,149281,148500,148061,180000,180000,119316,0
300000,3,2,2,1,2,2,-1,-1,-1,5975,5312,1896,1523,2559,2881,1905,5,1527,2569,2889,2074,294025,294688,298104,298477,297441,297119,9177,0
260000,1,4,2,-1,-1,-1,-1,-1,-1,7740,1445,782,790,849,12319,1445,782,790,849,12319,7575,252260,258555,259218,259210,259151,247681,165,0
360000,2,4,1,1,-2,-2,-2,-2,-2,0,0,0,0,0,0,0,0,0,0,0,0,360000,360000,360000,360000,360000,360000,0,0
80000,2,4,1,-1,-1,-1,-1,-1,-1,509,437,3586,2248,2222,4822,525,3519,2201,2203,8389,8048,79491,79563,76414,77752,77778,75178,-11061,0
100000,1,4,1,-1,-1,-2,-2,-2,-2,26273,-73,-73,-73,-73,-73,0,0,0,0,0,0,73727,100073,100073,100073,100073,100073,25908,1
20000,3,1,3,2,2,2,2,2,-1,14328,17196,17418,17608,17187,17528,3114,800,770,0,776,549,5672,2804,2582,2392,2813,2472,95256,1
210000,1,4,2,-1,-1,-1,-1,-1,-1,27042,0,188,16464,13947,0,0,188,16476,0,0,0,182958,210000,209812,193536,196053,210000,40977,0
10000,2,2,1,-1,-1,-1,-1,-1,2,6991,8008,9018,9198,9896,9703,1126,1136,316,833,100,292,3009,1992,982,802,104,297,49011,0
150000,1,2,1,-1,-1,-1,-1,-1,-1,360,360,360,16133,22309,22377,360,360,16133,7000,796,819,149640,149640,149640,133867,127691,127623,36431,0
360000,3,1,2,-1,-1,-1,-1,-1,-1,390,390,390,390,390,390,390,390,390,390,390,780,359610,359610,359610,359610,359610,359610,-390,0
80000,2,4,3,-1,-1,-1,-1,-1,-2,16959,17910,14919,15375,-150,-150,1235,1369,825,0,0,0,63041,62090,65081,64625,80150,80150,61434,0
130000,1,4,1,-1,-1,-1,-1,-1,-1,13194,9403,15383,9189,8499,1738,9403,10007,184,170,1738,5256,116806,120597,114617,120811,121501,128262,30648,0
30000,1,2,2,-1,-1,-1,-1,-1,-1,9934,10305,1394,1594,566,0,1000,1000,200,0,0,0,20066,19695,28606,28406,29434,30000,21593,0
430000,2,2,2,2,-1,-1,-1,-1,-1,332721,277080,219739,210142,179350,130328,10896,8123,7522,7003,4700,5000,97279,152920,210261,219858,250650,299672,1306116,1
20000,2,4,1,-1,-1,-1,-1,-1,2,16641,17969,18635,-1542,19909,19417,1602,1268,0,21451,0,652,3359,2031,1365,21542,91,583,66056,0
50000,2,2,2,-1,-1,-1,-1,-2,-2,50342,44659,40893,-45,-45,0,8025,5023,0,0,5250,0,-342,5341,9107,50045,50045,50000,117506,0
140000,2,2,1,-1,-1,-1,-1,-1,-1,129996,132004,127275,48724,48875,49667,7000,5000,2000,2000,2000,2000,10004,7996,12725,91276,91125,90333,516541,0
200000,1,2,2,-1,-1,-1,-1,-1,-1,11494,9085,5455,26975,8734,10756,9139,5481,27110,29889,10809,2648,188506,190915,194545,173025,191266,189244,-12577,0
80000,2,1,1,2,2,2,2,2,-1,65499,63882,67741,69355,65139,60345,0,5000,3200,7,2309,3862,14501,16118,12259,10645,14861,19655,377583,0
50000,2,4,1,-1,-1,-1,-1,-1,-1,12630,11999,12990,12793,12686,12980,1211,1202,452,460,504,394,37370,38001,37010,37207,37314,37020,71855,1
280000,2,4,1,1,2,-1,-1,-1,-1,297192,284462,283374,238039,234017,145132,0,11143,7300,6024,6000,3500,-17192,-4462,-3374,41961,45983,134868,1448249,0
710000,2,1,4,1,-2,-2,-2,-2,-2,0,0,0,0,0,0,0,0,0,0,0,0,710000,710000,710000,710000,710000,710000,0,0
180000,1,2,1,1,-1,-1,-1,-1,-1,0,100000,0,7632,0,6071,100000,0,7632,0,6071,0,180000,80000,180000,172368,180000,173929,0,0
500000,1,2,2,-2,-2,-2,-2,-2,-2,12106,12559,18993,50199,22879,16070,13351,18997,50933,24652,18060,3306,487894,487441,481007,449801,477121,483930,3507,0
360000,2,2,2,1,-2,-2,-2,-2,-2,0,0,0,0,0,0,0,0,0,0,0,0,360000,360000,360000,360000,360000,360000,0,1
50000,1,2,1,-1,-1,-1,2,-1,-1,20258,22932,22265,23896,26514,28073,3000,0,2000,3000,2000,1500,29742,27068,27735,26104,23486,21927,132438,0
80000,2,2,1,2,-1,-1,-1,-1,-1,62824,63883,57722,116742,72204,79105,2178,2674,2200,14710,8000,3005,17176,16117,22278,-36742,7796,895,419713,1
50000,2,2,3,-1,-1,2,-1,-1,-1,43596,46320,43976,44287,38113,30778,5000,0,2500,1500,2000,1000,6404,3680,6024,5713,11887,19222,235070,0
50000,2,4,1,-1,-1,-1,-1,-1,-1,13717,13822,9847,5892,6413,6915,2008,1106,1000,1000,1000,1000,36283,36178,40153,44108,43587,43085,49492,0
150000,1,2,2,-1,2,-1,-1,-1,-1,1532,1000,1430,810,786,447,0,1430,810,786,447,2215,148468,149000,148570,149190,149214,149553,317,0
360000,2,2,1,1,-2,-2,-2,-2,-2,0,0,0,0,0,0,0,0,0,0,0,0,360000,360000,360000,360000,360000,360000,0,1
50000,2,2,2,-1,-1,-1,-1,-1,-1,49547,49740,50275,20089,19964,19918,2100,2097,1289,712,713,1000,453,260,-275,29911,30036,30082,201622,0
50000,1,6,3,-1,-1,-1,-1,-2,-2,83400,80000,4990,3596,1386,4775,1600,4990,13616,1310,4789,1345,-33400,-30000,45010,46404,48614,45225,150497,0
200000,1,4,1,-2,-2,-2,-2,-2,-2,9344,723,723,1038,2035,3664,723,723,1038,2035,3664,723,190656,199277,199277,198962,197965,196336,8621,0
80000,1,2,1,1,-1,-1,-1,-2,-2,-54,36656,5114,0,0,0,36710,5114,0,0,0,0,80054,43344,74886,80000,80000,80000,-108,0
140000,2,2,3,-1,-1,-1,-1,-1,-1,390,390,390,390,390,390,390,390,390,390,390,780,139610,139610,139610,139610,139610,139610,-390,0
20000,1,6,1,-1,-1,-1,-1,-1,-2,14993,16244,18300,18100,-1900,0,1800,2800,0,0,1900,0,5007,3756,1700,1900,21900,20000,59237,1
80000,3,4,2,1,-2,-2,-2,-2,-2,0,0,0,0,0,0,0,0,0,0,0,0,80000,80000,80000,80000,80000,80000,0,0
110000,2,1,2,-1,-1,-1,-1,-1,-1,107372,109156,111795,54358,58499,61445,5000,5000,3000,5000,6000,3000,2628,844,-1795,55642,51501,48555,475625,0
140000,1,4,1,-1,-1,-1,-1,-1,-1,143536,141849,131491,94362,85863,83974,5341,4000,3500,3000,13000,2300,-3536,-1849,8509,45638,54137,56026,649934,0
300000,1,4,2,-1,-1,-1,-1,-1,-1,32608,39029,38177,54867,66276,78169,20018,6028,25030,20023,20000,10000,267392,260971,261823,245133,233724,221831,208027,0
50000,2,4,1,-1,-1,-1,-1,-2,-2,47411,19817,15688,0,0,0,1300,1210,0,0,0,0,2589,30183,34312,50000,50000,50000,80406,1
180000,4,2,2,-1,-1,-1,-1,-1,-1,84484,79099,77640,78369,80010,83683,3007,2804,2802,2901,5000,80000,95516,100901,102360,101631,99990,96317,386771,0
290000,2,2,2,-1,-1,-1,-1,-1,-1,212943,216910,213931,212770,211098,202491,16923,7714,7283,7407,10000,6000,77057,73090,76069,77230,78902,87509,1214816,0
60000,2,2,2,1,-2,-2,-2,-1,2,0,0,0,0,982,832,0,0,0,982,0,1500,60000,60000,60000,60000,59018,59168,-668,0
100000,2,2,2,1,2,-1,-1,2,-1,12893,12447,14967,16773,16427,19053,0,3000,2000,0,3000,2000,87107,87553,85033,83227,83573,80947,82560,0
30000,2,1,3,-1,-1,-1,-2,-2,-2,29866,30900,0,0,0,0,1900,0,0,0,0,0,134,-900,30000,30000,30000,30000,58866,0
220000,3,4,1,2,2,2,3,2,-1,150739,153827,156531,154721,150627,154034,7000,7000,2300,0,5600,4500,69261,66173,63469,65279,69373,65966,894079,0
230000,2,4,2,-2,-2,-2,-2,-2,-2,0,0,0,0,0,0,0,0,0,0,0,0,230000,230000,230000,230000,230000,230000,0,0
30000,1,4,1,1,-2,-2,-2,-2,-1,0,0,0,0,0,4443,0,0,0,0,4443,890,30000,30000,30000,30000,30000,25557,-890,0
20000,2,2,3,-1,-1,-1,-1,-1,-1,1343,1547,1539,1066,18187,18212,1547,1539,1066,18660,771,1000,18657,18453,18461,18934,1813,1788,17311,0
50000,2,2,2,-1,-1,2,2,-1,-1,780,780,780,0,390,1320,780,0,0,390,1320,0,49220,49220,49220,50000,49610,48680,1560,0
80000,2,2,3,1,-2,-2,-2,-2,-1,0,0,0,0,0,650,0,0,0,0,650,0,80000,80000,80000,80000,80000,79350,0,1
90000,1,2,1,-1,-1,2,-1,-1,-1,24802,27551,20559,17228,6531,8411,3200,0,1000,1000,2000,0,65198,62449,69441,72772,83469,81589,97882,0
80000,1,2,2,-1,-1,-1,-1,-1,-1,19824,5000,19037,12344,26344,1011,5000,19037,0,14000,0,3949,60176,75000,60963,67656,53656,78989,41574,0
50000,3,4,1,2,-1,-1,-1,-1,-1,37350,39740,40779,41793,42916,44199,3000,2000,2000,1800,2000,2000,12650,10260,9221,8207,7084,5801,233977,1
50000,2,4,1,-2,-2,-2,-2,-2,-2,5520,0,0,0,0,0,0,0,0,0,0,0,44480,50000,50000,50000,50000,50000,5520,0
20000,3,2,4,2,2,-2,-2,-1,-1,19369,3888,3167,-129,9703,9871,3900,3179,773,9832,10084,4380,631,16112,16833,20129,10297,10129,13721,0
250000,1,2,2,-1,-1,-1,-1,-1,-1,532,1106,771,625,1099,326,1106,771,625,1099,326,326,249468,248894,249229,249375,248901,249674,206,0
120000,2,4,1,-1,-1,-1,-1,-1,-1,889,1742,1077,902,1077,1271,1742,1077,902,1077,1271,1595,119111,118258,118923,119098,118923,118729,-706,0
110000,2,4,1,1,2,-1,-1,-1,2,112597,107799,108464,110737,114581,111219,0,4000,4000,8500,0,4000,-2597,2201,1536,-737,-4581,-1219,644897,1
160000,1,2,2,-1,-1,-2,-2,-2,-2,100,0,0,0,0,0,0,0,0,0,0,0,159900,160000,160000,160000,160000,160000,100,0
80000,3,2,4,2,-1,-1,-1,-1,-1,82198,80531,42334,39137,39074,40103,3543,1139,40003,2000,2100,24,-2198,-531,37666,40863,40926,39897,274568,0
410000,2,1,2,-2,-2,-2,-2,-2,-2,41116,38144,31177,27185,13818,8477,5071,3041,3096,3845,212,3,368884,371856,378823,382815,396182,401523,144649,0
100000,2,2,3,-1,-1,-1,-1,-1,-1,21293,70962,9217,1845,41194,40325,70973,9226,1845,41194,2920,1374,78707,29038,90783,98155,58806,59675,57304,0
750000,2,2,3,-1,-1,-1,-2,-1,-1,72495,99628,74635,63749,85067,83208,99664,74640,63758,85072,83215,124063,677505,650372,675365,686251,664933,666792,-51630,0
30000,2,2,3,-1,-1,-1,-1,-1,-1,29554,28893,29537,30087,17534,15145,1895,1539,1089,718,400,5000,446,1107,463,-87,12466,14855,140109,0
80000,2,2,2,1,2,-1,-1,-1,-1,19073,16106,57525,54990,52458,54093,3895,50000,2000,2000,2344,1235,60927,63894,22475,25010,27542,25907,192771,0
430000,1,4,2,-2,-2,-1,-1,-1,-1,10226,5671,52983,70672,52378,56360,5873,52983,35002,10203,7500,10000,419774,424329,377017,359328,377622,373640,126729,0
480000,1,1,3,-1,-1,-1,-1,-1,-1,350110,316685,312615,316685,302248,311651,14082,15023,15098,10008,15045,20164,129890,163315,167385,163315,177752,168349,1820574,0
360000,3,2,1,1,-2,-2,-2,-2,-2,0,0,0,0,0,0,0,0,0,0,0,0,360000,360000,360000,360000,360000,360000,0,1
150000,1,2,2,-1,-1,-1,-1,-1,-2,26416,18915,16047,17633,0,0,2497,16047,18776,0,0,0,123584,131085,133953,132367,150000,150000,41691,0
130000,1,2,1,-1,-1,-1,-1,-1,-1,89418,83196,75028,65086,60346,52272,4000,2338,2000,2018,2000,1700,40582,46804,54972,64914,69654,77728,411290,0
40000,2,1,3,1,2,2,3,2,-1,37611,36726,40985,40085,39354,40322,0,4898,0,0,1800,3000,2389,3274,-985,-85,646,-322,225385,0
280000,1,2,2,-1,-1,-1,-1,-1,-1,11584,12211,10247,10247,6170,11170,7011,3000,0,123,5000,0,268416,267789,269753,269753,273830,268830,46495,1
40000,2,1,3,2,2,2,2,2,-1,33547,36991,35965,37246,36781,20650,4000,0,2000,0,1200,0,6453,3009,4035,2754,3219,19350,193980,0
120000,1,4,1,-2,-2,-1,-1,-1,-1,10415,7172,110688,100552,89147,88388,5771,120055,5073,3508,3707,3016,109585,112828,9312,19448,30853,31612,265232,0
290000,1,1,2,-1,-1,-1,-1,-2,-2,1757,3555,2256,2830,1682,1235,3579,2262,2830,1682,1235,1280,288243,286445,287744,287170,288318,288765,447,0
250000,3,1,2,-1,-1,-1,-1,-1,-2,1976,3314,0,800,3576,0,3318,0,800,3576,0,0,248024,246686,250000,249200,246424,250000,1972,0
200000,1,1,3,-1,-1,-1,-1,-1,-1,1144,2480,3372,1081,2384,6595,2506,3380,1085,2394,6601,29708,198856,197520,196628,198919,197616,193405,-28618,0
80000,2,2,2,-1,-1,-1,-1,-1,-1,81115,77649,40630,23697,6557,32763,5000,1200,0,5000,37000,3000,-1115,2351,39370,56303,73443,47237,211211,0
130000,2,4,1,-1,-1,-1,-1,-1,-1,18776,21458,22760,23215,23706,21951,3000,2000,778,811,2000,2865,111224,108542,107240,106785,106294,108049,120412,0
290000,2,2,2,-1,-1,-1,-1,-1,-1,1428,2741,4029,5451,6357,7246,1500,1500,1500,1000,1000,1000,288572,287259,285971,284549,283643,282754,19752,1
180000,1,4,1,-1,-1,-1,-1,-2,-2,1010,3070,307,0,0,0,3394,307,0,0,0,0,178990,176930,179693,180000,180000,180000,686,0
360000,1,2,2,-2,-2,-2,-1,-1,-1,-5,-5,-5,4232,3189,7511,0,0,4237,16,7548,4105,360005,360005,360005,355768,356811,352489,-989,0
140000,2,2,2,-1,-1,-1,-1,2,-1,316,586,5842,9422,8956,316,586,5842,8956,0,316,316,139684,139414,134158,130578,131044,139684,9422,0
350000,1,2,3,-1,-1,-1,-1,-1,-1,57956,15987,36582,8197,14494,54284,15987,36607,8243,14494,54284,6702,292044,334013,313418,341803,335506,295716,51183,0
260000,1,2,2,-2,-2,-2,-2,-2,-2,0,0,0,0,8867,763,0,0,0,8867,763,748,260000,260000,260000,260000,251133,259237,-748,0
40000,1,2,1,-1,-1,-1,-1,-1,-1,18338,20033,21687,22327,22816,23436,2000,2000,1000,1000,1000,1500,21662,19967,18313,17673,17184,16564,120137,0
180000,1,4,1,1,-2,-2,-2,-2,-2,-200,-200,-200,-200,-200,-200,0,0,0,0,0,0,180200,180200,180200,180200,180200,180200,-1200,1
80000,3,1,1,-1,-1,-1,-1,-1,-1,22381,11420,7021,6157,7606,3432,1500,3000,6157,1500,138,59,57619,68580,72979,73843,72394,76568,45663,1
500000,1,2,3,-1,-1,-1,-1,-1,-1,3852,2395,4730,4628,5127,3400,2403,4730,4628,5127,3400,1720,496148,497605,495270,495372,494873,496600,2124,0
80000,4,2,1,-2,-2,-2,-2,-2,-2,46089,4840,0,0,0,0,4840,0,0,0,0,0,33911,75160,80000,80000,80000,80000,46089,0
30000,3,1,4,-1,-1,-1,-1,-1,-1,20976,22332,23654,24952,26551,29598,2000,2000,2000,2000,4500,0,9024,7668,6346,5048,3449,402,135563,0
220000,2,2,2,1,-2,-2,-2,-2,-2,0,0,0,0,0,0,0,0,0,0,0,3422,220000,220000,220000,220000,220000,220000,-3422,0
70000,2,4,1,-1,-1,-1,-1,-1,-1,68247,68263,22551,16008,0,13180,2120,1010,328,0,13180,2000,1753,1737,47449,53992,70000,56820,169611,0
510000,1,1,3,-1,-1,-1,-1,-1,-1,3196,16447,3317,10771,5552,2253,16447,3317,10771,5552,2253,96,506804,493553,506683,499229,504448,507747,3100,0
20000,2,4,1,-1,-1,-1,-1,-1,-1,18011,19389,17628,16694,19040,18631,2000,1494,2000,5000,2000,1094,1989,611,2372,3306,960,1369,95805,0
100000,2,2,3,2,2,2,2,2,2,47243,48294,49213,49827,51005,53142,2000,1900,1600,2000,3000,0,52757,51706,50787,50173,48995,46858,288224,1
340000,2,2,2,-1,-1,-1,-1,-1,-1,338272,339191,325675,285417,284834,284549,15000,15000,15000,12000,12500,11000,1728,809,14325,54583,55166,55451,1777438,0
180000,1,4,1,-2,-2,-2,-2,-2,-2,0,0,0,0,0,0,0,0,0,0,0,0,180000,180000,180000,180000,180000,180000,0,0
290000,4,4,2,1,-1,-1,-1,-1,-1,0,1437,3070,1406,2196,1481,1437,3078,1406,2196,1481,0,290000,288563,286930,288594,287804,288519,-8,0
80000,2,2,4,-1,-1,-1,-1,-1,-1,80577,78781,78363,48902,49996,-1719,3261,2342,1630,1759,0,52085,-577,1219,1637,31098,30004,81719,273823,0
280000,1,1,3,-2,-1,-1,-1,-1,-2,1751,22046,63729,55664,31014,28903,22909,64167,1113,32000,578,1768,278249,257954,216271,224336,248986,251097,80572,0
180000,1,4,3,-2,-2,-2,-2,-1,-1,0,0,0,0,11855,2520,0,0,0,11855,0,18066,180000,180000,180000,180000,168145,177480,-15546,0
140000,1,2,5,1,-2,-2,-2,-1,2,0,0,0,0,825,675,0,0,0,825,0,23715,140000,140000,140000,140000,139175,139325,-23040,0
500000,1,4,2,-1,-1,-1,-1,-1,-1,103880,39356,301441,37945,104491,35234,39560,302961,38139,104673,35387,177258,396120,460644,198559,462055,395509,464766,-75631,0
230000,2,2,2,-1,-1,-1,-1,-1,-1,151778,152966,157188,158490,161456,164677,5556,7200,5820,6100,6500,5100,78222,77034,72812,71510,68544,65323,910279,0
250000,2,2,1,1,3,2,2,2,-1,631,631,631,1231,1068,6816,0,0,600,0,6000,5000,249369,249369,249369,248769,248932,243184,-592,1
10000,2,2,1,-1,-1,-1,2,-1,-1,5803,6849,8371,8090,8261,8773,1300,1800,0,450,800,0,4197,3151,1629,1910,1739,1227,41797,0
230000,1,1,2,-1,-1,-1,-1,-1,-1,220706,227741,183268,186989,159345,162695,11200,6200,6237,7000,6000,6100,9294,2259,46732,43011,70655,67305,1098007,0
70000,1,2,1,-1,-1,-1,-1,-1,-1,63603,65513,59389,54064,58891,58347,7666,3800,1200,5000,4000,3000,6397,4487,10611,15936,11109,11653,335141,0
140000,1,2,2,-2,-2,-2,-2,-2,-2,4654,5525,5088,4480,2338,4250,5525,5088,4480,2338,4733,22566,135346,134475,134912,135520,137662,135750,-18395,0
430000,1,2,3,-1,-1,-2,-2,-2,-1,9900,0,0,0,0,2299,0,0,0,0,2299,37980,420100,430000,430000,430000,430000,427701,-28080,0
120000,1,4,1,-1,-1,2,-1,-1,-1,200,1986,1117,425,-267,1451,1986,0,0,0,2210,0,119800,118014,118883,119575,120267,118549,716,1
20000,2,4,1,-1,-1,-1,-1,-1,-1,16654,12801,14155,19975,19975,0,2000,2000,7000,0,0,0,3346,7199,5845,25,25,20000,72560,0
30000,1,2,2,-1,-1,2,-1,-1,-1,29250,30496,29702,28839,29375,32729,3600,0,1500,1300,4000,0,750,-496,298,1161,625,-2729,169991,0
80000,3,2,3,7,6,5,4,3,2,81071,79283,76767,75393,74731,23207,0,0,0,0,0,2000,-1071,717,3233,4607,5269,56793,408452,1
400000,1,4,2,-1,-1,-1,-1,-1,-1,404924,359634,360270,325340,328627,329948,13521,12374,11643,11868,18000,15000,-4924,40366,39730,74660,71373,70052,2026337,0
200000,1,2,2,1,-2,-2,-2,-2,-2,0,0,0,0,0,0,0,0,0,0,0,0,200000,200000,200000,200000,200000,200000,0,0
30000,4,2,1,-2,-1,-1,-1,-1,-1,2700,899,-1581,28419,29016,30908,899,0,30000,1055,2376,0,27300,29101,31581,1581,984,-908,56031,0
50000,2,4,3,1,2,-1,-1,-1,-1,50471,49399,50556,29759,30381,30440,0,2247,1054,1090,1261,1143,-471,601,-556,20241,19619,19560,234211,0
250000,1,1,3,-1,-1,-1,-1,-1,-1,1197,-19,3121,2372,502,1979,0,3140,2387,504,1989,19150,248803,250019,246879,247628,249498,248021,-18018,1
120000,1,2,1,-1,-1,-1,-1,-1,-1,8922,43070,47023,53576,57529,61392,35000,5000,8000,5000,5000,4000,111078,76930,72977,66424,62471,58608,209512,1
80000,3,1,3,1,-1,-1,-1,-1,-1,-1213,35789,36751,390,390,390,38677,3000,0,390,390,1170,81213,44211,43249,79610,79610,79610,28870,0
430000,1,2,2,-2,-2,-2,-2,-2,-1,1837,373,1198,0,538,77543,373,1198,0,538,77543,584,428163,429627,428802,430000,429462,352457,1253,0
120000,1,4,1,-1,-1,-1,-1,-1,-1,75796,76004,67187,49924,33188,19826,3700,2023,2016,2000,1200,1000,44204,43996,52813,70076,86812,100174,309986,0
20000,2,4,1,-1,-1,-1,-1,-1,-1,20386,20033,28679,14768,18192,20372,1510,1300,1086,3677,2500,573,-386,-33,-8679,5232,1808,-372,111784,0
20000,2,4,2,-1,-1,-1,-1,-1,-1,129106,127610,107828,102937,98525,77711,4420,3650,3120,3200,2900,2000,-109106,-107610,-87828,-82937,-78525,-57711,624427,0
80000,1,2,1,-2,-2,-2,-2,-2,-2,0,0,0,0,0,150,0,0,0,30000,150,657,80000,80000,80000,80000,80000,79850,-30657,0
20000,2,4,3,-1,-1,-1,-1,-1,-1,7678,10475,-10,190,6160,402,3347,0,200,7018,6073,15000,12322,9525,20010,19810,13840,19598,-6743,0
140000,2,4,1,1,-2,-2,-2,-2,-2,0,0,0,0,0,0,0,0,0,0,0,0,140000,140000,140000,140000,140000,140000,0,0
10000,2,4,1,-1,-1,-1,-1,-1,-1,14896,12011,7929,7693,6838,3486,7000,4000,207,229,70,0,-4896,-2011,2071,2307,3162,6514,41347,0
220000,3,4,2,-2,-2,-2,-2,-1,-1,99518,-482,-482,-482,18,4834,937,0,0,500,4816,3000,120482,220482,220482,220482,219982,215166,93671,0
60000,1,1,3,-1,-1,2,-1,-1,-1,282,61573,32122,31423,2914,1470,62773,0,0,0,1470,58587,59718,-1573,27878,28577,57086,58530,6954,0
80000,3,1,4,1,2,-1,-1,-1,-1,21723,21097,22140,18349,3540,0,0,2000,0,3540,0,0,58277,58903,57860,61651,76460,80000,81309,0
30000,2,2,1,-1,-1,-1,-1,-1,-1,29745,16309,5235,3122,11446,1914,2500,1517,2000,11446,1914,6699,255,13691,24765,26878,18554,28086,41695,1
140000,2,2,1,1,2,2,-1,-1,-1,139058,140243,132693,135638,132105,134851,4900,0,5200,5000,5100,4800,942,-243,7307,4362,7895,5149,789588,0
20000,2,2,1,-1,-1,-1,-1,-1,-1,4491,5906,7298,8515,9869,11196,1500,1500,1500,1500,1500,1500,15509,14094,12702,11485,10131,8804,38275,0
100000,3,4,3,-1,-1,-1,-1,-1,-1,94657,81175,63464,45910,46996,42935,3000,2009,3000,2000,2000,1701,5343,18825,36536,54090,53004,57065,361427,0
220000,1,2,2,-1,-1,-1,-1,-1,-1,158882,164258,161778,165741,175823,29765,8000,5669,7599,14800,2303,2000,61118,55742,58222,54259,44177,190235,815876,0
80000,1,4,3,-1,-1,-1,-1,-1,-1,27432,27902,28447,23537,7613,3356,1833,1378,1328,195,269,56,52568,52098,51553,56463,72387,76644,113228,0
80000,3,4,3,-1,-1,-1,-1,-1,-1,76184,78306,79835,40499,41346,42348,3345,3344,1447,1497,1686,1509,3816,1694,165,39501,38654,37652,345690,0
130000,2,2,1,2,2,-1,-1,-1,-1,70952,69264,70184,8518,11296,6514,0,3000,2000,3000,2000,0,59048,60736,59816,121482,118704,123486,226728,1
300000,1,2,2,1,-2,-2,-2,-2,-2,0,0,0,0,0,0,0,0,0,0,0,0,300000,300000,300000,300000,300000,300000,0,0
60000,2,2,3,-1,-1,-1,-1,-1,-1,58264,57923,58987,17350,17937,17298,3200,3000,800,1000,1000,1000,1736,2077,1013,42650,42063,42702,217759,0
360000,1,2,2,-1,-1,-2,-1,-1,-1,249,0,0,685,685,1530,0,0,685,0,845,53,359751,360000,360000,359315,359315,358470,1566,0
10000,2,2,1,-1,-1,-1,-1,-1,-1,12,12,12,12,12,12,0,0,0,0,0,1393,9988,9988,9988,9988,9988,9988,-1321,1
50000,2,2,2,-1,-1,-1,-1,2,-1,32813,34973,35603,37595,29818,24416,3000,1700,2600,0,10000,6000,17187,15027,14397,12405,20182,25584,171918,1
50000,2,1,3,-1,-1,-1,-1,-1,-1,42156,40584,33777,18815,17033,17450,4022,1347,1013,1000,700,1000,7844,9416,16223,31185,32967,32550,160733,0
200000,2,1,2,1,-2,-2,-2,-2,-2,0,0,0,0,0,0,0,0,0,0,0,28027,200000,200000,200000,200000,200000,200000,-28027,0
30000,2,4,1,1,2,2,-1,-1,-1,15164,16607,17032,17448,18507,19046,2000,1000,1000,1500,1000,1000,14836,13393,12968,12552,11493,10954,96304,1
220000,1,1,3,-1,-1,2,2,-2,-2,3208,9134,8820,1502,4505,3766,6000,0,0,3003,31,4007,216792,210866,211180,218498,215495,216234,17894,0
200000,1,4,3,-2,-2,-2,-2,-2,-2,5954,10464,7165,6946,9776,2007,10464,7165,6966,9776,2007,1603,194046,189536,192835,193054,190224,197993,4331,0
80000,3,4,1,1,4,3,2,-1,-1,84718,82861,80581,51537,51381,48866,0,0,0,1790,1890,1740,-4718,-2861,-581,28463,28619,31134,394524,1
200000,2,1,2,-2,-2,-2,-2,-2,-2,15109,3139,12840,3950,7688,2241,3155,12848,3950,7690,2241,2795,184891,196861,187160,196050,192312,197759,12288,0
240000,1,2,2,-1,2,-1,-1,-1,-1,652,326,326,326,326,326,0,326,326,326,326,711,239348,239674,239674,239674,239674,239674,267,1
500000,2,4,1,-1,-1,-1,-1,-1,-1,72620,873,8596,6418,6243,1984,873,8596,275,300,1984,27014,427380,499127,491404,493582,493757,498016,57692,0
230000,3,1,2,-2,-2,-1,-1,-1,-1,6901,0,188,6498,44938,56015,0,188,6498,40000,12000,2500,223099,230000,229812,223502,185062,173985,53354,0
20000,3,2,1,-1,-1,-1,-1,-1,-1,11242,11070,11788,9607,9191,0,1282,1000,192,184,0,0,8758,8930,8212,10393,10809,20000,50240,0
50000,1,1,2,-1,-1,-1,-1,-1,-1,40730,41283,28134,29208,7778,9790,4069,1500,1500,0,5000,0,9270,8717,21866,20792,42222,40210,144854,0
100000,2,2,2,-1,-1,-1,-1,-1,-1,5830,6694,7855,8076,8297,9349,1118,1279,500,500,1349,1691,94170,93306,92145,91924,91703,90651,39664,0
230000,2,4,2,-2,-2,-2,-2,-2,-2,0,0,0,0,0,0,0,0,0,0,0,0,230000,230000,230000,230000,230000,230000,0,0
60000,2,2,1,-1,-1,-1,-1,-1,2,42243,37131,38136,38903,41483,40257,7773,1628,1395,3210,0,2000,17757,22869,21864,21097,18517,19743,222147,0
120000,3,2,3,-1,2,-1,-1,-1,-1,3845,199,1823,3646,1823,1823,0,1823,3646,0,1823,1823,116155,119801,118177,116354,118177,118177,4044,1
130000,3,4,1,-1,-1,-1,-1,-1,-1,5719,15578,19887,11659,11735,8541,10000,5000,2000,2000,2000,1000,124281,114422,110113,118341,118265,121459,51119,0
50000,3,2,1,2,2,-1,-1,-1,-1,31097,30322,31142,29391,30099,28041,0,1833,1000,1000,10000,10000,18903,19678,18858,20609,19901,21959,156259,1
400000,1,4,2,-1,-1,-1,-1,-1,-1,14013,5422,15941,5776,5448,15435,5460,16020,5805,5475,5634,6182,385987,394578,384059,394224,394552,384565,17459,0
240000,2,4,1,-2,-2,-1,2,-1,-1,4400,0,1129,1129,1971,2059,0,1129,0,1000,496,1000,235600,240000,238871,238871,238029,237941,7063,1
70000,3,2,4,-1,-1,-1,-1,-1,-1,9928,11259,12262,17046,17618,18321,1497,1500,5000,1000,1000,1000,60072,58741,57738,52954,52382,51679,75437,0
20000,1,4,1,-1,-1,-1,-1,-1,-1,28758,14780,18829,18401,3000,0,1423,5000,400,200,0,0,-8758,5220,1171,1599,17000,20000,76745,0
50000,3,2,1,2,2,2,-1,-1,2,28129,29184,28421,28751,30685,30040,1800,0,1100,2400,0,1500,21871,20816,21579,21249,19315,19960,168410,1
240000,1,2,4,-1,-1,-1,-1,2,-1,60381,64395,66323,70422,69170,71018,5000,3000,5200,0,3000,5400,179619,175605,173677,169578,170830,168982,380109,0
380000,1,2,2,-1,-1,-1,-1,-1,-1,167061,158903,275057,156348,153778,139177,6000,6010,5209,5000,5000,4000,212939,221097,104943,223652,226222,240823,1019105,0
50000,2,2,1,-1,-1,-1,-1,-1,-1,5219,6475,7483,7709,7934,8242,1500,1274,500,500,440,450,44781,43525,42517,42291,42066,41758,38398,0
50000,2,4,2,-1,-1,-1,-1,-1,-1,12498,16264,17918,16072,17041,19028,4000,2000,1000,2000,2396,1000,37502,33736,32082,33928,32959,30972,86425,0
430000,1,4,2,-1,-1,-1,-1,2,2,40984,37873,34499,28300,24237,12860,10000,5000,10000,0,4000,10000,389016,392127,395501,401700,405763,417140,139753,0
60000,1,4,1,-1,-1,2,-1,-1,-1,22921,23044,17660,13104,8722,17976,5000,0,0,174,13810,0,37079,36956,42340,46896,51278,42024,84443,0
30000,2,4,1,-1,-1,-1,-1,-1,-1,3638,4401,5297,4340,3105,5053,1130,1026,125,1500,2000,14,26362,25599,24703,25660,26895,24947,20039,0
170000,3,1,3,-1,-1,-1,-1,-1,-1,170845,171762,170464,127364,127024,125341,6800,7790,4587,4675,4525,4497,-845,-1762,-464,42636,42976,44659,859926,0
70000,1,4,1,-1,-1,2,2,2,2,40783,44205,44784,43763,46646,47724,4100,1600,0,3600,2000,1900,29217,25795,25216,26237,23354,22276,254705,0
130000,2,4,1,-1,-1,-1,-1,-1,-1,390,7412,390,4134,540,390,7412,390,4134,540,390,2596,129610,122588,129610,125866,129460,129610,-2206,0
50000,1,1,4,1,2,-1,-1,-1,-1,49252,44326,39689,29422,12856,0,1521,1345,2074,238,0,0,748,5674,10311,20578,37144,50000,170367,1
20000,3,4,2,1,-1,-1,-1,-1,-2,0,3796,5081,888,0,0,3796,5081,888,0,0,0,20000,16204,14919,19112,20000,20000,0,1
50000,3,1,3,-1,-1,-1,-1,-1,-1,1058,1726,390,390,390,390,1726,390,390,390,390,390,48942,48274,49610,49610,49610,49610,668,1
20000,3,2,1,2,-1,-1,-1,2,-1,14043,13266,14340,15301,14916,15515,1600,1600,1500,0,1000,500,5957,6734,5660,4699,5084,4485,81181,0
110000,2,4,2,-1,-1,-1,-1,-1,-1,2015,1403,2684,1149,715,1174,1403,2684,4,715,1174,3805,107985,108597,107316,108851,109285,108826,-645,0
90000,2,4,1,-1,-1,-1,-1,-1,-1,76453,49430,50169,49661,42831,27495,2500,2000,2000,3551,1500,1000,13547,40570,39831,40339,47169,62505,283488,0
180000,1,4,1,-1,-1,-1,-1,-1,-1,64800,66747,67227,68398,70409,71408,4000,2600,2000,3000,2025,4791,115200,113253,112773,111602,109591,108592,390573,0
50000,2,4,1,-1,-1,-1,2,-1,-1,43747,44488,47342,46326,46358,45283,1746,3600,0,1666,1559,1551,6253,5512,2658,3674,3642,4717,263422,0
200000,2,1,2,1,-2,-1,-1,-1,-1,-1,-1,296,299,278,4575,0,297,303,279,4597,0,200001,200001,199704,199701,199722,195425,-30,0
20000,1,2,2,2,2,2,2,2,2,11337,14372,11411,11653,7833,7945,6000,0,744,0,620,0,8663,5628,8589,8347,12167,12055,57187,1
50000,1,2,3,-1,-1,-1,-1,-1,-1,51671,50272,49293,47154,50069,50442,1928,1595,1526,13000,1569,2614,-1671,-272,707,2846,-69,-442,276669,0
170000,2,2,2,-1,-1,-1,2,-1,-1,114007,117677,124636,121232,124199,129346,7000,10500,0,5000,11000,4500,55993,52323,45364,48768,45801,40654,693097,1
380000,1,1,3,-1,-1,-1,-1,-1,-1,356375,347165,318600,284972,285249,266406,40000,20000,20000,20000,10000,20000,23625,32835,61400,95028,94751,113594,1728767,0
30000,2,2,2,1,2,2,-1,-1,-1,1623,2441,3244,4034,4812,6210,1000,1000,1000,1000,1500,0,28377,27559,26756,25966,25188,23790,16864,1
30000,2,4,1,-1,-1,-1,-1,-1,-1,19594,20619,21631,22062,22707,23312,1346,1358,789,1000,981,1010,10406,9381,8369,7938,7293,6688,123441,0
160000,3,1,2,-1,-1,-1,-1,-1,-1,4030,6720,0,8484,2060,0,6720,0,8484,2064,0,798,155970,153280,160000,151516,157940,160000,3228,0
60000,3,2,2,2,-1,-1,2,-1,-1,29565,31123,34134,23552,24020,26615,3000,3638,0,1000,3000,0,30435,28877,25866,36448,35980,33385,158371,1
450000,1,4,2,2,-1,-1,-1,-1,-1,1638,54490,112841,112603,90202,39564,54490,62841,2000,0,1000,27224,448362,395510,337159,337397,359798,410436,263783,0
80000,2,2,3,-2,-2,-2,-2,-2,-2,398,379,298,-300,-300,-300,381,607,0,0,0,598,79602,79621,79702,80300,80300,80300,-1411,1
90000,1,4,1,1,2,2,-1,-1,2,23812,15616,11988,32658,30885,26639,0,1525,35011,3000,0,2000,66188,74384,78012,57342,59115,63361,100062,0
30000,2,1,2,1,-2,-2,-2,-2,-2,0,0,0,0,0,0,0,0,0,0,0,0,30000,30000,30000,30000,30000,30000,0,1
50000,2,2,1,2,-1,-1,-1,-1,-1,48885,49133,48468,42840,30378,29706,2200,2500,2070,1266,2000,1068,1115,867,1532,7160,19622,20294,238306,1
30000,3,1,3,2,2,2,2,2,2,26343,27127,26393,29646,30390,29755,1500,0,3712,1363,0,1141,3657,2873,3607,354,-390,245,161938,0
50000,3,1,4,1,2,-1,-1,-1,-1,32119,29498,26196,23806,16818,14438,0,6900,0,0,0,0,17881,20502,23804,26194,33182,35562,135975,1
320000,1,2,2,-1,-1,-1,-1,-1,-1,7417,7488,24003,10208,22215,7332,8000,25000,0,22500,32516,22000,312583,312512,295997,309792,297785,312668,-31353,0
300000,2,2,3,-1,-1,-2,-2,-2,-2,1314,0,0,0,0,0,0,0,0,0,0,0,298686,300000,300000,300000,300000,300000,1314,0
390000,1,4,3,-1,-1,-1,-1,-1,-1,90294,87292,88335,89396,90769,91825,3200,3200,3200,3500,3300,4000,299706,302708,301665,300604,299231,298175,517511,0
50000,2,4,1,-1,-1,-1,-1,-1,-1,47662,41023,42162,6765,19286,9558,2000,2102,255,3000,191,0,2338,8977,7838,43235,30714,40442,158908,0
20000,2,1,1,2,2,3,3,3,3,1050,1050,1050,1050,1050,1050,0,0,0,0,0,0,18950,18950,18950,18950,18950,18950,6300,1
90000,2,2,4,-1,-1,-1,-1,-1,-1,87186,87526,88924,88735,87521,85699,3505,3962,2909,3107,3127,3032,2814,2474,1076,1265,2479,4301,505949,0
300000,3,2,4,-1,-1,-1,-1,-1,-1,18341,19847,6246,3872,11875,5290,19854,6279,3883,11883,5305,9998,281659,280153,293754,296128,288125,294710,8269,0
300000,4,4,2,-1,-1,-1,-1,-1,-1,54053,65235,64747,65150,-450,700,15235,1491,1303,0,2000,1400,245947,234765,235253,234850,300450,299300,228006,0
200000,1,1,2,-1,-1,-1,-1,-1,-1,5392,1938,4819,13074,2070,0,1938,4819,13074,0,0,790,194608,198062,195181,186926,197930,200000,6672,0
50000,2,2,1,-1,-1,-1,-1,-1,-1,33715,22824,17144,18104,19205,19014,6600,1900,1500,1500,1500,1500,16285,27176,32856,31896,30795,30986,115506,0
20000,2,2,1,-1,-1,2,-1,-1,-1,390,780,390,780,780,0,780,0,780,0,0,0,19610,19220,19610,19220,19220,20000,1560,1
390000,1,2,2,-1,-1,-1,-1,-1,-1,30356,32910,78686,63021,41653,24679,33074,78772,1371,919,13770,183622,359644,357090,311314,326979,348347,365321,-40223,0
70000,2,2,3,-1,-1,-1,-1,-1,-1,69866,63679,54762,38750,39924,37757,10000,5090,2000,2000,4000,2000,134,6321,15238,31250,30076,32243,279648,0
300000,3,2,3,-1,-1,-1,-1,-1,-1,158741,155438,146043,142726,138849,137499,5823,5310,5302,5035,5118,4532,141259,144562,153957,157274,161151,162501,848176,0
140000,3,2,4,-1,-1,-1,-1,-1,-1,139153,141383,140700,137365,137209,138934,6006,5000,5000,5120,5200,4800,847,-1383,-700,2635,2791,1066,803618,0
200000,1,2,2,-1,-1,-1,-1,-1,-1,97821,97934,44716,42073,42867,33876,4220,2029,2073,2867,3876,2295,102179,102066,155284,157927,157133,166124,341927,0
80000,3,4,1,-1,-1,-1,-1,-1,-1,2147,612,2110,2298,1196,390,612,2110,2298,1196,390,0,77853,79388,77890,77702,78804,79610,2147,0
80000,3,2,3,-1,-1,-2,-2,-2,-2,80250,0,0,0,0,0,0,0,0,0,0,0,-250,80000,80000,80000,80000,80000,80250,0
170000,1,2,2,-1,-1,-1,-1,-1,-1,1218,2434,1537,2156,1898,2656,2434,1537,2156,1898,2656,1626,168782,167566,168463,167844,168102,167344,-408,0
50000,1,4,1,-1,-1,-1,-1,-1,-1,50187,51318,47091,41660,47368,49317,3000,23000,1120,6000,2675,0,-187,-1318,2909,8340,2632,683,251146,0
100000,2,2,1,-1,-1,-1,-1,-1,-1,82609,81989,82466,78234,75615,76849,3106,3000,2805,2739,3085,2958,17391,18011,17534,21766,24385,23151,460069,0
30000,2,4,1,-1,-1,2,-1,-1,-1,1924,7096,2982,1732,3836,2461,7096,0,1732,3836,2461,3704,28076,22904,27018,28268,26164,27539,1202,0
30000,4,2,3,-1,-1,-1,-1,-1,-1,26305,27307,13294,14069,14518,15025,1500,1500,1000,676,900,900,3695,2693,16706,15931,15482,14975,104042,0
320000,2,2,2,-2,-1,-1,-1,-1,-1,73024,66537,58762,43112,67290,62132,2904,2973,1579,40020,3127,1206,246976,253463,261238,276888,252710,257868,319048,0
70000,2,4,1,-1,-1,2,-1,-1,-1,41511,44525,43514,44489,45617,46702,4000,0,2000,2000,2000,3000,28489,25475,26486,25511,24383,23298,253358,1
50000,2,2,1,-1,-1,-1,-1,-1,-1,49387,50284,50639,48563,49628,48293,2000,1727,1846,1777,1665,1500,613,-284,-639,1437,372,1707,286279,0
130000,3,1,3,-1,-1,-1,-1,-1,-1,68629,57168,58103,58595,59822,55572,2187,2000,2000,2053,1964,3002,61371,72832,71897,71405,70178,74428,344683,0
50000,2,4,1,1,2,2,2,2,2,8951,8862,10061,9751,11585,11250,200,1500,0,2000,0,1600,41049,41138,39939,40249,38415,38750,55160,1
50000,2,1,2,-1,-1,-1,-1,-1,-1,16149,13662,14675,14967,15282,15585,1223,1236,528,548,550,569,33851,36338,35325,35033,34718,34415,85666,0
50000,2,2,2,-1,-1,2,-1,-1,-2,2496,4533,4279,4592,0,0,2254,0,313,0,0,0,47504,45467,45721,45408,50000,50000,13333,0
160000,3,1,2,1,2,-1,-1,-1,-1,102867,82729,72583,60565,54651,48468,31,2609,2037,2010,2017,3012,57133,77271,87417,99435,105349,111532,410147,0
450000,2,1,3,-1,-1,-1,-1,-1,-1,130,1926,15671,18552,24222,32867,1926,15671,18574,24231,32885,9343,449870,448074,434329,431448,425778,417133,-9262,0
380000,1,2,2,-1,-1,-1,-1,-1,-1,112926,108573,216399,213259,203377,185056,4677,130533,7609,12000,7000,6000,267074,271427,163601,166741,176623,194944,871771,0
30000,1,4,1,1,2,2,-1,-1,-1,12517,13027,12421,6105,5083,0,1006,0,0,0,0,0,17483,16973,17579,23895,24917,30000,48147,1
50000,2,2,1,-1,-1,-1,-1,-1,-1,47530,46155,28650,19659,19802,19699,1537,1679,688,713,858,660,2470,3845,21350,30341,30198,30301,175360,0
220000,2,2,2,-1,-1,2,-1,2,2,776,1552,776,221876,223986,204957,1552,0,221876,7500,4,10000,219224,218448,219224,-1876,-3986,15043,412991,1
50000,2,2,2,-1,-1,-1,-1,-1,2,390,390,390,390,930,390,390,390,390,930,0,780,49610,49610,49610,49610,49070,49610,0,1
90000,1,4,1,1,-2,-2,-2,-2,-2,0,0,0,0,0,0,0,0,0,0,0,0,90000,90000,90000,90000,90000,90000,0,0
80000,2,1,1,-1,-1,-1,-1,-1,-1,67692,63789,65771,28690,29137,29569,2763,3500,900,700,700,700,12308,16211,14229,51310,50863,50431,275385,0
390000,1,1,3,-1,-1,-1,-1,-1,-1,4197,4688,63661,60616,61357,2798,4711,63701,1214,1241,2812,46220,385803,385312,326339,329384,328643,387202,77418,0
140000,2,2,3,-1,-1,-1,-1,-1,-1,128947,106671,101362,87420,88774,81869,4039,7010,2359,7617,2760,2366,11053,33329,38638,52580,51226,58131,568892,0
360000,2,2,2,-1,-1,-1,-1,-1,-1,101403,2389,11996,0,67372,66666,2389,11996,0,67372,66666,66666,258597,357611,348004,360000,292628,293334,34737,0
50000,3,2,1,2,-1,-1,-1,-1,-1,50951,49139,46802,47622,48686,47459,2500,2100,1900,2000,1746,1890,-951,861,3198,2378,1314,2541,278523,1
260000,1,1,2,-1,-1,-1,-1,-1,-1,244736,249018,253704,255353,175022,130299,10000,10000,5000,5000,5000,3200,15264,10982,6296,4647,84978,129701,1269932,1
180000,3,2,3,-1,-1,-1,-1,-1,-1,1207,60267,61424,61039,64260,64618,60267,3000,2154,5000,3000,3000,178793,119733,118576,118961,115740,115382,236394,1
360000,1,2,1,1,-2,-2,-2,-2,-1,-1917,-1917,-1917,-1917,-1917,18083,0,0,0,0,20000,1000,361917,361917,361917,361917,361917,341917,-12502,0
230000,1,4,2,-1,-1,-2,-2,-2,-2,2630,0,0,0,0,0,0,0,0,0,0,0,227370,230000,230000,230000,230000,230000,2630,1
130000,1,2,1,-1,-1,-1,-1,-1,-1,13350,6123,2565,8975,43663,23566,6141,2572,9010,42739,5583,384,116650,123877,127435,121025,86337,106434,31813,0
20000,3,2,3,-1,-1,-1,-1,-1,-1,17775,18974,18586,18957,19374,19583,1500,1285,656,699,2000,1286,2225,1026,1414,1043,626,417,105823,0
200000,3,2,3,-2,-2,-2,-2,-2,-2,-140,-70,-70,13968,6652,9696,0,0,14038,6684,9744,1046,200140,200070,200070,186032,193348,190304,-1476,0
220000,2,2,2,-1,-1,-1,-1,-1,-1,100252,102510,107102,27361,29340,33933,3500,6000,3000,2340,5000,2000,119748,117490,112898,192639,190660,186067,378658,0
20000,1,2,1,-1,-1,-1,-1,-1,-1,8226,9281,10325,10378,7085,6542,1349,1393,446,390,422,2093,11774,10719,9675,9622,12915,13458,45744,0
20000,2,2,1,-1,-1,-1,-1,-1,-1,17697,18445,19382,18440,18826,17311,1634,1571,629,652,618,640,2303,1555,618,1560,1174,2689,104357,0
240000,3,4,3,-1,-1,-1,-1,-1,-1,227819,222299,227281,195027,199186,203475,8200,8800,7000,7200,7500,7800,12181,17701,12719,44973,40814,36525,1228587,1
480000,1,2,4,-1,-1,-1,-1,-1,-1,14638,11940,12318,6295,5284,6220,11956,12331,6295,5284,6220,9104,465362,468060,467682,473705,474716,473780,5505,0
50000,2,2,1,-1,-1,-1,-1,-1,-1,26052,27631,29128,29707,28825,29022,2000,2000,2500,1033,1053,1034,23948,22369,20872,20293,21175,20978,160745,0
100000,2,1,3,-1,-1,-1,-2,-2,-2,37596,23808,0,0,0,0,1000,0,0,0,0,0,62404,76192,100000,100000,100000,100000,60404,0
120000,1,4,2,-1,-1,-1,2,2,2,105356,107588,115372,112027,119702,121650,3931,9600,0,9500,4100,0,14644,12412,4628,7973,298,-1650,654564,1
230000,1,2,1,-1,-1,-1,-1,-1,-1,104001,106155,111244,116300,121346,130318,4000,6000,6000,6000,10000,11058,125999,123845,118756,113700,108654,99682,646306,0
20000,2,1,2,-1,-1,-1,-1,-1,-1,16849,17618,18194,17759,18759,5340,1434,1400,355,1000,126,450,3151,2382,1806,2241,1241,14660,89754,0
50000,2,2,1,-1,-1,-1,-1,-1,-2,25140,23936,11107,1210,0,0,1252,1093,1210,0,0,0,24860,26064,38893,48790,50000,50000,57838,0
130000,1,2,2,2,2,2,2,2,2,114227,115922,117545,114168,121621,124168,5000,5000,0,9500,4700,0,15773,14078,12455,15832,8379,5832,683451,0
150000,1,2,2,-2,-2,-2,-2,-2,-2,1736,0,0,0,0,0,0,0,0,0,0,0,148264,150000,150000,150000,150000,150000,1736,0
60000,1,4,2,1,2,2,2,2,2,41259,40715,43153,43845,44795,45710,400,3406,1700,1800,1800,0,18741,19285,16847,16155,15205,14290,250371,0
260000,2,2,3,-1,-1,-1,-1,-1,-1,36048,37157,38040,33882,34589,35397,1688,1571,1213,1253,1381,1166,223952,222843,221960,226118,225411,224603,206841,0
500000,2,1,3,-1,-1,-1,-1,-1,-2,30415,31645,32556,36642,-8,-8,2006,3000,5080,8,0,0,469585,468355,467444,463358,500008,500008,121148,0
270000,2,2,2,-1,-1,-1,-1,-1,-1,74813,75221,73293,72213,74734,76089,3000,4000,4000,5000,4000,5000,195187,194779,196707,197787,195266,193911,421363,0
410000,1,4,2,1,-1,-1,-2,-2,-1,0,13621,0,0,0,666,13621,0,0,0,666,0,410000,396379,410000,410000,410000,409334,0,1
60000,2,4,1,2,-1,-1,2,-1,-1,2469,59068,61284,58698,58033,57539,59068,4898,0,2300,2200,2110,57531,932,-1284,1302,1967,2461,226515,0
200000,1,2,2,-1,-1,-1,-1,-1,-1,261,6229,5815,851,2029,1997,6229,5815,854,2029,1997,10342,199739,193771,194185,199149,197971,198003,-10084,0
50000,3,3,3,-1,-1,-1,-1,-1,-1,780,0,390,2300,1910,780,0,390,4300,0,0,0,49220,50000,49610,47700,48090,49220,1470,0
500000,1,4,2,-2,-2,-2,-2,-2,-2,-73,-73,-73,-73,-73,-73,0,0,0,0,0,0,500073,500073,500073,500073,500073,500073,-438,1
150000,1,2,2,-2,-2,-2,-2,-1,-1,329,-31,3189,0,150,880,0,3220,0,150,880,0,149671,150031,146811,150000,149850,149120,267,0
170000,3,1,3,1,-2,-2,-2,-2,-2,0,0,0,0,0,0,0,0,0,0,0,0,170000,170000,170000,170000,170000,170000,0,0
50000,2,4,1,-1,-1,-1,-1,-1,2,51461,51179,50628,50154,53936,51459,2000,1771,1770,6038,0,2112,-1461,-1179,-628,-154,-3936,-1459,295126,0
130000,2,1,3,-1,-1,-1,-1,-1,-1,1048,1048,1048,1048,390,390,1048,1048,1048,390,390,390,128952,128952,128952,128952,129610,129610,658,0
120000,3,1,2,2,2,2,-1,-1,2,122246,124010,120459,121749,81046,79608,6000,0,5020,6100,0,2800,-2246,-4010,-459,-1749,38954,40392,629198,0
70000,1,2,1,-1,-1,-1,-1,-1,-1,9214,10560,12071,12866,14644,16230,1500,2000,1000,2000,2000,3000,60786,59440,57929,57134,55356,53770,64085,0
320000,2,2,3,-1,-1,-1,-1,-1,-1,3493,12444,46163,1373,6064,2145,12498,46185,1387,6094,2155,1273,316507,307556,273837,318627,313936,317855,2090,0
110000,2,2,2,-1,-1,-1,-1,-1,-1,79646,110818,107558,80437,79727,81001,50000,3500,10000,3000,3000,3000,30354,-818,2442,29563,30273,28999,466687,0
420000,1,4,2,-1,-1,-1,-1,-1,-1,34567,36416,7406,0,12150,150,10000,2056,0,12150,150,399,385433,383584,412594,420000,407850,419850,65934,0
240000,2,2,3,-1,-1,-1,-1,-1,-1,18045,17401,47608,12279,75882,90611,17409,47622,12279,75882,90611,61411,221955,222599,192392,227721,164118,149389,-43388,0
380000,1,2,2,-1,-1,-1,-1,-1,-1,70591,76715,80080,81162,89571,96627,10000,5000,5000,10000,10000,10000,309409,303285,299920,298838,290429,283373,444746,0
20000,2,4,1,-1,-1,-1,-1,-1,-1,17356,18205,10140,10345,7552,8001,1274,1119,324,278,579,170,2644,1795,9860,9655,12448,11999,67855,0
50000,1,4,3,-1,-1,2,2,2,2,35539,38246,37332,39702,38932,41770,3600,0,3000,0,3500,3387,14461,11754,12668,10298,11068,8230,218034,1
20000,3,2,1,-1,2,-1,-1,-1,-1,780,390,380,390,0,780,0,380,400,0,780,0,19220,19610,19620,19610,20000,19220,1160,0
20000,2,4,2,-1,-1,-1,-1,-1,3,16659,17688,18788,19177,21109,20474,1600,1700,1000,2400,0,0,3341,2312,1212,823,-1109,-474,107195,0
240000,1,4,1,-1,-1,-1,-1,-1,-1,237633,200572,189615,197092,201528,197155,7065,6002,10002,7030,6275,8088,2367,39428,50385,42908,38472,42845,1179133,0
340000,2,2,4,1,-2,-2,-2,-1,-1,-8,-8,-8,-8,1595,-5,0,0,0,1603,0,0,340008,340008,340008,340008,338405,340005,-45,1
90000,2,4,1,2,2,2,2,2,2,18168,17593,19492,18884,21410,21841,0,2500,0,3000,930,0,71832,72407,70508,71116,68590,68159,110958,1
50000,2,2,4,-1,-1,-1,-1,-1,-1,31276,29179,26482,16770,15529,16266,1556,1247,1770,700,1000,1129,18724,20821,23518,33230,34471,33734,128100,0
210000,2,2,2,-1,-1,-1,-1,-1,-1,137009,121126,101951,96329,84224,81570,20000,15011,10000,10000,5000,10001,72991,88874,108049,113671,125776,128430,552197,0
60000,2,4,1,-1,-1,2,6,5,4,44331,48590,59129,57663,56225,54759,5000,12000,0,0,0,0,15669,11410,871,2337,3775,5241,303697,0
50000,2,1,4,-1,-1,2,2,-1,-1,12291,14295,9714,9047,8983,9289,3300,1000,0,1000,1000,1423,37709,35705,40286,40953,41017,40711,55896,0
50000,1,4,1,1,-1,-1,-1,-1,-1,0,1950,2576,12576,22397,15944,1950,2576,10000,10000,685,612,50000,48050,47424,37424,27603,34056,29620,0
90000,2,4,1,-1,-1,-1,-1,-1,-1,21854,23036,24100,25000,25000,26254,1536,1600,1500,0,1254,1214,68146,66964,65900,65000,65000,63746,138140,0
250000,1,1,2,-2,-2,-1,-1,-1,-1,3759,17694,14505,4757,11357,6679,8873,14548,4771,11491,6896,890,246241,232306,235495,245243,238643,243321,11282,0
290000,3,1,3,2,-1,-1,-1,-1,-1,255412,217382,250549,31370,-4020,107239,5130,4647,949,4391,146216,60686,34588,72618,39451,258630,294020,182761,635913,1
240000,2,2,2,-1,-1,-1,-1,-1,-1,8602,18703,643,11455,1326,663,18718,646,11478,1329,3,1322,231398,221297,239357,228545,238674,239337,7896,0
360000,1,2,1,-1,-1,-1,-1,-1,-1,1360,7995,-7,3651,2085,1102,8035,0,3658,10,1107,584,358640,352005,360007,356349,357915,358898,2792,0
340000,1,2,2,-1,-1,-1,-1,-1,-1,11951,16332,20391,22104,26361,34333,5000,5012,5000,5006,10010,10000,328049,323668,319609,317896,313639,305667,91444,0
290000,1,4,3,-1,-1,-1,-1,-1,-1,74864,36317,34491,29657,9134,2383,1411,1200,593,200,5637,0,215136,253683,255509,260343,280866,287617,177805,0
50000,2,4,1,2,-1,-1,-1,-1,-1,48690,49347,16002,6120,3910,299,1692,1033,122,78,299,9292,1310,653,33998,43880,46090,49701,111852,0
310000,2,2,3,-1,-1,-1,-1,-1,-1,530,7233,4158,8408,542,2314,7233,4318,8408,542,2314,648,309470,302767,305842,301592,309458,307686,-278,0
10000,2,2,1,-1,-1,-1,-1,-1,-1,9358,7926,9310,9500,9700,10000,1216,2800,190,200,300,0,642,2074,690,500,300,0,51088,0
260000,1,4,2,-1,-1,-1,-1,-1,-1,181679,187642,190152,186696,188632,190948,8900,7200,6800,7100,7200,6500,78321,72358,69848,73304,71368,69052,1082049,0
180000,3,4,1,-1,-1,-1,-1,-1,-1,71702,66234,57253,53736,46213,39701,2950,2200,2000,5000,2000,2300,108298,113766,122747,126264,133787,140299,318389,1
20000,3,2,1,-1,-1,-1,-2,-2,-2,96,780,0,0,0,0,1560,0,0,0,0,0,19904,19220,20000,20000,20000,20000,-684,0
360000,1,4,1,-2,-2,-2,-2,-2,-2,2400,2500,0,0,0,0,2500,0,0,0,0,0,357600,357500,360000,360000,360000,360000,2400,0
80000,1,2,2,-1,-1,-1,-1,-1,2,65622,67265,67382,51958,55196,54235,3300,2100,2000,4000,0,3000,14378,12735,12618,28042,24804,25765,347258,0
450000,2,2,3,-1,-1,-1,-1,-1,-1,10716,12254,12815,17782,9074,8490,8000,5000,7000,3000,2000,1626,439284,437746,437185,432218,440926,441510,44505,0
30000,2,4,1,-1,-1,-1,-1,-1,-1,30190,28985,28724,29357,30188,26316,1532,2169,1000,1200,2000,1500,-190,1015,1276,643,-188,3684,164359,1
500000,1,1,2,-1,-1,-1,-1,-1,-1,26501,21340,11003,1848,1116,927,1261,5901,46,1121,947,201323,473499,478660,488997,498152,498884,499073,-147864,0
210000,1,2,2,-1,-1,-1,-1,-1,-1,146756,150057,153238,156384,160056,163188,5500,5510,5500,6000,6000,6000,63244,59943,56762,53616,49944,46812,895169,0
300000,3,2,5,-1,-1,-1,-1,-1,-1,1068,1168,1005,1372,1610,1355,1168,1005,1372,1610,1355,1426,298932,298832,298995,298628,298390,298645,-358,0
100000,4,1,4,-1,-1,-1,-1,-1,-1,90939,83090,63145,56962,52385,22543,3467,2000,1476,4992,808,1000,9061,16910,36855,43038,47615,77457,355321,1
240000,1,1,3,1,2,2,2,2,2,138103,134976,137251,144457,147604,145071,500,6000,11000,5600,0,11077,101897,105024,102749,95543,92396,94929,813285,1
50000,2,4,4,-1,-1,-1,-1,-1,-1,30121,31295,19100,18900,0,3900,2295,19100,0,0,3900,0,19879,18705,30900,31100,50000,46100,78021,0
20000,2,2,1,3,2,2,3,2,2,17710,17137,19830,19240,18419,20126,0,3000,0,0,2000,0,2290,2863,170,760,1581,-126,107462,1
110000,2,4,1,-1,-1,-1,-1,-1,-1,1877,2507,1320,1270,63697,51866,1000,1000,100,63697,2427,2050,108123,107493,108680,108730,46303,58134,52263,1
200000,1,3,3,-1,-1,-1,-1,-1,-1,9873,-709,10291,0,582,291,0,11000,0,873,0,291,190127,200709,189709,200000,199418,199709,8164,0
220000,3,2,2,1,-1,-1,-1,-1,-1,-117,487,2879,4483,6087,-273,1000,3000,2000,2000,0,2000,220117,219513,217121,215517,213913,220273,3546,0
50000,2,4,3,-1,-1,-1,-1,-1,-1,9784,11578,7384,13479,6734,6801,2303,2095,500,1000,500,500,40216,38422,42616,36521,43266,43199,48862,1
60000,2,2,1,-1,-1,-1,-1,-1,-1,40171,37274,30203,30809,33323,33190,1491,2000,1092,3000,1353,2000,19829,22726,29797,29191,26677,26810,194034,0
20000,1,4,1,2,2,2,2,2,2,9736,12759,12459,12957,13104,12744,3500,200,1000,500,0,1000,10264,7241,7541,7043,6896,7256,67559,1
170000,2,2,2,-1,-1,-1,-1,-1,2,2429,8054,4380,316,6131,5612,8077,4380,0,6131,0,3000,167571,161946,165620,169684,163869,164388,5334,1
30000,1,4,1,2,-1,-1,-1,2,-1,2030,1533,3897,6978,4081,3686,1533,3897,4081,0,155,96,27970,28467,26103,23022,25919,26314,12443,0
160000,1,2,1,-1,-1,-2,-1,-1,-1,1778,0,0,150,150,989,0,0,150,150,989,0,158222,160000,160000,159850,159850,159011,1778,1
200000,1,1,2,-1,-1,-1,-1,-1,-1,199891,198608,115177,116226,139737,187728,8500,6000,4000,25000,50000,70000,109,1392,84823,83774,60263,12272,793867,1
120000,3,2,1,-1,-1,2,-1,-1,-1,81129,72699,39909,18334,7382,19801,7504,29,10004,6,19824,18129,38871,47301,80091,101666,112618,100199,183758,0
230000,1,2,2,-1,-1,-1,-1,-1,-1,12907,316,1156,316,316,316,316,1156,316,316,316,316,217093,229684,228844,229684,229684,229684,12591,0
20000,3,2,3,-1,-1,-1,-1,-1,-1,10665,637,11869,7312,1868,1470,637,11869,7314,2274,1470,2200,9335,19363,8131,12688,18132,18530,8057,0
10000,3,2,3,2,2,3,3,3,3,1050,1050,1050,1050,1050,1050,0,0,0,0,0,0,8950,8950,8950,8950,8950,8950,6300,1
100000,3,4,1,1,-2,-2,-2,-1,-1,0,0,0,0,2483,0,0,0,0,2483,0,80,100000,100000,100000,100000,97517,100000,-80,0
130000,2,4,1,1,-2,-2,-2,-2,-2,0,0,0,0,0,0,0,0,0,0,0,0,130000,130000,130000,130000,130000,130000,0,0
50000,2,2,3,-1,-1,-1,-1,-1,-1,91481,47099,47486,24769,23029,23495,3956,1365,848,1000,1000,1000,-41481,2901,2514,25231,26971,26505,248190,0
140000,3,4,2,-1,-1,-1,-1,-1,-1,92636,94641,96667,98883,79972,81642,3500,3600,3900,3000,3000,3200,47364,45359,43333,41117,60028,58358,524241,0
50000,2,2,3,-1,-1,-1,-1,-1,-1,47864,99572,50396,9430,9638,9801,3473,2294,328,350,323,312,2136,-49572,-396,40570,40362,40199,219621,0
360000,1,2,1,-2,-2,-2,-2,-2,-2,3206,2347,3770,3466,1630,2931,2358,3788,3483,1638,2946,16950,356794,357653,356230,356534,358370,357069,-13813,0
20000,2,4,1,4,3,2,2,2,2,19529,18937,18335,19530,19076,20444,0,0,1500,0,1700,0,471,1063,1665,470,924,-444,112651,1
110000,2,4,2,-1,-1,-1,-1,-1,-1,107028,106818,108730,112035,48492,43413,4000,3783,6488,4850,2000,6446,2972,3182,1270,-2035,61508,66587,498949,0
100000,2,2,2,5,4,3,2,2,2,90822,88562,86256,87150,85636,91007,0,0,3200,0,6803,6950,9178,11438,13744,12850,14364,8993,512480,1
260000,1,2,2,-1,-1,-1,-1,-1,-1,256557,188370,186778,184132,189947,89016,6726,6637,7784,10000,3500,3434,3443,71630,73222,75868,70053,170984,1056719,0
50000,1,4,1,-1,-1,-1,-1,-1,-1,46750,45985,26675,16948,16303,18019,1505,2000,592,604,2000,2000,3250,4015,23325,33052,33697,31981,161979,0
360000,2,2,2,1,-2,-2,-2,-2,-2,0,0,0,0,0,0,0,0,0,0,0,0,360000,360000,360000,360000,360000,360000,0,1
30000,2,2,1,2,2,2,2,2,2,27896,26835,28690,27633,29184,28776,0,2659,0,2309,1087,0,2104,3165,1310,2367,816,1224,162959,1
50000,2,2,1,-1,-1,-1,-1,-1,-1,49798,50795,50150,9658,10011,9345,2193,2040,330,492,332,500,202,-795,-150,40342,39989,40655,173870,0
270000,2,4,2,-2,-2,-2,-2,-2,-2,0,0,0,0,0,0,0,0,0,0,0,0,270000,270000,270000,270000,270000,270000,0,0
250000,1,2,3,-2,-2,-2,-2,-2,-1,4976,5417,7948,1797,1580,12573,5417,7948,1797,1580,12573,4338,245024,244583,242052,248203,248420,237427,638,0
250000,1,2,3,-2,-1,-1,-1,-1,-1,5241,2738,2360,6976,3701,2872,2754,2377,7006,11,2981,0,244759,247262,247640,243024,246299,247128,8759,0
120000,2,2,1,1,-2,-2,-2,-1,-1,0,0,0,0,4629,5551,0,0,0,4629,1000,1915,120000,120000,120000,120000,115371,114449,2636,0
250000,3,4,2,-1,-1,-1,-1,-1,-1,44242,58876,73068,102311,75543,88283,25000,24000,30000,25000,30000,25000,205758,191124,176932,147689,174457,161717,283323,0
260000,2,4,1,-1,-1,-1,-1,-1,-1,1267,553,0,202,11990,3359,553,0,202,11990,3359,1035,258733,259447,260000,259798,248010,256641,232,0
240000,2,1,2,2,-1,-1,-1,-1,-1,234661,234364,235982,239281,244329,249130,10200,10200,8725,9068,9068,15000,5339,5636,4018,719,-4329,-9130,1375486,0
60000,2,4,1,-1,-1,-1,-1,-1,-1,18224,19928,20939,21291,21734,22184,2000,1648,1000,936,962,3013,41776,40072,39061,38709,38266,37816,114741,0
250000,1,2,3,-1,-1,-1,-1,-1,-1,326,326,652,326,326,326,326,652,0,326,326,326,249674,249674,249348,249674,249674,249674,326,1
100000,2,4,1,-1,-1,-1,-1,-1,-1,98542,82569,87486,84536,76008,69865,3326,8003,2745,2689,2896,2731,1458,17431,12514,15464,23992,30135,476616,0
150000,1,4,2,1,-1,-1,-2,-2,-1,0,1070,-240,-240,-240,390,1070,0,0,0,1170,390,150000,148930,150240,150240,150240,149610,-1890,0
170000,1,2,3,-1,-1,-1,-1,-1,-1,165243,156688,151405,127090,126388,126399,7067,6443,4617,4711,4673,4603,4757,13312,18595,42910,43612,43601,821099,0
710000,1,4,2,-1,-1,-1,-1,-1,-1,28585,31719,34854,35774,35524,35047,3561,3696,1616,3024,5011,2011,681415,678281,675146,674226,674476,674953,182584,0
20000,2,1,4,-1,-1,-1,-1,2,-1,6620,7556,8570,10020,9715,10153,1200,1300,1600,0,600,600,13380,12444,11430,9980,10285,9847,47334,0
360000,2,4,2,-1,-1,-1,-1,-1,-1,83412,77205,16250,13600,12640,0,3700,1123,500,640,0,0,276588,282795,343750,346400,347360,360000,197144,0
150000,3,2,5,1,-2,-2,-2,-2,-2,0,0,0,0,0,0,0,0,0,0,0,0,150000,150000,150000,150000,150000,150000,0,1
150000,3,2,3,-1,-1,-1,-1,-1,-1,3114,23946,7838,7642,8009,10800,23979,7838,7642,367,10800,5068,146886,126054,142162,142358,141991,139200,5655,0
50000,3,2,4,-1,-1,-1,-1,-1,-1,7556,7312,6959,5813,3985,3169,1140,1048,163,135,151,2000,42444,42688,43041,44187,46015,46831,30157,0
140000,3,2,2,2,2,-1,-1,2,2,122283,118913,120435,139795,142950,140505,0,5000,21500,5500,0,5000,17717,21087,19565,205,-2950,-505,747881,0
250000,1,1,3,1,-2,-1,-1,-1,-1,-8,-8,1632,-88,17451,43978,0,1640,0,17539,44197,1758,250008,250008,248368,250088,232549,206022,-2177,0
20000,2,2,2,-1,-1,2,2,3,2,11423,13976,13455,15227,14699,14313,2749,0,2000,0,0,1230,8577,6024,6545,4773,5301,5687,77114,0
360000,2,2,3,-2,-2,-2,-2,-2,-2,2333,6295,0,0,1070,0,6295,0,0,1070,0,0,357667,353705,360000,360000,358930,360000,2333,0
160000,2,2,2,-1,-1,-1,-1,-1,-1,2734,0,625,406,338,0,0,625,406,338,0,0,157266,160000,159375,159594,159662,160000,2734,1
180000,2,2,2,-1,-1,-1,-1,-1,-1,27225,28245,26743,28943,30943,0,1765,1000,2200,2000,0,0,152775,151755,153257,151057,149057,180000,135134,0
50000,2,2,1,-1,-1,-1,-1,-1,-1,28569,27693,20401,17510,18038,16145,1400,1600,600,771,1000,305,21431,22307,29599,32490,31962,33855,122680,0
50000,2,2,3,-1,-1,-1,2,-1,-1,19834,19387,22574,20483,20121,20191,1340,5000,0,729,793,642,30166,30613,27426,29517,29879,29809,114086,0
220000,1,2,5,2,2,2,2,2,-1,19024,20424,19798,21468,20986,22469,2000,0,2000,0,2000,2000,200976,199576,200202,198532,199014,197531,116169,1
150000,2,1,2,-1,-1,-1,2,2,2,76415,78836,87265,85084,93323,91783,4150,10575,0,9717,0,3300,73585,71164,62735,64916,56677,58217,484964,1
160000,2,1,3,-1,-1,-1,-2,-2,-2,1672,2927,0,0,0,0,2941,0,0,0,0,0,158328,157073,160000,160000,160000,160000,1658,0
160000,3,4,2,-1,-1,-1,-1,-1,-1,1055,2579,1155,3334,1055,8824,2579,1155,3334,0,8824,1055,158945,157421,158845,156666,158945,151176,1055,0
200000,2,2,1,-1,-1,-1,-1,-1,-1,73700,73624,73928,72060,72393,72969,3304,3815,3004,3006,4012,3012,126300,126376,126072,127940,127607,127031,418521,0
190000,1,2,2,-1,-1,2,-1,-1,-1,5484,6192,4988,3440,3341,3228,2450,0,200,1000,1000,1000,184516,183808,185012,186560,186659,186772,21023,0
50000,2,2,2,-1,-1,-1,-1,-1,-1,47445,37395,9858,8536,9674,9591,1697,1118,285,299,1110,40207,2555,12605,40142,41464,40326,40409,77783,1
50000,2,2,1,-1,-1,-1,-1,-1,-1,390,390,390,780,390,390,390,390,780,0,390,0,49610,49610,49610,49220,49610,49610,780,0
140000,2,4,2,-1,-1,-1,-1,-1,-1,88394,90252,92775,93606,95301,96653,3280,4270,3500,3606,3500,3550,51606,49748,47225,46394,44699,43347,535275,0
60000,2,4,1,-1,-1,-1,-1,2,2,48867,49979,51316,54046,55036,53985,2200,2470,4200,2000,0,6200,11133,10021,8684,5954,4964,6015,296159,0
10000,3,2,1,-1,-1,-1,-1,-1,-1,8283,8754,9436,5856,6059,5999,1500,1246,210,298,120,0,1717,1246,564,4144,3941,4001,41013,0
400000,1,2,1,1,-1,2,-1,-1,-1,-1320,5773,3944,87146,90818,96316,9952,10,87170,10013,10008,20039,401320,394227,396056,312854,309182,303684,145485,0
500000,1,4,3,-1,-1,-1,-1,-1,-1,380502,295489,206296,354521,358009,394932,10481,12042,160042,46043,53181,15071,119498,204511,293704,145479,141991,105068,1692889,0
320000,2,4,1,-1,-1,-1,-1,-1,-1,44500,51257,54659,35196,71244,35299,51334,54726,103,71404,35448,47699,275500,268743,265341,284804,248756,284701,31441,0
240000,1,1,4,-1,-1,-2,-2,-2,-2,2115,0,0,0,0,0,0,0,0,0,0,0,237885,240000,240000,240000,240000,240000,2115,0
110000,3,2,3,-1,-1,-1,-1,-1,-1,128341,131227,133490,135888,137708,78581,4861,4300,3500,3500,2564,2300,-18341,-21227,-23490,-25888,-27708,31419,724210,0
240000,1,2,1,1,-2,-2,-2,-2,-2,0,0,0,0,0,0,0,0,0,0,0,0,240000,240000,240000,240000,240000,240000,0,1
50000,3,4,2,2,2,2,-1,-1,-1,26411,28902,28139,28697,35084,29983,3231,0,1026,1063,1397,6212,23589,21098,21861,21303,14916,20017,164287,1
100000,3,4,3,2,-1,2,-1,-1,-2,216,964,964,365,0,0,964,0,0,0,0,301,99784,99036,99036,99635,100000,100000,1244,0
50000,1,2,1,-1,-1,-1,-1,-1,-1,25045,15180,6964,7604,2173,6586,15522,6964,7604,2173,6586,11890,24955,34820,43036,42396,47827,43414,12813,0
50000,3,2,1,-1,-1,-1,-1,-1,-2,25437,25873,0,100,0,0,2000,0,100,0,0,0,24563,24127,50000,49900,50000,50000,49310,1
50000,2,1,3,-2,-1,-1,-1,2,-1,1040,4254,6955,9486,9191,12524,4254,2962,5191,0,3500,3000,48960,45746,43045,40514,40809,37476,24543,1
150000,2,4,2,-1,-1,2,2,2,2,63150,68125,66432,73312,72015,76521,6000,0,8023,0,5700,0,86850,81875,83568,76688,77985,73479,399832,0
200000,2,2,2,-2,-2,-2,-2,-2,-2,4157,601,432,1602,3017,937,606,432,1602,3017,937,1275,195843,199399,199568,198398,196983,199063,2877,0
80000,2,4,1,-1,-1,-1,-1,-1,-1,47234,48147,45958,43437,41444,35501,3000,2007,1361,1512,2000,476,32766,31853,34042,36563,38556,44499,251365,0
360000,1,1,2,-1,-1,-1,-1,-1,-1,11936,21865,3366,5210,13308,7089,21983,4567,5236,13373,7123,5510,348064,338135,356634,354790,346692,352911,4982,0
120000,2,2,3,-1,-1,-1,-1,-1,-1,38878,39917,32048,29131,30288,30192,2000,2000,2000,3000,3000,5000,81122,80083,87952,90869,89712,89808,183454,0
230000,1,2,1,-1,-1,2,-1,-1,-1,70966,70366,66633,56055,22935,17354,5606,1050,1634,3000,3203,1000,159034,159634,163367,173945,207065,212646,288816,0
60000,2,2,2,-1,-1,-1,-1,-1,-1,54316,55575,15158,15450,15933,16095,2770,1275,544,3923,575,596,5684,4425,44842,44550,44067,43905,162844,1
90000,2,1,2,1,2,2,2,2,-1,9549,9257,11983,12065,11731,11809,0,3200,572,0,422,437,80451,80743,78017,77935,78269,78191,61763,0
50000,2,2,1,3,2,2,-1,-1,-1,49747,51075,43662,18115,17300,17947,2500,14,2000,1000,1500,1500,253,-1075,6338,31885,32700,32053,189332,1
240000,2,1,2,-1,-1,-1,-1,-1,-1,1051,475,1051,671,291,671,475,1051,671,291,671,671,238949,239525,238949,239329,239709,239329,380,0
230000,2,2,3,-1,-1,-1,-1,-1,-1,6946,120,8794,2095,129,303,500,16000,9100,7400,7500,8100,223054,229880,221206,227905,229871,229697,-30213,0
80000,1,4,1,-1,-1,-1,-1,-1,-1,23998,17442,15948,17118,9883,8689,3150,2000,6000,500,304,500,56002,62558,64052,62882,70117,71311,80624,0
400000,1,4,1,-1,-1,-1,-1,-1,-1,3299,6930,2375,1211,6661,517,6978,2387,1127,6694,519,593,396701,393070,397625,398789,393339,399483,2695,0
120000,1,1,3,-1,-1,-1,-1,-1,2,117775,117106,118207,116885,123040,120546,5700,6000,5000,10000,0,4500,2225,2894,1793,3115,-3040,-546,682359,0
250000,1,1,2,1,-1,-1,-1,-1,-1,0,93,5354,167,908,0,93,5354,167,908,0,0,250000,249907,244646,249833,249092,250000,0,0
30000,1,4,1,1,2,-1,-1,2,2,29846,28941,18643,19005,12751,10891,0,4000,600,0,2500,419,154,1059,11357,10995,17249,19109,112558,0
150000,1,2,4,-1,-1,-1,-1,-1,-1,152059,150510,152228,141778,142694,145622,7100,5800,5300,5200,5300,5600,-2059,-510,-2228,8222,7306,4378,850591,0
310000,3,2,2,2,2,-1,-1,-1,-1,207995,211176,214160,220579,227036,321979,8000,8000,10000,10000,100000,0,102005,98824,95840,89421,82964,-11979,1266925,0
150000,2,2,2,-1,-1,-1,-1,-1,-1,135587,138473,141297,144605,148420,150500,4000,4000,4500,5000,3500,0,14413,11527,8703,5395,1580,-500,837882,0
80000,1,4,1,-1,-1,-1,-1,-2,-1,11040,5830,4136,0,0,150,1500,2000,0,0,150,419,68960,74170,75864,80000,80000,79850,17087,0
200000,1,2,2,1,-2,-2,-2,-2,-2,0,0,0,0,0,0,0,0,0,0,0,0,200000,200000,200000,200000,200000,200000,0,1
50000,2,2,1,-1,-1,-1,-1,-1,-1,35166,29045,15188,7582,7741,7958,1300,1106,1500,281,346,159,14834,20955,34812,42418,42259,42042,97988,0
190000,2,1,1,-1,-1,-1,-1,-1,-1,223483,183900,182911,156432,152708,133584,11837,6070,5136,5183,5237,4396,-33483,6100,7089,33568,37292,56416,995159,1
50000,2,2,2,2,-1,-1,2,2,2,30773,33275,41329,5392,5722,4501,4000,9000,0,1000,0,1000,19227,16725,8671,44608,44278,45499,105992,0
100000,2,2,2,1,2,2,2,3,2,24377,25167,24541,27304,26669,26172,1400,0,3100,0,0,2000,75623,74833,75459,72696,73331,73828,147730,1
150000,1,1,2,-1,-1,-1,-1,-1,-1,144761,146271,128105,130555,133985,136151,6005,5005,5005,6005,5005,5005,5239,3729,21895,19445,16015,13849,787798,0
80000,2,2,3,-1,-1,-1,2,2,2,19260,16902,15173,10493,10313,6687,1270,1874,0,3313,0,291,60740,63098,64827,69507,69687,73313,72080,0
200000,2,1,2,1,-2,-2,-2,-2,-2,736,736,736,736,736,316,736,736,736,736,316,1156,199264,199264,199264,199264,199264,199684,-420,0
120000,3,4,3,-1,-1,-1,-1,-1,-1,116697,108828,101417,89852,91503,89571,4200,4715,3200,3010,3772,3464,3303,11172,18583,30148,28497,30429,575507,0
60000,2,2,3,2,-1,-1,-1,2,-1,61093,57227,32091,32792,31277,29512,1739,1791,2378,0,1092,3554,-1093,2773,27909,27208,28723,30488,233438,1
450000,4,2,4,-1,-1,-1,-1,-1,-1,144396,150396,396,396,396,546,6396,396,396,396,546,396,305604,299604,449604,449604,449604,449454,288000,0
120000,1,2,2,-1,-1,-1,-1,-1,-1,890,390,390,1480,0,6477,390,390,1480,0,6477,0,119110,119610,119610,118520,120000,113523,890,1
130000,2,1,3,-2,-2,-2,-1,-1,-1,0,0,0,96963,99004,101833,0,0,96963,3554,4435,3304,130000,130000,130000,33037,30996,28167,189544,0
240000,1,4,2,-1,-1,2,-1,-1,2,5367,6959,6649,5149,13750,5777,6959,15,0,7013,0,726,234633,233041,233351,234851,226250,234223,28938,1
90000,2,4,1,-1,-1,-1,-1,-1,-1,11181,11237,9442,5318,11928,15558,3194,8823,0,7000,6660,10000,78819,78763,80558,84682,78072,74442,28987,0
210000,2,2,1,2,-1,-1,-1,2,-1,7474,8625,3511,4950,4727,5494,1500,1500,1500,0,1000,1000,202526,201375,206489,205050,205273,204506,28281,1
90000,2,4,1,-1,-1,-1,-1,-1,-1,803,16983,18644,12718,12984,13247,16983,2000,500,424,431,1000,89197,73017,71356,77282,77016,76753,54041,0
420000,1,2,3,-2,-2,-2,-2,-2,-2,1794,7748,2950,17827,23711,63784,7786,2965,18048,23831,64101,30731,418206,412252,417050,402173,396289,356216,-29648,0
290000,1,1,5,-1,-1,-1,-1,-1,2,183800,187658,193030,195356,207180,211614,6820,8500,7020,15000,8000,0,106200,102342,96970,94644,82820,78386,1133298,1
390000,1,2,1,-1,-1,2,-1,-1,-1,43062,47142,46088,47016,48332,62205,5100,0,2000,2071,15000,2300,346938,342858,343912,342984,341668,327795,267374,0
230000,1,2,2,-2,-2,-2,-2,-2,-2,489,0,1257,0,1169,641,0,1257,0,1169,641,0,229511,230000,228743,230000,228831,229359,489,0
90000,2,2,1,-1,-1,-1,-1,-1,-1,13770,14024,9232,4173,4408,5846,1522,3010,1500,1500,1500,2000,76230,75976,80768,85827,85592,84154,40421,0
280000,2,2,3,1,-2,-1,-1,-2,-2,0,0,3288,0,0,0,0,3288,0,0,0,2942,280000,280000,276712,280000,280000,280000,-2942,0
280000,1,4,1,-2,-2,-2,-2,-2,-2,21670,15767,15288,4923,19616,5191,15846,15364,9948,19693,5216,488,258330,264233,264712,275077,260384,274809,15900,0
30000,3,2,1,-2,-1,-1,-1,2,-1,0,20249,3765,29393,26408,27653,20657,1000,26408,0,1653,823,30000,9751,26235,607,3592,2347,56927,0
20000,2,1,2,-1,-1,-1,-1,-1,-1,18596,19245,19744,14999,15121,19283,1342,1231,524,741,5000,1000,1404,755,256,5001,4879,717,97150,0
180000,1,2,3,-1,-1,-1,-1,-1,-1,36484,24049,89271,1946,11859,506,24049,91272,162,11859,506,1304,143516,155951,90729,178054,168141,179494,34963,0
70000,3,4,1,-1,-1,-1,-1,-1,-1,7139,8361,10030,11578,13408,12302,1500,2000,2000,2000,1000,2000,62861,61639,59970,58422,56592,57698,52318,1
230000,2,2,2,-1,-1,-1,-1,-1,-1,2007,3220,6163,2765,2050,1197,3229,6191,2782,2055,1200,1710,227993,226780,223837,227235,227950,228803,235,0
50000,2,2,2,-1,-1,2,-1,-1,-1,17003,18157,17301,16486,17681,17825,3000,1000,1000,2000,1000,2000,32997,31843,32699,33514,32319,32175,94453,0
250000,2,1,3,-1,-1,-1,-1,-1,-1,10735,19147,4192,5947,5453,0,19269,4192,5966,5453,0,0,239265,230853,245808,244053,244547,250000,10594,0
140000,1,1,3,-1,-1,-1,-1,-1,-1,109259,108015,107209,106353,100653,99546,5400,5211,4000,4000,4000,3600,30741,31985,32791,33647,39347,40454,604824,0
140000,2,2,3,-1,-1,-1,-1,2,-1,43616,44710,45661,50880,49934,51106,2100,2000,6000,0,2000,4200,96384,95290,94339,89120,90066,88894,269607,0
130000,1,4,1,-1,-1,-1,-1,-1,-1,1088,1521,6042,1085,947,495,1521,6044,1619,947,495,0,128912,128479,123958,128915,129053,129505,552,0
120000,2,2,3,-2,-2,-2,-1,-1,-1,73900,0,0,3663,3663,0,0,0,3663,0,0,0,46100,120000,120000,116337,116337,120000,77563,0
60000,2,4,3,1,2,-1,-1,3,2,44193,43205,47476,54735,53584,54703,0,5000,8100,0,2150,0,15807,16795,12524,5265,6416,5297,282646,1
80000,3,4,2,-1,-1,-1,-1,-1,-1,77385,79038,80899,79387,81593,80254,2900,3200,3000,3500,3100,6200,2615,962,-899,613,-1593,-254,456656,0
240000,1,2,3,-1,-1,-1,-1,-1,-1,4420,16829,4745,2430,7792,33196,16920,4774,2442,7829,33361,1076,235580,223171,235255,237570,232208,206804,3010,0
50000,3,1,2,-1,-1,-1,-1,-1,-2,46727,47973,48990,49261,0,0,2000,2005,1745,0,0,0,3273,2027,1010,739,50000,50000,187201,1
270000,1,4,2,-2,-2,-2,-2,-2,-2,12091,0,6743,338,0,432,0,6743,338,0,432,3042,257909,270000,263257,269662,270000,269568,9049,0
170000,1,2,4,-1,-1,2,-1,-1,-1,2939,5447,416,7509,6387,1516,3000,5,7509,6387,1666,3023,167061,164553,169584,162491,163613,168484,2624,0
50000,2,1,4,-1,-1,-1,-1,-1,-1,42462,43684,42256,6501,6638,7027,1928,1200,300,242,500,500,7538,6316,7744,43499,43362,42973,143898,1
230000,4,2,1,-1,-1,-1,-1,-1,-1,123436,127873,129832,133273,139818,65649,7000,6000,6000,10000,30000,3044,106564,102127,100168,96727,90182,164351,657837,0
390000,1,4,1,-2,-1,-1,-1,-1,-1,5044,1248,199466,200701,210885,213137,1248,201925,6195,30000,8000,8000,384956,388752,190534,189299,179115,176863,575113,0
200000,2,2,2,-1,-1,2,-1,-1,-1,151955,158956,149765,131741,134488,137240,9201,5000,4500,4600,4700,5319,48045,41044,50235,68259,65512,62760,830825,1
500000,2,2,1,-1,-1,-1,-1,-1,-1,174725,178556,182274,185523,183530,187150,6630,6831,6500,6500,6500,5900,325275,321444,317726,314477,316470,312850,1052897,0
30000,1,4,1,3,2,-1,-1,-1,-1,14190,12900,11006,5584,5268,4112,0,2046,0,0,0,915,15810,17100,18994,24416,24732,25888,50099,1
450000,1,4,2,-1,-1,-1,-1,-1,-1,30627,3693,6696,2461,4192,4378,4008,6696,5000,4192,4378,71100,419373,446307,443304,447539,445808,445622,-43327,0
50000,2,2,1,-1,-1,-1,-1,-1,-1,11014,11092,692,1184,24119,24027,1402,694,1186,34029,1002,1023,38986,38908,49308,48816,25881,25973,32792,0
50000,1,4,1,-1,-1,-1,-1,-1,-1,48150,47684,47528,48525,45790,46764,1797,2113,2500,1742,1817,2000,1850,2316,2472,1475,4210,3236,272472,0
220000,1,2,3,-1,-1,-1,2,-1,-1,115294,117945,130365,126780,129570,133553,6000,16000,0,5000,6300,3000,104706,102055,89635,93220,90430,86447,717207,0
30000,2,4,2,-1,-1,-1,-1,-1,-1,29965,28048,29775,27736,26956,28142,2000,3000,3000,2000,2000,2000,35,1952,225,2264,3044,1858,156622,0
50000,3,2,3,3,2,2,-1,-1,-1,34542,30557,29577,29529,28276,28768,1000,1000,1000,1000,1000,1000,15458,19443,20423,20471,21724,21232,175249,0
50000,2,1,2,-1,-1,-1,-1,-1,-1,48469,48872,49429,49144,50032,50519,2138,2095,1711,1771,1900,3510,1531,1128,571,856,-32,-519,283340,0
30000,2,4,1,2,-1,-1,-1,-1,-2,28510,28481,28045,27259,0,0,2000,1200,0,0,0,0,1490,1519,1955,2741,30000,30000,109095,1
200000,1,4,3,-1,-1,2,-1,-1,-1,660,1320,660,1320,1320,1710,1320,0,1320,1320,1710,27077,199340,198680,199340,198680,198680,198290,-25757,1
50000,2,2,3,1,2,2,2,2,2,43244,42276,45235,45816,44970,47649,0,4000,1600,0,3400,0,6756,7724,4765,4184,5030,2351,260190,1
80000,2,4,1,-1,-1,-1,-1,-1,-1,47788,45221,46830,48429,52142,56060,4000,3000,3000,5000,5000,5000,32212,34779,33170,31571,27858,23940,271470,0
20000,3,1,1,3,2,3,2,-1,-1,10135,11926,11448,10970,11636,12442,2100,0,0,1000,1000,0,9865,8074,8552,9030,8364,7558,64457,1
70000,2,2,3,-1,-1,-1,-1,-1,-1,68687,69531,71271,70712,50793,50605,2545,2918,6329,1996,1977,1975,1313,469,-1271,-712,19207,19395,363859,0
130000,3,1,3,-1,-1,-2,-2,-2,-2,15722,0,0,0,0,0,0,0,0,0,0,0,114278,130000,130000,130000,130000,130000,15722,0
200000,3,1,2,-1,-1,-1,-1,-1,-1,192910,199344,186878,140743,129806,121623,10000,10000,6000,10000,10000,5000,7090,656,13122,59257,70194,78377,920304,0
320000,1,2,2,-2,-2,-2,-2,-2,-2,11317,2612,1265,3031,13001,8807,2617,1265,3031,13001,8807,4003,308683,317388,318735,316969,306999,311193,7309,0
170000,1,4,1,-1,-1,-1,-1,-1,-1,61785,17848,14000,124208,122955,116191,3848,4000,124208,5000,5000,5000,108215,152152,156000,45792,47045,53809,309931,0
280000,1,4,2,-1,-1,-1,-1,-1,-1,8527,13219,10132,29142,20644,1647,13244,10157,29187,20669,3003,3250,271473,266781,269868,250858,259356,278353,3801,0
10000,2,4,2,-1,-1,-1,-1,-1,-2,8014,9170,9180,8300,0,0,1300,1000,1166,0,0,0,1986,830,820,1700,10000,10000,31198,0
200000,1,1,2,1,2,-1,-1,-1,-1,204441,198879,202466,168015,169799,171981,0,8555,10000,6500,7103,6000,-4441,1121,-2466,31985,30201,28019,1077423,0
70000,2,2,1,-1,-1,-1,-1,-1,-1,63298,65785,65353,84184,47686,49276,4100,2400,2500,1800,2400,4800,6702,4215,4647,-14184,22314,20724,357582,0
230000,1,4,3,-1,-1,-1,-1,-1,-1,204625,205816,205294,194263,212257,206084,15006,15026,15000,20000,15030,15030,25375,24184,24706,35737,17743,23916,1133247,0
150000,1,4,3,-1,-1,-1,-2,-1,-1,800,2400,0,0,1000,0,2400,0,0,1000,0,0,149200,147600,150000,150000,149000,150000,800,0
320000,1,2,1,-1,-1,-1,-1,-1,-1,95322,98787,97996,27996,1712,-216,5000,2000,2000,2000,0,10000,224678,221213,222004,292004,318288,320216,300597,0
50000,1,2,1,4,4,4,4,3,2,35906,37038,38151,37264,36396,35659,2000,2000,0,0,0,3001,14094,12962,11849,12736,13604,14341,213413,0
200000,2,2,3,1,2,2,2,-1,-1,2667,2478,6406,6216,5258,7002,0,4000,14,2000,2000,2000,197333,197522,193594,193784,194742,192998,20013,1
200000,2,1,2,-1,-1,-1,-1,-1,-1,326,326,326,326,326,326,326,326,326,326,326,326,199674,199674,199674,199674,199674,199674,0,1
160000,2,4,1,-1,-1,-1,-1,-1,-2,2248,-2,4903,5525,-10,-10,0,4905,5525,10,0,5685,157752,160002,155097,154475,160010,160010,-3471,0
380000,1,2,3,-1,-1,-1,2,-1,-1,1837,4791,6697,2700,1218,1533,3000,2000,0,1218,700,500,378163,375209,373303,377300,378782,378467,11358,0
50000,2,1,4,-1,-1,-1,2,2,6,11583,16051,25725,25017,34385,33248,5000,10000,0,10000,0,10000,38417,33949,24275,24983,15615,16752,111009,1
500000,2,2,4,-2,-2,-2,-2,-2,-2,8864,1462,18653,45391,1460,580,1462,18661,45402,1460,580,1588,491136,498538,481347,454609,498540,499420,7257,0
150000,3,1,2,-1,-1,-1,-1,-1,-1,38808,39879,40589,41551,42420,43105,2000,1674,1636,1690,1544,1751,111192,110121,109411,108449,107580,106895,236057,0
90000,2,2,2,-1,-1,-1,-1,-1,-1,56291,58385,60412,61710,63020,64274,3000,3000,2300,2300,2300,2379,33709,31615,29588,28290,26980,25726,348813,1
60000,2,3,3,-1,-1,2,2,2,2,24677,26963,28210,27473,29176,28242,3000,2000,0,2289,0,1500,35323,33037,31790,32527,30824,31758,155952,1
140000,1,2,1,-1,-1,-1,-1,-1,-1,13497,15680,3400,3218,16478,4078,15688,4000,3218,17000,4500,4448,126503,124320,136600,136782,123522,135922,7497,0
220000,1,4,3,-1,-1,-1,-1,-1,-1,13654,12312,23031,7229,3942,2132,12312,23031,7234,3942,2132,5809,206346,207688,196969,212771,216058,217868,7840,0
450000,3,2,3,-1,-1,-1,-1,-1,-1,262138,242290,221480,201670,181345,160000,10027,8517,7020,6821,6027,5010,187862,207710,228520,248330,268655,290000,1225501,0
200000,2,1,3,-1,-1,-2,-2,-2,-2,205150,0,0,0,0,0,0,0,0,0,0,0,-5150,200000,200000,200000,200000,200000,205150,0
140000,1,4,2,-1,-1,2,-1,-1,-1,30996,33690,33430,32768,29701,24377,3200,1500,1800,2000,2000,1000,109004,106310,106570,107232,110299,115623,173462,1
290000,1,2,3,-1,-1,-1,-1,-1,-1,6615,8494,10336,15127,19685,29275,2000,2000,5000,5000,10000,5000,283385,281506,279664,274873,270315,260725,60532,1
260000,1,2,2,-1,-1,-1,-1,-1,-1,87281,96870,115398,146597,159844,145729,15000,20084,50029,20139,15147,12025,172719,163130,144602,113403,100156,114271,619295,0
60000,1,4,1,-1,-1,-1,-1,-1,-1,61015,58160,51237,29999,28972,29444,3016,5011,1005,1000,14000,3104,-1015,1840,8763,30001,31028,30556,231691,0
280000,1,2,2,-1,-1,-1,-1,-1,-1,12740,17239,14496,16185,8962,8756,17352,14575,16266,9007,8800,20947,267260,262761,265504,263815,271038,271244,-8569,0
310000,3,2,3,-1,-1,-1,-1,-1,-1,69569,71437,71464,72299,50967,51153,3366,2400,2212,1985,2422,1407,240431,238563,238536,237701,259033,258847,373097,0
80000,3,2,4,-1,-1,-1,-1,-1,-1,6627,9503,11966,14493,20328,23506,3000,3000,3000,8000,3506,3000,73373,70497,68034,65507,59672,56494,62917,0
150000,1,4,2,-1,-1,-1,-1,-1,-1,74033,237,1420,1141,1067,1128,237,1426,1141,1067,1200,1150,75967,149763,148580,148859,148933,148872,72805,0
80000,2,2,1,-1,-1,-1,-1,-1,-1,49302,35916,25528,26034,26615,28173,1412,1425,931,1000,2000,2000,30698,44084,54472,53966,53385,51827,182800,0
480000,2,2,3,-1,-1,-1,-1,-1,-1,1223,22308,6070,5924,547,1308,22313,6083,5924,547,1308,1480,478777,457692,473930,474076,479453,478692,-275,1
350000,2,2,2,1,2,-1,-1,-1,-1,23589,22585,23263,23755,23900,25016,0,1700,1500,1000,2000,1500,326411,327415,326737,326245,326100,324984,134408,0
230000,1,2,2,1,-2,-2,-2,-1,-1,0,0,0,0,625,514,0,0,0,625,514,3,230000,230000,230000,230000,229375,229486,-3,0
180000,3,2,3,-1,-1,-1,-1,-1,-1,109114,71952,16765,14611,16209,25653,2835,1500,1000,2000,10000,20000,70886,108048,163235,165389,163791,154347,216969,0
50000,2,1,2,-1,-1,-1,-1,-1,-1,50764,50428,49564,21002,20230,19462,2200,1500,1500,2000,1700,2000,-764,-428,436,28998,29770,30538,200550,1
310000,2,2,3,1,2,2,2,2,2,266629,270414,264482,280240,285805,272059,9500,0,20000,10000,0,9755,43371,39586,45518,29760,24195,37941,1590374,1
10000,1,1,3,-1,-1,3,2,2,2,6859,9751,9451,9169,10056,8559,3000,0,0,1002,0,500,3141,249,549,831,-56,1441,49343,0
280000,1,2,1,-1,-1,-1,-1,-1,-1,9895,7402,7701,8951,6916,8790,3011,3007,3019,2004,3044,93462,270105,272598,272299,271049,273084,271210,-57892,0
50000,2,2,4,-1,-1,-1,-1,-1,-1,50557,49214,50156,20186,17966,19659,2283,2225,1008,757,2601,700,-557,786,-156,29814,32034,30341,198164,1
50000,2,4,4,2,-1,-1,2,2,2,10728,11751,13247,12737,13732,13362,1504,2000,0,1200,0,494,39272,38249,36753,37263,36268,36638,70359,1
10000,1,4,1,1,3,2,2,2,2,8352,8078,7800,8672,8388,9248,0,0,1000,0,1000,0,1648,1922,2200,1328,1612,752,48538,0
290000,1,1,3,-1,-1,-1,-1,-1,-1,294475,295310,290951,237255,241778,236917,12021,11212,8503,9047,9003,10014,-4475,-5310,-951,52745,48222,53083,1536886,0
240000,1,2,2,1,-2,-2,-2,-2,-1,0,0,0,0,0,41300,0,0,0,0,41300,868,240000,240000,240000,240000,240000,198700,-868,0
100000,2,4,1,1,2,-1,-1,-1,-1,48006,46561,46764,48298,49137,49576,0,2200,3000,2000,1800,2000,51994,53439,53236,51702,50863,50424,277342,1
160000,2,4,1,-1,-1,-1,-1,-1,-1,21570,7501,10703,12448,2129,24461,7545,10841,12448,2141,24603,16897,138430,152499,149297,147552,157871,135539,4337,0
230000,2,1,3,-1,-1,-1,-1,-1,-1,170354,131022,108061,87461,69221,57462,7200,3348,2510,5000,3500,6500,59646,98978,121939,142539,160779,172538,595523,0
230000,2,2,3,-2,-2,-2,-2,-2,-2,0,0,0,0,0,0,0,0,0,0,0,83,230000,230000,230000,230000,230000,230000,-83,0
300000,3,2,3,1,-1,-1,-1,-2,-1,0,1018,685,1144,0,67,1018,687,1144,0,67,0,300000,298982,299315,298856,300000,299933,-2,0
500000,3,2,2,-1,-1,2,-1,-1,-1,211508,183713,158759,119566,123098,132355,10070,3066,13366,20898,20155,16101,288492,316287,341241,380434,376902,367645,845343,0
200000,1,2,1,-1,-1,-1,-1,-1,2,1124,1206,1292,1778,2064,1000,1000,1000,1400,1200,0,1203,198876,198794,198708,198222,197936,199000,2661,0
210000,1,4,3,-1,-1,-1,-1,-1,-1,125615,77485,79668,92326,30500,25265,5000,4000,3402,2013,1026,1000,84385,132515,130332,117674,179500,184735,414418,0
50000,2,4,1,-1,-1,-1,-1,-1,-1,373,-17,4230,1243,1904,0,0,4247,1243,1094,0,0,49627,50017,45770,48757,48096,50000,1149,0
130000,2,2,1,-1,-1,2,2,2,-1,112561,119435,105382,49643,46812,45914,12421,0,7000,0,2000,1822,17439,10565,24618,80357,83188,84086,456504,0
90000,2,2,2,-1,-1,-1,-1,-1,-1,2522,0,1261,1261,1261,1261,0,1261,1261,1261,1261,390,87478,90000,88739,88739,88739,88739,2132,0
80000,3,2,2,-1,-1,-1,-1,-1,-1,5587,6906,1470,1720,2890,7678,6906,1470,1720,2890,7678,1730,74413,73094,78530,78280,77110,72322,3857,0
30000,3,2,1,2,2,2,2,2,2,10732,20501,20831,21231,20589,31018,10000,1000,1000,0,13000,0,19268,9499,9169,8769,9411,-1018,99902,0
480000,2,4,2,1,-2,-2,-2,-1,-1,0,0,0,0,330982,355339,0,0,0,330982,30000,13174,480000,480000,480000,480000,149018,124661,312165,0
80000,3,2,3,-1,-1,-1,-1,-1,-1,54074,50967,29143,33520,19060,14275,10000,10000,5000,3000,3000,5000,25926,29033,50857,46480,60940,65725,165039,0
90000,2,4,1,-1,-1,-1,-1,-1,-1,36179,36137,28400,28982,29782,24389,1953,2000,29982,800,1516,60615,53821,53863,61600,61018,60218,65611,87003,0
70000,2,1,2,1,2,2,2,2,2,32945,32133,35089,34225,36663,35921,0,3500,0,3000,0,3000,37055,37867,34911,35775,33337,34079,197476,0
50000,3,2,2,-1,-1,-1,2,-1,-1,5458,7208,17221,16738,17106,15415,2000,10600,0,700,3000,4200,44542,42792,32779,33262,32894,34585,58646,0
110000,3,2,2,-1,-1,-1,-1,-1,-1,73064,70373,71730,73208,75095,72530,3900,3200,2600,3000,3100,3100,36936,39627,38270,36792,34905,37470,417100,0
120000,2,2,2,-1,-1,-1,-1,-1,-1,100802,104378,106651,108362,96168,99399,5200,5500,5000,5000,5000,5000,19198,15622,13349,11638,23832,20601,585060,0
180000,2,2,1,-2,-2,-2,-2,-1,2,2294,1290,2109,600,476,326,1296,2120,901,476,0,326,177706,178710,177891,179400,179524,179674,1976,0
50000,2,2,2,1,2,2,2,2,2,40159,41323,40364,42781,41966,48865,2100,0,3400,0,7800,0,9841,8677,9636,7219,8034,1135,242158,1
150000,1,2,1,-1,-1,-1,-1,-1,-1,2565,3648,5586,5586,3672,1160,3648,5586,0,426,4040,2320,147435,146352,144414,144414,146328,148840,6197,0
340000,1,4,2,1,-2,-2,-2,-2,-2,0,0,0,0,0,0,0,0,0,0,0,0,340000,340000,340000,340000,340000,340000,0,0
300000,2,4,2,-1,-1,-1,-1,-1,-1,351232,298709,268531,157953,161183,163942,9198,7668,4429,4821,4684,3152,-51232,1291,31469,142047,138817,136058,1367598,0
150000,1,2,2,-1,-1,-1,-1,-1,2,123160,134948,130982,125296,122664,112055,20000,6100,4000,5500,3002,7000,26840,15052,19018,24704,27336,37945,703503,1
30000,1,2,2,2,-1,-1,-1,-1,-1,69707,71904,62630,57406,46231,73262,4000,5000,8000,1460,40000,10000,-39707,-41904,-32630,-27406,-16231,-43262,312680,0
50000,2,2,4,-1,-1,-1,-1,-1,-1,47595,28491,3642,12291,16674,17331,8080,15012,10000,8000,2000,2000,2405,21509,46358,37709,33326,32669,80932,0
100000,1,1,3,-1,2,-1,-1,-1,-1,2206,1016,452,1016,1096,2202,0,452,1580,1096,2122,0,97794,98984,99548,98984,98904,97798,2738,1
270000,2,2,2,-1,-1,-1,-1,-1,-1,165,165,165,165,0,601,165,165,165,0,601,928,269835,269835,269835,269835,270000,269399,-763,0
320000,1,1,3,-1,-1,-1,-1,-1,-1,3274,86251,14857,12157,8690,4166,86682,14871,260,43,4186,904,316726,233749,305143,307843,311310,315834,22449,1
160000,2,2,1,-1,-1,-1,-1,-1,-1,1236,1234,4888,4187,8995,9731,1234,4890,1010,8998,2005,3669,158764,158766,155112,155813,151005,150269,8465,0
300000,1,4,1,-1,-1,-1,-1,-1,-1,10545,10421,15196,19406,23260,15423,3000,5000,5000,4000,5000,5000,289455,289579,284804,280594,276740,284577,67251,0
30000,2,2,3,-1,-1,-1,2,-1,-1,2273,2127,2552,1992,1583,1320,2000,1300,0,0,150,0,27727,27873,27448,28008,28417,28680,8397,1
290000,3,1,3,-2,-2,-2,-2,-2,-2,-4,-4,798,-2,494,-6,0,802,0,496,0,1292,290004,290004,289202,290002,289506,290006,-1314,0
180000,2,2,3,-2,-1,-1,-2,-2,-1,106,3166,106,59,-47,347,3166,106,59,47,570,106,179894,176834,179894,179941,180047,179653,-317,0
150000,1,1,4,-2,-2,-2,-1,-1,-1,153664,137074,86466,2120,143701,146318,22000,2509,2120,143701,6000,5200,-3664,12926,63534,147880,6299,3682,487813,0
60000,2,2,2,-1,-1,-1,-1,-1,-1,54379,55029,54422,19843,19095,19495,2269,1385,1000,693,717,661,5621,4971,5578,40157,40905,40505,215538,0
260000,1,4,2,-2,-2,-2,-1,-1,-1,6475,2500,500,210,210,-90,2500,500,210,0,0,0,253525,257500,259500,259790,259790,260090,6595,0
150000,2,1,2,-1,-1,-1,-1,-1,-1,143706,140120,138520,139329,142149,111435,6010,5007,5016,10101,5006,4015,6294,9880,11480,10671,7851,38565,780104,1
230000,3,1,4,-1,-1,-1,-1,-1,-1,214423,214585,170063,176893,183699,188700,10000,10000,10000,10000,10000,9000,15577,15415,59937,53107,46301,41300,1089363,0
250000,1,4,1,1,-2,-2,-2,-2,-2,0,0,0,0,0,0,0,0,0,0,0,0,250000,250000,250000,250000,250000,250000,0,0
70000,2,2,1,-1,-1,-1,-1,-1,-1,1929,2948,3960,4038,4123,4264,1054,1066,144,150,210,500,68071,67052,66040,65962,65877,65736,18138,0
360000,3,1,3,-1,-1,-1,-1,-1,-1,1982,-18,3746,-4,906,850,0,3764,0,910,854,1131,358018,360018,356254,360004,359094,359150,803,1
200000,1,1,2,-1,-1,-1,-1,-1,-2,5879,5884,5171,4598,-95,-2175,5884,5171,4598,0,0,0,194121,194116,194829,195402,200095,202175,3609,0
30000,1,4,2,-1,-1,-1,-1,-1,-1,27851,29490,29200,29400,50000,0,2100,1500,600,600,0,0,2149,510,800,600,-20000,30000,161141,0
20000,2,1,2,-1,-1,-1,-1,-1,-1,1473,1473,390,390,390,0,1473,390,390,390,0,780,18527,18527,19610,19610,19610,20000,693,0
80000,3,2,5,-1,-1,-1,-1,-1,-1,58592,52465,16937,15159,12195,0,2912,3000,3000,3000,0,0,21408,27535,63063,64841,67805,80000,143436,0
260000,1,4,2,-2,-2,-2,-2,-2,-2,-34,6846,1479,173,6326,369,6880,1486,174,6357,370,2500,260034,253154,258521,259827,253674,259631,-2608,0
210000,2,2,2,-1,-1,-1,-1,-1,-1,64740,66692,68579,70036,71706,73162,3000,3000,2600,2800,2800,2900,145260,143308,141421,139964,138294,136838,397815,0
50000,3,1,2,-1,-1,2,-1,-1,2,35214,37305,34789,8671,9550,8741,3900,2,500,1000,0,500,14786,12695,15211,41329,40450,41259,128368,0
140000,1,2,1,-1,-1,-1,-1,-1,-2,66526,65667,67571,26968,-4082,-4082,3990,4000,2000,0,0,0,73474,74333,72429,113032,144082,144082,208578,0
90000,3,1,3,2,2,2,3,3,3,48674,49895,52570,53614,54534,53374,2300,4116,2500,2052,0,0,41326,40105,37430,36386,35466,36626,301693,0
20000,2,1,2,-1,-1,-1,-1,-1,-1,35651,20160,20080,19680,19680,0,4960,1400,0,0,0,0,-15651,-160,-80,320,320,20000,108891,0
360000,1,1,3,-1,-1,-1,-1,-1,-1,165,165,165,165,165,165,165,165,165,165,165,165,359835,359835,359835,359835,359835,359835,0,0
580000,2,2,4,-1,-1,-1,-1,-1,-1,20498,2290,4968,4481,5574,14240,2290,4968,4485,5583,14242,9986,559502,577710,575032,575519,574426,565760,10497,0
180000,2,2,2,-1,-1,2,-1,-1,-1,29478,32342,31523,32989,33679,34350,3353,0,2000,1222,1231,2704,150522,147658,148477,147011,146321,145650,183851,0
60000,2,1,4,-1,-1,-1,-1,-1,-1,60557,58563,27436,29752,30351,28871,3040,3000,3000,4000,2000,3000,-557,1437,32564,30248,29649,31129,217490,0
60000,2,2,1,-1,-1,-1,-1,-1,-1,39831,33147,32239,30110,30465,30510,4500,4500,2000,1301,1128,1023,20169,26853,27761,29890,29535,29490,181850,0
50000,2,2,2,-1,-1,-1,-1,-1,-1,50995,50882,32777,32081,29598,29648,2500,1500,1226,1059,2000,1138,-995,-882,17223,17919,20402,20352,216558,0
100000,2,2,2,-1,-1,-1,-1,-1,-1,200,200,200,2795,94722,96638,200,200,2795,92485,2519,2961,99800,99800,99800,97205,5278,3362,93595,0
380000,1,1,3,-1,-1,-1,-1,-1,-1,141102,84229,28749,14258,7594,190628,5034,2071,29,72,190710,30052,238898,295771,351251,365742,372406,189372,238592,0
310000,1,2,2,-1,-1,-1,-1,-1,-1,325,4373,26863,7443,4221,8172,4373,26863,7443,0,8172,31362,309675,305627,283137,302557,305779,301828,-26816,0
50000,2,2,2,1,2,-1,-1,-1,-1,28731,27985,29000,29731,30400,33427,0,1482,1213,1300,3703,0,21269,22015,21000,20269,19600,16573,171576,1
20000,2,2,2,-1,-1,-1,-1,-1,-1,16128,17441,18589,18607,19892,24338,2000,2000,2001,2001,100,4737,3872,2559,1411,1393,108,-4338,102156,0
30000,2,4,4,-1,-1,2,-1,-1,-1,27284,29001,28201,28763,29383,28987,4664,0,994,1047,1412,756,2716,999,1799,1237,617,1013,162746,0
50000,2,4,2,1,2,-1,-1,-1,3,32814,32004,33017,33868,38151,37253,0,1550,1400,5000,0,0,17186,17996,16983,16132,11849,12747,199157,1
30000,3,6,4,1,2,2,2,-1,-1,10033,6486,7064,2890,2500,3280,0,3192,0,2500,3280,0,19967,23514,22936,27110,27500,26720,23281,1
490000,1,1,3,-1,-1,-1,-1,-1,-1,497657,498379,498646,436116,438700,436436,18260,18529,15000,15500,15620,15420,-7657,-8379,-8646,53884,51300,53564,2707605,0
500000,1,4,2,-1,-1,-1,-1,-1,-1,218570,218978,218778,236377,225650,15233,18978,18778,36377,10650,15233,0,281430,281022,281222,263623,274350,484767,1033570,0
80000,3,2,1,-1,-1,-1,-2,-2,-2,13165,2100,0,0,0,0,2100,0,0,0,0,0,66835,77900,80000,80000,80000,80000,13165,0
200000,2,1,2,-1,-1,-2,-2,-2,-2,205150,0,0,0,0,0,0,0,0,0,0,0,-5150,200000,200000,200000,200000,200000,205150,0
360000,1,2,1,-1,-1,-1,-1,-1,-1,205119,209680,213527,174907,126309,97746,8270,8423,6753,5139,5000,4000,154881,150320,146473,185093,233691,262254,989703,0
30000,2,1,2,-1,-1,-1,-1,-1,-1,29493,30346,28777,27962,26306,28994,2006,1500,3000,3000,9000,2000,507,-346,1223,2038,3694,1006,151372,1
170000,1,2,2,-1,-1,-1,-1,-1,-1,46113,48241,50255,51410,52429,53554,3182,3000,1990,2000,2000,3000,123887,121759,119745,118590,117571,116446,286830,0
10000,2,2,1,-1,-1,-1,-1,-1,-1,6703,8422,9205,9393,4176,0,2000,1000,188,2538,0,0,3297,1578,795,607,5824,10000,32173,0
230000,2,2,4,1,-2,-2,-2,-2,-2,0,0,0,0,0,0,0,0,0,0,0,0,230000,230000,230000,230000,230000,230000,0,0
200000,1,1,3,-1,-1,-1,-1,-1,-1,416,416,0,832,416,416,416,0,1248,0,416,416,199584,199584,200000,199168,199584,199584,0,1
160000,1,4,2,-1,-1,-1,-1,-1,-1,61089,53073,46508,42835,46169,40482,1965,1972,1509,4000,3000,4000,98911,106927,113492,117165,113831,119518,273710,0
270000,2,1,2,2,-1,-1,-1,-1,-1,275572,277585,232661,150298,134808,129645,10332,10000,18021,8026,6011,5000,-5572,-7585,37339,119702,135192,140355,1143179,1
80000,2,2,1,-1,-1,-1,-1,-1,-1,57798,50910,49940,49460,50687,50288,2050,1780,1800,2000,2000,2000,22202,29090,30060,30540,29313,29712,297453,0
360000,1,4,1,-1,-1,-1,-2,-2,-2,1146,2500,0,0,0,0,2500,0,0,0,0,0,358854,357500,360000,360000,360000,360000,1146,1
140000,2,4,1,-1,-1,-1,-1,-1,-1,111820,104189,100638,93092,94663,96257,3817,4500,3500,3600,3700,3500,28180,35811,39362,46908,45337,43743,578042,0
80000,3,4,3,-1,-1,-1,-1,-1,-1,76594,78254,78401,49496,50562,45682,3100,3100,1669,1759,1700,3001,3406,1746,1599,30504,29438,34318,364660,0
200000,1,4,1,-1,-1,-1,-1,-1,-1,1698,2751,3665,4665,6665,150,1086,1000,1000,2000,150,776,198302,197249,196335,195335,193335,199850,13582,0
80000,1,4,1,-1,-1,-1,-1,-1,-1,390,390,390,390,390,390,390,390,390,390,390,390,79610,79610,79610,79610,79610,79610,0,0
390000,1,1,2,-1,-1,-1,-1,-1,-1,28804,43996,47532,49414,51380,50661,20000,5006,5006,5008,3004,3006,361196,346004,342468,340586,338620,339339,230757,0
80000,2,4,2,-1,-1,-1,-1,-1,-1,1019,8479,9947,10671,11923,12050,8479,2000,2000,2000,2000,1000,78981,71521,70053,69329,68077,67950,36610,1
80000,3,2,3,-1,-1,-1,-1,-1,-1,40821,42443,42573,43386,13513,13781,2281,1411,1224,491,493,662,39179,37557,37427,36614,66487,66219,189955,1
20000,2,1,2,1,2,-1,-1,-1,-1,21635,19749,19469,19856,19147,20369,0,1303,690,851,1700,0,-1635,251,531,144,853,-369,115681,1
30000,3,4,1,-1,-1,-1,-1,-1,-1,28579,26683,25591,16337,19690,19986,2006,2041,2001,4004,2006,2000,1421,3317,4409,13663,10310,10014,122808,0
60000,4,2,1,-1,-1,-1,-1,-1,-1,5363,262,-144,450,202,196,1000,0,1000,0,400,300,54637,59738,60144,59550,59798,59804,3629,0
100000,2,4,1,-1,-1,-1,-1,-1,-1,59219,60464,61956,63228,64561,66025,2197,2500,2300,2350,2540,4920,40781,39536,38044,36772,35439,33975,358646,0
100000,2,1,4,-1,-1,-1,-1,-1,-1,81382,72937,65480,66777,68176,69547,4611,4000,2387,2472,2502,2544,18618,27063,34520,33223,31824,30453,405783,0
40000,3,2,3,-1,-1,-1,-1,-1,-1,69282,36108,37112,37695,38580,0,3500,1750,1300,1409,0,0,-29282,3892,2888,2305,1420,40000,210818,0
120000,1,4,2,-1,-1,-1,-1,-1,-1,316,316,316,316,316,7516,316,316,316,316,7516,316,119684,119684,119684,119684,119684,112484,0,0
20000,3,2,4,-1,-1,-1,-1,-1,-1,12685,13634,12115,12356,12623,13905,1188,1201,442,466,1500,421,7315,6366,7885,7644,7377,6095,72100,0
310000,2,4,1,-1,-1,-1,-1,-1,-1,87717,93707,83632,81133,75499,73540,9156,2782,4013,2688,2651,2652,222283,216293,226368,228867,234501,236460,471286,0
50000,2,2,1,1,2,-1,-1,-1,-1,19203,17242,18245,18454,18685,19271,0,1299,807,678,897,800,30797,32758,31755,31546,31315,30729,106619,1
500000,2,1,3,1,2,-1,-1,-1,-2,9502,9206,11000,13000,0,0,0,2000,2000,0,0,0,490498,490794,489000,487000,500000,500000,38708,0
290000,3,1,3,-1,-1,-1,-1,-1,2,151996,155371,157605,133904,128276,130419,7800,7549,10000,15000,5000,0,138004,134629,132395,156096,161724,159581,812222,0
30000,2,2,2,-1,-1,-1,-1,-1,-1,19101,17444,12676,9171,5928,7746,1653,1110,0,109,7849,0,10899,12556,17324,20829,24072,22254,61345,0
100000,1,4,1,-1,-1,-1,-1,-1,-1,850,0,8472,8472,1768,0,0,8472,0,0,0,9038,99150,100000,91528,91528,98232,100000,2052,0
360000,1,4,2,-1,-1,-1,-1,-1,-2,8288,21865,44440,3904,0,0,21888,44640,3904,0,0,0,351712,338135,315560,356096,360000,360000,8065,0
20000,3,1,4,-1,-1,-2,-2,-2,-2,2300,0,0,0,0,0,0,0,0,0,0,0,17700,20000,20000,20000,20000,20000,2300,1
150000,2,2,2,1,2,2,-1,-1,-1,108784,110405,106317,30906,31457,32134,4800,0,1240,1200,1200,1300,41216,39595,43683,119094,118543,117866,410263,1
360000,1,2,2,-1,-1,2,-1,-1,-1,3680,9995,3225,4230,6113,8745,13517,0,4230,6113,8745,6324,356320,350005,356775,355770,353887,351255,-2941,0
490000,2,2,2,-1,-1,-1,-1,-1,-1,26088,24092,24488,16995,-1527,62491,2003,2041,1092,4,64895,3003,463912,465908,465512,473005,491527,427509,79589,0
40000,2,2,3,-1,-1,-1,-1,-1,-1,11770,4719,922,4665,4059,5588,4740,922,4665,4059,5588,7000,28230,35281,39078,35335,35941,34412,4749,0
100000,3,2,2,-1,-1,-1,-1,-1,-1,1490,0,210,0,90,90,0,210,0,90,0,0,98510,100000,99790,100000,99910,99910,1580,0
20000,2,4,1,-1,-1,-1,-1,-1,-1,14367,16130,18136,18258,19478,19866,2001,2600,701,1500,705,1000,5633,3870,1864,1742,522,134,97728,0
500000,2,2,2,-1,-1,-1,-1,-1,-1,37664,9689,9487,12641,14778,10665,3000,1000,6000,4000,3000,23000,462336,490311,490513,487359,485222,489335,54924,0
50000,2,2,1,-2,-2,-2,-2,-2,-2,49703,50237,26924,27458,28036,28772,1761,1448,982,1020,1200,1155,297,-237,23076,22542,21964,21228,203564,0
260000,1,2,2,-1,-1,-1,-1,-1,-1,324,826,326,326,326,476,828,326,326,326,476,326,259676,259174,259674,259674,259674,259524,-4,0
140000,2,2,3,-1,-1,-2,-2,-2,-1,2457,0,0,0,0,579,0,0,0,0,579,1968,137543,140000,140000,140000,140000,139421,489,0
260000,1,2,3,-1,-1,-1,-1,-1,-1,316,316,4866,316,316,4843,316,4866,316,316,4843,316,259684,259684,255134,259684,259684,255157,0,0
200000,1,4,2,-1,-1,-1,-1,-1,-1,3450,12113,16152,19443,19189,13947,12174,16239,19446,529,400,277,196550,187887,183848,180557,180811,186053,35229,0
50000,2,4,1,-1,-1,-1,-1,-1,-1,47132,22104,983,23594,7428,29039,1651,984,23001,5001,30001,8599,2868,27896,49017,26406,42572,20961,61043,0
200000,1,4,2,1,-1,-1,-1,-2,-2,0,2300,15093,0,0,0,2300,15093,0,0,0,0,200000,197700,184907,200000,200000,200000,0,0
20000,2,4,1,-1,-1,-1,-1,-1,-1,6690,8628,8515,6584,3403,3748,2600,1500,1500,1000,402,0,13310,11372,11485,13416,16597,16252,30566,0
10000,3,2,1,-1,-1,-1,-1,-1,-1,4050,5426,6743,8544,9858,1303,2000,2000,2000,2000,1000,0,5950,4574,3257,1456,142,8697,26924,0
30000,2,2,2,-1,-1,-1,-1,-1,-1,28014,29248,29254,19837,14793,404,1694,1200,8697,2000,1000,2759,1986,752,746,10163,15207,29596,104200,0
170000,3,2,3,-1,-1,-1,-1,-1,-1,73784,73815,53032,29086,93786,92728,3663,3426,1317,93276,3197,3185,96216,96185,116968,140914,76214,77272,308167,0
50000,3,2,3,-1,-1,-1,-2,-1,-1,4410,4055,0,0,6553,19653,4050,0,0,6553,13100,0,45590,45945,50000,50000,43447,30347,10968,0
420000,1,4,2,-1,-1,-1,-1,-1,-1,13207,6184,6692,1039,1039,1503,6222,9723,1045,1042,1509,9215,406793,413816,413308,418961,418961,418497,908,1
70000,2,2,2,-1,-1,-1,-1,-1,-1,8432,9596,10637,11965,12178,13962,1300,1200,1507,1000,2000,1000,61568,60404,59363,58035,57822,56038,58763,0
300000,2,2,2,-1,-1,-1,-1,-1,-1,316,316,17597,15257,9482,10716,316,17597,2000,2690,2000,316,299684,299684,282403,284743,290518,289284,28765,0
500000,2,2,2,2,2,2,-1,-1,-1,533142,504834,413844,305875,46420,14540,3089,14000,14000,1500,14000,2000,-33142,-4834,86156,194125,453580,485460,1770066,0
20000,2,4,3,-1,-1,-1,3,2,2,15945,16971,19796,19188,18740,20219,1288,3113,0,0,1800,663,4055,3029,204,812,1260,-219,103995,0
280000,1,4,2,-1,-1,-1,-1,-1,-1,161001,136271,131048,119654,115808,115116,5000,6000,4000,4000,5000,5270,118999,143729,148952,160346,164192,164884,749628,0
150000,1,1,3,-1,-1,-1,-1,-1,-1,390,390,390,15080,780,0,390,390,15080,0,0,0,149610,149610,149610,134920,149220,150000,1170,0
180000,2,1,2,-1,-1,-1,-1,-1,-1,1099,1099,1099,1099,0,1099,1099,1099,1099,0,1099,0,178901,178901,178901,178901,180000,178901,1099,0
50000,1,2,1,-1,-1,-1,-2,-2,-2,50401,46275,0,0,0,0,5000,0,0,0,0,0,-401,3725,50000,50000,50000,50000,91676,0
150000,2,4,1,1,-2,-1,-1,-1,-1,0,0,3230,1085,10000,0,0,3230,1085,10000,0,0,150000,150000,146770,148915,140000,150000,0,0
30000,2,2,1,1,4,3,2,2,4,24386,23744,23090,22436,26886,30858,0,0,0,5000,5000,0,5614,6256,6910,7564,3114,-858,141400,0
250000,1,1,2,-2,-2,-2,-2,-1,-1,-207,-207,-207,-207,11361,700,0,0,0,11568,700,0,250207,250207,250207,250207,238639,249300,-1035,0
300000,3,2,2,-1,-1,2,2,2,2,37672,40743,41226,40263,42788,41947,4000,1446,0,3179,0,3462,262328,259257,258774,259737,257212,258053,232552,0
80000,2,1,2,-1,-1,-1,-1,-1,-1,110692,105273,103223,97871,38640,14734,3500,4000,2600,3000,19707,50000,-30692,-25273,-23223,-17871,41360,65266,387626,0
50000,3,2,4,-1,-1,-1,-1,-1,-1,50019,18458,19318,15949,14986,19401,1400,1229,687,2000,5000,1000,-19,31542,30682,34051,35014,30599,126815,0
120000,3,1,2,-1,-1,-1,-1,-1,-1,326,326,326,326,652,326,326,326,326,652,0,290,119674,119674,119674,119674,119348,119674,362,0
330000,2,2,2,8,7,6,5,4,3,377779,372355,365250,358145,352121,346216,0,0,0,0,0,0,-47779,-42355,-35250,-28145,-22121,-16216,2171866,1
140000,2,6,2,-1,-1,-1,-1,-1,-1,107060,104629,98453,96149,96500,96550,4598,4333,3381,3637,3645,3440,32940,35371,41547,43851,43500,43450,576307,0
150000,2,2,4,3,2,-1,-1,-2,-1,3227,3029,3964,0,0,2322,0,1000,0,0,2322,0,146773,146971,146036,150000,150000,147678,9220,0
330000,1,1,4,-1,-1,-1,-1,-2,-1,3166,-206,3429,0,0,749,552,5726,0,0,749,799,326834,330206,326571,330000,330000,329251,-688,0
380000,1,2,2,2,2,2,2,2,2,322199,331518,337703,343612,351089,358401,16001,13150,13000,13150,13300,13000,57801,48482,42297,36388,28911,21599,1962921,0
50000,2,1,2,-1,-1,-1,-1,-1,-1,46253,46117,46919,17459,17825,18193,1998,3000,625,647,664,649,3747,3883,3081,32541,32175,31807,185183,0
120000,1,4,1,-1,-1,-1,-1,-1,-1,104546,105326,111987,112652,114337,115105,4000,10000,4000,5000,4200,4500,15454,14674,8013,7348,5663,4895,632253,0
150000,2,2,2,-1,-1,-1,-1,-1,-1,135211,142398,121570,130780,130780,0,10109,10000,10000,10000,20000,16100,14789,7602,28430,19220,19220,150000,584530,0
130000,2,2,2,-1,-1,-1,-1,-1,-1,127626,128136,88423,90235,92154,85510,5400,3100,3100,3200,3000,3100,2374,1864,41577,39765,37846,44490,591184,0
160000,2,4,1,-1,-1,-1,-1,-1,-2,78592,80240,39835,41150,0,0,3700,1700,2000,0,0,0,81408,79760,120165,118850,160000,160000,232417,0
30000,3,2,3,-1,-1,2,-1,-1,-1,1072,5122,4440,4050,3660,3660,4440,0,0,0,0,0,28928,24878,25560,25950,26340,26340,17564,0
370000,2,1,2,1,-2,-2,-1,2,2,0,0,0,361,211,3659,0,0,422,0,3448,0,370000,370000,370000,369639,369789,366341,361,0
180000,1,2,4,-1,-1,-1,-1,-1,-1,513,396,396,396,396,396,396,396,396,396,396,792,179487,179604,179604,179604,179604,179604,-279,0
50000,2,1,4,2,2,-1,-1,-1,-1,48580,47112,30246,26953,27249,27521,0,1500,1000,986,986,996,1420,2888,19754,23047,22751,22479,202193,0
170000,1,4,2,-1,-1,-1,-1,-1,-1,326,326,326,326,476,476,326,326,326,476,476,326,169674,169674,169674,169674,169524,169524,0,1
60000,2,2,1,-1,-1,2,-1,-1,-1,34733,37460,36558,37945,38782,39582,3600,0,2000,1600,1600,1340,25267,22540,23442,22055,21218,20418,214920,1
20000,2,2,2,-1,-1,-1,-1,-1,-1,13936,8643,1973,17711,13747,13901,8735,1973,17711,2000,5000,5000,6064,11357,18027,2289,6253,6099,29492,0
20000,2,2,1,1,2,2,2,2,-1,16332,18111,18325,18391,14235,18955,2500,1000,600,0,5000,1300,3668,1889,1675,1609,5765,1045,93949,1
50000,1,4,1,-1,-1,-1,-1,2,2,35427,36307,36989,38559,39958,38313,2000,2000,3000,3000,0,3090,14573,13693,13011,11441,10042,11687,212463,0
150000,3,4,4,-1,-1,-1,-1,-1,-1,5678,3608,694,-6,2266,1601,1010,696,0,2272,1605,3027,144322,146392,149306,150006,147734,148399,5231,0
170000,2,2,2,-1,-1,-1,-1,-1,-1,166851,107434,99487,49017,48812,0,5000,5000,3000,3000,0,1219,3149,62566,70513,120983,121188,170000,454382,0
30000,2,2,3,-1,-1,-1,-1,2,2,27862,29106,29784,29884,27833,29459,2000,1500,2000,0,3000,0,2138,894,216,116,2167,541,165428,0
50000,1,4,1,1,-2,-2,-2,-2,-1,0,0,0,0,0,550,0,0,0,0,550,0,50000,50000,50000,50000,50000,49450,0,1
100000,2,2,1,-1,-1,-1,-1,-1,-1,416,416,0,416,416,1850,416,0,832,416,1850,0,99584,99584,100000,99584,99584,98150,0,0
500000,1,1,4,-1,-1,-1,-1,-1,-1,107782,10961,11525,3228,9146,2430,11016,11602,3244,9191,2442,7992,392218,489039,488475,496772,490854,497570,99585,0
180000,1,2,2,-1,-1,-1,-1,-1,-1,326,326,10726,24104,326,326,326,10726,24104,326,326,326,179674,179674,169274,155896,179674,179674,0,0
280000,1,2,2,-2,-2,-2,-2,-2,-2,640,-160,32060,3901,1276,-2,0,32220,3920,1282,2,3446,279360,280160,247940,276099,278724,280002,-3155,0
50000,2,4,1,-1,-1,-2,-2,-2,-1,1500,0,0,0,1075,4249,0,0,0,1075,4307,0,48500,50000,50000,50000,48925,45751,1442,0
360000,2,2,3,-1,-1,-1,-1,-1,-1,338321,329178,320709,310208,289883,279709,12323,22023,12023,10023,10823,7523,21679,30822,39291,49792,70117,80291,1793270,0
170000,1,1,3,-1,-1,-1,-1,-1,-1,6569,29039,1716,2442,14605,2895,29069,1721,2442,14605,2895,9608,163431,140961,168284,167558,155395,167105,-3074,0
90000,2,1,2,4,3,2,-1,-1,-1,62737,61413,59823,29526,25903,26563,0,0,1300,1000,1000,1500,27263,28587,30177,60474,64097,63437,261165,1
50000,2,2,1,-1,-1,-1,-1,-1,-1,49772,50261,50630,30192,30297,28541,2082,1726,1013,1061,1135,886,228,-261,-630,19808,19703,21459,231790,0
20000,1,1,1,-1,-1,-1,-1,-1,-1,625,702,316,316,316,316,709,316,316,316,316,316,19375,19298,19684,19684,19684,19684,302,1
220000,2,2,2,-1,-1,-1,-1,-1,-1,109815,91363,93091,91706,91748,93261,3634,3566,3394,3659,3700,3183,110185,128637,126909,128294,128252,126739,549848,0
200000,4,4,1,-1,-1,-2,-1,-1,-2,2017,0,381,1060,429,0,0,381,1060,429,0,398,197983,200000,199619,198940,199571,200000,1619,0
70000,1,4,1,-1,-1,-1,-1,-1,-1,66648,66638,57404,33045,30137,21832,3000,5137,968,2500,6000,5000,3352,3362,12596,36955,39863,48168,253099,0
400000,1,2,1,-1,-1,-2,-2,-1,-1,181178,86663,62200,38000,150,193,4000,2000,1000,150,193,3690,218822,313337,337800,362000,399850,399807,357351,1
90000,1,2,2,-1,-1,-2,-2,-2,-1,9999,0,0,0,0,1980,0,0,0,0,1980,0,80001,90000,90000,90000,90000,88020,9999,0
50000,3,4,4,4,4,3,2,2,-1,51300,50222,49097,50036,49145,47639,0,0,2000,0,1900,2000,-1300,-222,903,-36,855,2361,291539,1
60000,3,1,2,1,2,-1,-1,-1,-1,69311,60059,54851,38863,39135,39049,0,2293,1367,1407,1410,1400,-9311,-59,5149,21137,20865,20951,293391,1
50000,3,2,3,1,-2,-2,-2,-2,-2,0,0,0,0,0,0,0,0,0,0,0,0,50000,50000,50000,50000,50000,50000,0,0
100000,1,1,4,1,2,2,2,-1,-1,21509,20877,24122,23440,28843,31353,0,3600,0,6000,3000,0,78491,79123,75878,76560,71157,68647,137544,1
180000,2,2,2,2,2,2,2,2,2,95008,97088,98093,99578,101828,103986,4500,3500,4000,4000,4000,4000,84992,82912,81907,80422,78172,76014,571581,1
210000,1,2,3,1,-2,-2,-2,-2,-2,0,0,0,0,0,0,0,0,0,0,0,35910,210000,210000,210000,210000,210000,210000,-35910,0
430000,1,2,2,-1,-1,-1,-1,-1,-1,3642,492,0,925,12151,39673,492,0,925,12151,29000,30000,426358,429508,430000,429075,417849,390327,-15685,0
20000,2,2,3,-1,-1,-1,-1,-1,-1,2468,1077,1140,0,7014,7696,1087,1140,0,7014,800,0,17532,18923,18860,20000,12986,12304,9354,0
40000,2,2,4,-1,-1,-1,-1,-1,-1,144397,147924,26974,22710,37977,39347,3988,2014,799,32001,2000,1000,-104397,-107924,13026,17290,2023,653,377527,1
180000,1,4,1,-2,-2,-1,-1,-1,-1,12275,6491,37424,0,5758,18091,6491,37433,0,5758,18000,1000,167725,173509,142576,180000,174242,161909,11357,0
140000,1,4,1,-1,-1,-1,-1,-1,2,13159,39243,41831,45893,10186,4887,30000,7000,8000,5000,0,9579,126841,100757,98169,94107,129814,135113,95620,0
30000,3,4,3,-1,-1,-1,-1,-1,-1,28611,23312,19590,18447,15525,0,1352,1290,4150,15525,0,0,1389,6688,10410,11553,14475,30000,83168,0
210000,1,1,2,-1,-1,-1,-1,-1,-1,102245,103640,792,396,0,546,5000,792,396,0,546,396,107755,106360,209208,209604,210000,209454,200489,0
90000,2,1,2,8,7,6,5,4,3,112662,111077,108539,106001,103816,101878,0,0,0,0,0,0,-22662,-21077,-18539,-16001,-13816,-11878,643973,1
160000,1,2,1,-1,-1,-1,-1,-1,-1,50989,25227,26666,839,26516,-150,1695,28800,839,26500,0,0,109011,134773,133334,159161,133484,160150,72253,0
130000,2,4,1,1,-1,-1,-1,-1,-1,-191,191,2898,4728,5149,5561,382,2898,1900,500,500,1000,130191,129809,127102,125272,124851,124439,11156,0
10000,2,4,1,-1,-1,-1,-1,-1,-2,8660,9756,8560,780,0,0,1800,1300,800,0,1900,0,1340,244,1440,9220,10000,10000,21956,1
170000,2,1,2,-1,-1,-1,-1,-1,-1,143339,125864,112300,110371,113685,98489,20000,6000,5000,5000,3000,2000,26661,44136,57700,59629,56315,71511,663048,0
20000,2,2,1,-1,-1,-1,-1,-1,-1,15760,17092,17781,17289,17710,18217,1593,1282,700,700,800,500,4240,2908,2219,2711,2290,1783,98274,0
50000,1,4,1,-1,-1,-1,-1,-1,-1,38242,28797,16068,16387,16882,17350,1799,2000,582,754,893,943,11758,21203,33932,33613,33118,32650,126755,0
360000,1,1,4,-2,-2,-2,-1,-1,-1,17154,4536,4500,71028,5019,28028,5095,5048,72133,25,28168,18758,342846,355464,355500,288972,354981,331972,1038,0
50000,1,4,1,-1,-1,-1,-1,-1,-1,1413,-60,550,390,0,780,0,1000,230,0,780,0,48587,50060,49450,49610,50000,49220,1063,0
80000,1,4,1,-1,-1,2,-1,-1,-1,390,5640,390,780,390,390,5250,0,780,0,390,390,79610,74360,79610,79220,79610,79610,1170,0
160000,1,2,2,-1,-1,-1,-1,-1,-1,5315,8145,2480,1920,2192,8187,8300,2480,1920,2192,8187,552,154685,151855,157520,158080,157808,151813,4608,0
380000,1,1,2,-1,-1,-1,-1,-1,-1,173252,113001,74275,47723,67463,36751,10069,12712,10000,20000,16751,29000,206748,266999,305725,332277,312537,343249,413933,0
220000,1,4,2,-1,-1,-1,-1,-1,-1,33710,33702,31682,33407,35128,37826,8959,1300,2000,2000,3000,20000,186290,186298,188318,186593,184872,182174,168196,0
50000,3,2,4,-2,-2,-2,-2,-2,-2,0,0,0,0,0,0,0,0,0,0,0,0,50000,50000,50000,50000,50000,50000,0,0
140000,2,4,4,-1,-1,-1,-1,-1,2,95310,97902,100214,102496,108405,106649,4000,3800,3800,7600,0,4000,44690,42098,39786,37504,31595,33351,587776,0
270000,1,2,3,2,-1,-1,-1,-1,-1,56376,56911,56758,26872,23660,12053,2680,1420,15,42,2476,0,213624,213089,213242,243128,246340,257947,225997,0
50000,2,2,1,-1,-1,-1,-1,-1,-1,51212,50165,19814,20210,20125,19010,2000,1296,692,709,698,1000,-1212,-165,30186,29790,29875,30990,174141,0
100000,2,4,1,1,2,3,4,4,3,53111,55650,59730,61693,59186,57949,4000,5600,3500,0,0,0,46889,44350,40270,38307,40814,42051,334219,1
360000,2,2,1,-1,-1,-1,-1,-1,-1,9780,6672,11201,9718,8781,11846,6712,11244,9747,8806,11872,19035,350220,353328,348799,350282,351219,348154,-9418,0
20000,2,2,2,-1,-1,-1,-1,-1,-1,19592,19401,19979,20107,19472,19719,1334,1302,694,707,835,772,408,599,21,-107,528,281,112626,0
50000,2,2,1,-1,-1,-1,-1,-1,-1,50902,50716,49179,19747,19726,20140,2128,2300,1004,730,700,800,-902,-716,821,30253,30274,29860,202748,0
360000,2,4,3,1,2,-1,-1,-1,-1,361863,343268,285707,271529,276759,279953,0,11426,9781,10370,13899,9952,-1863,16732,74293,88471,83241,80047,1763651,0
20000,2,2,4,1,-1,-1,-1,-1,-1,-5,4995,2197,3047,4262,7163,5000,2200,6050,5000,3000,2000,20005,15005,17803,16953,15738,12837,-1591,0
100000,3,2,3,-1,-1,-1,-1,-1,-1,70542,72400,74192,75660,77444,79154,3000,3000,2703,2998,3000,6100,29458,27600,25808,24340,22556,20846,428591,0
80000,1,2,1,-1,-1,-1,-1,-1,-1,76817,74554,43727,16307,1755,470,3000,1400,326,1755,0,39080,3183,5446,36273,63693,78245,79530,168069,0
140000,3,1,2,-1,-1,-1,-1,-1,-1,136918,128636,127237,94159,95794,89345,5000,5900,4000,3000,5000,3000,3082,11364,12763,45841,44206,50655,646189,0
390000,1,2,1,-1,-1,-1,-1,-1,-1,64440,67503,68566,65411,66597,57361,5000,5007,5000,5000,5000,2000,325560,322497,321434,324589,323403,332639,362871,0
350000,1,1,2,-1,-1,2,-1,-1,-1,325,2770,2247,1930,80392,78638,2770,0,8,80408,3142,2720,349675,347230,347753,348070,269608,271362,77254,0
170000,2,1,3,-1,-1,-1,-1,-1,-2,390,390,780,780,0,0,390,780,0,0,0,0,169610,169610,169220,169220,170000,170000,1170,0
270000,3,2,2,1,-1,-1,-1,-1,-1,265044,60052,68660,77184,85591,101945,73000,10000,10000,10000,20000,25000,4956,209948,201340,192816,184409,168055,510476,0
460000,3,2,3,-1,-1,-1,-2,-1,-1,43792,35047,35415,0,1619,3795,1600,1000,0,1619,3795,954,416208,424953,424585,460000,458381,456205,110700,0
200000,3,4,2,-2,-2,-2,-2,-2,-2,3938,8556,4846,807,2183,210,8576,4850,1047,2183,210,0,196062,191444,195154,199193,197817,199790,3674,0
450000,1,4,1,-1,-1,-1,-1,-1,-1,108,-58,14276,1346,1448,4005,0,14500,1346,1448,4005,166,449892,450058,435724,448654,448552,445995,-340,0
240000,1,1,3,-1,-1,-2,-2,-2,-2,207,99,0,0,0,0,99,0,0,0,0,0,239793,239901,240000,240000,240000,240000,207,0
260000,1,4,1,-2,-2,-2,-2,-1,-1,1476,1476,1476,1476,20976,1476,1476,1476,1476,20976,1476,1476,258524,258524,258524,258524,239024,258524,0,0
110000,2,2,2,-1,-1,-1,-1,-1,-1,24147,25750,27012,27762,32126,37779,2000,2000,1500,5000,6400,0,85853,84250,82988,82238,77874,72221,157676,0
50000,2,1,4,-1,-1,-1,-1,-1,-1,38434,39492,39394,33490,27316,0,1681,1583,1347,1183,0,0,11566,10508,10606,16510,22684,50000,172332,0
250000,3,6,3,1,2,2,-1,-1,-1,260260,262132,240448,186817,185488,184091,13000,0,6672,7000,7000,9000,-10260,-12132,9552,63183,64512,65909,1276564,0
380000,1,1,3,-1,-1,-1,-2,-2,-2,3907,13253,-4,-4,-4,-4,13345,0,0,0,0,0,376093,366747,380004,380004,380004,380004,3799,1
110000,2,2,1,-1,-1,-1,-1,-1,-1,41799,43152,44625,45579,46843,48062,2027,2500,2000,2000,2000,1600,68201,66848,65375,64421,63157,61938,257933,0
200000,1,2,3,-1,-1,-1,-2,-2,-1,26814,367,0,0,561,3854,368,0,0,561,3878,3,173186,199633,200000,200000,199439,196146,26786,0
500000,1,4,3,-1,-1,2,-1,-1,-1,10386,34000,28854,92952,50089,2165,28854,0,70000,32000,2165,41242,489614,466000,471146,407048,449911,497835,44185,0
260000,2,2,2,-1,-1,-1,-1,2,-1,70098,70972,77604,82681,81244,83268,2598,7835,6386,0,3795,4000,189902,189028,182396,177319,178756,176732,441253,0
270000,2,2,2,-1,-1,-1,-1,-1,-1,60654,59464,54715,51796,53256,59733,3000,3019,5000,5000,10000,10000,209346,210536,215285,218204,216744,210267,303599,0
150000,2,2,1,-1,-1,-1,-1,-1,-1,15453,18925,23590,27810,38000,0,4000,5003,5000,10190,0,0,134547,131075,126410,122190,112000,150000,99585,0
30000,3,6,3,3,3,2,2,2,2,27669,26955,27425,28179,28545,27942,0,1200,1500,1100,0,1000,2331,3045,2575,1821,1455,2058,161915,0
290000,1,4,3,-1,-1,-1,-1,-1,-1,289002,1332,21429,2228,156721,157203,1343,21542,2239,156733,7219,17512,998,288668,268571,287772,133279,132797,421327,0
200000,2,2,2,-1,-1,-1,-1,-1,-1,326,326,326,326,326,802,326,326,326,326,802,0,199674,199674,199674,199674,199674,199198,326,0
210000,1,4,2,-2,-2,-2,-2,-2,-2,552,-18,-18,-18,-18,-18,0,0,0,0,0,0,209448,210018,210018,210018,210018,210018,462,0
100000,2,2,3,1,-2,-2,-2,-2,-2,0,0,0,0,0,0,0,0,0,0,0,0,100000,100000,100000,100000,100000,100000,0,0
50000,2,2,3,-1,-1,-1,-1,-1,-1,45390,46210,46549,20084,20264,19064,2321,1660,3000,1004,1003,627,4610,3790,3451,29916,29736,30936,187946,0
210000,3,4,4,-1,-1,-1,-1,-1,-1,27316,15316,15316,15623,11090,15316,15316,15316,15623,11090,10000,76826,182684,194684,194684,194377,198910,194684,-44194,0
240000,2,1,3,-2,-2,-2,-1,-1,-1,-9095,-30000,-10608,2657,4245,3392,10000,13000,13265,3392,1000,0,249095,270000,250608,237343,235755,236608,-80066,0
140000,2,4,1,-1,-1,-1,-1,2,-1,33740,34154,21945,23581,23066,23531,1363,1952,2000,0,1000,1018,106260,105846,118055,116419,116934,116469,152684,0
50000,2,1,3,-1,-1,-1,-1,-1,-1,35623,12601,10527,10679,10734,11550,1168,1500,1000,1000,1000,1000,14377,37399,39473,39321,39266,38450,85046,0
360000,1,2,1,1,-2,-2,-2,-2,-2,0,0,0,0,0,0,0,0,0,0,0,3220,360000,360000,360000,360000,360000,360000,-3220,1
180000,2,1,3,-1,-1,-1,-1,-1,-1,84973,89989,94895,98738,127382,155470,6000,6000,5000,30000,30000,20000,95027,90011,85105,81262,52618,24530,554447,0
100000,2,2,2,8,7,6,5,4,3,110072,108478,105931,104554,102360,100413,0,0,1170,0,0,0,-10072,-8478,-5931,-4554,-2360,-413,630638,0
90000,2,2,1,-1,-1,-1,-1,-1,-1,5618,6645,7635,8020,8403,9504,1125,1115,500,500,1252,154,84382,83355,82365,81980,81597,80496,41179,0
90000,1,2,2,-2,-2,-2,-2,-2,-1,1243,0,2366,-1438,-1438,66129,0,2366,1068,0,67567,2500,88757,90000,87634,91438,91438,23871,-6639,0
90000,2,1,4,2,2,2,2,2,2,90603,92152,86671,91280,85868,91047,3900,0,6800,0,6500,0,-603,-2152,3329,-1280,4132,-1047,520421,0
30000,3,2,1,-2,-2,-2,-2,-2,-2,780,0,390,749,390,0,0,390,749,390,0,805,29220,30000,29610,29251,29610,30000,-25,1
300000,2,2,1,-1,-1,-1,-1,-1,-1,49833,49831,51818,50244,49484,53472,5000,5000,5000,5000,5000,5000,250167,250169,248182,249756,250516,246528,274682,0
20000,3,1,2,-1,-1,-1,-1,-1,-1,18839,19919,20042,20204,19662,14218,1690,1203,755,701,600,115,1161,81,-42,-204,338,5782,107820,0
30000,1,4,1,-1,-1,-1,-1,-1,-1,8341,10039,11560,16611,18179,19712,2000,2000,5611,2000,2000,1500,21659,19961,18440,13389,11821,10288,69331,1
50000,1,4,1,-1,-1,-1,-1,-1,-1,12814,15588,17321,19026,20714,22210,3000,2000,2000,2000,2000,840,37186,34412,32679,30974,29286,27790,95833,0
50000,3,1,3,-1,-1,-2,-2,-2,-2,1189,0,0,0,0,0,300,0,0,0,0,0,48811,50000,50000,50000,50000,50000,889,0
30000,1,4,1,-1,-1,-1,2,3,2,8679,9570,11238,9453,9022,8237,1190,1858,800,0,0,500,21321,20430,18762,20547,20978,21763,51851,1
60000,1,4,1,1,2,-1,-1,-1,-1,47262,46226,47557,48464,49532,50552,0,2100,2000,2000,2000,3000,12738,13774,12443,11536,10468,9448,278493,0
200000,1,4,1,1,-2,-2,-2,-2,-1,0,0,0,0,0,476,0,0,0,0,476,288,200000,200000,200000,200000,200000,199524,-288,1
450000,2,2,2,-1,-1,-1,-2,-2,-2,810,1810,0,0,0,0,1000,0,0,0,0,1040,449190,448190,450000,450000,450000,450000,580,0
140000,2,2,2,-1,-1,-1,-1,-1,-1,129653,116582,112170,102931,100179,102417,5820,4920,3600,3700,3900,3602,10347,23418,27830,37069,39821,37583,638390,0
120000,2,2,3,-1,-1,-1,-1,-1,-1,112448,115646,115767,38070,39306,39200,6500,4300,1175,1658,784,0,7552,4354,4233,81930,80694,80800,446020,0
270000,2,4,3,-1,-1,-1,-1,-1,-1,7088,8139,8966,8294,3902,468,1173,1000,8294,3902,468,291,262912,261861,261034,261706,266098,269532,21729,0
130000,1,2,3,-1,-1,-1,-1,-1,-1,110766,114977,120976,40177,41529,43734,6000,9000,2000,2000,3000,4000,19234,15023,9024,89823,88471,86266,446159,1
50000,2,1,1,-1,-1,-1,-1,-1,-1,9837,3898,21682,20833,20289,19380,1010,21282,694,1000,700,400,40163,46102,28318,29167,29711,30620,70833,0
220000,2,2,4,-1,-1,-2,-2,-2,-2,20208,5183,3627,2963,2256,-119,5209,3649,2977,2267,0,0,199792,214817,216373,217037,217744,220119,20016,0
50000,2,1,1,-1,-1,-1,-1,-1,-1,28440,23228,21482,18029,18705,18698,1436,1162,2184,871,500,0,21560,26772,28518,31971,31295,31302,122429,0
20000,2,2,2,2,-1,-1,-1,-1,-1,19597,35869,9066,309,3019,16496,1503,2036,309,3100,16890,500,403,-15869,10934,19691,16981,3504,60018,0
110000,3,1,4,-1,-1,-1,-1,-1,-1,105449,107957,82407,70562,70982,71609,4500,3786,2666,2900,3100,2856,4551,2043,27593,39438,39018,38391,489158,0
70000,1,4,2,-1,-1,-1,-1,-1,-1,75021,71101,73831,46898,48686,47171,2893,4231,8000,2500,1675,2000,-5021,-1101,-3831,23102,21314,22829,341409,0
380000,3,2,2,-1,-1,-1,-1,-1,-1,380781,389354,373512,304594,305275,303402,16750,14100,11000,11000,11100,13500,-781,-9354,6488,75406,74725,76598,1979468,0
160000,4,2,1,-2,-1,-1,-1,-1,-1,2810,16175,8632,25234,21234,567,16261,8641,20012,62,1,0,157190,143825,151368,134766,138766,159433,29675,0
70000,3,3,2,2,2,2,2,2,2,47702,48839,49636,50517,51658,52758,2200,1900,2000,2100,2100,2000,22298,21161,20364,19483,18342,17242,288810,0
90000,2,4,1,-1,-1,-1,-1,-1,-1,18858,11056,3909,3506,4128,4254,11056,3916,3506,4128,4254,3438,71142,78944,86091,86494,85872,85746,15413,0
130000,3,3,4,-1,-1,-1,-1,-1,-1,106140,69025,58860,45207,41556,42455,3003,2000,2000,2000,1590,2000,23860,60975,71140,84793,88444,87545,350650,1
240000,1,4,1,1,-1,-1,-2,-1,-1,-11,3919,-23,-23,7859,-2,3930,0,0,7882,0,805,240011,236081,240023,240023,232141,240002,-898,0
120000,3,1,2,2,2,2,2,2,2,67502,68842,69825,70891,72213,73786,3000,2700,2800,2600,2900,0,52498,51158,50175,49109,47787,46214,409059,0
240000,1,2,3,-1,-1,-1,-1,-1,-1,188307,179988,184976,188934,196884,199267,6600,8000,7000,11000,7181,7236,51693,60012,55024,51066,43116,40733,1091339,0
300000,1,2,3,-1,-1,-1,-1,-1,-1,62296,64460,56439,53637,55981,58270,3000,3000,3000,3000,3000,3000,237704,235540,243561,246363,244019,241730,333083,0
100000,2,2,3,-1,-1,-1,-1,-1,-1,26702,26616,26704,27640,30035,33697,2008,2000,2000,3000,5000,3000,73298,73384,73296,72360,69965,66303,154386,0
200000,1,4,1,-2,-2,-1,-1,-1,-1,6096,2886,8264,7776,2814,2610,2886,9288,0,2814,2610,2828,193904,197114,191736,192224,197186,197390,10020,0
50000,2,1,2,-1,-1,-1,-1,-1,-1,39323,45625,38157,15966,15733,17703,7031,2013,3005,2007,5007,1003,10677,4375,11843,34034,34267,32297,152441,0
100000,1,2,3,1,-2,-2,-1,2,2,-166,-482,-1114,880,414,1098,0,0,1994,0,1000,0,100166,100482,101114,99120,99586,98902,-2364,0
500000,1,2,2,-1,-1,-1,-1,-1,-1,83528,-24702,23804,92715,6655,3966,472,113935,108041,33,3984,2122,416472,524702,476196,407285,493345,496034,-42621,0
20000,4,2,4,-1,-1,-1,-1,-1,-2,19062,19242,14725,780,0,0,1333,1000,780,0,0,0,938,758,5275,19220,20000,20000,50696,0
280000,1,4,2,-1,-1,-1,-1,-1,-1,1726,325,2001,1364,1313,1242,350,2001,1400,1320,1300,1500,278274,279675,277999,278636,278687,278758,100,0
160000,1,4,1,-1,-1,-1,-1,-1,-2,151246,155926,113767,50531,-10,-5,10517,20258,20157,0,0,3570,8754,4074,46233,109469,160010,160005,416953,0
30000,2,2,1,-1,-1,-1,-1,-1,-1,26587,25917,17072,15994,12017,5614,1385,1270,367,336,112,0,3413,4083,12928,14006,17983,24386,99731,0
50000,1,3,3,-1,-1,-1,-1,-1,-1,20408,16422,14388,18804,23460,27870,6000,5000,5000,5000,5000,5000,29592,33578,35612,31196,26540,22130,90352,0
20000,1,2,1,-1,-1,-1,-1,-1,-1,3808,4470,8176,7909,2948,1220,4515,8186,7913,3049,1624,3800,16192,15530,11824,12091,17052,18780,-556,0
140000,1,2,2,-1,-1,-1,2,-1,-1,50890,59395,73225,56999,61050,67086,9395,15000,0,5000,7086,6505,89110,80605,66775,83001,78950,72914,325659,0
130000,3,2,1,-1,-1,-1,-1,-1,-1,89956,61868,63766,65839,67908,63530,2317,3000,3000,3000,5000,2305,40044,68132,66234,64161,62092,66470,394245,0
100000,2,4,1,-1,-1,-1,-1,-1,-1,13530,14564,15561,18306,20594,26368,1258,1255,3000,3000,7000,1225,86470,85436,84439,81694,79406,73632,92185,0
100000,2,2,1,-1,-1,-1,-1,-1,-1,86098,85014,86735,87321,82289,83850,3200,3155,3504,3001,3301,2839,13902,14986,13265,12679,17711,16150,492307,0
50000,2,2,1,2,2,2,2,2,2,32976,34154,33311,35246,34548,36910,2000,0,2800,0,3100,0,17024,15846,16689,14754,15452,13090,199245,1
360000,1,2,2,1,-2,-1,-1,-2,-1,0,0,1650,0,0,1650,0,1650,0,0,1650,0,360000,360000,358350,360000,360000,358350,0,0
10000,3,3,3,1,2,-1,-1,-1,2,5674,5440,7968,8829,9685,9384,0,2800,1000,1000,0,1000,4326,4560,2032,1171,315,616,41180,1
50000,3,1,5,-1,-1,-1,-1,-1,-1,48341,47465,47942,48418,49530,28085,2068,1545,1171,1658,1321,0,1659,2535,2058,1582,470,21915,262018,0
10000,2,2,1,2,-1,-1,-1,-1,-1,223,3035,4810,7546,9260,10000,3000,2000,3000,2000,1000,0,9777,6965,5190,2454,740,0,23874,0
210000,1,1,2,1,-2,-1,-1,-1,-1,-9,-9,1739,1739,475,475,0,1748,0,800,475,975,210009,210009,208261,208261,209525,209525,412,1
320000,2,1,2,-1,-1,-1,-1,-1,-1,6927,10063,1876,396,11256,546,10063,1876,396,11256,546,396,313073,309937,318124,319604,308744,319454,6531,0
70000,2,4,1,-1,-1,-1,-1,-1,-1,39935,40973,41989,42823,43718,45203,1683,1699,1533,1585,2210,1875,30065,29027,28011,27177,26282,24797,244056,0
160000,2,4,1,-1,-1,-1,-1,-1,-1,52373,51839,39847,39114,39935,41269,1676,1940,1400,1451,2000,1533,107627,108161,120153,120886,120065,118731,254377,1
180000,2,1,2,-1,-1,-1,-1,-1,-1,4524,6435,6894,8292,21866,0,2000,1200,2000,21866,0,0,175476,173565,173106,171708,158134,180000,20945,1
70000,2,2,1,1,2,-1,-1,-1,-1,71570,68138,67682,50256,43353,44219,0,2705,2115,1583,1597,1500,-1570,1862,2318,19744,26647,25781,335718,1
280000,2,4,2,-1,-1,-1,-1,-1,-2,1373,207,3516,2769,0,0,207,3516,0,0,0,0,278627,279793,276484,277231,280000,280000,4142,0
40000,1,2,1,1,-2,-2,-2,-2,-2,0,0,0,0,0,0,0,0,0,0,0,0,40000,40000,40000,40000,40000,40000,0,0
50000,3,4,4,2,2,2,2,-1,-1,33384,34554,35690,34817,36252,37645,2000,2000,0,2000,2000,2000,16616,15446,14310,15183,13748,12355,202342,0
80000,4,2,1,-1,-1,-1,-1,-1,-1,75296,74792,75825,77454,78862,73442,4000,3400,4000,3349,2784,3000,4704,5208,4175,2546,1138,6558,435138,0
30000,3,2,3,5,4,3,2,-1,-1,32755,31973,30937,29999,29214,29846,0,0,6,1054,1111,0,-2755,-1973,-937,1,786,154,182553,1
20000,2,2,1,-1,-1,-2,-2,-2,-2,750,0,0,0,0,0,165,0,0,528,0,0,19250,20000,20000,20000,20000,20000,57,0
130000,2,4,3,2,2,2,2,2,2,119378,121993,123503,124578,127434,130285,6000,5000,4600,5000,5100,4500,10622,8007,6497,5422,2566,-285,716971,0
10000,2,2,1,-1,-1,-1,-1,-1,-1,1261,1261,390,390,390,0,1261,390,390,390,0,780,8739,8739,9610,9610,9610,10000,481,0
70000,1,4,1,-1,-1,-1,-1,-1,-1,68839,64027,61580,29435,26341,26949,3213,1659,2000,1107,1200,1100,1161,5973,8420,40565,43659,43051,266892,0
280000,1,2,2,-1,-1,-1,-1,-1,-1,212093,220586,214180,226277,216716,232367,18685,15038,23084,11001,20000,10000,67907,59414,65820,53723,63284,47633,1224411,0
300000,1,1,2,-1,-1,-1,-1,-1,-1,66176,68108,70306,99217,142188,145013,3000,3500,30049,50000,5200,5000,233824,231892,229694,200783,157812,154987,494259,0
50000,2,2,3,-1,-1,-1,-1,-1,-1,47374,47517,42672,23665,20085,20263,2200,2500,5946,3000,7000,600,2626,2483,7328,26335,29915,29737,180330,1
230000,2,1,1,-1,-1,-1,-1,-1,-1,113736,99346,83649,46513,35306,36217,4028,3000,2000,2000,1500,2000,116264,130654,146351,183487,194694,193783,400239,0
80000,2,2,2,-1,-1,-1,-1,-1,2,63368,67331,75973,70283,73491,66976,5000,10000,2550,5100,0,2700,16632,12669,4027,9717,6509,13024,392072,0
50000,1,2,2,-1,-1,-1,-1,-1,-1,390,390,390,390,390,5010,390,390,390,390,5010,390,49610,49610,49610,49610,49610,44990,0,1
470000,2,4,3,-1,-1,-1,-1,-1,-1,277185,282983,290274,294508,300646,306652,10257,11982,10536,10879,10971,11326,192815,187017,179726,175492,169354,163348,1686297,0
210000,2,2,2,-1,-1,-1,-1,-1,-1,33459,35911,40288,42605,43870,13750,3000,5000,3000,2000,1000,12000,176541,174089,169712,167395,166130,196250,183883,0
200000,1,4,2,-1,-1,-1,-1,-2,-1,146,-3,670,0,0,868,0,673,0,0,868,4,199854,200003,199330,200000,200000,199132,136,0
50000,2,1,3,-1,-1,-1,-1,-1,-1,49566,49483,48495,28641,28846,29024,1968,1644,1013,1044,1045,1034,434,517,1505,21359,21154,20976,226307,0
300000,2,2,2,2,-1,-1,-1,2,-1,51893,53056,54176,60363,59973,60399,2000,2000,7100,0,2000,994,248107,246944,245824,239637,240027,239601,325766,0
500000,1,2,2,-1,-1,-1,-1,-1,-1,1110,1110,1416,1416,1416,1416,1110,1416,1416,1416,1416,5723,498890,498890,498584,498584,498584,498584,-4613,0
150000,2,2,2,-2,-2,-2,-2,-2,-2,48020,50048,88831,1931,26265,0,8000,40146,1941,26396,0,0,101980,99952,61169,148069,123735,150000,138612,0
50000,2,2,1,-1,-1,-1,-1,-1,-2,11391,8081,16297,1000,0,0,1286,10048,1003,0,0,0,38609,41919,33703,49000,50000,50000,24432,0
270000,1,1,2,-1,-1,-1,-1,-1,-1,156346,159223,165480,76144,77944,76577,7000,9000,5000,3000,3000,3000,113654,110777,104520,193856,192056,193423,681714,1
60000,2,4,1,1,2,2,2,-1,-1,49099,49817,50406,47771,48803,52190,1800,1710,0,1800,4200,0,10901,10183,9594,12229,11197,7810,288576,1
200000,3,4,2,-1,-1,2,2,2,2,167358,175635,174261,179026,181658,185523,11000,3000,7001,5000,6200,10007,32642,24365,25739,20974,18342,14477,1021253,0
50000,2,4,1,-1,-1,-1,-1,-1,-1,32822,20669,4510,2893,2000,2800,1150,1000,300,400,800,0,17178,29331,45490,47107,48000,47200,62044,0
140000,1,4,2,-2,-2,-2,-2,-2,-1,15953,24916,12174,3961,3070,2306,25148,12174,3961,3070,2306,450,124047,115084,127826,136039,136930,137694,15271,1
120000,2,4,1,-1,-1,-1,-1,-1,-1,5259,4290,5192,380,441,425,1290,1261,300,441,425,989,114741,115710,114808,119620,119559,119575,11281,0
20000,2,1,1,-1,-1,-1,-1,-1,-1,14275,15335,16223,15594,15920,15338,1297,1185,492,510,557,324,5725,4665,3777,4406,4080,4662,88320,0
210000,1,4,2,-1,-1,-1,-1,-1,-1,23375,21829,11057,26520,27894,18772,20000,12000,27000,30000,10000,21000,186625,188171,198943,183480,182106,191228,9447,0
70000,3,4,1,-1,-1,-1,-1,-1,2,57879,54856,55972,56543,60179,59058,2600,2618,2100,4550,0,2340,12121,15144,14028,13457,9821,10942,330279,0
230000,2,2,2,1,-2,-2,-2,-2,-2,0,0,0,0,0,0,0,0,0,0,0,0,230000,230000,230000,230000,230000,230000,0,1
270000,2,2,2,-1,-1,-1,-1,-1,-1,2323,5430,1152,56891,4866,9334,5434,1152,56891,4866,9533,1993,267677,264570,268848,213109,265134,260666,127,0
20000,1,2,4,1,-2,-1,-1,-1,2,0,0,17901,18217,20269,11180,0,17901,519,2210,0,0,20000,20000,2099,1783,-269,8820,46937,0
120000,1,4,2,-1,-1,-1,-1,-1,-1,326,326,326,326,326,326,326,326,326,326,326,326,119674,119674,119674,119674,119674,119674,0,0
140000,1,4,1,-1,-1,-1,-1,-1,-1,4679,3146,0,2000,4716,7485,1000,0,2000,4716,7485,10254,135321,136854,140000,138000,135284,132515,-3429,0
180000,2,4,2,-1,-1,-1,-1,-1,-1,153833,153648,145440,140057,132260,110427,7107,5002,4470,4620,4346,3800,26167,26352,34560,39943,47740,69573,806320,0
190000,1,1,2,-1,-1,-1,-1,-1,-1,1779,1288,1655,1213,344,221,1288,1655,1213,344,221,28160,188221,188712,188345,188787,189656,189779,-26381,0
100000,2,4,1,2,2,2,2,2,2,80234,80369,83130,83961,85574,84039,2000,5001,3100,3100,0,6410,19766,19631,16870,16039,14426,15961,477696,0
50000,1,4,1,1,2,-1,-1,-1,-1,42207,42226,38859,39475,40187,40992,2200,1962,1562,1500,1474,2300,7793,7774,11141,10525,9813,9008,232948,0
150000,3,1,3,-1,-1,-1,-1,-1,-1,146277,127679,73323,74783,76360,77868,3952,2614,2631,2735,2740,2720,3723,22321,76677,75217,73640,72132,558898,0
250000,2,2,2,-1,-1,-1,-1,-1,-1,255571,250002,253610,234205,238892,252563,10605,9327,8362,9000,18244,0,-5571,-2,-3610,15795,11108,-2563,1429305,0
220000,1,2,1,2,3,2,2,2,-1,184761,178939,183158,183890,179764,181627,0,10000,6300,0,6118,6097,35239,41061,36842,36110,40236,38373,1063624,1
200000,3,2,1,-1,-1,-1,-1,-1,-1,54663,46147,44095,25454,17651,18994,11000,3000,3000,2000,3000,10000,145337,153853,155905,174546,182349,181006,175004,0
250000,2,2,3,-1,-1,-1,-1,-1,-1,47463,41059,35722,29492,23522,16815,3000,4000,3000,3000,2000,2000,202537,208941,214278,220508,226478,233185,177073,0
280000,1,4,2,-1,-1,-1,-1,-1,-1,202506,197855,239059,282518,248238,210267,10547,80004,68410,7767,6308,5437,77494,82145,40941,-2518,31762,69733,1201970,0
30000,3,1,5,2,2,2,-1,-1,-1,13594,14078,14547,15304,16056,20196,1000,1000,1000,1000,4600,0,16406,15922,15453,14696,13944,9804,85175,1
80000,2,4,1,-1,-1,-1,-1,-1,-1,89061,31367,34848,69990,36711,38103,4000,4000,2000,4000,2000,2000,-9061,48633,45152,10010,43289,41897,282080,0
380000,2,4,2,-1,-1,-1,-1,-1,-1,381530,385605,257188,145505,142529,229320,32640,18077,12005,10028,28888,25000,-1530,-5605,122812,234495,237471,150680,1415039,0
350000,2,2,2,-2,-2,-1,-1,-1,-1,19637,239770,8111,198877,191248,183157,242247,8111,198748,7000,6509,7022,330363,110230,341889,151123,158752,166843,371163,0
160000,1,2,3,-1,2,2,-2,-2,-2,23037,22260,0,0,0,0,0,0,0,0,0,0,136963,137740,160000,160000,160000,160000,45297,1
70000,3,1,3,2,-1,-1,-1,-1,-1,67505,61595,46920,47184,48058,48888,2600,2056,1700,2000,2000,2000,2495,8405,23080,22816,21942,21112,307794,1
150000,1,1,2,1,-2,-2,-2,-2,-2,0,0,0,0,0,0,0,0,0,0,0,0,150000,150000,150000,150000,150000,150000,0,0
160000,1,2,2,-1,-1,2,-1,-1,-1,43583,50028,48928,49812,50855,52354,7500,0,2000,2000,2500,2100,116417,109972,111072,110188,109145,107646,279460,0
40000,2,2,1,-1,-1,2,-1,-1,-1,26663,31589,31772,32146,33128,33923,5700,1000,1200,1500,1500,1900,13337,8411,8228,7854,6872,6077,176421,1
350000,2,4,2,-1,-1,-1,2,-1,-1,245211,255975,269446,219615,217851,222158,15000,20000,0,10000,8352,9500,104789,94025,80554,130385,132149,127842,1367404,0
50000,3,2,1,-1,-1,-1,-1,-1,-1,50577,46529,46791,47922,49482,0,2138,1400,3000,5000,0,0,-577,3471,3209,2078,518,50000,229763,1
220000,1,2,2,-1,-1,-1,-1,-1,-1,4438,7211,9948,10528,12412,13745,3000,3000,1000,2000,1500,0,215562,212789,210052,209472,207588,206255,47782,0
200000,1,2,1,-1,-1,-1,-1,-1,-1,6666,6666,6666,6666,11862,12501,6666,6666,6666,11862,7501,1000,193334,193334,193334,193334,188138,187499,10666,0
390000,1,1,3,-1,-1,-1,-1,-1,-1,7445,14439,7391,948,4592,2777,10038,1036,952,4601,13,2229,382555,375561,382609,389052,385408,387223,18723,0
330000,1,2,2,-2,-2,-2,-1,-1,-1,28106,1323,-363,137,4094,607,2701,363,513,4107,607,0,301894,328677,330363,329863,325906,329393,25613,0
100000,1,1,5,-1,-1,-1,-1,-1,-1,101761,101801,101863,101729,98103,99521,3856,3919,3986,3865,3760,3863,-1761,-1801,-1863,-1729,1897,479,581529,1
70000,2,2,4,-1,-1,-1,-1,-1,-1,138681,70341,23755,23835,25221,25780,3500,1508,588,1500,700,470,-68681,-341,46245,46165,44779,44220,299347,0
240000,1,2,3,-1,-1,-1,-1,-1,-1,126395,129371,132218,136003,139798,142574,5000,5000,6000,6000,5098,5281,113605,110629,107782,103997,100202,97426,773980,0
30000,2,2,1,-1,-1,-1,-1,-1,-1,27275,26948,28183,25484,27062,28703,2000,2000,1400,2000,2100,2500,2725,3052,1817,4516,2938,1297,151655,0
30000,2,2,3,2,2,2,2,2,2,15246,17838,17272,18131,17711,19007,3141,0,1434,0,1581,1705,14754,12162,12728,11869,12289,10993,97344,1
160000,2,2,1,-1,-1,-1,-1,-1,-1,163982,161499,154469,121367,119910,117993,6150,5540,4205,4300,4500,4300,-3982,-1499,5531,38633,40090,42007,810225,0
120000,2,2,3,-1,-1,-1,-1,-1,-1,22462,15692,19312,13262,16923,16903,5000,10000,5000,7000,5000,10000,97538,104308,100688,106738,103077,103097,62554,0
10000,2,2,4,3,2,2,2,2,2,5358,6339,6111,7031,6780,7676,1200,0,1000,0,1000,0,4642,3661,3889,2969,3220,2324,36095,1
470000,1,2,2,-1,-1,-1,-1,-1,-1,72083,68136,69036,71466,67538,70400,5031,5500,5000,5000,4000,5000,397917,401864,400964,398534,402462,399600,389128,0
200000,2,4,1,-1,-1,2,-1,-1,-1,3374,4053,2337,1904,548,1403,4053,0,1904,0,1403,0,196626,195947,197663,198096,199452,198597,6259,1
50000,4,2,1,-1,-1,-1,-1,-1,-1,6514,7513,9981,10442,10496,10933,1500,3000,1000,600,1000,404,43486,42487,40019,39558,39504,39067,48375,0
90000,1,4,1,1,-1,-1,-2,-2,-2,0,194,0,0,0,0,194,0,0,0,0,217,90000,89806,90000,90000,90000,90000,-217,0
220000,1,2,2,-1,-1,-1,-1,-1,-1,288,392,-4,392,396,396,500,0,792,400,396,792,219712,219608,220004,219608,219604,219604,-1020,0
40000,2,4,1,-1,2,-1,-1,-1,-1,652,326,326,26370,24572,24918,0,326,26370,886,1075,830,39348,39674,39674,13630,15428,15082,47677,1
200000,3,1,4,1,2,2,2,2,2,177088,172365,175766,171377,163943,162195,0,6998,4558,5921,4526,5014,22912,27635,24234,28623,36057,37805,995717,1
120000,2,1,3,-1,-1,-1,-1,-1,-1,33131,33121,32222,32877,30587,25938,2000,1500,1000,1000,2000,1000,86869,86879,87778,87123,89413,94062,179376,0
210000,1,1,3,-1,-1,-1,-1,-2,-1,880,724,844,-36,-916,1030,724,1000,0,0,3000,670,209120,209276,209156,210036,210916,208970,-2868,1
30000,2,4,1,-1,3,2,-1,-1,2,31176,30408,29205,29090,30121,28013,0,0,1013,2400,0,1200,-1176,-408,795,910,-121,1987,173400,0
110000,2,1,4,2,2,2,2,2,2,56839,58039,58792,59620,60819,62069,2700,2300,2400,2300,2400,0,53161,51961,51208,50380,49181,47931,344078,1
280000,2,1,2,-1,-1,-1,-1,-1,-1,278948,278433,277620,275495,270350,260554,10609,10470,10002,9948,9475,9239,1052,1567,2380,4505,9650,19446,1581657,0
150000,1,2,2,1,-2,-2,-2,-2,-2,0,0,0,0,0,0,0,0,0,0,0,0,150000,150000,150000,150000,150000,150000,0,0
20000,3,2,3,-1,-1,-1,-1,-1,-1,15237,16030,17948,18647,19193,19721,1600,2500,1000,846,1000,593,4763,3970,2052,1353,807,279,99237,0
80000,2,2,1,-1,-1,-1,-1,-1,-1,29820,24513,19664,19258,20842,16386,2306,2000,1000,2000,1500,29651,50180,55487,60336,60742,59158,63614,92026,0
50000,2,1,3,2,-1,-1,-1,-1,-1,30106,30566,30699,30038,29224,29346,1878,1641,1000,934,1109,960,19894,19434,19301,19962,20776,20654,172457,1
170000,1,2,2,-1,-1,-1,-1,-1,-1,92480,94089,97286,97196,97227,101272,4000,5000,3000,4000,8000,4000,77520,75911,72714,72804,72773,68728,551550,0
200000,1,1,3,1,-1,-1,-2,-2,-2,0,479,0,0,0,0,479,0,0,0,0,0,200000,199521,200000,200000,200000,200000,0,1
300000,1,2,2,-1,-1,-1,-1,-1,-1,390,390,390,374,284,1064,390,390,374,300,1170,1170,299610,299610,299610,299626,299716,298936,-902,0
100000,2,1,3,2,2,2,-1,-1,-1,17497,18219,17629,18036,18446,18840,1300,0,700,700,700,800,82503,81781,82371,81964,81554,81160,104467,1
80000,1,2,1,1,2,-1,-1,-1,-1,5431,1961,1646,3266,380,1951,0,1700,2000,380,1951,1900,74569,78039,78354,76734,79620,78049,6704,0
30000,1,1,2,-1,-1,2,-1,-1,-1,28401,31065,30031,29838,29651,1567,3434,0,597,593,31,0,1599,-1065,-31,162,349,28433,145898,1
80000,1,2,2,-1,-1,-1,-1,-1,-1,27560,22441,19960,6199,5623,6880,1701,2000,2000,1000,2000,3000,52440,57559,60040,73801,74377,73120,76962,0
60000,1,2,2,-1,-1,-1,-1,-1,-1,264,264,264,264,264,264,264,264,264,264,264,0,59736,59736,59736,59736,59736,59736,264,1
110000,2,4,1,-1,-1,-1,-1,-1,-1,94597,96263,61195,28154,24773,21620,4260,2310,1010,980,900,750,15403,13737,48805,81846,85227,88380,316392,0
10000,2,2,3,1,2,-1,-1,-1,-1,9841,9628,4060,4530,2140,1875,121,4060,4530,2140,1875,0,159,372,5940,5470,7860,8125,19348,1
290000,3,4,2,-1,-1,-1,-1,-1,-1,21981,24610,27009,26671,24826,22287,3000,3000,3000,3000,3000,3000,268019,265390,262991,263329,265174,267713,129384,0
30000,1,2,1,-1,-1,-1,-1,-1,-1,27172,27000,780,0,30525,0,1000,780,0,30525,0,0,2828,3000,29220,30000,-525,30000,53172,0
60000,2,2,3,-1,-1,-1,-1,-1,-1,59475,60423,59674,29411,27730,26638,2500,1509,1000,1000,2000,1500,525,-423,326,30589,32270,33362,253842,0
150000,3,1,3,-1,-1,-1,-1,-1,-1,4029,4048,2842,3910,4697,1719,4054,2866,4082,4697,1735,0,145971,145952,147158,146090,145303,148281,3811,0
750000,3,2,3,-2,-2,-1,-1,-1,-1,16372,15344,3329,38488,9777,66692,15420,3691,38679,9825,67024,76641,733628,734656,746671,711512,740223,683308,-61278,0
30000,2,1,1,-1,-1,-1,-1,-1,-1,10721,25066,13817,14983,15525,0,2000,1500,1400,1000,0,0,19279,4934,16183,15017,14475,30000,74212,0
160000,2,4,4,-1,-1,-1,-1,-1,-1,6136,5932,4353,3746,5487,2702,5932,4353,3835,6934,3370,2276,153864,154068,155647,156254,154513,157298,1656,0
50000,2,2,2,-1,-1,-1,-1,-1,-1,50628,48748,46368,2443,6251,357,2350,3000,1000,6000,400,9844,-628,1252,3632,47557,43749,49643,132201,1
50000,1,4,3,-1,-1,-1,-1,-1,2,1310,37073,7700,42038,42610,42096,37073,7700,42038,42096,587,9162,48690,12927,42300,7962,7390,7904,34171,0
160000,2,2,2,2,2,2,2,2,2,75406,76907,78047,79362,81089,82796,3300,3000,3200,3152,3200,3100,84594,83093,81953,80638,78911,77204,454655,0
150000,1,4,1,-1,-1,-1,-1,-1,-1,151669,152794,147323,112904,77642,78542,5900,5598,4440,2800,3000,3000,-1669,-2794,2677,37096,72358,71458,696136,0
30000,2,2,3,-1,-1,-1,-1,-1,2,27276,30470,27699,28257,30695,30059,3671,1500,1018,2900,0,869,2724,-470,2301,1743,-695,-59,164498,0
350000,1,1,2,-1,-1,2,-1,2,2,19734,5338,3042,2418,2233,7176,3000,0,2500,0,5000,0,330266,344662,346958,347582,347767,342824,29441,0
20000,1,4,1,-1,-1,-1,-1,-1,-1,18821,18714,18942,20179,20204,20239,2000,1300,1500,2500,1000,1000,1179,1286,1058,-179,-204,-239,107799,0
50000,2,2,2,-1,-1,-1,-1,-1,-1,47206,8464,9799,10054,9736,9955,1500,1500,400,344,371,314,2794,41536,40201,39946,40264,40045,90785,0
180000,3,1,1,-1,-1,-1,-1,-1,-1,12303,11757,11695,5891,753,21753,2000,1700,300,0,21000,1000,167697,168243,168305,174109,179247,158247,38152,1
30000,3,2,1,2,-1,-1,-1,-1,-1,29144,30419,30097,25887,25707,0,2033,1420,0,92,0,0,856,-419,-97,4113,4293,30000,137709,1
100000,2,1,4,-1,-1,-1,-1,-1,-1,55120,56636,58215,16809,24482,21849,2403,2875,1010,10844,1074,580,44880,43364,41785,83191,75518,78151,214325,0
20000,2,2,1,1,2,2,2,2,2,11893,12906,12902,12398,13297,12934,1500,500,0,1100,0,1500,8107,7094,7098,7602,6703,7066,71730,0
80000,1,2,1,-1,-1,-1,-1,-1,-1,73722,75323,64277,45455,42231,42804,3300,2500,1556,1600,1600,1600,6278,4677,15723,34545,37769,37196,331656,0
150000,2,1,3,-1,-1,-1,-1,-1,-1,89488,89951,86961,79284,74531,78359,5016,5050,3026,5000,5012,4057,60512,60049,63039,70716,75469,71641,471413,0
230000,1,4,2,-1,-1,-1,-1,-1,-1,754,-441,4410,0,711,5650,0,4851,0,711,5650,0,229246,230441,225590,230000,229289,224350,-128,0
50000,1,1,1,-1,-1,2,-1,-1,-1,5472,5891,6595,8400,4041,4815,1500,1000,2000,1000,1000,2000,44528,44109,43405,41600,45959,45185,26714,0
210000,1,4,2,-1,-1,-1,-1,-1,-1,3962,1772,3608,1918,1429,2381,1777,3613,5,1433,2387,2857,206038,208228,206392,208082,208571,207619,2998,0
50000,2,3,3,-1,-1,-1,-1,-1,-1,52260,40893,81308,41463,40045,40845,1679,1640,1449,1454,1466,1526,-2260,9107,-31308,8537,9955,9155,287600,0
240000,2,2,2,-1,-1,-1,-1,-1,-1,1854,1346,3195,1932,7363,1546,1346,3195,0,7383,1546,4390,238146,238654,236805,238068,232637,238454,-624,0
500000,3,4,3,-1,-1,-1,-1,-1,-1,264961,237006,139311,128095,181304,219929,20078,30141,30000,60000,50000,30000,235039,262994,360689,371905,318696,280071,950387,0
210000,2,2,1,-1,-1,-1,-2,-2,-2,5373,6200,0,0,0,0,1000,0,0,0,0,0,204627,203800,210000,210000,210000,210000,10573,0
160000,2,2,3,-2,-2,-2,-2,-2,-2,0,0,0,0,0,0,0,0,0,0,0,200,160000,160000,160000,160000,160000,160000,-200,0
250000,1,4,3,1,-2,-2,-2,-2,-2,0,0,0,0,0,0,0,0,0,0,0,0,250000,250000,250000,250000,250000,250000,0,1
500000,1,4,3,-1,-1,-1,-1,-1,-1,20614,18050,15341,15985,1147,5492,5001,3007,8000,1147,5492,3000,479386,481950,484659,484015,498853,494508,50982,0
100000,2,1,2,1,2,2,2,2,2,59121,57604,62635,64994,63827,67839,0,6000,4000,0,5100,2200,40879,42396,37365,35006,36173,32161,358720,1
20000,2,4,1,-1,-1,-1,-1,-1,-1,16385,17518,19302,18818,19052,9097,1700,2484,1000,475,363,4000,3615,2482,698,1182,948,10903,90150,0
30000,2,2,2,-1,-1,-1,-2,-2,-2,14451,15525,0,0,0,0,1525,0,0,0,0,0,15549,14475,30000,30000,30000,30000,28451,0
50000,1,4,1,-1,-1,-1,-1,-1,-1,13301,1400,780,390,42958,44849,1400,780,390,42958,3500,0,36699,48600,49220,49610,7042,5151,54650,0
160000,2,2,1,-1,-1,2,2,-1,-1,109405,118110,119697,116284,119248,122228,12000,5000,0,5000,4958,36000,50595,41890,40303,43716,40752,37772,642014,0
50000,3,2,1,1,-1,-1,-1,-1,-1,-9802,99,103,249,386,11504,10000,103,245,386,11504,2000,59802,49901,49897,49751,49614,38496,-21699,0
90000,3,2,1,-1,-1,-1,-1,-1,-1,3363,174,1473,390,390,780,174,1473,780,0,780,0,86637,89826,88527,89610,89610,89220,3363,1
20000,2,2,1,-1,-1,-1,-1,-1,-1,11449,12811,11779,12379,12879,14879,1582,1400,1000,500,2000,500,8551,7189,8221,7621,7121,5121,69194,0
50000,1,1,3,-1,-1,-1,-1,-2,-2,35145,36275,37150,0,0,0,2000,1871,0,0,0,0,14855,13725,12850,50000,50000,50000,104699,0
230000,3,4,2,1,2,-1,-1,-1,-2,11391,10923,13554,12134,0,0,0,3200,0,0,0,0,218609,219077,216446,217866,230000,230000,44802,0
150000,2,2,2,3,2,2,-1,-1,2,76113,77728,75888,77017,77706,79274,3400,0,2960,3100,3000,2711,73887,72272,74112,72983,72294,70726,448555,0
50000,1,2,3,-1,-1,-1,-1,-1,-1,48719,49966,32538,20270,19992,20054,2212,2503,693,1000,1000,1000,1281,34,17462,29730,30008,29946,183131,0
280000,1,4,2,-1,-1,-1,-1,-2,-2,27290,0,720,0,0,0,0,720,0,0,0,0,252710,280000,279280,280000,280000,280000,27290,0
500000,1,2,2,-1,-1,-1,-1,-1,-1,315816,267100,277636,287998,298343,308378,10000,15000,15000,15000,15000,15200,184184,232900,222364,212002,201657,191622,1670071,0
90000,2,2,3,-1,-1,-1,-1,-1,-1,1887,43542,12148,880,10880,880,43542,12148,880,10880,880,1080,88113,46458,77852,89120,79120,89120,807,0
360000,1,2,1,-1,-1,-1,-1,-1,-1,64606,44466,40165,20733,12525,7482,5135,20856,103,12587,7518,6412,295394,315534,319835,339267,347475,352518,137366,0
140000,2,2,4,-1,-1,-1,-1,-1,-2,98668,88727,27203,27209,-20006,-30177,4410,1804,14000,10968,0,82000,41332,51273,112797,112791,160006,170177,78442,0
140000,1,2,3,-1,-1,-1,-1,-1,-1,5287,5717,7146,5930,5280,5930,5717,7146,5930,5280,5930,0,134713,134283,132854,134070,134720,134070,5287,0
230000,1,4,3,1,-2,-2,-2,-2,-2,0,0,0,0,0,0,0,0,0,0,0,0,230000,230000,230000,230000,230000,230000,0,1
50000,2,4,1,-1,-1,2,-1,-1,-1,39033,37002,21933,16137,16030,15373,6455,0,1500,3000,5000,5000,10967,12998,28067,33863,33970,34627,124553,0
130000,2,2,4,-1,-1,-1,-1,-1,-1,1504,1027,2172,836,836,0,1027,2172,836,836,0,2508,128496,128973,127828,129164,129164,130000,-1004,0
330000,1,4,3,-1,-1,2,-1,-1,-1,243621,259517,253863,257535,262753,268145,21400,0,9400,9542,9766,9786,86379,70483,76137,72465,67247,61855,1485540,1
210000,1,2,2,-1,-1,-1,-1,-1,-1,4830,0,1000,15385,20302,25112,0,1000,15385,5302,5112,4213,205170,210000,209000,194615,189698,184888,35617,0
10000,1,2,1,2,-1,-1,-1,-1,2,4920,5937,6945,7088,8108,8264,1256,1264,407,1291,435,0,5080,4063,3055,2912,1892,1736,36609,0
50000,2,2,4,-1,-1,-1,-1,-1,-1,49320,49724,50218,18983,17435,17057,1925,2152,800,610,620,900,680,276,-218,31017,32565,32943,195730,0
100000,1,2,3,-1,-1,-1,2,-1,-1,39245,41602,47885,46817,48400,51588,3000,7000,0,2500,4000,0,60755,58398,52115,53183,51600,48412,259037,0
70000,3,2,1,-1,-1,-1,-1,-1,-1,65763,38209,27874,28439,26590,29043,3000,2000,955,3000,3000,790,4237,31791,42126,41561,43410,40957,203173,0
50000,2,2,3,-1,-1,-1,-1,-1,-1,40650,42718,45047,45632,46535,47351,2850,3160,1740,1748,1650,3530,9350,7282,4953,4368,3465,2649,253255,0
170000,1,2,1,-1,-1,-1,-1,-1,-1,20302,14653,7234,9908,3205,60,3000,1000,5000,3205,60,0,149698,155347,162766,160092,166795,169940,43097,0
100000,2,2,4,2,2,2,2,2,2,44078,45077,47837,48678,48420,48888,2000,3841,1900,1900,1800,2000,55922,54923,52163,51322,51580,51112,269537,1
80000,1,1,2,-1,-1,-1,-1,-1,-2,60110,51784,50071,47099,41063,6408,2186,1491,1099,1243,6408,6825,19890,28216,29929,32901,38937,73592,237283,0
150000,3,2,1,-1,-1,-1,-1,-1,-1,77298,69832,66692,67518,64210,60747,3029,4000,2258,2500,2500,1624,72702,80168,83308,82482,85790,89253,390386,0
50000,3,4,1,-1,-1,-1,-1,-1,-1,26956,27596,28192,28356,28554,28718,1462,1448,1002,1032,1024,1028,23044,22404,21808,21644,21446,21282,161376,0
80000,2,1,2,1,-2,-1,-1,-1,-2,0,0,862,41300,0,0,0,862,41300,0,0,10000,80000,80000,79138,38700,80000,80000,-10000,0
120000,1,4,1,-1,-1,-1,-1,-1,-1,78304,79348,81881,82628,84404,86096,2900,3850,3000,3100,3088,3151,41696,40652,38119,37372,35596,33904,473572,0
470000,3,1,3,-1,-1,-1,-1,-1,-1,163529,129341,106390,82181,79402,72121,4700,30002,20000,40000,35000,40000,306471,340659,363610,387819,390598,397879,463262,0
80000,3,2,4,-1,-1,-1,-1,-1,-1,18100,6826,7582,8082,8082,8082,1244,1000,500,0,0,0,61900,73174,72418,71918,71918,71918,54010,0
60000,1,2,2,-1,-1,2,-1,-1,-1,46307,51232,50109,50979,52998,54264,6000,0,2000,3000,2300,2000,13693,8768,9891,9021,7002,5736,290589,0
80000,2,2,3,-1,-1,-1,-1,-1,-1,75264,75919,78078,28868,29174,29444,3200,4613,1100,1500,1500,966,4736,4081,1922,51132,50826,50556,303868,0
50000,2,1,4,-1,-1,2,-1,-1,-1,25551,22957,18027,13836,14966,13220,2733,759,500,6326,3259,2281,24449,27043,31973,36164,35034,36780,92699,1
500000,1,1,3,-1,-1,-1,-1,-1,-1,403800,404640,412082,417759,428608,421871,17000,16500,15000,19000,18032,5000,96200,95360,87918,82241,71392,78129,2398228,1
110000,2,2,1,-1,-1,-1,-1,-1,-1,49732,46766,41796,44251,42921,37748,2300,2000,3000,3000,2000,10000,60268,63234,68204,65749,67079,72252,240914,0
80000,2,2,3,-1,-1,-1,-2,-2,-2,40769,41150,0,0,0,0,2150,0,0,0,0,0,39231,38850,80000,80000,80000,80000,79769,0
50000,2,2,1,2,2,2,2,2,2,48655,45570,44015,36724,45751,46497,460,5021,0,10000,2005,37,1345,4430,5985,13276,4249,3503,249689,1
400000,1,2,3,4,3,2,-1,-1,-1,278863,275153,269528,269278,269278,1976,0,0,150,0,3355,5688,121137,124847,130472,130722,130722,398024,1354883,1
90000,1,4,1,-1,-1,-1,-1,-1,-1,90749,90595,89059,88822,90978,89363,3481,5167,3300,3615,3217,3500,-749,-595,941,1178,-978,637,517286,0
150000,4,2,4,-1,-1,-1,-1,-1,-1,135903,137719,144913,135063,134417,134490,7474,14004,4876,4750,5090,4594,14097,12281,5087,14937,15583,15510,781717,0
360000,1,2,2,-1,-1,-2,-2,-2,-2,10621,0,0,0,150,137,0,0,0,150,137,0,349379,360000,360000,360000,359850,359863,10621,0
170000,3,1,1,-1,-1,-1,-1,-1,-1,165027,168990,172307,35234,32869,33862,7200,7500,1200,1200,1500,1300,4973,1010,-2307,134766,137131,136138,588389,0
110000,3,2,2,2,-1,-1,-1,2,-1,103356,85352,55489,49958,50524,50361,2700,1827,5400,1473,2100,1848,6644,24648,54511,60042,59476,59639,379692,1
220000,1,4,1,-1,-1,-1,-1,-1,-1,224852,224416,173565,176156,175745,160362,10235,8000,7000,7000,7000,7000,-4852,-4416,46435,43844,44255,59638,1088861,0
200000,2,2,2,-1,-1,-1,-1,-1,-1,198807,200616,202228,198794,203070,161002,10700,8000,7500,8200,10000,29000,1193,-616,-2228,1206,-3070,38998,1091117,0
500000,1,4,3,-2,-2,-2,-2,-2,-2,0,3270,30760,143791,-200,-200,3270,30760,143791,0,0,0,500000,496730,469240,356209,500200,500200,-400,0
340000,1,1,3,-1,-1,-1,-1,-1,-1,321046,329563,335012,197797,201935,140812,13690,12693,6100,6300,5100,5400,18954,10437,4988,142203,138065,199188,1476882,0
180000,2,4,2,1,-2,-2,-2,-2,-2,0,0,0,0,0,0,0,0,0,0,0,0,180000,180000,180000,180000,180000,180000,0,0
490000,1,2,3,-1,-1,-1,-1,-1,-1,2920,4040,3649,8343,6641,5779,4060,3659,8357,6660,5796,4736,487080,485960,486351,481657,483359,484221,-1896,0
60000,2,4,1,-1,-1,-1,-1,-1,-1,56146,56929,55009,30181,41528,21069,2314,1459,914,1900,800,932,3854,3071,4991,29819,18472,38931,252543,0
250000,1,2,2,-2,-2,-2,-2,-2,-2,2729,2538,6244,1297,1763,1907,2543,6247,1300,1766,1912,1000,247271,247462,243756,248703,248237,248093,1710,0
20000,2,4,2,2,-1,-1,-1,-1,-1,15997,17336,18345,18643,19094,19224,1600,1602,900,900,636,744,4003,2664,1655,1357,906,776,102257,1
170000,3,1,2,1,2,2,2,-1,-1,171062,166870,165156,161137,164501,166064,0,13000,0,6000,12400,5700,-1062,3130,4844,8863,5499,3936,957690,0
160000,3,4,2,2,2,-1,-1,-1,2,16626,16075,17490,20724,23952,23859,0,2000,3539,3566,446,3000,143374,143925,142510,139276,136048,136141,106175,1
80000,1,4,1,-1,-1,-2,-2,-2,-2,1672,0,0,0,0,0,0,0,0,0,0,0,78328,80000,80000,80000,80000,80000,1672,0
380000,1,2,2,-1,-1,-1,-1,-1,-2,8183,10554,5453,739,-8632,-11922,10617,5478,784,14,380,253,371817,369446,374547,379261,388632,391922,-13151,0
70000,3,2,2,-1,-1,-1,-1,-1,-1,71230,65305,50178,29969,30081,29380,2500,3108,2000,1048,1095,940,-1230,4695,19822,40031,39919,40620,265452,1
80000,1,2,1,-1,-1,-1,-1,-1,-1,78038,79183,81356,63039,64371,65650,3000,3500,3500,2500,2351,2441,1962,817,-1356,16961,15629,14350,414345,0
380000,2,1,4,-1,-1,-1,-1,-1,-1,369699,331755,303016,290019,294689,301491,12172,11095,11007,11000,12006,11000,10301,48245,76984,89981,85311,78509,1822389,0
230000,1,4,1,-1,-1,-1,-1,-1,-1,14979,2480,1434,1420,9225,19013,2480,1434,1420,9225,10000,15000,215021,227520,228566,228580,220775,210987,8992,0
130000,2,2,1,2,2,2,-1,-1,-1,134505,135624,129959,93360,90040,89873,6200,0,3500,3238,3216,3207,-4505,-5624,41,36640,39960,40127,654000,1
160000,1,2,2,-1,-1,-2,-2,-2,-2,2851,0,0,0,0,0,0,0,0,0,0,0,157149,160000,160000,160000,160000,160000,2851,0
50000,3,2,3,-1,-1,-1,-1,-1,-1,44332,25913,19057,18788,18108,15256,8802,1500,2000,1000,2000,2000,5668,24087,30943,31212,31892,34744,124152,0
180000,1,1,3,2,2,2,-1,-1,-1,106462,113728,98314,94552,92422,63022,10000,0,10000,3000,5000,4000,73538,66272,81686,85448,87578,116978,536500,0
220000,2,4,2,-1,-1,-1,-1,-1,-1,75451,78094,80680,81944,83963,85930,4000,4000,3000,3000,3000,3000,144549,141906,139320,138056,136037,134070,466062,0
200000,3,2,3,1,-1,-1,-1,-1,-1,0,340,0,148,148,198,340,0,148,0,198,7296,200000,199660,200000,199852,199852,199802,-7148,1
520000,3,1,3,2,2,-1,-1,-1,-1,435924,366194,330211,251920,256512,262474,0,12620,8758,9047,9959,10500,84076,153806,189789,268080,263488,257526,1852351,1
30000,2,2,3,-1,-1,-1,-1,-1,2,12485,13119,13716,13598,16256,16442,1221,1208,480,3650,600,0,17515,16881,16284,16402,13744,13558,78457,1
150000,2,6,3,1,-2,-2,-1,-1,-1,0,0,0,3355,962,821,0,0,4026,962,821,380,150000,150000,150000,146645,149038,149179,-1051,0
210000,2,2,2,-1,-1,-1,-1,-1,-1,733,737,737,407,737,407,737,737,407,737,407,1232,209267,209263,209263,209593,209263,209593,-499,0
50000,2,4,2,2,-1,-1,-1,-1,-1,42380,40288,32631,29968,29092,29977,1901,1744,1027,1033,1345,1000,7620,9712,17369,20032,20908,20023,196286,1
20000,2,2,2,-1,-1,-1,-1,-1,-1,17843,18833,17830,18184,18565,19076,1280,1276,630,653,798,581,2157,1167,2170,1816,1435,924,105113,0
290000,1,1,3,-1,-1,-1,-1,-1,-1,19213,33274,17495,1528,4176,189,33548,17732,1862,4188,189,7324,270787,256726,272505,288472,285824,289811,11032,0
50000,2,4,2,1,-1,-1,-1,-1,-1,30382,45888,48599,-250,12122,3685,54608,7060,112,32132,11304,52681,19618,4112,1401,50250,37878,46315,-17471,0
130000,3,2,3,-1,-1,-1,-1,-1,-1,127524,127839,128380,97713,96245,95779,5051,5101,3600,3501,3800,3412,2476,2161,1620,32287,33755,34221,649015,0
60000,2,2,1,-1,-1,-1,-1,-1,-1,54809,-827,1188,792,0,27248,0,2188,0,0,27248,1000,5191,60827,58812,59208,60000,32752,52774,0
20000,1,2,1,-1,-1,2,2,2,2,11394,14367,13844,14614,14733,14823,3600,0,1300,500,505,37,8606,5633,6156,5386,5267,5177,77833,0
160000,2,4,2,-1,-1,-1,-1,-1,-1,124459,130916,132179,135030,135656,135448,10000,5000,4854,10000,6000,4000,35541,29084,27821,24970,24344,24552,753834,0
250000,3,2,2,-1,-1,-1,-1,-1,-1,5086,14180,49453,10989,2975,4099,14180,49453,0,2975,4099,6470,244914,235820,200547,239011,247025,245901,9605,0
80000,3,1,2,-1,-1,-1,-1,-1,-1,19277,20060,20977,20695,18587,20767,1400,1306,1019,685,2500,0,60723,59940,59023,59305,61413,59233,113453,0
60000,2,2,2,-1,-1,-1,-1,-1,-1,54660,49907,44057,27510,28086,29119,1879,1500,1000,1019,1500,1000,5340,10093,15943,32490,31914,30881,225441,0
80000,2,2,2,-1,-1,-1,-1,-1,-1,13793,67840,61546,55294,40868,33420,63023,3010,3053,2013,2015,3019,66207,12160,18454,24706,39132,46580,196628,1
60000,2,2,1,2,2,2,-1,-1,-1,60323,60729,56473,28603,22191,20750,2000,0,1135,1822,1500,1500,-323,-729,3527,31397,37809,39250,241112,0
410000,1,1,2,-1,-1,-1,-1,-1,-1,10867,2719,0,11900,478,387,2719,0,11900,478,387,0,399133,407281,410000,398100,409522,409613,10867,0
240000,1,4,2,-1,-1,-1,-1,-1,-1,14038,25558,26526,28082,29695,31223,12000,1500,1800,1860,1800,2000,225962,214442,213474,211918,210305,208777,134162,0
30000,3,2,3,3,2,-1,-1,-1,-1,13784,13277,13984,14350,14650,15156,0,1234,600,532,750,825,16216,16723,16016,15650,15350,14844,81260,1
200000,2,4,2,-1,-1,-1,-1,-2,-2,8350,4750,5134,245,56,167,2001,1001,501,201,501,501,191650,195250,194866,199755,199944,199833,13996,0
180000,2,2,3,1,2,-1,-1,-1,-1,35916,30711,27555,26574,23123,30680,1711,1300,7504,1123,13000,0,144084,149289,152445,153426,156877,149320,149921,0
100000,2,2,2,-1,-1,-1,-1,-1,-1,88550,91724,94799,97861,104634,92537,5000,5000,5000,9000,10000,5000,11450,8276,5201,2139,-4634,7463,531105,0
50000,4,4,3,-1,-1,-1,-1,-1,-1,50806,48798,29003,28911,28601,29215,1545,1454,1019,1039,1091,1015,-806,1202,20997,21089,21399,20785,208171,1
60000,3,4,3,-1,-1,-1,-1,-1,-1,1876,1876,1876,1876,1876,1876,1876,1876,1876,1876,1876,1876,58124,58124,58124,58124,58124,58124,0,1
50000,1,4,1,-1,-1,2,2,2,2,5800,8189,7909,9767,9466,11300,2500,0,2000,0,2000,400,44200,41811,42091,40233,40534,38700,45531,1
240000,1,2,2,-2,-1,-1,-2,-2,-2,597,6449,626,626,626,626,6507,626,626,626,626,626,239403,233551,239374,239374,239374,239374,-87,0
220000,1,4,1,-1,-1,-1,-1,-1,-1,47944,44914,46446,37604,15540,20330,5000,5008,7000,4000,5000,150,172056,175086,173554,182396,204460,199670,186620,0
40000,3,2,3,-1,2,-1,-1,-1,-1,1978,1415,1748,832,416,1851,3,1749,0,0,1851,0,38022,38585,38252,39168,39584,38149,4637,0
80000,1,4,1,-1,-1,-1,-1,-2,-2,71487,55641,24987,-600,-600,-600,2157,1500,0,0,0,0,8513,24359,55013,80600,80600,80600,146658,0
320000,2,2,4,-1,-1,-1,-1,-1,-1,1122,5000,396,1176,396,396,5000,792,1176,396,396,39316,318878,315000,319604,318824,319604,319604,-38590,0
420000,2,1,3,-1,-1,-1,-1,-1,-1,44670,60376,30099,66049,61043,62054,30253,20016,40015,30004,3000,3224,375330,359624,389901,353951,358957,357946,197779,0
500000,2,1,3,-1,-1,-1,-1,-1,-1,28352,35294,74846,37985,33050,22185,35465,75212,38169,33209,22289,22289,471648,464706,425154,462015,466950,477815,5079,0
290000,2,4,1,-1,-1,-1,-1,-1,-1,145341,136849,122627,115857,101472,98069,7000,6000,5024,5000,5000,10000,144659,153151,167373,174143,188528,191931,682191,0
190000,1,1,3,-1,-1,-1,-1,-1,-1,181814,172493,166982,155621,142439,133742,7035,6000,6000,10000,5000,5000,8186,17507,23018,34379,47561,56258,914056,0
100000,1,2,2,2,-1,-1,-1,-1,-1,101329,103532,100485,101552,100752,100652,3900,6000,3900,4100,17000,3750,-1329,-3532,-485,-1552,-752,-652,569652,1
230000,2,4,1,1,-2,-2,-2,-2,-2,0,0,0,0,0,0,0,0,0,0,0,8618,230000,230000,230000,230000,230000,230000,-8618,0
50000,2,1,2,1,3,2,-1,-1,2,19606,19017,18409,18823,20379,18720,0,0,1000,2000,0,1000,30394,30983,31591,31177,29621,31280,110954,0
210000,2,1,3,-1,-1,-1,-1,-1,-1,47025,45456,44048,15398,8657,3180,2300,1326,400,230,100,112136,162975,164544,165952,194602,201343,206820,47272,0
90000,2,4,1,1,-2,-2,-2,-2,-2,0,0,0,0,0,0,0,0,0,0,0,0,90000,90000,90000,90000,90000,90000,0,1
480000,3,1,4,-1,-1,-1,-1,-1,-1,103497,105310,107013,106039,108188,109691,5300,5300,4000,5000,4000,5200,376503,374690,372987,373961,371812,370309,610938,0
120000,1,2,3,1,-2,-2,-1,-1,-1,-8,-208,-408,57392,58805,60200,0,0,58000,2000,2000,0,120008,120208,120408,62608,61195,59800,113773,0
160000,2,2,1,1,2,2,2,2,2,162761,164692,159948,161469,162129,154704,6000,14,12000,6000,0,11318,-2761,-4692,52,-1469,-2129,5296,930371,0
110000,2,1,1,1,2,2,2,2,2,46657,48615,49519,48421,50644,51662,3000,2000,0,3000,2000,3000,63343,61385,60481,61579,59356,58338,282518,0
260000,2,2,5,1,-2,-1,-1,-2,-2,-20,-20,2000,0,0,0,0,2020,0,0,0,0,260020,260020,258000,260000,260000,260000,-60,0
80000,1,2,1,-1,-1,-1,2,-1,-1,2130,3100,173,173,3435,11962,1010,173,0,3438,10004,5500,77870,76900,79827,79827,76565,68038,848,0
50000,2,1,4,-1,-1,-1,-1,-1,-1,1956,2060,4904,2056,2515,1464,2060,4904,2056,2515,1464,1515,48044,47940,45096,47944,47485,48536,441,0
50000,2,2,3,-1,-1,-1,-1,-1,-1,35116,26171,25088,21090,21749,22386,1441,1500,756,1000,1000,829,14884,23829,24912,28910,28251,27614,145074,1
100000,2,4,1,-1,-1,-1,-1,-1,-1,75012,77784,73535,72067,59495,56850,4000,3105,4069,3000,2500,2000,24988,22216,26465,27933,40505,43150,396069,0
20000,3,1,4,1,2,-1,-1,2,2,8766,8481,13318,15096,14717,16159,0,5000,2000,0,2000,0,11234,11519,6682,4904,5283,3841,67537,1
260000,1,2,3,1,-1,-1,-2,-1,2,0,6500,0,0,2223,2056,6500,0,0,2223,0,60934,260000,253500,260000,260000,257777,257944,-58878,0
680000,1,2,3,-1,-1,-1,-1,-1,-1,189514,188883,190076,181957,182226,177731,8000,9000,7000,7000,7000,7000,490486,491117,489924,498043,497774,502269,1065387,0
50000,2,2,1,-1,-1,2,-1,-1,-1,1789,50005,48731,46882,500,0,48731,0,2102,0,0,0,48211,-5,1269,3118,49500,50000,97074,0
170000,1,4,1,-1,-1,-1,-1,-1,-1,118801,108980,112125,109579,107030,101130,4000,5300,3800,3880,3500,3400,51199,61020,57875,60421,62970,68870,633765,0
210000,2,2,2,-1,-1,-1,-1,-1,-1,326,326,978,652,326,0,326,978,0,0,0,652,209674,209674,209022,209348,209674,210000,652,1
500000,1,1,4,-2,-2,-2,-2,-2,-2,10063,10166,11579,68712,26476,8974,10395,11888,88612,26476,8974,11522,489937,489834,488421,431288,473524,491026,-21897,0
180000,1,2,3,-1,-1,-1,2,-1,-1,18472,20546,24956,24262,24782,26208,2690,5100,0,1058,2000,3000,161528,159454,155044,155738,155218,153792,125378,0
340000,2,2,2,1,-1,-1,-1,-1,-1,-653,2094,1256,845,2149,696,3254,1256,845,2000,696,696,340653,337906,338744,339155,337851,339304,-2360,0
160000,3,2,2,-1,-1,-1,-1,-1,-1,160388,175167,127848,96066,93974,40170,142159,3592,7317,2312,1637,1074,-388,-15167,32152,63934,66026,119830,535522,0
30000,2,2,1,2,-1,-1,-1,-1,-1,26846,27718,28067,28334,28984,14769,2000,1500,1000,800,728,1000,3154,2282,1933,1666,1016,15231,147690,1
230000,2,2,3,-1,-1,-1,-1,-1,-1,205938,209941,173679,92937,94552,76849,8476,6593,2966,3135,2956,2040,24062,20059,56321,137063,135448,153151,827730,0
30000,3,2,1,2,-1,-1,-1,-1,-1,28328,29505,25362,19493,5765,0,1704,1250,390,115,0,0,1672,495,4638,10507,24235,30000,104994,0
480000,2,2,2,-1,-1,-1,-1,-1,-1,57732,55379,71063,60155,66078,64958,55614,47003,30171,40282,115224,12973,422268,424621,408937,419845,413922,415042,74098,0
360000,1,1,3,-1,-1,-1,-2,-1,-1,16731,4840,-16,-16,3267,3438,4864,0,0,3283,3455,0,343269,355160,360016,360016,356733,356562,16642,0
500000,1,1,4,1,2,2,2,2,2,74850,76463,77611,78735,80430,82068,3400,3000,3000,3100,3110,0,425150,423537,422389,421265,419570,417932,454547,1
220000,1,1,2,-1,-1,-1,-1,-1,2,17039,7113,9574,1727,4201,622,7540,9571,1739,4918,0,24037,202961,212887,210426,218273,215799,219378,-7529,0
100000,1,4,1,3,2,-1,-1,2,-1,87791,85548,85391,50605,49666,50689,0,2500,5864,0,2000,2000,12209,14452,14609,49395,50334,49311,397326,1
200000,2,4,2,1,-2,-2,-1,-1,-2,0,0,0,1500,0,0,0,0,1500,0,0,0,200000,200000,200000,198500,200000,200000,0,0
200000,1,2,3,-1,-1,-1,-1,-1,-1,193048,193926,198233,200350,200390,19959,6410,6342,4007,4008,19959,1000,6952,6074,1767,-350,-390,180041,964180,0
90000,2,4,1,-1,-1,-1,-1,-1,-1,91653,88619,90298,91343,90887,90858,4200,4100,3307,3405,3311,6204,-1653,1381,-298,-1343,-887,-858,519131,0
50000,2,2,1,-1,-1,-1,-1,-1,-1,27963,28715,29381,29140,25022,29608,2001,2001,1014,1006,7004,1003,22037,21285,20619,20860,24978,20392,155800,0
80000,2,2,3,2,2,2,2,2,2,45691,46662,47595,48312,49392,50426,2000,2000,1800,2000,2000,1900,34309,33338,32405,31688,30608,29574,276378,1
260000,1,2,3,-1,-1,-1,-2,-2,-2,8339,8333,0,0,0,0,5000,0,0,0,0,0,251661,251667,260000,260000,260000,260000,11672,0
80000,3,2,1,-1,-1,-1,-1,-1,-1,61943,61458,57045,50652,48476,49815,2215,1900,1800,1920,2300,1485,18057,18542,22955,29348,31524,30185,317769,0
20000,1,2,1,1,-2,-2,-2,-2,-2,-348,-738,-738,-1518,-1518,-1518,0,0,0,0,0,0,20348,20738,20738,21518,21518,21518,-6378,1
50000,2,2,4,1,-1,-1,-1,-1,-1,0,3333,0,8796,6346,3600,3333,0,8796,1000,4000,0,50000,46667,50000,41204,43654,46400,4946,0
90000,1,4,1,-1,-1,-1,-1,-1,-1,92464,91709,92412,91297,91790,91377,3600,4331,3218,3613,3300,3519,-2464,-1709,-2412,-1297,-1790,-1377,529468,0
290000,2,1,2,-1,-1,-1,-1,-1,-1,351890,254163,250180,236027,221443,198031,11000,8607,8000,8525,8476,10000,-61890,35837,39820,53973,68557,91969,1457126,0
20000,3,2,2,-2,-2,-2,-2,-2,-1,18920,20030,21408,21974,22391,27189,1700,2000,1200,1000,12000,1000,1080,-30,-1408,-1974,-2391,-7189,113012,0
230000,1,4,2,1,-2,-2,-2,-2,-2,0,0,0,0,0,0,0,0,0,0,0,0,230000,230000,230000,230000,230000,230000,0,0
360000,2,4,2,1,-2,-2,-1,-1,-1,0,1680,0,5950,6352,6563,1680,0,5950,500,317,1150,360000,358320,360000,354050,353648,353437,10948,0
50000,2,2,3,-1,-1,-1,-1,-1,-1,48331,49163,49754,19169,19480,19569,2300,2200,1000,1000,800,700,1669,837,246,30831,30520,30431,197466,1
80000,2,2,2,-2,-2,-2,-2,-2,-2,59223,26241,10387,74864,74305,0,1141,10725,74864,1486,0,0,20777,53759,69613,5136,5695,80000,156804,0
100000,2,4,4,-1,-1,2,-1,-1,-1,97549,102864,98969,70352,68186,68538,9300,0,2500,2700,2700,2600,2451,-2864,1031,29648,31814,31462,486658,1
390000,1,4,1,-1,-1,-1,-1,-1,-1,286888,291645,277888,175268,167781,147878,11000,11000,5600,5700,5600,3400,103112,98355,112112,214732,222219,242122,1305048,0
120000,2,1,4,2,-1,-1,-1,-1,-1,107269,106791,105262,46605,45590,46204,4449,2731,3000,5000,3000,3000,12731,13209,14738,73395,74410,73796,436541,0
20000,2,4,2,1,3,2,-1,-1,-1,20971,20360,19583,19575,16624,0,0,0,392,332,0,0,-971,-360,417,425,3376,20000,96389,0
150000,2,4,1,2,2,2,-1,-1,-1,63486,66741,744,5714,809,2315,4330,3,5762,813,2318,1616,86514,83259,149256,144286,149191,147685,124967,1
20000,2,1,2,-1,-1,2,-1,-1,-2,16828,20192,19414,19606,0,0,20192,0,392,0,0,0,3172,-192,586,394,20000,20000,55456,1
20000,1,1,3,-1,-1,-1,-1,-1,-1,17974,32768,16057,14189,13265,12214,2000,1506,1000,800,1000,1000,2026,-12768,3943,5811,6735,7786,99161,0
250000,1,2,3,-1,-1,-1,-1,-1,-1,98727,102134,106434,107673,109780,113961,5000,6000,4500,4000,6000,4500,151273,147866,143566,142327,140220,136039,608709,0
230000,2,4,1,-1,-1,-1,-1,-1,-1,19225,16375,11864,10004,62349,52791,2000,2000,5000,65349,2000,2000,210775,213625,218136,219996,167651,177209,94259,0
20000,3,1,3,-1,-1,-1,-1,-1,-1,20167,37198,17858,16400,14711,18691,1308,2466,555,583,4275,973,-167,-17198,2142,3600,5289,1309,114865,0
80000,2,2,3,-1,-1,-1,-1,-1,-1,21709,22432,23693,24089,24832,25269,1378,1639,1089,1132,1000,1100,58291,57568,56307,55911,55168,54731,134686,0
310000,2,4,2,-1,-1,-1,-1,-1,-1,51007,50644,50109,49339,49177,48754,2200,2100,1700,2000,1800,2000,258993,259356,259891,260661,260823,261246,287230,0
480000,1,2,3,-1,-1,-1,-1,-1,-1,456668,424843,325772,320760,325841,331602,14706,15377,10481,11003,11303,11329,23332,55157,154228,159240,154159,148398,2111287,0
20000,1,4,1,-1,-1,-1,-1,-2,-2,16199,0,187,-18,-18,-18,0,187,0,0,0,0,3801,20000,19813,20018,20018,20018,16145,0
50000,3,1,1,-1,-1,-1,-1,-1,-1,46450,47599,48456,44546,43256,13342,2200,2016,2009,2092,1020,1018,3550,2401,1544,5454,6744,36658,233294,0
190000,2,1,2,6,5,4,3,2,-1,254951,237094,218603,202639,199480,188113,0,0,0,0,142000,7000,-64951,-47094,-28603,-12639,-9480,1887,1151880,1
50000,2,2,3,-1,-1,-1,-1,-1,-1,45284,43951,47169,19096,19652,18889,1844,4562,667,847,700,655,4716,6049,2831,30904,30348,31111,184766,0
50000,2,4,1,2,2,2,-1,-1,-1,8281,8998,9695,11521,12331,13125,1000,1000,2000,1000,1000,1000,41719,41002,40305,38479,37669,36875,56951,1
50000,2,1,2,-1,-1,-1,-1,-1,-1,22619,19055,20161,20553,18933,18855,2000,2000,1000,1000,1000,2000,27381,30945,29839,29447,31067,31145,111176,0
300000,2,2,3,-1,-1,-1,-1,-1,-1,41051,70951,18911,15982,2665,57096,71277,19003,16050,2659,54394,52000,258949,229049,281089,284018,297335,242904,-8727,0
60000,2,1,2,-1,-1,-1,-1,-1,-1,42246,38923,32532,27780,29280,39976,2008,3004,3003,2000,1064,2000,17754,21077,27468,32220,30720,20024,197658,0
260000,1,2,1,1,-1,-1,-1,-1,-1,-1197,37785,3780,3202,3754,848,40000,3780,3202,4000,848,5795,261197,222215,256220,256798,256246,259152,-9453,0
190000,1,2,1,1,-1,-1,-1,-1,-1,-4370,82387,83701,85035,86482,88164,87998,3017,3029,3127,3433,3356,194370,107613,106299,104965,103518,101836,317439,0
500000,3,3,4,-1,-1,-1,-1,-1,-1,415022,421996,426103,125218,126650,114473,12602,11000,4711,6000,11000,10000,84978,78004,73897,374782,373350,385527,1574149,0
300000,1,4,2,-1,-1,-1,-1,-1,-1,60700,33843,5045,10288,12565,6947,5000,5045,10288,5000,5000,10000,239300,266157,294955,289712,287435,293053,89055,0
50000,2,2,3,-1,-1,-1,-1,-1,-1,50665,50854,47862,20246,20321,20387,1940,1407,704,730,796,520,-665,-854,2138,29754,29679,29613,204238,1
50000,3,2,1,-1,-1,-1,-1,3,2,29321,30048,31396,35045,34203,34743,1503,1851,4500,0,1250,0,20679,19952,18604,14955,15797,15257,185652,1
130000,2,2,3,-1,-1,-1,-1,-1,-1,24565,22446,23245,27410,12085,9535,5000,2000,5000,3000,6000,2280,105435,107554,106755,102590,117915,120465,96006,0
80000,1,1,2,-1,-1,-2,-2,-2,-2,604,0,0,0,0,0,0,0,0,0,0,0,79396,80000,80000,80000,80000,80000,604,0
50000,2,3,2,-1,-1,-1,-1,-1,-1,44828,43746,43122,43803,41425,42536,2005,2056,1737,1501,1797,1680,5172,6254,6878,6197,8575,7464,248684,0
50000,2,4,2,-1,-1,-1,-1,-1,-1,40019,20394,19597,17830,18397,19064,2006,1519,1000,1000,1000,1000,9981,29606,30403,32170,31603,30936,127776,0
120000,1,4,1,-1,-1,-1,-1,-1,-1,70835,59986,60779,62958,57763,53004,3000,2500,3000,2000,2000,2500,49165,60014,59221,57042,62237,66996,350325,0
220000,1,4,2,-1,-1,-1,-1,-1,-1,3217,11428,16838,22237,10684,4262,11435,16876,22237,10684,4262,6500,216783,208572,203162,197763,209316,215738,-3328,0
50000,1,4,2,-1,-1,-1,-1,-1,-1,51505,50581,48280,46978,46657,48233,2500,2200,2000,2000,5000,2000,-1505,-581,1720,3022,3343,1767,276534,0
90000,1,4,1,-1,-1,-1,-1,-1,-1,88254,89080,89613,89532,90362,94337,4200,4000,3307,3453,6730,0,1746,920,387,468,-362,-4337,519488,0
360000,2,4,3,-2,-2,-2,-2,-2,-2,0,0,0,0,0,0,0,0,0,0,0,84216,360000,360000,360000,360000,360000,360000,-84216,0
280000,2,2,3,-1,-1,-2,-1,-1,-1,20650,0,0,4533,5533,65607,0,0,4533,1000,65607,2000,259350,280000,280000,275467,274467,214393,23183,0
270000,1,2,4,-2,-2,-2,-2,-2,-2,13559,736,316,5116,15884,10606,736,316,5116,15884,10606,1420,256441,269264,269684,264884,254116,259394,12139,0
200000,1,1,2,-1,-1,-1,-1,-1,-1,160292,119080,113723,109447,75423,22919,6036,4002,4005,3002,1002,1002,39708,80920,86277,90553,124577,177081,581835,0
80000,3,2,1,-1,-1,-1,-1,-1,-1,80493,78736,71663,57571,58485,59655,3035,3021,2300,2500,2300,2500,-493,1264,8337,22429,21515,20345,390947,0
60000,1,4,2,1,-2,-1,-1,-2,-1,0,0,15798,0,0,11688,0,15798,0,0,11688,0,60000,60000,44202,60000,60000,48312,0,0
60000,2,4,2,-1,-1,-1,-1,-1,-1,58173,59626,55775,28187,28978,27119,3400,2300,1200,1200,1500,1500,1827,374,4225,31813,31022,32881,246758,0
90000,1,4,1,-1,-1,-1,-1,-1,-1,23940,92233,91308,53991,56032,51010,75000,5000,4300,2800,2800,3600,66060,-2233,-1308,36009,33968,38990,275014,0
10000,3,6,3,-1,-1,-1,-1,-1,-1,7065,8148,9199,9558,9136,9392,1200,1200,500,500,500,0,2935,1852,801,442,864,608,48598,0
140000,2,2,2,-1,-1,-1,-1,-1,-1,94586,92692,87696,80284,80086,81759,3519,3027,2905,3000,3000,3100,45414,47308,52304,59716,59914,58241,498552,0
280000,1,1,3,-1,-1,-1,-1,-1,-1,173092,160948,146106,97334,91671,81030,5853,4422,3138,2817,2927,2334,106908,119052,133894,182666,188329,198970,728690,1
140000,2,2,1,-1,-1,-1,-1,2,-1,121241,67929,65536,67645,62839,53457,4000,4000,8000,0,5000,2000,18759,72071,74464,72355,77161,86543,415647,0
110000,3,1,4,-1,-1,-1,-1,-1,-1,13962,15219,15424,15479,15989,16276,1500,1545,600,750,700,2000,96038,94781,94576,94521,94011,93724,85254,0
120000,3,4,1,-1,-1,-2,-1,-1,-1,22492,-2018,-718,1282,81988,83665,1534,1300,2000,81899,3200,4000,97508,122018,120718,118718,38012,36335,92758,0
130000,2,2,2,-1,-1,-1,-1,-1,-1,131657,129859,128714,128962,131873,131482,5000,6208,4700,5000,5000,4800,-1657,141,1286,1038,-1873,-1482,751839,0
290000,2,1,3,-1,-1,-1,-1,-1,-1,224662,216134,163926,97524,35353,24481,10160,7147,5041,1581,3020,10000,65338,73866,126074,192476,254647,265519,725131,0
80000,2,1,2,-1,-1,-1,-1,-1,-1,22064,22338,23352,23301,23900,24965,1700,1700,1000,1500,2000,2000,57936,57662,56648,56699,56100,55035,130020,0
50000,2,4,1,2,2,2,2,2,2,15006,14475,16227,16662,16253,17982,0,2000,1000,0,2000,0,34994,35525,33773,33338,33747,32018,91605,1
450000,2,2,2,-2,-2,-2,-2,-2,-2,318,316,326,4007,0,0,316,326,4007,0,0,0,449682,449684,449674,445993,450000,450000,318,0
50000,3,1,2,3,2,2,-1,-1,-1,30411,31130,30308,28902,29215,28963,1500,0,1016,1046,1129,869,19589,18870,19692,21098,20785,21037,173369,1
170000,1,4,1,-2,-2,-2,-2,-2,-1,154189,149826,113019,60868,19458,90,5926,2672,10,0,90,4563,15811,20174,56981,109132,150542,169910,484189,0
210000,2,2,2,-1,-1,-1,-1,-1,-1,38967,48465,57928,60359,69782,83991,10000,10000,3000,10000,15000,326,171033,161535,152072,149641,140218,126009,311166,0
30000,2,4,1,2,-1,-1,-1,-1,-1,21684,23018,24630,24813,25333,25911,2000,2000,888,920,1000,2000,8316,6982,5370,5187,4667,4089,136581,0
230000,1,2,2,-1,-1,-1,-1,-1,-1,57171,56150,57074,50670,50652,51267,2100,2300,2000,2000,2000,2000,172829,173850,172926,179330,179348,178733,310584,0
170000,2,2,2,-1,-1,-1,-1,-1,-1,2806,326,676,326,326,326,652,676,326,326,326,1722,167194,169674,169324,169674,169674,169674,758,1
20000,2,4,1,-1,-1,-1,-1,-1,-1,17958,18499,19762,19807,19830,20347,1329,1592,637,700,827,357,2042,1501,238,193,170,-347,110761,0
50000,3,1,4,1,2,2,-1,-1,2,49271,24982,25142,15498,16613,16197,1000,1000,1000,1366,0,1552,729,25018,24858,34502,33387,33803,141785,0
100000,2,2,3,-1,-1,-1,-1,-1,-1,65917,67673,66292,67793,67182,66132,4000,3000,2500,3000,2500,2500,34083,32327,33708,32207,32818,33868,383489,0
140000,1,4,1,-1,-1,-2,-2,-2,-2,390,0,0,0,0,0,0,0,0,0,0,2943,139610,140000,140000,140000,140000,140000,-2553,0
100000,1,4,2,-1,-1,-1,-1,-1,-1,90375,81572,71451,68530,66844,65820,3007,3200,3000,3500,2600,2500,9625,18428,28549,31470,33156,34180,426785,0
150000,1,2,2,1,-1,2,2,-2,-1,0,1505,1333,0,0,1930,1505,0,0,0,1930,0,150000,148495,148667,150000,150000,148070,1333,1
60000,3,4,1,1,2,-1,-1,-1,-1,28831,28024,24215,6000,7568,7568,0,1050,0,1568,0,6729,31169,31976,35785,54000,52432,52432,92859,1
200000,3,1,2,-1,-1,-1,-1,-1,-1,199343,200070,200852,197426,196341,197787,10021,10036,7126,6508,6011,5537,657,-70,-852,2574,3659,2213,1146580,1
200000,1,4,1,-1,-1,-1,-1,-1,-1,11912,19196,11938,15972,17952,5925,14443,4938,5972,7952,2925,1718,188088,180804,188062,184028,182048,194075,44947,0
50000,1,4,2,-1,-1,-1,-1,-1,-1,48585,49134,50203,10042,20085,9578,2220,2289,483,350,334,400,1415,866,-203,39958,29915,40422,181551,1
60000,2,2,2,-1,-1,-1,-1,-1,-1,51934,40855,37742,29450,8850,0,2000,2000,1400,200,600,0,8066,19145,22258,30550,51150,60000,162631,0
50000,3,2,2,1,2,2,2,-1,-1,45652,44646,47619,46455,47432,48442,0,4000,0,1432,3100,0,4348,5354,2381,3545,2568,1558,271714,1
140000,2,2,4,-1,-1,-1,-1,-1,2,22662,23306,21048,22332,30228,316,2500,2500,2000,12988,2168,932,117338,116694,118952,117668,109772,139684,96804,0
640000,1,4,3,-1,-1,-1,-1,-1,-1,55645,56656,60185,59218,58963,58992,3000,5000,2300,2128,2125,2222,584355,583344,579815,580782,581037,581008,332884,0
210000,2,1,3,2,2,2,2,2,2,87705,90376,90687,91888,93852,95734,4800,2500,3900,3400,3400,3400,122295,119624,119313,118112,116148,114266,528842,1
60000,2,2,1,-1,-1,-1,-1,-1,-1,43757,29772,30710,28914,29823,28916,2000,2000,1500,1500,1500,1100,16243,30228,29290,31086,30177,31084,182292,0
80000,2,2,2,3,2,2,2,-1,-1,72385,72643,73462,71681,73375,74794,2000,2600,0,2850,2800,3000,7615,7357,6538,8319,6625,5206,425090,1
290000,1,2,2,-1,-1,-1,-1,-1,-1,3486,550,1922,550,550,3810,550,1922,550,550,3810,2927,286514,289450,288078,289450,289450,286190,559,1
150000,1,4,1,1,-2,-2,-2,-2,-2,0,0,0,0,0,0,0,0,0,0,0,0,150000,150000,150000,150000,150000,150000,0,0
200000,2,4,3,-1,-1,-1,-1,-1,-1,99729,139201,155871,193666,216666,18871,59201,35000,54461,46666,18871,0,100271,60799,44129,6334,-16666,181129,609805,0
130000,2,4,1,2,2,2,2,2,2,2880,4446,4833,4236,5178,4182,2000,1000,0,1000,0,1500,127120,125554,125167,125764,124822,125818,20255,1
490000,2,2,2,-2,-2,-1,-1,-1,-1,0,0,244033,224216,212123,214715,0,244033,15011,9003,9019,8000,490000,490000,245967,265784,277877,275285,610021,0
200000,2,1,3,-1,-1,-2,-2,-2,-1,9759,-241,-241,-241,-241,7817,0,0,0,0,8058,0,190241,200241,200241,200241,200241,192183,8554,1
210000,1,2,4,-1,-1,-1,-1,-1,-1,7771,7078,838,20372,36489,90261,7078,1295,20000,16489,60000,5000,202229,202922,209162,189628,173511,119739,52947,0
260000,1,4,1,-1,-1,-1,-1,-1,-1,3735,-8,4865,507,3787,1443,0,4873,507,3787,1443,0,256265,260008,255135,259493,256213,258557,3719,1
80000,2,1,3,-1,-1,-1,-1,-1,-1,48237,48594,49432,49043,47805,45626,2200,2005,2000,2000,2000,2000,31763,31406,30568,30957,32195,34374,276532,0
50000,3,1,4,-1,-1,-1,-1,-1,-1,41674,40012,31089,14638,13577,16333,1660,1612,652,1300,3000,2500,8326,9988,18911,35362,36423,33667,146599,0
210000,2,4,2,-1,-1,-1,-1,2,-1,77637,80205,82549,89170,56683,10496,4400,4600,9086,0,1000,99100,132363,129795,127451,120830,153317,199504,278554,0
210000,2,6,4,-1,-1,-1,-1,-1,-1,815,815,815,910,58095,37684,815,815,910,58000,1500,2000,209185,209185,209185,209090,151905,172316,35094,0
40000,3,2,3,1,2,2,2,2,-1,20057,20931,21780,23114,22606,22903,1500,1500,2000,0,822,1000,19943,19069,18220,16886,17394,17097,124569,0
110000,2,2,2,-1,-1,-1,-1,-1,2,184406,169795,154733,138071,126242,123449,7400,6700,4700,7800,0,117880,-74406,-59795,-44733,-28071,-16242,-13449,752216,0
50000,1,2,3,-1,-1,-1,-1,-1,-1,25277,27209,23740,19448,19594,19762,3000,3014,684,1000,713,677,24723,22791,26260,30552,30406,30238,125942,0
80000,1,4,1,-1,-1,-1,-1,-1,-1,3199,1205,917,917,702,3099,1325,917,0,702,3099,0,76801,78795,79083,79083,79298,76901,3996,0
80000,1,4,2,-1,-1,-1,-1,-1,-1,6734,1990,4500,4640,3966,3410,1990,4500,4640,3966,3410,879,73266,78010,75500,75360,76034,76590,5855,1
250000,1,4,3,-1,-1,-1,-1,-1,-1,93163,96024,90901,69927,71403,69948,4409,3023,2600,2700,2801,2500,156837,153976,159099,180073,178597,180052,473333,0
100000,1,4,1,-1,-1,-1,-1,-1,-1,75296,76672,78343,79111,79993,81279,3000,3400,3000,3000,3000,3000,24704,23328,21657,20889,20007,18721,452294,0
50000,2,2,1,2,2,2,2,2,2,43205,46516,45468,48703,50774,49514,4000,0,4000,3000,0,3000,6795,3484,4532,1297,-774,486,270180,1
150000,1,4,2,2,2,2,-1,-1,2,120800,123379,122881,123954,131543,134319,6000,3000,4600,9800,5100,5000,29200,26621,27119,26046,18457,15681,723376,1
70000,2,2,2,-1,-1,2,2,2,2,17526,20235,19612,22170,22612,22101,3000,0,2900,942,0,1000,52474,49765,50388,47830,47388,47899,116414,1
150000,1,2,1,-1,-1,-2,-1,-1,-1,249,0,0,12877,1558,225,0,0,12877,1558,225,0,149751,150000,150000,137123,148442,149775,249,0
360000,1,4,2,-1,-1,-1,-1,-2,-2,1483,9386,2635,-227,-1763,-4303,9386,2643,227,1536,12975,19818,358517,350614,357365,360227,361763,364303,-39374,0
90000,2,2,1,-1,-1,-1,-1,-1,-1,51864,53135,53759,56397,87349,55700,2098,1680,20000,5000,4833,2000,38136,36865,36241,33603,2651,34300,322593,0
160000,2,2,1,-1,-1,-1,-1,-1,-1,6031,7057,7912,8080,8250,8565,1280,1132,300,300,452,312,153969,152943,152088,151920,151750,151435,42119,0
70000,2,4,2,-1,-1,-1,-1,-1,-1,67864,59165,29314,28844,29443,30101,2044,1773,1181,1215,1297,1008,2136,10835,40686,41156,40557,39899,236213,0
360000,2,2,2,-1,-1,-1,-1,-1,-1,325839,300726,252603,253759,255424,253826,11083,8948,8727,9118,9026,8997,34161,59274,107397,106241,104576,106174,1586278,0
420000,1,4,2,-1,-1,-2,-2,-1,-1,25718,0,0,0,1643,6800,0,0,0,1643,3400,403500,394282,420000,420000,420000,418357,413200,-374382,0
50000,2,2,3,-1,-1,-1,-1,-1,-1,48888,47988,9757,8941,9893,6181,1900,1139,2000,1000,300,500,1112,2012,40243,41059,40107,43819,124809,0
160000,2,4,1,3,2,2,2,2,2,110819,107629,113902,115543,118353,116298,0,9600,5000,4800,0,3900,49181,52371,46098,44457,41647,43702,659244,1
100000,2,2,2,1,-1,-1,-2,-2,-1,0,199,0,0,0,150,199,0,0,0,150,550,100000,99801,100000,100000,100000,99850,-550,0
240000,3,2,3,-1,-1,-1,-1,-1,-1,3973,3724,7448,3724,5814,10942,3724,7448,0,5814,8852,0,236027,236276,232552,236276,234186,229058,9787,0
390000,1,4,3,-1,-1,-1,-1,-1,2,98262,94122,89672,83663,84449,75445,5003,5000,3200,9000,0,5000,291738,295878,300328,306337,305551,314555,498410,0
80000,2,2,2,-1,-1,-1,-1,-1,-1,57830,55107,51616,47843,48427,49101,2103,2023,1850,1800,1806,1516,22170,24893,28384,32157,31573,30899,298826,0
360000,1,4,1,-1,-1,-1,-1,-1,-1,25633,26897,26439,25932,28396,28611,2000,1289,1000,4000,2000,1000,334367,333103,333561,334068,331604,331389,150619,1
210000,2,2,2,-1,-1,-1,-1,-1,-1,3402,4774,375,3498,3517,4567,4774,375,3498,3517,4567,2488,206598,205226,209625,206502,206483,205433,914,0
320000,1,4,1,1,-2,-1,-1,-1,-1,0,0,1200,0,600,5937,0,1200,0,600,5937,470,320000,320000,318800,320000,319400,314063,-470,1
20000,3,2,4,-1,-1,2,-1,-1,-1,8612,8862,8992,9452,10520,11320,2202,500,1000,2000,800,0,11388,11138,11008,10548,9480,8680,51256,0
180000,2,2,1,2,2,-1,-1,-1,-1,186895,167768,125879,119283,117515,109499,0,6000,3663,3700,3400,2771,-6895,12232,54121,60717,62485,70501,807305,1
490000,2,1,4,-1,-1,-1,-1,-1,-1,205873,210880,215628,217883,223541,224889,10000,10000,10000,10000,8000,10000,284127,279120,274372,272117,266459,265111,1240694,0
30000,2,4,1,-1,-1,-1,-1,2,-1,25536,26635,27383,29061,28492,29850,1800,1500,2100,0,1800,1000,4464,3365,2617,939,1508,150,158757,0
290000,1,2,2,-1,-1,-1,-1,-1,-2,111,0,904,904,0,0,0,904,0,0,0,6397,289889,290000,289096,289096,290000,290000,-5382,0
340000,2,2,3,-2,-2,-2,-2,-2,-2,0,0,0,0,0,0,0,0,0,0,0,0,340000,340000,340000,340000,340000,340000,0,0
40000,2,2,3,-1,-1,-1,-1,-1,-1,220,960,960,960,1383,960,960,960,960,1383,960,960,39780,39040,39040,39040,38617,39040,-740,0
50000,2,2,1,-2,-2,-2,-2,-2,-2,-29,9881,10188,2277,18488,10263,9910,10294,2284,18546,11294,7752,50029,40119,39812,47723,31512,39737,-9012,0
30000,2,2,2,2,-1,-1,-1,2,2,21326,20425,20135,19529,17428,25227,1400,1700,1679,0,10000,0,8674,9575,9865,10471,12572,4773,109291,1
60000,1,4,2,2,-1,-1,-1,-1,-1,493,240,823,683,240,998,240,823,0,240,998,223,59507,59760,59177,59317,59760,59002,953,0
180000,4,2,1,1,-2,-2,-2,-2,-1,92245,64364,5527,1600,2600,390,11400,1000,340,1000,390,390,87755,115636,174473,178400,177400,179610,152206,0
160000,3,1,4,-1,-1,-1,-1,-1,-1,390,390,390,390,390,390,390,390,390,390,390,390,159610,159610,159610,159610,159610,159610,0,0
170000,1,1,2,1,2,-1,-1,-1,-1,9020,326,7788,104556,141077,138790,0,7788,100000,41077,5200,5600,160980,169674,162212,65444,28923,31210,241892,0
50000,2,1,3,2,-1,-1,-1,-1,-1,12664,42985,15085,17245,17316,17297,2000,2000,17000,1000,1000,2955,37336,7015,34915,32755,32684,32703,96637,0
50000,2,1,3,-1,-1,-1,-1,2,-1,8558,9886,10593,11358,11033,11402,1471,1178,943,0,553,600,41442,40114,39407,38642,38967,38598,58085,0
360000,1,2,2,-2,-2,-2,-2,-2,-2,0,0,0,0,0,0,0,0,0,0,0,0,360000,360000,360000,360000,360000,360000,0,0
160000,2,2,2,2,2,2,2,2,2,131104,133828,135146,136520,139432,141971,6300,5000,5100,5252,5000,6000,28896,26172,24854,23480,20568,18029,785349,1
260000,1,4,2,-1,-1,-1,-1,-1,-1,107801,122955,117089,95975,62817,61221,30054,20057,5113,3040,20000,30007,152199,137045,142911,164025,197183,198779,459587,0
350000,1,4,2,2,-1,-1,-1,-1,2,20042,108444,280478,143142,160442,98479,100000,200000,0,135000,0,100000,329958,241556,69522,206858,189558,251521,276027,0
30000,2,4,1,-1,-1,-1,2,-1,-1,27376,27639,27788,25484,25707,25797,1500,3608,0,1000,1100,2200,2624,2361,2212,4516,4293,4203,150383,0
180000,2,4,1,1,2,-1,-1,-1,2,17207,16647,17657,17705,19043,18589,0,1590,638,1628,0,834,162793,163353,162343,162295,160957,161411,102158,0
230000,1,4,2,-1,-1,-1,-1,-1,-1,1219,283,1906,501,283,423,283,1906,501,283,423,283,228781,229717,228094,229499,229717,229577,936,0
50000,1,4,1,1,-2,-2,-2,-2,-2,0,0,0,0,0,0,0,0,0,0,0,0,50000,50000,50000,50000,50000,50000,0,0
370000,2,1,2,2,-1,-1,-1,-1,-1,376014,377594,355120,315740,322540,319195,16000,13217,12000,12000,12000,15000,-6014,-7594,14880,54260,47460,50805,1985986,1
30000,2,1,3,-1,-1,-1,2,-1,-1,24317,28401,30910,30155,30389,30418,4491,3000,0,1068,2257,0,5683,1599,-910,-155,-389,-418,163774,0
280000,1,2,2,1,-1,2,2,-1,-1,0,3405,2973,0,962,3481,3405,0,0,962,3481,9,280000,276595,277027,280000,279038,276519,2964,0
210000,2,4,4,-1,-1,-1,-1,-1,-1,390,390,390,390,390,390,390,390,390,390,390,390,209610,209610,209610,209610,209610,209610,0,1
150000,1,2,3,-1,-1,2,2,-1,2,416,797,381,-35,1015,33,797,0,0,1050,0,2575,149584,149203,149619,150035,148985,149967,-1815,0
170000,1,4,2,-1,-1,-1,-1,-1,-1,8404,16835,2200,7510,12510,19720,16835,2200,5510,5000,8100,0,161596,153165,167800,162490,157490,150280,29534,0
80000,2,2,1,-1,-1,-1,-1,-1,-1,73233,74853,76408,77435,79187,79696,3400,3400,2900,3045,6000,0,6767,5147,3592,2565,813,304,442067,0
30000,2,2,1,1,2,2,2,2,2,16609,16057,18089,17504,18727,18279,0,2300,0,1500,0,1500,13391,13943,11911,12496,11273,11721,99965,1
50000,2,2,2,-1,-1,-1,-1,-1,-1,51047,49761,50712,50441,50919,50604,1849,1800,1788,1993,2069,2500,-1047,239,-712,-441,-919,-604,291485,0
140000,2,4,1,-1,-1,-1,-1,-1,-1,38483,43627,35893,40883,16256,14354,10169,20000,15000,628,1392,1200,101517,96373,104107,99117,123744,125646,141107,0
30000,1,2,1,2,2,-1,-1,-1,-1,26505,25799,26762,24956,25654,26177,0,1710,1000,1100,1100,1000,3495,4201,3238,5044,4346,3823,149943,0
50000,2,1,3,-1,-1,-1,-1,-1,-1,42614,38426,38318,17331,14916,18459,10016,20070,3006,6002,5000,2500,7386,11574,11682,32669,35084,31541,123470,0
20000,1,2,1,-1,-1,-1,-1,-1,-2,390,390,390,780,0,0,390,390,780,0,0,0,19610,19610,19610,19220,20000,20000,390,0
180000,1,1,2,-1,-1,-1,-1,-1,-2,15288,16534,18100,19900,-100,-100,1500,2000,2000,0,0,0,164712,163466,161900,160100,180100,180100,64122,0
30000,2,2,3,-1,-1,-1,-1,-1,-2,24794,25017,24117,23917,0,0,2000,1500,0,0,0,0,5206,4983,5883,6083,30000,30000,94345,0
210000,2,2,1,-1,-1,-1,-1,-1,-1,92083,88001,90533,93027,96524,100765,4000,4000,4000,5000,6000,23500,117917,121999,119467,116973,113476,109235,514433,0
30000,2,2,2,-1,-1,-1,-1,-1,-1,20180,21827,20723,19523,4294,3974,2000,2032,0,1000,3000,1000,9820,8173,9277,10477,25706,26026,81489,0
50000,2,4,2,-1,-1,-1,-1,-1,-1,20451,20426,19894,20294,20145,20175,1600,1600,1000,900,1000,1000,29549,29574,30106,29706,29855,29825,114285,0
270000,1,4,2,-2,-2,-2,-2,-2,-2,973,417,1593,913,1471,1302,592,1593,913,1471,1302,7107,269027,269583,268407,269087,268529,268698,-6309,0
70000,2,4,1,-1,-1,-1,-1,-1,-1,22935,23963,24979,25665,26357,26768,1398,1414,1100,1104,1000,1155,47065,46037,45021,44335,43643,43232,143496,0
110000,2,2,2,-1,-1,-1,-1,-1,-1,2308,101780,50815,46147,39769,9353,101780,1501,1100,1000,2000,41644,107692,8220,59185,63853,70231,100647,101147,0
20000,1,4,1,-1,-1,-1,-1,-1,-1,3305,2296,14059,9140,1073,500,2296,14777,9140,1073,500,0,16695,17704,5941,10860,18927,19500,2587,1
150000,2,1,2,-1,-1,-1,-1,-1,-1,147891,149402,148152,150781,146446,149658,5004,4957,4208,4201,4837,3500,2109,598,1848,-781,3554,342,865623,1
420000,1,1,4,-1,-1,-1,-1,-1,-1,175795,160687,139704,100178,62967,49259,5300,4976,4899,3074,2023,3000,244205,259313,280296,319822,357033,370741,665318,0
20000,1,2,1,-2,-2,-2,-2,-2,-2,299,-1,-1,494,2284,490,0,0,495,2290,491,1695,19701,20001,20001,19506,17716,19510,-1406,0
50000,2,2,4,-1,-1,-1,-1,-1,-1,50383,49073,31036,20061,19710,19687,2304,2224,19691,1000,725,1000,-383,927,18964,29939,30290,30313,163006,0
170000,1,2,4,-1,-1,-1,-1,-1,-1,195038,189067,180389,137030,129222,122229,7509,5573,4309,4239,5142,2856,-25038,-19067,-10389,32970,40778,47771,923347,0
20000,3,1,2,1,2,-1,-1,-1,-1,24122,23089,22422,20794,19914,7476,1300,1481,503,2019,233,100,-4122,-3089,-2422,-794,86,12524,112181,0
360000,3,4,2,-1,-1,-2,-2,-2,-2,2473,-27,-27,-27,-27,-27,0,0,0,0,0,0,357527,360027,360027,360027,360027,360027,2338,1
280000,1,4,2,-1,2,2,-2,-1,-1,8719,844,0,0,1000,0,0,0,0,1000,0,0,271281,279156,280000,280000,279000,280000,9563,0
340000,1,2,2,-1,-1,-1,-1,-1,-1,842,2865,-22,7569,797,1211,2873,0,7591,799,1214,18309,339158,337135,340022,332431,339203,338789,-17524,0
180000,1,1,3,-1,-1,-1,-1,-2,-2,160580,171644,184650,0,0,0,13714,16500,0,0,0,0,19420,8356,-4650,180000,180000,180000,486660,1
280000,1,2,2,-1,-1,-1,-1,-1,-1,8814,151643,153190,147589,149291,151357,151650,5546,6007,5507,6007,4184,271186,128357,126810,132411,130709,128643,582983,1
60000,1,2,1,-1,-1,-1,-1,2,-1,14853,19589,27176,29712,29099,31601,5000,8000,3000,0,3000,3000,45147,40411,32824,30288,30901,28399,130030,1
150000,1,1,4,2,-1,-1,-1,-1,-1,116928,87215,43045,40813,42164,43465,5006,3000,1452,5000,5000,2000,33072,62785,106955,109187,107836,106535,352172,1
300000,1,4,1,-1,-1,-1,-1,-1,-1,35040,35167,31333,35906,38963,40283,1518,1507,5406,3963,2283,900,264960,264833,268667,264094,261037,259717,201115,0
210000,1,2,2,-1,-1,-1,-1,-1,-1,200239,195025,165356,116351,95854,91173,9510,7000,10079,4500,3532,3500,9761,14975,44644,93649,114146,118827,825877,0
50000,1,2,1,-1,-1,-1,-1,-1,-1,27878,28908,29922,30517,31164,32677,1484,1498,1093,1139,2039,1800,22122,21092,20078,19483,18836,17323,172013,0
140000,1,4,2,-1,-1,-1,-1,-1,-1,282,282,282,282,454,610,282,282,282,454,610,454,139718,139718,139718,139718,139546,139390,-172,0
180000,1,4,3,-1,-1,-1,-1,-1,-1,4314,5495,54903,56458,58616,55032,2500,50000,3000,3000,2000,2500,175686,174505,125097,123542,121384,124968,171818,0
380000,3,1,3,-1,-1,-1,-1,-1,-1,40352,41385,42397,43243,45716,46629,1523,1535,1381,3000,1494,2000,339648,338615,337603,336757,334284,333371,248789,0
10000,2,4,1,-1,-1,-1,-1,-1,-2,7418,8080,780,780,0,0,1000,780,0,600,0,0,2582,1920,9220,9220,10000,10000,14678,0
50000,3,1,3,-1,-1,-1,-1,-1,-1,45982,41372,18059,18020,18028,17744,1421,1500,629,672,626,2000,4018,8628,31941,31980,31972,32256,152357,0
50000,2,4,1,-1,-1,-1,-1,-1,-1,50186,49061,43528,29606,30305,28895,1994,1500,1009,1124,1100,2000,-186,939,6472,20394,19695,21105,222854,1
50000,1,4,1,-1,-1,-1,-1,-1,-1,8540,9875,11396,13190,14967,16551,1479,2000,2000,2000,2000,4060,41460,40125,38604,36810,35033,33449,60980,0
140000,2,2,2,-1,-1,-1,-1,-1,-1,10025,9787,8127,8850,9262,5789,2000,1000,2000,2000,1000,2000,129975,130213,131873,131150,130738,134211,41840,0
110000,2,2,2,-1,-1,-1,-1,-1,-1,109345,111980,111563,106625,48631,49724,4400,4200,4406,1800,1900,1900,655,-1980,-1563,3375,61369,60276,519262,0
260000,2,1,5,-1,-1,-1,-1,-1,-1,3382,2403,1161,772,383,1661,2519,1201,1,1,1668,2507,256618,257597,258839,259228,259617,258339,1865,0
50000,2,4,1,-1,-1,-1,-1,-1,-1,49722,49052,49243,8760,8796,9176,2200,1325,490,300,500,500,278,948,757,41240,41204,40824,169434,0
180000,1,4,2,3,2,-1,-1,-1,-1,1782,192,1291,1891,3914,26414,0,1291,600,2023,22500,32800,178218,179808,178709,178109,176086,153586,-23730,0
150000,2,4,1,2,-1,-1,-1,-1,-1,56956,58756,59945,60751,62120,63315,2716,2761,2400,2500,2400,1860,93044,91244,90055,89249,87880,86685,347206,0
80000,1,2,2,-1,-1,-1,-1,-1,-1,36444,33840,31768,28223,25557,18220,3015,4012,1013,2010,655,1007,43556,46160,48232,51777,54443,61780,162340,0
210000,1,4,2,-2,-2,-2,-2,-2,-2,0,0,0,0,0,0,0,0,0,0,0,0,210000,210000,210000,210000,210000,210000,0,0
320000,1,1,3,-1,-1,-1,-1,-1,-1,7500,8500,7500,7500,7500,7500,8500,7500,7500,7500,7500,7500,312500,311500,312500,312500,312500,312500,0,0
100000,2,2,2,-1,-1,-1,-1,-1,-1,92688,94925,96865,99196,101000,0,3000,2746,3156,3000,0,0,7312,5075,3135,804,-1000,100000,472772,0
100000,1,2,2,-1,-1,-1,-1,-1,-1,52708,15075,20035,4116,-110,3512,9967,20195,4228,0,3622,0,47292,84925,79965,95884,100110,96488,57324,0
50000,1,2,1,-1,-1,-1,-1,-1,-1,16277,14875,19195,13134,13398,13549,4006,6200,3000,2000,2000,2500,33723,35125,30805,36866,36602,36451,70722,0
240000,3,1,3,-1,-1,2,2,2,2,2690,2500,2500,2500,2500,0,2500,0,0,0,0,0,237310,237500,237500,237500,237500,240000,10190,1
300000,1,4,2,1,-2,-1,-1,-1,-1,0,0,12351,6417,5245,12082,0,12351,0,5245,7000,0,300000,300000,287649,293583,294755,287918,11499,0
200000,1,4,2,-1,-1,-1,-1,-2,-2,199229,132458,59153,0,0,0,6101,3500,0,0,0,0,771,67542,140847,200000,200000,200000,381239,1
270000,1,2,2,-1,-1,-1,-1,-1,-1,86716,88329,91247,91823,93164,95211,6000,6005,4000,4000,4000,5000,183284,181671,178753,178177,176836,174789,517485,0
150000,1,4,1,2,2,2,2,2,2,75373,76865,78214,76363,79893,48052,3300,3200,0,5137,0,2200,74627,73135,71786,73637,70107,101948,420923,1
260000,2,4,1,-2,-2,-1,-1,-1,-1,-5,-5,9571,7235,0,197,0,9576,29,0,197,568,260005,260005,250429,252765,260000,259803,6623,0
50000,2,4,1,-1,-1,-1,-1,-1,-1,26239,17824,17615,17956,18091,18259,1300,5869,1000,795,1000,1000,23761,32176,32385,32044,31909,31741,105020,0
130000,2,2,2,1,2,-1,-1,-1,2,51559,50465,51531,52076,55432,56571,0,2500,2000,4200,2200,0,78441,79535,78469,77924,74568,73429,306734,1
80000,1,4,1,-1,-1,-1,-1,-1,2,57776,7561,7793,7433,5962,4960,1200,1306,512,1000,0,110,22224,72439,72207,72567,74038,75040,87357,0
20000,1,2,2,-1,-1,-1,3,2,-1,11777,14851,17575,17063,15711,28600,3276,3000,3,7,2058,669,8223,5149,2425,2937,4289,-8600,96564,0
410000,2,2,4,-1,-1,-1,-1,-1,-1,246659,248934,246011,240845,213767,214410,11000,10000,7500,8000,8000,7000,163341,161066,163989,169155,196233,195590,1359126,0
80000,2,1,2,2,2,2,2,2,2,77054,81697,79347,81325,76550,78715,6900,0,5800,0,4000,2000,2946,-1697,653,-1325,3450,1285,455988,1
160000,3,2,4,-1,-1,-1,-1,-1,-1,2034,68942,40194,942,942,942,68942,40194,942,942,942,942,157966,91058,119806,159058,159058,159058,1092,0
500000,1,4,3,-2,-2,-2,-2,-2,-2,15929,18155,-131,10527,61751,2926,18222,0,10658,61751,2926,13609,484071,481845,500131,489473,438249,497074,1991,0
20000,2,2,2,-1,-1,-1,-1,-1,-1,16320,18044,19003,19224,19050,19353,2000,1283,1003,1000,1002,1005,3680,1956,997,776,950,647,103701,0
180000,4,2,2,-1,-1,-1,-1,-1,-1,6892,6892,6892,6282,8282,0,6892,6892,6282,2000,0,0,173108,173108,173108,173718,171718,180000,13174,0
200000,2,2,3,-1,-1,-1,-1,-1,-1,193641,121830,122181,121888,66771,65495,4543,5000,4500,3100,3000,1300,6359,78170,77819,78112,133229,134505,670363,1
310000,3,1,3,-1,-1,-1,-1,-1,-1,238739,244629,250277,265764,271231,277427,10000,10000,20000,10000,11000,11000,71261,65371,59723,44236,38769,32573,1476067,0
160000,1,2,3,-1,-1,-1,-1,-1,-1,1430,0,715,715,715,865,0,715,715,715,865,715,158570,160000,159285,159285,159285,159135,715,0
170000,3,2,5,1,-2,-2,-2,-1,-1,0,0,0,0,200,0,0,0,0,200,0,0,170000,170000,170000,170000,169800,170000,0,0
500000,1,1,3,-1,-1,-1,-1,-1,-1,5307,6583,5650,4472,67798,65653,6616,5678,4495,67969,65814,38464,494693,493417,494350,495528,432202,434347,-33573,1
140000,1,4,1,1,-1,-1,-1,-1,-2,0,330,330,69,-261,-591,330,330,69,0,0,29953,140000,139670,139670,139931,140261,140591,-30805,0
80000,3,2,3,-1,-1,-1,-1,-1,-1,44508,43709,52660,48532,44469,45068,1785,10000,1541,1610,1604,1485,35492,36291,27340,31468,35531,34932,260921,0
420000,2,4,1,-1,-1,-1,-1,-1,-1,27186,27759,21103,22217,23440,61084,5009,5006,5000,5000,61084,3000,392814,392241,398897,397783,396560,358916,98690,0
90000,3,6,1,-2,-2,-2,-1,-1,-1,3700,20833,23968,13574,6800,1830,20108,4000,13574,14,5,13162,86300,69167,66032,76426,83200,88170,19842,0
280000,1,4,2,-2,-2,-2,-2,-2,-2,326,326,0,326,652,0,326,0,326,652,0,652,279674,279674,280000,279674,279348,280000,-326,0
20000,3,1,3,-1,-1,2,3,2,2,11007,15010,15767,15223,14837,16083,4525,1300,0,0,1495,3198,8993,4990,4233,4777,5163,3917,77409,0
170000,2,2,2,-1,-1,-1,-1,-2,-1,63948,62090,63000,0,0,3300,5000,4000,0,0,3300,0,106052,107910,107000,170000,170000,166700,180038,0
30000,2,4,1,-1,-1,-1,-1,-1,-1,12479,10100,10923,10549,4747,4864,1233,1056,500,500,1000,2000,17521,19900,19077,19451,25253,25136,47373,0
20000,3,2,1,-1,-1,-2,-2,-2,-2,16320,0,0,0,0,0,0,0,0,0,0,0,3680,20000,20000,20000,20000,20000,16320,0
280000,1,2,3,-2,-2,-2,-2,-2,-1,4378,-324,-324,-324,-324,88036,2,322,0,0,88360,10045,275622,280324,280324,280324,280324,191964,-7611,1
30000,3,4,3,1,2,2,2,2,2,53720,52268,49338,44430,40875,40272,0,3000,1000,2000,5000,0,-23720,-22268,-19338,-14430,-10875,-10272,269903,0
170000,1,2,2,-1,-1,-2,-2,-2,-2,5556,0,0,0,0,0,0,0,0,0,0,0,164444,170000,170000,170000,170000,170000,5556,0
290000,1,2,2,1,-1,-1,-1,-1,-1,0,7023,9680,7860,7860,8142,7023,5000,3000,0,8142,0,290000,282977,280320,282140,282140,281858,17400,0
290000,1,4,1,1,-2,-2,-1,-1,-1,0,0,0,2700,1350,1350,0,0,2700,0,1350,8334,290000,290000,290000,287300,288650,288650,-6984,0
360000,2,4,2,-1,-1,-1,-1,-1,-1,5344,9852,5137,4912,1150,0,9860,8537,4912,0,0,9294,354656,350148,354863,355088,358850,360000,-6208,0
190000,2,2,2,-1,-1,2,2,2,-1,86730,93705,91317,96079,94428,100618,9310,0,7200,0,8000,4000,103270,96295,98683,93921,95572,89382,534367,0
90000,2,2,1,-1,-1,-2,-2,-2,-2,70182,-18,-18,-18,-18,-18,0,0,0,0,0,0,19818,90018,90018,90018,90018,90018,70092,0
20000,3,2,3,1,2,2,-1,-1,-1,16434,17452,16879,17059,17263,17675,1577,0,757,628,700,2488,3566,2548,3121,2941,2737,2325,96612,0
290000,2,2,3,-1,-1,-1,-1,-1,-1,154753,122241,113434,115273,97040,89942,7000,6000,5000,5000,4000,3000,135247,167759,176566,174727,192960,200058,662683,0
460000,1,4,2,-1,-1,-1,-1,-1,-1,296815,283744,273414,250033,238734,226905,10279,10084,9025,9036,8526,7272,163185,176256,186586,209967,221266,233095,1515423,0
230000,1,4,1,-2,-1,2,-1,-1,-1,-10,1732,476,3157,340,769,2122,0,3157,0,769,1265,230010,228268,229524,226843,229660,229231,-849,0
170000,2,1,2,-2,-2,-2,-2,-2,-2,326,326,326,326,326,324,326,326,326,326,324,2,169674,169674,169674,169674,169674,169676,324,0
180000,1,2,3,-1,-1,-1,-1,-1,-1,4236,6614,6216,3622,4095,6596,3016,3000,1622,4095,3000,2827,175764,173386,173784,176378,175905,173404,13819,0
20000,2,2,1,-1,-1,-1,-1,-1,-1,19331,18225,18418,19297,19000,19683,1209,19330,2303,1000,1000,1000,669,1775,1582,703,1000,317,88112,0
50000,2,1,1,-1,-1,-1,-1,-1,-1,48213,47750,46153,45572,45412,44985,1800,1700,1585,2000,2000,1600,1787,2250,3847,4428,4588,5015,267400,0
200000,1,2,2,-2,-2,-2,-2,-2,-2,0,0,0,0,0,0,0,0,0,0,0,20271,200000,200000,200000,200000,200000,200000,-20271,0
80000,3,2,4,-2,-2,-2,-2,-2,-2,0,0,0,0,0,0,0,0,0,0,0,0,80000,80000,80000,80000,80000,80000,0,0
380000,1,1,4,-1,-1,-1,-1,-1,-1,4901,22010,2302,20798,16394,26002,22000,2300,9947,16400,18000,7400,375099,357990,377698,359202,363606,353998,16360,0
500000,1,1,3,-1,-1,-1,-1,-1,-1,11640,12831,11520,12486,11609,12660,12836,11525,12489,11614,12665,543,488360,487169,488480,487514,488391,487340,11074,1
170000,2,1,3,2,2,2,2,2,2,26991,30090,18104,19050,18783,8042,4019,0,1060,0,807,0,143009,139910,151896,150950,151217,161958,115174,1
20000,1,4,1,-1,-1,-1,-1,-1,-1,14605,14532,15700,16346,16837,18298,2000,2000,1000,1000,2000,2000,5395,5468,4300,3654,3163,1702,86318,0
320000,2,2,2,-1,-1,-1,-1,-1,-1,160832,164750,168370,169371,172868,150827,8000,8000,5500,6100,6000,5000,159168,155250,151630,150629,147132,169173,948418,0
50000,1,4,1,-1,-1,-1,-1,-1,-1,48064,49362,48038,8760,9646,7747,2091,1310,1000,1000,277,296,1936,638,1962,41240,40354,42253,165643,1
400000,2,1,3,-1,-1,2,-1,-1,2,337135,373869,366338,374255,409777,527566,44000,0,14000,42000,126000,18000,62865,26131,33662,25745,-9777,-127566,2144940,0
320000,1,4,2,-1,-1,2,-1,-1,-1,368,10038,8434,7061,1289,365,10550,0,0,0,365,12110,319632,309962,311566,312939,318711,319635,4530,0
200000,1,2,1,-1,-1,-1,-1,-1,-1,220343,214375,201917,161221,162438,157415,7000,8016,5000,12000,6000,7000,-20343,-14375,-1917,38779,37562,42585,1072693,0
20000,1,2,1,-1,-1,-1,-1,-1,-1,7381,2769,3503,4809,5732,8632,3000,3010,6000,1000,3000,0,12619,17231,16497,15191,14268,11368,16816,1
230000,3,4,3,1,-2,-1,-1,-1,-1,0,0,324,0,2600,3007,0,324,0,2600,3407,200,230000,230000,229676,230000,227400,226993,-600,1
130000,1,4,1,-1,-1,-1,-1,-1,-1,280,1954,304,978,652,326,2038,311,1000,0,0,326,129720,128046,129696,129022,129348,129674,819,1
310000,1,2,1,-1,-1,-1,-1,-1,-1,272588,169978,156699,131276,118837,119402,9978,6699,11276,9695,19402,6270,37412,140022,153301,178724,191163,190598,905460,1
50000,3,4,4,-1,-1,-1,-1,-1,-1,24885,26250,26955,27647,28149,28940,1772,1447,1139,1100,1262,1009,25115,23750,23045,22353,21851,21060,155097,0
90000,3,2,3,-1,-1,-1,-1,-1,-1,86519,88925,56116,48430,49585,50443,4100,2500,52285,2000,2100,5000,3481,1075,33884,41570,40415,39557,312033,0
260000,3,2,3,-1,-1,-1,-1,-1,-1,56437,57929,59369,63215,64087,130579,3000,3000,5400,5000,2222,2337,203563,202071,200631,196785,195913,129421,410657,0
270000,1,2,2,-1,-1,-1,2,-1,-1,78630,68921,46512,40335,37165,22156,10076,4018,14,2051,2000,0,191370,201079,223488,229665,232835,247844,275560,0
210000,1,4,2,-1,-1,-1,-1,-1,-1,52771,64767,57527,56655,50745,53269,44767,10000,2655,5745,3269,1500,157229,145233,152473,153345,159255,156731,267798,0
220000,2,4,4,-1,-1,-1,-1,-1,-1,127624,125718,125917,124683,127890,131520,6046,5600,5000,8000,6000,3736,92376,94282,94083,95317,92110,88480,728970,0
80000,2,2,2,2,2,2,-1,-1,2,72183,81844,78743,79176,81574,78445,10895,0,2900,6355,0,3100,7817,-1844,1257,824,-1574,1555,448715,1
50000,3,4,5,-1,-1,-1,2,2,-1,36205,38609,42996,43992,43155,44436,3000,5064,2000,0,2000,2000,13795,11391,7004,6008,6845,5564,235329,0
20000,2,2,2,-1,-1,-1,-1,-1,-1,45629,46661,47594,49281,18714,19162,2500,2400,2000,900,800,600,-25629,-26661,-27594,-29281,1286,838,217841,0
20000,1,4,1,-1,-1,-1,-2,-2,-1,11967,5252,-340,-780,-780,780,1031,650,0,0,1560,150,8033,14748,20340,20780,20780,19220,12708,0
100000,1,4,1,-1,-1,-1,-1,-1,-1,16659,13585,7886,5578,8608,11756,10000,4000,5578,11756,10000,5470,83341,86415,92114,94422,91392,88244,17268,0
320000,2,2,2,-1,-1,-1,-1,-1,-1,75122,70308,51223,52371,54518,56601,4000,3000,2000,3000,3000,4000,244878,249692,268777,267629,265482,263399,341143,0
200000,2,4,2,1,-2,-1,-1,-1,-1,0,0,6372,1957,0,596,0,6372,1957,0,596,789,200000,200000,193628,198043,200000,199404,-789,0
80000,1,4,1,-1,-1,-1,-1,-1,-1,232,815,631,1237,1529,357,815,631,1237,1529,357,2957,79768,79185,79369,78763,78471,79643,-2725,0
120000,2,2,2,2,2,2,2,2,2,64139,65430,63937,67290,68565,69784,2900,150,5000,2500,2500,3000,55861,54570,56063,52710,51435,50216,383095,1
20000,2,2,3,-1,-1,-1,-1,-1,-1,19197,19997,20060,18780,19580,0,1500,1500,1000,800,0,0,803,3,-60,1220,420,20000,92814,0
200000,1,2,2,-1,-1,-1,-1,-1,-1,10118,2105,483,5452,389,389,2106,486,6175,1,390,390,189882,197895,199517,194548,199611,199611,9388,0
140000,2,2,1,-1,-1,-1,-1,-1,-1,696,696,696,696,696,696,696,696,696,696,696,696,139304,139304,139304,139304,139304,139304,0,0
50000,2,1,4,2,-1,-1,-1,-1,-1,27548,28578,29660,30600,-300,9037,1478,1560,1500,0,9337,323,22452,21422,20340,19400,50300,40963,110925,1
60000,2,2,1,1,2,2,-1,-1,-1,61514,61748,58583,28301,29301,14400,1800,0,600,1000,300,28154,-1514,-1748,1417,31699,30699,45600,221993,0
50000,2,2,2,-1,-1,-1,-1,-1,-1,47110,48447,48345,20079,20656,19818,2401,1735,700,876,711,701,2890,1553,1655,29921,29344,30182,197331,0
200000,2,4,2,-1,-1,-1,-1,-1,-1,189740,194328,196018,189865,193703,199154,6450,6600,5350,5500,7100,5500,10260,5672,3982,10135,6297,846,1126308,0
20000,2,1,4,-1,-1,2,2,2,2,16039,19752,19112,20223,18806,20001,4000,0,1382,0,3000,0,3961,248,888,-223,1194,-1,105551,1
200000,1,2,2,1,-2,-2,-2,-2,-1,0,0,0,0,0,900,0,0,0,0,900,880,200000,200000,200000,200000,200000,199100,-880,0
350000,3,2,3,-2,-1,2,-1,-1,-1,10658,8598,3816,4223,1414,5941,9004,0,4223,1414,5941,2720,339342,341402,346184,345777,348586,344059,11348,0
50000,3,2,3,-1,-1,-1,-1,-1,2,20831,21592,22571,23024,25567,24463,1400,1360,810,2900,0,1100,29169,28408,27429,26976,24433,25537,130478,1
120000,2,1,3,-1,2,-1,-1,-1,-1,4936,2476,5696,1762,1381,1061,0,5696,0,1381,1061,1320,115064,117524,114304,118238,118619,118939,7854,1
150000,2,1,2,-1,-1,-1,-1,-1,-1,4030,592,2483,4556,1606,2047,593,2490,4573,1610,2053,4349,145970,149408,147517,145444,148394,147953,-354,0
180000,2,2,3,-1,-1,-1,-1,-1,-1,11054,11272,26680,27988,1480,22133,11272,26703,27988,1480,22133,0,168946,168728,153320,152012,178520,157867,11031,0
120000,2,4,1,1,-2,-2,-2,-1,-1,0,0,0,0,940,170,0,0,0,940,170,2018,120000,120000,120000,120000,119060,119830,-2018,1
130000,1,2,4,-1,-1,-1,-1,-1,-1,126205,128064,131524,46445,44973,45578,4998,5946,1620,1623,1659,1749,3795,1936,-1524,83555,85027,84422,505194,0
80000,2,2,3,-2,-2,-2,-2,-2,-2,7274,6280,21016,14422,5157,6579,6280,21115,14422,5157,6579,11251,72726,73720,58984,65578,74843,73421,-4076,0
390000,2,2,3,-1,-1,-1,-1,-1,-1,7383,5731,3386,3134,259,578,1066,1000,63,259,578,1141,382617,384269,386614,386866,389741,389422,16364,0
50000,1,4,1,1,2,-1,-1,2,2,21824,21187,23815,26418,25859,29745,0,3000,3000,0,4500,0,28176,28813,26185,23582,24141,20255,138348,1
50000,2,2,2,1,2,2,-1,-1,-1,25859,26937,27687,28424,29311,30169,1800,1500,1500,1500,1500,1500,24141,23063,22313,21576,20689,19831,159087,0
320000,2,2,1,-1,-1,-1,-1,-1,-1,3196,7655,204787,122501,63816,17257,7655,205211,6100,5000,2000,8000,316804,312345,115213,197499,256184,302743,185246,1
50000,2,6,3,2,-1,-1,-1,-1,-1,18460,20942,18942,18811,18183,18561,2813,1289,658,659,679,654,31540,29058,31058,31189,31817,31439,107147,1
200000,2,2,3,2,2,2,2,2,2,171647,167478,178983,180784,184201,187467,0,14500,6400,7000,7000,7000,28353,32522,21017,19216,15799,12533,1028660,0
30000,3,2,4,1,2,-1,-1,-1,-1,13486,12984,13991,14114,14406,14692,0,1528,651,668,674,683,16514,17016,16009,15886,15594,15308,79469,1
290000,2,2,2,-2,-2,-2,-2,-2,-2,754,-98,-309,63,227,946,0,0,500,590,1045,0,289246,290098,290309,289937,289773,289054,-552,0
50000,3,2,4,-1,-1,-1,-1,-1,-1,3964,1690,3780,1468,1468,1644,1690,3780,1468,1468,1644,1363,46036,48310,46220,48532,48532,48356,2601,0
50000,2,2,4,-1,-1,-2,-2,-2,-1,600,972,0,0,0,6500,972,0,0,0,6500,1863,49400,49028,50000,50000,50000,43500,-1263,0
140000,3,1,3,2,2,2,2,2,2,134073,130521,137328,136280,136247,134089,0,10707,5014,5091,4608,42,5927,9479,2672,3720,3753,5911,783076,1
50000,2,1,3,-1,-1,-1,-1,-1,-1,15941,14154,15109,14125,14034,14946,1255,1210,487,508,1534,526,34059,35846,34891,35875,35966,35054,82789,1
80000,2,4,1,-1,-1,-1,-1,-1,-1,4125,10174,6160,9020,4670,6124,6174,3160,5020,1670,6124,1600,75875,69826,73840,70980,75330,73876,16525,0
50000,1,4,2,-1,-1,-1,-1,-1,-1,30291,31498,32205,32846,33535,34201,2000,1534,1175,1218,1224,1281,19709,18502,17795,17154,16465,15799,186144,0
280000,2,4,1,-2,-2,-2,-2,-2,-2,17795,4117,1199,247,0,1896,4125,1201,249,0,1896,548,262205,275883,278801,279753,280000,278104,17235,0
80000,2,2,4,-1,-1,-1,-1,-1,-1,37242,37634,38281,38993,39268,39620,2000,2000,2000,2000,1408,1300,42758,42366,41719,41007,40732,40380,220330,0
60000,2,2,1,-1,-1,-1,-1,-1,-1,62325,59359,30604,22204,19895,19199,2864,1300,1000,803,1107,1000,-2325,641,29396,37796,40105,40801,205512,0
360000,1,4,1,-1,-1,-1,-2,-2,-2,1374,12920,0,0,0,0,12534,0,0,0,0,0,358626,347080,360000,360000,360000,360000,1760,0
520000,2,2,2,-1,-1,-1,-1,-1,-1,17718,12490,7894,6426,4045,1806,1222,1200,505,502,100,216338,502282,507510,512106,513574,515955,518194,-169488,0
210000,2,2,3,1,-2,-2,-2,-2,-2,0,0,0,0,0,0,0,0,0,0,0,0,210000,210000,210000,210000,210000,210000,0,1
360000,1,2,1,-1,-1,-1,-1,-1,-1,11910,1356,4073,17812,2981,1936,1500,5000,15000,3000,2000,1033,348090,358644,355927,342188,357019,358064,12535,0
100000,1,2,1,-1,-1,-1,-1,-1,-1,99777,99479,94028,14578,33254,16723,4252,2620,408,26130,653,35012,223,521,5972,85422,66746,83277,288764,0
50000,3,2,3,2,-1,-1,-1,-1,-1,47639,35495,16246,14987,15298,15447,1271,1242,683,702,553,723,2361,14505,33754,35013,34702,34553,139938,1
280000,2,2,2,-1,-1,-1,2,2,2,127609,76057,75377,68277,72042,65921,6000,6000,0,4800,0,2226,152391,203943,204623,211723,207958,214079,466257,0
120000,1,2,1,-1,-1,-1,-1,-1,-1,19544,24230,28022,29249,29926,35357,5000,4200,2000,1300,6000,6000,100456,95770,91978,90751,90074,84643,141828,0
50000,1,2,1,2,2,2,2,-1,-1,45728,48772,50614,49009,45856,47891,3800,3000,5,1800,3600,0,4272,1228,-614,991,4144,2109,275665,1
360000,1,2,3,-2,-2,-2,-2,-1,-1,2119,-3,-3,-3,711,875,3,0,0,714,879,1519,357881,360003,360003,360003,359289,359125,581,0
140000,2,2,2,-1,-1,-1,-1,-1,-1,4694,4340,4332,4058,2929,4345,4340,4332,4172,5544,4345,2178,135306,135660,135668,135942,137071,135655,-213,1
130000,1,2,1,1,-2,-2,-2,-2,-2,0,0,0,0,0,0,0,0,0,0,0,0,130000,130000,130000,130000,130000,130000,0,0
240000,1,2,2,-2,-2,-1,-1,-1,-1,9187,4740,5240,7795,3771,1891,5005,5240,4101,3771,1891,46438,230813,235260,234760,232205,236229,238109,-33822,0
70000,3,4,3,-1,-1,-1,-1,-1,-1,60525,60932,60190,25126,24718,27726,14011,14494,6019,7010,8007,5008,9475,9068,9810,44874,45282,42274,204668,0
80000,2,3,3,-1,-1,-1,-1,-1,-1,28219,29276,30210,30505,31184,28641,1816,1750,1045,1123,1038,2008,51781,50724,49790,49495,48816,51359,169255,0
20000,4,6,2,-1,-1,-1,-1,-1,-1,17962,17858,17972,16592,15369,16247,1336,1211,1500,1300,1500,1000,2038,2142,2028,3408,4631,3753,94153,0
180000,2,4,1,-1,-1,-1,2,-1,-1,172271,179760,180488,142201,141826,125974,11600,9635,0,5245,5172,3726,7729,240,-488,37799,38174,54026,907142,1
80000,2,2,1,-1,-1,-1,-1,-1,-1,63771,62642,60005,53384,55060,54583,2500,2500,1900,2500,2500,2000,16229,17358,19995,26616,24940,25417,335545,0
300000,2,4,2,-1,-1,-2,-2,-2,-2,8386,341,341,341,341,343,341,341,341,341,343,1977,291614,299659,299659,299659,299659,299657,6409,0
70000,2,2,2,-1,-1,-1,-1,-2,-2,62737,40745,1880,0,0,0,4030,2500,0,0,0,0,7263,29255,68120,70000,70000,70000,98832,0
180000,1,2,2,1,-2,-2,-2,-2,-2,0,0,0,0,0,0,0,0,0,0,0,0,180000,180000,180000,180000,180000,180000,0,1
150000,2,1,2,-1,-1,2,2,2,2,87721,87396,79424,76350,79721,77028,7200,3000,0,6000,0,3000,62279,62604,70576,73650,70279,72972,468440,0
30000,3,4,2,2,2,2,2,2,2,25437,26734,26011,27353,26776,28620,2000,0,2078,0,2291,0,4563,3266,3989,2647,3224,1380,154562,1
180000,1,4,1,-1,-1,-1,-1,-1,-1,130780,121531,112378,93411,95559,94356,4700,4500,3300,3600,3900,3500,49220,58469,67622,86589,84441,85644,624515,0
20000,2,2,2,5,4,3,4,3,2,21763,21145,20930,20182,19836,11998,0,549,0,0,0,0,-1763,-1145,-930,-182,164,8002,115305,0
30000,2,2,1,2,2,2,-1,-1,-1,20501,25151,24453,24849,25399,27020,5000,0,1100,1100,2200,1200,9499,4849,5547,5151,4601,2980,136773,0
500000,1,2,2,-2,-2,-2,-2,-2,-2,0,2326,1164,0,0,0,2326,1164,0,0,0,28666,500000,497674,498836,500000,500000,500000,-28666,1
290000,1,4,1,-1,-1,-1,-1,-1,-1,62029,46716,39340,22587,24219,26647,3000,2000,2000,2000,3000,2000,227971,243284,250660,267413,265781,263353,207538,0
500000,2,2,3,-1,-1,-1,-1,-1,-1,182516,104838,112662,66679,70090,73728,5000,10000,5000,5000,5000,5000,317484,395162,387338,433321,429910,426272,575513,0
150000,2,2,2,-1,-1,-1,-1,-1,-1,69012,63265,64131,64942,61803,58987,2500,2500,3780,2200,2000,2000,80988,86735,85869,85058,88197,91013,367160,0
200000,1,1,2,-1,2,-1,-1,-1,-1,446,123,123,200,123,280,0,123,200,123,280,151,199554,199877,199877,199800,199877,199720,418,1
50000,2,4,1,-1,-1,-1,2,-1,-1,20821,11864,13094,12434,12429,12505,1190,2000,0,600,594,610,29179,38136,36906,37566,37571,37495,78153,0
180000,1,2,3,1,-2,-1,-1,-2,-2,-12,-12,3300,0,0,0,0,3312,0,0,0,0,180012,180012,176700,180000,180000,180000,-36,1
150000,1,2,3,1,-1,-1,-1,-1,-1,-15,17671,14517,1870,3495,0,17686,14517,0,3495,0,21754,150015,132329,135483,148130,146505,150000,-19914,0
210000,2,4,2,1,-1,-1,-1,-1,-2,0,1075,229,799,0,0,1075,229,799,0,0,2247,210000,208925,209771,209201,210000,210000,-2247,1
30000,4,4,1,2,2,-1,-1,-1,-1,2826,2068,16952,15336,24336,436,0,16952,16104,14000,486,0,27174,27932,13048,14664,5664,29564,14412,0
360000,3,1,4,-1,-1,-1,-1,-1,-1,3019,2438,1008,1250,0,860,2444,1008,1250,0,860,0,356981,357562,358992,358750,360000,359140,3013,0
60000,2,2,2,1,2,2,2,-1,-1,22212,21568,24209,23524,24491,25033,0,3000,0,1500,1100,1000,37788,38432,35791,36476,35509,34967,134437,0
230000,2,4,1,-1,-1,-1,-1,-1,-1,2045,44711,45742,38502,30581,32738,44711,4000,4000,3000,3000,2000,227955,185289,184258,191498,199419,197262,133608,0
260000,3,1,2,-1,-1,-1,-1,-1,2,3518,0,2551,-139,2311,47,0,2551,0,2450,0,5800,256482,260000,257449,260139,257689,259953,-2513,0
210000,2,4,2,-1,-1,-1,-1,-1,-1,8547,2987,4571,3265,8623,5907,2996,4584,3274,8648,5924,15748,201453,207013,205429,206735,201377,204093,-7274,0
200000,1,4,3,-1,-1,-1,-1,-1,-2,4359,3814,4604,3350,0,0,3841,4644,3350,0,0,5706,195641,196186,195396,196650,200000,200000,-1414,0
20000,2,1,2,-1,-1,-1,-1,-1,-2,16436,17584,18166,8190,8190,0,1418,1000,3144,0,0,0,3564,2416,1834,11810,11810,20000,63004,0
30000,3,2,4,2,-1,-1,-1,-1,-1,28033,28675,28997,29214,28933,29134,1788,1500,1173,1100,1100,1000,1967,1325,1003,786,1067,866,165325,0
180000,1,4,2,2,2,2,2,2,2,73618,76990,78181,82645,84739,83282,4500,3000,5700,3500,0,3200,106382,103010,101819,97355,95261,96718,459555,1
50000,2,1,1,2,-1,-1,-1,-1,-1,42435,44030,43979,31508,16519,19231,3000,2000,2000,2000,3000,1000,7565,5970,6021,18492,33481,30769,184702,1
200000,3,1,3,-1,-1,-1,-1,-1,-1,146206,150404,154977,157166,160870,164101,5404,5854,5000,5000,4600,5000,53794,49596,45023,42834,39130,35899,902866,0
140000,1,4,1,-1,-1,-1,-1,-1,-1,16437,18848,21209,25503,27918,37186,3000,3000,5000,3000,10000,4000,123563,121152,118791,114497,112082,102814,119101,0
250000,1,4,3,-1,-1,-1,-1,-1,-1,4673,16014,4063,5589,15895,9948,17381,4063,6018,15895,1000,5928,245327,233986,245937,244411,234105,240052,5897,0
200000,1,1,3,-1,-1,-1,-1,-1,-1,202225,-4359,190829,96686,100131,102467,1029,200000,10000,5000,4000,4000,-2225,204359,9171,103314,99869,97533,463950,0
80000,1,4,2,-1,-1,-1,-1,-1,-1,44999,45843,46879,47799,48876,49909,2100,2100,2000,2000,2000,4500,35001,34157,33121,32201,31124,30091,269605,0
60000,3,2,3,-1,-1,-1,-1,-1,-1,62652,57562,51278,46685,31584,26482,2300,2200,1900,1191,1219,7971,-2652,2438,8722,13315,28416,33518,259462,0
360000,1,4,1,-1,2,-1,-1,-1,-1,780,390,390,540,540,390,0,390,540,390,390,390,359220,359610,359610,359460,359460,359610,930,0
50000,1,2,1,-1,-1,-1,-2,-2,-2,3063,3625,0,0,0,0,3625,0,0,0,0,0,46937,46375,50000,50000,50000,50000,3063,1
240000,3,4,2,1,-2,-2,-2,-1,-1,-28,-28,-28,-28,1522,6820,0,0,0,1550,6900,4100,240028,240028,240028,240028,238478,233180,-4320,0
330000,2,4,2,-1,-1,-1,-1,-1,-1,13204,12500,865,15387,5945,896,12500,865,15500,6000,896,0,316796,317500,329135,314613,324055,329104,13036,1
50000,2,4,1,1,2,2,2,2,2,13750,15224,14687,16135,15737,17316,2000,0,2000,0,2000,0,36250,34776,35313,33865,34263,32684,86849,1
110000,3,2,2,1,2,-1,-1,-1,-2,7128,1852,2625,2625,0,0,0,1000,0,0,0,0,102872,108148,107375,107375,110000,110000,13230,1
30000,3,2,1,1,-2,-2,-2,-2,-1,0,0,0,0,0,7035,0,0,0,0,7035,0,30000,30000,30000,30000,30000,22965,0,1
20000,2,1,2,1,2,2,-1,-1,-1,5566,6527,6274,6470,7366,8044,1200,0,300,1000,800,0,14434,13473,13726,13530,12634,11956,36947,1
20000,1,2,3,-1,-1,2,-1,-1,-1,13361,18302,13348,512,18141,11575,6020,141,1048,23261,134,0,6639,1698,6652,19488,1859,8425,44635,1
160000,1,2,2,-1,-1,-1,-1,-1,-1,136809,77080,160336,92820,91449,89559,6000,5000,15000,5000,7000,10000,23191,82920,-336,67180,68551,70441,600053,0
80000,2,2,1,-1,-1,-1,-1,-1,-1,79047,81120,69986,46965,46518,47330,3837,2800,2008,1700,2000,1800,953,-1120,10014,33035,33482,32670,356821,0
180000,1,2,3,-1,-1,-1,-1,-1,-1,8059,11622,16379,9795,8414,6557,11680,16466,9844,8456,6589,5823,171941,168378,163621,170205,171586,173443,1968,0
80000,2,2,1,-1,-1,-1,-1,2,-1,390,390,390,1080,540,390,390,390,1080,0,390,390,79610,79610,79610,78920,79460,79610,540,0
150000,1,2,2,-1,-1,-1,-1,-1,-2,4785,2087,1200,4100,0,0,2087,1212,4100,0,0,0,145215,147913,148800,145900,150000,150000,4773,0
130000,1,2,1,-1,-1,-1,-1,-1,-1,81907,83620,85327,87021,88843,90618,3034,3096,3112,3222,3250,3357,48093,46380,44673,42979,41157,39382,498265,1
240000,3,2,2,-1,-1,-1,-1,-1,-1,4717,11980,0,473,11483,11886,11980,0,473,11483,11886,690,235283,228020,240000,239527,228517,228114,4027,0
400000,1,4,1,-1,-1,-1,-1,-1,-1,1416,1548,22085,21021,19761,12613,1052,22085,420,56,687,800,398584,398452,377915,378979,380239,387387,53344,0
500000,2,2,2,-1,-1,-1,-1,-1,-1,10339,6405,-4617,16879,5195,290,6405,99,22480,0,580,36753,489661,493595,504617,483121,494805,499710,-31826,0
20000,1,2,1,-1,-1,2,-1,-1,-1,18523,17889,16473,19004,19254,16287,3500,0,3000,574,539,342,1477,2111,3527,996,746,3713,99475,1
240000,1,2,2,-1,-1,-1,-1,-1,-1,446,2852,-348,152,272,5291,2852,0,500,500,5291,1000,239554,237148,240348,239848,239728,234709,-1478,0
110000,2,2,1,2,2,2,2,2,2,85814,91999,91803,94376,96409,98072,8500,2200,5000,3700,3400,4000,24186,18001,18197,15624,13591,11928,531673,1
80000,2,4,1,-1,-1,-1,-1,-1,-1,56373,57301,58017,56556,57890,58657,2129,2014,1985,3000,3001,2266,23627,22699,21983,23444,22110,21343,330399,0
50000,3,1,4,-2,-2,-2,-2,-2,-2,4025,5318,4151,4186,3545,2659,5318,4151,4186,3545,2860,2702,45975,44682,45849,45814,46455,47341,1122,0
330000,1,1,2,-1,-1,-1,-1,-2,-2,8447,-1,176,0,0,0,0,177,0,0,0,0,321553,330001,329824,330000,330000,330000,8445,0
200000,3,1,3,-1,-1,-1,-1,-1,-1,187431,192558,196537,76167,76810,72039,8124,8339,5004,2961,2579,2761,12569,7442,3463,123833,123190,127961,771774,0
230000,4,2,2,-1,-1,-1,-1,-2,-2,11000,0,8100,-2900,-2900,-2900,0,8100,0,0,0,110256,219000,230000,221900,232900,232900,232900,-107956,0
140000,2,4,1,-1,-1,2,-1,-1,-1,28282,148806,139462,125046,46364,83460,125000,6,4578,1427,87179,26291,111718,-8806,538,14954,93636,56540,326939,1
360000,2,1,2,1,-2,-2,-2,-2,-2,-62,-31,-31,-31,-31,-31,0,0,0,0,0,0,360062,360031,360031,360031,360031,360031,-217,0
70000,3,1,3,2,2,2,2,2,2,29258,31137,32855,33316,34137,33439,2352,2531,1300,1500,0,1400,40742,38863,37145,36684,35863,36561,185059,1
360000,2,2,3,1,-2,-1,-1,-1,-1,-242,-3748,5512,4102,1756,4400,649,10000,0,1756,4400,0,360242,363748,354488,355898,358244,355600,-5025,0
260000,1,4,1,1,-2,-2,-2,-2,-2,0,0,0,0,0,0,0,0,0,0,0,0,260000,260000,260000,260000,260000,260000,0,0
80000,3,6,1,-1,-1,-1,-1,-1,-1,76121,70109,58186,56234,53229,45519,2456,2053,1812,1819,1686,1224,3879,9891,21814,23766,26771,34481,348348,0
180000,2,4,3,-1,-1,-1,-1,-1,-1,10000,10000,10000,10000,20000,10338,10000,10000,10000,20000,10338,20894,170000,170000,170000,170000,160000,169662,-10894,0
190000,1,4,2,-1,-1,-1,-1,-1,-1,6544,18191,18205,14442,31465,2589,19699,18295,9900,31465,2589,22041,183456,171809,171795,175558,158535,187411,-12553,0
190000,1,1,4,2,2,2,2,2,2,69518,71443,72413,73366,74830,76237,3500,2600,2600,2650,2650,3000,120482,118557,117587,116634,115170,113763,420807,1
260000,1,1,2,-1,-1,-1,-1,-1,-1,259394,264334,263431,253596,258387,259118,9876,10020,9900,9331,9307,9676,606,-4334,-3431,6404,1613,882,1500150,0
200000,2,2,1,-1,-1,-1,-1,-1,2,233637,175918,181089,183180,192223,189681,7000,8100,6600,12000,0,6054,-33637,24082,18911,16820,7777,10319,1115974,1
340000,1,4,3,-1,-1,-1,-1,-1,-1,326065,339260,332032,280450,282510,281197,20070,12747,9582,20070,18092,20102,13935,740,7968,59550,57490,58803,1740851,1
200000,2,2,3,-1,-1,-1,-1,-1,-1,528,13921,14943,14692,14733,14820,13921,1528,500,528,655,284,199472,186079,185057,185308,185267,185180,56221,0
150000,1,2,2,-1,-1,-1,-1,-1,-1,13447,17877,25172,4694,6292,13943,17914,25349,4694,6324,14433,17378,136553,132123,124828,145306,143708,136057,-4667,0
100000,2,1,3,-1,-1,-1,-1,-1,-1,99958,76554,58610,9779,12273,2701,2975,2789,9779,12273,3105,16828,42,23446,41390,90221,87727,97299,212126,0
100000,2,2,3,-1,-1,2,-1,-1,-1,87590,103301,100818,75860,77656,78274,17200,247,3000,3000,3000,3000,12410,-3301,-818,24140,22344,21726,494052,1
200000,4,4,2,-1,-1,-1,-1,-1,-1,13943,8943,1662,2553,1977,3175,8964,1662,2553,1977,3175,1804,186057,191057,198338,197447,198023,196825,12118,0
230000,1,2,2,-1,-1,-1,-1,-2,-2,38395,39943,20650,0,0,0,2500,2000,0,0,0,0,191605,190057,209350,230000,230000,230000,94488,0
200000,1,1,3,-2,-2,-2,-2,-2,-2,-7,1765,5074,19268,5606,2534,1772,5099,19364,5634,2547,33300,200007,198235,194926,180732,194394,197466,-33476,0
140000,1,2,1,2,2,2,2,2,2,113780,115297,114448,114653,115720,116690,5800,3500,4500,4000,4000,4500,26220,24703,25552,25347,24280,23310,664288,0
30000,2,2,1,-1,-1,-1,-1,-1,-1,26931,27791,28792,29121,29368,13174,1598,1599,928,600,627,1500,3069,2209,1208,879,632,16826,148325,0
100000,2,4,2,1,-2,-2,-1,2,-1,0,0,0,1378,1209,3174,0,0,1378,0,2000,2000,100000,100000,100000,98622,98791,96826,383,0
50000,2,1,3,-1,-1,-1,-1,-1,-1,390,390,780,390,390,390,390,780,0,390,390,1170,49610,49610,49220,49610,49610,49610,-390,1
330000,1,2,3,-1,-1,-2,-2,-2,-2,4122,0,0,0,0,0,0,0,0,0,0,0,325878,330000,330000,330000,330000,330000,4122,0
500000,1,2,2,2,-1,-1,-1,-1,-1,197231,175599,176947,178647,176380,172666,8500,8341,6600,6925,7225,6653,302769,324401,323053,321353,323620,327334,1033226,1
500000,2,4,2,-2,-1,-1,-1,-1,-1,4543,8723,17058,19858,19974,22774,9001,10000,3000,10000,6000,10000,495457,491277,482942,480142,480026,477226,44929,0
50000,2,4,1,-1,-1,-1,-1,-1,-1,47605,47553,47205,45686,43629,46909,2300,2000,2000,2000,4000,0,2395,2447,2795,4314,6371,3091,266287,0
50000,1,4,1,-1,-1,-1,-1,-1,-1,16762,19126,13918,8239,6376,10077,4029,4031,3000,6376,5000,0,33238,30874,36082,41761,43624,39923,52062,0
50000,2,2,3,-1,-1,-1,-1,-1,-1,47971,47627,47750,48194,48111,48664,2087,2100,1900,1900,1900,1900,2029,2373,2250,1806,1889,1336,276530,0
20000,2,1,4,-1,-1,2,-1,-1,-1,16849,18686,18877,19252,19415,19954,2116,800,682,701,858,394,3151,1314,1123,748,585,46,107482,0
70000,3,4,1,1,2,2,-1,-1,-1,69346,70864,68645,28929,28597,28237,3200,13,1008,1103,1100,850,654,-864,1355,41071,41403,41763,287344,0
60000,1,4,2,-1,-1,-1,-1,-1,-1,55447,48270,41087,25518,26276,27012,2178,1511,1200,1300,1300,1252,4553,11730,18913,34482,33724,32988,214869,1
230000,1,2,2,-1,-1,-1,-1,-1,-1,218637,223208,159930,141834,213408,222681,10034,5600,10753,100000,12823,8910,11363,6792,70070,88166,16592,7319,1031578,0
60000,3,1,4,2,2,-1,-1,2,-1,22658,22703,23495,24349,23960,24530,700,1546,1400,0,900,0,37342,37297,36505,35651,36040,35470,137149,0
330000,2,1,3,-1,-1,-1,-1,-1,-1,13200,9843,15440,45033,64723,3784,9863,15440,35033,30000,3874,25349,316800,320157,314560,284967,265277,326216,32464,0
500000,1,2,2,-1,-1,-1,-1,-1,-1,2153,9869,4055,3000,3000,8063,9869,4065,3000,3000,8063,6000,497847,490131,495945,497000,497000,491937,-3857,0
30000,3,2,3,-2,-2,-2,-2,-2,-2,0,1930,1930,2072,4072,0,1930,1930,2072,4072,0,0,30000,28070,28070,27928,25928,30000,0,0
160000,1,2,4,-1,-1,-1,-1,-1,-1,52607,53548,56214,57246,58443,59883,2834,3500,2500,2207,2500,2300,107393,106452,103786,102754,101557,100117,322100,0
110000,2,2,3,-1,-1,-1,-1,-1,-1,109191,110937,108869,43207,42954,43839,5000,3814,2000,1600,1600,1600,809,-937,1131,66793,67046,66161,443383,0
50000,1,4,2,-1,-1,-1,2,-1,-1,30716,29768,31155,30124,29984,29629,1600,4300,0,1100,1500,1500,19284,20232,18845,19876,20016,20371,171376,0
50000,2,2,3,-1,-1,-1,-1,-1,-1,560,1121,195,197,197,197,1121,195,197,197,197,197,49440,48879,49805,49803,49803,49803,363,0
20000,1,2,1,1,-2,-2,-2,-2,-2,0,0,0,0,0,0,0,0,0,0,0,0,20000,20000,20000,20000,20000,20000,0,1
50000,2,2,1,2,2,-1,-1,-1,-1,49365,48927,49543,19649,20064,19691,1200,50189,682,710,690,693,635,1073,457,30351,29936,30309,153075,0
210000,1,2,1,1,-2,-2,-2,-2,-1,0,0,0,0,0,8270,0,0,0,0,8270,0,210000,210000,210000,210000,210000,201730,0,0
500000,2,2,2,-2,-2,-2,-2,-2,-2,344,5757,1820,2308,807,4966,5757,1820,2308,807,4966,3240,499656,494243,498180,497692,499193,495034,-2896,0
320000,3,1,4,-1,-1,2,-1,-1,2,29943,32751,18262,18157,19043,17759,4300,0,1000,2000,0,1000,290057,287249,301738,301843,300957,302241,127615,0
350000,1,4,2,-1,-1,-1,-1,-1,-1,10830,2749,3229,3096,6373,10531,2749,3229,3500,4000,5000,4000,339170,347251,346771,346904,343627,339469,14330,0
50000,3,2,1,-1,-1,-1,-1,-1,-1,45557,46763,43000,29241,29115,28804,2300,1803,1200,1400,1500,1500,4443,3237,7000,20759,20885,21196,212777,0
50000,2,2,2,-1,-1,-1,-1,-1,2,10745,8473,4390,19206,20486,15252,1200,1000,19206,1500,0,345,39255,41527,45610,30794,29514,34748,55301,0
20000,2,2,2,2,-1,-1,-1,-1,-1,18075,19075,19106,18467,19018,19383,1600,1601,810,1000,692,647,1925,925,894,1533,982,617,106774,1
80000,2,2,3,-1,-1,2,-1,-1,-1,77714,79049,79206,78031,78293,78870,5000,3000,3000,3000,3000,5000,2286,951,794,1969,1707,1130,449163,1
170000,1,2,2,-1,-1,-1,-1,-1,-2,169282,173226,134832,70479,0,0,10126,5667,9223,0,0,0,718,-3226,35168,99521,170000,170000,522803,0
50000,2,2,1,-1,-1,-1,-1,-1,-1,48928,32646,31428,24880,26098,26886,2000,3505,2000,8000,4000,3650,1072,17354,18572,25120,23902,23114,167711,1
400000,3,2,3,-1,-1,-2,-2,-1,-1,36560,0,0,0,1757,21667,0,0,0,1757,20000,10158,363440,400000,400000,400000,398243,378333,28069,0
90000,2,4,3,2,2,2,-1,-1,-1,87673,94448,91211,38041,42605,41396,9100,0,1170,5000,18000,5000,2327,-4448,-1211,51959,47395,48604,357104,1
50000,2,2,1,2,2,2,-1,-1,-1,50262,51040,35046,28893,28772,27521,2009,5,1200,2000,1100,3405,-262,-1040,14954,21107,21228,22479,211815,0
60000,1,4,1,-1,-1,-1,2,-1,-1,57693,55760,59007,56492,57565,56569,2700,4800,0,2100,2200,2500,2307,4240,993,3508,2435,3431,328786,0
50000,2,4,4,-1,-1,-2,-2,-2,-2,20800,0,0,0,0,0,0,0,0,0,0,0,29200,50000,50000,50000,50000,50000,20800,0
250000,1,2,3,-1,-1,-1,-1,-1,-1,214000,90010,78886,79845,79323,77788,3188,3282,2698,2752,2843,2511,36000,159990,171114,170155,170677,172212,602578,0
320000,3,4,4,-1,-1,-1,-1,-1,-1,3479,3479,3479,12610,23942,34183,3479,3479,12610,15000,14184,16826,316521,316521,316521,307390,296058,285817,15594,1
260000,1,4,1,-1,-1,-1,-1,-1,-1,15178,23360,22099,18985,19662,22274,12007,8000,1000,1000,5000,5000,244822,236640,237901,241015,240338,237726,89551,0
20000,2,2,1,-1,-1,-1,-1,-1,-1,19102,18054,19026,19406,18258,18694,1318,1290,670,663,740,536,898,1946,974,594,1742,1306,107323,0
50000,1,2,1,-1,-1,-1,-1,-1,-1,18595,18326,18814,19189,19233,19108,1310,1297,672,837,836,836,31405,31674,31186,30811,30767,30892,107477,0
50000,2,1,2,1,2,-1,-1,-1,2,29273,29504,32007,34474,37905,38131,1000,3000,3000,4000,1000,10000,20727,20496,17993,15526,12095,11869,179294,0
50000,1,2,2,3,2,-1,-1,-1,-1,39437,38525,40809,33021,35479,36238,0,3000,2000,3000,1500,2000,10563,11475,9191,16979,14521,13762,212009,0
150000,1,4,1,-1,-1,-1,-1,-1,-1,7310,4756,1919,8144,2969,8642,4756,1919,8144,2969,8642,0,142690,145244,148081,141856,147031,141358,7310,0
20000,2,4,1,1,3,2,2,-1,-1,21003,20260,9686,0,6884,0,39,0,5000,13749,0,0,-1003,-260,10314,20000,13116,20000,39045,1
190000,1,2,2,2,2,-1,-1,-1,-1,171462,163148,165281,173231,132145,146854,0,10000,15000,10091,20000,10000,18538,26852,24719,16769,57855,43146,887030,1
250000,1,1,3,-1,2,-1,-1,-1,-2,5379,992,12738,2310,0,0,0,12738,2310,0,0,840,244621,249008,237262,247690,250000,250000,5531,0
380000,1,1,2,-1,-1,-1,-1,-1,-1,53369,73954,35199,31136,28839,14584,30307,5044,5036,5081,2022,2026,326631,306046,344801,348864,351161,365416,187565,0
330000,2,4,1,-1,-1,-1,-1,-1,-1,255834,258822,254855,258220,256058,256840,9425,9000,9174,9590,9500,9400,74166,71178,75145,71780,73942,73160,1484540,0
50000,2,4,2,-1,-1,-1,-1,-1,-1,45861,47667,48119,8257,8037,9470,3687,5000,1000,309,2000,1000,4139,2333,1881,41743,41963,40530,154415,0
140000,1,4,2,-1,-1,-1,2,2,2,41314,42377,43923,43051,44109,43253,1732,2278,3000,1892,0,1572,98686,97623,96077,96949,95891,96747,247553,0
20000,2,4,4,1,2,2,2,2,2,5065,4840,6100,5856,6432,6182,0,1500,0,822,0,2540,14935,15160,13900,14144,13568,13818,29613,1
70000,1,4,1,-1,-1,-1,-1,-1,-1,53690,54374,47762,44487,45618,46706,2208,1800,2000,2000,2000,3000,16310,15626,22238,25513,24382,23294,279629,0
160000,1,4,2,-1,-1,-1,-1,-1,-1,160843,153543,157871,143690,134386,138038,6000,7225,5000,5000,5900,4992,-843,6457,2129,16310,25614,21962,854254,0
240000,2,2,2,-2,-2,-2,-2,-2,-2,6170,0,0,0,0,0,0,0,0,0,0,0,233830,240000,240000,240000,240000,240000,6170,0
300000,1,4,1,-2,-2,-2,-2,-2,-2,3102,1499,318,2488,187,607,1506,319,2488,187,607,1945,296898,298501,299682,297512,299813,299393,1149,0
70000,2,2,1,-1,-1,2,-1,-1,-1,24510,25807,26578,27826,29712,30563,2000,1500,2000,2500,1500,1200,45490,44193,43422,42174,40288,39437,154296,0
30000,2,2,1,-1,-1,-1,2,-1,-1,11692,14505,17262,16690,17763,18960,3000,3000,0,1500,1500,1500,18308,15495,12738,13310,12237,11040,86372,1
390000,1,4,2,-1,-1,-1,-1,-1,-1,22008,23645,24947,26223,27643,29025,2000,2000,2000,2000,2000,2000,367992,366355,365053,363777,362357,360975,141491,0
20000,2,4,3,-1,-1,-1,-1,-1,-1,6689,7723,8730,8936,8994,9244,1300,1294,500,350,400,400,13311,12277,11270,11064,11006,10756,46072,0
330000,1,2,3,-1,-1,-1,-1,-1,-1,234447,202747,180566,182604,186415,190303,8903,7903,6418,6633,6852,6910,95553,127253,149434,147396,143585,139697,1133463,0
420000,1,4,1,-2,-2,-2,-2,-2,-2,4406,4595,-13,2666,1614,6066,4205,5000,2679,1622,6080,3594,415594,415405,420013,417334,418386,413934,-3846,0
200000,1,1,5,-1,-1,-1,-1,-1,-1,316,316,316,316,316,316,316,316,316,316,316,316,199684,199684,199684,199684,199684,199684,0,0
70000,2,2,1,-1,-1,3,2,-1,-1,61762,70242,68107,42630,12927,27184,9500,0,0,1570,15184,2000,8238,-242,1893,27370,57073,42816,254598,1
180000,2,2,3,-1,-1,-1,-2,-2,-2,20831,1537,-43,-43,-43,-43,1000,0,0,0,0,0,159169,178463,180043,180043,180043,180043,21196,0
260000,3,6,4,-1,-1,-1,-1,-1,-1,185441,190942,194161,197287,172561,165409,10000,8000,7150,7057,7396,4060,74559,69058,65839,62713,87439,94591,1062138,0
80000,3,4,1,-1,-1,-1,-1,-1,-1,571,3948,4695,390,1289,935,3952,4695,390,1289,935,390,79429,76052,75305,79610,78711,79065,177,0
250000,1,4,2,-1,-1,-1,-1,-1,-1,165,165,165,165,165,315,165,165,165,165,315,130,249835,249835,249835,249835,249835,249685,35,0
140000,1,2,1,-1,-1,-1,-1,-1,-1,137708,140804,137635,97928,99634,101020,5730,5200,3100,3200,3400,3300,2292,-804,2365,42072,40366,38980,690799,0
40000,2,4,1,1,2,-1,-1,2,2,36890,36023,36993,38427,39875,39272,0,1989,2423,2000,0,1000,3110,3977,3007,1573,125,728,220068,1
50000,2,2,2,-1,-1,-1,-1,-1,-1,27433,12916,6509,4417,0,4331,1161,1000,5254,4166,8497,4679,22567,37084,43491,45583,50000,45669,30849,0
210000,2,2,2,-1,-1,-1,-1,-1,-1,162518,138078,134428,129871,131091,118405,8006,7009,5000,5000,17137,3863,47482,71922,75572,80129,78909,91595,768376,0
180000,2,2,2,-1,-1,-1,-1,-1,-1,30781,31202,31188,32979,22526,13338,2000,1408,2979,2526,13338,15186,149219,148798,148812,147021,157474,166662,124577,0
50000,2,2,3,-1,-1,-1,-1,-1,-1,46090,48343,50157,18675,18542,17129,3000,3000,1008,1000,1000,1000,3910,1657,-157,31325,31458,32871,188928,0
320000,2,4,4,-1,-1,-1,-1,-1,-1,156238,156087,153054,79107,70043,71724,10000,10000,10000,2500,3000,3000,163762,163913,166946,240893,249957,248276,647753,0
230000,1,1,3,-1,-1,-1,-2,-2,-2,9360,9650,0,0,0,0,9650,0,0,0,0,0,220640,220350,230000,230000,230000,230000,9360,0
160000,2,2,3,-1,-1,-1,-1,-1,-1,671,671,671,671,671,1492,671,671,671,671,1492,0,159329,159329,159329,159329,159329,158508,671,0
110000,2,2,1,-1,-1,-1,-1,-1,-1,99353,90517,78484,74652,75251,75643,3500,3500,3000,3000,2870,3000,10647,19483,31516,35348,34749,34357,475030,0
250000,3,2,2,-1,-1,-1,-1,-1,-1,18376,20070,21428,22757,24382,28768,2000,2000,2000,2000,5000,4000,231624,229930,228572,227243,225618,221232,118781,0
20000,4,4,2,-1,-1,-1,-1,-1,-1,6725,7843,10600,18660,7060,0,2000,3000,8060,0,0,0,13275,12157,9400,1340,12940,20000,37828,0
170000,1,4,1,-1,-1,-1,-1,-1,-1,12324,13467,14394,15249,15999,16753,1350,1158,1100,1000,1025,1512,157676,156533,155606,154751,154001,153247,81041,0
140000,3,1,2,-1,-1,-1,-1,-1,-1,140456,125288,117263,77496,79815,77911,5200,5006,5000,5000,3000,5000,-456,14712,22737,62504,60185,62089,590023,0
60000,2,2,3,-1,-1,-1,2,2,2,56166,58022,61331,55566,59331,60569,2760,4941,0,4675,2361,0,3834,1978,-1331,4434,669,-569,336248,1
20000,1,2,1,-1,-1,-1,-1,-2,-2,10283,0,750,0,0,0,0,750,0,0,0,0,9717,20000,19250,20000,20000,20000,10283,1
80000,2,1,4,-1,-1,-1,-1,-1,-1,66484,59837,53367,48154,43214,44229,2731,2058,1700,1565,1730,1812,13516,20163,26633,31846,36786,35771,303689,0
60000,3,2,2,2,-1,-1,-1,-1,-1,58501,59225,59592,58654,58664,59323,2300,2578,2039,2088,2767,1750,1499,775,408,1346,1336,677,340437,0
210000,4,2,2,-1,-1,-1,-2,-2,-1,84018,23953,0,0,0,239,2000,0,0,0,239,323,125982,186047,210000,210000,210000,209761,105648,0
320000,2,2,1,-1,-1,-1,-1,-1,-1,319069,323319,298072,180882,175560,131390,12661,11157,5730,5904,5890,2464,931,-3319,21928,139118,144440,188610,1384486,0
50000,3,2,4,-1,-1,-1,-1,-1,-1,37234,37942,38003,11625,18442,9743,1963,2025,562,339,1200,600,12766,12058,11997,38375,31558,40257,146300,0
10000,2,3,2,-1,-1,-1,-1,-1,-2,8634,3192,1352,13352,0,0,1000,676,6000,120,0,0,1366,6808,8648,-3352,10000,10000,18734,0
50000,2,2,4,-1,-1,-1,-1,-1,-1,48726,49050,49584,19791,18518,19078,2100,1600,700,670,866,618,1274,950,416,30209,31482,30922,198193,1
140000,2,2,2,-1,-1,-1,-1,-1,-1,133094,132777,131672,133496,128509,124035,5005,4603,5002,4505,4400,4300,6906,7223,8328,6504,11491,15965,755768,0
50000,2,2,2,-1,-1,-1,-1,-1,-1,588,588,926,643,643,643,588,926,643,643,643,643,49412,49412,49074,49357,49357,49357,-55,0
80000,2,1,2,2,2,4,4,3,2,600,600,600,600,300,150,0,0,0,0,0,1000,79400,79400,79400,79400,79700,79850,1850,1
300000,1,2,2,-1,-1,-1,-1,-1,-1,272899,254078,252427,254160,250645,245851,9251,10505,9157,9319,9600,8500,27101,45922,47573,45840,49355,54149,1473728,0
520000,1,4,2,-1,-1,-1,-1,-1,-1,485298,499489,413019,168770,168964,191188,22000,18300,26500,30000,27000,25000,34702,20511,106981,351230,351036,328812,1777928,1
200000,2,6,4,-1,-1,-1,-1,-1,-1,79761,79515,80592,86216,88071,90842,3500,3000,7000,3400,4400,6500,120239,120485,119408,113784,111929,109158,477197,0
200000,2,2,2,1,-2,-1,-1,-1,-1,0,0,5825,0,3217,8273,0,5825,0,3217,8273,5158,200000,200000,194175,200000,196783,191727,-5158,0
60000,2,2,3,-1,-1,-1,-1,-1,-1,56970,58848,20641,22229,24708,27255,3000,2000,2229,3000,3000,3305,3030,1152,39359,37771,35292,32745,194117,0
180000,2,2,3,-1,-1,-1,2,-1,-1,102449,104807,111048,107782,110879,113666,5500,9500,0,5000,5000,5000,77551,75193,68952,72218,69121,66334,620631,0
120000,2,4,1,-1,-1,-1,-1,-1,-1,32317,33496,34481,30102,30220,33523,2000,2000,2000,3000,6000,0,87683,86504,85519,89898,89780,86477,179139,0
50000,2,1,3,-1,-1,-1,-1,-1,-1,49032,48764,49521,48830,49728,50146,2599,2556,1665,1600,1800,2000,968,1236,479,1170,272,-146,283801,0
20000,1,2,2,-1,-1,-1,-1,-1,-1,17593,38478,19703,19697,17303,1554,1472,1400,394,346,31,0,2407,-18478,297,303,2697,18446,110685,0
10000,2,2,1,-1,-1,-1,-1,-1,2,16944,8261,9252,9590,10129,8932,2296,1139,477,830,0,1241,-6944,1739,748,410,-129,1068,57125,1
520000,1,2,2,-1,-1,-1,-1,-1,-1,9568,8211,6850,13178,17059,17528,5014,5010,13009,10035,10007,5025,510432,511789,513150,506822,502941,502472,24294,0
500000,1,2,2,-2,-2,-1,-1,-2,-1,125,-18088,1664089,121757,97115,377217,4366,1684259,121831,97670,379267,26759,499875,518088,-1164089,378243,402885,122783,-71937,0
50000,2,2,1,-1,-1,-1,-1,-1,-1,50244,17987,18973,19369,19769,19385,1400,1301,700,700,700,700,-244,32013,31027,30631,30231,30615,140226,0
200000,2,2,1,-1,-1,-1,-1,-1,-1,61518,66541,53862,37056,19790,20842,25138,2569,793,49,15085,44701,138482,133459,146138,162944,180210,179158,171274,0
360000,1,4,2,1,-1,-1,-1,-1,-1,-8,2379,0,11850,150,459,2387,0,11850,300,459,52,360008,357621,360000,348150,359850,359541,-218,0
400000,1,2,3,-1,-1,-1,-1,-1,-1,5880,18368,591,13654,45363,2640,18368,591,13662,45363,2640,28663,394120,381632,399409,386346,354637,397360,-22791,0
90000,2,2,2,-1,-1,-1,-1,-1,-1,370,370,922,552,182,312,370,922,0,0,500,600,89630,89630,89078,89448,89818,89688,316,0
90000,2,4,1,-1,-1,-1,-1,2,-1,917,2917,0,3708,3503,9097,2000,0,3708,0,5693,170,89083,87083,90000,86292,86497,80903,8571,0
200000,1,4,1,-1,-1,-1,-1,2,-1,61099,64160,76593,93988,50292,10510,4160,14593,20150,0,5739,12050,138901,135840,123407,106012,149708,189490,299950,0
150000,1,2,2,-1,-1,-1,-1,-1,-1,110,564,13347,13155,10610,8394,567,13504,13221,10663,8436,2468,149890,149436,136653,136845,139390,141606,-2679,1
350000,2,2,2,-1,-1,-1,-1,-1,-1,360347,357139,272072,267277,255680,261573,13100,10000,10000,8200,9000,9000,-10347,-7139,77928,82723,94320,88427,1714788,0
500000,2,1,2,-1,-1,-1,-1,-1,-1,378886,382234,274586,273718,168418,167635,15057,11035,11035,7029,8035,10388,121114,117766,225414,226282,331582,332365,1582898,0
160000,2,4,1,-1,-1,-1,-1,-1,-1,13038,158725,155808,98160,99057,100984,155000,5000,5000,3537,5000,4000,146962,1275,4192,61840,60943,59016,448235,0
80000,1,2,2,-1,-1,-1,-1,-1,-1,52065,55205,55900,55622,56295,61598,5000,2606,2200,2100,6679,1700,27935,24795,24100,24378,23705,18402,316400,0
130000,2,2,2,-1,-1,-2,-2,-2,-2,133400,0,0,0,0,0,0,0,0,0,0,0,-3400,130000,130000,130000,130000,130000,133400,0
100000,3,4,2,-1,-1,-1,-1,-1,-1,85030,49489,50424,51563,780,0,1820,2308,3000,780,0,0,14970,50511,49576,48437,99220,100000,229378,0
80000,2,1,3,-1,-1,2,-1,-1,-1,30773,38879,26128,29137,30283,30523,10036,15,5003,3003,2007,1007,49227,41121,53872,50863,49717,49477,164652,0
50000,2,4,1,-1,-1,2,-1,-1,-1,18201,26525,12969,13758,14390,16571,14813,1000,1000,1000,3000,1000,31799,23475,37031,36242,35610,33429,80601,0
80000,1,2,4,1,-2,-2,-2,-2,-2,0,0,0,0,0,0,0,0,0,0,0,0,80000,80000,80000,80000,80000,80000,0,0
200000,1,2,1,1,-2,-2,-2,-1,-1,0,0,0,0,1202,84482,0,0,0,1202,84482,3162,200000,200000,200000,200000,198798,115518,-3162,0
330000,2,4,1,-1,-1,-1,-1,-1,-1,37637,38676,40786,41767,42501,43359,1500,2600,1500,1400,1400,1500,292363,291324,289214,288233,287499,286641,234826,0
50000,1,4,1,2,-1,-1,-1,-1,2,10622,11642,12635,15403,16657,16240,1500,1500,3000,1500,0,3000,39378,38358,37365,34597,33343,33760,72699,1
80000,2,4,1,-1,-1,-2,-2,-2,-2,309,-77,-77,-270,-463,-656,0,0,0,0,0,0,79691,80077,80077,80270,80463,80656,-1234,1
270000,2,2,2,-1,-1,-1,-1,-1,-1,11489,8874,3567,1556,7952,10794,8874,3567,1556,7952,4000,2000,258511,261126,266433,268444,262048,259206,16283,0
30000,3,2,5,-1,-1,-1,2,-1,-1,11575,12351,13505,12677,12995,13443,1600,2000,0,1000,1000,1000,18425,17649,16495,17323,17005,16557,69946,0
500000,2,2,2,-1,-1,-1,-1,-1,-1,869,2496,1924,976,986,1200,2507,1933,980,990,1206,1069,499131,497504,498076,499024,499014,498800,-234,0
60000,1,4,1,-1,-1,2,-1,-1,-1,3437,16932,2301,6220,2227,10416,16960,0,6227,0,10416,0,56563,43068,57699,53780,57773,49584,7930,0
20000,2,2,2,2,2,2,-1,-1,-1,17151,16887,17302,18029,18362,18669,300,1000,1000,1000,1000,1000,2849,3113,2698,1971,1638,1331,101100,0
180000,2,4,1,1,-2,-2,-2,-2,-2,0,0,0,0,0,0,0,0,0,0,0,0,180000,180000,180000,180000,180000,180000,0,0
30000,2,2,2,-1,-1,-2,-2,-2,-2,3656,0,0,0,0,0,0,0,0,0,0,0,26344,30000,30000,30000,30000,30000,3656,0
200000,1,1,3,-1,-1,-1,-1,-1,-1,577,0,2470,0,1350,1006,0,2470,0,1350,1006,0,199423,200000,197530,200000,198650,198994,577,0
320000,1,4,2,-2,-2,-2,-2,-2,-2,3916,2872,4704,3382,2575,8097,2886,4732,3398,2588,8137,2474,316084,317128,315296,316618,317425,311903,1331,0
210000,3,2,1,-1,-1,-1,-1,-1,-1,37608,39001,40053,41084,42416,43707,2000,2000,2000,2000,2000,2000,172392,170999,169947,168916,167584,166293,231869,0
200000,1,4,2,-1,-1,-1,-1,-1,-1,665,2618,963,1459,1028,878,2618,963,1459,1028,878,878,199335,197382,199037,198541,198972,199122,-213,0
170000,2,2,3,-2,-2,-2,-2,-1,-1,6175,7404,7829,2218,3972,3643,7417,7862,2218,4866,3643,2732,163825,162596,162171,167782,166028,166357,2503,0
50000,3,1,3,-1,-1,-1,-1,-1,-1,47838,49246,50376,9408,9605,9806,2180,2310,336,348,360,349,2162,754,-376,40592,40395,40194,170396,0
20000,2,6,4,-1,-1,2,-1,-1,-1,8586,10041,10571,10995,11169,11979,1600,1000,600,500,1000,500,11414,9959,9429,9005,8831,8021,58141,0
20000,2,2,1,-1,-1,-1,-1,-1,-1,18475,18993,19973,20081,20292,20289,1400,1300,700,800,1000,1000,1525,1007,27,-81,-292,-289,111903,0
580000,1,2,2,-1,-1,-1,-1,-1,-1,484798,475282,485511,488800,500723,511905,19000,20036,20000,20000,20056,16987,95202,104718,94489,91200,79277,68095,2830940,0
80000,3,4,1,-1,-1,-1,-1,-1,-1,80012,78748,76722,70370,64510,51695,3010,2700,2300,2500,2000,1400,-12,1252,3278,9630,15490,28305,408147,0
50000,1,2,2,-1,-1,-1,-1,-1,-1,19926,21658,3445,99,949,137,4158,3500,1000,1000,200,900,30074,28342,46555,49901,49051,49863,35456,1
30000,2,2,2,-1,-1,-1,-1,-1,-1,26788,28352,86253,28351,28571,23400,2001,1600,600,1000,468,0,3212,1648,-56253,1649,1429,6600,216046,0
50000,2,2,2,-1,-1,-1,-1,-1,-1,45614,44187,29253,14199,14965,15712,2450,2100,1000,1000,1000,1000,4386,5813,20747,35801,35035,34288,155380,1
20000,3,2,1,2,2,4,4,4,4,1650,1650,1650,1650,1650,1650,0,0,0,0,0,0,18350,18350,18350,18350,18350,18350,9900,1
100000,2,2,3,2,-1,-1,-1,-1,-1,71978,73715,74621,72567,77231,78780,3500,2800,3000,6000,3000,2000,28022,26285,25379,27433,22769,21220,428592,0
80000,3,2,3,-1,-1,-1,-1,-1,-1,80002,80433,80081,29437,29195,28675,3500,3500,1205,1200,1100,1018,-2,-433,-81,50563,50805,51325,316300,0
40000,3,2,3,2,2,-1,-1,-1,2,780,0,390,540,1080,540,0,390,540,1080,0,780,39220,40000,39610,39460,38920,39460,540,0
80000,3,2,1,1,2,2,-1,-1,-1,79108,78637,75688,46378,46175,41118,3200,0,1806,2124,1599,1500,892,1363,4312,33622,33825,38882,356875,0
10000,3,2,2,-1,-1,2,-1,-1,-1,10119,10188,9089,9271,9618,8516,3000,0,295,459,1500,2000,-119,-188,911,729,382,1484,49547,0
200000,1,2,3,-1,-1,-1,-1,-1,-1,10529,1936,25483,16767,19941,19665,1940,25513,4767,7541,19665,5633,189471,198064,174517,183233,180059,180335,29262,0
50000,2,6,1,1,2,-1,-1,-1,-1,51068,46027,45769,46677,47668,50764,0,3154,1669,1741,3900,0,-1068,3973,4231,3323,2332,-764,277509,0
140000,3,4,1,-1,-1,-1,-1,-1,-1,100448,103990,104462,43810,44434,45251,5450,4200,1810,1765,2000,1665,39552,36010,35538,96190,95566,94749,425505,0
340000,1,2,2,-1,-1,-1,-1,-1,-1,76786,57803,68670,20299,27816,43637,39749,15000,12000,10000,20000,5400,263214,282197,271330,319701,312184,296363,192862,0
220000,1,2,1,2,-1,-1,2,2,2,205130,212060,225462,116915,116021,114001,9975,19254,0,8500,0,8000,14870,7940,-5462,103085,103979,105999,943860,1
80000,1,4,1,1,2,-1,-1,2,2,80461,78259,66068,50748,51490,50626,37,2122,3600,1600,18,1800,-461,1741,13932,29252,28510,29374,368475,1
20000,3,2,1,-1,-1,-1,-1,-1,2,12188,12904,14217,14360,16140,16287,1220,1533,676,2177,559,0,7812,7096,5783,5640,3860,3713,79931,1
500000,1,1,2,-1,-1,-1,-1,-1,-1,25334,6834,2914,-341,38853,0,6867,2929,0,39194,0,0,474666,493166,497086,500341,461147,500000,24604,0
100000,2,2,3,1,2,2,2,-1,-1,7828,7260,430,0,860,430,430,0,0,860,430,1166,92172,92740,99570,100000,99140,99570,13922,0
150000,2,1,2,1,-2,-2,-1,-1,-2,-7,4422,367,3287,0,0,4429,367,3691,0,0,0,150007,145578,149633,146713,150000,150000,-418,0
360000,2,2,1,-1,-1,-1,-1,-1,-1,160317,163699,167112,170691,174289,178008,4700,4800,5000,5000,5200,4100,199683,196301,192888,189309,185711,181992,985316,0
60000,2,2,2,-1,-1,-1,-1,-1,-1,57694,58656,59750,60602,53838,54609,2800,3000,2800,2100,2123,2100,2306,1344,250,-602,6162,5391,330226,0
500000,1,1,2,-1,-1,-1,-1,-1,-1,1895,1086,740,0,1868,1883,1086,740,0,1868,1883,621,498105,498914,499260,500000,498132,498117,1274,0
270000,1,4,1,-1,-1,-1,-1,-1,-1,2016,1183,1307,800,4098,1181,2000,2500,0,4100,1200,5000,267984,268817,268693,269200,265902,268819,-4215,0
230000,2,4,2,-1,-1,-1,-1,-1,-1,74664,63540,66131,58430,72617,66787,3000,10000,10000,20145,11745,686,155336,166460,163869,171570,157383,163213,346593,0
160000,2,4,2,-1,-1,-1,-1,-1,-1,140225,140745,139923,140815,139935,138912,5211,5000,5000,5000,5000,6000,19775,19255,20077,19185,20065,21088,809344,0
20000,1,2,1,-1,-1,-1,-1,-1,-1,14554,15273,16616,16643,17372,18070,1260,1600,600,1000,1000,1000,5446,4727,3384,3357,2628,1930,92068,0
230000,2,1,2,-1,-1,-1,-1,-1,-1,131887,133440,134272,136281,138687,118873,5005,5007,5000,5008,5000,4005,98113,96560,95728,93719,91313,111127,764415,0
50000,3,4,1,-1,-1,-1,-1,-1,-1,33239,33199,33757,23332,23782,16816,6010,5008,3013,5035,5001,5002,16761,16801,16243,26668,26218,33184,135056,0
500000,2,2,4,-1,-1,-1,-1,-1,-1,7593,8660,0,30498,1174,0,8677,0,30498,1174,0,800,492407,491340,500000,469502,498826,500000,6776,0
80000,3,4,2,2,-1,-1,2,2,2,71165,72123,76696,79659,80079,79657,2700,5800,4800,1800,1000,2800,8835,7877,3304,341,-79,343,440479,0
50000,3,3,4,-1,-1,-1,-1,-1,-1,45555,41372,41544,13007,16233,14952,1968,1843,434,5000,582,679,4445,8628,8456,36993,33767,35048,162157,1
20000,2,2,1,1,2,-1,-1,-1,-1,20832,20203,19946,19037,19233,14764,0,1289,491,2586,5000,198,-832,-203,54,963,767,5236,104451,0
200000,1,2,3,-2,-2,-2,-2,-2,-2,6549,9389,18475,1016,4934,7749,9421,14068,3,4948,7770,23918,193451,190611,181525,198984,195066,192251,-12016,0
100000,2,2,3,-1,-1,-1,-1,-1,2,39000,40123,41217,42193,44722,44024,1900,1900,1800,3200,0,2000,61000,59877,58783,57807,55278,55976,240479,0
390000,2,2,3,-1,-1,-1,-1,-1,-1,169658,173758,177722,180132,184420,188329,8000,8000,6500,7000,7200,5500,220342,216242,212278,209868,205580,201671,1031819,0
450000,2,1,3,-1,-1,-1,-1,-1,-1,3004,5938,3700,14327,14890,6687,5971,3712,14347,14903,6707,25963,446996,444062,446300,435673,435110,443313,-23057,0
10000,3,1,3,1,2,2,3,2,2,7229,6968,8881,8594,8312,9241,0,2035,0,0,1069,1000,2771,3032,1119,1406,1688,759,45121,1
270000,2,2,1,-1,-1,-1,-1,-1,-1,18465,20987,17555,17803,1852,2044,3022,1000,2054,1857,2069,6327,251535,249013,252445,252197,268148,267956,62377,0
190000,1,2,2,-1,-1,-1,-1,-1,-1,137502,127014,120826,112211,110396,113386,6112,4202,4200,4200,5000,4200,52498,62986,69174,77789,79604,76614,693421,0
30000,1,4,2,-1,-1,-1,-1,-1,-1,32751,33804,31336,32389,33142,33999,1600,2000,1500,1200,1330,2500,-2751,-3804,-1336,-2389,-3142,-3999,187291,0
360000,1,4,1,-2,-2,-2,-2,-2,-2,23088,11628,8556,4578,4784,11938,12000,8598,4601,4808,11997,3708,336912,348372,351444,355422,355216,348062,18860,0
50000,2,4,1,-1,-1,-1,-1,-1,-1,19969,27267,19833,24014,27429,29189,8000,3302,5000,6500,10000,20000,30031,22733,30167,25986,22571,20811,94899,0
240000,1,2,3,-1,-1,-1,-1,-1,-1,10839,16665,13039,9439,11378,13046,10000,3500,0,5000,5000,5000,229161,223335,226961,230561,228622,226954,45906,0
150000,2,2,1,-1,-1,-1,-1,-1,-1,144614,146446,122634,74711,76532,76452,6700,3764,2700,3000,3000,2800,5386,3554,27366,75289,73468,73548,619425,0
150000,2,2,3,-1,-1,-2,-2,-1,-1,143650,0,0,0,1000,0,0,0,0,1000,0,5000,6350,150000,150000,150000,149000,150000,138650,0
20000,2,2,1,1,2,-1,-1,-1,-1,17682,18595,19447,19312,17987,17822,1500,1500,1000,1000,1000,1000,2318,1405,553,688,2013,2178,103845,0
50000,1,2,1,-1,-1,-1,-1,-1,-1,390,0,672,-108,2830,0,0,672,0,2938,0,0,49610,50000,49328,50108,47170,50000,174,1
40000,2,2,2,-1,-1,-1,-1,-1,-1,38491,36881,37968,36155,36933,37666,3000,2000,1500,1500,1500,2000,1509,3119,2032,3845,3067,2334,212594,0
20000,1,2,1,1,2,3,2,-1,-1,16688,18427,17843,17259,17781,18034,2300,0,0,800,700,800,3312,1573,2157,2741,2219,1966,101432,1
150000,1,4,1,1,-2,-2,-2,-2,-2,0,0,0,0,0,0,0,0,0,0,0,0,150000,150000,150000,150000,150000,150000,0,0
50000,2,2,3,-1,-1,2,-1,-1,-1,1079,7179,6478,7527,3060,1490,7651,0,7535,3060,1490,1095,48921,42821,43522,42473,46940,48510,5982,0
50000,3,2,3,1,-1,-1,-1,-1,-1,-42,26267,26372,7490,5155,0,26309,26479,7490,5155,0,12754,50042,23733,23628,42510,44845,50000,-12945,1
50000,2,2,1,-1,-1,-1,-1,-1,-1,2165,14796,20816,11804,1420,0,15000,20300,9500,1420,0,0,47835,35204,29184,38196,48580,50000,4781,1
50000,3,2,1,-1,-1,-1,-1,-1,-1,7198,8421,9202,9800,1000,0,1500,1000,598,1000,0,0,42802,41579,40798,40200,49000,50000,31523,1
200000,1,4,2,-1,-1,-1,-1,-1,-1,75203,77949,74865,72766,70444,69003,4000,4000,5012,4000,3000,4000,124797,122051,125135,127234,129556,130997,416218,0
200000,1,2,2,2,2,2,2,2,2,157131,166590,168386,164182,169029,172084,13500,6000,0,7500,6000,4000,42869,33410,31614,35818,30971,27916,960402,1
120000,3,2,2,-1,-1,-1,-1,-1,-1,117738,120127,119719,118042,120682,120491,5820,5670,4250,4450,4470,4150,2262,-127,281,1958,-682,-491,687989,0
90000,2,2,1,2,-1,-1,-1,2,2,18978,20675,23329,24940,24404,27227,2000,3000,2000,0,3400,0,71022,69325,66671,65060,65596,62773,129153,1
30000,1,4,1,-1,-1,-1,-1,-1,-1,784,390,7480,0,1803,1023,390,7480,0,1803,0,0,29216,29610,22520,30000,28197,28977,1807,0
70000,1,2,1,-1,-1,-1,-1,2,-1,2343,14336,13155,3929,1953,967,15000,4000,4000,0,1000,1000,67657,55664,56845,66071,68047,69033,11683,0
490000,2,2,4,-1,-1,-1,-1,-1,-1,2779,22595,755,7000,0,4341,22595,762,7000,0,4341,1061,487221,467405,489245,483000,490000,485659,1711,0
50000,3,1,2,-1,-1,-1,-1,-1,-1,2522,0,2866,1961,1261,2681,13196,2866,1961,1261,2681,1261,47478,50000,47134,48039,48739,47319,-11935,0
320000,2,1,4,-1,-1,-1,-1,-1,-1,235477,216433,203354,117272,38591,28400,11000,8600,5000,1900,960,2500,84523,103567,116646,202728,281409,291600,809567,0
50000,1,4,1,1,2,2,-1,-1,2,12884,14382,13859,14032,14852,14464,2000,0,700,1200,0,1365,37116,35618,36141,35968,35148,35536,79208,1
140000,1,4,1,-1,-1,-1,-2,-2,-2,2229,15985,0,0,0,0,15980,0,0,0,0,0,137771,124015,140000,140000,140000,140000,2234,1
500000,2,4,3,-1,-1,-1,-1,-1,-1,27891,8970,385228,391047,0,150,8982,385228,7821,0,150,363,472109,491030,114772,108953,500000,499850,410742,0
500000,1,1,4,-1,-1,-1,-1,-1,-1,7285,28390,13138,6653,7081,4651,28730,14587,28,7114,4672,3114,492715,471610,486862,493347,492919,495349,8953,0
50000,1,2,2,-1,-1,-1,-1,-1,-1,48559,47008,15435,10235,9119,8237,2573,2000,500,459,500,500,1441,2992,34565,39765,40881,41763,132061,0
170000,3,1,2,-1,-1,-1,-1,-1,-1,3062,112762,112880,111210,111525,112360,112000,6000,4500,4500,5000,4500,166938,57238,57120,58790,58475,57640,427299,0
130000,3,2,2,-1,-1,2,2,2,2,23997,26733,26942,26210,27982,27383,3440,941,0,2197,0,910,106003,103267,103058,103790,102018,102617,151759,1
150000,3,4,1,-1,-1,2,-1,-1,-1,3081,7997,8710,9559,10401,11069,5000,1000,1000,1000,1000,1398,146919,142003,141290,140441,139599,138931,40419,0
50000,1,4,1,-1,-1,-1,-1,-1,-1,43875,45052,44938,40655,40930,40146,2200,2000,2000,2000,3000,3000,6125,4948,5062,9345,9070,9854,241396,0
410000,1,1,3,-1,-1,-1,-1,-1,-1,231152,238985,243779,250399,5194,-376,12000,10000,7250,5225,0,1436,178848,171015,166221,159601,404806,410376,933222,0
60000,4,4,2,-1,-1,-1,-1,-1,-1,52176,39107,39547,39555,40216,41039,2000,2000,1500,2000,2200,2000,7824,20893,20453,20445,19784,18961,239940,0
150000,3,1,3,-1,-1,-1,-1,-1,-1,29169,15000,15000,0,15000,0,1000,15000,0,15000,0,0,120831,135000,135000,150000,135000,150000,43169,0
260000,2,2,3,-2,-2,-2,-2,-2,-2,690,2500,0,0,0,0,2500,0,0,0,0,0,259310,257500,260000,260000,260000,260000,690,0
230000,1,1,3,-2,-2,-2,-2,-2,-2,0,0,0,0,0,0,0,0,0,0,0,0,230000,230000,230000,230000,230000,230000,0,0
50000,2,3,3,-1,-1,-1,-1,2,-1,24282,23470,23297,22546,19563,20227,1500,1500,2150,0,1000,1000,25718,26530,26703,27454,30437,29773,126235,0
230000,1,4,1,-2,-2,-2,-2,-2,-2,61580,62272,1462,622,1083,622,2862,1462,622,1083,622,872,168420,167728,228538,229378,228917,229378,120118,0
280000,1,2,3,-1,-1,-1,-1,-1,-1,235635,197003,198808,187425,177340,180506,7665,6497,5555,5027,5065,5361,44365,82997,81192,92575,102660,99494,1141547,0
500000,2,2,5,-1,-1,-1,-1,-1,-1,4410,2662,2533,1821,2498,3622,2681,2547,1826,2505,3630,3099,495590,497338,497467,498179,497502,496378,1258,0
30000,2,1,2,-1,-1,-1,-1,-1,-1,29723,30428,26558,27265,27953,28456,2000,2000,1500,1500,1500,1500,277,-428,3442,2735,2047,1544,160383,0
330000,2,2,2,-1,-1,-1,-1,-1,-1,298644,297005,303257,302905,304151,299959,13000,13000,11000,11100,11000,16000,31356,32995,26743,27095,25849,30041,1730821,0
180000,1,1,4,-1,-1,-1,-1,-1,-1,181624,182765,180769,141352,142078,141695,9021,6126,4856,4990,5133,5002,-1624,-2765,-769,38648,37922,38305,935155,0
30000,2,2,3,3,2,2,-1,-1,-1,29774,30797,29216,29681,29321,28068,1800,0,1200,1000,1046,904,226,-797,784,319,679,1932,170907,1
200000,1,2,2,-1,-1,-1,-1,-1,-1,1801,9483,60571,57990,9568,82,9556,60025,5032,5054,5000,3000,198199,190517,139429,142010,190432,199918,51828,0
80000,3,2,3,-1,-1,-1,-1,-1,-1,52456,20925,15115,12465,6925,6049,11500,3000,4000,1260,6100,0,27544,59075,64885,67535,73075,73951,88075,0
80000,2,2,1,-1,-1,-1,-1,-1,-1,31780,33261,34703,36125,38374,39382,2000,2000,2000,3000,1800,2000,48220,46739,45297,43875,41626,40618,200825,1
100000,1,4,1,-1,-1,-1,-1,-1,-1,3904,398,931,5983,2010,1413,400,931,5983,2010,1413,3655,96096,99602,99069,94017,97990,98587,247,0
300000,1,1,4,-2,-2,-2,-2,-2,-2,0,0,0,0,0,0,0,0,0,0,0,0,300000,300000,300000,300000,300000,300000,0,0
240000,1,2,4,1,-1,-1,-1,-2,-1,0,222,1900,0,0,5435,222,1900,0,0,5435,7000,240000,239778,238100,240000,240000,234565,-7000,1
50000,2,2,3,-1,-1,-1,-1,-1,-1,12515,9115,1198,198,1198,11198,9115,1198,198,1198,11198,29358,37485,40885,48802,49802,48802,38802,-16843,1
50000,3,2,4,-1,-1,2,-1,-1,-1,35415,38940,36319,22538,23013,23465,6960,0,1000,1000,1000,1000,14585,11060,13681,27462,26987,26535,168730,0
100000,2,1,3,-1,-1,2,2,2,-1,17565,19700,18306,18239,17053,16753,3183,0,1274,0,754,700,82435,80300,81694,81761,82947,83247,101705,0
110000,3,2,3,-1,-1,-1,-1,-1,-1,84965,85007,84965,79625,79370,81134,3280,2913,2790,2851,3053,2458,25035,24993,25035,30375,30630,28866,477721,0
180000,2,2,3,-1,-1,-1,-1,-1,-1,23820,22749,21221,18190,17919,18402,2005,2000,2004,2500,3000,4000,156180,157251,158779,161810,162081,161598,106792,0
140000,2,4,1,-1,-1,-1,-1,-1,-1,140881,136889,140615,78486,48476,50509,8140,8000,4000,1917,3000,3000,-881,3111,-615,61514,91524,89491,567799,0
80000,2,2,1,-1,-1,-1,-1,-1,-1,77701,19577,22033,57522,58939,60790,2000,2800,36000,2500,3000,5000,2299,60423,57967,22478,21061,19210,245262,0
90000,1,4,1,-1,-1,-1,-1,-1,-1,17018,3692,5037,5899,4129,17246,3692,5037,5899,4129,17246,4221,72982,86308,84963,84101,85871,72754,12797,0
90000,3,1,3,2,-1,-1,-1,-1,-2,37681,27664,18037,1696,-4,2889,1519,5035,6700,0,2893,304,52319,62336,71963,88304,90004,87111,71512,1
240000,2,4,3,-1,-1,-1,-1,-1,-1,188983,190556,189914,190434,179424,183299,7106,12014,6075,5900,5900,5500,51017,49444,50086,49566,60576,56701,1080115,0
150000,1,1,3,1,-2,-1,-1,-1,-2,-200,-200,1600,5431,0,0,0,1800,5431,0,0,0,150200,150200,148400,144569,150000,150000,-600,0
240000,1,4,2,-1,-1,-1,-1,-1,-1,153062,156122,159998,161434,163403,167230,7000,8000,7000,6000,8000,7000,86938,83878,80002,78566,76597,72770,918249,0
80000,3,2,2,-1,-1,-1,-1,-1,-1,78562,56877,57761,58707,56220,60463,2100,2100,2100,2100,5500,5200,1438,23123,22239,21293,23780,19537,349490,0
110000,2,2,3,2,2,2,2,2,-1,28383,27653,29003,29447,27701,28285,0,2000,1000,0,1000,1000,81617,82347,80997,80553,82299,81715,165472,0
120000,2,4,2,-1,-1,2,-1,-1,-1,22033,24067,24372,24670,25617,26535,2400,1000,1000,1500,1500,1500,97967,95933,95628,95330,94383,93465,138394,0
360000,2,2,3,-2,-2,-2,-2,-2,-2,18186,7954,11609,10070,5079,4086,9548,11624,10070,5079,4086,1190,341814,352046,348391,349930,354921,355914,15387,0
150000,4,2,2,-1,-1,-1,-1,-1,-1,175348,153679,110237,46972,29045,20105,9304,2921,15000,1137,600,0,-25348,-3679,39763,103028,120955,129895,506424,0
80000,1,1,4,-1,-1,-1,-1,-1,-1,2783,1108,21400,21000,21000,0,1200,21000,0,0,0,0,77217,78892,58600,59000,59000,80000,45091,0
140000,2,1,3,3,3,3,2,-1,-1,192182,187720,189659,185477,189351,193122,0,6500,0,6497,6536,6760,-52182,-47720,-49659,-45477,-49351,-53122,1111218,1
50000,2,1,3,-1,-1,-1,-1,-1,-1,15090,16421,17144,17636,17850,18212,1577,1300,777,647,658,811,34910,33579,32856,32364,32150,31788,96583,0
20000,3,2,2,1,2,-1,-1,-1,-1,17216,17541,18300,19100,2200,0,900,1200,1000,100,0,0,2784,2459,1700,900,17800,20000,71157,0
240000,1,2,1,-1,-1,-1,-1,-1,-1,21409,17833,194043,194991,192800,178318,1000,194043,6530,7000,7000,10000,218591,222167,45957,45009,47200,61682,573821,0
50000,1,2,3,-1,-1,-1,-1,-1,-1,47754,48648,8868,9044,9234,9418,2280,1500,323,335,337,500,2246,1352,41132,40956,40766,40582,127691,0
380000,1,1,4,-1,-1,-1,-1,-1,-1,319243,357782,374313,371566,362232,352161,150039,30031,27403,15168,35235,25078,60757,22218,5687,8434,17768,27839,1854343,0
30000,2,2,3,-1,-1,-1,-1,-1,-1,1659,1473,390,390,390,1320,1473,390,390,390,1320,0,28341,28527,29610,29610,29610,28680,1659,0
50000,2,2,2,1,2,2,2,-1,-1,23781,24900,25098,24396,25310,25740,1800,900,0,1310,1000,1000,26219,25100,24902,25604,24690,24260,143215,0
160000,2,2,2,-1,-1,-1,-1,-1,-1,2511,2242,6109,2500,2689,0,2242,6745,2500,2689,0,0,157489,157758,153891,157500,157311,160000,1875,1
50000,2,3,4,-1,-1,-1,-1,-1,-1,49170,49446,36445,24788,24967,28652,2009,2500,1000,1500,28939,1200,830,554,13555,25212,25033,21348,176320,0
80000,3,4,2,-1,-1,-1,2,2,2,34620,35759,40020,40766,39982,44621,2000,5200,1700,0,5500,0,45380,44241,39980,39234,40018,35379,221368,0
70000,2,4,1,1,2,2,2,-1,-1,70736,72014,72215,70779,62525,71427,3000,2200,0,3000,10000,10000,-736,-2014,-2215,-779,7475,-1427,391496,1
200000,1,2,1,-1,-1,-1,-1,-1,-1,187889,190967,195622,126281,128702,131001,8000,8000,5000,5000,5000,5000,12111,9033,4378,73719,71298,68999,924462,0
100000,3,2,1,3,4,3,2,-1,-1,110946,106423,101256,48876,28468,3875,0,0,0,1603,3875,55,-10946,-6423,-1256,51124,71532,96125,394311,1
180000,2,2,2,2,2,-1,-1,-1,-2,21564,20939,22182,12382,-18,-18,0,2100,200,0,0,0,158436,159061,157818,167618,180018,180018,74731,1
360000,3,1,4,-1,-1,-1,-1,-1,-1,45421,68526,47416,48811,193712,80601,68536,47427,48846,193712,80601,11166,314579,291474,312584,311189,166288,279399,34199,0
230000,1,2,2,-1,-1,-1,2,-1,-1,834,-150,517,53,603,10141,0,667,0,700,10200,5200,229166,230150,229483,229947,229397,219859,-4769,0
190000,2,2,3,-1,-1,-1,-1,-1,-1,210612,206806,203803,167103,163528,162555,7496,9144,5972,5858,6174,6047,-20612,-16806,-13803,22897,26472,27445,1073716,0
260000,1,2,2,-1,-1,-1,-1,-1,-1,122423,123006,122956,123709,120603,122674,5940,6000,4500,4500,4546,4510,137577,136994,137044,136291,139397,137326,705375,0
30000,2,4,1,-1,2,2,-1,-1,-1,4471,5747,5509,6260,7654,8522,1500,0,1000,1500,1000,800,25529,24253,24491,23740,22346,21478,32363,0
150000,3,4,1,1,-2,-2,-1,-1,-1,0,0,0,900,0,583,0,0,900,0,583,2000,150000,150000,150000,149100,150000,149417,-2000,0
80000,2,4,2,1,-1,-1,-2,-2,-2,0,7400,-600,-600,-600,-600,7400,0,0,0,0,0,80000,72600,80600,80600,80600,80600,-2400,0
80000,2,1,2,2,2,2,2,-1,-1,81562,56352,29582,28852,29464,28688,11,3500,0,1033,1502,2002,-1562,23648,50418,51148,50536,51312,246452,1
180000,3,2,3,-2,-2,-2,-2,-2,-2,1242,0,0,0,0,0,0,0,0,0,0,0,178758,180000,180000,180000,180000,180000,1242,0
350000,1,4,2,-2,-2,-2,-2,-2,-2,-2,-2,-2,-2,-2,-2,0,0,0,0,0,940,350002,350002,350002,350002,350002,350002,-952,0
200000,3,2,2,-1,-1,2,-1,-1,-1,1120,1100,740,740,890,740,1100,0,740,890,740,740,198880,198900,199260,199260,199110,199260,1120,0
140000,2,2,1,-1,-1,-1,-1,-1,-1,24050,68059,62503,61129,59089,58160,50000,3000,4000,5000,4000,2000,115950,71941,77497,78871,80911,81840,264990,0
20000,1,2,1,-1,-1,-1,-1,-2,-2,2652,3127,1500,0,0,0,1200,1500,0,0,0,1632,17348,16873,18500,20000,20000,20000,2947,1
20000,3,6,4,1,2,3,2,2,2,18558,20358,19743,19128,20560,20082,2400,0,0,1744,0,600,1442,-358,257,872,-560,-82,113685,1
220000,1,2,2,-1,-1,-1,-1,-1,-1,34339,35075,32355,31573,51279,53590,1294,2000,2000,30000,3000,2000,185661,184925,187645,188427,168721,166410,197917,0
290000,1,4,2,1,2,2,2,2,-1,170422,173840,169476,177186,161057,163338,7594,0,12000,0,6818,5182,119578,116160,120524,112814,128943,126662,983725,1
80000,3,2,3,-1,-1,-1,-1,-1,-1,29676,30707,31721,32350,33031,33926,1513,1527,1156,1200,1445,3700,50324,49293,48279,47650,46969,46074,180870,0
16000,2,2,3,2,2,-1,-1,-1,-1,4577,4358,5366,5473,5750,6995,0,1089,196,365,1500,0,11423,11642,10634,10527,10250,9005,29369,0
100000,2,2,2,-1,-1,-1,-1,-1,-1,82308,83994,85688,86643,88280,90054,3261,3307,2581,2502,2525,2600,17692,16006,14312,13357,11720,9946,500191,0
390000,2,2,2,-1,-1,-1,-1,-1,-1,200612,202794,191419,81360,66864,66729,8315,6839,3000,2348,2401,2355,189388,187206,198581,308640,323136,323271,784520,0
550000,1,4,2,-1,-1,-1,-1,-1,-1,83707,49676,49196,37784,35317,7433,3023,5070,3017,7148,2037,14243,466293,500324,500804,512216,514683,542567,228575,0
80000,2,4,2,-1,-1,-1,-1,-1,-1,81358,69913,71541,72541,54061,55136,3126,3391,3000,2000,1974,2043,-1358,10087,8459,7459,25939,24864,389016,0
150000,2,2,2,-1,-1,-1,-1,-1,-1,12365,58266,40921,24053,25856,77913,53444,20144,14182,16819,78287,15679,137635,91734,109079,125947,124144,72087,40819,0
20000,2,2,1,-1,-1,-1,-1,-2,-2,7286,2160,780,0,0,0,1006,780,0,0,0,0,12714,17840,19220,20000,20000,20000,8440,0
20000,2,4,1,-1,-1,-1,-2,-2,-2,20000,1685,0,0,0,0,1685,0,0,0,0,0,0,18315,20000,20000,20000,20000,20000,0
100000,3,4,1,-2,-2,-2,-1,-1,-1,2038,11383,1661,1891,3681,870,11386,1665,1894,3689,870,1755,97962,88617,98339,98109,96319,99130,265,0
30000,3,2,1,2,2,2,2,2,3,300,300,300,300,1300,1150,0,0,0,1000,150,0,29700,29700,29700,29700,28700,28850,2500,1
80000,3,2,3,-1,-1,-1,-1,-1,-1,33590,34524,34038,33231,33440,5513,2079,1200,0,816,365,5000,46410,45476,45962,46769,46560,74487,164876,0
30000,1,2,2,2,2,2,2,2,2,27274,25744,27504,26987,26927,25553,0,3000,1000,1300,0,1000,2726,4256,2496,3013,3073,4447,153689,1
140000,3,2,1,-1,-1,-1,-1,-1,-1,390,390,390,1434,1309,540,390,390,1434,1309,540,540,139610,139610,139610,138566,138691,139460,-150,0
200000,2,2,2,-1,-1,-1,-1,-1,-1,180461,171839,173325,153953,144206,143178,8300,10000,6000,6000,6000,4500,19539,28161,26675,46047,55794,56822,926162,0
290000,1,2,3,-1,-1,-1,-1,-1,-1,255049,247090,242309,238609,238712,237847,9006,8507,10902,8600,8671,8210,34951,42910,47691,51391,51288,52153,1405720,0
50000,2,2,1,-1,-1,-1,-1,-1,-1,96234,44882,1270,880,390,390,1052,1270,0,0,390,0,-46234,5118,48730,49120,49610,49610,141334,0
260000,1,4,1,1,-2,-1,-1,-2,-2,0,0,355,2165,2165,0,0,355,2835,335,335,335,260000,260000,259645,257835,257835,260000,490,0
60000,2,1,1,-1,-1,-1,-1,-1,-1,24608,18686,18571,18118,16179,12919,1400,1500,1295,3655,330,507,35392,41314,41429,41882,43821,47081,100394,0
280000,1,1,2,-1,-1,-1,-1,-1,-1,212968,312960,373419,232919,228387,235187,237000,150000,10000,150000,10572,7313,67032,-32960,-93419,47081,51613,44813,1030955,0
100000,1,4,2,-1,-1,2,-1,-1,2,10672,11025,5791,3623,5554,5309,2355,0,500,2000,0,1000,89328,88975,94209,96377,94446,94691,36119,0
290000,3,2,3,-1,-1,-1,-1,-1,-1,284990,274764,225000,16635,15000,47143,10000,25000,16635,15000,47143,2088,5010,15236,65000,273365,275000,242857,747666,0
50000,3,1,3,-1,-1,-1,2,-1,-1,10644,12163,14147,13626,15194,16929,2000,2500,0,2000,2000,2000,39356,37837,35853,36374,34806,33071,72203,0
150000,1,2,5,-1,-1,-1,2,2,2,131027,135519,147692,149166,151934,137885,6600,16200,5200,5110,0,5300,18973,14481,2308,834,-1934,12115,814813,0
390000,1,2,2,-2,-2,-2,-2,-2,-2,48417,15530,112316,114797,131601,130295,2000,97472,4000,20000,31667,6539,341583,374470,277684,275203,258399,259705,391278,0
180000,2,2,3,-1,-1,-1,-1,-1,-1,161186,167080,170788,174764,162667,166953,10000,8000,7000,6000,7000,10000,18814,12920,9212,5236,17333,13047,955438,0
290000,2,2,4,1,-2,-1,-1,-1,2,0,166,2462,-150,1134,777,166,2462,150,1833,0,500,290000,289834,287538,290150,288866,289223,-722,1
180000,2,2,2,-1,-1,-1,-1,-1,-1,22387,23453,20171,20245,20769,23770,1500,1500,1000,1000,3490,1000,157613,156547,159829,159755,159231,156230,121305,0
80000,1,4,2,-1,-1,-1,-1,-1,2,14401,4374,15020,4233,5934,158,4374,15037,4233,6092,0,13391,65599,75626,64980,75767,74066,79842,993,0
450000,1,2,3,-1,-1,-1,-1,-1,-1,72517,0,6281,3446,6157,0,0,6281,3446,6157,0,14380,377483,450000,443719,446554,443843,450000,58137,0
20000,2,2,2,-1,-1,-1,-1,-1,-1,20009,20602,21255,19105,19609,19283,1700,1600,1200,1000,900,1000,-9,-602,-1255,895,391,717,112463,0
80000,1,2,1,-1,-1,-1,-1,-1,-1,31443,26358,20050,10850,4204,0,1800,1621,0,0,0,0,48557,53642,59950,69150,75796,80000,89484,0
100000,2,4,2,-1,-1,-1,-1,-1,-1,87656,90341,92244,93316,95158,97776,5000,4300,3500,3500,4200,4500,12344,9659,7756,6684,4842,2224,531491,0
70000,3,1,2,-1,-1,-1,-1,-1,-1,58665,55845,55362,39615,40477,43295,6852,2010,1500,1500,3500,2000,11335,14155,14638,30385,29523,26705,275897,0
330000,3,1,3,-1,-1,-1,-1,-1,-1,217148,218414,216225,181352,181172,179835,7849,7919,6198,6525,6523,6122,112852,111586,113775,148648,148828,150165,1153010,0
200000,1,2,2,-2,-2,-1,-1,-2,-1,1488,2493,5261,993,2494,3890,2505,5268,996,2501,3896,5189,198512,197507,194739,199007,197506,196110,-3736,0
30000,1,2,2,-1,-1,-1,-1,2,2,27748,24640,51026,27400,26823,28621,1500,1500,4200,0,2252,0,2252,5360,-21026,2600,3177,1379,176806,0
200000,3,2,5,2,2,2,2,2,-2,2500,2500,2500,2500,0,0,0,0,0,0,0,0,197500,197500,197500,197500,200000,200000,10000,1
80000,1,4,1,-1,-1,-1,-1,-2,-2,5060,0,3885,0,0,0,0,3885,0,0,0,860,74940,80000,76115,80000,80000,80000,4200,0
340000,1,4,3,-1,-1,-1,-1,-1,2,68616,6691,10961,8722,4776,2812,7355,10012,8740,4776,0,6000,271384,333309,329039,331278,335224,337188,65695,0
20000,2,4,4,-1,-1,-1,-1,-1,-1,17091,17596,15524,14807,13667,16271,3000,3006,3506,3500,7011,7125,2909,2404,4476,5193,6333,3729,67808,1
130000,1,4,1,2,-1,-1,-1,-1,-1,126509,109944,105049,68154,67397,61764,6000,6000,5000,2500,3000,3000,3491,20056,24951,61846,62603,68236,513317,0
400000,1,2,2,-1,-1,-1,-1,2,-1,115506,123607,140859,157131,126146,115529,10000,20009,20146,68,5109,5084,284494,276393,259141,242869,273854,284471,718362,0
200000,2,2,1,-1,-1,-1,-1,-1,-1,34391,26945,26349,26925,27841,29368,1507,1427,1003,2000,2000,1060,165609,173055,173651,173075,172159,170632,162822,0
80000,2,2,3,-1,-1,-1,-1,-2,-2,4762,3235,1970,0,0,0,1000,1970,0,0,0,0,75238,76765,78030,80000,80000,80000,6997,0
50000,3,1,2,-1,-1,-1,-1,-1,-1,26979,21029,18765,19145,19229,19026,1328,1298,678,687,691,700,23021,28971,31235,30855,30771,30974,118791,0
30000,1,4,1,-1,-1,-1,-1,-1,-1,19783,20959,22269,22601,23085,23646,1500,1668,1000,1000,944,762,10217,9041,7731,7399,6915,6354,125469,0
70000,2,4,1,-1,-1,2,-1,-1,-1,31377,31420,30940,24765,25942,27073,6000,1125,1300,3000,2500,1200,38623,38580,39060,45235,44058,42927,156392,0
500000,1,2,2,-1,-1,-1,-1,-1,-1,3933,5924,39167,4683,7222,35746,5954,39373,4706,7259,35924,5750,496067,494076,460833,495317,492778,464254,-2291,0
80000,1,2,1,-1,-1,-1,-1,-2,-1,6544,4924,1990,0,0,4350,4924,1990,0,0,4350,0,73456,75076,78010,80000,80000,75650,6544,0
120000,2,1,3,-1,-1,-1,-1,-1,-1,94166,73086,62511,36996,30311,26414,3500,2347,5000,3000,2000,10000,25834,46914,57489,83004,89689,93586,297637,0
390000,1,1,2,-1,-1,-1,-1,-1,-1,17794,23518,28139,32711,36215,40650,6000,5000,5000,4000,5000,8883,372206,366482,361861,357289,353785,349350,145144,0
30000,3,1,4,-1,-1,-1,-1,-1,-1,28889,30050,29797,18464,12235,0,2002,1025,1230,1042,0,0,1111,-50,203,11536,17765,30000,114136,0
70000,1,4,2,-1,-1,-1,2,-1,-1,6749,64626,47161,27534,26660,27022,64626,3000,0,946,1424,1000,63251,5374,22839,42466,43340,42978,128756,0
140000,3,2,2,-1,-1,-1,-1,-1,-1,115940,100572,10776,10776,1059,0,10000,1000,0,1059,0,0,24060,39428,129224,129224,138941,140000,227064,0
30000,2,2,1,-1,-1,-1,-1,-1,-1,52636,27761,28791,29078,30125,8941,3164,1615,902,1374,767,849,-22636,2239,1209,922,-125,21059,168661,0
190000,2,4,1,1,-2,-1,-1,-1,-1,0,0,2251,2251,497,7681,0,2251,0,600,9289,6374,190000,190000,187749,187749,189503,182319,-5834,0
270000,1,2,2,-1,-1,2,-1,-1,-1,117705,123812,125284,126708,134352,108585,8000,5000,5000,10000,5000,5000,152295,146188,144716,143292,135648,161415,698446,0
290000,1,2,2,-2,-2,-2,-2,-2,-2,184910,118701,97606,76053,53994,31812,4166,3400,2588,1696,1113,1647,105090,171299,192394,213947,236006,258188,548466,1
50000,2,2,1,-1,-1,-1,-2,-2,-2,1972,2524,0,0,0,0,2500,0,0,0,0,0,48028,47476,50000,50000,50000,50000,1996,1
200000,1,2,3,-1,-1,-1,-1,-1,-1,30689,31895,32808,28298,26538,24645,5003,5000,5000,2000,5000,3000,169311,168105,167192,171702,173462,175355,149870,0
30000,2,4,1,-1,-1,2,-1,-1,2,5807,7153,7877,8591,10302,10006,1600,1000,1000,2000,0,1500,24193,22847,22123,21409,19698,19994,42636,0
150000,2,1,1,-1,-1,-1,-1,-1,-1,46625,66174,81085,75300,77276,64065,30151,40104,10013,5083,1819,4793,103375,83826,68915,74700,72724,85935,318562,0
30000,3,4,3,-1,-1,-1,-1,-1,-1,2946,0,390,390,390,0,0,390,390,390,0,780,27054,30000,29610,29610,29610,30000,2166,1
500000,1,1,2,-2,-1,-1,-1,-1,-1,33348,90852,42389,19238,34750,21464,90889,42398,19244,34750,21464,28557,466652,409148,457611,480762,465250,478536,4739,0
20000,1,4,1,-1,-1,-1,2,-1,-1,17229,17591,17750,17175,18716,18782,1300,2180,0,1818,1000,680,2771,2409,2250,2825,1284,1218,100265,0
50000,3,1,1,1,2,-1,-1,-1,-1,22446,21799,23130,24432,26862,29244,0,1698,2000,3000,3000,5000,27554,28201,26870,25568,23138,20756,133215,0
280000,2,2,2,2,2,2,2,2,-1,110550,113877,115223,116930,112607,95949,6600,4700,5100,0,4200,3000,169450,166123,164777,163070,167393,184051,641536,0
80000,3,2,1,1,-1,-1,-1,-1,-1,0,832,416,416,416,416,1248,416,416,416,416,416,80000,79168,79584,79584,79584,79584,-832,0
200000,1,2,1,1,-2,-1,-1,-1,-1,0,0,6331,6460,630,500,0,6331,129,630,500,0,200000,200000,193669,193540,199370,199500,6331,0
30000,3,2,5,-1,-1,-1,-1,-1,-1,27331,27171,28491,28091,28664,0,2000,2000,0,573,0,0,2669,2829,1509,1909,1336,30000,135175,0
30000,2,2,1,-1,-1,-1,-1,-1,-1,22280,23671,24233,22893,3332,3400,1748,1310,490,67,68,0,7720,6329,5767,7107,26668,26600,96126,0
380000,2,2,2,-1,-1,-1,-1,-1,-1,2661,2022,1823,1823,1823,1198,2022,1823,1823,1823,1198,2068,377339,377978,378177,378177,378177,378802,593,0
260000,2,4,1,-1,-1,-1,-1,-1,-1,164351,164244,158124,62373,746,-45734,7000,5115,2000,746,5025,54836,95649,95756,101876,197627,259254,305734,429382,0
50000,2,2,1,1,2,-1,-1,-1,-1,50043,98450,48689,19773,19931,19237,1000,2000,900,900,1000,1000,-43,-48450,1311,30227,30069,30763,249323,0
90000,3,1,4,-1,-1,-1,-1,-1,-1,99905,87296,90388,56087,27055,22320,3763,5150,1100,977,1202,3495,-9905,2704,-388,33913,62945,67680,367364,0
20000,2,1,3,1,2,2,-1,-1,-1,15919,16939,16374,16604,16837,17357,1570,0,800,650,800,1000,4081,3061,3626,3396,3163,2643,95210,0
10000,2,2,1,1,-1,-1,-1,-1,-1,-2000,2475,4428,6368,9046,10000,4475,2000,2000,2780,2000,0,12000,7525,5572,3632,954,0,17062,0
400000,2,2,3,1,-2,-1,-1,-1,-1,0,0,1228,3405,961,-251,0,1228,3405,961,0,0,400000,400000,398772,396595,399039,400251,-251,0
300000,1,4,2,-2,-1,-1,-2,-2,-1,2081,1925,1656,1756,1776,3414,1925,1656,1756,1776,3414,109,297919,298075,298344,298244,298224,296586,1972,0
150000,4,2,1,-2,-1,-1,-1,-1,-1,1072,963,3271,16741,8230,6517,1321,3271,16741,0,3885,11970,148928,149037,146729,133259,141770,143483,-394,0
50000,2,4,2,-1,-1,-1,-1,-1,-1,51444,52607,48083,30205,29747,30042,2000,1500,1690,1200,1200,992,-1444,-2607,1917,19795,20253,19958,233546,0
100000,2,4,1,2,2,-1,-1,-1,-1,101827,99365,100349,72391,72396,72668,0,3927,2700,2800,3000,3000,-1827,635,-349,27609,27604,27332,503569,1
150000,2,2,2,-2,-2,-2,-2,-2,-1,0,0,0,0,0,150,0,0,0,0,150,810,150000,150000,150000,150000,150000,149850,-810,1
110000,2,2,2,-1,-1,-1,-1,-1,-1,111576,102942,99241,73151,64731,66025,4100,3680,2511,2350,2370,2610,-1576,7058,10759,36849,45269,43975,500045,0
100000,2,4,1,-1,-1,-1,-1,-1,-1,106750,76374,68584,66901,63261,64409,3004,47000,2540,3000,3000,3000,-6750,23626,31416,33099,36739,35591,384735,0
50000,2,1,2,-1,-1,-1,-1,-1,-1,21460,12570,13530,14876,14157,18888,1300,1200,5000,1000,5000,8000,28540,37430,36470,35124,35843,31112,73981,1
80000,1,2,1,-1,-1,-1,-1,-1,-1,6228,589,390,390,390,383,589,390,390,390,383,2390,73772,79411,79610,79610,79610,79617,3838,0
210000,1,4,1,-1,-1,-1,-1,-1,-1,4576,1837,141555,140550,153587,153278,1837,141555,4272,20150,6000,9749,205424,208163,68445,69450,56413,56722,411820,0
140000,3,2,5,-1,-1,-1,-1,-1,-1,137730,137498,137187,136807,136631,136080,4990,4975,4897,5029,4792,4987,2270,2502,2813,3193,3369,3920,792263,1
240000,1,2,3,-1,-1,-1,-2,-2,-2,8862,3220,0,0,0,0,3220,0,0,0,0,0,231138,236780,240000,240000,240000,240000,8862,0
110000,2,4,2,-1,-1,-1,-1,-1,-1,48120,44723,37745,34519,29541,42400,5000,2000,2000,2000,16468,3000,61880,65277,72255,75481,80459,67600,206580,0
100000,3,4,3,-2,-2,-2,-2,-2,-2,2422,894,0,0,1639,923,894,0,0,1639,923,0,97578,99106,100000,100000,98361,99077,2422,0
50000,2,1,1,-1,-1,-1,-1,-1,-1,17961,18689,19284,19517,19193,18848,1700,1600,1200,1000,1000,1200,32039,31311,30716,30483,30807,31152,105792,0
90000,2,2,2,-1,-1,-1,-1,-1,-1,82164,77060,76589,62892,58326,59491,2926,3571,2381,2083,2100,1976,7836,12940,13411,27108,31674,30509,401485,0
150000,1,2,2,-1,-1,-1,-1,-1,-2,26739,32939,34300,35100,-1200,-1200,7000,2500,1000,0,0,0,123261,117061,115700,114900,151200,151200,116178,0
100000,2,2,2,2,2,2,2,2,2,29778,30678,31154,31625,31059,33123,1600,1200,1200,0,2500,1300,70222,69322,68846,68375,68941,66877,179617,1
140000,2,2,5,-1,-1,-1,-1,-1,-1,142250,142172,141738,141524,141845,142150,5200,5100,5000,5200,5100,5200,-2250,-2172,-1738,-1524,-1845,-2150,820879,0
230000,1,4,2,-1,-1,-1,-1,-1,-1,172567,174987,133263,114889,117139,120252,7000,6000,4500,4000,5000,4500,57433,55013,96737,115111,112861,109748,802097,0
20000,2,4,1,-1,-1,-1,-1,-1,-1,19223,18206,19195,38040,20009,20138,1293,1397,836,1653,565,206,777,1794,805,-18040,-9,-138,128861,1
230000,3,4,2,-1,-1,-1,-1,-1,-1,14887,23751,52698,101007,103598,150430,10000,30000,50000,4691,50000,4000,215113,206249,177302,128993,126402,79570,297680,0
150000,2,2,1,-2,-2,-2,-2,-2,-2,3627,0,0,0,0,0,0,0,0,0,0,0,146373,150000,150000,150000,150000,150000,3627,1
20000,2,2,1,-1,-1,-1,-1,-1,-1,10534,8864,6741,3820,16945,17509,1300,1305,500,13500,1000,1500,9466,11136,13259,16180,3055,2491,45308,0
120000,3,2,2,-1,-1,-1,-1,-1,-1,27666,28036,29555,28458,29129,29700,1500,2000,1000,1500,1500,1500,92334,91964,90445,91542,90871,90300,163544,0
30000,3,2,4,1,2,2,2,3,2,24921,26225,25502,28588,27616,27903,2000,0,3509,0,1128,0,5079,3775,4498,1412,2384,2097,154118,1
220000,1,1,3,1,2,-1,-1,-1,-1,59932,57477,54788,54468,51920,49016,0,2421,1964,2000,2000,1600,160068,162523,165212,165532,168080,170984,317616,0
250000,1,1,3,-1,-1,-1,-1,-1,-1,9146,10906,4614,28790,4418,10676,10957,4614,28796,4418,10676,0,240854,239094,245386,221210,245582,239324,9089,0
80000,2,1,2,-1,-1,-1,-2,-2,-2,11460,16000,0,0,0,0,5000,0,0,0,0,0,68540,64000,80000,80000,80000,80000,22460,0
60000,1,2,1,-1,-1,2,-1,-1,-1,57392,60254,58971,29137,29900,30069,4400,304,1100,1216,1300,589,2608,-254,1029,30863,30100,29931,256814,0
130000,2,2,2,1,-2,-1,-1,-1,-1,0,0,306,3670,1473,5555,0,306,3670,1473,5555,1473,130000,130000,129694,126330,128527,124445,-1473,0
400000,3,1,3,-1,-1,-1,-1,-1,-1,145801,134269,100229,57583,8556,316,6100,26621,6600,406,316,316,254199,265731,299771,342417,391444,399684,406395,0
150000,2,4,1,-1,-1,-1,-1,-1,-1,103227,105462,109160,109859,112314,114614,3900,5450,4000,4227,4321,5000,46773,44538,40840,40141,37686,35386,627738,0
230000,3,2,4,-2,-2,-2,-2,-2,-2,316,316,2310,316,316,316,316,2310,316,316,316,316,229684,229684,227690,229684,229684,229684,0,1
70000,3,4,1,-1,-1,-1,-1,-1,-1,75894,70947,59783,18965,15936,1518,10004,3012,1000,1000,1518,20911,-5894,-947,10217,51035,54064,68482,205598,0
50000,2,2,2,-1,-1,-1,-1,-1,-1,47407,37716,30873,24659,15849,8540,2039,1400,1612,0,0,0,2593,12284,19127,25341,34151,41460,159993,0
90000,1,2,2,-1,-1,-1,-1,-1,-1,380,2132,0,1066,1752,569,2132,0,1066,1752,569,2132,89620,87868,90000,88934,88248,89431,-1752,0
30000,3,4,3,-1,-1,2,-1,-1,-1,27838,30715,29322,28015,28610,28884,3330,0,1148,1195,910,1000,2162,-715,678,1985,1390,1116,165801,0
30000,2,1,3,3,2,2,2,2,2,26319,27404,27769,28227,28642,28042,1800,1100,1200,1000,0,2200,3681,2596,2231,1773,1358,1958,159103,0
250000,1,4,1,-2,-2,-2,-2,-2,-2,1245,712,0,0,0,0,712,0,0,0,0,0,248755,249288,250000,250000,250000,250000,1245,0
30000,2,4,1,1,-1,-1,-2,-2,-1,-1,604,0,0,0,359,605,0,0,0,359,0,30001,29396,30000,30000,30000,29641,-2,0
150000,2,2,1,-2,-2,-2,-2,-2,-2,929,0,0,0,0,0,0,0,0,0,0,0,149071,150000,150000,150000,150000,150000,929,0
400000,1,4,3,-1,-1,-1,-1,-1,-1,24478,10841,53336,25017,16039,38994,10846,53383,16044,0,39727,0,375522,389159,346664,374983,383961,361006,48705,0
30000,2,2,4,-1,-1,-1,-1,-1,-1,20533,20819,21990,15525,25242,0,2000,2000,5000,25242,0,5000,9467,9181,8010,14475,4758,30000,64867,1
270000,1,4,4,-1,-1,-1,-1,-1,-1,3095,2340,0,1250,2250,178,2340,0,1250,1000,178,1772,266905,267660,270000,268750,267750,269822,2573,0
360000,3,1,2,-1,-1,-2,-2,-2,-1,303,0,0,0,0,860,0,0,0,0,860,0,359697,360000,360000,360000,360000,359140,303,0
80000,2,2,1,2,-1,-1,-1,-1,-1,82628,134880,67325,68652,70388,76743,2500,2404,3000,2800,7700,0,-2628,-54880,12675,11348,9612,3257,482212,1
70000,2,4,2,-1,-1,-1,-1,-1,2,14320,15383,16318,17048,18772,18320,1600,1500,1000,2000,0,1000,55680,54617,53682,52952,51228,51680,93061,0
50000,1,4,1,-1,-1,-1,-1,-1,-1,41897,17304,16544,14787,15975,17098,4000,2000,3000,3000,3000,3000,8103,32696,33456,35213,34025,32902,105605,0
220000,2,4,2,-1,-1,-1,-1,-1,-1,142846,146533,151098,153094,156295,151840,6000,7000,6000,6000,10000,10000,77154,73467,68902,66906,63705,68160,856706,0
70000,2,2,1,-1,-1,-1,2,-1,-1,56626,58512,61926,60332,61658,65561,2800,5000,0,2300,4950,2700,13374,11488,8074,9668,8342,4439,346865,1
340000,1,2,2,-1,-1,-1,-1,-1,-1,250571,251917,256908,260462,265927,271766,9125,11750,9325,9665,10274,9832,89429,88083,83092,79538,74073,68234,1497580,0
20000,3,2,3,-1,-1,-1,-1,-1,-1,390,0,780,390,390,0,0,1170,0,390,0,780,19610,20000,19220,19610,19610,20000,-390,0
300000,2,4,2,-1,-1,-1,-1,-1,-1,139578,123041,110751,99222,83859,72220,6000,4500,3500,3000,3000,7500,160422,176959,189249,200778,216141,227780,601171,0
180000,1,4,1,-2,-2,-2,-2,-2,-2,0,0,432,0,0,0,0,432,0,0,0,0,180000,180000,179568,180000,180000,180000,0,0
60000,2,2,2,1,-2,-2,-2,-2,-1,-64,-64,-64,-64,-64,16759,0,0,0,0,17000,13000,60064,60064,60064,60064,60064,43241,-13561,0
160000,2,4,1,2,2,2,2,2,2,157818,161308,162923,161481,155819,168283,7500,5800,5700,0,18100,0,2182,-1308,-2923,-1481,4181,-8283,930532,1
50000,2,2,2,-1,-1,-1,-1,-1,-1,50148,50522,50073,49130,48658,0,2064,2005,1367,1700,0,0,-148,-522,-73,870,1342,50000,241395,0
100000,1,2,2,-1,-1,-1,-1,-1,-1,1669,710,1824,1968,0,640,710,1824,1968,0,640,0,98331,99290,98176,98032,100000,99360,1669,0
60000,3,2,3,-1,-1,-2,-2,-2,-1,2970,430,430,717,430,4171,430,430,717,430,4171,2914,57030,59570,59570,59283,59570,55829,56,0
30000,2,2,1,-1,-1,-1,-1,-1,-1,26725,28289,29489,30237,30504,29771,2000,2000,1502,1112,1100,2000,3275,1711,511,-237,-504,229,165301,0
500000,2,4,2,-2,-2,-2,-1,-1,-1,13284,17262,81198,40049,54258,59569,17311,81938,40060,30000,20000,10000,486716,482738,418802,459951,445742,440431,66311,0
20000,2,2,2,-1,-1,-1,-1,-1,-1,18126,19174,20095,18583,19313,36046,1347,1268,1000,1000,1000,1000,1874,826,-95,1417,687,-16046,124722,0
50000,2,4,1,-1,-1,-1,-1,-1,-1,35131,6559,836,836,836,3300,5582,836,836,836,3300,1476,14869,43441,49164,49164,49164,46700,34632,0
180000,2,2,2,-1,-1,-1,-1,-1,-1,174635,173281,175102,134494,135881,124651,8155,8199,4960,5404,4686,4563,5365,6719,4898,45506,44119,55349,882077,0
90000,2,4,1,-1,-1,-1,-1,-1,-1,19204,12681,14155,14916,15673,17404,2000,2000,1000,1000,2000,2000,70796,77319,75845,75084,74327,72596,84033,0
150000,2,2,2,-1,-1,-1,-1,-1,-1,37794,39240,40653,41249,42356,43278,2000,2000,1500,1700,1700,1668,112206,110760,109347,108751,107644,106722,234002,0
30000,2,1,3,-1,-1,-1,-1,-1,-2,30003,30470,30147,26030,0,0,1643,1420,913,700,0,0,-3,-470,-147,3970,30000,30000,111974,0
130000,3,2,3,-1,-1,-1,-1,-1,-1,13513,11800,2522,1261,390,390,1000,2522,0,390,390,390,116487,118200,127478,128739,129610,129610,25184,0
80000,3,2,2,-2,-2,-2,-2,-2,-2,0,0,0,0,0,0,0,0,0,0,0,0,80000,80000,80000,80000,80000,80000,0,0
210000,2,2,2,-1,-1,-1,-1,-1,-1,206409,198390,200035,96882,99087,101427,8546,7542,11538,3735,4129,2821,3591,11610,9965,113118,110913,108573,863919,0
530000,1,4,2,-1,-1,-1,-1,-1,-1,439330,407763,364298,345867,346676,352736,17045,14089,11962,11763,12557,12496,90670,122237,165702,184133,183324,177264,2176758,0
360000,2,1,4,1,3,2,-1,-1,-1,3551,3348,2504,1878,1252,626,0,0,0,0,0,626,356449,356652,357496,358122,358748,359374,12533,1
140000,2,4,2,-1,-1,-1,-1,-1,-1,134183,136457,97395,99249,77188,71675,8144,6812,5036,3000,15000,10000,5817,3543,42605,40751,62812,68325,568155,0
20000,2,2,1,2,-1,-1,-1,-1,-1,19618,17576,18266,18637,19028,14924,1451,1141,512,533,1000,600,382,2424,1734,1363,972,5076,102812,0
200000,1,2,3,-1,-1,-1,-1,-1,-1,316,316,316,316,316,316,316,316,316,316,316,316,199684,199684,199684,199684,199684,199684,0,0
40000,2,4,1,-1,-1,-1,2,-1,-1,39092,39816,40817,39082,38091,40159,1967,3300,0,1400,3100,0,908,184,-817,918,1909,-159,227290,1
200000,3,2,1,-1,-1,-1,-1,-1,-1,60225,61040,32298,31046,21581,16001,4119,5000,3037,3025,3035,3000,139775,138960,167702,168954,178419,183999,200975,0
90000,4,2,2,-1,-1,-1,-1,-1,-1,101023,97045,102372,100794,98277,96735,3580,13000,7000,6000,7000,8200,-11023,-7045,-12372,-10794,-8277,-6735,551466,0
410000,2,1,3,-1,-1,-1,-1,-1,-1,278405,285415,279484,274639,281158,288051,13000,10515,9884,11000,11425,11700,131595,124585,130516,135361,128842,121949,1619628,0
170000,3,4,3,-1,-1,-1,-1,-1,-1,77795,66420,83733,89389,97696,101063,5000,20000,8000,10000,5000,4000,92205,103580,86267,80611,72304,68937,464096,0
230000,1,2,2,-1,-1,-1,-1,-1,-1,89299,90714,86954,76098,76501,64763,5000,5000,3000,4000,5000,5000,140701,139286,143046,153902,153499,165237,457329,0
210000,2,4,3,-1,-1,-1,-1,-1,-1,1631,1024,1520,916,586,1466,1024,1520,0,586,1466,427,208369,208976,208480,209084,209414,208534,2120,0
200000,2,2,1,-1,-1,-1,-1,-1,2,7468,34399,36792,49648,33498,30895,30035,10008,15011,5010,153,14100,192532,165601,163208,150352,166502,169105,118383,0
50000,1,4,1,1,2,-1,-1,-1,-1,43099,42133,43127,44210,45844,49869,0,2000,1800,2500,5500,1801,6901,7867,6873,5790,4156,131,254681,0
130000,2,2,3,-1,-1,-1,-1,-1,-1,83521,84373,86004,87718,90720,87851,3087,3059,3080,4355,3323,3192,46479,45627,43996,42282,39280,42149,500091,0
210000,2,2,2,-1,-1,-1,-1,-1,-1,24708,21544,41616,34833,17628,2400,1995,21067,14492,17680,2407,497,185292,188456,168384,175167,192372,207600,84591,0
130000,2,4,3,-1,-1,-1,-1,-1,-1,42946,43969,44975,45723,46515,47450,1676,1682,1430,1318,1331,1525,87054,86031,85025,84277,83485,82550,262616,0
80000,2,4,3,-1,2,2,2,2,2,66053,67397,68193,69465,70545,72233,3000,2500,3000,2500,3000,0,13947,12603,11807,10535,9455,7767,399886,0
360000,2,2,3,-1,-1,-2,-2,-2,-2,15000,0,0,0,0,0,0,0,0,0,0,780,345000,360000,360000,360000,360000,360000,14220,0
500000,1,1,3,1,1,-1,-1,-1,-1,9615,9996,177741,163299,159110,135658,1054,177080,4425,5666,4825,100225,490385,490004,322259,336701,340890,364342,362144,0
60000,2,2,4,-1,-1,-1,-1,-1,-1,390,390,390,390,540,390,390,390,390,540,390,390,59610,59610,59610,59610,59460,59610,0,1
160000,2,4,1,-1,-1,-1,-1,-1,-1,8218,4450,3291,1623,905,0,1216,1000,32,905,0,0,151782,155550,156709,158377,159095,160000,15334,0
50000,2,4,1,2,-1,-1,-1,-1,-1,47076,48628,48524,8411,8587,8758,2617,2463,350,311,313,324,2924,1372,1476,41589,41413,41242,163606,1
50000,3,1,2,-1,-1,-1,2,-1,-1,19374,17772,20090,19052,19601,16460,1346,2664,1261,782,606,583,30626,32228,29910,30948,30399,33540,105107,0
360000,1,2,2,-1,-1,-1,-1,-1,-1,256324,246283,211725,49064,19272,18609,12009,9530,2116,9291,18718,19333,103676,113717,148275,310936,340728,341391,730280,0
30000,2,4,2,1,-2,-2,-1,2,2,0,0,0,239,89,589,0,0,239,0,500,0,30000,30000,30000,29761,29911,29411,178,0
20000,2,4,1,-1,2,-1,2,-1,-1,226,226,4294,2863,1583,1320,0,4294,0,0,150,0,19774,19774,15706,17137,18417,18680,6068,0
360000,1,2,2,-1,-1,-1,-1,-1,-1,37736,28746,19783,17738,1262,382,1174,1100,396,1266,9,7643,322264,331254,340217,342262,358738,359618,94059,1
50000,1,4,1,-1,-1,-1,-1,-1,-1,6608,4571,6260,6760,4762,5684,2000,2000,500,2000,2000,1000,43392,45429,43740,43240,45238,44316,25145,0
460000,1,2,3,-2,-2,-2,-2,-2,-2,7677,21748,4032,23724,12972,11111,21958,4052,23862,13036,11167,45034,452323,438252,455968,436276,447028,448889,-37845,0
20000,2,2,1,-1,2,2,2,-1,-1,19318,18735,20905,20270,19409,19954,0,2480,0,1000,1035,1000,682,1265,-905,-270,591,46,113076,0
330000,2,1,2,1,-1,-1,-1,-1,-1,-208,208,125755,128671,132598,136229,416,125755,5000,6000,6000,10000,330208,329792,204245,201329,197402,193771,370082,0
200000,3,2,1,1,-2,-1,-1,-1,-1,0,0,1000,34614,749,0,0,1000,34614,749,0,0,200000,200000,199000,165386,199251,200000,0,0
50000,2,2,2,2,2,2,2,-1,-1,50965,50956,50603,49788,37353,0,1101,1500,39,1280,0,0,-965,-956,-603,212,12647,50000,235745,1
50000,2,2,1,-1,-1,-1,-1,-1,-1,7052,2105,7358,2912,2881,553,2003,7000,2900,2500,400,0,42948,47895,42642,47088,47119,49447,8058,0
50000,2,2,1,1,-1,-1,-1,-1,-1,-22,834,-639,1559,-205,613,3000,0,3000,0,2000,1000,50022,49166,50639,48441,50205,49387,-6860,0
270000,2,2,3,-1,-1,2,-1,-1,-1,1138,11899,5794,19857,3681,3188,11921,329,20218,3699,3204,13193,268862,258101,264206,250143,266319,266812,-7007,0
200000,2,2,2,-1,-1,-1,-1,-1,-1,7770,3266,200,15845,15845,-39,5846,200,15845,0,0,0,192230,196734,199800,184155,184155,200039,20996,0
300000,2,4,1,-1,-1,-1,-1,-1,-1,199801,121321,94524,86637,78939,70689,5017,3200,3500,3000,3000,74000,100199,178679,205476,213363,221061,229311,560194,0
50000,1,4,1,1,-2,-2,-2,-1,-1,-1,-1,-1,-1,349,350,0,0,0,350,351,4076,50001,50001,50001,50001,49651,49650,-4082,0
250000,3,2,4,-1,-1,-1,-1,-1,-1,296963,237684,178151,180993,155516,125063,8000,7400,9700,5100,4500,4012,-46963,12316,71849,69007,94484,124937,1135658,1
400000,1,2,2,-1,-1,-1,-2,-2,-1,201800,205150,0,0,0,91057,9150,0,0,0,91057,100000,198200,194850,400000,400000,400000,308943,297800,0
360000,1,4,1,-1,-1,-1,-1,-1,-1,119138,100553,96679,79703,71682,24230,20006,25006,20200,40000,0,0,240862,259447,263321,280297,288318,335770,386773,0
120000,2,2,1,-1,-1,-1,-1,-1,-1,122842,123704,123291,121242,121403,121863,6500,6100,4603,4774,9000,0,-2842,-3704,-3291,-1242,-1403,-1863,703368,1
50000,2,2,3,2,-1,-1,-1,-1,-1,19169,20195,21207,21628,22233,22519,1341,1353,774,953,805,832,30831,29805,28793,28372,27767,27481,120893,1
340000,2,2,3,-2,-2,-2,-2,-2,-2,0,0,0,0,0,0,0,0,0,0,0,0,340000,340000,340000,340000,340000,340000,0,0
180000,2,2,1,-1,-1,-1,-1,-1,-1,98535,99196,98905,75576,59889,51422,3977,6516,1611,3000,7080,1132,81465,80804,81095,104424,120111,128578,460207,0
50000,1,4,1,1,-1,-1,-1,-1,-1,-1971,50265,45397,45256,28355,16624,53267,1835,3039,0,7000,9300,51971,-265,4603,4744,21645,33376,109485,0
150000,2,2,2,-1,-1,-1,-1,-1,-1,111880,106841,102490,103711,104153,103240,4000,3700,3700,3756,3800,3500,38120,43159,47510,46289,45847,46760,609859,0
100000,2,2,3,2,2,2,2,2,-1,97031,96919,93277,97576,94742,95578,3500,0,7000,0,3600,4000,2969,3081,6723,2424,5258,4422,557023,1
200000,2,4,1,1,-1,-1,-1,-1,-1,0,1732,828,0,497,1809,1732,828,0,497,1809,0,200000,198268,199172,200000,199503,198191,0,0
160000,2,2,3,-1,-1,-2,-2,-2,-2,8460,0,0,0,0,0,0,0,0,0,0,0,151540,160000,160000,160000,160000,160000,8460,0
50000,3,1,4,-1,-1,-1,-1,-1,-1,44258,28040,27935,51904,24147,24425,2489,1384,841,1013,819,15154,5742,21960,22065,-1904,25853,25575,179009,0
150000,2,2,3,-1,-1,-1,-1,-1,-1,40548,41597,42405,43498,44596,45700,2000,1800,1800,1800,2000,1800,109452,108403,107595,106502,105404,104300,247144,0
50000,3,2,4,-2,-2,-2,-2,-2,-2,0,0,0,0,0,0,0,0,0,0,0,0,50000,50000,50000,50000,50000,50000,0,0
220000,2,4,2,-1,-1,-1,-1,-1,-1,126695,106534,109884,106114,108202,110938,4000,5500,3775,4100,5000,4500,93305,113466,110116,113886,111798,109062,641492,0
30000,2,2,1,2,2,2,2,2,2,11851,14416,13887,14564,15183,14790,2762,0,910,1000,0,1200,18149,15584,16113,15436,14817,15210,78819,1
30000,2,2,1,2,-1,-1,-1,-1,2,25369,23073,21520,18669,15710,15308,1700,1600,700,1401,0,600,4631,6927,8480,11331,14290,14692,113648,1
50000,3,4,4,-1,-1,-1,-1,-1,-1,18599,18598,18835,18475,18135,17777,1321,1278,638,654,659,557,31401,31402,31165,31525,31865,32223,105312,0
160000,2,4,2,-1,-1,2,-1,-1,-1,25590,29169,28406,28836,30208,30853,4000,0,1200,2000,1300,1291,134410,130831,131594,131164,129792,129147,163271,0
180000,1,2,2,-2,-2,-2,-2,-2,-2,0,48544,17700,4270,0,19331,48544,17700,4270,0,19331,0,180000,131456,162300,175730,180000,160669,0,0
190000,1,1,2,-1,-1,-1,-1,-1,-1,158416,124910,95406,95313,48731,87197,6004,5148,5313,3000,40000,0,31584,65090,94594,94687,141269,102803,550508,0
480000,1,2,2,-1,-1,-1,-1,-1,-1,106660,400000,66270,80274,82160,110773,302000,66270,15000,3044,30042,34048,373340,80000,413730,399726,397840,369227,395733,0
270000,1,4,2,-1,-1,-1,-1,-1,-1,25343,40414,39956,39827,9456,386,20000,5000,5000,1000,386,0,244657,229586,230044,230173,260544,269614,123996,0
200000,2,2,2,-2,-2,-2,-2,-2,-2,162,536,0,495,0,0,536,0,495,0,0,546,199838,199464,200000,199505,200000,200000,-384,0
80000,1,2,2,-1,-1,-1,-1,-1,-1,780,259,7544,390,390,332,259,7544,0,390,332,780,79220,79741,72456,79610,79610,79668,390,1
410000,2,1,2,-2,-2,-2,-2,-1,-1,3827,9921,28961,2954,9942,2628,10534,29750,3483,10470,2636,122005,406173,400079,381039,407046,400058,407372,-120645,0
50000,1,4,1,-1,2,-1,-1,-1,-1,2823,1760,2640,1760,880,1910,0,1760,0,0,1910,0,47177,48240,47360,48240,49120,48090,8103,1
50000,3,4,3,-1,-1,-1,-1,-1,-1,2389,3405,4414,4653,4596,4688,1064,1073,312,166,168,174,47611,46595,45586,45347,45404,45312,21188,0
210000,1,1,2,-2,-2,-2,-1,-1,-2,980,0,650,3446,0,0,0,650,3446,0,0,0,209020,210000,209350,206554,210000,210000,980,1
20000,1,2,1,-1,-1,-1,-1,-1,-1,16196,17232,18339,18734,19281,19413,1600,1700,1000,1000,556,193,3804,2768,1661,1266,719,587,103146,0
150000,1,4,1,-1,-1,-1,-1,-1,-1,109835,110255,110247,110955,105145,105377,5500,5300,3853,4000,4000,3952,40165,39745,39753,39045,44855,44623,625209,0
130000,1,4,1,1,2,-1,-1,-1,-1,2576,2356,5978,2750,3641,1735,0,6000,2750,3641,1735,7290,127424,127644,124022,127250,126359,128265,-2380,1
200000,1,4,1,-1,-1,-1,-1,-1,-1,121830,91216,93099,94949,96929,98909,3311,3400,3400,3512,3586,3148,78170,108784,106901,105051,103071,101091,576575,0
110000,2,4,1,-1,-1,-1,-1,-1,-1,106963,101958,85914,73638,72119,73764,5023,3900,2600,5000,3000,3000,3037,8042,24086,36362,37881,36236,491833,0
180000,1,2,2,-1,-1,-2,-2,-2,-2,2743,0,0,0,0,0,0,0,0,0,0,0,177257,180000,180000,180000,180000,180000,2743,1
300000,1,2,3,-1,-1,-1,-1,-1,-1,10920,3939,10184,115184,63758,19813,3939,11082,115184,19800,0,2356,289080,296061,289816,184816,236242,280187,71437,0
360000,1,2,2,-1,-1,-1,-1,-1,-1,27,185,0,617,617,0,185,0,617,0,0,0,359973,359815,360000,359383,359383,360000,644,0
380000,2,2,2,-2,-2,-2,-2,-2,-2,3745,738,1175,576,576,-2,745,1180,578,578,0,580,376255,379262,378825,379424,379424,380002,3147,0
360000,1,4,1,-1,-1,-2,-2,-2,-1,2868,0,0,0,0,629,0,0,0,0,629,2475,357132,360000,360000,360000,360000,359371,393,1
80000,1,2,1,-2,-2,-2,-2,-2,-2,8598,9467,-270,3697,9455,4144,9467,0,3967,9455,5000,2900,71402,70533,80270,76303,70545,75856,4302,1
350000,1,6,3,-1,-1,-1,-1,-1,-1,181212,6021,154505,19653,26963,55533,6046,157181,19751,27070,55613,11811,168788,343979,195495,330347,323037,294467,166415,0
20000,4,2,1,-1,-1,-1,2,-1,-1,21501,21415,21529,19542,18547,17519,1674,2200,0,686,705,4176,-1501,-1415,-1529,458,1453,2481,110612,0
320000,1,4,2,-1,-1,-1,-1,-1,-1,227927,218565,223284,98028,102498,80469,10000,10000,5000,6000,5000,5000,92073,101435,96716,221972,217502,239531,909771,0
90000,3,1,5,-1,-1,-1,-1,-1,-1,86200,81995,16985,12985,285,-4715,2500,1000,1000,500,0,31000,3800,8005,73015,77015,89715,94715,157735,0
40000,1,4,1,-1,-1,-1,-1,-1,-1,32540,14163,30107,31567,32583,31309,14163,20000,3000,3000,31749,0,7460,25837,9893,8433,7417,8691,100357,1
50000,2,2,3,-1,-1,-1,-1,-1,-1,46616,44515,48510,35774,18261,16644,2005,5000,610,631,634,3000,3384,5485,1490,14226,31739,33356,198440,0
210000,1,4,1,-1,-1,-1,-1,-1,-1,4055,113782,59367,29583,26756,29553,114482,20176,6793,20112,29676,47642,205945,96218,150633,180417,183244,180447,24215,0
30000,2,4,1,3,2,-1,-1,2,2,30078,28639,26017,27790,27209,30508,87,2002,3200,0,3926,0,-78,1361,3983,2210,2791,-508,161026,0
310000,1,4,1,1,-1,-1,-2,-1,-1,0,113,0,0,6960,6008,113,200,0,6960,6008,0,310000,309887,310000,310000,303040,303992,-200,1
280000,2,4,2,-2,-2,-2,-2,-2,-2,1616,1198,494,698,1233,5080,1198,494,698,1233,5080,17095,278384,278802,279506,279302,278767,274920,-15479,0
280000,1,2,3,-1,-1,-1,-1,-1,-1,99755,81244,81193,82470,49630,46517,3000,3007,5000,2000,1700,2000,180245,198756,198807,197530,230370,233483,424102,0
260000,1,4,2,2,-1,-1,-1,-1,2,1381,491,491,1132,1711,1070,493,493,1134,1072,2,3103,258619,259509,259509,258868,258289,258930,-21,0
90000,2,1,3,-1,-1,-1,-1,-1,-1,-1750,76674,77974,80064,81747,86611,79786,2836,3657,2972,6228,0,91750,13326,12026,9936,8253,3389,305841,0
280000,1,1,3,-2,-2,-2,-2,-2,-2,11797,6163,-54,-54,-54,-54,6231,0,0,0,0,0,268203,273837,280054,280054,280054,280054,11513,0
360000,3,4,2,-1,2,2,-2,-2,-2,2500,2500,0,0,0,0,0,0,0,0,0,0,357500,357500,360000,360000,360000,360000,5000,0
30000,3,4,1,2,2,2,2,2,2,13257,14046,13523,14498,14123,15184,1300,0,1200,0,1300,0,16743,15954,16477,15502,15877,14816,80831,1
380000,2,1,3,-1,-1,-1,-1,-1,-1,379080,294675,226959,219918,203575,188774,13000,9500,8000,7200,6700,7500,920,85325,153041,160082,176425,191226,1461081,0
80000,2,4,1,3,2,-1,-1,-1,2,42080,41131,42281,42605,47544,33115,0,2200,1500,5600,0,2275,37920,38869,37719,37395,32456,46885,237181,0
50000,1,4,1,2,2,2,2,2,2,45708,48862,47748,50799,49904,49978,3900,0,3800,0,4000,0,4292,1138,2252,-799,96,22,281299,1
280000,1,2,2,1,-2,-2,-1,-1,-1,449,12487,-10,3090,240,2010,12611,0,3100,240,2010,212,279551,267513,280010,276910,279760,277990,93,0
120000,2,6,2,2,2,2,2,2,2,26446,27719,27570,28318,29217,28598,2000,600,1500,1500,0,1056,93554,92281,92430,91682,90783,91402,161212,1
180000,1,1,3,-1,-1,-1,-1,-1,-1,63444,65420,67722,70970,72670,76444,3000,4000,5000,3000,5000,5000,116556,114580,112278,109030,107330,103556,391670,0
380000,3,2,2,-1,-1,-1,-1,-1,-1,2989,3731,3003,69127,33815,115854,3742,3012,69294,33827,115860,64486,377011,376269,376997,310873,346185,264146,-61702,0
110000,1,4,1,-1,-1,-1,2,-1,-1,30961,31860,35254,30250,21436,25325,1700,4000,0,1000,5000,3000,79039,78140,74746,79750,88564,84675,160386,0
50000,2,6,2,-1,-1,-1,-1,-1,-1,1149,1420,1253,190,13390,9902,1424,1256,190,13400,30,16447,48851,48580,48747,49810,36610,40098,-5443,0
200000,1,4,3,-2,-2,-2,-1,2,2,0,0,0,5000,5000,0,0,0,5000,0,0,0,200000,200000,200000,195000,195000,200000,5000,0
200000,1,1,3,-1,-1,-1,-1,-1,-1,25929,1582,21133,2941,8191,22842,1582,21133,2941,8191,22842,5567,174071,198418,178867,197059,191809,177158,20362,0
150000,1,2,2,-1,-1,-1,-1,-1,-1,27329,42144,35757,33789,33219,5621,20228,10036,18002,10000,5621,0,122671,107856,114243,116211,116781,144379,113972,0
60000,2,1,3,-1,-1,-1,-1,-1,-1,58078,58139,59461,37170,18464,15822,2354,2538,1000,2000,1000,1000,1922,1861,539,22830,41536,44178,237242,1
200000,2,4,2,-1,-1,-1,-1,-1,-1,155768,156041,157356,123271,123831,124070,7325,7470,4460,4583,4376,4533,44232,43959,42644,76729,76169,75930,807590,0
90000,2,2,2,2,-1,-1,-1,-1,2,63426,57922,55010,52540,56236,40922,2700,2500,1900,4600,0,1600,26574,32078,34990,37460,33764,49078,312756,1
150000,1,4,2,-1,-1,-1,-1,-1,-1,1758,468,2988,2232,4535,0,468,2988,2232,4535,0,1593,148242,149532,147012,147768,145465,150000,165,0
20000,3,2,1,1,2,2,3,2,2,9126,8835,11088,10618,10304,11232,0,2400,0,0,1100,0,10874,11165,8912,9382,9696,8768,57703,1
150000,3,2,2,-1,-1,-1,-1,-1,-1,112391,98583,95810,87216,88201,87483,5000,4000,4000,3290,3200,3215,37609,51417,54190,62784,61799,62517,546979,0
180000,1,2,2,-1,-1,-1,-1,-1,-1,16953,15884,11153,3889,800,0,1000,11153,3924,800,0,2190,163047,164116,168847,176111,179200,180000,29612,0
470000,2,2,2,-2,-2,-2,-1,-1,-1,23747,23305,0,1632,141186,143916,1116,0,1632,141190,6000,7004,446253,446695,470000,468368,328814,326084,176844,0
30000,3,4,4,2,2,2,2,2,2,21767,24764,24031,25001,24531,21743,3363,0,1600,0,2000,0,8233,5236,5969,4999,5469,8257,134874,1
20000,1,4,1,-1,-1,2,-1,-1,-1,8266,10377,5529,4482,0,2030,2313,0,0,1449,2030,1280,11734,9623,14471,15518,20000,17970,23612,0
400000,1,2,2,-1,-1,-1,-1,-1,-1,14421,8392,13025,2816,6856,11069,8911,13025,2816,6856,11069,6823,385579,391608,386975,397184,393144,388931,7079,0
210000,1,4,1,-1,-1,-1,-1,-1,-1,15663,8513,8607,9137,10637,3443,1500,1006,1500,1500,2600,99,194337,201487,201393,200863,199363,206557,47795,0
120000,3,1,2,2,2,2,2,2,2,77468,78642,79757,80853,82715,84805,3000,3000,3000,3300,3600,2700,42532,41358,40243,39147,37285,35195,465640,1
160000,4,2,3,-2,-2,-2,-1,-1,-1,-1582,3097,0,2039,1033,0,5624,0,2039,0,0,0,161582,156903,160000,157961,158967,160000,-3076,0
200000,1,4,1,-1,-1,-1,-1,-1,-1,6242,1776,3587,0,2160,900,1776,3598,0,2160,900,1850,193758,198224,196413,200000,197840,199100,4381,0
160000,1,4,2,-1,-1,-2,-1,-1,2,9640,0,0,2804,403,253,0,0,2804,403,0,3144,150360,160000,160000,157196,159597,159747,6749,0
160000,2,4,2,2,2,2,2,2,2,147333,143786,151842,147962,156921,159416,200,12000,0,11500,5811,0,12667,16214,8158,12038,3079,584,877749,1
250000,3,1,4,-2,-1,-1,-1,-1,-1,179,1533,364,381,3987,7135,1540,387,381,3985,7161,0,249821,248467,249636,249619,246013,242865,125,0
140000,3,1,4,-1,-1,-1,-1,-1,-1,7272,7906,8717,9046,9369,10165,1299,1500,1000,1000,1500,1000,132728,132094,131283,130954,130631,129835,45176,0
330000,2,4,2,-2,-2,-2,-2,-2,-2,0,0,0,0,0,0,0,0,0,0,0,0,330000,330000,330000,330000,330000,330000,0,1
220000,1,4,1,2,-1,-1,-1,-1,-1,161081,158578,161256,157028,159971,168805,7100,7200,5800,5900,12000,0,58919,61422,58744,62972,60029,51195,928719,1
30000,3,2,1,1,2,2,2,2,2,13164,12668,15038,14502,15501,15105,0,2905,0,1386,0,600,16836,17332,14962,15498,14499,14895,81087,0
260000,1,2,2,1,2,-1,-1,2,-1,149124,145333,148332,160810,155683,158771,0,6910,16502,0,5847,5873,110876,114667,111668,99190,104317,101229,882921,1
380000,2,2,2,-1,-1,-1,-1,-1,-1,295543,299922,307166,311716,306830,303453,11000,12602,11500,10500,11000,10152,84457,80078,72834,68284,73170,76547,1757876,0
10000,2,4,2,-1,-1,-1,-1,-1,-1,15004,8663,9437,9630,8399,1697,2452,1000,193,168,1734,770,-5004,1337,563,370,1601,8303,46513,1
190000,1,4,3,-1,-1,-1,-1,-1,-1,181045,184249,158883,99255,80219,81912,8000,7000,4000,3000,3000,3000,8955,5751,31117,90745,109781,108088,757563,0
30000,2,2,2,-1,-1,-1,-1,-1,-1,23819,15367,10159,9859,8360,4101,1553,1033,381,384,404,1297,6181,14633,19841,20141,21640,25899,66613,0
300000,1,2,2,1,2,-1,-1,-1,-1,6077,5806,2994,5338,4714,2362,29,3009,5364,4714,2362,4,293923,294194,297006,294662,295286,297638,11809,0
20000,2,1,1,-1,-1,2,-1,-1,-1,17062,19248,18181,18156,19102,17363,2850,0,514,2000,1000,1570,2938,752,1819,1844,898,2637,101178,0
20000,2,1,2,-1,-1,-1,-1,-1,-1,17584,19819,11280,3680,4480,1650,3013,1005,1000,3000,1650,0,2416,181,8720,16320,15520,18350,48825,0
80000,3,4,1,-1,-1,-1,-1,-2,-2,37990,39400,15674,-1,-1,-1,2400,15674,0,0,0,0,42010,40600,64326,80001,80001,80001,74987,0
240000,2,1,2,-1,-1,-1,-1,-1,-1,225312,229394,232686,195509,198861,202057,8000,7400,6500,7000,7000,7000,14688,10606,7314,44491,41139,37943,1240919,0
90000,3,4,1,-1,-1,-1,-1,-1,-1,14692,15722,16733,17453,17970,18175,1269,1280,1000,950,652,1000,75308,74278,73267,72547,72030,71825,94594,0
100000,2,2,3,-1,-1,-1,-1,-1,-1,98944,75296,78049,48644,54963,57269,4000,5000,3000,9000,4000,5000,1056,24704,21951,51356,45037,42731,383165,0
320000,1,3,2,-1,-1,-1,-1,-1,-1,802,4929,2064,4365,1183,3287,4929,2064,4365,1183,3287,2810,319198,315071,317936,315635,318817,316713,-2008,0
360000,2,1,3,2,2,-2,-2,-2,-2,2500,0,0,0,0,0,0,0,0,0,0,0,357500,360000,360000,360000,360000,360000,2500,0
180000,2,1,2,1,2,2,-1,-1,-1,2826,4612,4571,5071,5195,0,2000,200,500,124,0,0,177174,175388,175429,174929,174805,180000,19451,1
300000,2,1,3,-2,-2,-2,-2,-2,-2,15876,4347,0,2208,2475,7580,4347,0,2208,2475,7580,0,284124,295653,300000,297792,297525,292420,15876,0
20000,1,4,1,-2,-2,-2,-2,-2,-1,-9,-9,904,304,0,302,0,913,304,0,302,7676,20009,20009,19096,19696,20000,19698,-7703,0
270000,2,4,1,-1,-1,-1,-1,-1,-1,29951,12211,13533,14391,15255,16273,1300,1533,1391,1255,1273,1000,240049,257789,256467,255609,254745,253727,93862,0
20000,3,4,3,-1,-1,-1,-1,-1,-1,19437,20154,18957,19334,19373,19460,1337,2000,666,714,810,600,563,-154,1043,666,627,540,110588,0
360000,2,2,2,-1,-1,-1,-1,-1,-1,39685,32219,34541,22420,16253,15773,1600,3019,900,600,369,2471,320315,327781,325459,337580,343747,344227,151932,0
120000,2,1,2,-1,-1,-1,-1,-1,-1,50441,41960,34024,30564,22702,23175,2000,1361,1000,824,851,812,69559,78040,85976,89436,97298,96825,196018,0
130000,3,4,1,-1,-1,-1,-1,-1,-1,129150,105529,107691,108418,115638,117958,5300,5400,4000,9000,4400,4500,850,24471,22309,21582,14362,12042,651784,0
60000,3,4,3,-1,-1,-1,-1,-1,-1,54920,39886,40056,39996,40261,32644,1726,1502,1287,1322,1179,1156,5080,20114,19944,20004,19739,27356,239591,0
60000,2,1,2,-1,-1,-1,-1,-1,-1,46064,47320,48337,49332,50536,51694,2000,1805,1800,2000,2000,2000,13936,12680,11663,10668,9464,8306,281678,0
120000,3,4,2,-1,-1,-1,-1,-1,-1,1769,390,390,390,390,390,390,390,390,390,390,1079,118231,119610,119610,119610,119610,119610,690,0
130000,3,2,2,-1,-1,-1,-1,-1,-1,92457,95365,98095,100796,102504,104089,6000,5000,5000,4000,4000,5000,37543,34635,31905,29204,27496,25911,564306,0
360000,1,2,2,-1,-1,-1,-1,-1,-2,460,460,460,399,0,0,460,460,399,0,0,0,359540,359540,359540,359601,360000,360000,460,0
10000,3,2,1,-1,-1,-1,-1,-1,-1,6217,5082,5400,5012,1740,390,5112,5400,2,4,0,5039,3783,4918,4600,4988,8260,9610,8284,0
120000,1,4,1,-1,-1,-2,-2,-2,-2,600,0,0,0,0,0,0,0,0,0,0,0,119400,120000,120000,120000,120000,120000,600,0
60000,2,2,1,2,2,2,2,-1,-1,61103,61380,62158,120142,60428,58192,3000,2746,0,2297,1875,1158,-1103,-1380,-2158,-60142,-428,1808,412327,1
240000,1,2,3,2,2,2,2,-2,-2,2500,2500,2500,0,0,0,0,0,0,0,0,0,237500,237500,237500,240000,240000,240000,7500,1
160000,2,2,3,-1,-1,2,-1,-1,2,137695,146193,139323,140719,143638,144482,12121,0,5100,10251,5205,0,22305,13807,20677,19281,16362,15518,819373,0
200000,2,2,3,-2,-2,-2,-2,-2,-2,0,138,0,0,1675,69,138,0,0,1675,69,39411,200000,199862,200000,200000,198325,199931,-39411,0
300000,1,2,1,-2,-2,-1,-1,-1,-2,0,0,150,3550,0,0,0,150,3550,0,0,0,300000,300000,299850,296450,300000,300000,0,0
100000,2,4,1,-1,-1,-1,-1,-1,-1,780,0,390,390,390,380,0,390,390,390,380,400,99220,100000,99610,99610,99610,99620,380,0
280000,1,2,2,-1,-1,-1,-1,-1,-1,217773,215017,209089,167458,137312,109980,8155,10048,6011,6010,6514,10011,62227,64983,70911,112542,142688,170020,1009880,0
190000,2,4,1,-1,-1,-1,-1,-1,-1,11613,10000,10000,10000,10000,10941,10000,10000,10000,10000,10941,79027,178387,180000,180000,180000,180000,179059,-67414,0
50000,2,1,3,1,2,2,2,2,-1,17613,18334,17742,19273,18826,19213,1298,0,1829,0,849,822,32387,31666,32258,30727,31174,30787,106203,0
210000,3,2,2,-1,-1,-1,-1,-1,2,31570,32756,33905,35035,37465,36713,2000,2000,2000,3000,0,734,178430,177244,176095,174965,172535,173287,197710,0
120000,1,4,1,-1,-1,-1,-1,-1,-1,110934,99271,90066,80165,78108,77588,4432,2988,4492,2797,2991,2900,9066,20729,29934,39835,41892,42412,515532,0
140000,1,4,2,-2,-2,-2,-2,-2,-2,1825,0,1264,0,0,1980,0,1264,0,0,1980,1351,138175,140000,138736,140000,140000,138020,474,0
50000,1,4,1,-2,-2,-2,-2,-2,-2,807,0,0,0,0,0,0,0,0,0,0,0,49193,50000,50000,50000,50000,50000,807,0
150000,1,4,2,-2,-1,-1,-1,-2,-2,2005,2869,16719,8568,797,1158,2876,16732,8593,799,1161,41380,147995,147131,133281,141432,149203,148842,-39425,0
50000,1,2,1,4,3,2,-1,-1,2,27101,26431,14109,9417,9952,9165,88,12,473,825,323,10000,22899,23569,35891,40583,40048,40835,84454,0
120000,1,1,4,1,-2,-2,-1,-1,-1,0,-2008,-4016,4016,2008,8299,0,0,10040,0,8299,0,120000,122008,124016,115984,117992,111701,-10040,1
240000,1,4,1,-1,-1,-1,-1,-1,-1,30380,15579,20496,15296,24332,23896,10023,10000,5000,15000,15000,5000,209620,224421,219504,224704,215668,216104,69956,0
20000,1,2,1,-1,-1,-1,-1,-1,-1,1490,3150,10464,0,1690,18156,3150,10464,0,1690,18156,19800,18510,16850,9536,20000,18310,1844,-18310,0
80000,2,4,1,-1,-1,-1,-1,-1,-1,78913,78726,70110,62590,54177,60662,2900,2329,2400,2000,7400,0,1087,1274,9890,17410,25823,19338,388149,0
140000,2,2,1,-1,-1,-1,-1,-1,-1,99296,89391,79173,43370,28850,17896,3205,2894,2000,1500,1000,2000,40704,50609,60827,96630,111150,122104,345377,0
50000,2,4,1,-1,-1,-1,-1,-1,-1,28428,27383,12620,6730,6872,7057,2000,1110,240,250,300,2335,21572,22617,37380,43270,43128,42943,82855,0
150000,2,6,1,-2,-2,-2,-2,-2,-2,4181,25988,3177,49174,11823,669,26034,3182,49174,11823,669,1534,145819,124012,146823,100826,138177,149331,2596,0
90000,3,2,4,-1,-1,-1,-1,-1,-1,65237,62521,60363,58142,55896,53525,2255,2200,2100,2014,1876,1901,24763,27479,29637,31858,34104,36475,343338,1
640000,1,2,2,-1,-1,-1,-1,-1,-1,192325,68891,71564,32968,37541,42064,4000,4000,3000,5000,5000,3000,447675,571109,568436,607032,602459,597936,421353,0
360000,1,2,2,-1,-1,-1,-1,-1,-1,15285,52698,2875,6918,10014,6478,53751,2879,6918,10014,6478,42108,344715,307302,357125,353082,349986,353522,-27880,0
130000,2,2,2,-1,-1,-1,-1,-1,-1,2454,1456,382,1043,2835,-184,1500,382,2000,3000,0,2000,127546,128544,129618,128957,127165,130184,-896,0
210000,1,2,2,-1,-1,-1,-1,-1,-1,201324,207222,209189,106090,108300,87404,10646,8601,3601,3719,3300,3400,8676,2778,811,103910,101700,122596,886262,0
190000,1,2,2,2,2,2,2,2,2,107689,109678,110887,111871,114223,116577,5200,4500,4300,4300,4400,4500,82311,80322,79113,78129,75777,73423,643725,1
150000,1,2,3,-1,-1,-1,-1,-1,-1,1365,0,839,693,0,3975,0,839,0,0,3975,0,148635,150000,149161,149307,150000,146025,2058,0
10000,3,2,1,-1,-1,-1,-1,-1,-1,3161,390,390,390,0,1280,390,390,390,0,1280,6380,6839,9610,9610,9610,10000,8720,-3219,0
30000,1,2,1,-1,-1,-1,-1,-1,-1,9280,2643,3415,2250,2486,844,2643,3415,2250,2486,844,0,20720,27357,26585,27750,27514,29156,9280,1
200000,1,1,5,1,-2,-2,-2,-2,-2,0,0,0,0,0,0,0,0,0,0,0,0,200000,200000,200000,200000,200000,200000,0,1
140000,1,4,1,3,2,-1,-1,-1,-1,21593,14021,10084,89223,58280,44593,0,2000,83000,3000,32000,2000,118407,125979,129916,50777,81720,95407,115794,1
170000,2,4,2,-1,-1,2,-1,-1,-1,121009,136552,132655,134140,115892,116653,19078,0,5000,5000,4500,4500,48991,33448,37345,35860,54108,53347,718823,0
20000,2,4,1,2,2,2,2,-1,-1,6270,8284,8000,0,186,3314,2284,0,0,186,3314,3515,13730,11716,12000,20000,19814,16686,16755,1
80000,2,2,3,-1,-1,-2,-2,-2,-2,82150,0,0,0,0,0,0,0,0,0,0,0,-2150,80000,80000,80000,80000,80000,82150,0
110000,2,1,3,-1,-1,-1,-1,-1,-1,51803,52888,54570,55368,56623,57196,1921,2563,2300,2300,1704,700,58197,57112,55430,54632,53377,52804,316960,0
150000,1,4,1,-1,-1,-1,-1,-1,-2,147933,111608,91705,32907,0,0,3202,20088,700,0,0,0,2067,38392,58295,117093,150000,150000,360163,0
50000,2,4,3,-1,-1,-1,-1,-1,-1,26342,27457,27381,17930,18128,18490,1547,1251,1200,600,627,759,23658,22543,22619,32070,31872,31510,129744,0
50000,3,2,6,2,2,-1,-1,-1,-1,54084,51564,50733,30363,30444,30482,0,2504,1200,1500,1100,1301,-4084,-1564,-733,19637,19556,19518,240065,0
50000,3,1,4,2,-1,-1,-1,-1,-1,48607,49540,49583,19695,20004,19904,2100,1500,1000,1000,1000,700,1393,460,417,30305,29996,30096,200033,0
10000,2,4,1,-1,-1,-1,-1,-1,-1,2274,3297,4730,5649,7304,8252,1067,1500,1000,1751,1073,2041,7726,6703,5270,4351,2696,1748,23074,1
280000,1,4,2,-1,-1,-1,-1,-1,-1,17878,14011,30079,13139,13989,15559,2000,30000,14000,1000,16000,0,262122,265989,249921,266861,266011,264441,41655,1
50000,2,2,3,2,2,2,-1,-1,-1,51614,52034,50151,20448,20464,20456,2000,39,718,800,800,800,-1614,-2034,-151,29552,29536,29544,210010,0
10000,1,4,1,-1,-1,-1,-1,-1,-1,9397,9709,10228,10432,9839,9859,1200,1153,357,501,429,196,603,291,-228,-432,161,141,55628,0
140000,2,2,1,-1,-1,-1,-1,-1,-1,131292,134057,135820,84829,86753,88808,7000,5820,3829,3753,3808,4744,8708,5943,4180,55171,53247,51192,632605,0
140000,1,1,2,2,2,2,2,-1,-1,104651,105162,104207,100326,102740,103444,5000,3600,0,4000,4000,3603,35349,34838,35793,39674,37260,36556,600327,1
300000,1,1,3,-1,-1,-1,-1,-1,-1,193462,185703,190060,189912,145909,127078,6835,7542,7930,6534,6153,2815,106538,114297,109940,110088,154091,172922,994315,0
30000,2,2,1,1,2,2,-1,-1,2,27330,28090,28827,27299,29110,28492,1500,1517,1000,2255,0,1988,2670,1910,1173,2701,890,1508,160888,0
200000,3,1,3,-1,-1,-1,-1,2,-1,185272,189657,103861,75480,70042,72157,10000,10000,6000,0,5000,3000,14728,10343,96139,124520,129958,127843,662469,0
270000,2,4,1,-1,-1,-1,-1,-1,-1,33224,52425,69048,68206,17510,26175,52425,27595,10343,18083,26279,17013,236776,217575,200952,201794,252490,243825,114850,1
90000,2,6,2,-1,-1,-1,-1,-1,-1,91458,91049,70101,28942,27508,28250,3137,5094,1106,1001,1201,1074,-1458,-1049,19899,61058,62492,61750,324695,0
10000,2,2,1,2,2,7,7,7,7,2400,2400,2400,2400,2400,2400,0,0,0,0,0,0,7600,7600,7600,7600,7600,7600,14400,1
50000,3,4,1,2,2,-1,-1,-1,-1,22719,18408,19330,19561,19815,18574,0,1573,804,675,738,1000,27281,31592,30670,30439,30185,31426,113617,0
80000,1,4,1,-2,-2,-2,-2,-2,-2,0,0,988,0,0,0,0,988,0,0,0,0,80000,80000,79012,80000,80000,80000,0,0
110000,2,4,1,-1,-1,-1,-1,-1,-1,65800,67251,70065,72017,77943,79694,2510,4000,3000,7000,3100,1377,44200,42749,39935,37983,32057,30306,411783,0
370000,1,2,2,-1,-1,-1,-1,-1,-1,6592,3563,184429,180508,178220,72656,4000,192718,5000,5000,3000,2000,363408,366437,185571,189492,191780,297344,414250,0
50000,2,2,1,-1,-1,-1,-1,-1,-1,1678,1440,1322,1411,540,540,1200,1322,1500,540,540,780,48322,48560,48678,48589,49460,49460,1049,0
10000,2,2,2,-1,-1,-1,-1,-1,-1,885,1475,780,390,780,390,1475,780,0,31250,0,0,9115,8525,9220,9610,9220,9610,-28805,0
180000,1,4,1,-1,-1,2,-1,-1,-1,99137,119635,115839,105643,119358,116097,22500,121,10000,20000,25000,0,80863,60365,64161,74357,60642,63903,598088,0
60000,2,2,4,4,4,5,4,3,2,56998,59111,59595,58079,56892,55826,3601,2000,0,0,0,4000,3002,889,405,1921,3108,4174,336900,0
90000,1,2,3,-1,-1,-1,-1,2,2,58043,61485,62540,81123,80073,82472,5003,5000,20000,10,10104,87,31957,28515,27460,8877,9927,7528,385532,1
120000,1,2,2,1,-2,-2,-2,-2,-1,0,0,0,0,0,150,0,0,0,0,150,200,120000,120000,120000,120000,120000,119850,-200,0
110000,1,2,2,-1,-1,-1,-1,-1,-1,110800,112008,96347,49506,49142,49251,4404,2826,1880,1805,2182,2000,-800,-2008,13653,60494,60858,60749,451957,0
280000,3,2,5,-1,-1,-1,-1,-1,-1,162734,146990,149201,152377,155764,148302,7000,6000,5500,5800,5200,6000,117266,133010,130799,127623,124236,131698,879868,0
200000,1,2,1,-1,-1,2,2,-1,-1,7464,22182,10373,2669,1024,170722,22182,7,0,6177,180722,5000,192536,177818,189627,197331,198976,29278,346,0
130000,2,2,1,-1,-1,-1,-1,-1,-1,62530,62562,62650,63896,65411,64684,2272,2230,2243,2500,3000,4000,67470,67438,67350,66104,64589,65316,365488,0
200000,2,4,1,1,2,-1,-1,2,2,61844,60294,63663,67596,66388,71272,0,5000,5000,0,6000,0,138156,139706,136337,132404,133612,128728,375057,1
50000,2,4,1,-1,-1,-1,-1,-1,-1,29356,30483,31180,18401,18785,19248,1603,1300,658,680,773,524,20644,19517,18820,31599,31215,30752,141915,1
30000,3,1,4,-1,-1,-2,-2,-2,-2,1596,0,0,0,0,0,0,0,0,0,0,0,28404,30000,30000,30000,30000,30000,1596,0
230000,1,2,2,-1,-1,-1,-1,-1,-1,13995,28064,23326,13684,12883,11068,28097,23352,13684,12883,11068,11436,216005,201936,206674,216316,217117,218932,2500,0
180000,1,4,2,-1,-1,-1,-1,-1,-1,3920,1020,0,860,13335,15248,1020,0,860,13335,15248,17676,176080,178980,180000,179140,166665,164752,-13756,0
220000,1,1,3,-1,-1,-1,-1,-1,-1,129597,147323,132188,83844,89299,94777,20000,8000,5000,7000,7000,5000,90403,72677,87812,136156,130701,125223,625028,0
50000,1,2,3,-1,-1,-2,-2,-2,-2,51400,0,0,0,0,0,0,0,0,0,0,0,-1400,50000,50000,50000,50000,50000,51400,0
20000,1,2,1,1,-2,-2,-2,-2,-2,0,0,0,0,0,0,0,0,0,0,0,0,20000,20000,20000,20000,20000,20000,0,0
250000,2,4,3,-1,-1,-1,-1,-1,-1,2348,329,-1404,3596,8596,8941,329,5000,5000,5000,4000,3000,247652,249671,251404,246404,241404,241059,77,0
50000,3,2,3,-1,-1,-1,-1,-1,-1,47384,48814,49771,19375,71,19661,2194,2151,755,71,19837,792,2616,1186,229,30625,49929,30339,159276,0
180000,2,4,1,-1,-1,-1,-1,-1,-1,10874,9324,7738,6369,6109,7603,2000,2000,2000,3109,5000,5520,169126,170676,172262,173631,173891,172397,28388,0
320000,2,2,3,-1,-1,-2,-2,-2,-2,36831,28785,13104,2621,9075,6564,28791,13227,2621,9075,6564,12767,283169,291215,306896,317379,310925,313436,23935,0
10000,3,2,3,-1,-1,2,-1,-1,-1,780,780,780,390,390,780,1473,0,0,390,780,0,9220,9220,9220,9610,9610,9220,1257,1
320000,1,4,2,-2,-2,-2,-2,-2,-1,1345,5458,9572,3826,737,3865,5458,9579,3826,737,3865,300,318655,314542,310428,316174,319263,316135,1038,0
250000,2,2,2,-1,-1,-1,-1,-1,-1,170559,173347,177321,177580,170956,158503,6523,7992,6475,6050,6197,6000,79441,76653,72679,72420,79044,91497,989029,0
30000,2,2,1,1,2,2,3,2,-1,20985,20393,20399,19945,19645,11229,0,2403,0,0,2000,0,9015,9607,9601,10055,10355,18771,108193,0
260000,2,2,2,-1,-1,-1,-1,-1,-1,326,326,326,326,326,326,652,326,326,326,326,144,259674,259674,259674,259674,259674,259674,-144,0
130000,2,2,2,-1,-1,-1,-1,-1,-1,122944,121530,107783,84353,169121,87863,6013,5312,3100,3123,6293,3273,7056,8470,22217,45647,-39121,42137,666480,0
180000,1,2,2,-1,-1,-1,-1,-1,2,149069,152317,156282,161163,172190,148963,7500,8000,9000,14000,0,5500,30931,27683,23718,18837,7810,31037,895984,1
270000,1,4,1,-1,-1,-1,-1,-1,-1,200750,204418,197854,173743,149095,145068,9500,8929,7265,5400,5300,5100,69250,65582,72146,96257,120905,124932,1029434,0
80000,3,4,2,-1,-1,-1,-1,-1,-1,36676,38247,39856,28698,29299,30120,2165,2774,30458,1063,1308,4317,43324,41753,40144,51302,50701,49880,160811,0
30000,1,4,1,-1,-1,-1,-1,-1,-1,418,1470,2418,2009,3009,7093,1052,1000,500,1000,7093,1000,29582,28530,27582,27991,26991,22907,4772,0
100000,3,1,2,2,2,-1,-1,2,2,101326,97751,92431,97227,88899,93766,0,3500,7000,0,7000,0,-1326,2249,7569,2773,11101,6234,553900,1
340000,2,4,2,-1,-1,-1,-1,-1,-1,336190,301626,306575,311784,318320,325028,10300,10302,10365,10750,11150,11271,3810,38374,33425,28216,21680,14972,1835385,1
210000,2,2,1,-1,-1,-1,-1,-1,-1,207033,202432,142119,99699,17718,150758,9000,5500,3600,1000,135000,5314,2967,7568,67881,110301,192282,59242,660345,0
280000,1,4,1,-2,-2,-2,-2,-2,-2,-5,-5,-5,8164,0,1133,0,0,8169,0,231133,3300,280005,280005,280005,271836,280000,278867,-233320,0
710000,2,2,2,-1,-1,-1,-1,-1,-1,8471,16849,940,6299,4720,3738,17330,944,7586,4739,3754,25259,701529,693151,709060,703701,705280,706262,-18595,0
50000,2,4,1,-1,-1,-1,-1,-1,-1,42790,39480,36360,29123,28809,29263,1635,1423,1020,1050,1503,1016,7210,10520,13640,20877,21191,20737,198178,0
190000,1,2,2,-1,-1,-1,-1,-1,-1,24873,23522,22117,23433,22173,22598,1807,2000,2010,1003,2007,3019,165127,166478,167883,166567,167827,167402,126870,0
400000,1,4,2,-1,-1,-1,-1,-1,-1,48419,51886,53291,57265,61035,64879,5000,3000,5000,5000,5000,5000,351581,348114,346709,342735,338965,335121,308775,0
110000,3,2,4,-2,-2,-2,-2,-2,-2,1457,745,0,0,0,0,745,0,0,0,0,0,108543,109255,110000,110000,110000,110000,1457,0
20000,2,2,1,2,-1,-1,-1,2,-1,16219,17626,18398,19052,15429,9199,1674,1446,1100,0,379,1085,3781,2374,1602,948,4571,10801,90239,1
20000,1,4,1,2,2,-1,-1,-1,-1,18446,17859,18718,17009,18721,20209,0,1718,900,2000,1800,0,1554,2141,1282,2991,1279,-209,104544,1
20000,2,2,1,1,2,2,2,2,2,12186,11700,13474,13006,13743,11167,0,2000,0,1055,0,215,7814,8300,6526,6994,6257,8833,72006,0
20000,2,2,1,1,2,2,2,2,-1,4673,6433,6181,6778,6524,8408,2000,0,700,0,2000,2000,15327,13567,13819,13222,13476,11592,32297,0
230000,1,4,3,-1,-1,-1,-1,-1,-1,39677,39261,38228,36542,35989,34347,5000,5000,3000,3459,4000,5000,190323,190739,191772,193458,194011,195653,198585,0
180000,2,1,2,-1,-1,-1,-1,-1,-1,14480,33915,5198,13263,6817,4188,34045,5217,13263,6000,1000,4085,165520,146085,174802,166737,173183,175812,14251,0
280000,2,1,3,-1,-1,-1,-1,-1,-1,3520,3110,3188,4176,10276,9898,3110,3188,4189,10276,9898,1691,276480,276890,276812,275824,269724,270102,1816,0
510000,1,4,2,-1,-1,-1,-1,-1,-1,234900,214522,217620,218692,191069,195124,9975,8200,7268,7000,7177,7200,275100,295478,292380,291308,318931,314876,1225107,0
150000,2,1,3,-1,-1,-1,-1,-1,-1,141697,144833,137737,140047,144557,133716,7000,7000,6000,7000,5021,9000,8303,5167,12263,9953,5443,16284,801566,0
20000,3,2,1,2,-1,-1,-1,-1,-1,17880,19224,19327,18696,19233,19909,1641,2400,632,800,1000,1500,2120,776,673,1304,767,91,106296,1
110000,3,2,2,-1,-1,-1,-1,-1,-1,100699,88694,74647,49021,34594,23116,3530,3066,2033,2021,1024,1003,9301,21306,35353,60979,75406,86884,358094,0
230000,1,4,2,-1,2,-1,-1,2,-1,907,591,119,699,383,32774,0,1000,1000,0,33500,3000,229093,229409,229881,229301,229617,197226,-3027,1
180000,1,4,1,-1,-1,-1,-1,-1,-1,124501,126822,129440,128571,128631,129813,5000,6000,5000,5000,5000,5000,55499,53178,50560,51429,51369,50187,736778,0
230000,3,4,2,-1,-1,-1,-1,-1,-1,13809,13533,13200,15789,14242,15251,1533,1200,2789,1242,1251,1272,216191,216467,216800,214211,215758,214749,76537,0
370000,1,4,2,-1,-1,-2,-1,-1,-1,40229,-101,-101,2329,156619,155988,0,0,2430,161450,6035,6439,329771,370101,370101,367671,213381,214012,178609,0
500000,1,4,2,-2,-2,-1,-1,-2,-2,1078,5543,500,617,617,617,5562,810,617,0,0,28572,498922,494457,499500,499383,499383,499383,-26589,0
260000,2,2,3,1,-2,-2,-1,-1,-1,0,-416,-1248,832,416,1398,0,0,2080,0,1398,0,260000,260416,261248,259168,259584,258602,-2496,0
80000,2,1,4,-1,-1,-1,-2,-2,-2,5800,6666,0,0,0,0,1000,0,0,0,0,0,74200,73334,80000,80000,80000,80000,11466,1
140000,2,4,1,1,2,2,3,2,2,118013,123630,128308,125776,123659,131290,9044,8200,1000,0,9874,0,21987,16370,11692,14224,16341,8710,722558,0
50000,1,2,2,-1,-1,-1,-1,2,2,29994,30756,23618,26009,24731,46882,2000,1300,3000,0,25000,0,20006,19244,26382,23991,25269,3118,150690,0
50000,2,2,3,-1,-1,-1,2,2,2,26615,22241,23406,15379,16715,11133,2000,2000,0,1500,0,1000,23385,27759,26594,34621,33285,38867,108989,0
80000,1,2,2,-1,-1,-2,-2,-2,-2,4055,0,0,0,0,0,0,0,0,0,0,0,75945,80000,80000,80000,80000,80000,4055,0
150000,2,4,1,-1,-1,-1,-1,-1,-1,85118,88844,92345,82866,76412,80259,5000,5000,5000,5000,5000,5000,64882,61156,57655,67134,73588,69741,475844,1
50000,2,2,3,-1,-1,-1,-1,-1,-1,49859,49160,49222,29291,29391,29826,2438,2200,1187,1213,1073,1066,141,840,778,20709,20609,20174,227572,0
80000,2,3,2,2,-1,-1,-1,-1,-1,76123,54669,28674,28240,28540,27934,2000,1500,1200,1300,1200,1200,3877,25331,51326,51760,51460,52066,235780,0
140000,1,2,3,-1,-1,-1,-1,-1,-1,67371,69027,56175,57666,59604,62480,3100,3888,2800,2800,3800,3000,72629,70973,83825,82334,80396,77520,352935,0
140000,1,4,2,-1,-1,-1,-1,-1,-1,105732,99769,102682,102332,104544,107155,5000,5500,5000,4000,4500,4500,34268,40231,37318,37668,35456,32845,593714,0
50000,2,4,1,-1,-1,-1,-1,-1,-1,1580,306,995,1055,102,2110,306,995,1055,0,2110,0,48420,49694,49005,48945,49898,47890,1682,0
30000,2,4,1,-1,-1,2,-1,-1,-1,25111,27558,26552,27703,28128,28859,3551,0,1902,1022,1200,1200,4889,2442,3448,2297,1872,1141,155036,0
230000,2,2,2,-1,-1,-1,-1,-1,-1,171111,164406,76691,76952,77577,78017,7468,3000,2723,2810,2793,2860,58889,65594,153309,153048,152423,151983,623100,1
150000,2,4,1,-1,-1,-1,-1,-1,-1,94347,96358,99230,98285,102743,103062,5000,4500,4500,6000,5000,5000,55653,53642,50770,51715,47257,46938,564025,0
200000,2,2,4,-1,-1,-1,-1,-2,-1,5059,0,16556,0,0,47140,0,16556,0,0,47140,0,194941,200000,183444,200000,200000,152860,5059,0
110000,1,2,3,2,2,7,7,7,7,150,150,150,150,150,150,0,0,0,0,0,0,109850,109850,109850,109850,109850,109850,900,0
150000,2,2,3,-1,-1,-1,-1,-1,-1,17723,19440,14945,12966,14882,8105,2019,2020,2000,2000,2000,1000,132277,130560,135055,137034,135118,141895,77022,0
200000,3,2,3,-1,-1,-1,-1,-2,-2,1207,5590,2500,0,0,0,5590,2500,0,0,0,0,198793,194410,197500,200000,200000,200000,1207,1
180000,3,4,2,1,-1,2,-1,-1,-2,0,199,199,580,0,0,199,0,580,0,0,0,180000,179801,179801,179420,180000,180000,199,0
90000,1,4,1,-1,-1,-1,-1,-1,-1,6146,6193,0,3199,1888,0,6198,200,3199,0,0,0,83854,83807,90000,86801,88112,90000,7829,0
200000,1,4,2,-1,-1,-1,-1,-1,-1,105,271,588,111,305,432,271,588,111,305,432,0,199895,199729,199412,199889,199695,199568,105,1
230000,2,2,3,-1,-1,-1,-1,-1,-1,107,107,1741,107,107,0,107,1741,214,0,0,0,229893,229893,228259,229893,229893,230000,107,0
80000,1,2,1,-1,-1,-1,-1,-1,-1,17562,17709,15631,13402,13197,11624,3015,2008,1009,2005,507,2607,62438,62291,64369,66598,66803,68376,77974,0
230000,1,4,2,-1,-1,-2,-2,-2,-2,6283,0,0,0,0,0,0,0,0,0,0,0,223717,230000,230000,230000,230000,230000,6283,0
340000,2,4,2,4,3,2,-1,-1,-1,581775,572677,384060,304508,247178,228349,0,0,1000,4320,287982,8007,-241775,-232677,-44060,35492,92822,111651,2017238,1
290000,2,2,4,-1,-1,-1,-1,-1,-1,1538,199,1440,1017,3798,4898,199,1440,1017,3798,4898,5034,288462,289801,288560,288983,286202,285102,-3496,0
60000,3,2,3,-1,-1,-1,-1,-1,-1,55773,55953,55562,55063,54819,55195,2627,2700,2500,2300,3000,2500,4227,4047,4438,4937,5181,4805,316738,0
320000,1,4,1,-1,-1,-2,-1,-1,-1,12130,0,0,364,16177,16706,0,0,364,16177,800,650,307870,320000,320000,319636,303823,303294,27386,1
200000,2,4,1,-2,-2,-1,-1,-1,-1,22701,7940,9855,24091,24583,7354,0,10145,24091,492,7354,9694,177299,192060,190145,175909,175417,192646,44748,0
50000,3,2,4,-1,-1,-1,-1,-1,-1,16648,16200,15622,14277,12930,11657,1588,1483,611,458,403,351,33352,33800,34378,35723,37070,38343,82440,0
50000,3,2,1,4,3,2,2,2,-1,27226,26508,26976,27206,26631,27185,0,1200,968,0,998,1479,22774,23492,23024,22794,23369,22815,157087,1
230000,2,2,3,-1,-1,-1,-1,-1,-1,84821,87055,87601,89762,92735,95768,4293,4162,5000,5000,5000,5000,145179,142945,142399,140238,137265,134232,509287,0
130000,1,4,1,-1,-1,3,3,2,-1,106271,119728,121140,117767,115640,116062,15107,5000,0,0,4200,5000,23729,10272,8860,12233,14360,13938,667301,0
80000,3,2,2,-1,-1,-1,-1,-1,-1,715,2012,3550,7529,0,3228,2012,3550,7529,0,3228,0,79285,77988,76450,72471,80000,76772,715,0
120000,1,4,2,-1,-1,-1,-1,-1,2,82683,83075,75735,62511,62179,60981,4445,4020,3000,5700,0,2500,37317,36925,44265,57489,57821,59019,407499,0
200000,2,2,2,-1,-1,-1,-1,-1,-2,4798,4490,5366,2141,0,0,1125,1000,2141,0,0,0,195202,195510,194634,197859,200000,200000,12529,0
300000,3,2,2,-1,-1,-1,-1,-1,-1,4741,3767,10436,9650,4198,0,3767,10436,9856,4198,0,0,295259,296233,289564,290350,295802,300000,4535,0
200000,2,2,2,-1,-1,-1,-1,-1,-1,1070,4078,1099,1099,1099,1099,4107,1099,1099,1099,1099,1099,198930,195922,198901,198901,198901,198901,-58,0
80000,2,2,3,-1,-1,-1,-1,-1,-1,34494,35930,37326,38203,39580,40920,2000,2000,1500,2000,2000,2000,45506,44070,42674,41797,40420,39080,214953,0
80000,3,4,2,1,-1,-1,-1,-1,-1,-137,41873,11047,9258,3100,814,42010,11047,9300,0,0,4032,80137,38127,68953,70742,76900,79186,-434,0
60000,1,4,1,-1,-1,-1,-1,-1,-1,51907,52997,53559,54716,54533,58085,1935,2000,2000,2000,6000,0,8093,7003,6441,5284,5467,1915,311862,0
30000,2,2,2,-1,-1,-1,2,-1,-1,25156,25949,28478,27754,28186,30240,1500,3000,0,1001,2500,1200,4844,4051,1522,2246,1814,-240,156562,0
300000,2,2,3,-1,-1,-1,-1,-1,-1,38913,319,8157,21228,326,1518,319,8157,21228,326,1518,47374,261087,299681,291843,278772,299674,298482,-8461,0
100000,1,2,2,-1,-1,-1,-1,-1,-1,66762,68566,65132,48738,51020,51948,5000,2436,3000,3000,2000,3000,33238,31434,34868,51262,48980,48052,333730,0
290000,1,4,2,-1,-1,-1,-1,-1,-1,44193,15950,15315,14199,9681,162,1380,1212,284,5000,162,380,245807,274050,274685,275801,280319,289838,91082,0
270000,4,2,2,1,-1,-1,-1,-1,-2,0,10193,69553,18607,0,0,10193,70213,19008,399,0,0,270000,259807,200447,251393,270000,270000,-1460,0
70000,2,4,1,-1,-1,-1,-1,-1,-1,7033,1602,28199,28980,29795,27091,1954,28000,1250,1496,29251,1000,62967,68398,41801,41020,40205,42909,59749,1
90000,2,2,1,-2,-2,-2,-2,-2,-2,91272,91337,88129,76209,65295,27224,5000,3069,2028,2110,2142,39245,-1272,-1337,1871,13791,24705,62776,385872,0
170000,1,4,1,-1,-1,-1,-1,-1,-1,108426,109889,84897,82608,84388,86096,3600,3111,3000,3100,3101,3306,61574,60111,85103,87392,85612,83904,537086,0
80000,2,2,2,-1,-1,-1,-1,-1,-1,69760,60445,50857,39813,40248,40935,2500,2061,1413,1460,1751,1958,10240,19555,29143,40187,39752,39065,290915,1
100000,2,2,3,-1,-1,-1,-1,-1,-1,95326,97972,99147,74548,76284,77841,4825,4600,3000,2940,3000,3000,4674,2028,853,25452,23716,22159,499753,0
240000,1,1,3,-2,-2,-2,-2,-2,-2,5731,0,0,0,0,0,0,0,0,0,0,0,234269,240000,240000,240000,240000,240000,5731,0
290000,1,2,3,-1,-1,-1,-1,-2,-1,11200,0,970,0,0,2184,0,970,0,0,2184,1140,278800,290000,289030,290000,290000,287816,10060,0
120000,1,4,1,1,-2,-2,-2,-2,-2,0,0,0,0,0,0,0,0,0,0,0,0,120000,120000,120000,120000,120000,120000,0,1
200000,2,2,1,-1,-1,-1,-1,-1,-1,103194,107027,107765,109970,113436,115402,5500,4000,4000,5242,5000,4400,96806,92973,92235,90030,86564,84598,628652,0
20000,2,2,1,-1,-1,-1,-1,-1,-1,13447,10232,7842,9262,4335,0,2200,2000,2200,1200,0,0,6553,9768,12158,10738,15665,20000,37518,0
500000,1,1,2,-1,-1,-1,-1,-1,-1,75433,26358,7860,2983,8767,4691,27486,7860,3047,8831,4734,11484,424567,473642,492140,497017,491233,495309,62650,0
100000,2,4,1,-1,-1,-1,-1,-1,-1,98349,97473,91096,76371,77162,78084,3600,3000,2700,2800,3000,2800,1651,2527,8904,23629,22838,21916,500635,0
350000,1,1,4,-1,-1,-1,-1,-1,-1,5961,6318,1485,788,15015,666,6326,1485,788,15015,666,0,344039,343682,348515,349212,334985,349334,5953,0
50000,2,4,1,1,2,-1,-1,-1,-1,34069,23196,22883,18069,19273,19929,0,1636,700,1500,1000,500,15931,26804,27117,31931,30727,30071,132083,0
340000,2,2,4,-1,-1,-1,-1,-1,-1,331508,319742,255166,197695,201907,195961,12100,10000,7000,7000,7000,8000,8492,20258,84834,142305,138093,144039,1450879,0
180000,2,2,1,-1,-1,-1,-1,-1,-1,26000,26310,26662,26166,26176,25442,1800,1500,1056,950,1000,1050,154000,153690,153338,153834,153824,154558,149400,0
300000,1,2,4,-1,-1,-1,-1,-1,-1,1080,-18,4190,2539,2590,5440,0,4208,2539,2590,5440,5646,298920,300018,295810,297461,297410,294560,-4602,0
220000,1,2,2,1,2,-1,-1,2,2,17325,16758,18474,20667,20195,21854,0,2000,2500,0,2000,0,202675,203242,201526,199333,199805,198146,108773,0
80000,1,2,1,-1,-1,-1,-1,-1,-1,56417,50855,47656,35351,32895,22755,2600,4000,3000,3500,3500,2300,23583,29145,32344,44649,47105,57245,227029,0
50000,2,2,2,-1,-1,-1,-1,-1,-1,44751,43952,29136,19048,17946,17340,1500,1239,612,607,2593,584,5249,6048,20864,30952,32054,32660,165038,0
100000,2,2,1,-1,-1,-1,-1,-1,-1,60077,62438,49234,50521,51820,53056,4000,3000,2000,2000,2200,1700,39923,37562,50766,49479,48180,46944,312246,0
200000,1,2,1,-1,-1,-1,-1,-1,-1,58725,76287,22869,30268,54466,37127,30229,22946,30684,54589,37208,55031,141275,123713,177131,169732,145534,162873,49055,0
480000,1,2,3,-1,-1,-1,-1,-1,-1,17976,10928,650,1597,3750,9429,1008,650,1597,3750,9429,1000,462024,469072,479350,478403,476250,470571,26896,0
170000,2,2,2,-1,-1,-1,-1,-1,-1,35348,34622,31450,28229,26422,15081,1402,1789,652,798,1081,173,134652,135378,138550,141771,143578,154919,165257,0
20000,1,4,1,-1,-1,-1,-1,-1,-1,15790,16906,17936,5995,7885,9657,1372,1500,1000,2000,2000,0,4210,3094,2064,14005,12115,10343,66297,1
80000,2,1,1,-1,-1,-1,-1,-1,-1,32114,28984,16391,3729,4663,5429,1324,4122,139,1000,1000,1000,47886,51016,63609,76271,75337,74571,82725,1
80000,1,2,1,-1,-1,-1,-1,-1,-1,79650,80821,65609,49640,49685,46684,3515,2627,1697,2000,1700,3000,350,-821,14391,30360,30315,33316,357550,1
300000,2,1,2,1,2,-1,-1,-1,-1,250121,221336,159556,32897,20992,12621,10236,7063,1005,1045,1004,1005,49879,78664,140444,267103,279008,287379,676165,0
150000,1,2,1,-1,-1,-1,-1,-1,-1,1934,12166,15378,6832,10164,0,12170,8200,0,8160,0,0,148066,137834,134622,143168,139836,150000,17944,0
50000,2,4,1,-1,-1,-1,-1,-1,-2,14814,9631,36631,29150,0,0,10755,36671,583,0,0,0,35186,40369,13369,20850,50000,50000,42217,0
50000,2,2,1,-1,-1,-1,-1,-1,-2,1902,782,0,4699,0,0,782,0,4699,0,0,0,48098,49218,50000,45301,50000,50000,1902,0
100000,3,4,1,2,-1,-1,-1,-1,-1,99627,101079,69971,60824,60969,59650,3796,3041,2500,2600,2171,2600,373,-1079,30029,39176,39031,40350,435412,0
90000,2,2,3,-1,-1,-1,-1,-2,-2,37453,9009,179,0,0,0,24509,179,0,0,0,0,52547,80991,89821,90000,90000,90000,21953,0
70000,1,4,1,1,2,2,2,2,2,15932,16879,16315,17099,16683,18753,1500,0,1355,0,2353,0,54068,53121,53685,52901,53317,51247,96453,1
90000,4,4,1,-1,-1,-1,-1,-1,-1,83176,74918,75422,29364,9571,9665,3504,2942,979,191,193,14210,6824,15082,14578,60636,80429,80335,260097,0
400000,1,1,3,-1,-1,-1,-1,-1,-1,34084,36916,21089,22943,22994,25172,4085,1539,3013,3003,3003,5979,365916,363084,378911,377057,377006,374828,142576,0
10000,2,2,2,-1,-1,2,-1,-1,-1,7393,9400,7226,5733,5755,1600,2329,0,1007,2200,1600,3883,2607,600,2774,4267,4245,8400,26088,1
80000,1,2,1,-1,-1,-1,-1,-1,-1,72565,63342,51529,41484,34097,29200,10000,4000,2000,3000,2500,0,7435,16658,28471,38516,45903,50800,270717,0
70000,1,2,2,-1,-1,-1,-1,-1,-1,63845,65443,65169,64370,15082,0,3224,1680,3000,142,142,0,6155,4557,4831,5630,54918,70000,265721,0
100000,3,1,3,2,2,2,2,2,2,30076,31287,31676,32259,31608,33524,2000,1200,1400,0,2600,0,69924,68713,68324,67741,68392,66476,183230,0
210000,2,2,2,-1,-1,-1,-2,-2,-2,1971,748,0,0,0,0,822,0,0,0,0,0,208029,209252,210000,210000,210000,210000,1897,1
360000,3,4,2,1,-2,-2,-2,-2,-2,0,0,0,0,0,0,0,0,0,0,0,0,360000,360000,360000,360000,360000,360000,0,1
280000,1,1,1,1,2,-1,-1,-1,2,285249,276229,277026,280771,270992,111885,5,10031,10021,7111,34,171574,-5249,3771,2974,-771,9008,168115,1303376,0
180000,1,2,2,-1,-1,-1,-1,-1,-1,85040,77213,68131,62704,60133,59335,2937,2226,2271,2108,3012,1933,94960,102787,111869,117296,119867,120665,398069,0
220000,1,1,3,1,2,-1,-1,-1,-1,157122,153320,156996,158717,162122,165399,0,7600,5700,6000,6000,12300,62878,66680,63004,61283,57878,54601,916076,0
200000,1,2,3,-1,-1,-1,-1,-1,-1,696,696,696,696,846,696,696,696,696,846,696,696,199304,199304,199304,199304,199154,199304,0,0
130000,2,4,1,1,2,-1,-1,-1,-1,52180,49874,52000,53590,54606,51033,0,5000,4000,3000,3500,13000,77820,80126,78000,76410,75394,78967,284783,0
200000,2,1,3,-2,-2,-2,-2,-2,-2,389,389,389,389,389,389,390,390,390,390,390,385,199611,199611,199611,199611,199611,199611,-1,0
170000,1,2,3,-1,-1,-1,-1,-1,-1,29940,15903,5641,2194,18601,2557,15927,5641,2194,18601,2557,3871,140060,154097,164359,167806,151399,167443,26045,0
140000,1,2,2,-1,-1,-1,-1,-1,-1,22778,6405,1683,-885,3019,-177,6500,2515,0,8000,0,1000,117222,133595,138317,140885,136981,140177,14808,0
50000,3,2,4,-1,-1,-1,-1,-1,-1,50318,50579,48491,29157,29097,29039,2008,3537,5700,1102,1200,1100,-318,-579,1509,20843,20903,20961,222034,0
200000,3,4,1,-1,-1,-1,-1,-1,2,22629,24943,27210,36359,39299,40428,3000,3000,10000,3700,2000,3000,177371,175057,172790,163641,160701,159572,166168,0
200000,3,2,2,-1,-1,-1,-1,-1,-1,181542,173731,152447,119730,122537,109504,7100,5354,4363,4816,4381,3330,18458,26269,47553,80270,77463,90496,830147,0
360000,3,2,2,2,-1,-1,-2,-2,-2,150527,153900,0,0,0,0,7000,0,0,0,0,0,209473,206100,360000,360000,360000,360000,297427,0
50000,2,1,2,-1,-1,-1,-1,-1,-1,13538,9199,6879,6753,5440,5440,2000,1284,264,109,390,0,36462,40801,43121,43247,44560,44560,43202,0
500000,1,4,2,-1,-1,-1,-1,-1,-1,6364,1625,517,0,1450,2668,1625,517,0,1450,2668,1480,493636,498375,499483,500000,498550,497332,4884,0
90000,2,4,2,-1,-1,-1,-1,2,2,75382,73980,75036,77094,75708,76610,3350,3300,5500,1600,3950,0,14618,16020,14964,12906,14292,13390,436110,1
500000,1,2,2,-1,-1,-1,-1,-1,-1,2450,1038,34741,20409,23804,22697,1100,35157,3000,5000,5000,5000,497550,498962,465259,479591,476196,477303,50882,0
80000,3,2,2,-1,-1,-1,-1,-1,-1,78428,76513,74383,48315,48831,48950,3373,7248,2980,2000,1903,1851,1572,3487,5617,31685,31169,31050,356065,0
230000,3,1,4,-1,-1,-1,-1,-1,-1,2150,9413,6020,18468,9665,28100,9413,6161,18468,9665,28100,3480,227850,220587,223980,211532,220335,201900,-1471,0
120000,1,4,2,-1,-1,-1,-1,-1,-1,416,416,416,0,832,416,416,416,0,832,416,416,119584,119584,119584,120000,119168,119584,0,1
190000,3,2,4,-1,-1,-1,-1,-1,-1,67211,63278,57104,57380,58225,58847,2818,2700,2191,2300,2130,2280,122789,126722,132896,132620,131775,131153,347626,0
500000,2,1,4,-1,-1,-1,-1,-1,-1,265803,246770,223989,223232,219158,212237,16770,13989,33232,29695,32838,38770,234197,253230,276011,276768,280842,287763,1225895,0
80000,2,2,3,1,-2,-2,-2,-2,-2,0,0,0,0,0,0,0,0,0,0,0,0,80000,80000,80000,80000,80000,80000,0,0
450000,1,4,2,1,-2,-1,-1,-1,-2,0,0,3581,3654,0,0,0,3581,73,0,0,0,450000,450000,446419,446346,450000,450000,3581,0
280000,1,2,2,1,-2,-2,-2,-2,-2,0,0,0,0,0,0,0,0,0,0,0,0,280000,280000,280000,280000,280000,280000,0,0
360000,3,2,3,-2,-2,-2,-2,-2,-2,1458,-4,3994,0,0,7429,0,3998,0,0,7429,490,358542,360004,356006,360000,360000,352571,960,1
30000,2,4,1,-1,-1,-1,-1,-1,-1,28871,28430,29051,29265,28267,28925,1802,1802,1358,1100,1151,1568,1129,1570,949,735,1733,1075,164028,0
50000,2,2,1,-1,-1,2,-1,-1,2,35676,34407,30785,31573,35191,34476,3400,0,1300,4300,0,1500,14324,15593,19215,18427,14809,15524,191608,1
60000,2,2,3,1,-2,-2,-2,-2,-2,0,0,0,0,0,0,0,0,0,0,0,0,60000,60000,60000,60000,60000,60000,0,1
30000,2,2,1,-1,-1,-1,-1,-1,-1,8618,9975,4885,1065,-264,942,1700,1020,1000,0,1206,0,21382,20025,25115,28935,30264,29058,20295,0
20000,2,1,3,-1,-1,-1,-1,-1,-2,16348,10535,10720,10120,0,0,2010,1508,1000,0,0,0,3652,9465,9280,9880,20000,20000,43205,1
20000,3,3,4,1,2,-1,-1,-1,-1,20442,20141,19888,20318,20364,20134,1200,1300,1000,1000,1000,1000,-442,-141,112,-318,-364,-134,114787,0
200000,1,1,3,2,-1,-1,-1,-2,-2,43272,21546,4397,0,0,0,2000,2000,0,0,0,0,156728,178454,195603,200000,200000,200000,65215,1
100000,1,4,1,-2,-2,-2,-2,-2,-2,0,0,0,0,0,0,0,0,0,0,0,0,100000,100000,100000,100000,100000,100000,0,0
300000,3,2,2,-1,-1,-2,-2,-2,-2,1117,0,0,0,0,0,0,0,0,0,0,0,298883,300000,300000,300000,300000,300000,1117,0
210000,1,4,2,1,-2,-2,-2,-2,-2,0,0,0,0,0,0,0,0,0,0,0,0,210000,210000,210000,210000,210000,210000,0,0
70000,3,2,6,-1,-1,-1,2,-1,-1,64670,66197,70867,54425,55555,48530,3166,6550,0,2033,1915,1708,5330,3803,-867,15575,14445,21470,344872,0
210000,2,4,1,1,1,-2,-2,-1,-1,1767,-3355,-3987,-1987,1697,4347,0,0,2000,4000,3000,5000,208233,213355,213987,211987,208303,205653,-15518,0
440000,1,1,2,1,2,2,2,-1,-1,274263,267233,360999,149363,142757,119034,0,100006,0,6000,4000,8000,165737,172767,79001,290637,297243,320966,1195643,1
410000,1,2,2,-1,-1,-1,-1,-1,-1,4111,874,25014,26184,21515,15656,897,26880,15083,12049,4077,5541,405889,409126,384986,383816,388485,394344,28827,0
110000,1,1,2,-1,-1,-1,-1,-1,-1,104498,107819,109836,44356,45932,47473,5000,4823,2000,2000,2000,2000,5502,2181,164,65644,64068,62527,442091,0
200000,1,4,2,-1,-1,-2,-2,-2,-2,120869,0,0,0,0,0,0,0,0,0,0,0,79131,200000,200000,200000,200000,200000,120869,0
180000,3,2,3,-1,-1,-1,-1,-1,-1,2069,2675,448,448,29926,5287,2675,448,0,29926,5287,10843,177931,177325,179552,179552,150074,174713,-8326,1
150000,1,2,3,-1,-1,-1,-1,-1,-1,21787,22817,24134,24635,29032,29766,1382,1699,1200,5000,1214,1500,128213,127183,125866,125365,120968,120234,140176,0
330000,1,4,2,1,-2,-2,-1,2,2,-200,-200,-200,150,150,350,0,0,350,0,200,0,330200,330200,330200,329850,329850,329650,-500,0
500000,2,2,3,-1,-1,2,-1,-1,-1,8938,73679,65181,5466,30177,11602,65215,326,5494,30328,11658,132,491062,426321,434819,494534,469823,488398,81890,0
350000,2,2,2,-2,-2,-1,-1,-2,-2,83379,26305,26858,40098,10855,-2,26436,26921,40098,10855,2,0,266621,323695,323142,309902,339145,350002,83181,0
200000,2,2,2,-1,-1,-1,-1,-1,-1,473,4511,5122,1936,1771,0,4528,5122,0,1771,0,604,199527,195489,194878,198064,198229,200000,1788,1
280000,1,1,3,-1,-1,-1,-1,-1,-1,2270,1703,-15,30943,15631,17508,1703,0,30958,15631,17508,10049,277730,278297,280015,249057,264369,262492,-7809,1
80000,3,2,2,-1,-1,-1,-1,-2,-1,5280,5000,5000,0,0,5000,5000,5000,0,5000,5000,470,74720,75000,75000,80000,80000,75000,-190,0
280000,1,4,1,-1,-1,-1,-1,-1,-1,4356,12345,2663,867,3060,858,12384,2664,867,3060,858,3193,275644,267655,277337,279133,276940,279142,1123,0
130000,2,4,1,2,2,2,2,-1,-1,115978,121386,108759,94692,96419,98233,12073,3400,0,3482,4037,2630,14022,8614,21241,35308,33581,31767,609845,0
160000,2,2,3,-1,-1,-1,-1,-1,-1,76445,78013,19007,19392,19928,20445,4000,3000,1000,1000,1000,1000,83555,81987,140993,140608,140072,139555,222230,0
20000,2,4,1,2,2,7,7,7,6,2400,2400,2400,2400,2400,1800,0,0,0,0,0,0,17600,17600,17600,17600,17600,18200,13800,1
300000,2,4,2,-1,-1,-1,-1,-1,-2,26575,27062,20111,8738,250,0,1321,9160,1000,250,0,0,273425,272938,279889,291262,299750,300000,71005,0
100000,1,4,2,-1,-1,-1,-1,-1,-1,93724,96017,98111,68668,66845,67452,3800,4000,2500,2500,3000,2600,6276,3983,1889,31332,33155,32548,472417,0
130000,2,1,2,-1,-1,-1,-1,-1,-1,780,0,11440,3752,1824,390,0,11440,3752,1824,390,390,129220,130000,118560,126248,128176,129610,390,0
500000,1,1,4,2,2,2,2,2,2,4957,4957,4957,4957,4957,4957,0,0,0,0,0,0,495043,495043,495043,495043,495043,495043,29742,1
200000,2,2,1,1,3,2,2,2,2,183994,182427,182657,174547,181454,177141,5200,7000,0,13300,0,6200,16006,17573,17343,25453,18546,22859,1050520,1
360000,1,4,2,-1,-1,-1,-1,-1,-1,70701,74550,78212,69453,73423,72575,10000,10005,10000,10000,10000,10000,289299,285450,281788,290547,286577,287425,378909,0
20000,2,2,1,1,-2,-2,-2,-2,-2,0,0,0,0,0,0,0,0,0,0,0,0,20000,20000,20000,20000,20000,20000,0,1
400000,2,2,1,1,2,-1,-1,-1,-1,21092,19756,19058,15146,15064,12774,0,1510,1010,1000,2000,2000,378908,380244,380942,384854,384936,387226,95370,0
200000,3,2,4,1,2,2,-1,-1,-1,203385,192055,164665,155614,145920,104728,5891,0,6100,5792,4240,2900,-3385,7945,35335,44386,54080,95272,941444,0
30000,4,2,5,-1,-1,-1,-1,-1,-1,19282,20364,21638,25392,24428,26410,1700,2617,5710,1000,3342,0,10718,9636,8362,4608,5572,3590,123145,0
30000,2,1,4,-1,-1,-1,-1,-1,-1,2450,4765,3767,4151,3940,3697,4777,3770,4151,3940,3697,843,27550,25235,26233,25849,26060,26303,1592,1
50000,2,1,4,1,2,-1,-1,-1,-1,44306,43321,43454,44254,2150,1689,0,1200,1000,2150,1689,0,5694,6679,6546,5746,47850,48311,173135,0
230000,1,2,4,-1,-1,-1,-1,-1,-1,986,2295,2754,74,3381,2308,2295,2764,74,3381,2308,2381,229014,227705,227246,229926,226619,227692,-1405,1
210000,1,2,2,1,-1,-1,-2,-1,-1,0,799,0,0,4150,0,799,0,0,4150,0,0,210000,209201,210000,210000,205850,210000,0,1
50000,1,4,3,2,2,4,4,4,4,150,150,150,150,150,150,0,0,0,0,0,0,49850,49850,49850,49850,49850,49850,900,1
170000,4,2,2,-1,-1,-1,-1,-1,-1,143737,129898,124370,112589,26958,8535,6247,6375,4468,1000,1306,110000,26263,40102,45630,57411,143042,161465,416691,0
230000,1,1,3,-1,-1,-1,-1,-1,-1,815,815,815,1630,815,815,815,815,1630,0,815,629,229185,229185,229185,228370,229185,229185,1001,0
230000,1,4,3,-1,-1,-1,-1,-1,-1,161083,164757,168214,159106,162436,165878,7800,7684,5600,5755,6000,6300,68917,65243,61786,70894,67564,64122,942335,0
350000,1,2,2,-1,-1,-1,-1,-1,-1,352032,353903,351888,351175,352835,354265,13068,14412,12947,13016,12823,12915,-2032,-3903,-1888,-1175,-2835,-4265,2036917,0
170000,1,4,2,-1,-1,2,-1,-1,-1,248,832,416,2304,323,-1092,1416,0,2304,0,0,0,169752,169168,169584,167696,169677,171092,-689,0
150000,2,2,2,2,2,2,2,2,2,137723,141048,142475,143966,146736,149697,7000,5200,5300,5200,5500,5200,12277,8952,7525,6034,3264,303,828245,0
90000,2,2,1,-1,-1,-1,-1,-1,-1,1767,17684,18382,21415,6654,10323,17684,3000,5000,3000,5000,7000,88233,72316,71618,68585,83346,79677,35541,0
320000,1,4,2,-2,-2,-2,-2,-2,-1,-347,-347,-347,-347,-347,13694,0,0,0,0,14041,1613,320347,320347,320347,320347,320347,306306,-3695,0
120000,2,4,3,-1,-1,-1,-1,-1,-1,92000,94000,96000,98000,100000,0,2000,2000,2000,2000,0,0,28000,26000,24000,22000,20000,120000,472000,0
20000,3,2,4,2,-1,-1,-1,-1,-1,12864,14150,15334,16222,17598,9950,1500,1500,1000,1500,1500,1500,7136,5850,4666,3778,2402,10050,77618,0
280000,1,2,3,2,-1,-1,-1,-2,-1,280,6852,486,0,0,244,6859,486,0,0,244,0,279720,273148,279514,280000,280000,279756,273,0
90000,2,4,1,-1,-1,-1,-1,-1,-2,81553,39759,29601,20650,0,0,2000,1396,1050,0,0,0,8447,50241,60399,69350,90000,90000,167117,0
450000,1,1,2,-1,-1,-2,-2,-2,-2,25244,0,0,0,0,0,0,0,0,0,0,134745,424756,450000,450000,450000,450000,450000,-109501,0
270000,2,2,1,-1,-1,-1,-1,-1,-1,144376,91373,15016,14092,14315,111458,6000,2000,1000,2000,100000,100000,125624,178627,254984,255908,255685,158542,179630,0
80000,2,2,3,-1,-1,-1,-1,-1,-1,74228,76138,45441,30526,28356,2661,3500,2000,1400,1600,400,1000,5772,3862,34559,49474,51644,77339,247450,0
230000,2,2,3,-1,-1,-1,-1,-1,-1,166988,170603,172056,172615,174555,177010,8000,7500,6500,6500,7000,7068,63012,59397,57944,57385,55445,52990,991259,0
50000,2,2,2,-1,-1,2,-1,2,2,416,832,416,3285,2685,2270,832,0,3285,0,190,0,49584,49168,49584,46715,47315,47730,5597,1
250000,1,1,3,-1,-1,-1,-1,-1,-1,205323,5317,4898,19351,4858,6973,10021,5033,19619,4874,7050,12073,44677,244683,245102,230649,245142,243027,188050,1
220000,1,4,3,-1,-1,-1,-1,-1,-1,26340,31523,35718,24288,25720,48759,31533,20600,24288,25720,48759,23303,193660,188477,184282,195712,194280,171241,18145,0
30000,1,2,2,-1,-1,-1,-1,-1,-1,26460,27042,27617,28546,13487,8307,2000,1400,1300,700,1000,0,3540,2958,2383,1454,16513,21693,125059,0
120000,2,2,5,2,2,-1,-1,-1,-1,125406,123819,122209,122047,122019,130079,4400,4436,4370,4440,12600,4500,-5406,-3819,-2209,-2047,-2019,-10079,710833,1
100000,2,4,1,-1,-1,-1,-1,-1,-1,22320,15193,13516,1541,8805,11329,1227,1150,1600,8000,5000,0,77680,84807,86484,98459,91195,88671,55727,0
150000,1,4,1,3,3,2,2,2,2,147260,148157,146844,145037,145349,145506,8100,5202,5300,5300,5300,5500,2740,1843,3156,4963,4651,4494,843451,1
670000,1,2,1,-1,-1,-1,-1,-1,-1,88612,91137,99314,95292,63782,41114,5000,10000,4500,6000,1300,3000,581388,578863,570686,574708,606218,628886,449451,0
200000,1,1,2,-1,-1,-1,-1,-1,-1,8065,49307,5679,8855,49572,2684,49362,5679,8855,49572,2684,13050,191935,150693,194321,191145,150428,197316,-5040,0
70000,3,2,3,-1,-1,-1,-1,-1,-1,71392,70757,71451,70654,70965,71373,3200,3400,2900,2750,3152,2700,-1392,-757,-1451,-654,-965,-1373,408490,0
50000,2,2,3,1,2,2,2,2,-1,15910,15370,16490,16962,15446,14739,0,1700,1002,2,684,442,34090,34630,33510,33038,34554,35261,91087,0
80000,2,4,5,2,2,-1,-1,-1,-1,74037,71892,70762,71296,72832,74138,390,4000,2671,4000,2670,2923,5963,8108,9238,8704,7168,5862,418303,1
10000,1,2,1,2,2,3,3,3,3,1050,1050,1050,1050,1050,1050,0,0,0,0,0,0,8950,8950,8950,8950,8950,8950,6300,1
140000,1,2,2,-1,-1,2,2,2,2,124375,133384,135691,137675,135371,138455,11000,6000,5700,0,5500,5000,15625,6616,4309,2325,4629,1545,771751,1
30000,2,4,1,-1,-1,-1,-1,-1,-1,17444,11276,13324,5427,4521,0,2276,2328,1435,90,0,0,12556,18724,16676,24573,25479,30000,45863,0
200000,2,2,2,-1,-1,-1,-1,-1,-1,99483,97546,98897,94943,96967,99016,4841,4300,3300,3361,3500,3206,100517,102454,101103,105057,103033,100984,564344,1
90000,2,4,1,-1,-1,2,2,2,2,26928,29773,30091,30922,34112,34280,3600,1100,1630,4000,1200,0,63072,60227,59909,59078,55888,55720,174576,1
130000,2,2,4,1,2,2,2,-1,-1,112434,98455,103351,100724,97675,102080,0,12700,0,4000,11461,0,17566,31545,26649,29276,32325,27920,586558,0
160000,2,4,1,-1,-1,-1,-1,-1,-1,8036,7663,768,10488,4724,104205,7663,768,10488,2049,104205,3000,151964,152337,159232,149512,155276,55795,7711,0
150000,3,2,4,-2,-2,-2,-2,-2,-2,42218,44828,-7772,-7772,69762,71591,4828,0,0,77534,2991,4509,107782,105172,157772,157772,80238,78409,122993,0
150000,1,4,2,-2,-2,-2,-2,-2,-2,1198,10848,8830,16864,17199,20025,12003,5000,16864,18000,20025,51514,148802,139152,141170,133136,132801,129975,-48442,0
20000,1,2,1,-1,-1,-1,2,-1,-1,3302,0,679,679,5679,7570,0,679,0,5000,2000,0,16698,20000,19321,19321,14321,12430,10230,0
80000,1,4,1,-1,-1,-1,-1,-1,-1,666,666,1332,666,666,416,666,1332,0,666,416,416,79334,79334,78668,79334,79334,79584,916,1
460000,2,1,2,-1,-1,-1,-1,-1,-2,120430,123150,0,6261,0,0,6000,0,6261,0,0,0,339570,336850,460000,453739,460000,460000,237580,0
60000,3,2,3,1,-1,-1,-1,-1,-1,749,44893,34812,15768,25915,25058,60295,3000,3020,25915,1500,2000,59251,15107,25188,44232,34085,34942,51465,1
50000,2,1,2,-1,-1,-1,-1,-1,-1,49695,49848,49557,49233,49068,48542,2200,2100,2000,2000,1700,1900,305,152,443,767,932,1458,284043,1
200000,3,2,2,-1,-1,-1,-1,-1,-1,188096,171535,167877,128550,131511,127781,8000,6700,5000,5100,4700,4800,11904,28465,32123,71450,68489,72219,881050,1
60000,2,2,2,-1,-1,-1,-1,-1,-1,59533,61276,61117,25254,26237,26752,3300,1900,1100,3000,1011,5000,467,-1276,-1117,34746,33763,33248,244858,0
200000,1,1,2,-1,-1,-1,-1,-1,-1,58008,72062,72912,80819,84186,83710,20000,20000,10000,20000,10000,10000,141992,127938,127088,119181,115814,116290,361697,0
230000,1,1,2,-1,-1,-1,-1,-1,-1,218094,225070,227528,121751,219354,111792,12000,9100,4600,4200,4100,5000,11906,4930,2472,108249,10646,118208,1084589,0
50000,2,1,2,-1,-1,-1,-1,-1,-1,25809,14888,20803,18395,18386,18420,2000,20000,700,665,727,505,24191,35112,29197,31605,31614,31580,92104,0
60000,3,4,4,-1,-1,-1,-1,-1,-1,56793,57455,59295,19212,19232,19218,2342,3057,700,700,682,700,3207,2545,705,40788,40768,40782,223024,0
180000,2,1,3,-1,-1,-1,-1,-1,-1,1473,1473,390,390,390,780,1473,390,390,390,780,0,178527,178527,179610,179610,179610,179220,1473,1
50000,2,2,3,-1,-1,-1,-1,-1,-1,50732,50713,45549,40043,39844,39599,2000,2106,1600,1606,1581,2000,-732,-713,4451,9957,10156,10401,255587,0
150000,3,1,5,1,-2,-2,-2,-2,-2,0,0,0,0,0,0,0,0,0,0,0,0,150000,150000,150000,150000,150000,150000,0,0
140000,2,2,2,-1,-1,-1,-1,-1,-1,326,501,1251,0,2106,652,501,1251,0,2106,652,0,139674,139499,138749,140000,137894,139348,326,1
120000,1,1,2,1,2,2,2,2,2,114127,117131,114496,120538,115975,116937,7000,1500,9975,0,8000,0,5873,2869,5504,-538,4025,3063,672729,1
200000,1,2,2,-1,-1,-1,-1,-1,-1,193162,191772,174199,173102,152178,129082,7294,5443,6000,5500,5000,5000,6838,8228,25801,26898,47822,70918,979258,0
500000,1,2,2,1,-2,-1,-1,-1,-1,0,0,399,35528,10389,0,0,399,35129,0,0,1307,500000,500000,499601,464472,489611,500000,9481,0
120000,2,2,2,2,2,-1,-1,2,2,117922,114621,115581,118481,116444,117283,0,4400,9000,0,9000,4400,2078,5379,4419,1519,3556,2717,673532,1
500000,1,2,1,-2,-2,-2,-1,2,-1,17155,0,0,1116,969,6745,0,0,1116,3,6745,5003,482845,500000,500000,498884,499031,493255,13118,0
50000,3,4,1,-1,-1,-1,-1,-1,-1,47333,11354,12367,12612,12875,13131,1193,1206,451,466,469,638,2667,38646,37633,37388,37125,36869,105249,0
30000,3,4,4,-1,-1,-1,-1,-1,-1,17261,20543,18180,7200,18183,8975,5000,8180,2200,18183,8975,3000,12739,9457,11820,22800,11817,21025,44804,0
240000,1,1,2,-2,-2,-2,-2,-2,-2,2007,21790,17102,13367,22659,22707,21817,1120,13434,22772,22820,8050,237993,218210,222898,226633,217341,217293,9619,0
170000,2,2,2,1,-2,-2,-2,-2,-2,0,0,0,0,0,0,0,0,0,0,0,0,170000,170000,170000,170000,170000,170000,0,0
80000,1,2,1,1,1,-2,-2,-2,-2,74384,0,0,0,0,0,5000,0,0,0,0,0,5616,80000,80000,80000,80000,80000,69384,0
360000,1,2,1,-1,-1,-1,-2,-1,-1,2273,1170,0,0,7972,8275,1175,0,0,7972,435,2947,357727,358830,360000,360000,352028,351725,7161,0
50000,2,4,1,2,-1,-1,2,2,2,20632,21994,23914,23231,24851,24301,1700,2600,0,2000,0,2200,29368,28006,26086,26769,25149,25699,130423,1
70000,2,2,1,2,-1,-1,-1,-1,-1,76062,73367,70935,52943,50971,50681,3000,3500,5450,5900,3100,2650,-6062,-3367,-935,17057,19029,19319,351359,1
250000,2,2,1,2,2,2,-1,-1,2,128413,124320,108995,84196,95286,93613,5300,0,3100,12500,0,2100,121587,125680,141005,165804,154714,156387,611823,1
150000,1,2,2,1,2,2,2,2,2,80762,77506,75239,71245,69214,24036,0,3700,0,2000,0,2000,69238,72494,74761,78755,80786,125964,390302,1
100000,2,2,3,-2,-2,-2,-1,-1,-2,390,390,0,944,0,0,780,0,944,0,0,0,99610,99610,100000,99056,100000,100000,0,0
360000,1,2,2,-2,-2,-2,-2,-2,-2,0,0,0,0,0,0,0,0,0,0,0,0,360000,360000,360000,360000,360000,360000,0,0
30000,3,2,3,-2,-2,-2,-2,-2,-2,6911,10507,4785,4567,11762,4209,10523,4790,4736,55762,4209,22815,23089,19493,25215,25433,18238,25791,-60094,0
490000,1,1,1,-1,-1,-1,-1,-1,-1,115,109,1375,230,115,113,109,1381,230,0,113,0,489885,489891,488625,489770,489885,489887,224,1
180000,2,2,5,2,2,2,-1,-1,-1,178854,177159,177477,176197,170173,139649,2600,5022,5000,6000,7000,6000,1146,2841,2523,3803,9827,40351,987887,1
420000,1,2,2,-1,-1,-1,-1,-1,-1,0,1493,0,11511,14916,15564,0,0,11511,14916,15564,11339,420000,418507,420000,408489,405084,404436,-9846,0
20000,1,2,2,2,-1,-1,-2,-2,-2,16339,20650,0,0,0,0,5000,0,0,0,0,0,3661,-650,20000,20000,20000,20000,31989,1
480000,1,1,3,-1,-1,-1,-1,-1,-1,69046,70490,71931,73362,74897,76461,2548,2602,2618,2709,2800,6098,410954,409510,408069,406638,405103,403539,416812,0
350000,1,2,1,1,-2,-2,-2,-1,-1,21872,68309,162651,13514,36306,14974,137308,164395,49,36491,15049,14158,328128,281691,187349,336486,313694,335026,-49824,0
360000,2,1,4,1,-2,-2,-2,-2,-2,0,0,0,0,0,0,0,0,0,0,0,0,360000,360000,360000,360000,360000,360000,0,1
240000,1,4,1,-2,-2,-2,-2,-2,-2,3293,9051,2804,3958,12157,3874,9079,2804,3958,12157,3874,937,236707,230949,237196,236042,227843,236126,2328,0
280000,1,4,2,-1,-1,-1,-1,-1,-1,29989,168,1206,300,460,861,168,1206,300,460,861,7595,250011,279832,278794,279700,279540,279139,22394,1
150000,2,2,2,-1,-1,-1,-1,-1,-1,32891,30930,28901,27587,25531,26586,5000,1650,2000,2000,3000,2000,117109,119070,121099,122413,124469,123414,156776,0
320000,2,2,2,-1,-1,-1,-1,-1,-1,29668,30282,30737,26875,26318,25880,1353,1224,739,742,751,703,290332,289718,289263,293125,293682,294120,164248,0
20000,2,4,1,-1,-1,2,-1,-1,-1,631,1170,780,390,0,780,1800,0,0,0,2000,0,19369,18830,19220,19610,20000,19220,-49,1
50000,3,2,2,-1,-1,-1,-1,-1,2,45260,46605,47317,48259,50245,50265,2075,1787,1729,2765,1000,2000,4740,3395,2683,1741,-245,-265,276595,1
280000,1,2,2,-1,-1,-1,-1,-1,-1,275487,207378,107293,6283,5783,5283,8879,4743,1640,0,0,0,4513,72622,172707,273717,274217,274717,592245,0
450000,2,2,4,-2,-2,-2,-2,-2,-2,2542,2545,1158,1103,110,187,2557,1273,1109,0,187,2014,447458,447455,448842,448897,449890,449813,505,0
260000,1,4,4,-1,-1,-1,-1,-1,-1,235073,235704,198181,143561,110982,72514,30000,10087,6030,5001,10002,148,24927,24296,61819,116439,149018,187486,934747,0
500000,1,1,4,-1,-1,-1,-1,-1,-1,87161,89009,92651,93725,95517,97581,3248,5140,3510,3461,3646,3770,412839,410991,407349,406275,404483,402419,532869,0
470000,1,2,2,-1,-1,-1,-1,-1,-1,393780,371511,318025,248281,254175,256613,15107,13111,10000,10014,9598,10044,76220,98489,151975,221719,215825,213387,1774511,0
150000,2,4,1,-1,-1,-1,-1,-1,-2,15952,29836,1860,1535,0,0,20039,1860,0,0,0,0,134048,120164,148140,148465,150000,150000,27284,0
100000,3,2,3,-1,-1,2,2,2,2,91983,100538,101670,98047,101891,98173,11000,3700,0,7500,0,3800,8017,-538,-1670,1953,-1891,1827,566302,0
100000,1,2,2,1,2,2,2,2,2,24796,27085,26352,33871,33192,35637,3000,0,8000,0,3000,0,75204,72915,73648,66129,66808,64363,166933,0
220000,2,2,2,-1,-1,-1,-1,-1,-1,3553,15696,17257,21624,26246,30781,15696,5000,5000,5000,5000,5000,216447,204304,202743,198376,193754,189219,74461,0
300000,1,4,2,1,2,-1,-1,-1,-1,34085,29305,25945,22318,18636,15374,0,1380,753,630,1000,500,265915,270695,274055,277682,281364,284626,141400,0
230000,1,4,2,-2,-2,-2,-1,-1,-1,0,0,196,533,1238,957,0,196,533,1238,957,1187,230000,230000,229804,229467,228762,229043,-1187,0
300000,3,4,2,1,-2,-1,-1,-1,-1,-3928,-5973,4735,6186,116,14429,1720,344467,6822,49,15000,12000,303928,305973,295265,293814,299884,285571,-364493,1
50000,3,2,3,-1,-1,-1,-1,-1,-1,79681,79989,76394,24873,-2132,28561,3200,2581,1200,2070,31500,1200,-29681,-29989,-26394,25127,52132,21439,245615,0
170000,3,1,3,-2,-2,-2,-2,-2,-2,1521,0,0,0,0,0,0,0,0,0,0,0,168479,170000,170000,170000,170000,170000,1521,0
460000,1,1,3,-1,-1,-1,-1,-1,-1,5383,40004,0,650,0,2232,40134,0,650,0,2232,3208,454617,419996,460000,459350,460000,457768,2045,1
30000,1,4,2,1,2,2,2,2,2,24022,24744,24053,25624,25977,25413,1396,0,1967,903,0,1100,5978,5256,5947,4376,4023,4587,144467,1
30000,1,4,1,-1,-1,-1,-1,2,2,165,165,165,323,158,-1027,165,165,323,0,0,5527,29835,29835,29835,29677,29842,31027,-6231,1
20000,2,1,3,-1,-1,-1,-1,-1,-1,21431,19745,19943,19235,19245,13670,1386,1189,570,589,600,200,-1431,255,57,765,755,6330,108735,1
220000,3,1,3,-1,-1,-1,-1,-1,-1,380,380,380,380,56663,57436,380,380,380,56663,2000,2000,219620,219620,219620,219620,163337,162564,53816,0
70000,1,2,5,-1,-1,-1,-1,-1,-1,69926,69474,60975,38546,37843,38632,4000,3000,1341,1359,1403,1352,74,526,9025,31454,32157,31368,302941,0
330000,2,4,3,2,2,-1,-1,-1,-1,131096,127564,130167,132754,135691,139646,0,4725,4752,5077,6366,8550,198904,202436,199833,197246,194309,190354,767448,0
370000,1,1,3,1,-2,-2,-2,-2,-2,0,0,0,0,0,0,0,0,0,0,0,0,370000,370000,370000,370000,370000,370000,0,1
230000,1,2,1,-2,-1,-1,-1,-1,-1,23855,18298,1741,16594,18261,18333,18309,1741,33188,20000,19000,19319,206145,211702,228259,213406,211739,211667,-14475,0
50000,3,1,3,-1,-1,-1,-1,-1,-1,40281,9630,10614,10478,10490,390,1173,1157,411,608,690,780,9719,40370,39386,39522,39510,49610,77064,0
360000,2,2,2,-1,-1,-1,-1,-1,-1,281600,281178,265549,244053,239088,193401,14128,11208,6554,7248,7122,6144,78400,78822,94451,115947,120912,166599,1452465,1
390000,2,4,2,-1,-1,-1,-1,-1,-1,324452,309369,269703,266017,271657,245958,13106,10111,10005,11000,9007,9000,65548,80631,120297,123983,118343,144042,1624927,0
360000,2,6,3,-1,-1,-1,-1,-1,-1,429169,278515,259097,259999,265746,259299,16629,9519,9367,10001,9513,9973,-69169,81485,100903,100001,94254,100701,1686823,0
30000,2,2,1,-1,-1,2,2,-1,-1,10011,12830,13225,12718,12829,13083,3000,901,0,465,467,485,19989,17170,16775,17282,17171,16917,69378,1
500000,1,1,2,1,-2,-2,-2,-1,-1,2907,-110,-110,-310,82690,84529,9,0,0,83000,3000,4561,497093,500110,500110,500310,417310,415471,79026,0
120000,3,4,2,-1,-1,-1,-1,-1,-1,67876,69903,71446,79589,81354,83044,3120,3300,10000,3200,3200,10000,52124,50097,48554,40411,38646,36956,420392,0
360000,1,2,1,-2,-2,-2,-2,-2,-2,0,0,0,0,0,0,0,0,0,0,0,0,360000,360000,360000,360000,360000,360000,0,1
20000,2,2,1,-1,-1,-1,-1,-1,-1,19961,16437,16579,17437,18314,19616,1500,2579,1437,1314,1616,800,39,3563,3421,2563,1686,384,99098,0
50000,2,2,3,-1,-1,-1,-1,-1,-1,5994,1478,2946,1473,1473,1473,1478,4419,0,1473,1473,1473,44006,48522,47054,48527,48527,48527,4521,0
230000,1,4,1,1,-1,-1,-1,-1,-2,0,1988,19690,25681,0,0,1988,19878,25681,0,0,0,230000,228012,210310,204319,230000,230000,-188,0
160000,1,2,3,1,-2,-2,-2,-2,-2,0,0,0,0,0,0,0,0,0,0,0,0,160000,160000,160000,160000,160000,160000,0,0
110000,1,2,2,2,2,-1,-1,2,2,114430,108202,108657,108668,103867,111842,0,6000,8200,0,9956,4000,-4430,1798,1343,1332,6133,-1842,627510,1
50000,2,2,1,2,2,2,3,2,-1,32233,31440,33489,18968,15611,19304,0,3041,0,3,5700,700,17767,18560,16511,31032,34389,30696,141601,0
30000,3,2,1,2,2,2,-1,-1,-1,22323,25961,25141,22272,22844,19436,4000,9,1000,1013,1300,10000,7677,4039,4859,7728,7156,10564,120655,1
50000,2,2,2,-1,-1,-1,-1,-1,-1,57570,54383,49966,7825,3753,34287,2460,1140,226,555,35190,1203,-7570,-4383,34,42175,46247,15713,167010,1
240000,3,2,2,-2,-2,-1,-1,-2,-1,-3,-3,1130,3525,0,2116,0,1133,3525,0,2116,7442,240003,240003,238870,236475,240000,237884,-7451,0
90000,3,2,1,-1,-1,-1,-1,-1,-1,83683,65192,46273,46979,48139,44432,4000,3000,1700,2000,1591,2647,6317,24808,43727,43021,41861,45568,319760,0
150000,1,2,1,-1,-1,-1,-1,-1,-1,598,3188,33850,4625,1035,520,3188,33850,4625,1035,0,0,149402,146812,116150,145375,148965,149480,1118,1
100000,2,2,2,3,3,2,2,-1,-1,61089,59556,60486,58296,33247,34118,0,2525,0,1206,1423,3400,38911,40444,39514,41704,66753,65882,298238,1
70000,1,4,1,2,2,2,-1,-1,-1,26410,31128,24486,21879,13127,14149,5190,42,3000,3000,1400,2000,43590,38872,45514,48121,56873,55851,116547,1
430000,2,4,1,-2,-2,-2,-2,-2,-2,263,263,4119,4390,20952,15562,1764,4120,535,20990,2506,500,429737,429737,425881,425610,409048,414438,15134,1
150000,1,2,2,-1,-1,-1,-1,-1,-1,64378,14054,140230,98674,107664,111561,14127,140951,10000,10000,5219,50005,85622,135946,9770,51326,42336,38439,306259,0
50000,1,2,3,-1,-1,-1,-1,-1,-1,53540,53321,49263,29063,26644,27201,1066,50045,992,1000,1000,1008,-3540,-3321,737,20937,23356,22799,183921,0
200000,1,2,2,-2,-2,-2,-2,-2,-2,-18,-18,-18,-18,-18,-18,0,0,0,0,0,0,200018,200018,200018,200018,200018,200018,-108,1
150000,2,2,1,-1,-1,-1,-1,-1,-1,19946,18646,13086,13086,3555,0,2000,1500,1500,1000,0,0,130054,131354,136914,136914,146445,150000,62319,0
50000,2,2,1,-1,-1,-1,-1,-1,-1,5832,33559,32774,23113,19852,17308,30074,1800,1000,700,1000,1000,44168,16441,17226,26887,30148,32692,96864,0
300000,1,2,2,-1,-1,-1,-1,-1,-1,16772,943,38450,29925,33769,21020,934,38500,29700,33769,21020,5418,283228,299057,261550,270075,266231,278980,11538,0
50000,2,2,3,-1,-1,-1,-1,-1,-1,45578,41906,35703,22360,23659,27421,3016,5003,3000,3000,5000,924,4422,8094,14297,27640,26341,22579,176684,0
30000,1,2,2,1,-2,-2,-2,-2,-2,0,0,0,0,0,0,0,0,0,0,0,0,30000,30000,30000,30000,30000,30000,0,1
380000,1,1,4,1,-1,-1,-1,-1,-1,0,767,4090,9471,1993,1164,767,4090,9476,1993,1164,3514,380000,379233,375910,370529,378007,378836,-3519,0
70000,1,2,3,1,2,2,-1,-1,-1,69794,70756,65348,58253,35943,27930,3000,0,3000,5943,10000,2249,206,-756,4652,11747,34057,42070,303832,0
360000,2,2,1,-1,-1,-1,-1,-1,-1,19390,22726,12148,12885,12994,15320,7113,12163,3787,714,5369,10026,340610,337274,347852,347115,347006,344680,56291,0
50000,2,2,3,-1,-1,-1,-1,-1,-1,41993,43163,36546,6421,5263,-12,1942,1725,1000,400,0,0,8007,6837,13454,43579,44737,50012,128307,0
20000,1,4,2,1,2,2,-1,-1,-1,11730,7221,0,3041,3041,1326,1712,0,3041,0,1326,0,8270,12779,20000,16959,16959,18674,20280,0
80000,2,4,1,-1,-1,-1,-1,-1,-1,80088,81371,79183,64862,58651,55230,4791,2418,2118,2066,2150,3000,-88,-1371,817,15138,21349,24770,402842,0
30000,2,1,3,-1,-1,2,2,-1,-1,12855,16012,16453,15891,16224,16710,3690,1000,0,589,756,1500,17145,13988,13547,14109,13776,13290,86610,0
50000,3,4,4,-1,-1,-1,-1,-1,-1,51682,37869,27114,29625,32788,28668,3960,7232,11000,15788,13668,4490,-1682,12131,22886,20375,17212,21332,151608,0
30000,3,2,2,-1,-1,-1,-1,-1,-1,26411,27578,29312,29680,29689,31050,1898,2632,1000,1176,830,0,3589,2422,688,320,311,-1050,166184,0
260000,1,1,2,-1,-1,-1,-1,-1,-1,10448,1199,6675,1175,888,4186,1211,6818,1180,892,4207,6175,249552,258801,253325,258825,259112,255814,4088,1
210000,2,2,2,-1,-1,-1,-1,-2,-1,44100,0,28428,0,0,12000,0,28428,0,0,12000,33664,165900,210000,181572,210000,210000,198000,10436,0
200000,1,4,1,-1,-1,-1,-1,-1,-1,7523,8445,9090,3270,774,0,3000,1000,0,700,0,0,192477,191555,190910,196730,199226,200000,24402,0
50000,1,1,4,-1,-1,-1,-1,-1,-1,5433,12906,7044,6787,6534,6277,1117,1098,231,234,238,175,44567,37094,42956,43213,43466,43723,41888,1
490000,3,1,1,-1,-1,-1,-1,-1,-1,108157,107692,108590,109389,110491,111158,4056,3993,3831,4111,3939,4001,381843,382308,381410,380611,379509,378842,631546,0
170000,1,1,3,-1,-1,-1,-1,-1,-1,3479,570,0,1546,4981,4769,570,0,1546,4981,4769,6452,166521,169430,170000,168454,165019,165231,-2973,0
500000,1,2,1,-1,-1,-1,-1,-1,-1,15732,15760,18426,19200,3817,4817,3000,3000,2000,1000,2000,1885,484268,484240,481574,480800,496183,495183,64867,0
220000,2,1,3,2,-1,-1,-1,-1,-1,157646,159833,160032,162303,164700,166756,5800,5759,5938,6200,6009,6044,62354,60167,59968,57697,55300,53244,935520,0
150000,1,4,2,-1,-1,-1,-1,-1,-1,141330,133582,125026,108358,110070,111654,8000,8000,5000,5000,5000,5000,8670,16418,24974,41642,39930,38346,694020,0
50000,2,2,2,2,2,2,2,2,2,44654,45650,46320,45290,48322,49094,2000,1700,0,3760,1700,0,5346,4350,3680,4710,1678,906,270170,0
50000,2,1,4,-1,-1,-1,-1,-1,-1,46436,41290,40251,15273,14229,15001,2300,2000,1000,1000,1000,1000,3564,8710,9749,34727,35771,34999,164180,0
100000,1,4,1,-1,-1,-1,-1,-1,-1,91857,78797,70936,68104,68055,68084,3572,2600,5600,2600,2600,2510,8143,21203,29064,31896,31945,31916,426351,0
310000,2,4,1,-1,-1,-1,-1,-1,-1,28598,22017,14605,15125,18048,16607,8820,1576,1000,3100,2000,1000,281402,287983,295395,294875,291952,293393,97504,0
510000,1,2,2,-1,-1,-1,-1,-1,-1,62382,55076,113654,104449,95937,96634,5000,70000,3500,4000,3500,5000,447618,454924,396346,405551,414063,413366,437132,0
200000,2,1,3,1,2,2,2,2,-1,11201,1383,976,1126,563,413,980,0,563,0,413,2513,188799,198617,199024,198874,199437,199587,11193,0
50000,3,1,3,-1,-1,2,-1,-1,-1,7978,11396,8900,8565,8590,19894,3887,0,453,312,1500,500,42022,38604,41100,41435,41410,30106,58671,0
300000,1,4,2,1,3,2,-1,-1,-1,10361,9692,3772,1919,316,2360,0,3,0,0,2360,0,289639,290308,296228,298081,299684,297640,26057,0
450000,1,2,3,1,-2,-2,-2,-2,-2,0,0,0,0,0,0,0,0,0,0,0,0,450000,450000,450000,450000,450000,450000,0,0
30000,2,2,1,-1,-1,-1,-1,-1,-1,3902,1950,890,0,750,0,1950,2390,0,750,0,1280,26098,28050,29110,30000,29250,30000,1122,0
60000,1,4,1,-1,-1,-1,-1,-1,2,836,836,390,150,1320,780,836,390,150,1560,0,0,59164,59164,59610,59850,58680,59220,1376,0
140000,2,4,1,2,-1,-1,-1,-1,-1,25621,26805,27763,28342,29123,29930,1600,1500,1000,1200,1250,1200,114379,113195,112237,111658,110877,110070,159834,1
50000,2,4,2,-1,-1,-1,-1,-1,-1,36211,28530,20084,18088,18476,20168,1709,2004,7497,671,2000,6100,13789,21470,29916,31912,31524,29832,121576,0
90000,3,4,1,-1,-1,-1,-1,-1,2,86493,86960,87187,86669,90391,87207,4200,4000,3200,6700,0,4000,3507,3040,2813,3331,-391,2793,502807,0
190000,2,2,2,-1,-1,2,-1,-1,2,138628,156232,152251,153820,163265,166627,21440,0,5600,11950,6200,0,51372,33768,37749,36180,26735,23373,885633,0
150000,1,4,1,-1,-1,-1,-1,-1,-1,147331,146999,146277,147946,145846,143531,6740,6850,5664,5660,5480,5310,2669,3001,3723,2054,4154,6469,842226,0
390000,2,4,1,-1,-1,-1,-1,-1,-1,19081,1170,6512,14122,7894,3927,1170,6512,14122,0,3927,200,370919,388830,383488,375878,382106,386073,26775,0
30000,3,1,3,-1,-1,-1,-1,-1,-1,28923,29803,25373,23231,23913,21120,1586,1365,1663,5106,1050,0,1077,197,4627,6769,6087,8880,141593,0
240000,1,1,5,2,-1,-1,-1,-1,-1,184427,188583,191992,185383,179565,92788,7001,6180,6000,5951,5285,192557,55573,51417,48008,54617,60435,147212,799764,1
260000,1,4,1,-1,-1,-2,-1,-1,-1,470,0,0,550,880,1287,0,0,550,880,1287,925,259530,260000,260000,259450,259120,258713,-455,1
30000,3,2,1,-1,-1,-1,-1,-1,-2,10198,28773,18031,13127,0,0,18808,1200,263,0,0,0,19802,1227,11969,16873,30000,30000,49858,0
500000,1,4,1,-1,-1,-1,-1,-1,-1,58076,59534,51006,44360,34229,37880,2001,6620,6015,10001,4137,5000,441924,440466,448994,455640,465771,462120,251311,0
60000,2,4,1,2,2,2,-1,-1,-1,41387,42117,41140,42110,42988,43841,1685,0,1655,1707,1718,1775,18613,17883,18860,17890,17012,16159,245043,0
200000,3,1,2,-1,-1,-1,-1,-1,-1,144933,148103,148137,151505,154728,157912,7000,4000,4000,4000,4000,4550,55067,51897,51863,48495,45272,42088,877768,0
80000,2,1,2,-1,-1,-1,-1,-1,-1,70664,62223,26400,27201,27363,-4000,2036,1500,1201,1500,2000,2000,9336,17777,53600,52799,52637,84000,199614,0
100000,2,4,2,1,-2,-2,-2,-2,-2,-4,-4,-4,-4,-4,-4,0,0,0,0,0,0,100004,100004,100004,100004,100004,100004,-24,0
380000,1,1,3,-1,-1,-1,-1,-2,-1,4377,-3,3885,0,1140,505,0,3888,0,1140,505,0,375623,380003,376115,380000,378860,379495,4371,0
210000,2,1,2,-1,-1,-1,-1,-1,-1,32903,33275,34174,34141,34456,34737,1600,1846,1209,1248,1247,1212,177097,176725,175826,175859,175544,175263,195324,1
10000,2,2,1,-1,-1,-1,-1,-1,-1,8257,7995,4878,5444,2639,2697,2000,1100,600,300,300,1000,1743,2005,5122,4556,7361,7303,26610,1
500000,2,1,3,-1,-1,-1,-1,-1,-1,91718,93338,96781,98274,100528,102748,4000,5000,4000,4000,4091,6169,408282,406662,403219,401726,399472,397252,556127,0
240000,1,2,2,2,-1,-1,-1,-2,-2,118402,119764,72050,0,0,0,5598,4000,0,0,0,0,121598,120236,167950,240000,240000,240000,300618,1
270000,1,2,1,-1,-1,-1,-1,-1,-1,227479,181629,185614,189524,193971,199763,7000,7000,7000,7500,9000,10000,42521,88371,84386,80476,76029,70237,1130480,0
50000,2,2,1,-1,-1,-1,-1,-1,-1,21006,18851,19722,19644,18687,18033,4788,1532,1002,1006,2004,2309,28994,31149,30278,30356,31313,31967,103302,0
120000,1,4,2,-1,-1,-1,-1,2,2,84171,76025,78068,78589,77213,82567,3438,4000,12242,0,6894,0,35829,43975,41932,41411,42787,37433,450059,0
280000,1,2,1,-1,-1,-1,-1,-1,-1,281663,211805,96763,67554,-3,1244,80019,5000,439,10603,1247,2187,-1663,68195,183237,212446,280003,278756,559531,0
260000,1,4,1,-1,-1,-1,-1,-1,-1,126418,129214,131933,134482,135772,138229,6000,5200,5000,5000,5000,5000,133582,130786,128067,125518,124228,121771,764848,0
360000,1,1,2,-1,-1,-1,-1,-1,-1,7975,4062,1914,4877,2100,3602,4062,1914,4877,2100,3602,9452,352025,355938,358086,355123,357900,356398,-1477,0
210000,1,4,2,1,-1,-1,-1,-1,-1,0,795,588,1488,609,768,795,588,1488,609,768,588,210000,209205,209412,208512,209391,209232,-588,0
390000,1,2,1,-1,-1,-1,-1,-1,-1,9918,15918,103169,95669,88080,80576,16008,100000,5000,4000,4000,3000,380082,374082,286831,294331,301920,309424,261322,0
40000,2,1,2,-1,-1,2,2,2,-1,34871,37999,37089,39464,38698,40051,3700,0,3000,0,2000,800,5129,2001,2911,536,1302,-51,218672,0
10000,2,4,1,-1,-1,-1,-1,-1,-1,6691,7723,17734,9081,8877,9261,1142,1286,500,320,529,500,3309,2277,-7734,919,1123,739,55090,0
120000,2,2,3,-2,-2,-2,-2,-2,-2,0,999,0,0,0,0,999,0,0,0,0,0,120000,119001,120000,120000,120000,120000,0,1
200000,3,1,3,-1,-1,-1,-1,-1,-1,1435,1270,3783,2522,1261,1436,1270,4000,0,0,1436,1261,198565,198730,196217,197478,198739,198564,3740,0
80000,2,2,2,-1,-1,-1,-1,-1,-1,1480,3832,898,425,0,2791,3832,898,425,0,2791,0,78520,76168,79102,79575,80000,77209,1480,0
60000,2,4,1,-1,-1,-1,-1,2,-1,12193,13983,15746,17486,17067,17255,2000,2000,2000,0,620,1710,47807,46017,44254,42514,42933,42745,85400,0
130000,2,4,2,2,2,2,2,-1,-1,50033,52440,52993,51546,52663,53737,3500,2000,0,2100,2100,2200,79967,77560,77007,78454,77337,76263,301512,1
100000,2,4,1,-1,-1,-1,-1,-1,-1,17848,19032,19664,16407,15068,40794,1775,1407,328,935,42000,1500,82152,80968,80336,83593,84932,59206,80868,0
20000,2,1,3,-1,2,2,-1,-1,-1,3213,4308,4093,4866,6781,7668,1300,0,1000,2000,1000,0,16787,15692,15907,15134,13219,12332,25629,0
460000,1,2,2,-1,-1,-1,-1,-1,-1,45358,42991,45848,50875,56479,50889,2613,7021,10019,10051,10046,5016,414642,417009,414152,409125,403521,409111,247674,0
80000,2,2,2,1,2,-1,-1,-1,-2,82212,79682,28242,21400,0,0,7,1200,1408,0,0,0,-2212,318,51758,58600,80000,80000,208921,0
80000,1,2,1,-1,-1,-1,-1,-1,-1,74487,76126,69856,48816,48476,48448,7576,3000,1800,1800,2000,2000,5513,3874,10144,31184,31524,31552,348033,0
240000,1,4,1,-1,-1,-1,-1,-1,-1,209848,214477,218142,195913,197823,189111,10000,9000,7000,7000,6625,7000,30152,25523,21858,44087,42177,50889,1178689,0
200000,3,2,2,-1,-1,-1,-1,-1,-1,97584,75187,72556,63524,49914,18068,3600,2500,3000,2000,2000,2000,102416,124813,127444,136476,150086,181932,361733,0
230000,2,2,1,-2,-2,-2,-2,-2,-2,200,840,0,3458,499,5180,840,0,3458,499,5180,0,229800,229160,230000,226542,229501,224820,200,0
260000,1,2,4,2,-1,-1,-1,-1,-1,827,827,827,827,755,-72,827,827,827,755,0,1726,259173,259173,259173,259173,259245,260072,-971,0
90000,2,2,2,-1,-1,-1,-1,-1,-1,88758,89680,89876,49922,46302,45430,3900,3487,1629,4000,3000,813,1242,320,124,40078,43698,44570,393139,0
320000,2,2,1,-1,-1,-1,-1,-1,-1,324693,321110,325024,322246,297637,301575,11650,12500,11900,10503,10886,10040,-4693,-1110,-5024,-2246,22363,18425,1824806,0
280000,2,2,3,-1,-1,-1,-1,-1,-1,231181,26610,24910,20133,5821,143866,1610,1910,1133,821,155681,4785,48819,253390,255090,259867,274179,136134,286581,0
120000,2,2,1,1,2,-1,-1,2,2,87376,85135,86024,91380,93263,95079,0,3200,6800,3500,3500,0,32624,34865,33976,28620,26737,24921,521257,1
400000,1,4,1,1,-2,-1,-1,-1,-1,140,140,12527,12640,14805,238,140,12527,253,2305,238,238,399860,399860,387473,387360,385195,399762,24789,0
50000,1,2,4,-1,-1,-1,-1,-1,-1,25043,26411,27451,19431,19837,20232,1775,1815,695,719,724,750,24957,23589,22549,30569,30163,29768,131927,0
10000,1,4,1,2,2,7,7,7,6,2400,2400,2400,2400,2400,1800,0,0,0,0,0,0,7600,7600,7600,7600,7600,8200,13800,1
70000,2,2,1,-1,-1,-1,-1,-1,-1,69900,67591,68338,26916,27480,28043,2506,1925,1000,997,1020,1100,100,2409,1662,43084,42520,41957,279720,0
210000,1,1,2,-1,-1,-1,-1,-1,2,65600,63396,64150,66135,70118,67254,2300,3000,3000,5000,0,3000,144400,146604,145850,143865,139882,142746,380353,0
140000,2,2,2,-1,-1,-1,-1,-1,-1,1007,3680,4214,3790,3357,3426,3685,4214,76,67,69,1376,138993,136320,135786,136210,136643,136574,9987,0
290000,2,1,4,-1,-1,-1,-2,-2,-2,929,1729,0,0,0,0,1732,0,0,0,0,335,289071,288271,290000,290000,290000,290000,591,0
30000,3,1,2,-1,-1,-1,-1,-1,-1,28292,30494,28317,16454,450,1400,3000,1431,483,0,700,0,1708,-494,1683,13546,29550,28600,99793,0
110000,1,4,2,1,2,-1,-1,-1,2,58679,56871,56279,24271,52040,25453,1210,2056,1200,2300,0,1000,51321,53129,53721,85729,57960,84547,265827,1
20000,3,4,4,-1,-1,2,2,2,-1,9777,10140,9360,9833,9153,9116,2000,1000,1000,0,500,500,10223,9860,10640,10167,10847,10884,52379,0
220000,2,2,2,-1,-1,-1,-1,-1,-1,136556,139453,142295,145127,148159,151462,5100,5163,5196,5372,5761,5396,83444,80547,77705,74873,71841,68538,831064,0
180000,2,2,2,-1,-1,-2,-1,-1,-1,682,0,0,1012,0,669,0,0,1012,0,669,0,179318,180000,180000,178988,180000,179331,682,0
30000,1,2,1,4,3,2,-1,-1,-2,25899,25177,22768,18600,0,0,0,600,800,0,0,0,4101,4823,7232,11400,30000,30000,91044,1
50000,2,4,2,1,-2,-2,-2,-2,-2,0,0,0,0,0,0,0,0,0,0,0,0,50000,50000,50000,50000,50000,50000,0,0
150000,3,1,1,-1,-1,-2,-2,-2,-2,38675,0,0,0,0,0,0,0,0,0,0,0,111325,150000,150000,150000,150000,150000,38675,0
150000,1,4,2,-1,-1,-1,-1,-1,-1,30697,40139,49410,58549,67560,86315,10000,10000,10000,10000,20000,1718,119303,109861,100590,91451,82440,63685,270952,0
140000,3,2,2,1,3,2,2,2,-1,84014,85107,82532,81236,78306,72173,3300,0,6500,0,3000,3000,55986,54893,57468,58764,61694,67827,467568,0
80000,2,2,3,-1,-1,-1,-1,-1,-1,79518,77757,32325,25670,30089,29395,2264,1420,1002,6005,2000,970,482,2243,47675,54330,49911,50605,261093,0
200000,1,2,2,-1,-1,-1,-1,-1,-1,105775,88262,69596,32709,31816,33368,3493,2536,1065,10020,6097,5022,94225,111738,130404,167291,168184,166632,333293,0
400000,1,1,3,-1,-1,-1,-1,-1,-1,4482,-10,1903,850,808,775,0,1913,850,808,775,380,395518,400010,398097,399150,399192,399225,4082,0
130000,2,2,1,2,2,-1,-1,-1,-1,135805,125973,95602,91328,93099,95825,75,3369,3423,3400,4275,2307,-5805,4027,34398,38672,36901,34175,620783,0
50000,2,4,1,-1,-1,-1,-1,-1,-1,38604,36684,33826,30387,28850,29022,1575,1757,1047,1042,1036,1039,11396,13316,16174,19613,21150,20978,189877,0
190000,2,1,4,-1,-1,-1,-1,-1,-1,86713,75143,43487,34904,108419,75455,3359,13487,1414,40710,43406,2773,103287,114857,146513,155096,81581,114545,318972,1
470000,1,4,3,-1,-1,-1,-1,-1,-1,17243,14722,15270,15615,16261,16969,1243,1300,600,900,1000,1324,452757,455278,454730,454385,453739,453031,89713,1
280000,1,1,4,-1,-1,-1,-1,2,-1,2326,4917,4906,4707,2254,5375,4917,2453,2254,0,5375,1165,277674,275083,275094,275293,277746,274625,8321,0
460000,1,4,1,-1,-1,-1,-1,-1,-1,18738,16345,20246,9936,10833,21169,16447,20373,10018,12387,21865,13898,441262,443655,439754,450064,449167,438831,2279,0
340000,2,4,2,-1,-1,-1,-1,-1,-1,169246,100967,102819,105477,107454,110419,6000,4500,5000,4000,5000,4000,170754,239033,237181,234523,232546,229581,667882,0
110000,2,2,1,-1,-1,-1,-1,-1,-1,103550,105089,107164,105988,108617,103497,6000,6000,4000,5000,4000,4000,6450,4911,2836,4012,1383,6503,604905,0
440000,2,4,1,-1,-1,-1,-1,-1,-1,25154,27028,29098,21447,13547,16008,10011,5052,3163,5010,5000,5000,414846,412972,410902,418553,426453,423992,99046,0
90000,2,4,1,-2,-2,-2,-2,-2,-2,3440,6140,5812,13955,22687,15621,6140,5812,13955,22687,15621,2540,86560,83860,84188,76045,67313,74379,900,0
70000,2,4,1,-2,-2,-2,-1,-1,-1,63912,53137,45078,6823,28989,29059,2400,2000,1000,30848,975,863,6088,16863,24922,63177,41011,40941,188912,0
30000,2,4,1,1,2,2,2,2,2,7134,7872,9528,9725,9427,10118,1000,1800,500,0,1000,0,22866,22128,20472,20275,20573,19882,49504,0
120000,2,4,3,-1,-1,-1,-1,-2,-2,3903,2246,3040,0,0,0,1300,1000,0,0,0,0,116097,117754,116960,120000,120000,120000,6889,0
300000,2,4,1,-1,-1,-1,-1,-1,-1,12752,9314,26887,23981,19378,12759,9314,27187,13981,9378,12759,16980,287248,290686,273113,276019,280622,287241,15472,0
60000,1,4,1,-1,-1,-1,-1,-1,-1,16313,10253,7735,6923,7035,9175,5000,3000,2000,2000,4000,800,43687,49747,52265,53077,52965,50825,40634,0
180000,2,2,2,-1,-1,-1,-1,-1,-1,100,100,109,1863,1763,591,100,109,3626,0,907,1208,179900,179900,179891,178137,178237,179409,-1424,1
30000,1,4,3,1,2,2,2,-1,-1,17775,18688,21488,20847,21162,21809,1500,3433,0,800,1000,1000,12225,11312,8512,9153,8838,8191,114036,1
360000,1,2,2,-1,-1,-1,-1,-1,-1,15798,16630,15687,38750,15802,15730,16713,15766,38944,15881,15809,30594,344202,343370,344313,321250,344198,344270,-15310,0
150000,1,1,3,-2,-2,-2,-2,-2,-2,15472,14860,19601,13262,14329,34193,14877,19608,13280,14329,34193,7880,134528,135140,130399,136738,135671,115807,7550,0
70000,1,4,1,-1,-1,-1,-1,-1,-1,20335,21699,22460,20345,42123,19852,2000,1500,3000,721,1200,2000,49665,48301,47540,49655,27877,50148,136393,0
150000,2,2,3,-1,-1,-1,-1,-1,-1,61951,55504,22050,17360,17360,12000,15000,1200,0,0,0,0,88049,94496,127950,132640,132640,138000,170025,0
440000,1,2,2,-2,-2,-2,-2,-2,-1,0,0,0,0,0,100,0,0,0,0,100,300,440000,440000,440000,440000,440000,439900,-300,0
500000,1,1,4,1,-1,-1,-1,-1,-1,-5,43528,104315,71776,60753,0,43533,104406,71776,60753,0,8200,500005,456472,395685,428224,439247,500000,-8301,0
260000,2,2,1,1,2,-1,-1,-1,-1,263943,258331,261518,194791,198894,197564,0,7700,6000,6130,7500,6500,-3943,1669,-1518,65209,61106,62436,1341211,1
360000,1,2,1,1,-2,-2,-2,-2,-2,0,0,0,0,0,0,0,0,0,0,0,0,360000,360000,360000,360000,360000,360000,0,0
140000,1,2,1,-1,-1,-1,-1,-1,-1,132880,133904,134552,135151,136327,136647,6400,7000,5000,5200,5100,5000,7120,6096,5448,4849,3673,3353,775761,0
10000,1,2,1,-1,-1,2,-1,-1,-1,4216,6476,6224,6347,12856,8078,2500,0,227,239,3412,0,5784,3524,3776,3653,-2856,1922,37819,1
200000,1,4,2,-2,-2,-2,-2,-2,-2,2580,-35,3519,1846,1330,14470,0,3554,1855,1337,14542,2955,197420,200035,196481,198154,198670,185530,-533,0
210000,2,1,2,-1,-1,-1,-1,-1,-1,128595,131627,136428,54058,55398,56698,4606,6815,1800,2000,2000,2000,81405,78373,73572,155942,154602,153302,543583,0
20000,2,2,1,2,-1,-1,-1,-1,2,13747,15020,16059,16081,17423,17695,1500,1600,580,1600,700,0,6253,4980,3941,3919,2577,2305,90045,1
240000,1,1,3,-1,-1,-1,-1,-1,-1,4221,2188,2701,2427,1104,2362,2188,2701,2427,1104,2362,519,235779,237812,237299,237573,238896,237638,3702,0
30000,2,2,4,5,4,3,2,3,2,26551,25855,25146,26549,25849,25285,0,0,2113,0,0,2191,3449,4145,4854,3451,4151,4715,150931,1
450000,2,2,2,-2,-2,-2,-2,-2,-2,10972,15005,13887,17255,17515,0,15008,1200,5255,4566,0,3648,439028,434995,436113,432745,432485,450000,44957,0
60000,3,4,3,-1,-1,-1,-1,-1,-1,24496,20329,15219,16158,14295,10930,20391,1200,3658,0,10930,11677,35504,39671,44781,43842,45705,49070,53571,0
100000,2,4,2,-1,-1,-1,-1,-1,-1,58335,56745,56058,51573,47665,43756,2801,2300,1613,1594,1654,1222,41665,43255,43942,48427,52335,56244,302948,0
500000,1,1,3,-1,-1,-1,-1,-1,-1,12939,28805,41027,36073,46096,103065,28954,41027,36073,46096,103065,154321,487061,471195,458973,463927,453904,396935,-141531,0
50000,3,1,4,-1,-1,-1,-1,-1,-1,636,2228,3287,4843,6379,6878,4600,1500,2000,2000,1000,3000,49364,47772,46713,45157,43621,43122,10151,0
80000,2,2,2,-1,-1,-1,-1,-1,-1,997,40297,6597,665,10117,0,40297,6597,3465,10117,0,665,79003,39703,73403,79335,69883,80000,-2468,0
20000,2,4,1,2,2,2,2,-1,-1,5743,7487,8114,7835,8605,10948,2000,900,0,900,2500,0,14257,12513,11886,12165,11395,9052,42432,1
500000,1,2,3,-1,-1,-1,-1,-1,-1,141323,143548,146487,139155,142337,145411,5000,5015,5000,5000,5000,5000,358677,356452,353513,360845,357663,354589,828246,0
140000,1,4,2,-1,-1,-1,-1,-1,-1,71066,55271,50706,48847,47437,42576,2042,1958,1501,1619,1514,1553,68934,84729,89294,91153,92563,97424,305716,0
500000,2,4,1,-1,-1,-1,-1,-1,-1,455042,364288,261185,215575,174736,118438,12564,10000,6476,5489,5000,5000,44958,135712,238815,284425,325264,381562,1544735,0
50000,2,2,1,2,-1,-1,-1,-1,-1,43247,45036,44384,19524,35268,16099,3000,1300,642,612,1192,600,6753,4964,5616,30476,14732,33901,196212,1
170000,1,1,5,-1,-1,-1,-1,-1,-1,170359,178514,98196,100108,95629,89472,11700,3600,3500,3500,3300,3500,-359,-8514,71804,69892,74371,80528,703178,1
220000,2,2,3,-1,-1,-1,-1,-1,2,136838,142250,149864,155828,178160,175140,10000,10000,10000,25000,0,20000,83162,77750,70136,64172,41840,44860,863080,0
70000,2,2,2,2,2,2,2,3,2,63963,65350,66279,70580,69180,70392,3000,2600,6000,0,2500,1165,6037,4650,3721,-580,820,-392,390479,1
360000,2,4,2,-1,-1,-1,-1,-1,-1,122193,109382,109845,105271,96644,94973,5004,4031,3082,7018,2755,1813,237807,250618,250155,254729,263356,265027,614605,0
430000,1,4,1,-1,-1,-1,-1,-1,-1,34785,0,18518,16574,12215,6660,0,18518,5,244,1038,41500,395215,430000,411482,413426,417785,423340,27447,0
20000,3,2,1,2,2,-1,-1,2,-1,20155,10356,556,20897,20438,20325,0,600,20900,1,805,752,-155,9644,19444,-897,-438,-325,69669,0
200000,3,4,4,-1,-1,-1,-1,-1,-1,784,1972,2577,2652,-6,1279,1188,2581,1013,0,1285,0,199216,198028,197423,197348,200006,198721,3191,0
200000,2,6,2,-1,-1,-1,-1,-1,-1,1992,8287,9427,2040,16338,2076,8290,9427,2240,16000,2076,833,198008,191713,190573,197960,183662,197924,1294,0
80000,2,4,1,-1,-1,-1,-1,-1,-1,78401,76930,77977,58469,58722,59770,3562,3112,2076,2279,2175,2300,1599,3070,2023,21531,21278,20230,394765,0
130000,1,1,2,2,-1,-1,-1,-1,-1,77578,79724,81221,34289,38550,40600,4000,3500,5000,5000,3000,9900,52422,50276,48779,95711,91450,89400,321562,0
150000,1,1,3,-1,-1,-1,-1,-1,-1,6338,8460,1682,7898,3336,975,8470,1682,7898,3336,975,0,143662,141540,148318,142102,146664,149025,6328,0
150000,3,1,4,2,2,2,2,2,-1,17790,18209,18608,20294,19828,20396,1000,1000,2000,0,900,2000,132210,131791,131392,129706,130172,129604,108225,1
190000,2,4,1,2,2,2,-1,-1,-1,4686,5459,6214,7104,8973,10809,1000,1000,1000,2000,2000,2000,185314,184541,183786,182896,181027,179191,34245,1
450000,2,4,2,1,-2,-2,-2,-2,-2,0,0,0,0,0,0,0,0,0,0,0,0,450000,450000,450000,450000,450000,450000,0,1
80000,2,2,2,-1,-1,-1,-1,-1,-1,390,390,390,390,780,390,390,390,390,780,0,0,79610,79610,79610,79610,79220,79610,780,0
260000,2,4,2,-1,3,2,2,2,-1,82274,80426,78536,94069,92447,95925,0,0,17000,0,5015,4293,177726,179574,181464,165931,167553,164075,497369,0
80000,1,2,2,2,2,2,2,2,2,62423,63827,64682,65614,67007,68349,3000,2500,2600,2600,2600,2000,17577,16173,15318,14386,12993,11651,376602,1
500000,1,1,2,1,-2,-2,-2,-2,-2,0,0,0,0,0,0,0,0,0,0,0,0,500000,500000,500000,500000,500000,500000,0,0
260000,1,1,3,-1,-1,-1,-1,-1,-1,76,773,0,1703,329,248,826,0,1703,329,248,702,259924,259227,260000,258297,259671,259752,-679,0
260000,1,4,2,2,-1,-1,-1,-1,-1,94114,96689,101023,93738,96218,102547,5000,6000,5000,4000,8000,5000,165886,163311,158977,166262,163782,157453,551329,1
50000,1,2,2,2,4,3,2,-1,-1,24947,24529,23840,22790,23001,24557,249,0,0,1500,2100,0,25053,25471,26160,27210,26999,25443,139815,0
360000,1,2,3,1,-1,-1,-2,-2,-2,-8,859,-820,-813,-2292,-2292,867,0,7,0,0,0,360008,359141,360820,360813,362292,362292,-6240,0
170000,1,4,4,-2,-2,-2,-2,-2,-2,-200,-200,-200,0,2769,0,0,0,200,2769,0,0,170200,170200,170200,170000,167231,170000,-800,0
120000,2,2,2,1,-2,-1,-1,-1,-1,0,0,369,0,7490,941,0,369,55,7490,941,280,120000,120000,119631,120000,112510,119059,-335,0
50000,2,2,1,-1,-1,-1,-1,-1,-1,5195,15371,14163,15517,14685,14016,15387,1500,2000,1000,2000,2000,44805,34629,35837,34483,35315,35984,55060,0
50000,1,2,3,-1,2,-1,-1,2,2,465,465,760,1360,518,3518,0,760,600,0,3000,0,49535,49535,49240,48640,49482,46482,2726,1
310000,1,1,3,-1,-1,-1,-1,-1,2,29662,5384,4488,2630,150,335,1536,4510,2652,150,185,0,280338,304616,305512,307370,309850,309665,33616,0
50000,1,2,1,-1,-1,-1,-1,-1,-1,17541,18716,19098,3291,1855,540,1762,1144,66,37,158,390,32459,31284,30902,46709,48145,49460,57484,0
140000,2,4,2,-1,-1,-1,-1,-1,-1,121508,99470,83330,57609,59526,31515,5000,4000,3000,3000,2500,0,18492,40530,56670,82391,80474,108485,435458,0
100000,2,2,1,2,-1,-1,-1,-1,2,73073,74739,70844,63924,57326,59654,3500,3003,1910,2400,3300,0,26927,25261,29156,36076,42674,40346,385447,1
20000,3,2,2,1,2,-1,-1,-1,-1,19844,19238,20205,19588,20037,19880,0,1302,685,748,697,690,156,762,-205,412,-37,120,114670,0
120000,1,4,1,-1,-1,-1,2,-1,-1,11379,9559,10861,10055,11040,10466,1200,1500,0,1100,550,600,108621,110441,109139,109945,108960,109534,58410,1
30000,3,2,4,-1,-1,-1,-1,-1,-1,28170,32597,32289,31276,30428,29371,4946,2000,1220,1232,1052,1500,1830,-2597,-2289,-1276,-428,629,172181,0
20000,3,1,1,-1,-1,2,-1,-1,-1,20184,20702,20057,19583,19991,20446,2950,2,687,709,965,559,-184,-702,-57,417,9,-446,115091,1
160000,2,4,1,1,-1,-1,-2,-2,-1,0,1519,0,0,0,2755,1519,0,0,0,2755,966,160000,158481,160000,160000,160000,157245,-966,1
180000,2,2,2,1,-2,-1,-1,-1,-1,-1279,-2329,2115,2329,850,0,0,4444,214,0,0,0,181279,182329,177885,177671,179150,180000,-2972,0
40000,1,4,1,-1,-1,-1,2,2,2,20936,20647,21561,18438,20619,17582,3000,4000,0,5000,0,8000,19064,19353,18439,21562,19381,22418,99783,0
80000,2,2,2,-1,-1,-1,-1,-2,-2,49005,49551,45930,0,0,0,2141,2150,0,0,0,0,30995,30449,34070,80000,80000,80000,140195,0
120000,2,2,2,3,3,2,2,-2,-2,113722,110525,103632,-36,-18,-18,0,0,0,0,0,0,6278,9475,16368,120036,120018,120018,327807,0
20000,2,4,1,-1,-1,-1,-1,-2,-2,2480,179,1669,0,0,0,179,1669,0,0,0,0,17520,19821,18331,20000,20000,20000,2480,1
20000,2,2,2,-1,-1,2,-1,-1,-1,18271,19857,19090,18500,4860,4080,2967,0,0,0,0,0,1729,143,910,1500,15140,15920,81691,0
100000,1,1,4,4,5,4,3,2,-1,101762,102832,100328,97883,96238,96160,3504,0,0,0,3469,3422,-1762,-2832,-328,2117,3762,3840,584808,1
500000,1,2,3,1,-2,-2,-2,-1,2,0,0,0,0,1899,1749,0,0,0,1899,0,70200,500000,500000,500000,500000,498101,498251,-68451,0
80000,2,2,1,-1,-1,-1,-1,-1,-1,78293,79555,77025,76991,79066,75356,3161,4000,3000,3500,3100,5700,1707,445,2975,3009,934,4644,443825,0
150000,1,4,3,-2,-2,-2,-2,-1,-1,9682,-399,0,0,399,150,399,399,0,399,150,200,140318,150399,150000,150000,149601,149850,8285,0
30000,3,4,1,-1,-1,-1,-1,-1,-1,27594,29717,28812,28762,10404,8578,2595,1200,1020,10404,51000,0,2406,283,1188,1238,19596,21422,67648,0
120000,1,2,2,1,2,2,-1,-1,-1,650,625,300,475,300,325,300,0,500,300,500,300,119350,119375,119700,119525,119700,119675,775,1
70000,2,2,1,2,2,2,-1,-1,2,25773,28943,28184,28449,30379,30931,3600,0,1030,2400,1200,0,44227,41057,41816,41551,39621,39069,164429,1
150000,2,1,2,-1,-1,-1,-1,-1,-1,141346,145483,146410,142858,146007,130721,10000,7000,4000,8071,4000,3283,8654,4517,3590,7142,3993,19279,816471,0
210000,2,2,3,1,-2,-2,-1,-1,-1,0,0,0,6622,6506,6511,0,0,6622,298,1000,1179,210000,210000,210000,203378,203494,203489,10540,0
80000,2,2,2,1,2,-1,-1,-1,-1,82891,80997,81380,75374,77158,78710,0,3299,2699,3000,2987,3100,-2891,-997,-1380,4626,2842,1290,461425,0
90000,2,2,1,-1,-1,-1,-1,-1,-1,86294,88412,89853,69362,70537,56775,4400,4111,2100,2200,2510,2000,3706,1588,147,20638,19463,33225,443912,0
20000,2,4,1,-1,-1,-1,-1,-1,-1,17807,18520,39053,20055,19606,19925,1298,1909,1666,5000,703,775,2193,1480,-19053,-55,394,75,123615,0
240000,1,4,2,1,-1,-1,-1,-1,-1,0,18000,18485,17406,19345,21134,18000,2000,2000,2000,3000,2000,240000,222000,221515,222594,220655,218866,65370,0
50000,2,2,1,2,2,-1,-1,2,2,30117,30712,32332,34156,33360,25988,1370,2210,2190,1000,0,680,19883,19288,17668,15844,16640,24012,179215,1
250000,1,4,1,-1,-1,-1,-1,-1,-1,273927,211551,132145,88487,66701,52054,21700,11710,6030,9150,11600,48930,-23927,38449,117855,161513,183299,197946,715745,0
280000,1,4,2,1,-2,-2,-2,-1,-1,0,0,0,0,710,7611,0,0,0,710,7611,4750,280000,280000,280000,280000,279290,272389,-4750,0
10000,3,3,3,-1,-1,-1,-1,-1,-2,8286,9395,10000,10000,0,0,1400,1000,0,0,0,0,1714,605,0,0,10000,10000,35281,0
150000,2,4,2,-1,-1,-1,-1,-1,-1,46006,45425,32139,53639,51873,64675,2000,3000,40009,5000,20000,62339,103994,104575,117861,96361,98127,85325,161409,0
330000,2,2,3,1,-2,-2,-1,-1,-1,0,0,0,3155,4550,1264,0,0,3155,4550,1264,813,330000,330000,330000,326845,325450,328736,-813,0
240000,1,2,2,-1,-1,-1,-1,-1,-1,5354,4790,900,6849,26249,6633,4790,900,6849,26249,2200,3000,234646,235210,239100,233151,213751,233367,6787,1
130000,2,4,2,-1,-1,-2,-2,-1,-1,42063,0,0,0,150,1000,0,0,0,150,1000,0,87937,130000,130000,130000,129850,129000,42063,0
450000,1,2,2,-1,-1,-1,-1,-1,-1,16259,15026,17363,11708,11329,4749,6000,4000,6000,5000,2000,2092,433741,434974,432637,438292,438671,445251,51342,0
50000,1,2,1,-1,-1,-1,-1,2,2,526,526,526,1913,1226,1752,526,526,1913,0,1052,0,49474,49474,49474,48087,48774,48248,2452,1
70000,3,2,1,-1,-1,-1,-1,-1,-1,68083,50822,31179,28686,10806,11673,3012,5000,2000,3000,3000,0,1917,19178,38821,41314,59194,58327,185237,0
80000,2,2,1,-1,-1,-1,-1,-1,-1,33490,35908,29995,27297,21524,23005,5000,1318,1200,2000,2000,2000,46510,44092,50005,52703,58476,56995,157701,0
50000,1,2,1,-1,-1,-1,-1,-1,-1,236,4324,1861,0,1780,2581,4324,1861,0,1780,2581,2140,49764,45676,48139,50000,48220,47419,-1904,0
30000,3,1,2,2,-1,-1,-1,-1,-1,29742,30266,45414,21331,21987,22452,1406,1366,1000,1000,980,1000,258,-266,-15414,8669,8013,7548,164440,1
50000,2,2,1,-1,-1,-1,-1,-1,-1,48025,47611,44249,29321,29309,29739,2122,1815,1184,1206,1411,904,1975,2389,5751,20679,20691,20261,219612,0
70000,2,1,1,-1,-1,-1,-1,-1,-1,68540,64645,66460,46988,43530,44804,3000,3000,2000,2500,2000,2000,1460,5355,3540,23012,26470,25196,320467,0
50000,2,4,2,-1,-1,-1,-1,-1,-1,14720,15743,16756,17089,17446,17825,1265,1278,611,632,668,591,35280,34257,33244,32911,32554,32175,94534,1
100000,3,4,1,-1,-1,-1,-1,-1,2,53423,39096,40037,40584,43629,41432,1958,1953,1500,3700,0,1700,46577,60904,59963,59416,56371,58568,247390,1
200000,2,4,1,-1,-1,-1,-1,-1,-1,39723,40586,44233,45124,46252,47207,1353,4000,1267,1500,1500,1500,160277,159414,155767,154876,153748,152793,252005,0
180000,1,2,2,1,-2,-2,-2,-2,-2,3999,2183,5828,0,2165,645,2183,5828,0,2165,645,4390,176001,177817,174172,180000,177835,179355,-391,0
240000,1,4,2,-1,-1,-1,-1,-1,-1,6916,2098,9927,3633,3603,926,2106,9951,3633,3603,926,7199,233084,237902,230073,236367,236397,239074,-315,1
90000,3,2,2,2,2,2,-1,-1,-1,35077,37557,29355,20046,14905,15075,3407,56,603,553,430,133,54923,52443,60645,69954,75095,74925,146833,0
50000,2,4,2,-1,-1,-1,-1,-1,-1,16926,17749,18760,19132,19533,19936,1400,1312,684,709,728,709,33074,32251,31240,30868,30467,30064,106494,0
80000,2,2,3,-1,-1,-1,-1,-1,-1,74658,72885,47663,48350,47208,46292,2500,2000,2000,2000,2000,2000,5342,7115,32337,31650,32792,33708,324556,0
210000,1,2,3,-2,-1,-1,-1,-2,-2,0,981,2148,0,0,0,981,2148,0,0,0,0,210000,209019,207852,210000,210000,210000,0,0
350000,3,1,3,-1,-1,-1,-1,-1,-1,349125,338832,296868,237193,233591,237351,12005,10095,8389,8474,7640,6847,875,11168,53132,112807,116409,112649,1639510,0
160000,2,2,3,-1,-1,-1,-1,-1,-1,131895,132154,129237,90981,92580,77184,5336,4900,2807,2898,2713,2885,28105,27846,30763,69019,67420,82816,632492,1
70000,1,2,2,-1,-1,-1,-1,-1,-1,66874,132127,52335,27374,27133,10721,2423,4136,1024,1215,435,186,3126,-62127,17665,42626,42867,59279,307145,1
140000,1,2,2,1,-1,-1,-2,-2,-2,0,840,0,0,0,0,840,0,0,0,0,0,140000,139160,140000,140000,140000,140000,0,0
80000,2,1,3,-1,-1,-1,-1,-1,-1,52690,51560,51047,48260,46198,43253,2022,1711,1584,1576,1690,1285,27310,28440,28953,31740,33802,36747,283140,0
110000,2,2,2,2,2,-1,-1,2,2,110109,106656,104407,108689,106342,111575,0,5200,7700,0,7800,0,-109,3344,5593,1311,3658,-1575,627078,1
50000,2,2,1,-1,-1,-1,-1,-1,-2,17355,5934,16637,4000,0,0,1000,24677,0,0,0,0,32645,44066,33363,46000,50000,50000,18249,0
30000,1,1,2,-1,-1,2,-1,-1,-1,27429,29085,29282,29270,29078,28652,2403,1200,588,588,574,0,2571,915,718,730,922,1348,167443,0
30000,2,4,1,-1,-1,2,-1,-1,-1,28392,31439,30394,29994,29834,15960,3500,0,0,0,0,0,1608,-1439,-394,6,166,14040,162513,0
200000,2,2,2,-1,-1,-1,-1,-1,2,80012,81703,83290,85085,89707,63787,2972,2952,3107,6056,0,3000,119988,118297,116710,114915,110293,136213,465497,1
290000,2,4,1,-1,-1,-1,-1,-1,-1,133789,137875,124871,118193,121283,124109,6300,6000,5000,5000,5000,5000,156211,152125,165129,171807,168717,165891,727820,0
220000,1,2,2,-1,-1,-1,-1,-1,-1,29549,28267,29708,25407,25109,23320,2000,3000,800,5000,5000,2000,190451,191733,190292,194593,194891,196680,143560,0
180000,1,2,1,-1,-1,-1,-1,-1,-1,9853,18399,29973,42347,-53,10653,10732,22119,17012,0,10706,9659,170147,161601,150027,137653,180053,169347,40944,0
500000,3,1,2,-1,-1,-1,-1,-1,-1,74223,72419,64537,60228,59038,58738,3338,3022,2502,2250,2350,2200,425777,427581,435463,439772,440962,441262,373521,0
210000,2,1,2,-1,-1,-2,-2,-2,-2,7128,3605,4308,3713,5133,5749,3623,4315,3713,5133,5749,6762,202872,206395,205692,206287,204867,204251,341,0
100000,1,4,1,3,2,2,2,-1,-1,100016,97562,104365,101783,101603,103457,0,8440,0,3873,7733,0,-16,2438,-4365,-1783,-1603,-3457,588740,1
100000,2,4,1,-1,-1,-1,-1,-1,-1,8002,7954,9777,10026,9657,9279,2000,2000,1000,504,1000,2000,91998,92046,90223,89974,90343,90721,46191,0
130000,2,4,1,2,2,-1,-1,-1,-1,138910,119948,135259,95956,97770,92206,0,18259,3456,3770,3706,3708,-8910,10052,-5259,34044,32230,37794,647150,1
10000,2,2,1,-1,-1,-1,-1,-1,-1,9042,10038,9784,9984,9780,0,1305,1000,200,196,0,0,958,-38,216,16,220,10000,45927,1
50000,2,2,2,-1,-1,-1,-1,-1,-1,780,0,390,390,28094,28263,0,390,390,28094,1011,965,49220,50000,49610,49610,21906,21737,27067,0
240000,1,1,2,-1,-1,-1,-1,-1,-1,191748,169943,137358,132792,135652,139389,7000,4883,4753,5000,6000,6000,48252,70057,102642,107208,104348,100611,873246,0
20000,3,2,4,-1,-1,-1,-2,-2,-2,12237,12870,0,0,0,0,1000,0,0,0,0,0,7763,7130,20000,20000,20000,20000,24107,0
20000,1,2,2,-1,-1,-1,-2,-1,-1,1925,500,0,0,6360,11220,500,0,0,6360,11220,0,18075,19500,20000,20000,13640,8780,1925,0
150000,1,4,2,3,2,2,-1,-1,-2,99,99,0,1980,0,0,0,0,1980,0,0,0,149901,149901,150000,148020,150000,150000,198,0
230000,2,1,2,-1,-1,2,2,2,-1,3872,5376,3878,4824,2720,1526,2000,397,2720,0,1000,435,226128,224624,226122,225176,227280,228474,15644,0
50000,2,2,1,-1,-1,-1,-1,-1,-1,49713,50581,46567,27211,28274,29005,2000,2000,1000,1500,1500,2000,287,-581,3433,22789,21726,20995,221351,0
300000,2,2,2,-1,-1,-1,-1,-1,-1,10911,18463,16022,10880,2558,2324,12042,6191,10892,2558,2332,4099,289089,281537,283978,289120,297442,297676,23044,0
110000,2,6,4,-1,-1,-1,-1,-1,2,316,316,632,150,632,166,316,632,150,632,0,0,109684,109684,109368,109850,109368,109834,482,0
230000,1,4,2,-2,-2,-2,-2,-2,-2,4533,0,510,0,162,0,0,510,0,162,0,0,225467,230000,229490,230000,229838,230000,4533,0
50000,2,4,2,1,-1,-1,-1,-1,-1,0,10228,49243,49651,22569,15429,10228,40000,993,10100,8926,9748,50000,39772,757,349,27431,34571,67125,0
70000,2,4,1,-1,-1,-1,-1,-1,-1,66915,68852,69390,64457,66021,67267,3167,2521,2400,2600,2614,2376,3085,1148,610,5543,3979,2733,387224,0
360000,1,2,1,-2,-2,-2,-2,-2,-2,0,0,7365,0,0,0,0,7365,0,0,0,8665,360000,360000,352635,360000,360000,360000,-8665,0
110000,2,4,2,-1,-1,-1,-1,-1,-1,108159,106812,108464,108829,110557,106082,5400,5400,4100,4100,4100,4200,1841,3188,1536,1171,-557,3918,621603,0
120000,2,4,3,-1,-1,-1,-1,-1,-1,116183,116394,113245,48888,40241,49923,5078,2657,978,805,52169,1600,3817,3606,6755,71112,79759,70077,421587,0
200000,1,2,3,-1,-1,-1,-1,-2,-1,15127,1890,3699,367,-1530,4812,1896,3712,379,1217,9652,16,184873,198110,196301,199633,201530,195188,7493,1
260000,4,2,3,-1,-1,-1,-1,-1,-2,9507,4405,0,2776,0,0,4405,0,2776,0,0,0,250493,255595,260000,257224,260000,260000,9507,0
290000,1,2,3,-1,-1,-1,-1,-1,-1,15485,12332,3979,7139,6448,1476,12369,4690,7160,6471,1476,6078,274515,277668,286021,282861,283552,288524,8615,0
20000,2,4,1,-1,-1,-1,-1,-1,-1,17503,12245,12974,14192,14096,7045,1273,1392,2000,389,1000,140,2497,7755,7026,5808,5904,12955,71861,0
50000,3,4,1,-1,-1,-1,-1,-1,-1,46687,47831,48764,47109,39415,39920,1896,1829,1924,1308,1480,1171,3313,2169,1236,2891,10585,10080,260118,1
50000,2,2,1,-1,-1,-1,-1,-1,-1,33713,34437,28709,28386,28361,28449,5012,3000,3548,2500,2000,2000,16287,15563,21291,21614,21639,21551,163995,0
60000,1,4,1,-1,-1,-1,-1,-1,-1,3517,3277,11335,9341,6451,3592,1000,10341,0,0,3592,3911,56483,56723,48665,50659,53549,56408,18669,0
330000,1,1,3,-1,-1,-1,-1,-1,-1,7401,4567,6242,24353,20219,23163,4567,6443,24353,10219,13163,5909,322599,325433,323758,305647,309781,306837,21291,0
60000,2,2,1,-1,-1,-1,2,2,-1,58844,43427,30408,30632,30021,30445,2000,4300,1000,0,2000,1500,1156,16573,29592,29368,29979,29555,212977,0
180000,2,2,1,-1,-1,-1,-1,-1,-1,134733,120775,112784,114794,105248,107130,9148,4030,4211,3798,4000,4327,45267,59225,67216,65206,74752,72870,665950,0
80000,1,4,1,1,2,2,2,2,2,53541,54694,55297,55788,57146,58351,2600,2100,2000,2400,2300,2315,26459,25306,24703,24212,22854,21649,321102,0
450000,1,4,2,1,-1,-1,-1,-2,-1,0,1042,4064,-8,-8,402,1042,3057,0,0,410,0,450000,448958,445936,450008,450008,449598,983,0
150000,4,2,2,-2,-2,-2,-2,-2,-2,5253,0,0,0,0,0,0,0,0,0,0,0,144747,150000,150000,150000,150000,150000,5253,0
280000,2,4,1,1,-2,-1,-1,-1,-1,0,0,11905,8350,2428,4662,0,11905,200,49,4662,6278,280000,280000,268095,271650,277572,275338,4251,0
180000,3,2,3,-1,-1,-1,-1,2,-1,67011,69935,72031,77597,72079,66310,4000,4000,7501,0,3001,10000,112989,110065,107969,102403,107921,113690,396461,0
380000,3,2,4,-1,-1,-1,-1,-1,-1,1630,65757,65201,39281,80561,19302,65757,1628,196,80962,19395,13452,378370,314243,314799,340719,299439,360698,90342,0
150000,2,1,3,-2,-2,-2,-2,-2,-2,390,390,390,390,285,-105,390,390,390,285,0,1668,149610,149610,149610,149610,149715,150105,-1383,0
280000,1,4,4,-1,-1,-1,-1,-2,-2,886,0,930,0,0,0,0,930,0,0,0,0,279114,280000,279070,280000,280000,280000,886,0
160000,2,4,2,-1,-1,-1,-1,-1,-1,18958,11842,7918,13780,12297,12752,24000,8000,13780,12300,12752,6000,141042,148158,152082,146220,147703,147248,715,0
120000,2,2,1,-1,-1,-1,-1,-1,-1,118277,121004,118774,91369,88015,88087,6513,3740,3215,3300,3405,3303,1723,-1004,1226,28631,31985,31913,602050,0
330000,1,4,2,-1,-1,-1,-1,-1,-1,261974,245882,228275,227974,185431,107493,15000,10008,10000,20000,25000,3500,68026,84118,101725,102026,144569,222507,1173521,0
210000,2,2,3,1,-2,-2,-2,-2,-2,0,0,0,0,0,0,0,0,0,0,0,0,210000,210000,210000,210000,210000,210000,0,0
200000,1,2,1,1,-1,-1,-1,-1,-1,-36,7203,5360,4481,10330,5599,7239,5395,4503,10381,5627,4935,200036,192797,194640,195519,189670,194401,-5143,0
340000,4,2,1,-1,-1,-1,-1,-1,-1,281544,283173,282231,216946,216403,218209,11000,11031,8000,8000,8300,7500,58456,56827,57769,123054,123597,121791,1444675,0
200000,1,2,2,-1,-1,-1,-1,-1,-2,959,451,-1,605,-5,-5,452,0,606,0,0,0,199041,199549,200001,199395,200005,200005,946,0
160000,3,2,2,-1,-1,2,2,-2,-2,4763,4899,697,-1373,-1773,-1773,3009,0,1373,0,0,1040,155237,155101,159303,161373,161773,161773,18,0
500000,2,4,3,-1,-1,-1,-1,-1,-1,77461,68781,58436,9536,8302,64460,68781,58436,9536,58302,64460,14000,422539,431219,441564,490464,491698,435540,13461,0
50000,2,1,3,-1,-1,-1,-1,-1,-1,28287,28924,29521,29876,30201,15611,1485,1472,1217,1347,558,550,21713,21076,20479,20124,19799,34389,155791,0
170000,2,4,1,-1,-1,-1,-1,-1,-1,32192,32555,32292,32372,31202,31688,1608,2301,2379,2202,2688,2110,137808,137445,137708,137628,138798,138312,179013,0
260000,1,4,1,1,2,-1,-1,-1,-1,234922,227802,215320,177965,171201,164834,6,6918,5295,4805,5002,3005,25078,32198,44680,82035,88799,95166,1167013,0
360000,2,1,3,1,-2,-2,-2,-2,-2,0,0,0,0,0,0,0,0,0,0,0,0,360000,360000,360000,360000,360000,360000,0,1
400000,1,2,1,-1,-1,-1,-1,-1,2,41057,11150,6298,138307,149548,148632,1300,1001,138307,16996,5010,96,358943,388850,393702,261693,250452,251368,332282,0
380000,1,4,2,-1,-1,-1,-1,-1,-1,91806,100291,108245,109006,117195,121246,10000,10000,10000,10001,6000,38000,288194,279709,271755,270994,262805,258754,563788,0
50000,3,2,1,-1,-1,2,-1,-1,-1,7334,7344,5420,4104,1596,1594,2500,0,1596,0,1594,0,42666,42656,44580,45896,48404,48406,21702,1
130000,2,1,3,-1,-1,-1,-1,-1,-1,390,390,390,390,390,390,390,390,390,390,390,390,129610,129610,129610,129610,129610,129610,0,0
110000,2,2,1,1,-1,-1,-1,-1,-1,-1256,65064,66102,54275,51791,52928,68500,3114,4016,2000,2000,2000,111256,44936,43898,55725,58209,57072,207274,0
50000,1,1,1,1,-2,-2,-2,-2,-2,0,0,0,0,0,0,0,0,0,0,0,0,50000,50000,50000,50000,50000,50000,0,0
190000,2,2,1,-1,-1,-1,-1,-1,-1,155260,136185,139013,140035,146365,148961,7416,6900,5100,10000,5500,6700,34740,53815,50987,49965,43635,41039,824203,0
170000,2,2,3,-1,-1,-1,-2,-1,-1,2741,1848,0,0,1542,3498,1848,0,0,1542,3498,8095,167259,168152,170000,170000,168458,166502,-5354,1
210000,4,4,1,-1,-1,-1,-1,-2,-2,179248,21612,5259,-243,-243,-243,3151,2000,0,0,0,0,30752,188388,204741,210243,210243,210243,200239,0
50000,3,2,1,-1,-1,-1,-1,2,2,46277,47713,44006,29737,30615,29975,2500,2300,2500,1500,0,1000,3723,2287,5994,20263,19385,20025,218523,0
20000,3,2,3,2,-1,-1,-1,-1,-1,14064,12451,11176,6934,11203,7737,3000,1006,144,10000,308,2000,5936,7549,8824,13066,8797,12263,47107,1
80000,2,2,1,-1,-1,-1,-1,-1,-2,33319,32066,31875,18686,0,0,1700,1720,1002,0,0,0,46681,47934,48125,61314,80000,80000,111524,1
500000,1,4,2,-1,-1,-1,-1,-2,-2,4417,5642,8689,-131,-131,-131,5467,5026,0,0,0,0,495583,494358,491311,500131,500131,500131,7862,0
250000,2,4,2,1,2,-1,-1,-1,-1,59878,58348,59530,60668,59786,130890,0,2150,2116,65,72460,5000,190122,191652,190470,189332,190214,119110,347309,1
50000,3,1,2,-1,-1,-1,-1,-1,-1,6808,6198,22456,19776,9433,7487,1318,19776,1096,572,645,0,43192,43802,27544,30224,40567,42513,48751,0
300000,2,1,2,-1,-1,-1,2,2,2,181387,171685,181780,177363,189423,188567,8000,14500,0,15150,7700,0,118613,128315,118220,122637,110577,111433,1044855,0
30000,2,2,3,2,2,3,3,2,2,27975,29906,30604,29834,29936,29862,2700,1500,0,1100,1000,0,2025,94,-604,166,64,138,171817,1
50000,2,2,2,2,2,-1,-1,-1,-1,61220,56388,53813,22667,23488,20022,9,2061,0,821,21414,703,-11220,-6388,-3813,27333,26512,29978,212590,0
180000,2,4,2,-2,-2,-2,-2,-2,-2,-117,2573,-77,-77,1823,227,2690,0,0,1900,230,0,180117,177427,180077,180077,178177,179773,-468,0
50000,4,2,1,-1,-1,-1,-1,-1,-2,9014,9608,12025,16025,0,0,3000,3000,4000,0,0,0,40986,40392,37975,33975,50000,50000,36672,0
50000,3,1,3,-1,-1,-1,-1,-1,-1,6066,7161,8234,8595,8955,9305,1200,1200,500,500,500,500,43934,42839,41766,41405,41045,40695,43916,0
190000,2,2,3,-1,-1,2,-1,-1,-1,184276,191540,192422,150300,92391,93119,15000,6000,6000,4000,4000,3300,5724,-1540,-2422,39700,97609,96881,865748,0
200000,2,4,2,-2,-2,-2,-1,-1,-1,940,174,1684,1581,2381,2381,174,1689,1581,800,0,0,199060,199826,198316,198419,197619,197619,4897,0
140000,2,4,1,-1,-1,-1,-1,2,-1,141057,144306,141949,141345,136379,126211,7200,19000,10400,0,4931,9100,-1057,-4306,-1949,-1345,3621,13789,780616,0
10000,3,1,3,-1,-1,2,-1,-1,2,6817,9119,8826,8849,9567,9265,2588,0,318,862,0,502,3183,881,1174,1151,433,735,48173,1
180000,4,2,4,-1,-1,-1,-1,-1,-1,88545,90403,92245,94082,96050,97963,3279,3343,3366,3483,3507,3628,91455,89597,87755,85918,83950,82037,538682,0
170000,3,4,1,-1,-1,-1,-2,-2,-2,14460,738,0,0,0,0,738,0,0,0,0,0,155540,169262,170000,170000,170000,170000,14460,0
50000,2,1,2,1,-2,-2,-2,-2,-1,0,0,0,0,0,2949,0,0,0,0,2322,0,50000,50000,50000,50000,50000,47051,627,0
200000,2,2,2,-1,-1,-1,-1,-1,-1,9249,9362,11109,9471,11132,9633,9363,11119,9473,11140,9636,23635,190751,190638,188891,190529,188868,190367,-14410,0
170000,2,2,3,-1,-1,-1,-1,-1,-1,1085,326,326,326,326,326,326,326,326,326,326,326,168915,169674,169674,169674,169674,169674,759,1
50000,2,2,4,1,2,-1,-1,-1,2,5893,5653,6747,7859,7464,7199,0,1200,1200,1200,0,1200,44107,44347,43253,42141,42536,42801,36015,0
230000,2,4,1,-1,-1,-2,-1,-1,-1,2360,0,0,4135,814,2294,0,0,4135,0,2294,7368,227640,230000,230000,225865,229186,227706,-4194,0
500000,2,4,2,-1,-1,-1,-1,-2,-1,21368,21094,12675,5803,5841,2227,4066,5004,28,2033,3130,94593,478632,478906,487325,494197,494159,497773,-39846,0
50000,2,2,1,2,2,3,3,3,3,1050,1050,1050,1050,1050,1050,0,0,0,0,0,0,48950,48950,48950,48950,48950,48950,6300,1
80000,1,2,2,-1,-1,-1,-1,-1,-1,32562,23346,18361,10434,7387,3300,1482,1011,8,111,3509,0,47438,56654,61639,69566,72613,76700,89269,0
200000,2,2,5,-1,-1,-1,-1,-1,-1,780,0,780,387,-3,4540,0,780,387,0,4543,1386,199220,200000,199220,199613,200003,195460,-612,0
360000,3,2,2,1,-2,-2,-2,-2,-2,0,0,0,0,0,0,0,0,0,0,0,0,360000,360000,360000,360000,360000,360000,0,1
140000,1,2,3,-1,2,-1,-1,-1,-1,780,390,390,780,390,390,0,390,780,0,390,390,139220,139610,139610,139220,139610,139610,1170,0
290000,2,2,3,1,2,-1,-1,-1,-1,292907,285272,288543,209443,132211,133946,0,14000,9000,5000,5000,5000,-2907,4728,1457,80557,157789,156054,1304322,1
50000,2,1,3,-1,-1,-1,-1,-1,-1,48027,48725,29600,20150,19232,17143,3000,1600,2004,2000,1000,4000,1973,1275,20400,29850,30768,32857,169273,1
10000,2,6,2,-1,-1,-1,-1,-1,-1,3213,2797,0,1660,660,660,1000,0,1660,0,0,0,6787,7203,10000,8340,9340,9340,6330,0
80000,2,2,1,2,-1,-1,-1,-1,-1,1195,553,1074,35783,35488,36020,700,1074,35000,1300,1400,1300,78805,79447,78926,44217,44512,43980,69339,0
20000,3,2,1,-1,-1,-1,-1,-1,-1,18535,18541,18270,16992,19025,35744,5109,1600,2400,3800,739,2000,1465,1459,1730,3008,975,-15744,111459,1
150000,1,2,2,-2,-2,-2,-2,-2,-2,120,0,0,0,0,0,0,0,0,0,0,0,149880,150000,150000,150000,150000,150000,120,0
230000,1,4,2,-1,-1,2,-1,-1,-2,9092,12509,12784,12584,0,0,3500,700,0,0,0,0,220908,217491,217216,217416,230000,230000,42769,1
60000,3,4,1,-1,-1,-1,-1,-1,-1,60491,61319,56550,43279,28289,28013,2560,1593,1348,1012,1016,1007,-491,-1319,3450,16721,31711,31987,269405,1
360000,1,4,1,-1,-1,-1,-1,-1,-1,724,125,416,190,190,66,125,418,190,0,66,151,359276,359875,359584,359810,359810,359934,761,0
100000,2,1,2,-1,-1,-1,-1,-1,-1,46202,47239,48258,49218,99677,51738,1784,1803,1763,1843,4654,2297,53798,52761,51742,50782,323,48262,328188,0
30000,2,1,2,-1,-1,-1,-1,-1,-1,23467,24195,25286,25807,26350,27409,1409,1500,942,959,1500,946,6533,5805,4714,4193,3650,2591,145258,0
330000,2,2,2,-1,-1,-1,-1,-1,-1,155285,156122,11733,9620,0,4520,10000,10000,2000,0,4520,2500,174715,173878,318267,320380,330000,325480,308260,0
20000,1,4,1,-1,2,-1,-1,-1,-1,632,316,948,632,316,1096,0,948,0,0,1096,0,19368,19684,19052,19368,19684,18904,1896,0
80000,2,2,3,1,2,2,2,2,2,42053,40185,42887,31745,32211,25836,0,3500,0,4500,0,1500,37947,39815,37113,48255,47789,54164,205417,0
90000,4,4,1,-1,-1,-1,-1,-1,-1,40145,41194,42197,42726,43802,42761,2000,2000,1502,1737,1500,5050,49855,48806,47803,47274,46198,47239,239036,1
20000,2,4,1,-1,-1,-1,-1,-1,-1,16740,17451,18141,18239,18302,18337,1600,1600,1000,663,654,651,3260,2549,1859,1761,1698,1663,101042,0
230000,3,1,5,1,-2,-2,-2,-2,-2,0,0,0,0,0,0,0,0,0,0,0,0,230000,230000,230000,230000,230000,230000,0,1
160000,2,2,1,-1,2,-1,-1,-2,-1,3498,3260,678,0,0,678,0,678,0,0,678,0,156502,156740,159322,160000,160000,159322,6758,0
200000,2,2,2,-1,-1,-1,-1,-1,-1,2500,0,5448,632,0,646,0,5448,632,0,646,0,197500,200000,194552,199368,200000,199354,2500,0
20000,2,2,1,-1,-1,-1,-1,-1,-2,1955,2530,1845,3169,240,930,2535,1205,3274,630,1080,0,18045,17470,18155,16831,19760,19070,1945,0
170000,1,1,2,-1,-1,-1,-1,-1,-1,51207,38528,34688,30542,61032,23711,5000,2000,3000,1000,6000,8753,118793,131472,135312,139458,108968,146289,213955,0
180000,2,2,1,-1,-1,-1,-1,-1,-1,3679,4711,3996,6007,3260,0,1105,1000,2011,503,0,0,176321,175289,176004,173993,176740,180000,17034,0
50000,2,2,1,-1,-1,-1,-1,-1,-1,98492,50095,49057,17426,17789,18003,2477,2409,769,792,659,631,-48492,-95,943,32574,32211,31997,243125,0
360000,1,2,3,-1,-1,-1,-1,-1,-1,16540,1160,10600,51571,28310,14482,1160,10646,51571,0,14482,12874,343460,358840,349400,308429,331690,345518,31930,0
230000,2,4,1,-1,-1,-1,-2,-1,-1,875,375,-250,-125,609,362,1000,0,0,4000,3000,9000,229125,229625,230250,230125,229391,229638,-15154,0
80000,1,4,1,-1,-1,2,2,2,2,75709,80033,78145,80584,81693,78470,6800,0,6000,3000,0,5100,4291,-33,1855,-584,-1693,1530,453734,1
60000,1,2,2,2,2,2,2,2,2,61432,57751,59200,57558,52992,61325,0,4770,2250,0,50000,0,-1432,2249,800,2442,7008,-1325,293238,1
150000,3,2,4,-1,-1,-1,-1,-1,-1,420,0,1672,453,2129,1414,0,1672,453,2129,1414,1961,149580,150000,148328,149547,147871,148586,-1541,0
120000,3,2,4,-1,-1,-1,-1,-1,-1,117029,118439,118437,116456,116957,119366,5800,4500,4120,4388,4500,4350,2971,1561,1563,3544,3043,634,679026,0
430000,1,2,3,-1,-1,-1,-1,-1,-1,20849,3662,7719,4437,2912,6368,3814,7759,4451,2915,6383,9025,409151,426338,422281,425563,427088,423632,11600,0
360000,3,1,2,-1,-1,-1,-1,-1,-1,89120,191329,92915,52341,51739,55079,105484,4500,2000,2100,4400,2934,270880,168671,267085,307659,308261,304921,411105,0
200000,2,2,5,-1,-1,-1,-1,-1,-1,396,396,461,396,546,396,396,461,396,546,396,396,199604,199604,199539,199604,199454,199604,0,0
50000,2,2,1,-1,-1,-1,-1,-1,2,40959,41996,43296,44187,49132,48191,2000,2000,1608,5684,0,2000,9041,8004,6704,5813,868,1809,254469,0
150000,2,2,2,-1,-1,-1,-1,-1,-1,70001,45813,44309,27428,2013,4724,2500,1200,2618,2013,4724,0,79999,104187,105691,122572,147987,145276,181233,0
20000,1,4,3,-1,-1,-1,-1,-1,-1,12146,7698,6005,6411,3125,3164,1273,1039,1000,123,101,48,7854,12302,13995,13589,16875,16836,34965,0
20000,1,2,1,-1,-1,-1,-1,-1,-1,5565,6841,7853,8565,9565,12065,1276,1288,1000,1000,2500,1000,14435,13159,12147,11435,10435,7935,42390,0
50000,2,2,1,1,3,2,-1,-1,-1,52935,50946,22740,2314,1823,18839,0,0,0,1823,18839,641,-2935,-946,27260,47686,48177,31161,128294,1
260000,2,4,1,-1,-1,-1,-1,-1,-1,19713,22378,24836,32816,42816,8938,3000,3000,10000,10000,8938,2000,240287,237622,235164,227184,217184,251062,114559,1
230000,3,4,2,-1,-1,-1,-1,-1,-1,1873,2778,4734,6642,8520,9869,1500,2000,2000,2000,1500,2000,228127,227222,225266,223358,221480,220131,23416,1
170000,3,1,3,-1,-1,-1,-1,-2,-2,19247,1230,2910,0,0,0,1230,2910,0,0,0,0,150753,168770,167090,170000,170000,170000,19247,0
180000,1,2,1,-2,-2,-2,-2,-2,-1,-124,0,0,0,225,35173,1004,0,0,225,24815,10250,180124,180000,180000,180000,179775,144827,-1020,0
30000,1,2,2,1,2,-1,-1,-1,2,24172,23497,24817,25602,26535,26947,0,1715,1500,1500,1000,4670,5828,6503,5183,4398,3465,3053,141185,0
20000,2,2,1,3,2,2,3,2,2,16014,15474,19739,19194,38414,19200,0,4900,0,800,800,500,3986,4526,261,806,-18414,800,121035,1
260000,3,1,4,2,-1,-1,-1,-1,-1,655,1182,1076,696,1012,530,1076,1076,0,1012,530,696,259345,258818,258924,259304,258988,259470,761,1
180000,3,4,2,-1,-1,-1,-1,-1,-2,1730,6792,0,3180,2682,0,6792,0,3180,2682,0,5593,178270,173208,180000,176820,177318,180000,-3863,0
230000,2,2,2,-1,-1,-1,-1,-1,-1,57259,46226,36089,34158,22872,22592,2500,3000,3000,1500,1500,2000,172741,183774,193911,195842,207128,207408,205696,1
120000,2,6,3,-1,-1,-1,-1,-1,-1,46889,47496,48307,49272,49016,43127,1856,1667,1632,1664,1880,1059,73111,72504,71693,70728,70984,76873,274349,0
280000,1,1,5,-2,-2,-2,-2,-2,-2,0,0,0,0,0,0,0,0,0,0,0,0,280000,280000,280000,280000,280000,280000,0,0
270000,2,4,1,-1,-1,-1,-1,-1,-1,150185,141926,135741,126197,118340,110557,4988,7000,5000,5000,5000,5000,119815,128074,134259,143803,151660,159443,750958,0
70000,1,1,2,-1,-1,-1,-1,-1,-1,67474,68750,59186,48178,46197,48444,3100,7172,10000,1662,3000,1350,2526,1250,10814,21822,23803,21556,311945,0
60000,2,2,2,-1,-1,-1,-1,-1,2,53234,54361,55395,56416,58792,56130,2580,2557,2500,4500,0,2000,6766,5639,4605,3584,1208,3870,320191,0
180000,2,2,1,-1,-1,-1,-1,-1,-1,78128,81976,83338,90031,93692,96100,5000,4000,8000,5000,4000,5500,101872,98024,96662,89969,86308,83900,491765,0
160000,2,2,2,-1,-1,-1,-1,-1,2,30414,24158,10091,5905,6210,4302,1200,1036,309,500,0,1000,129586,135842,149909,154095,153790,155698,77035,1
50000,1,4,1,-1,-1,-1,-1,-2,-2,14500,0,790,3696,6696,5724,0,790,3696,3000,5724,2271,35500,50000,49210,46304,43304,44276,15925,0
60000,2,4,3,-2,-2,-2,-1,-1,-1,53044,51158,29452,1696,38585,38884,1607,1675,1696,38000,1500,1400,6956,8842,30548,58304,21415,21116,166941,0
50000,2,2,3,3,2,-1,-1,-1,-1,12961,12029,11738,11011,9888,10076,507,1158,373,365,359,1111,37039,37971,38262,38989,40112,39924,63830,1
80000,2,2,4,1,-1,-1,-1,-1,-1,-2,697,-3,1186,-4,1633,699,0,1579,0,1637,4844,80002,79303,80003,78814,80004,78367,-5252,0
30000,2,2,1,-1,-1,-1,-1,-1,-1,28622,28219,27764,27973,28576,12135,1700,1500,700,700,500,1000,1378,1781,2236,2027,1424,17865,147189,0
90000,1,4,1,-1,-1,-1,-1,-1,-1,32154,33521,34443,31223,31723,32505,1888,1810,1300,1152,1310,1197,57846,56479,55557,58777,58277,57495,186912,0
130000,2,2,2,-1,-1,-1,-1,-1,-1,9768,8480,2420,0,682,0,8486,1001,0,682,0,0,120232,121520,127580,130000,129318,130000,11181,0
200000,1,1,2,-2,-2,-2,-2,-2,-2,2780,2645,-10,4115,1315,0,2658,0,4125,1315,0,0,197220,197355,200010,195885,198685,200000,2747,0
20000,2,4,1,-1,-1,-1,-1,2,2,11564,13063,14337,15596,15204,17149,2000,1500,1500,0,2200,0,8436,6937,5663,4404,4796,2851,79713,1
300000,3,1,2,-1,-1,-1,-1,-1,-1,1877,2466,0,462,0,3069,2500,0,462,0,3069,280,298123,297534,300000,299538,300000,296931,1563,0
160000,1,2,3,-1,-1,-1,-1,-1,-1,120528,100050,102324,104697,103202,94360,7000,4000,4000,4115,4000,3690,39472,59950,57676,55303,56798,65640,598356,0
500000,1,2,3,-1,-1,-2,-2,-1,-1,680,0,0,0,74731,0,0,0,0,74731,0,0,499320,500000,500000,500000,425269,500000,680,0
50000,2,4,1,2,2,2,-1,-1,-1,50863,50887,19345,19152,18953,19388,1600,0,1000,1000,900,900,-863,-887,30655,30848,31047,30612,173188,1
20000,1,2,1,-1,-1,-1,-1,-1,-1,20052,5328,18428,19709,19833,19376,1500,15000,2000,1000,900,1000,-52,14672,1572,291,167,624,81326,0
240000,3,1,3,2,3,3,2,2,2,213732,217347,217329,211132,219202,223434,8500,5000,0,16000,8000,0,26268,22653,22671,28868,20798,16566,1264676,1
200000,2,2,1,2,2,2,2,2,2,172325,174082,177684,180259,183704,186507,6000,8000,7000,6500,6000,5600,27675,25918,22316,19741,16296,13493,1035461,1
200000,2,4,1,-1,-1,2,-1,-1,-1,184,2250,823,823,-658,1266,2250,0,0,0,1924,0,199816,197750,199177,199177,200658,198734,514,1
260000,1,4,2,-1,-1,-1,-1,-1,-1,10425,12722,4948,13100,10854,7537,2297,7256,13100,10854,7537,3710,249575,247278,255052,246900,249146,252463,14832,0
100000,2,2,1,2,2,2,2,-2,-2,89296,101755,90684,23000,25000,0,14002,560,0,2000,0,53528,10704,-1755,9316,77000,75000,100000,259645,0
360000,3,1,3,-1,-1,-1,-1,-1,-1,25988,1815,22648,19433,16708,24047,1815,22674,95,16790,24283,17387,334012,358185,337352,340567,343292,335953,27595,0
280000,4,6,2,-1,-1,-1,-1,-1,-1,286469,293875,296257,232,-94,143864,8024,8034,232,94,145935,5000,-6469,-13875,-16257,279768,280094,136136,853284,0
360000,1,1,3,-1,-1,-1,-1,-1,-1,10221,8337,9696,14332,21446,9476,8536,5000,8500,10000,9476,7000,349779,351663,350304,345668,338554,350524,24996,0
420000,1,2,2,-1,-1,-1,-1,-1,-1,440,1479,2940,3160,4160,883,1039,1500,3160,1000,883,28000,419560,418521,417060,416840,415840,419117,-22520,0
400000,2,2,3,-2,-2,-1,-1,-1,-1,0,641,1290,1319,694,697,641,1290,29,0,3,703,400000,399359,398710,398681,399306,399303,1975,0
50000,2,2,3,2,-1,-1,-1,-1,-1,33343,31392,27315,-60,28890,29168,1502,1000,0,30070,1180,1000,16657,18608,22685,50060,21110,20832,115296,0
500000,1,1,3,-2,-2,-2,-2,-2,-2,186610,130751,43890,38759,46834,28408,261524,43919,38787,46834,28408,63001,313390,369249,456110,461241,453166,471592,-7221,0
50000,2,2,4,-1,-1,-1,-1,-1,-1,48025,49128,49348,44932,19559,18859,1884,1997,1943,693,683,680,1975,872,652,5068,30441,31141,221971,0
80000,1,4,1,-1,2,-1,-1,-1,-1,1275,887,890,382,2786,2557,2,893,382,2794,2561,77004,78725,79113,79110,79618,77214,77443,-74859,0
80000,2,4,1,2,3,2,2,-1,-1,84176,81516,80146,61392,60325,60469,0,2000,0,3091,2400,2000,-4176,-1516,-146,18608,19675,19531,418533,0
20000,2,4,4,-1,-1,-1,-1,-1,-1,13922,15433,15683,16050,17401,17573,3000,3000,1000,2000,1000,1000,6078,4567,4317,3950,2599,2427,85062,0
460000,1,4,1,-1,-1,-1,-1,-1,-1,81252,74766,79012,74349,77504,90032,5020,10027,3001,5004,15000,5039,378748,385234,380988,385651,382496,369968,433824,0
240000,1,2,2,-1,-1,-1,-1,-2,-2,47742,27044,24007,0,0,0,1898,1006,0,0,0,0,192258,212956,215993,240000,240000,240000,95889,0
120000,2,2,2,-1,-1,-1,-1,-1,-1,53456,53862,39505,45373,46641,47569,2058,1672,10000,2000,1704,1920,66544,66138,80495,74627,73359,72431,267052,0
20000,2,2,1,1,3,2,2,3,2,7719,7455,7187,8367,7945,7669,0,0,1300,0,0,1000,12281,12545,12813,11633,12055,12331,44042,0
290000,3,1,4,-1,-1,-1,-1,-1,-1,62381,32320,22528,10502,82823,52624,1778,1565,212,82902,2008,1177,227619,257680,267472,279498,207177,237376,173536,0
50000,2,4,2,-1,-1,-1,-1,-1,-1,33801,27027,24459,23161,22282,20537,1433,1319,773,787,757,615,16199,22973,25541,26839,27718,29463,145583,0
200000,2,2,3,-1,-1,-1,-1,-1,-1,22065,23382,21522,8815,4280,0,2000,1128,4280,0,0,0,177935,176618,178478,191185,195720,200000,72656,0
20000,3,6,1,-1,-1,2,2,-1,-1,17973,20482,19693,11932,1280,0,2800,0,239,3380,0,0,2027,-482,307,8068,18720,20000,64941,0
100000,1,1,3,-1,-1,-1,-1,-1,-1,43970,45756,46680,47926,49028,49561,2500,2000,2000,2001,2014,1605,56030,54244,53320,52074,50972,50439,270801,0
260000,1,4,2,-1,-1,-1,-1,-1,-1,107350,110114,112189,114503,117031,112857,4500,4000,4000,4200,8790,4200,152650,149886,147811,145497,142969,147143,644354,0
20000,2,4,1,4,3,2,-1,-1,-1,21750,21127,20332,19932,19932,7080,0,0,0,0,0,0,-1750,-1127,-332,68,68,12920,110153,0
10000,2,4,1,-1,-1,-1,-1,-1,2,5964,7145,8144,8861,10104,9803,1284,1283,1000,1535,0,1000,4036,2855,1856,1139,-104,197,43919,0
420000,1,1,3,-2,-2,-2,-2,-2,-2,46179,82842,77628,52294,0,0,84459,79192,57145,0,0,0,373821,337158,342372,367706,420000,420000,38147,0
130000,3,4,1,-1,-1,-1,-1,-1,-1,29645,28193,30790,21200,21810,13629,2000,5000,5000,1000,4000,6587,100355,101807,99210,108800,108190,116371,121680,0
150000,1,4,1,-1,-1,-1,-1,-1,-1,36497,38190,39322,40260,41458,42251,2287,2071,1591,2000,1632,10000,113503,111810,110678,109740,108542,107749,218397,0
120000,1,2,2,-1,-1,-1,-1,-1,-1,291,291,291,291,291,291,291,291,291,291,291,291,119709,119709,119709,119709,119709,119709,0,0
30000,2,4,1,-1,-1,-1,-1,-1,-1,7244,8265,9436,10123,10335,10691,1142,1313,1000,375,528,600,22756,21735,20564,19877,19665,19309,51136,0
260000,2,4,2,-1,-1,-1,-1,-1,-1,166071,137702,77683,163040,86008,88575,7000,3000,7152,8000,4000,4000,93929,122298,182317,96960,173992,171425,685927,0
60000,3,2,2,-1,-1,-1,-1,-1,-1,326,326,326,326,476,326,326,326,326,476,326,326,59674,59674,59674,59674,59524,59674,0,1
70000,3,4,4,-1,-1,-1,-1,-1,-1,105991,67243,67533,28653,29253,26185,2777,1751,969,1004,938,1122,-35991,2757,2467,41347,40747,43815,316297,0
110000,2,2,1,2,-1,-1,-1,-1,2,28290,30516,39584,43581,48458,17129,3000,10000,5000,6000,0,2000,81710,79484,70416,66419,61542,92871,181558,0
180000,2,2,2,-1,-1,-1,-1,-1,-1,8788,40927,28306,31578,21195,11776,40970,1210,10015,10009,11783,110306,171212,139073,151694,148422,158805,168224,-41723,0
300000,2,4,3,-2,-2,-2,-2,-2,-2,6301,0,2417,470,4690,0,4126,2417,470,4690,0,18774,293699,300000,297583,299530,295310,300000,-16599,0
260000,1,2,2,-2,-1,-1,-2,-2,-2,622,3074,0,688,2605,377,3084,691,0,2613,378,693,259378,256926,260000,259312,257395,259623,-93,0
50000,2,2,3,2,2,2,-1,-1,-1,36329,36711,28415,18459,16077,12428,3406,0,640,660,296,60,13671,13289,21585,31541,33923,37572,143357,1
90000,3,2,3,-1,-1,-1,-1,-1,-1,63115,33963,33807,2966,1223,0,1988,1900,59,24,0,0,26885,56037,56193,87034,88777,90000,131103,0
20000,2,4,1,1,2,-1,-1,2,-1,6025,5786,10471,11542,11216,14834,0,5000,1550,0,4000,4026,13975,14214,9529,8458,8784,5166,45298,1
220000,1,4,2,-1,-1,-1,-1,-1,2,2731,3403,5990,7767,42731,33266,3403,5990,7767,40645,0,4622,217269,216597,214010,212233,177269,186734,33461,0
240000,1,2,1,-1,-1,-1,-1,-1,2,2961,4748,7013,7722,732,291,2000,2873,1000,882,0,0,237039,235252,232987,232278,239268,239709,16712,0
440000,2,4,3,-1,-1,-1,-1,-1,-1,98496,82803,79894,73984,137370,132889,10000,10000,10000,80000,7000,6000,341504,357197,360106,366016,302630,307111,482436,0
60000,2,2,2,5,4,4,3,2,2,60480,59966,58411,58868,55232,58430,1001,0,2001,0,4301,2000,-480,34,1589,1132,4768,1570,342084,0
380000,2,1,2,-1,-1,-1,-1,-1,-1,6749,7917,9645,11865,13133,4702,7959,9683,11916,13191,4717,9354,373251,372083,370355,368135,366867,375298,-2809,0
30000,3,2,3,2,2,2,2,2,2,19608,20696,20071,21432,21704,21205,1700,0,2000,760,0,2000,10392,9304,9929,8568,8296,8795,118256,1
120000,2,4,2,-1,-1,-1,-1,-1,-1,71708,72047,67080,68660,69411,2855,3200,3000,3700,3500,1000,68074,48292,47953,52920,51340,50589,117145,269287,0
150000,1,2,1,-2,-2,-2,-2,-2,-2,4583,6917,831,6469,5138,7810,6989,833,6488,5153,7833,7130,145417,143083,149169,143531,144862,142190,-2678,0
90000,2,2,1,-1,-1,-1,-1,-1,2,43314,44354,45372,46317,51292,50316,2037,2055,2000,5913,0,2100,46686,45646,44628,43683,38708,39684,266860,0
180000,2,2,2,-1,-1,-2,-1,-1,-1,25000,0,0,6398,15218,24901,0,0,6398,9000,10000,500,155000,180000,180000,173602,164782,155099,45619,0
10000,2,4,2,-1,-1,-1,-1,-1,-1,7841,7400,6770,5163,3575,390,1157,1000,103,72,400,0,2159,2600,3230,4837,6425,9610,28407,0
20000,2,2,1,2,2,-1,-1,2,-1,15166,14638,15582,17809,17385,18437,0,1500,2500,0,1500,1500,4834,5362,4418,2191,2615,1563,92017,1
80000,3,2,3,2,2,2,2,2,2,57754,56258,60313,61129,62348,61193,0,5000,2400,2341,0,2439,22246,23742,19687,18871,17652,18807,346815,1
610000,2,1,2,-1,-1,-1,-1,-1,-1,50724,8723,6245,7089,8059,8666,2134,1210,2000,2000,1666,1500,559276,601277,603755,602911,601941,601334,78996,0
180000,3,4,1,1,-2,-2,-1,-1,-2,0,0,0,8081,0,0,0,0,8081,0,0,0,180000,180000,180000,171919,180000,180000,0,0
50000,3,1,4,1,-1,-1,-1,-1,-1,0,484,929,474,0,1288,484,1000,0,0,1288,334,50000,49516,49071,49526,50000,48712,69,1
130000,1,2,2,-1,-1,-1,-1,-1,-1,130705,132472,129576,129829,125382,124942,6500,4700,5000,4600,5200,4500,-705,-2472,424,171,4618,5058,742406,1
160000,1,2,1,-1,-1,-1,-1,-1,-1,135233,130038,79027,6666,6666,6666,5600,3715,6666,6666,6666,6666,24767,29962,80973,153334,153334,153334,328317,0
200000,1,2,1,-1,-1,-1,2,2,2,137218,141808,151020,152040,164405,161525,6808,11620,5000,15000,0,4089,62782,58192,48980,47960,35595,38475,865499,0
20000,1,2,1,-1,-1,2,-1,-1,-1,14897,17512,16926,17368,17959,19023,3170,0,1000,1000,3000,0,5103,2488,3074,2632,2041,977,95515,0
50000,2,4,4,-1,-1,-1,-1,-1,-1,47060,48481,49505,17612,19461,18660,2180,2204,656,2159,678,851,2940,1519,495,32388,30539,31340,192051,0
30000,2,2,3,1,2,2,2,2,2,27882,28937,30128,30548,31326,30688,1800,1980,1200,1400,0,800,2118,1063,-128,-548,-1326,-688,172329,1
140000,2,1,1,-1,-1,-1,-1,-1,-1,130767,134946,130470,132038,131961,124256,6696,5000,4866,5300,5055,5000,9233,5054,9530,7962,8039,15744,752521,0
160000,2,1,3,1,2,2,2,2,2,11569,11092,12900,12396,13692,13323,0,2000,0,1500,0,2000,148431,148908,147100,147604,146308,146677,69472,0
410000,1,1,2,-1,-1,-1,-2,-1,-1,3244,8339,0,0,1759,2624,8339,0,0,1759,2624,0,406756,401661,410000,410000,408241,407376,3244,0
320000,1,4,2,-1,-1,-1,-1,-1,-1,8144,7824,7500,7500,7500,7500,7500,7500,7500,7500,7500,42562,311856,312176,312500,312500,312500,312500,-34094,0
50000,2,2,2,-1,-1,-1,-1,-1,-1,47404,48786,49768,27838,84810,27785,2148,2130,1200,1012,2034,973,2596,1214,232,22162,-34810,22215,276894,0
110000,2,2,1,-1,-1,-1,-1,-1,-1,107221,109494,111954,111771,111703,111864,4000,4300,4164,4500,4200,5000,2779,506,-1954,-1771,-1703,-1864,637843,0
530000,3,2,4,-1,-1,-1,-1,-1,-1,219884,223526,206593,275847,163157,164838,10000,10000,10000,7000,7000,5000,310116,306474,323407,254153,366843,365162,1204845,0
80000,2,4,3,-1,-1,-1,-1,-1,-1,46982,38738,31923,25885,20195,19494,1728,1411,1009,605,2012,209,33018,41262,48077,54115,59805,60506,176243,1
190000,1,4,1,2,-1,-1,-1,-1,-1,204297,106428,109736,111487,114878,118541,6355,6500,5000,5117,5644,4767,-14297,83572,80264,78513,75122,71459,731984,1
500000,2,1,4,-1,-1,-1,-1,-1,-1,4101,11076,3834,-754,6276,16871,11155,4024,754,7030,17050,6063,495899,488924,496166,500754,493724,483129,-4672,0
270000,3,4,2,1,-1,-1,-1,-1,-1,0,2900,2000,2000,0,4759,2900,2000,2000,0,4759,0,270000,267100,268000,268000,270000,265241,0,0
20000,2,4,1,2,2,-1,-1,-1,-1,17368,16801,17789,17419,17628,18125,0,1281,771,640,790,761,2632,3199,2211,2581,2372,1875,100887,0
90000,2,1,2,-1,-1,-1,-1,2,2,27764,27690,27593,25833,25318,22684,1500,1500,1500,1500,0,1755,62236,62310,62407,64167,64682,67316,149127,1
10000,2,2,3,1,2,2,-1,-1,-1,6898,7642,5381,3791,3791,0,1019,0,0,0,0,0,3102,2358,4619,6209,6209,10000,26484,0
320000,2,2,2,-1,-1,-1,-1,-1,-1,4062,5143,5988,6988,7988,0,1155,1000,1000,1000,0,2500,315938,314857,314012,313012,312012,320000,23514,0
190000,1,2,2,-1,-1,-1,-1,-1,-1,42740,46046,10725,1582,-46,4054,10000,11000,11336,0,4100,7500,147260,143954,179275,188418,190046,185946,61165,0
380000,1,1,2,-1,-1,-2,-1,-1,-2,6347,0,0,46350,0,0,0,0,46350,0,0,24000,373653,380000,380000,333650,380000,380000,-17653,1
180000,2,2,2,-1,-1,-1,-1,-1,-1,145563,147348,143548,133408,136481,140008,10035,5096,5000,5200,6024,5015,34437,32652,36452,46592,43519,39992,809986,0
360000,1,4,2,-1,-1,-1,-2,-2,-2,898,11573,0,0,0,0,11573,0,0,0,0,5140,359102,348427,360000,360000,360000,360000,-4242,0
150000,2,1,2,1,2,-1,-1,-1,-1,40496,3880,1377,4007,7742,11376,1000,5000,5960,5000,5000,1000,109504,146120,148623,145993,142258,138624,45918,0
50000,1,2,4,1,2,-1,-1,-1,2,45608,44619,44856,32461,49916,29117,0,1600,871,30347,0,0,4392,5381,5144,17539,84,20883,213759,1
50000,2,2,2,1,2,2,2,2,2,39966,37584,38423,37212,39319,36082,0,3000,0,3007,7,3119,10034,12416,11577,12788,10681,13918,219453,0
50000,3,1,4,-1,-1,-1,-1,-1,-1,42257,44243,64104,33406,34104,34869,3000,2500,1985,1163,1256,1316,7743,5757,-14104,16594,15896,15131,241763,0
340000,2,4,2,-1,-1,-1,-1,-1,-1,47664,38192,39234,20960,360,360,2000,2000,3000,360,360,45385,292336,301808,300766,319040,339640,339640,93665,0
320000,1,2,1,-1,-1,-1,-1,-1,-2,111710,12484,13917,12125,0,0,1267,1700,243,0,0,220000,208290,307516,306083,307875,320000,320000,-72974,0
230000,1,4,3,-1,-1,-1,-1,-1,2,326,326,326,1458,952,476,326,326,1458,952,0,326,229674,229674,229674,228542,229048,229524,476,0
120000,1,4,2,-1,-1,-1,-1,-1,-1,643,586,3660,5754,5666,5666,586,3660,5754,5666,5666,6246,119357,119414,116340,114246,114334,114334,-5603,0
30000,1,2,2,1,2,2,2,2,-1,26921,27809,21658,22794,22289,22916,1700,0,1800,0,1000,1000,3079,2191,8342,7206,7711,7084,138887,0
240000,1,2,2,-1,-1,-1,-1,-1,-1,21027,27568,9166,6855,8089,9052,27994,9212,6949,8134,10043,28012,218973,212432,230834,233145,231911,230948,-8587,0
240000,2,2,2,1,-2,-1,-1,-1,-1,0,0,493,-5,574,3509,0,493,0,579,3509,1198,240000,240000,239507,240005,239426,236491,-1208,0
210000,1,2,2,-1,-1,2,-1,-1,-1,99342,99506,100117,101212,101197,103175,4900,4100,3600,4500,4000,3900,110658,110494,109883,108788,108803,106825,579549,0
20000,3,2,1,1,2,-1,-1,-1,-1,17231,15897,16232,16555,16104,16055,0,1300,573,576,600,1900,2769,4103,3768,3445,3896,3945,93125,0
20000,2,2,3,-1,-1,-1,-1,-1,-1,16560,17278,18289,18653,19195,19580,1293,1304,668,843,853,790,3440,2722,1711,1347,805,420,103804,1
110000,1,4,1,1,2,-1,-1,-1,-1,4382,1972,1426,5660,5660,0,5,1426,5660,0,0,0,105618,108028,108574,104340,104340,110000,12009,0
130000,2,1,2,-1,-1,-1,-1,-1,-1,88014,88951,90672,89252,91118,95105,3245,3217,3177,3286,4200,2500,41986,41049,39328,40748,38882,34895,523487,0
80000,2,2,1,-1,-1,-1,-1,-1,-1,77857,80002,82020,73904,75558,77279,4000,4000,3000,3000,3000,3000,2143,-2,-2020,6096,4442,2721,446620,0
20000,2,1,2,1,2,-1,-1,-1,-1,12564,12077,12779,13033,13308,13985,0,1212,466,485,900,1000,7436,7923,7221,6967,6692,6015,73683,1
10000,1,1,2,-1,-1,2,-1,-1,2,4711,9617,9307,9665,10470,10169,5000,0,500,1100,0,1000,5289,383,693,335,-470,-169,46339,1
180000,2,1,2,-1,-1,-1,-1,-1,-1,5480,11834,17380,8329,20406,9772,11850,17552,8333,20406,9772,9315,174520,168166,162620,171671,159594,170228,-4027,0
280000,2,4,1,-1,-1,-1,-1,-1,-1,140888,143746,55506,56741,57983,59185,5040,3000,2000,2000,2000,3000,139112,136254,224494,223259,222017,220815,497009,0
220000,1,2,1,2,2,2,2,2,2,124820,126740,121910,89608,53535,36312,6300,0,6000,2500,0,1500,95180,93260,98090,130392,166465,183688,536625,1
260000,2,1,3,3,3,2,2,-1,-1,215521,210695,213758,208821,213083,217340,0,8000,0,7800,7800,8300,44479,49305,46242,51179,46917,42660,1247318,1
30000,2,1,3,1,2,-1,-1,-1,-1,15526,14923,10936,11436,1520,0,0,1000,500,1520,0,0,14474,15077,19064,18564,28480,30000,51321,0
50000,2,2,1,-2,-2,-1,-1,-1,-1,21523,1481,19766,19661,16740,13272,19505,20509,1513,1515,1539,20217,28477,48519,30234,30339,33260,36728,27645,0
150000,3,4,3,-1,-1,-1,-1,-1,-1,153720,150540,153103,152060,151470,151974,7000,7000,5200,5500,6300,5100,-3720,-540,-3103,-2060,-1470,-1974,876767,0
160000,3,2,2,-1,-1,-1,-1,-1,-1,47269,45688,47690,48712,49525,50389,2767,2769,1791,1928,1960,1461,112731,114312,112310,111288,110475,109611,276597,0
20000,2,2,1,1,-1,-1,-1,-1,-1,0,132,10067,10144,10400,0,132,10200,540,600,1000,0,20000,19868,9933,9856,9600,20000,18271,0
280000,1,1,3,-1,-1,-1,-1,-1,-1,18958,2640,182251,173922,160553,147124,2676,189570,6084,5798,4627,3589,261042,277360,97749,106078,119447,132876,473104,0
50000,2,2,1,-1,-1,-1,-1,-1,-1,6716,7737,8741,8911,8943,9140,1290,1294,464,324,345,500,43284,42263,41259,41089,41057,40860,45971,0
300000,1,4,3,1,-2,-2,-1,-1,-2,1352,2380,0,970,0,89,2380,0,970,0,89,0,298648,297620,300000,299030,300000,299911,1352,0
230000,2,1,2,-1,-1,2,-1,-1,-1,60528,49036,31226,15568,10000,0,5000,0,5000,10000,0,10000,169472,180964,198774,214432,220000,230000,136358,0
60000,3,2,1,-1,-1,-1,-1,-1,-1,37170,36918,10163,10692,15307,19838,2000,3000,1000,5000,5000,1000,22830,23082,49837,49308,44693,40162,113088,0
190000,3,1,1,-2,-2,-2,-2,-2,-2,51632,9803,3427,924,-876,-969,1000,3524,929,869,7,1587,138368,180197,186573,189076,190876,190969,56025,0
60000,2,2,3,1,-2,-1,-1,-2,-2,0,0,780,0,0,0,0,780,0,0,0,0,60000,60000,59220,60000,60000,60000,0,0
100000,2,4,1,2,-1,-1,-1,-1,-1,88420,89705,91943,71201,69804,71088,3600,4000,2500,2700,2600,2600,11580,10295,8057,28799,30196,28912,464161,1
30000,2,2,3,-1,-1,-1,-1,-1,-1,17166,18578,20260,20626,21142,21790,2000,2000,1000,1000,1000,1500,12834,11422,9740,9374,8858,8210,111062,0
200000,2,4,2,6,5,4,3,2,-1,71310,69676,67976,68468,67439,56163,0,0,2000,0,1925,1130,128690,130324,132024,131532,132561,143837,395977,1
30000,1,3,1,-1,-1,-1,-1,-1,-1,25107,26312,28102,29078,29201,24122,2000,3000,2000,1000,1500,1000,4893,3688,1898,922,799,5878,151422,0
130000,2,2,1,-1,-1,-1,-1,-1,-1,126454,128179,75525,76862,6131,27117,4252,3000,1537,10000,21300,651,3546,1821,54475,53138,123869,102883,399528,0
120000,2,2,1,-1,-1,-1,-1,-1,-1,60098,50910,44943,37176,38245,28682,2000,1500,1500,1500,1500,1500,59902,69090,75057,82824,81755,91318,250554,0
160000,2,4,2,1,-2,-2,-1,-1,-2,-200,-200,0,6171,0,0,0,200,6171,0,0,0,160200,160200,160000,153829,160000,160000,-600,0
20000,2,4,1,-1,-1,-1,-1,-1,-1,17772,19058,19681,19507,14656,756,1877,1500,500,0,756,23750,2228,942,319,493,5344,19244,63047,0
30000,2,4,1,2,2,2,-1,-1,-1,26133,28926,28167,28568,29019,30430,3526,0,1168,1060,1900,0,3867,1074,1833,1432,981,-430,163589,0
70000,2,4,1,-1,-1,-1,-1,-1,-1,65026,29549,29705,29012,28355,16579,4000,1595,775,1000,600,2000,4974,40451,40295,40988,41645,53421,188256,0
80000,3,2,1,-1,-1,-1,-1,-1,-1,78230,76277,36232,30200,30326,30290,2289,1005,31063,1094,1109,1013,1770,3723,43768,49800,49674,49710,243982,0
80000,2,4,1,-1,-1,-1,-1,-1,-1,6085,4728,5750,1361,1402,1911,1128,1150,1361,1402,1000,344,73915,75272,74250,78639,78598,78089,14852,0
100000,2,2,4,-1,-1,-1,-1,-1,-1,104466,96370,81293,66435,64975,66951,4000,3000,3000,3000,3000,3000,-4466,3630,18707,33565,35025,33049,461490,0
570000,1,2,2,-1,-1,-1,-1,-1,-1,26775,28753,48474,42377,41302,1666,15004,25000,1302,1000,1666,3778,543225,541247,521526,527623,528698,568334,141597,0
170000,1,1,3,2,-1,-1,-1,-1,-1,360,360,360,360,360,870,360,360,360,360,870,0,169640,169640,169640,169640,169640,169130,360,0
50000,2,4,1,1,-1,-1,-1,-1,-1,0,870,590,3700,1999,7300,870,590,3700,1999,7300,17120,50000,49130,49410,46300,48001,42700,-17120,0
310000,1,4,2,-1,-1,-1,-1,-1,-1,300500,265766,245458,249435,240521,246525,11027,10500,14000,10000,10000,10000,9500,44234,64542,60565,69479,63475,1482678,0
140000,1,2,1,-1,-1,-1,2,-1,-1,19484,20114,16606,9609,5429,9763,2000,10063,0,2000,5000,5000,120516,119886,123394,130391,134571,130237,56942,1
200000,2,4,1,-1,-1,2,-1,-1,-1,69412,69878,64222,50518,44892,76088,4012,2008,3008,9056,36100,22500,130588,130122,135778,149482,155108,123912,298326,0
300000,2,4,1,-1,-1,-1,-1,-1,-1,11342,9670,2615,10170,7200,7200,9670,2615,10170,0,0,908,288658,290330,297385,289830,292800,292800,24834,1
300000,1,4,1,-1,-1,-1,-1,-1,-1,296186,290906,275061,250488,250357,249990,20006,9000,10000,9000,10000,8000,3814,9094,24939,49512,49643,50010,1546982,0
140000,2,2,4,-1,-1,-1,-1,-1,-1,162452,164055,141301,99115,101597,101290,5000,140000,4000,4000,4000,4000,-22452,-24055,-1301,40885,38403,38710,608810,0
560000,1,1,3,-1,-1,-1,-1,-1,-1,10501,69458,23445,105199,47519,73537,69803,23560,109726,48237,74014,19443,549499,490542,536555,454801,512481,486463,-15124,0
200000,1,1,3,1,2,2,2,2,2,73537,71796,80453,58257,97180,95531,0,10000,0,40000,0,15000,126463,128204,119547,141743,102820,104469,411754,1
230000,3,2,2,-1,-1,-1,-1,-1,-1,184444,182933,178409,175091,171800,168476,7016,5500,5125,5031,4969,5071,45556,47067,51591,54909,58200,61524,1028441,0
200000,1,1,2,-1,-1,2,2,2,-1,2346,4802,4579,5840,5603,6352,2500,0,1500,0,1000,1000,197654,195198,195421,194160,194397,193648,23522,1
160000,2,2,2,2,2,2,2,2,2,73820,72341,76917,75370,81943,80203,0,5500,0,7500,0,2000,86180,87659,83083,84630,78057,79797,445594,1
220000,1,2,1,-1,-1,-1,-1,-1,-1,216096,189566,183838,157898,164860,168294,10110,12000,5852,10000,6610,5836,3904,30434,36162,62102,55140,51706,1030144,0
60000,3,2,1,-1,-1,-1,-1,-1,-1,59817,47872,38605,28184,28862,29161,3000,2000,1500,1500,1300,2000,183,12128,21395,31816,31138,30839,221201,0
390000,2,2,3,2,2,2,-1,-1,-1,78658,60152,40238,41366,37788,19025,4514,0,1528,0,1000,3574,311342,329848,349762,348634,352212,370975,266611,1
280000,1,4,2,-2,-2,-2,-2,-2,-2,1863,869,262,1203,4,320,872,262,1203,150,470,1000,278137,279131,279738,278797,279996,279680,564,0
80000,1,1,5,-1,-1,-1,-1,-2,-2,53315,47740,50100,0,0,0,3300,6267,0,0,0,4189,26685,32260,29900,80000,80000,80000,137399,0
360000,2,1,2,-1,-1,-1,-1,-1,-1,31580,32618,33610,34281,34944,35498,1549,1541,1212,1200,1000,1000,328420,327382,326390,325719,325056,324502,195029,0
20000,2,4,1,-1,-1,-1,-1,-1,-1,18770,18410,18821,19307,19260,20028,1400,1200,1000,6000,1000,5000,1230,1590,1179,693,740,-28,98996,0
500000,2,2,2,-1,-1,-1,-1,-1,-1,2181,5625,60201,45299,40940,16923,5700,60207,1000,838,4476,24236,497819,494375,439799,454701,459060,483077,74712,0
90000,1,4,1,-1,-1,-1,-1,-1,-1,316,3066,3832,6194,5878,316,3066,3832,5878,0,0,3316,89684,86934,86168,83806,84122,89684,3510,0
30000,1,2,2,-1,-1,-1,-1,-1,-1,27729,28138,28285,28463,29303,29766,1500,1500,1500,1300,1100,1032,2271,1862,1715,1537,697,234,163752,0
390000,1,2,3,1,-1,-1,-2,-1,-1,0,3760,0,0,123,0,3760,0,0,123,0,0,390000,386240,390000,390000,389877,390000,0,0
360000,1,1,2,1,-2,-2,-2,-2,-2,0,0,0,0,-5,-5,0,0,0,0,0,0,360000,360000,360000,360000,360005,360005,-10,1
10000,2,4,2,-1,-1,-1,-1,-1,-1,9463,9338,10073,10059,9760,10048,1165,1200,400,520,600,500,537,662,-73,-59,240,-48,54356,0
150000,1,2,2,1,-2,-2,-2,-2,-2,0,0,0,0,0,0,0,0,0,0,0,0,150000,150000,150000,150000,150000,150000,0,0
40000,2,4,1,-1,-1,-1,-1,-1,-1,29009,34183,35606,37018,37184,38066,9000,2000,2000,1349,1500,1500,10991,5817,4394,2982,2816,1934,193717,0
210000,4,4,1,-1,-1,-1,-1,-1,-1,67931,65289,64778,65861,63794,65069,12411,13000,12340,14000,12364,13000,142069,144711,145222,144139,146206,144931,315607,0
50000,2,2,3,-1,-1,-1,-1,-1,-1,46965,42713,33812,20483,19409,19318,1650,1317,698,693,1000,545,3035,7287,16188,29517,30591,30682,176797,0
10000,2,2,1,-1,-1,2,-1,-1,2,7886,9085,7784,8547,8907,6844,1500,1000,1000,600,200,500,2114,915,2216,1453,1093,3156,44253,1
310000,2,4,1,-1,-1,-1,-1,-1,-1,40604,42926,44209,45472,46739,47895,3000,2000,2000,2000,2000,1000,269396,267074,265791,264528,263261,262105,255845,0
50000,1,2,2,-1,-1,-1,-1,-1,-2,43796,44423,29980,30000,0,0,2100,1200,1000,0,0,0,6204,5577,20020,20000,50000,50000,143899,0
150000,1,2,2,-1,-1,-1,-1,-1,-1,4787,1046,344,1291,1193,1914,1054,344,1193,0,3000,0,145213,148954,149656,148709,148807,148086,4984,0
50000,3,1,3,-1,-1,-1,-1,-1,-1,11839,13240,14015,14293,14763,14968,1600,1300,511,700,600,800,38161,36760,35985,35707,35237,35032,77607,1
250000,1,4,2,-1,-1,2,-1,-1,2,77245,84828,82228,83116,87990,86564,8722,0,3010,6249,0,3212,172755,165172,167772,166884,162010,163436,480778,0
30000,3,2,3,2,2,2,2,3,2,22352,23392,23908,24815,24133,25087,1700,1200,1600,0,1500,0,7648,6608,6092,5185,5867,4913,137687,1
30000,1,1,2,-1,-1,-1,-1,-1,-1,22541,19623,20606,20693,21134,22435,1338,1321,727,761,2500,1800,7459,10377,9394,9307,8866,7565,118585,1
30000,3,2,4,2,2,2,2,2,2,30615,28691,30474,27468,25813,25251,0,3017,12,3000,0,4000,-615,1309,-474,2532,4187,4749,158283,1
20000,2,2,3,8,7,6,5,4,3,16942,16721,16193,16445,15624,15096,0,0,780,0,0,0,3058,3279,3807,3555,4376,4904,96241,1
30000,1,4,1,-1,-1,-1,-1,-1,-1,17615,18338,19350,19734,20301,20812,1310,1322,706,885,1000,614,12385,11662,10650,10266,9699,9188,110313,0
300000,1,1,3,-1,-1,-1,-1,-1,-1,999,-7334,8333,6666,8333,8333,0,24000,6666,10000,8333,15449,299001,307334,291667,293334,291667,291667,-39118,1
90000,2,1,1,-1,-1,-2,-2,-2,-2,5580,0,0,0,0,0,0,0,0,0,0,776,84420,90000,90000,90000,90000,90000,4804,0
30000,2,2,1,-1,-1,-1,-1,-1,2,25063,22275,0,517,25420,24863,1545,0,1517,25420,0,980,4937,7725,30000,29483,4580,5137,68676,0
200000,2,2,4,-1,-1,-1,-1,-1,2,128208,131152,133976,136646,145147,142651,5000,5000,4888,10700,0,10100,71792,68848,66024,63354,54853,57349,782092,1
180000,2,4,1,-1,-1,-1,2,2,-1,100534,102971,108232,108628,94416,178120,5364,8633,3600,0,3700,9603,79466,77029,71768,71372,85584,1880,662001,0
70000,2,4,1,-1,-1,-1,-1,-1,-1,50680,51256,47394,7879,-1940,27545,2000,1500,0,0,30000,656,19320,18744,22606,62121,71940,42455,148658,0
230000,2,4,1,-2,-2,-2,-2,-1,2,0,0,0,0,1004,854,0,0,0,1004,0,5183,230000,230000,230000,230000,228996,229146,-4329,0
240000,1,2,3,1,-2,-2,-2,-2,-2,0,0,0,0,0,0,0,0,0,0,0,0,240000,240000,240000,240000,240000,240000,0,0
190000,3,2,3,-1,-1,-1,-1,-1,-1,2665,-35,3527,3869,4468,-12,0,3562,3869,4468,12,4550,187335,190035,186473,186131,185532,190012,-1979,0
80000,1,2,1,-2,-2,-2,-2,-2,-2,4225,20000,11556,0,0,0,20000,11556,0,0,0,0,75775,60000,68444,80000,80000,80000,4225,0
300000,2,2,2,-1,-1,-1,-1,-1,-1,86116,83724,80721,79939,58586,14570,3894,2783,3575,1605,1520,0,213884,216276,219279,220061,241414,285430,390279,0
220000,1,2,2,-1,-1,-1,-1,-1,-1,210475,216513,196219,200117,204312,208373,9639,7123,7162,7419,7462,8621,9525,3487,23781,19883,15688,11627,1188583,0
340000,2,1,2,-1,-1,-1,-1,-1,-1,63098,64417,65752,69639,80057,83713,2338,2406,5000,11610,5000,2971,276902,275583,274248,270361,259943,256287,397351,1
480000,1,4,4,-1,-1,-2,-1,-1,-1,7066,2328,4279,24973,76738,25108,6378,5096,25173,25896,25108,25000,472934,477672,475721,455027,403262,454892,27841,0
60000,1,2,1,-1,-1,-1,-1,-1,-1,45575,43303,27113,19582,19109,17236,1432,11279,1960,1000,633,527,14425,16697,32887,40418,40891,42764,155087,0
200000,2,1,1,-1,-1,-1,-1,-1,-1,11445,12379,12187,7402,10827,11351,5013,3038,3007,5005,2056,2826,188555,187621,187813,192598,189173,188649,44646,0
20000,2,1,4,-1,-1,2,2,-2,-1,19646,20077,19462,0,0,150,3000,30,0,0,150,850,354,-77,538,20000,20000,19850,55305,0
110000,3,4,3,-1,-1,-1,-1,-1,-1,45846,47104,48325,0,49461,48438,2000,2000,2000,0,2000,2000,64154,62896,61675,110000,60539,61562,229174,0
470000,2,4,2,-1,-1,-1,-1,-1,-1,491428,488642,485382,360959,338592,123737,300000,15937,11891,120000,6380,250000,-21428,-18642,-15382,109041,131408,346263,1584532,1
200000,2,1,3,-1,-1,-1,-1,-2,-2,748,49007,11095,0,0,0,49007,11095,0,0,0,53025,199252,150993,188905,200000,200000,200000,-52277,0
130000,1,2,2,-1,-1,-1,-1,-1,-1,16757,21481,22389,22535,24236,20246,5000,1598,744,2000,744,3000,113243,108519,107611,107465,105764,109754,114558,0
80000,1,1,3,-1,-1,-1,-1,-1,-1,78861,77719,45961,29537,29758,30153,2435,1463,1039,1068,1267,1000,1139,2281,34039,50463,50242,49847,283717,0
120000,2,2,2,1,-2,-2,-2,-2,-2,0,0,0,0,0,0,0,0,0,0,0,0,120000,120000,120000,120000,120000,120000,0,0
180000,1,2,1,-1,-1,-1,-1,-1,-1,29735,24414,18300,16908,37319,34978,19000,5000,10009,22000,20000,15000,150265,155586,161700,163092,142681,145022,70645,0
400000,2,1,3,-1,-1,-1,-1,-1,-1,286710,280752,284624,237176,211342,208432,11011,9816,8000,7824,8700,6500,113290,119248,115376,162824,188658,191568,1457185,0
150000,3,1,3,-1,-1,-1,-1,-1,-1,150797,52509,50683,46602,40599,37192,3008,2014,1599,2014,2018,1041,-797,97491,99317,103398,109401,112808,366688,0
640000,3,4,2,-1,-1,-1,-1,-1,-1,105423,133637,118372,33929,79807,19552,51644,30291,41,70128,19576,194014,534577,506363,521628,606071,560193,620448,125026,0
500000,1,1,2,1,1,1,1,-1,-1,48169,53197,63010,64178,64992,50722,20000,20012,10036,15000,10000,50000,451831,446803,436990,435822,435008,449278,219220,0
70000,1,4,1,1,2,2,2,2,2,28106,30447,29659,31767,31124,35511,3100,0,2600,0,5100,1400,41894,39553,40341,38233,38876,34489,174414,1
100000,1,4,1,-1,3,2,-1,-1,-1,1331,1326,652,326,326,476,0,0,326,326,476,326,98669,98674,99348,99674,99674,99524,2983,0
80000,3,2,3,-2,-2,-2,-2,-2,-2,0,0,0,0,0,0,0,0,0,0,0,0,80000,80000,80000,80000,80000,80000,0,0
120000,2,2,2,-1,-1,-1,-1,-1,-1,84094,85804,86212,87003,88833,92348,3081,4001,3114,3232,5000,4000,35906,34196,33788,32997,31167,27652,501866,0
210000,1,4,2,-1,-1,-1,-1,-1,-1,40167,41518,43023,44005,45294,46387,2000,2500,2000,2000,2000,2000,169833,168482,166977,165995,164706,163613,247894,0
50000,1,4,1,-1,-1,2,-1,-1,-2,13572,17983,15590,10610,0,0,5000,200,10610,0,0,0,36428,32017,34410,39390,50000,50000,41945,0
50000,2,2,3,-1,-1,-1,-1,-1,-1,46188,14082,15021,7696,7872,8028,1261,1200,300,300,287,297,3812,35918,34979,42304,42128,41972,95242,0
260000,2,1,2,-2,-1,-1,-1,-2,-2,-48,4001,5975,0,0,0,4261,6000,0,0,0,0,260048,255999,254025,260000,260000,260000,-333,0
20000,2,2,1,1,-2,-2,-1,-1,-1,-50,-440,-830,780,780,0,0,0,2000,0,0,0,20050,20440,20830,19220,19220,20000,-1760,0
30000,2,1,3,2,2,-1,-1,-1,-1,38001,34416,32515,28499,29133,29988,0,1634,796,865,1143,0,-8001,-4416,-2515,1501,867,12,188114,0
310000,2,2,1,-1,-1,-1,-1,-1,-1,182202,162547,140911,111881,78759,78877,5118,3758,3901,2206,3089,3023,127798,147453,169089,198119,231241,231123,734082,0
100000,1,2,2,-1,-1,-1,-1,-1,-1,43128,6164,3775,22690,21288,9289,6200,3775,22690,0,0,62588,56872,93836,96225,77310,78712,90711,11081,0
300000,1,2,2,-2,-2,-2,-2,-2,-2,390,0,0,0,0,0,0,0,0,0,0,1100,299610,300000,300000,300000,300000,300000,-710,0
30000,3,1,3,-1,-1,2,-1,-1,-2,27609,30791,29913,30461,0,0,3630,0,1300,0,0,0,2391,-791,87,-461,30000,30000,113844,0
320000,2,2,2,-1,-1,-1,-1,-1,-1,173742,167837,100407,88717,179,-336,8100,6000,7000,2,0,2003,146258,152163,219593,231283,319821,320336,507441,0
120000,1,4,2,-1,-1,-1,-1,-1,-1,81878,83429,77262,78783,75252,77090,3014,5000,5000,2726,4000,3000,38122,36571,42738,41217,44748,42910,450954,0
80000,2,2,1,-1,-1,-1,-1,-1,2,26170,25215,26189,26801,28593,26020,1414,1388,1000,2180,0,929,53830,54785,53811,53199,51407,53980,152077,1
20000,3,1,4,2,2,2,-1,-1,-1,15089,17037,17457,17868,18428,19120,2200,1000,1000,1000,1000,900,4911,2963,2543,2132,1572,880,97899,1
380000,1,1,4,-2,-2,-2,-2,-2,-2,360,360,360,720,360,360,360,360,720,0,360,360,379640,379640,379640,379280,379640,379640,360,0
180000,1,4,2,-1,-1,-1,-1,-1,-1,173094,131039,132269,144990,152632,155935,7000,4900,15000,10000,6000,6500,6906,48961,47731,35010,27368,24065,840559,0
50000,2,2,1,-1,-1,-1,-2,-2,-2,26380,26439,-200,-200,-200,-200,1000,0,0,0,0,0,23620,23561,50200,50200,50200,50200,51019,0
280000,1,2,2,-2,-2,-2,-2,-2,-2,0,0,0,0,0,0,0,0,0,0,0,0,280000,280000,280000,280000,280000,280000,0,0
30000,3,4,3,-1,-1,-1,-1,-1,-1,25262,24365,5160,6160,5780,4790,1518,1000,1000,0,1000,0,4738,5635,24840,23840,24220,25210,66999,0
100000,2,2,1,2,-1,-1,-2,-2,-1,97614,50976,-212,-212,-212,138,3000,0,0,0,500,500,2386,49024,100212,100212,100212,99862,144092,1
30000,1,2,3,-1,-1,-1,-1,-1,2,27990,27632,27992,16065,930,780,1850,4700,1000,930,0,0,2010,2368,2008,13935,29070,29220,92909,0
160000,2,4,2,-1,-1,-1,-1,-1,-1,124178,118255,111807,107418,90471,86363,4507,4000,3500,3300,3500,3000,35822,41745,48193,52582,69529,73637,616685,0
210000,1,1,3,-1,-1,-1,-1,-1,-1,2295,6072,8319,5330,1586,4920,6090,8369,5346,1590,4934,3568,207705,203928,201681,204670,208414,205080,-1375,0
10000,1,2,2,-1,-1,-1,-1,-1,-1,7930,7718,8518,8950,9795,3274,1200,1000,1000,1000,59,0,2070,2282,1482,1050,205,6726,41926,0
420000,2,4,2,-1,-1,-1,-1,-1,-1,3581,16629,33433,28468,35669,23317,16647,33595,16000,36625,23317,23983,416419,403371,386567,391532,384331,396683,-9070,0
400000,1,2,2,-2,-1,-1,-1,-1,-1,-151,27952,47213,121013,87332,106519,78130,20000,93000,30000,20000,12014,400151,372048,352787,278987,312668,293481,136734,0
70000,1,4,1,-1,-1,-1,-1,-1,-1,62870,63992,64720,66031,67459,69171,2134,1600,1587,1700,2000,1900,7130,6008,5280,3969,2541,829,383322,0
110000,2,2,2,-1,-1,-1,-1,-1,-1,61050,62663,62425,59118,49449,38047,2600,2100,2000,2000,1500,1000,48950,47337,47575,50882,60551,71953,321552,0
300000,1,1,4,-1,-1,-2,-2,-2,-2,234589,0,0,0,0,0,0,0,0,0,0,0,65411,300000,300000,300000,300000,300000,234589,0
120000,1,4,1,-1,-1,-1,-1,-1,-1,22027,51757,113157,106767,30237,-1280,35000,100000,0,0,0,2750,97973,68243,6843,13233,89763,121280,184915,0
180000,1,2,1,-1,-1,-1,-1,-1,-1,13895,14385,13190,17676,14792,11210,5000,3000,8700,1500,600,4000,166105,165615,166810,162324,165208,168790,62348,0
400000,1,1,3,-1,-1,-1,-1,-1,-1,31864,34538,31648,127340,129411,128796,4237,4000,100000,5000,4183,3613,368136,365462,368352,272660,270589,271204,362564,0
100000,1,1,3,-1,-1,-1,-1,-1,-1,37222,38628,39982,40914,42053,43151,2000,2000,1600,1800,1800,1700,62778,61372,60018,59086,57947,56849,231050,0
220000,2,2,2,-2,-2,-2,-2,-2,-1,183718,172250,175771,180794,184650,167856,6243,6376,7942,8270,170000,6002,36282,47750,44229,39206,35350,52144,860206,1
220000,2,2,3,-1,-1,-1,-1,-1,-1,316,316,316,956,1087,316,316,316,956,1087,316,4342,219684,219684,219684,219044,218913,219684,-4026,0
140000,2,2,1,-1,-1,-1,-1,-1,-1,126771,132730,124689,105447,106704,97725,10000,5000,5000,5000,5000,5000,13229,7270,15311,34553,33296,42275,659066,0
90000,2,2,4,-1,-1,-1,-1,-1,-1,112577,105189,97048,88247,88564,90145,4000,3330,3087,3162,4496,4003,-22577,-15189,-7048,1753,1436,-145,559692,1
30000,1,4,1,-1,-1,-1,-1,-1,-1,29292,28809,30005,30452,29197,29381,1804,2000,1200,1600,1211,1165,708,1191,-5,-452,803,619,168156,0
240000,1,4,1,-1,-1,-1,-1,-1,-2,2276,3188,454,2500,0,0,1000,454,2500,0,0,0,237724,236812,239546,237500,240000,240000,4464,0
110000,1,2,2,-1,-1,2,2,-1,-1,106658,111694,112131,108106,109798,107372,10800,3808,0,4000,5000,5000,3342,-1694,-2131,1894,202,2628,627151,0
60000,1,4,1,2,2,2,2,2,3,37356,41624,40655,43974,46625,45590,5200,0,4000,3500,0,0,22644,18376,19345,16026,13375,14410,243124,1
20000,2,2,1,1,5,4,3,2,-1,13242,12762,12276,11790,11460,14090,0,0,0,0,3000,5000,6758,7238,7724,8210,8540,5910,67620,1
180000,2,1,4,-1,-1,-1,-1,-1,-1,173481,176308,179878,182005,175016,178293,7900,8000,7000,6565,6800,6100,6519,3692,122,-2005,4984,1707,1022616,1
130000,2,4,1,-1,-1,-1,-1,-1,-1,84133,84458,62441,48175,29874,15525,2758,2741,2175,1874,1525,0,45867,45542,67559,81825,100126,114475,313533,0
130000,3,2,2,-1,-1,-1,-1,-1,-1,42553,43606,44577,45013,45695,46283,1740,1711,1587,1823,1956,1125,87447,86394,85423,84987,84305,83717,257785,0
70000,1,2,1,2,-1,-1,-1,-1,-1,50587,51329,48122,43912,44834,45737,2214,3510,1720,1780,1800,1900,19413,18671,21878,26088,25166,24263,271597,0
10000,2,1,3,-1,2,-1,-1,2,2,9860,9169,9055,9908,9611,10059,0,1200,1000,0,1000,0,140,831,945,92,389,-59,54462,1
50000,1,4,1,-2,-2,-2,-2,-2,-2,894,1020,0,0,0,0,1020,0,0,0,0,0,49106,48980,50000,50000,50000,50000,894,0
190000,1,2,2,-1,3,2,-1,-1,-1,8121,6523,750,14724,919,-3899,0,0,14724,0,0,25000,181879,183477,189250,175276,189081,193899,-12586,0
60000,2,2,2,-1,-1,-1,-1,-1,-1,59219,58852,54811,39960,40133,37607,3083,1857,1289,1615,1484,2500,781,1148,5189,20040,19867,22393,278754,0
20000,1,2,1,1,2,2,-1,-1,-1,17147,19557,18935,19005,17862,20393,3000,0,653,900,3000,27,2853,443,1065,995,2138,-393,105319,1
80000,2,4,3,2,2,2,2,2,2,73981,76489,77611,78683,80315,81887,9625,3000,2900,3000,3000,0,6019,3511,2389,1317,-315,-1887,447441,1
500000,1,2,4,-1,-1,-1,-1,-1,-1,5255,86992,37272,24445,77828,61029,86992,37272,0,65428,1221,21984,494745,413008,462728,475555,422172,438971,79924,0
220000,3,1,4,1,-2,-2,-2,-2,-2,-4300,-4300,-4620,-4620,-5820,-5820,0,0,0,0,0,0,224300,224300,224620,224620,225820,225820,-29480,0
230000,2,2,2,-2,-2,-2,-2,-2,-2,3786,2894,1200,2735,3231,909,2914,1406,2735,3241,913,0,226214,227106,228800,227265,226769,229091,3546,0
20000,2,2,1,2,2,2,2,2,-1,15522,16469,15907,17140,16724,18438,1500,0,1500,0,2000,1500,4478,3531,4093,2860,3276,1562,93700,0
50000,2,2,2,-1,-1,-1,-1,-1,-1,48803,48808,20131,19940,390,540,1487,1200,399,390,540,390,1197,1192,29869,30060,49610,49460,134206,1
120000,1,4,1,-1,-1,-1,-1,-1,-1,110488,107488,97021,86283,87345,81666,4000,5000,3000,3300,3010,3000,9512,12512,22979,33717,32655,38334,548981,0
130000,2,4,2,-1,-1,-1,-1,2,-1,99593,100415,103618,107525,104042,100190,4050,5600,7800,0,3900,3100,30407,29585,26382,22475,25958,29810,590933,1
230000,1,4,1,2,-1,-1,-1,-1,-1,363,363,363,372,1971,2566,363,363,372,1971,1000,865,229637,229637,229637,229628,228029,227434,1064,0
350000,1,2,2,-1,-1,-1,-1,-1,-1,92134,120340,142794,101923,103119,84834,30000,25000,5000,5000,4000,5000,257866,229660,207206,248077,246881,265166,571144,0
300000,1,4,2,-2,-2,-2,-2,-2,-2,13548,13097,3025,4128,1726,-587,2060,2004,2003,1726,692,116422,286452,286903,296975,295872,298274,300587,-89970,0
70000,2,4,4,-1,-1,-1,-1,-1,-1,67572,58969,57625,45675,46236,46758,2124,2311,1622,1674,1677,1697,2428,11031,12375,24325,23764,23242,311730,0
280000,1,2,2,-1,-1,-1,-1,-1,-1,281604,283292,281327,189287,185398,184414,10000,10059,5201,5211,5500,5500,-1604,-3292,-1327,90713,94602,95586,1363851,0
60000,2,2,1,-1,-1,-1,-1,-1,-1,20636,21367,22334,22426,22240,25378,1369,1336,927,801,4000,5000,39364,38633,37666,37574,37760,34622,120948,1
310000,2,2,3,-1,-1,-1,-1,-1,-1,169749,172685,176630,180315,184072,188194,7000,6630,6379,6586,7086,7522,140251,137315,133370,129685,125928,121806,1030442,1
290000,3,2,2,-1,-1,-1,-1,-1,-1,5451,6230,140802,143354,146225,148820,1200,135000,5200,5500,5500,5400,284549,283770,149198,146646,143775,141180,433082,1
180000,1,1,2,1,2,2,2,2,2,133424,134835,131176,139976,138325,146136,5000,0,11000,700,10300,0,46576,45165,48824,40024,41675,33864,796872,1
340000,1,4,3,1,-2,-2,-2,-2,-2,-212,-212,-212,-212,-212,-212,0,0,0,0,0,154,340212,340212,340212,340212,340212,340212,-1426,0
360000,1,4,1,-2,-2,-2,-2,-2,-2,5041,7485,4480,3260,3884,4352,2500,7740,3260,3884,4352,4509,354959,352515,355520,356740,356116,355648,2257,0
180000,1,2,2,-1,-1,-1,-1,-1,-1,996,1999,2216,2301,2364,2286,1503,1400,250,228,106,1601,179004,178001,177784,177699,177636,177714,7074,1
30000,3,2,3,-1,-1,-1,-1,-1,-1,25615,26950,27899,29614,30127,29646,1751,1700,2500,1000,2000,4034,4385,3050,2101,386,-127,354,156866,0
100000,1,2,2,-1,-1,-1,-1,-1,-1,26127,26608,24689,25699,26809,25836,2000,2000,1700,1500,1500,1700,73873,73392,75311,74301,73191,74164,145368,0
180000,2,1,3,-1,-1,-1,-1,-1,-1,87815,79072,59852,60761,62425,63982,3800,3000,2500,2800,3000,2000,92185,100928,120148,119239,117575,116018,396807,0
210000,1,4,2,2,2,2,2,-1,-1,131297,128743,129104,125887,112439,104537,9735,4000,0,4000,3850,12203,78703,81257,80896,84113,97561,105463,698219,1
180000,2,2,2,-1,-1,-1,-1,-1,-1,111190,113912,116231,117803,120350,124190,6000,5700,5000,4600,6000,3500,68810,66088,63769,62197,59650,55810,672876,0
60000,3,6,3,-1,-1,2,2,-1,-1,53116,55950,54439,-561,20115,20000,3689,0,0,20907,400,0,6884,4050,5561,60561,39885,40000,178063,0
500000,1,2,2,-1,-1,-1,-1,-1,-1,192257,201402,444462,418237,424244,383145,40000,300018,15000,17000,15000,11100,307743,298598,55538,81763,75756,116855,1665629,0
200000,2,2,2,-1,-1,-1,-1,-1,-1,5766,6786,7796,8512,10205,11032,1274,1284,1000,2000,1000,574,194234,193214,192204,191488,189795,188968,42965,0
610000,2,2,2,-1,-1,-1,-1,-1,-1,145143,136334,103624,101044,106356,92459,5002,5000,4006,10000,7000,5000,464857,473666,506376,508956,503644,517541,648952,0
50000,2,2,1,-1,-1,-1,-1,-1,-1,47373,48076,23459,16175,17753,18302,2000,2083,2000,2000,1000,1000,2627,1924,26541,33825,32247,31698,161055,0
80000,4,4,1,-1,-1,-1,-2,-1,-1,6643,9400,0,0,11457,6709,3000,0,0,45568,3000,3001,73357,70600,80000,80000,68543,73291,-20360,0
210000,1,2,2,-1,-1,-1,-1,-1,-1,103310,111472,79503,75528,72567,69502,107651,2861,2388,3000,3000,2500,106690,98528,130497,134472,137433,140498,390482,0
50000,1,2,4,1,2,-1,-1,-1,-1,52108,50445,42652,9965,9720,9951,52,2176,334,336,375,1000,-2108,-445,7348,40035,40280,40049,170568,0
360000,1,1,4,-1,-1,-1,-1,-1,-1,5619,14822,43000,4650,12132,13953,15008,43065,4650,12132,13953,2200,354381,345178,317000,355350,347868,346047,3168,0
240000,2,2,2,-2,-2,-1,-1,-1,-1,53812,2000,2396,4657,2452,2418,2010,2613,5076,2464,2428,4170,186188,238000,237604,235343,237548,237582,48974,0
20000,3,1,4,-1,-1,-1,-1,2,-1,10847,12176,12884,13784,13420,13686,1508,1216,1116,0,490,658,9153,7824,7116,6216,6580,6314,71809,0
10000,1,2,1,-1,-1,-1,-1,-1,-1,2946,0,390,390,390,0,0,390,390,390,0,780,7054,10000,9610,9610,9610,10000,2166,1
30000,2,4,1,2,-1,-1,-1,-1,-1,30558,30363,29077,30029,26366,28916,1500,1600,1500,1000,3000,0,-558,-363,923,-29,3634,1084,166709,1
360000,4,2,2,-1,-1,-1,-1,-1,-1,40250,23022,12272,34345,36777,30,23000,12280,25007,25008,1767,3300,319750,336978,347728,325655,323223,359970,56334,0
260000,1,2,1,-1,-1,-1,-1,-1,-1,52079,52083,46703,47500,45030,48249,6000,5000,5000,4000,5000,5000,207921,207917,213297,212500,214970,211751,261644,0
100000,2,1,4,-1,-1,-1,-1,-1,-1,64358,64956,66816,36448,37481,37684,2416,3000,1500,2000,1360,1500,35642,35044,33184,63552,62519,62316,295967,0
500000,2,2,3,-1,-1,-1,-1,-1,-2,2231,-9,2312,2928,0,0,0,2321,2928,0,0,0,497769,500009,497688,497072,500000,500000,2213,0
70000,3,4,3,-1,-1,-1,-1,-1,-1,69470,70279,70207,30348,28320,28704,3085,2808,2455,1337,2000,882,530,-279,-207,39652,41680,41296,284761,0
200000,1,2,2,-2,-2,-2,-1,2,-1,26344,0,0,320,170,2865,0,0,329,0,2865,801,173656,200000,200000,199680,199830,197135,25704,0
230000,4,4,3,-1,-1,-1,-1,-1,-1,144407,146277,149338,152555,155934,159332,5400,5500,5700,6000,6000,6000,85593,83723,80662,77445,74066,70668,873243,0
200000,2,2,2,-1,-1,-2,-1,-1,-1,2989,0,0,2989,9059,52248,0,0,2989,9059,52546,10380,197011,200000,200000,197011,190941,147752,-7689,0
110000,2,1,2,2,2,2,-1,-1,2,96898,96071,93321,94034,99531,96614,4826,5,4000,7300,0,4000,13102,13929,16679,15966,10469,13386,556338,1
260000,1,4,2,-1,-1,-1,-1,-1,-1,6818,8040,11736,10190,18122,0,1340,4036,204,8122,0,200,253182,251960,248264,249810,241878,260000,41004,0
50000,3,6,4,-1,-1,-1,-1,-1,2,390,390,911,1080,930,390,390,911,559,390,0,390,49610,49610,49089,48920,49070,49610,1451,0
50000,2,2,3,-1,-1,-1,-1,-1,-1,49120,50823,49844,20239,20241,19921,2504,1590,701,803,1000,671,880,-823,156,29761,29759,30079,202919,0
80000,2,2,1,-1,-1,2,-1,-1,-2,25992,904,68,232,-604,-440,1000,0,1000,0,1000,0,54008,79096,79932,79768,80604,80440,23152,0
260000,1,2,1,-1,-1,-1,-1,-1,-1,7168,4495,4032,2104,2650,3472,4497,4035,2111,2653,4054,5014,252832,255505,255968,257896,257350,256528,1557,0
80000,1,2,2,-1,-1,-1,-1,-1,-1,48783,42692,34593,38808,40942,40854,5000,3000,5000,5000,3000,2000,31217,37308,45407,41192,39058,39146,223672,0
80000,1,4,1,-1,-1,-1,-1,-1,-1,48164,49388,51760,52650,55477,55020,2000,3305,3000,7767,7007,5000,31836,30612,28240,27350,24523,24980,284380,0
200000,4,2,2,-1,-1,-1,-1,-1,-1,2353,2957,738,4152,2866,1414,3011,747,4164,2874,1418,2148,197647,197043,199262,195848,197134,198586,118,0
370000,2,4,1,4,3,2,-1,-1,-1,390509,382898,365461,304436,311426,275628,0,0,10019,11000,10000,10000,-20509,-12898,4539,65564,58574,94372,1989339,1
60000,1,2,3,2,2,2,2,2,2,46806,47758,48669,49559,50608,51426,2000,2000,2000,2000,1806,2300,13194,12242,11331,10441,9392,8574,282720,1
260000,1,2,1,1,2,-1,-1,-1,-2,56536,23827,29423,37900,-3400,-4000,778,29423,10000,0,0,24450,203464,236173,230577,222100,263400,264000,75635,0
30000,2,2,2,3,2,2,-1,-1,-1,13461,14179,13654,13979,15525,0,1228,0,553,1825,0,0,16539,15821,16346,16021,14475,30000,67192,1
120000,2,2,2,1,2,2,2,2,2,60316,61763,63154,64524,66345,68104,3000,3000,3000,3000,3000,0,59684,58237,56846,55476,53655,51896,369206,1
130000,3,4,2,-1,-1,-1,2,-1,-1,133825,134495,133745,130814,130758,123468,7500,10000,0,4500,4500,4179,-3825,-4495,-3745,-814,-758,6532,756426,0
160000,3,2,2,-2,-2,-2,-2,-2,-2,0,0,0,0,0,0,0,0,0,0,0,0,160000,160000,160000,160000,160000,160000,0,0
230000,2,4,2,-1,-1,-1,-1,-1,-1,5070,4317,1421,10452,5978,62292,4317,1421,10452,700,57229,2500,224930,225683,228579,219548,224022,167708,12911,0
300000,1,4,1,-1,-1,-1,-1,-1,-1,293554,291421,3760,3359,10670,2969,7877,5016,5008,10032,2977,11875,6446,8579,296240,296641,289330,297031,562948,0
180000,2,4,1,-2,-1,-1,-1,-1,-1,4000,6028,6028,3996,9062,3997,6028,6028,3996,9066,3997,6992,176000,173972,173972,176004,170938,176003,-2996,0
80000,2,4,1,1,-2,-2,-1,-1,-1,0,159,0,110,-390,1104,159,0,110,390,1884,0,80000,79841,80000,79890,80390,78896,-1560,1
180000,4,2,2,-1,-1,-1,-1,-1,-1,107337,101268,101754,15147,2187,7382,3735,2231,15147,2187,7382,850,72663,78732,78246,164853,177813,172618,303543,0
50000,2,2,1,3,2,-1,-1,-1,-1,50516,22781,25064,12927,18691,19291,9,1210,1000,6000,1060,780,-516,27219,24936,37073,31309,30709,139211,1
10000,2,1,5,-2,-2,-2,-2,-2,-2,2778,1939,2038,1938,0,0,1939,2040,1938,0,0,0,7222,8061,7962,8062,10000,10000,2776,0
50000,2,2,3,-1,-1,-1,-1,-1,-1,1540,26060,0,2650,3320,2764,26060,0,3472,2320,1764,2841,48460,23940,50000,47350,46680,47236,-123,0
90000,1,2,2,1,2,-1,-1,-1,-1,8318,6111,33212,8978,1782,23173,39,33500,0,0,25000,0,81682,83889,56788,81022,88218,66827,23035,0
30000,3,4,1,2,-1,-1,2,2,2,23136,24205,28318,28755,29442,30003,1744,4857,1200,1300,1200,1100,6864,5795,1682,1245,558,-3,152458,1
180000,1,1,2,-1,-1,-1,-1,-1,-1,181302,181271,180439,182958,181287,179734,6747,6573,6506,6581,6801,6100,-1302,-1271,-439,-2958,-1287,266,1047683,0
150000,2,2,2,-1,-1,-1,-1,-1,-1,140133,140414,141314,141000,142358,143358,6601,6501,5201,5501,5282,5200,9867,9586,8686,9000,7642,6642,814291,0
590000,1,1,5,-1,-1,-1,-1,-1,-1,630458,646770,693131,324522,358774,369685,28000,61115,325000,40000,20000,51000,-40458,-56770,-103131,265478,231226,220315,2498225,0
60000,2,1,2,-1,-1,-1,-1,-1,-1,59929,35338,22856,22122,19531,16594,2110,2000,200,467,500,4100,71,24662,37144,37878,40469,43406,166993,0
100000,2,2,1,2,-1,-1,3,2,-1,63004,66964,75856,74062,72756,76355,5000,10000,0,0,5000,5000,36996,33036,24144,25938,27244,23645,403997,1
20000,2,4,1,-2,-2,-2,-2,-2,-2,7666,6664,6598,6632,6666,6666,6664,6600,6700,6700,6666,6982,12334,13336,13402,13368,13334,13334,580,0
10000,1,2,1,2,2,2,-1,-1,2,6883,9108,8813,10066,10017,9705,2500,0,1400,1100,0,500,3117,892,1187,-66,-17,295,49092,1
300000,1,2,1,2,2,2,-1,-1,2,273138,279307,273333,277270,284915,286837,12000,0,10000,12180,10000,10817,26862,20693,26667,22730,15085,13163,1619803,1
260000,2,4,3,-1,-1,-1,-1,-1,-1,241565,244619,127074,14,124493,128463,13000,6500,0,124479,6000,6500,18435,15381,132926,259986,135507,131537,709749,0
160000,3,2,1,-1,-1,-1,-1,-1,-1,38660,38942,39787,40069,37647,38268,2500,1877,2000,3000,1400,5000,121340,121058,120213,119931,122353,121732,217596,0
260000,1,4,2,-2,-2,-2,-2,-2,-2,0,0,3210,0,0,2712,0,3210,0,0,2712,0,260000,260000,256790,260000,260000,257288,0,1
280000,1,4,1,-1,-1,-1,-1,-1,-1,2187,1461,53603,976,20825,1159,1469,53871,981,20929,1164,0,277813,278539,226397,279024,259175,278841,1797,0
260000,1,4,2,1,-1,-1,-1,-1,-1,-15,16596,1935,5365,0,294,16611,1935,5365,0,294,741,260015,243404,258065,254635,260000,259706,-771,0
240000,1,1,3,-2,-2,-2,-2,-2,-2,3645,9077,4234,7118,8187,8708,9088,4234,7118,8187,8708,9291,236355,230923,235766,232882,231813,231292,-5657,0
50000,2,6,3,-1,-1,-1,-1,-1,2,45681,14657,9677,8826,10177,9865,1209,1300,350,1500,0,300,4319,35343,40323,41174,39823,40135,94224,0
260000,2,4,3,1,-2,-2,-2,-2,-2,0,0,0,0,0,0,0,0,0,0,0,0,260000,260000,260000,260000,260000,260000,0,1
60000,2,4,1,2,2,2,-1,-1,2,60270,65005,63309,62369,64603,66584,5706,0,2250,5000,4800,0,-270,-5005,-3309,-2369,-4603,-6584,364384,1
130000,2,2,1,-1,-1,-1,-1,-1,-1,24579,23741,11666,11806,11081,11396,1187,1500,616,500,500,485,105421,106259,118334,118194,118919,118604,89481,0
140000,1,4,2,-1,-1,-1,-1,-1,-1,112936,117021,107837,96546,95489,97347,6000,5000,3400,3617,3600,3700,27064,22979,32163,43454,44511,42653,601859,0
20000,3,2,2,2,-1,-1,-1,-1,-1,18243,17557,19880,19471,16211,14365,1677,3000,590,687,524,235,1757,2443,120,529,3789,5635,99014,1
360000,1,4,2,1,-2,-2,-2,-2,-1,0,0,0,0,0,1392,0,0,0,0,1392,12884,360000,360000,360000,360000,360000,358608,-12884,0
220000,1,2,1,-1,-1,-1,-1,-1,-1,127021,132595,102667,108998,117186,121062,28500,5000,9604,10000,6000,14000,92979,87405,117333,111002,102814,98938,636425,0
500000,1,2,2,-1,-1,-1,-1,-1,-1,4331,60446,30592,154167,13410,25426,60446,30594,150843,163881,25426,39526,495669,439554,469408,345833,486590,474574,-182344,1
50000,3,3,4,-1,-1,-1,-1,-1,-1,50739,50142,18894,18512,16853,18401,1500,1500,1000,1000,2000,1000,-739,-142,31106,31488,33147,31599,165541,0
210000,1,4,1,-1,-1,-1,-1,-1,-1,262,3771,5474,69536,76188,72678,3771,5474,69536,10000,4000,2100,209738,206229,204526,140464,133812,137322,133028,0
200000,1,1,3,-1,-1,-1,-1,-1,-1,90930,94502,93559,95060,88930,-23670,5032,2263,1901,1779,0,0,109070,105498,106441,104940,111070,223670,428336,0
370000,1,2,1,-1,-1,-1,-1,-1,-1,87313,90345,37554,7628,1026,1422,5000,6000,2000,1000,1422,3600,282687,279655,332446,362372,368974,368578,206266,0
200000,2,2,1,1,2,2,2,2,2,112050,115353,112099,118764,120780,123710,6501,0,10000,4001,5000,0,87950,84647,87901,81236,79220,76290,677254,0
260000,1,1,4,1,-2,-2,-2,-2,-2,-200,-200,-200,6682,1718,1512,0,0,6882,1734,1512,0,260200,260200,260200,253318,258282,258488,-816,0
50000,1,4,1,-1,-1,-1,-1,-1,-1,15512,2552,13890,2545,15688,3088,2552,13914,2545,16508,3088,0,34488,47448,36110,47455,34312,46912,14668,0
260000,1,4,2,-1,-1,-1,-1,-1,-1,18460,20321,22643,20864,25604,28748,3000,3000,2000,5634,3748,1000,241540,239679,237357,239136,234396,231252,118258,0
230000,3,4,3,-1,-1,-1,-1,-1,-1,2781,12515,3090,1879,30467,4460,12540,3099,1884,30468,4473,5635,227219,217485,226910,228121,199533,225540,-2907,0
20000,2,2,1,1,-2,-2,-2,-2,-2,0,0,0,0,0,0,0,0,0,0,0,0,20000,20000,20000,20000,20000,20000,0,1
500000,2,2,2,-1,-1,-1,-1,-1,-1,3311,4254,2234,5404,2375,10078,4019,2019,5025,2011,10046,3017,496689,495746,497766,494596,497625,489922,1519,0
160000,2,2,4,-1,-1,-1,-1,-1,-1,1261,2261,1390,390,390,0,2261,1390,390,390,0,780,158739,157739,158610,159610,159610,160000,481,1
50000,2,2,1,-1,-1,2,-1,-1,-1,1552,2452,1878,1482,326,-70,2452,0,0,0,0,3000,48448,47548,48122,48518,49674,50070,2168,1
220000,2,2,2,2,-1,-1,-1,-1,-1,2345,2572,15,947,631,715,1007,16,1578,0,400,1,217655,217428,219985,219053,219369,219285,4223,1
150000,3,1,5,-1,-1,-1,-1,-1,-1,56852,58031,59202,60304,61650,0,2688,2730,2680,2850,0,0,93148,91969,90798,89696,88350,150000,285091,0
180000,1,4,2,-1,-1,-1,-1,-1,-1,11123,7883,16477,13207,73813,34935,7936,18207,0,22479,34935,5382,168877,172117,163523,166793,106187,145065,68499,0
80000,2,2,3,-1,-1,-2,-2,-2,-2,82150,0,0,0,0,0,0,0,0,0,0,0,-2150,80000,80000,80000,80000,80000,82150,1
50000,3,4,1,-1,-1,-1,2,2,2,41991,42736,45821,46767,45886,48701,1720,3805,2000,0,3581,0,8009,7264,4179,3233,4114,1299,260796,0
30000,2,4,1,1,2,2,-1,-1,-1,5231,6299,6052,6299,7190,7469,1300,0,500,1000,400,1500,24769,23701,23948,23701,22810,22531,33840,1
180000,2,4,2,-1,-1,-1,-1,-1,-1,176731,177490,178659,138243,138023,137923,6814,7756,4788,5100,5500,5100,3269,2510,1341,41757,41977,42077,912011,0
70000,3,1,5,-1,-1,-1,-1,-1,-1,62188,62848,56718,47191,45959,47635,3000,2200,1700,1700,2441,2000,7812,7152,13282,22809,24041,22365,309498,0
300000,1,4,2,-2,-2,-2,-2,-2,-2,0,0,0,0,0,0,0,0,0,0,0,0,300000,300000,300000,300000,300000,300000,0,1
640000,1,2,4,-2,-2,-2,-2,-2,-2,6482,8853,22238,9877,10110,23910,8853,22243,9877,10110,24616,5952,633518,631147,617762,630123,629890,616090,-181,0
60000,1,4,1,1,-2,-2,-1,-1,-1,0,0,0,619,39224,34881,0,0,619,39224,1500,1500,60000,60000,60000,59381,20776,25119,31881,0
120000,2,4,1,2,-1,-1,-1,-1,-1,67714,51385,35160,13425,8517,6174,2102,1021,274,3001,1004,4005,52286,68615,84840,106575,111483,113826,170968,1
280000,1,4,1,-1,-1,-1,-1,-1,-1,36382,2000,400,0,1398,4626,2000,400,0,1398,4626,0,243618,278000,279600,280000,278602,275374,36382,0
260000,1,4,2,-1,-1,-1,-1,-1,-1,8161,10086,12985,0,560,0,2000,3000,0,560,0,0,251839,249914,247015,260000,259440,260000,26232,0
50000,2,3,2,-1,-1,-1,-1,-1,-1,48538,49580,47557,20914,19646,20332,3000,3006,1500,701,1000,1000,1462,420,2443,29086,30354,29668,196360,0
70000,2,2,3,1,2,-1,-1,2,2,64586,62983,64885,68164,66948,71122,0,2950,4965,0,5289,0,5414,7017,5115,1836,3052,-1122,385484,0
50000,1,2,2,-1,-1,-1,-1,-1,-1,390,770,580,1380,0,390,770,590,1400,0,390,390,49610,49230,49420,48620,50000,49610,-30,1
470000,1,1,3,2,-1,-1,-1,-1,-1,241153,204223,151253,138087,109094,106004,10000,5214,4500,5000,4200,5000,228847,265777,318747,331913,360906,363996,915900,1
320000,1,2,3,-2,-2,-2,-2,-2,-2,56093,0,0,0,12974,0,0,0,0,12974,0,5616,263907,320000,320000,320000,307026,320000,50477,0
50000,3,4,1,-1,-1,-1,-1,-1,-1,49385,49527,29550,29894,30125,30192,1500,1467,1201,1236,1103,1042,615,473,20450,20106,19875,19808,211124,0
230000,3,2,2,-2,-2,-2,-2,-2,-2,0,0,0,0,0,0,0,0,0,0,0,0,230000,230000,230000,230000,230000,230000,0,0
140000,2,4,1,-1,-1,-1,-1,-1,-1,43030,44335,45351,46317,55506,56609,2000,1755,1721,10000,2028,3000,96970,95665,94649,93683,84494,83391,270644,0
50000,2,2,1,-1,-1,2,-1,-1,-1,6302,7993,8506,8716,8926,9128,1800,800,500,500,500,400,43698,42007,41494,41284,41074,40872,45071,1
450000,1,4,3,1,-2,-2,-2,-1,-1,0,0,0,0,4595,198,0,0,0,4595,198,5095,450000,450000,450000,450000,445405,449802,-5095,0
500000,2,1,3,-1,-1,-1,-1,-1,-1,371,3523,483,12988,92539,94292,3540,485,13052,92539,3160,1910,499629,496477,499517,487012,407461,405708,89510,0
20000,2,2,2,-1,-1,-2,-1,-1,-1,15960,0,-1953,5985,6893,8273,0,18047,7985,1000,2000,0,4040,20000,21953,14015,13107,11727,6126,0
230000,1,1,2,-1,-1,-1,-1,-1,-1,1902,2161,1144,1346,1024,-4,2170,1149,1352,1029,0,654,228098,227839,228856,228654,228976,230004,1219,0
50000,2,2,1,1,3,3,2,2,-1,53890,54084,52026,51899,50836,47828,2200,0,1800,105,2300,1600,-3890,-4084,-2026,-1899,-836,2172,302558,0
300000,2,1,2,-1,-1,-1,-1,-1,-1,12793,14185,12970,14786,12794,14180,14212,12985,14816,12808,14201,14109,287207,285815,287030,285214,287206,285820,-1423,0
100000,3,2,2,2,2,2,2,2,2,92675,92857,80748,80708,75366,76590,3445,709,6077,2805,2906,0,7325,7143,19252,19292,24634,23410,483002,0
30000,2,2,1,-1,-1,-1,-1,-1,-1,29063,28601,28503,27525,27630,0,1908,1200,2,835,0,0,937,1399,1497,2475,2370,30000,137377,0
400000,2,1,3,-1,-1,-1,-1,-1,-1,6389,59407,26616,15333,9995,4175,59570,1105,10021,51,4735,1733,393611,340593,373384,384667,390005,395825,44700,0
170000,1,2,2,-1,2,2,-1,-1,-1,998,998,0,499,724,390,0,0,499,724,390,424,169002,169002,170000,169501,169276,169610,1572,0
340000,3,4,4,-1,-1,-1,-1,-1,-1,49467,50551,53490,104477,54351,25346,1880,3819,2073,5264,2571,53860,290533,289449,286510,235523,285649,314654,268215,0
210000,2,2,2,-1,-1,-1,-1,-1,-1,44552,45831,46870,48089,49311,50296,2000,1800,2000,2000,1803,2000,165448,164169,163130,161911,160689,159704,273346,0
80000,2,2,2,-1,-1,-1,-1,-1,-1,1894,316,316,514,316,1605,316,316,514,316,1605,316,78106,79684,79684,79486,79684,78395,1578,1
20000,1,4,1,-1,-1,-1,-1,-1,-1,7795,4110,10269,5880,3330,4339,4112,10269,118,67,2000,2128,12205,15890,9731,14120,16670,15661,17029,0
300000,1,2,4,-1,-1,-1,-1,-2,-2,311,830,225,0,0,0,832,225,0,0,0,0,299689,299170,299775,300000,300000,300000,309,0
20000,3,2,3,-1,-1,-1,-1,-1,-1,6085,6607,2800,11052,10522,9150,1045,1028,11052,311,183,0,13915,13393,17200,8948,9478,10850,32597,1
50000,1,1,3,-1,-1,-1,-1,-1,-1,50657,50529,49162,19969,19893,20282,2015,2190,809,3012,5795,2001,-657,-529,838,30031,30107,29718,194670,0
60000,1,4,1,-1,-1,-1,-1,-1,2,3136,1286,1047,-239,1475,1289,1286,1047,0,3000,0,0,56864,58714,58953,60239,58525,58711,2661,0
60000,2,4,4,-1,-1,-1,-1,-1,2,59853,24975,26000,26545,30966,30330,1500,1450,965,4864,0,1001,147,35025,34000,33455,29034,29670,188889,0
50000,3,1,4,1,2,-1,-1,-1,-1,48091,47028,46672,28478,29074,29671,1,2213,1019,1055,1080,1245,1909,2972,3328,21522,20926,20329,222401,1
120000,2,4,1,1,2,2,2,2,2,52623,51208,57538,56019,60135,61298,0,7200,0,5200,2300,0,67377,68792,62462,63981,59865,58702,324121,0
20000,3,2,4,2,2,2,-1,-1,-1,5119,5546,6302,7193,8075,8938,1500,1000,1000,1000,1000,1000,14881,14454,13698,12807,11925,11062,34673,0
240000,2,2,3,-1,-1,-1,-1,-1,-1,326,326,326,326,326,326,326,326,326,326,326,326,239674,239674,239674,239674,239674,239674,0,0
420000,1,4,2,-2,-2,-2,-2,-2,-2,0,3363,13581,1024,7853,5562,3363,13591,1026,7853,5562,990,420000,416637,406419,418976,412147,414438,-1002,0
180000,1,4,1,1,-2,-2,-2,-2,-2,0,0,0,0,0,0,0,0,0,0,0,0,180000,180000,180000,180000,180000,180000,0,0
410000,3,4,1,2,2,2,2,-1,-1,407490,415276,384242,343283,320407,328827,16195,15282,15164,12005,15000,10507,2510,-5276,25758,66717,89593,81173,2115372,0
30000,1,2,3,-1,-1,-1,2,2,-1,16098,17130,18621,19017,18571,19264,1597,2088,1000,0,1001,380,13902,12870,11379,10983,11429,10736,102635,1
110000,2,2,1,2,-1,-1,-1,-1,-1,38449,38433,37038,38336,12907,13541,3000,1800,2000,600,1000,5000,71551,71567,72962,71664,97093,96459,165304,0
90000,1,2,2,-1,-1,-1,-1,-1,2,498,498,498,498,3482,2793,498,498,498,3482,0,483,89502,89502,89502,89502,86518,87207,2808,0
220000,1,1,3,-1,-1,-1,-1,-1,-1,30262,37068,14271,9884,4090,6108,37092,10071,9884,4090,6108,19933,189738,182932,205729,210116,215910,213892,14505,0
50000,3,2,4,2,-1,-1,-1,-1,-1,47349,46353,38081,16970,17695,18401,1892,2600,2000,1000,1000,1500,2651,3647,11919,33030,32305,31599,174857,1
30000,3,4,1,-1,-1,-1,-1,-1,-1,20741,21906,23183,13273,3027,3177,1500,1700,750,200,200,100,9259,8094,6817,16727,26973,26823,80857,0
520000,1,1,4,-1,-1,-1,-1,-1,-1,2292,5139,8290,35024,10881,7208,5227,8309,35026,10883,7310,4890,517708,514861,511710,484976,509119,512792,-2811,0
80000,3,2,2,2,2,2,2,2,2,48401,49326,50207,51081,52118,51129,2000,2000,2000,2001,0,4100,31599,30674,29793,28919,27882,28871,290161,0
20000,3,2,4,-1,-1,-2,-2,-2,-2,12066,0,0,0,0,0,0,0,0,0,0,0,7934,20000,20000,20000,20000,20000,12066,0
210000,1,4,1,-1,-1,-1,-1,2,-1,27371,871,871,2042,1021,1666,871,871,2042,0,1666,316,182629,209129,209129,207958,208979,208334,28076,0
100000,2,4,1,-1,-1,-1,-1,-1,-1,101557,101518,97664,70995,70183,71068,5000,4000,2700,2500,2800,2600,-1557,-1518,2336,29005,29817,28932,493385,0
320000,1,2,2,1,-2,-2,-1,-1,-1,0,0,0,1248,1479,0,0,0,1248,1479,0,0,320000,320000,320000,318752,318521,320000,0,0
500000,2,2,3,-1,-1,-1,-1,-1,-1,38034,39044,38458,39222,40043,40854,1632,1639,1403,1452,1475,1117,461966,460956,461542,460778,459957,459146,226937,0
20000,3,2,3,-1,-1,-1,-1,-1,2,16208,16942,18255,18468,19715,19250,1300,1600,813,1700,0,831,3792,3058,1745,1532,285,750,102594,0
10000,2,1,4,-1,-1,-1,-1,-1,-1,6827,7849,8704,8877,9063,9318,1290,1145,318,329,406,186,3173,2151,1296,1123,937,682,46964,0
310000,3,1,3,-1,-1,-1,-1,-1,-1,4323,650,10453,10115,600,1788,650,10453,202,1098,1788,200,305677,309350,299547,299885,309400,308212,13538,0
200000,1,4,2,-1,-1,-1,-1,-1,-1,11211,12329,11846,25920,8035,8521,12329,11846,25924,161,8521,5538,188789,187671,188154,174080,191965,191479,13543,0
180000,3,2,1,-2,-2,-2,-2,-2,-1,4358,3160,2611,8710,5127,8758,3169,2618,8736,5142,8766,15040,175642,176840,177389,171290,174873,171242,-10747,0
50000,2,1,2,-1,-1,-1,-1,-1,-1,37293,35441,26265,19526,13250,11250,1634,1420,391,300,500,0,12707,14559,23735,30474,36750,38750,138780,0
150000,2,4,3,-1,-1,-1,-1,-1,-1,2371,40800,1995,285,4926,5523,40824,2340,0,4970,5527,903,147629,109200,148005,149715,145074,144477,1336,0
500000,1,2,3,-1,-1,-1,-1,-1,-1,93669,101892,76452,20965,50466,61566,10147,5331,10000,30000,12000,10000,406331,398108,423548,479035,449534,438434,327532,0
230000,2,2,2,-1,-1,-1,-1,-1,-1,14529,16597,18968,21435,27151,26815,5500,3000,4000,8000,4000,5000,215471,213403,211032,208565,202849,203185,95995,1
20000,2,2,2,-1,-1,-1,-1,-1,-1,19845,18245,17658,16576,13529,10387,1694,1368,547,504,347,6000,155,1755,2342,3424,6471,9613,85780,0
190000,2,4,1,-1,-1,-1,-1,-1,-1,43072,43537,41016,40702,40676,27560,3768,3500,2500,4000,3000,3000,146928,146463,148984,149298,149324,162440,216795,0
20000,2,4,1,-1,-1,-1,-1,-1,-1,19043,20210,18091,19431,19478,17492,1500,1408,5000,1000,2000,5000,957,-210,1909,569,522,2508,97837,0
170000,3,1,4,-1,-1,-1,-1,-1,-1,55396,56493,55594,50417,45347,46247,8000,6000,1709,1645,1653,1725,114604,113507,114406,119583,124653,123753,288762,0
210000,2,4,3,-1,-1,-1,-1,-1,-1,180962,181870,159975,138349,112371,111979,6601,5085,4087,4220,27704,73000,29038,28130,50025,71651,97629,98021,764809,0
100000,2,1,3,2,2,2,2,3,2,59586,60842,61749,65130,63816,65011,2800,2500,5000,0,2400,2400,40414,39158,38251,34870,36184,34989,361034,1
260000,2,2,3,-1,-1,-1,-1,-1,2,50060,54213,49512,18657,33296,32622,5000,2655,800,15000,0,10000,209940,205787,210488,241343,226704,227378,204905,0
200000,2,4,1,-1,-1,-1,-1,-1,-1,22371,24569,28630,29962,30733,39192,2569,4500,1800,2000,9000,5000,177629,175431,171370,170038,169267,160808,150588,0
90000,2,3,3,-1,-1,-1,-1,-1,-1,106947,71111,25286,8773,3786,390,1965,5064,5007,3788,390,390,-16947,18889,64714,81227,86214,89610,199689,1
470000,1,2,2,-1,-1,-1,-1,-1,-1,270005,262579,248080,232961,217802,202092,9500,9000,8086,14700,7000,9000,199995,207421,221920,237039,252198,267908,1376233,0
270000,1,4,1,-1,-1,-1,-1,-1,2,153201,136157,115733,93359,55264,11292,5933,9851,4214,4300,0,1000,116799,133843,154267,176641,214736,258708,539708,0
100000,1,1,3,-1,-1,-1,2,2,2,63977,64854,69258,67546,71938,73605,2500,6100,0,5500,3000,0,36023,35146,30742,32454,28062,26395,394078,1
200000,1,4,3,1,-2,-2,-1,-1,-1,-433,-433,-433,8567,17363,0,0,0,9000,17363,0,0,200433,200433,200433,191433,182637,200000,-1732,0
70000,2,2,3,-1,-1,-1,-1,-1,-1,38173,38750,39493,39879,40314,40725,1957,1700,1408,1448,1456,1475,31827,31250,30507,30121,29686,29275,227890,0
200000,1,2,3,-1,-1,-1,-1,-1,-1,16204,7870,18041,4288,2270,467,7870,18090,4288,2270,467,18,183796,192130,181959,195712,197730,199533,16137,0
50000,2,2,2,-1,-1,-1,-1,-1,-1,52754,50393,25953,27350,19931,16845,3000,5000,3000,3002,3007,7000,-2754,-393,24047,22650,30069,33155,169217,0
90000,2,2,1,-1,-1,-1,-1,-1,-1,28329,28980,29564,29710,29700,0,1800,1774,920,1102,4014,0,61671,61020,60436,60290,60300,90000,136673,0
50000,2,2,2,-1,-1,-1,-1,-1,-1,48139,49364,50558,23921,24423,25059,2299,2493,856,887,1043,922,1861,636,-558,26079,25577,24941,212964,0
240000,1,2,2,-1,-1,-2,-2,-2,-2,317,0,0,0,0,0,0,0,0,0,0,0,239683,240000,240000,240000,240000,240000,317,0
140000,1,2,2,-1,-1,-1,-1,-1,-1,325,537,4233,857,325,325,537,4233,857,325,325,954,139675,139463,135767,139143,139675,139675,-629,0
120000,1,1,4,2,2,2,2,3,2,112593,112623,115258,119620,118928,121619,3300,6000,7800,1500,4800,0,7407,7377,4742,380,1072,-1619,677241,0
460000,2,1,5,1,-1,-1,-1,-1,-1,0,8602,0,880,1018,99,8602,0,880,1018,99,1922,460000,451398,460000,459120,458982,459901,-1922,0
170000,2,2,1,-1,-1,-1,-1,-1,-1,1906,3970,3406,1703,495,6616,4000,2703,0,495,6616,495,168094,166030,166594,168297,169505,163384,3787,0
500000,1,2,2,-1,-1,-1,-1,-1,-1,39823,61597,52210,27843,28926,11931,30006,23016,566,22323,11931,10683,460177,438403,447790,472157,471074,488069,123805,0
50000,2,1,4,-1,-1,-1,-1,-1,-1,31281,30832,20497,19465,18474,20096,2556,1582,811,700,2318,1101,18719,19168,29503,30535,31526,29904,131577,0
210000,1,4,1,1,-1,2,-1,-1,-2,-12,488,488,488,-260,-506,500,0,0,0,0,0,210012,209512,209512,209512,210260,210506,186,0
50000,1,2,1,-1,-1,-1,-1,-1,2,42509,43565,44530,40206,46538,47311,2041,2006,1632,7177,1701,0,7491,6435,5470,9794,3462,2689,250102,0
200000,2,2,3,-1,-1,-1,-1,-1,-1,326,645,586,600,485,0,645,586,600,485,0,0,199674,199355,199414,199400,199515,200000,326,0
20000,1,4,1,-1,-1,-1,-1,-1,-1,11030,5331,20985,6932,37345,28798,5331,20985,6932,37845,2000,11200,8970,14669,-985,13068,-17345,-8798,26128,0
80000,2,2,4,1,2,2,2,-1,-1,9715,9415,11254,10777,12096,13895,0,2000,0,1500,2000,0,70285,70585,68746,69223,67904,66105,61652,0
430000,2,1,2,1,-1,-1,-2,-2,-2,0,2500,0,0,0,0,2500,0,0,0,0,0,430000,427500,430000,430000,430000,430000,0,1
350000,1,4,3,3,2,2,2,2,2,314607,322032,327193,333278,340791,348006,14000,12000,13000,13000,13000,12200,35393,27968,22807,16722,9209,1994,1908707,1
50000,2,2,2,-1,-1,-1,-1,-1,-1,2738,8192,3595,900,6483,0,8199,3622,900,6483,0,0,47262,41808,46405,49100,43517,50000,2704,0
210000,3,2,4,-1,-1,-1,-1,-1,-1,217016,204418,204377,146575,144521,147938,8049,9000,6000,5500,5816,5500,-7016,5582,5623,63425,65479,62062,1024980,1
20000,2,2,4,-1,-1,-2,-1,-1,-2,780,0,-1500,780,0,0,0,0,2280,0,0,0,19220,20000,21500,19220,20000,20000,-2220,0
160000,2,4,1,-1,-1,-1,-1,-1,-1,36134,21827,421,421,2876,1949,21000,421,421,2876,1949,8090,123866,138173,159579,159579,157124,158051,28871,1
50000,3,2,3,2,-1,-1,2,2,-1,25706,25040,25376,23845,21691,20426,1434,2456,784,0,778,573,24294,24960,24624,26155,28309,29574,136059,1
50000,1,4,1,-1,-1,-1,-1,-1,-1,49982,49650,48321,30281,30380,28852,1963,1739,1033,1058,1041,1007,18,350,1679,19719,19620,21148,229625,0
30000,3,2,2,3,2,-1,-1,-1,2,30588,26860,21165,21281,22938,22422,0,1646,762,2000,0,647,-588,3140,8835,8719,7062,7578,140199,1
100000,1,2,1,2,2,2,2,2,-1,48186,48924,47837,51361,50417,51400,1800,0,4321,0,2400,0,51814,51076,52163,48639,49583,48600,289604,1
360000,2,2,1,-1,-1,-1,-1,-1,-1,35564,25173,10633,7217,7364,-7,2086,3017,144,147,0,763,324436,334827,349367,352783,352636,360007,79787,0
310000,2,2,2,-1,-1,-1,-1,-1,-1,4153,2199,5565,4050,4922,15362,1002,5565,4050,4922,15362,12000,305847,307801,304435,305950,305078,294638,-6650,0
50000,2,6,2,2,2,-1,-1,-1,-1,40087,38281,34519,33965,33273,31960,0,1466,1282,1293,1257,3013,9913,11719,15481,16035,16727,18040,203774,0
120000,2,2,2,-1,-1,-1,2,-1,-1,12006,13024,14795,14313,14762,14902,1171,1942,0,626,478,495,107994,106976,105205,105687,105238,105098,79090,0
30000,2,4,1,1,2,-1,-1,-1,2,16493,15545,16557,16857,18121,18375,0,1275,575,1539,700,0,13507,14455,13443,13143,11879,11625,97859,1
200000,2,4,2,-1,-1,-1,-1,-1,-1,193300,191254,176720,164729,162097,154016,6860,5870,5009,5543,6037,5002,6700,8746,23280,35271,37903,45984,1007795,0
20000,3,2,2,-1,-1,-1,-1,-1,-2,19716,20518,16551,1700,0,0,1547,1350,1700,0,0,0,284,-518,3449,18300,20000,20000,53888,0
50000,2,4,1,-1,-1,-1,2,-1,-1,47020,48383,47231,20508,20584,19625,2139,2500,6,2000,2000,2000,2980,1617,2769,29492,29416,30375,192706,1
70000,1,4,1,-1,-1,-1,-1,-1,-1,8272,10128,11106,11443,10323,11150,2000,1163,500,376,1000,800,61728,59872,58894,58557,59677,58850,56583,0
290000,1,4,2,1,-2,-1,-1,-1,-1,0,0,3786,3786,2881,2430,0,3786,0,2881,2430,0,290000,290000,286214,286214,287119,287570,3786,0
90000,1,4,2,2,2,3,3,3,3,750,750,750,750,2450,2150,0,0,0,2000,0,0,89250,89250,89250,89250,87550,87850,5600,0
150000,2,1,2,2,2,2,2,2,2,106628,100750,86686,78497,67612,55050,7400,0,4800,1800,0,2100,43372,49250,63314,71503,82388,94950,479123,1
90000,2,2,2,-1,-1,-1,-1,-1,-1,112212,109495,48950,20253,18810,19496,5170,21287,1353,1000,1000,607,-22212,-19495,41050,69747,71190,70504,298799,0
80000,1,1,3,-1,-1,2,2,2,2,28054,31201,31594,30787,34513,34995,3600,1200,0,4246,1200,1500,51946,48799,48406,49213,45487,45005,179398,1
100000,1,2,2,1,2,2,-1,-1,-1,95794,97390,94110,92823,68136,53170,4000,0,2000,2000,3000,0,4206,2610,5890,7177,31864,46830,490423,0
200000,2,2,3,-2,-2,-2,-1,-1,-1,-780,-783,909,2004,2008,0,0,1692,2004,4,54,0,200780,200783,199091,197996,197992,200000,-396,0
140000,2,4,2,3,3,2,2,2,2,124716,127047,128479,129869,132540,135201,5800,5000,5000,4900,5000,5000,15284,12953,11521,10131,7460,4799,747152,1
110000,2,4,3,-1,-1,-1,-1,-1,-1,836,9376,85924,33342,33193,32993,9376,85924,1167,1197,1180,1163,109164,100624,24076,76658,76807,77007,95657,0
50000,3,6,3,-1,-1,-1,-1,-1,-1,31199,36067,24727,30182,27043,25995,12009,2111,11000,1000,6000,6001,18801,13933,25273,19818,22957,24005,137092,0
60000,2,2,3,-1,-1,-1,-1,-1,-1,61759,60399,38994,40338,40142,39904,2600,2000,2000,1614,1590,2000,-1759,-399,21006,19662,19858,20096,269732,0
130000,1,1,3,-1,-1,-1,-1,-1,-2,25375,26128,25327,25775,0,0,1500,1852,1300,0,0,0,104625,103872,104673,104225,130000,130000,97953,0
320000,2,2,3,-1,-1,-1,-1,-1,-1,181048,186444,188596,192145,195813,198648,8500,7000,6800,7000,6965,7500,138952,133556,131404,127855,124187,121352,1098929,0
120000,3,2,3,-1,-1,-1,-1,-1,-1,2207,263,4531,1211,4015,2042,263,4531,0,4015,0,1007,117793,119737,115469,118789,115985,117958,4453,0
450000,2,4,2,1,2,-1,-1,-1,-1,347994,311267,365723,370496,374405,373155,0,90000,14011,14029,14052,14000,102006,138733,84277,79504,75595,76845,1996948,0
200000,2,2,2,-1,-1,-1,-1,-1,-1,136286,183615,184792,195062,195156,192436,50000,7000,15000,7500,7500,10000,63714,16385,15208,4938,4844,7564,990347,1
20000,1,2,2,1,3,2,-1,-1,-2,16170,15646,14020,13345,0,0,0,5,1925,0,0,0,3830,4354,5980,6655,20000,20000,57251,1
410000,2,2,1,-2,-2,-2,-1,-1,-1,6764,6500,6764,1743,149153,145597,6500,6764,3542,161064,5072,4891,403236,403500,403236,408257,260847,264403,128688,0
210000,1,2,3,-1,-1,-1,-1,-1,-1,206803,207471,152365,146625,146163,146180,7876,5400,6000,6000,6000,10000,3197,2529,57635,63375,63837,63820,964331,0
210000,1,2,2,1,-2,-2,-2,-2,-2,0,0,0,0,0,0,0,0,0,0,0,0,210000,210000,210000,210000,210000,210000,0,1
130000,3,1,2,1,-2,-2,-2,-2,-2,0,0,0,0,0,0,0,0,0,0,0,0,130000,130000,130000,130000,130000,130000,0,0
170000,1,4,1,-2,-2,-2,-2,-1,2,6504,1046,0,0,910,382,1046,0,0,910,0,532,163496,168954,170000,170000,169090,169618,6354,1
190000,2,2,4,-1,-1,-1,-1,-1,-1,104344,106814,104047,88269,90264,88823,6003,5009,5750,3500,3500,3200,85656,83186,85953,101731,99736,101177,555599,0
230000,1,4,1,-1,-1,-1,-1,-1,-1,95956,87294,85336,81640,82462,80964,4231,4061,2846,2800,2909,2601,134044,142706,144664,148360,147538,149036,494204,1
120000,2,4,1,-1,-1,-1,-1,-1,-1,114538,117171,115941,116877,117359,117029,6000,5500,4160,4120,4250,4380,5462,2829,4059,3123,2641,2971,670505,0
50000,2,4,1,-1,-1,2,-1,-1,-1,17313,20019,19399,19785,20465,20877,3000,0,709,1000,750,1000,32687,29981,30601,30215,29535,29123,111399,1
220000,2,4,3,-1,-1,-1,-1,-1,-1,32016,29052,23115,20354,7438,4887,2004,2009,5004,1000,1000,3000,187984,190948,196885,199646,212562,215113,102845,1
320000,1,4,2,2,-1,-1,-1,-1,-1,313383,313136,317847,313990,312070,319672,12937,13036,10072,9600,11056,9964,6617,6864,2153,6010,7930,328,1823433,0
160000,2,2,1,-1,-1,-1,-2,-2,-2,75652,44675,-183,-218,-218,-218,1020,0,0,0,0,0,84348,115325,160183,160218,160218,160218,118470,1
20000,2,4,1,-1,-1,-1,-1,2,-1,4561,6474,8353,13192,14871,11536,2000,2000,5000,2000,1000,2000,15439,13526,11647,6808,5129,8464,44987,0
460000,1,4,2,1,-2,-2,-2,-2,-2,-258,-258,-258,1209,703,990,0,0,1467,703,990,3200,460258,460258,460258,458791,459297,459010,-4232,0
490000,1,1,2,1,-2,-2,-1,-1,-1,380,380,380,15240,19656,24006,380,380,15240,5000,5000,7396,489620,489620,489620,474760,470344,465994,26646,0
130000,2,2,3,-1,-1,-1,-1,-1,-1,85317,86865,88760,35671,36977,38931,3813,4013,1274,1878,3116,0,44683,43135,41240,94329,93023,91069,358427,0
170000,2,2,3,-1,-1,-1,-1,-1,-1,162500,122372,66038,67934,69834,71668,4781,3000,3000,3000,3000,3000,7500,47628,103962,102066,100166,98332,540565,0
150000,2,4,1,-1,-1,-1,-1,-1,-1,108924,109705,108748,108116,108951,109901,4000,5500,4000,4100,4300,4000,41076,40295,41252,41884,41049,40099,628445,0
180000,1,4,2,-2,-2,-2,-2,-2,-2,1246,1845,471,471,248,335,1845,471,471,248,335,200,178754,178155,179529,179529,179752,179665,1046,0
50000,3,2,2,-1,-1,-1,-1,-1,-1,41646,43257,31473,1473,1473,3873,4000,5300,1473,1473,3873,390,8354,6743,18527,48527,48527,46127,106686,0
240000,4,2,3,-1,-1,-1,-1,-1,-1,47315,34623,34347,36082,32957,18797,3000,3500,9700,4000,6300,3000,192685,205377,205653,203918,207043,221203,174621,0
390000,1,4,2,-1,-1,-1,-1,-1,-1,20666,20666,10000,20666,10000,10000,20666,10000,20666,10000,10000,10500,369334,369334,380000,369334,380000,380000,10166,0
50000,3,2,3,-1,-1,-1,-1,-1,-1,48593,48653,15433,15037,10527,10736,1278,1469,463,381,383,398,1407,1347,34567,34963,39473,39264,144607,0
310000,1,1,3,-2,-2,-2,-2,-2,-2,0,0,0,0,0,0,0,0,0,0,0,0,310000,310000,310000,310000,310000,310000,0,0
100000,1,4,1,1,-1,-1,-2,-2,-2,290,930,977,0,0,0,1534,977,0,0,0,0,99710,99070,99023,100000,100000,100000,-314,0
260000,1,4,2,-1,-1,-2,-2,-2,-1,2992,0,0,0,0,150,0,0,0,0,150,310,257008,260000,260000,260000,260000,259850,2682,0
30000,2,4,1,-1,-1,-1,-1,2,2,28347,29880,29588,30687,25637,26468,2000,2000,2200,0,1800,0,1653,120,412,-687,4363,3532,162607,0
310000,2,2,1,-2,-2,-2,-2,-2,-1,68928,43431,61756,88416,59964,44873,43894,61816,39022,10041,15080,46146,241072,266569,248244,221584,250036,265127,151369,0
270000,1,2,3,-1,-1,-1,-1,-1,-1,193444,202284,199443,147121,162262,107338,15000,7000,10000,25000,15000,15000,76556,67716,70557,122879,107738,162662,924892,0
250000,1,2,2,-1,-1,-1,2,-1,-1,1923,-574,2533,1607,56694,58091,900,4500,0,57000,5000,0,248077,250574,247467,248393,193306,191909,52874,1
130000,2,2,2,-1,-1,-1,-1,-1,-1,32215,33690,34859,34051,32827,16702,2000,2000,2000,1000,2000,7131,97785,96310,95141,95949,97173,113298,168213,0
220000,1,1,2,-1,-1,-1,-1,-1,-1,21960,21860,25463,28036,34552,43827,2000,4000,3000,7000,11000,3000,198040,198140,194537,191964,185448,176173,145698,0
60000,2,4,3,-1,-1,-1,-1,-1,-1,86550,82592,77423,70653,22552,23708,3000,3000,3000,5000,3000,3000,-26550,-22592,-17423,-10653,37448,36292,343478,0
120000,1,2,1,-2,-2,-2,-2,-2,-2,119324,119255,120584,70990,0,0,5025,4023,3300,0,0,68010,676,745,-584,49010,120000,120000,349795,0
30000,2,2,2,-1,-1,2,-1,-1,-1,11359,27657,26745,27345,25300,0,27657,0,1000,0,0,0,18641,2343,3255,2655,4700,30000,89749,0
130000,1,4,2,2,2,2,2,2,-1,124651,128263,129669,131057,128857,131469,7100,5000,5000,0,4928,4574,5349,1737,331,-1057,1143,-1469,747364,1
100000,2,2,2,-1,-1,-1,-1,-1,-1,29048,0,4069,37069,20233,22227,0,4069,33000,20000,22227,20000,70952,100000,95931,62931,79767,77773,13350,0
200000,1,4,1,-1,-1,-1,-1,-1,-2,1290,599,0,253,0,0,599,0,253,0,0,0,198710,199401,200000,199747,200000,200000,1290,0
260000,2,2,3,-1,-1,-1,-1,-1,-1,164137,167734,171932,175152,180719,183138,10000,10000,9000,10000,7000,6000,95863,92266,88068,84848,79281,76862,990812,0
390000,1,1,3,2,2,-1,-1,-1,-1,185204,180455,131386,131879,115183,75131,0,6000,3500,5000,4500,3000,204796,209545,258614,258121,274817,314869,797238,1
340000,1,4,3,-1,-1,-1,-1,-1,-1,308023,327245,206832,1682,1352,1520,27245,9184,1682,1352,1520,1442,31977,12755,133168,338318,338648,338480,804229,0
140000,2,4,1,-2,-2,-2,-2,-2,-2,137037,127771,124714,73593,73344,78629,5053,3615,2573,2858,8000,2000,2963,12229,15286,66407,66656,61371,590989,1
220000,2,4,2,-1,-1,-1,-1,-1,-1,142186,141068,140391,140549,140303,140737,7000,7000,5006,6000,6312,6000,77814,78932,79609,79451,79697,79263,807916,0
20000,2,1,2,-1,-1,-1,-1,-1,-1,1572,1386,999,2640,1000,0,1386,1003,2640,1000,0,0,18428,18614,19001,17360,19000,20000,1568,0
500000,2,2,3,-1,-1,-1,-1,-1,-1,33179,97882,48017,49403,40018,54109,99159,48276,49450,201,54379,9905,466821,402118,451983,450597,459982,445891,61238,0
210000,2,2,2,-1,-1,-1,-1,-1,-1,8770,10972,22610,10161,5933,4164,6000,15042,5000,0,4164,816,201230,199028,187390,199839,204067,205836,31588,1
340000,2,4,2,-1,-1,-1,-1,-1,-1,308286,315601,318616,243586,248766,254056,13775,10631,8900,9200,9525,8600,31714,24399,21384,96414,91234,85944,1628280,0
130000,2,1,3,2,-1,-1,-1,-1,2,16357,17287,19992,22329,23964,23428,1500,3000,3000,2000,0,1500,113643,112713,110008,107671,106036,106572,112357,1
200000,2,4,2,-1,-1,-1,-1,-1,-1,189279,195200,60278,58972,55731,99900,10000,5023,5000,5000,50000,4000,10721,4800,139722,141028,144269,100100,580337,0
150000,1,1,2,-1,-1,-1,-1,-1,-1,160292,153981,129725,103050,54447,46943,6100,5100,4200,1900,1600,1500,-10292,-3981,20275,46950,95553,103057,628038,1
50000,3,4,1,-1,-1,-1,-1,-1,-1,36926,52845,52148,32718,32096,30563,20007,3014,1309,5009,2008,4622,13074,-2845,-2148,17282,17904,19437,201327,0
60000,1,4,1,2,2,2,2,4,3,38050,39147,38223,43261,42009,41036,2000,0,6000,0,0,1400,21950,20853,21777,16739,17991,18964,232326,1
60000,1,2,1,-1,-1,-1,-1,-1,-1,1386,5273,1586,5781,1188,1061,5273,30000,11776,0,1061,1239,58614,54727,58414,54219,58812,58939,-33074,0
150000,3,2,1,-1,-1,-1,-1,-1,-1,118025,120493,123087,124843,127431,130008,4278,4500,3700,3716,3768,4000,31975,29507,26913,25157,22569,19992,719925,0
180000,1,1,2,2,2,2,2,2,2,47276,49256,50186,51102,52178,53213,3000,2000,2000,2000,2000,2100,132724,130744,129814,128898,127822,126787,290111,1
50000,2,2,1,-1,-1,-1,-1,-1,-1,55100,52440,47080,15718,13674,15145,2372,2149,1203,2000,1716,628,-5100,-2440,2920,34282,36326,34855,189089,0
10000,3,2,3,-1,-1,-1,-1,-1,-1,7863,8504,8162,6978,2278,0,1172,1000,186,0,0,0,2137,1496,1838,3022,7722,10000,31427,0
100000,2,4,1,-1,-1,-1,-1,-1,-1,94056,96272,97464,80034,80533,77479,3730,3033,2676,2796,2806,2379,5944,3728,2536,19966,19467,22521,508418,0
30000,2,4,1,-2,-2,-2,-2,-2,-2,0,780,3260,4311,1551,0,780,3260,4311,1551,0,0,30000,29220,26740,25689,28449,30000,0,0
50000,3,1,4,-1,-1,-1,-1,-1,-1,48550,46267,46716,29744,30060,29449,2000,1400,984,1013,1006,939,1450,3733,3284,20256,19940,20551,223444,0
30000,2,1,2,-1,-1,-1,-1,2,-1,19643,20721,21867,24291,23766,23696,1700,1800,3100,0,565,98,10357,9279,8133,5709,6234,6304,126721,1
100000,2,4,2,2,2,2,2,2,2,96638,98491,99983,100555,103300,101471,4300,4000,3100,4500,0,3845,3362,1509,17,-555,-3300,-1471,580693,1
100000,2,2,2,2,2,2,-1,-1,2,24524,27313,26580,26840,28810,28966,3500,0,1000,2400,780,2400,75476,72687,73420,73160,71190,71034,152953,0
290000,2,1,2,-2,-2,-2,-2,-2,-2,199911,204462,208769,213085,211829,96532,8001,8001,8037,10074,5010,179228,90089,85538,81231,76915,78171,193468,916237,0
140000,2,2,3,-1,-1,-1,-1,-1,-1,3726,2826,1646,4650,5764,7116,2846,1646,4500,3000,3000,1838,136274,137174,138354,135350,134236,132884,8898,0
240000,1,2,2,1,-2,-2,-2,-2,-2,0,0,0,0,0,0,0,0,0,0,0,0,240000,240000,240000,240000,240000,240000,0,0
380000,1,2,1,-1,2,-1,-1,-1,-1,2501,1138,966,1258,1121,1362,0,966,1500,1121,1362,1472,377499,378862,379034,378742,378879,378638,1925,0
230000,3,2,4,-1,-1,-1,-1,-1,-1,1227,784,1854,396,1950,1099,784,1854,396,1950,1099,2040,228773,229216,228146,229604,228050,228901,-813,0
40000,1,4,1,-1,-1,-1,-1,-1,-1,28140,32343,39717,37263,35224,34111,5000,8017,7000,4000,5000,5000,11860,7657,283,2737,4776,5889,172781,1
210000,1,2,2,-1,-1,-1,-1,-1,-1,74261,75602,76062,76287,76971,77737,3500,3300,3000,3000,3000,3000,135739,134398,133938,133713,133029,132263,438120,0
150000,2,2,2,-1,-1,-1,-1,-1,-2,144744,147891,116541,114511,0,0,4610,2336,2290,0,0,0,5256,2109,33459,35489,150000,150000,514451,0
70000,3,2,1,2,2,2,2,2,2,27241,30416,29628,32350,33218,32532,3628,0,3218,1532,0,2257,42759,39584,40372,37650,36782,37468,174750,1
80000,2,4,1,-1,-1,-1,-2,-2,-2,9591,1726,0,0,0,0,1000,0,0,0,0,0,70409,78274,80000,80000,80000,80000,10317,0
50000,2,2,2,-1,-1,-1,-1,-1,-1,49259,47114,83908,18801,16494,19191,2500,3320,2000,1000,3000,1000,741,2886,-33908,31199,33506,30809,221947,0
300000,2,4,1,-2,-2,-2,-2,-2,-2,0,0,0,0,0,0,0,0,0,0,0,0,300000,300000,300000,300000,300000,300000,0,0
180000,2,4,2,-1,-1,-1,-1,-1,-1,63182,64274,55112,56394,57577,58564,2166,2002,2200,2242,2100,2330,116818,115726,124888,123606,122423,121436,342063,0
150000,1,4,2,-2,-2,-2,-2,-2,-2,9164,14011,7715,8295,7301,4388,14021,7723,8295,7301,4388,1600,140836,135989,142285,141705,142699,145612,7546,0
60000,1,2,1,-1,-1,-1,-1,-1,-1,20873,22228,22691,22816,26587,22917,2000,1246,720,4780,1700,4000,39127,37772,37309,37184,33413,37083,123666,0
100000,2,4,2,-1,-1,-1,-1,-1,-1,177961,108173,15697,11353,9306,9693,3082,2022,1000,1000,500,300,-77961,-8173,84303,88647,90694,90307,324279,1
90000,2,2,1,2,-1,-1,-1,-1,-1,89947,91929,88433,88010,87814,87831,5000,4300,3500,3500,3700,3100,53,-1929,1567,1990,2186,2169,510864,0
20000,2,1,3,-1,-1,-1,-1,-1,-1,14102,14870,16116,16436,16781,17112,1300,1500,588,610,611,788,5898,5130,3884,3564,3219,2888,90020,0
320000,1,4,2,-2,-2,-2,-2,-2,-2,-1,-1,-1,-1,0,-400,0,0,0,1,400,6083,320001,320001,320001,320001,320000,320400,-6888,1
90000,3,2,5,-2,-2,-2,-2,-1,-1,2000,1000,1000,1000,1052,69237,0,1000,1000,1052,71062,3000,88000,89000,89000,89000,88948,20763,-1825,0
500000,2,2,2,1,-2,-1,-1,-1,-1,226,8546,121867,116089,114293,118081,9125,126768,3468,4050,15099,5015,499774,491454,378133,383911,385707,381919,315577,0
210000,1,1,2,-1,-1,-1,-1,-1,-1,3094,565,1188,2667,546,578,565,1188,2667,546,578,2769,206906,209435,208812,207333,209454,209422,325,0
30000,2,2,1,2,-1,-1,-2,-2,-2,28603,28785,0,0,0,0,1000,0,0,0,0,0,1397,1215,30000,30000,30000,30000,56388,1
20000,2,1,4,-1,-1,-2,-2,-2,-2,10400,0,0,0,0,0,0,0,0,0,0,0,9600,20000,20000,20000,20000,20000,10400,1
50000,1,4,1,1,-2,-2,-2,-2,-2,0,0,0,0,0,0,0,0,0,0,0,0,50000,50000,50000,50000,50000,50000,0,0
360000,3,2,2,-1,-1,-1,-1,-1,-2,4964,177,2011,1116,0,0,177,2011,1116,0,0,0,355036,359823,357989,358884,360000,360000,4964,0
80000,3,2,1,-1,-1,-1,-1,-1,-2,36847,38847,35017,36175,0,0,2000,2000,2000,0,0,0,43153,41153,44983,43825,80000,80000,140886,0
150000,1,1,3,-1,-1,-1,-1,-1,-1,4003,2877,3190,389,389,389,2891,3205,390,390,390,376,145997,147123,146810,149611,149611,149611,3595,0
20000,2,1,2,2,2,2,2,2,2,25274,25026,23073,22857,21143,21482,1700,0,1653,0,1940,0,-5274,-5026,-3073,-2857,-1143,-1482,133562,0
150000,3,2,4,-2,-2,-2,-2,-2,-2,1194,2095,2154,2900,2512,3514,2101,2160,3046,2519,3625,0,148806,147905,147846,147100,147488,146486,918,0
340000,3,1,1,-1,-1,-1,-1,-1,-1,332123,327362,324322,316472,317349,314212,14000,12000,12000,12000,12000,12000,7877,12638,15678,23528,22651,25788,1857840,0
500000,2,1,5,1,-2,-2,-2,-2,-2,0,0,0,0,0,0,0,0,0,0,0,0,500000,500000,500000,500000,500000,500000,0,1
100000,3,2,2,-1,-1,2,-1,-1,2,32526,37106,36260,36995,39355,39982,5396,0,1285,2916,1368,0,67474,62894,63740,63005,60645,60018,211259,0
160000,2,1,5,-2,-2,-2,-2,-2,-2,0,0,0,0,0,0,0,0,0,0,0,0,160000,160000,160000,160000,160000,160000,0,0
300000,1,2,3,-1,-1,-1,-1,-1,-1,400,0,14583,2506,2996,370,0,14583,2513,2996,370,1986,299600,300000,285417,297494,297004,299630,-1593,0
240000,1,2,2,-1,-1,2,-1,-1,-1,18825,12675,2880,13267,10036,24731,12880,0,13267,2000,15000,0,221175,227325,237120,226733,229964,215269,39267,0
60000,2,2,2,2,-1,-1,-1,-1,-1,60558,59361,60167,58078,59198,60677,3500,3000,1000,2000,2000,1000,-558,639,-167,1922,802,-677,345539,1
20000,2,4,1,-1,-1,-1,-2,-2,-2,13717,9058,0,0,0,0,1005,0,0,0,0,0,6283,10942,20000,20000,20000,20000,21770,0
80000,2,2,1,-1,2,2,-1,-1,-1,1374,2373,2182,2232,3053,2271,1170,0,220,1000,282,0,78626,77627,77818,77768,76947,77729,10813,0
20000,2,1,3,-1,-1,-1,-2,-2,-2,390,780,0,0,0,0,780,0,0,0,0,0,19610,19220,20000,20000,20000,20000,390,0
240000,1,2,2,-1,-1,-1,-1,-1,-1,5770,10412,4578,5928,5619,13227,10420,1150,5928,3619,13227,7764,234230,229588,235422,234072,234381,226773,3426,0
20000,2,2,1,1,2,2,2,2,-1,19242,20339,19707,20899,20450,20197,1700,0,1800,0,1000,900,758,-339,293,-899,-450,-197,115434,0
290000,2,1,2,-1,-1,-1,-1,-1,-1,190547,173438,154966,131245,130861,120312,7158,5816,5000,5000,5000,4000,99453,116562,135034,158755,159139,169688,869395,0
120000,1,4,2,-1,-1,-1,-1,-1,-1,53087,54805,55308,56407,57753,60130,2572,2009,2020,2256,3500,1739,66913,65195,64692,63593,62247,59870,323394,0
100000,2,4,2,-1,-1,-1,-1,-1,-1,61089,81262,59110,70052,84659,57648,30010,10047,20000,17000,5000,10000,38911,18738,40890,29948,15341,42352,321763,0
20000,2,1,3,-1,-1,-1,-1,-1,-1,18317,18455,19399,19962,14938,3039,1500,1400,1009,307,1200,0,1683,1545,601,38,5062,16961,88694,0
60000,2,2,3,1,2,2,2,-1,-1,17013,18440,18841,18241,18946,20634,2000,1000,0,1000,2000,0,42987,41560,41159,41759,41054,39366,106115,1
150000,2,4,1,-1,-1,-1,-1,-1,2,10693,13188,19902,23068,26184,25615,3000,7000,3500,3500,0,3500,139307,136812,130098,126932,123816,124385,98150,1
500000,1,1,4,-1,-1,-1,-1,-1,-1,4560,600,0,51697,37511,1685,600,0,51697,37511,1685,414,495440,499400,500000,448303,462489,498315,4146,0
120000,2,4,1,-1,-1,-1,-1,-1,-1,34670,35606,27065,25948,11884,3107,2033,1200,0,0,3107,8542,85330,84394,92935,94052,108116,116893,123398,1
80000,2,2,2,-1,-1,-1,-1,-1,-1,7961,15290,1806,-1203,14107,8575,20004,1806,0,20000,0,6955,72039,64710,78194,81203,65893,71425,-2229,0
100000,3,2,2,-1,-1,-1,-1,-1,-1,39667,40704,41718,41536,42243,42929,1649,1663,1471,1360,1212,4472,60333,59296,58282,58464,57757,57071,236970,0
20000,1,1,4,-1,-1,-1,-1,-1,-1,13605,14629,15640,15950,16130,17011,1249,1260,570,436,1150,1000,6395,5371,4360,4050,3870,2989,87300,0
200000,2,2,2,-1,-1,-1,-1,-1,-1,23762,25944,26988,25237,22131,13774,4000,2000,600,3000,4000,100,176238,174056,173012,174763,177869,186226,124136,0
80000,1,1,2,-1,-1,-1,2,-1,-1,61708,65080,68835,41462,36589,39985,5000,5169,21,3000,4000,57,18292,14920,11165,38538,43411,40015,296412,0
80000,1,2,2,-1,-1,-1,-1,-1,2,75985,79918,70203,67934,75781,73848,12036,10010,3000,9400,0,8000,4015,82,9797,12066,4219,6152,401223,0
150000,1,2,1,-1,-1,-1,2,-1,-1,29712,28045,31732,26989,33624,29786,3200,6300,0,10000,2000,2000,120288,121955,118268,123011,116376,120214,156388,0
50000,2,1,4,-1,-1,-1,-1,-1,-1,47721,48993,50280,18762,18290,19165,2037,2324,1000,1000,1165,1596,2279,1007,-280,31238,31710,30835,194089,0
370000,1,4,1,-1,-1,-1,-1,-1,-1,577,27895,-4247,4347,5562,0,63895,0,8694,5562,0,3500,369423,342105,374247,365653,364438,370000,-47517,0
130000,2,4,1,-1,-1,-1,-1,3,2,107594,109896,112064,130239,127980,130305,4023,4030,20000,0,4500,0,22406,20104,17936,-239,2020,-305,685525,1
450000,1,2,3,-1,-1,-1,2,-1,-1,2663,3146,3246,1623,1623,1694,2146,1623,0,1623,1694,2795,447337,446854,446754,448377,448377,448306,4114,0
200000,2,2,3,-1,2,-1,-1,-1,-1,500,500,61807,7849,14978,46333,0,61807,7849,10000,35000,10000,199500,199500,138193,192151,185022,153667,7311,0
130000,1,2,2,-1,-1,2,-1,-1,-1,90864,104418,100455,38632,35826,36730,16000,0,1500,1395,1500,1511,39136,25582,29545,91368,94174,93270,385019,0
230000,4,4,1,-1,-1,-1,-1,-1,-1,55197,53593,53470,137734,135386,14718,2712,1551,95022,3015,3003,153001,174803,176407,176530,92266,94614,215282,191794,0
90000,1,4,1,-1,-1,-1,-1,-1,-1,9124,10220,12044,27847,8251,26501,10000,10016,25000,8000,26000,12000,80876,79780,77956,62153,81749,63499,2971,0
30000,3,1,4,-1,-1,-1,-1,-1,-1,263,14833,5242,19705,10417,9736,14849,5250,19711,10417,9979,5108,29737,15167,24758,10295,19583,20264,-5118,0
180000,2,1,3,-1,-1,-1,-1,-1,-1,4425,5546,6363,7363,3723,2645,1200,1000,1000,1000,500,1000,175575,174454,173637,172637,176277,177355,24365,1
140000,1,2,2,-1,-1,2,2,2,-1,9556,6434,5413,5841,5215,8671,3000,0,5000,0,8671,7000,130444,133566,134587,134159,134785,131329,17459,0
380000,1,1,4,1,-2,-2,-2,-2,-2,0,0,0,0,0,0,0,0,0,0,0,0,380000,380000,380000,380000,380000,380000,0,0
30000,2,2,4,2,2,2,2,3,2,26008,27091,27648,29297,28544,29125,1800,1300,2400,0,1200,2500,3992,2909,2352,703,1456,875,158513,1
80000,3,2,3,2,-1,-1,-1,-1,2,77490,80204,79650,81338,81438,80959,5000,4000,4003,13000,3515,0,2510,-204,350,-1338,-1438,-959,451561,1
60000,3,2,3,-1,-1,-1,-1,-1,-1,59098,23100,17708,10148,9284,2241,1392,1000,203,186,347,17971,902,36900,42292,49852,50716,57759,100480,1
290000,1,4,2,-2,-2,-2,-2,-1,-1,0,5743,8809,0,7241,10289,5743,5000,0,7241,5000,5000,290000,284257,281191,290000,282759,279711,4098,0
160000,2,2,1,-1,-1,-1,-1,-1,-1,1319,3934,399,690,590,0,3941,399,690,590,0,1926,158681,156066,159601,159310,159410,160000,-614,1
20000,1,2,1,-1,-1,-1,-1,-1,-1,7032,14244,14065,16161,11106,12500,12500,3000,4000,2000,2000,5000,12968,5756,5935,3839,8894,7500,46608,0
80000,3,2,5,-1,-1,-1,-1,-1,-1,80260,82116,80299,81416,81617,81607,3750,3520,3069,3271,3262,3237,-260,-2116,-299,-1416,-1617,-1607,467206,0
360000,1,2,2,-2,-1,-1,-1,-1,-1,4259,1374,846,14998,14998,679,1376,852,14998,0,683,4902,355741,358626,359154,345002,345002,359321,14343,0
30000,1,4,3,1,2,-1,-1,-1,-1,39347,34702,34822,15722,16467,17537,1200,1000,18000,1000,1500,1000,-9347,-4702,-4822,14278,13533,12463,134897,0
140000,2,2,2,-1,-1,-1,-1,-1,-1,330,330,330,330,330,947,330,330,330,330,947,2389,139670,139670,139670,139670,139670,139053,-2059,0
150000,1,2,2,-1,-1,-1,-1,-1,-1,78038,63176,52807,34199,32061,23682,5000,10116,5000,6000,3000,7000,71962,86824,97193,115801,117939,126318,247847,0
130000,1,1,3,-1,-1,-1,-1,-1,-1,58180,59134,61156,62377,63832,65099,2886,2908,2129,2354,2366,2291,71820,70866,68844,67623,66168,64901,354844,0
410000,1,1,2,-1,-1,-1,-1,-1,-1,109256,15134,5063,1019,14585,5370,15000,4867,803,14436,5396,875,300744,394866,404937,408981,395415,404630,109050,1
70000,1,4,1,-1,-1,-1,-1,-1,-1,48910,50171,51238,52196,53747,47695,2050,2100,2000,2000,2100,1500,21090,19829,18762,17804,16253,22305,292207,1
30000,1,4,1,-1,-1,-1,-1,-1,-1,27181,26849,27594,28157,28723,28059,2000,1500,1000,1000,1000,1000,2819,3151,2406,1843,1277,1941,159063,0
50000,2,2,2,-1,-1,-1,-1,-2,-1,7465,2790,1323,156,-177,2406,2790,1323,156,2,2583,1581,42535,47210,48677,49844,50177,47594,5528,0
180000,2,1,3,-1,-1,-1,-1,-1,-1,119109,119166,121661,122244,119536,109210,6000,6000,5000,4200,3862,3887,60891,60834,58339,57756,60464,70790,681977,0
30000,2,4,2,-1,-1,-1,-1,-1,-1,390,390,780,390,0,780,390,780,0,0,780,0,29610,29610,29220,29610,30000,29220,780,0
20000,1,2,2,-1,-1,-1,-1,2,-1,16787,17912,18706,20086,19632,20160,1700,1400,1684,0,1000,850,3213,2088,1294,-86,368,-160,106649,0
30000,2,2,1,-1,-1,-2,-1,-1,-2,12800,0,0,90,-40,-3000,0,0,90,0,0,10400,17200,30000,30000,29910,30040,33000,-640,0
20000,2,4,4,-1,-1,-1,-1,-1,-1,8847,10202,11227,11145,11381,12191,1500,1500,400,416,1002,0,11153,9798,8773,8855,8619,7809,60175,0
280000,1,2,1,-1,-1,-1,-1,-1,-1,6564,1333,21064,19969,578,35152,1334,21003,428,12,35152,892,273436,278667,258936,260031,279422,244848,25839,0
50000,2,2,1,-1,-1,-1,-1,-1,-1,14262,16024,17744,19440,23089,24695,2000,2000,2000,4000,2000,2000,35738,33976,32256,30560,26911,25305,101254,1
360000,1,1,2,1,-2,-2,-2,-1,-1,-130,-130,-130,-130,25619,-395,0,0,0,25749,0,0,360130,360130,360130,360130,334381,360395,-1045,1
190000,3,2,3,2,-1,-1,2,-1,-1,185738,187764,100526,94909,94804,94007,7762,7700,0,3545,3386,3575,4262,2236,89474,95091,95196,95993,731780,1
180000,1,2,2,-2,-2,-2,-2,-2,-2,2846,2092,4629,3007,5827,1118,2092,4631,3007,5827,1200,1030,177154,177908,175371,176993,174173,178882,1732,0
60000,1,4,1,-1,-1,-1,-1,-1,-1,48890,43651,34358,34986,35770,36622,2000,1800,1500,1500,1600,1500,11110,16349,25642,25014,24230,23378,224377,0
320000,2,2,3,-1,-1,2,-1,2,-1,10159,37758,15591,39240,28424,25120,38075,0,39424,0,25120,35375,309841,282242,304409,280760,291576,294880,18298,0
10000,3,2,2,-1,-1,-1,-1,-1,-1,1655,1473,390,390,540,150,1473,390,390,540,150,3780,8345,8527,9610,9610,9460,9850,-2125,1
200000,2,2,4,-1,-1,2,-1,-1,2,316,632,316,782,782,316,632,0,782,316,0,632,199684,199368,199684,199218,199218,199684,782,1
50000,2,2,1,-1,-1,-1,-1,-1,-1,9923,5088,5625,4428,5092,5685,1200,2065,1000,2070,2000,10327,40077,44912,44375,45572,44908,44315,17179,0
180000,1,4,1,-2,-2,-2,-2,-2,-2,0,0,0,0,0,0,0,0,0,0,0,0,180000,180000,180000,180000,180000,180000,0,0
20000,2,2,1,2,2,2,2,4,3,15586,16649,16090,20648,19759,19160,1609,0,5148,0,0,0,4414,3351,3910,-648,241,840,101135,1
300000,2,2,1,2,-1,-1,-1,-1,-1,296665,300861,263571,252197,226555,206642,11500,9000,8000,7000,7500,6006,3335,-861,36429,47803,73445,93358,1497485,0
90000,1,4,1,-1,-1,-2,-2,-2,-2,350,0,0,0,0,0,0,0,0,0,0,0,89650,90000,90000,90000,90000,90000,350,1
160000,2,4,1,-1,2,-1,-1,-1,-1,116212,88542,68311,48875,37261,4267,0,2483,900,20000,4267,24659,43788,71458,91689,111125,122739,155733,311159,1
20000,2,2,2,-1,-1,-1,-1,-1,-1,14154,15179,16191,16512,16858,17193,1258,1270,591,612,615,637,5846,4821,3809,3488,3142,2807,91104,0
150000,2,4,1,-1,-1,-1,-1,-1,-1,8200,2500,7500,11478,7080,1651,2500,7500,11478,7080,1651,43600,141800,147500,142500,138522,142920,148349,-35400,0
50000,3,2,1,1,2,3,2,-1,-1,48560,52047,50597,20378,18344,19618,4570,0,0,2000,2000,341,1440,-2047,-597,29622,31656,30382,200633,0
60000,3,3,3,-1,-1,-1,-1,-1,-1,70367,66657,63553,59633,55689,52778,2415,3000,2125,2007,3000,1758,-10367,-6657,-3553,367,4311,7222,354372,0
210000,1,2,4,-1,-1,-1,-1,-1,-1,16355,18063,18077,14113,7049,2026,3000,2000,3000,150,2026,1026,193645,191937,191923,195887,202951,207974,64481,0
150000,2,2,1,-1,-1,-1,-1,-1,-1,134492,138107,89238,49677,97028,99214,6000,7000,2200,48500,3600,3500,15508,11893,60762,100323,52972,50786,536956,0
60000,2,4,1,-1,-1,-1,-1,-1,-1,58143,60221,50135,19553,11896,15241,3044,1123,7553,474,3586,305,1857,-221,9865,40447,48104,44759,199104,1
210000,2,2,2,-1,-1,-1,-1,-1,-1,25806,5861,1666,1010,300,300,1035,1666,1010,300,0,4817,184194,204139,208334,208990,209700,209700,26115,0
210000,2,2,1,-2,-2,-2,-2,-2,-2,198724,200500,0,0,0,0,4500,0,0,0,0,0,11276,9500,210000,210000,210000,210000,394724,0
360000,3,2,2,-1,-1,-1,-1,-1,-1,28835,14596,10705,3400,6410,5479,14596,10705,3400,6410,5479,4120,331165,345404,349295,356600,353590,354521,24715,0
10000,1,2,1,-1,-1,2,3,2,-1,6005,8891,9389,9111,8837,8135,3000,800,0,0,500,500,3995,1109,611,889,1163,1865,45568,0
140000,1,4,2,-1,-1,-1,-1,2,2,142043,0,137909,138999,137275,136141,7000,0,5000,9100,3400,0,-2043,140000,2091,1001,2725,3859,667867,0
100000,1,4,2,1,2,-1,-1,-1,-1,55066,53612,54720,55808,56976,58108,0,2000,1998,2068,2079,2155,44934,46388,45280,44192,43024,41892,323990,0
50000,2,2,1,-1,-1,-1,-1,-1,-1,836,836,1616,780,390,540,836,1616,0,0,540,390,49164,49164,48384,49220,49610,49460,1616,1
360000,3,4,3,-2,-2,-2,-2,-2,-2,0,0,0,0,0,0,0,0,0,0,0,0,360000,360000,360000,360000,360000,360000,0,1
360000,2,1,3,1,-2,-2,-2,-2,-2,0,0,0,0,0,0,0,0,0,0,0,0,360000,360000,360000,360000,360000,360000,0,0
30000,2,4,1,-1,-1,-1,-1,-1,-2,11228,11814,5240,400,0,0,1104,1400,0,0,0,0,18772,18186,24760,29600,30000,30000,26178,0
20000,2,2,2,2,2,2,-1,-1,-1,10360,13336,13307,13633,15054,16505,3467,486,545,1639,1700,1504,9640,6664,6693,6367,4946,3495,72854,0
260000,1,2,3,-1,-1,-1,-1,-1,-1,8606,3856,12996,8788,15104,16764,3856,13000,0,15104,16764,9118,251394,256144,247004,251212,244896,243236,8272,0
100000,1,4,2,2,2,2,2,2,2,37160,39750,40298,40835,41529,42697,3500,1500,1500,1500,2000,1500,62840,60250,59702,59165,58471,57303,230769,1
340000,2,4,2,-2,-2,-1,-1,-1,-1,56412,45990,84050,172925,140040,95230,10034,50024,100108,4933,10114,2014,283588,294010,255950,167075,199960,244770,417420,0
50000,1,4,2,1,2,-1,-1,2,2,1129,1111,3186,6527,3328,33166,0,3000,3341,0,30000,0,48871,48889,46814,43473,46672,16834,12106,1
180000,2,2,2,-1,-1,-1,-1,-2,-2,8135,12621,17987,-99,-99,-99,5000,15000,0,0,0,13550,171865,167379,162013,180099,180099,180099,4896,0
360000,1,4,2,-1,-1,-1,-1,-1,-1,1616,3700,6562,3730,420,699,3700,6562,0,0,699,6041,358384,356300,353438,356270,359580,359301,-275,0
60000,2,2,2,-1,-1,-1,-1,-1,2,27892,29438,32620,33274,35732,35008,2000,4000,1197,3000,0,1400,32108,30562,27380,26726,24268,24992,182367,0
20000,3,2,1,1,2,2,-1,-1,-1,18710,19132,18409,14301,14373,1270,1400,30,1000,1000,1270,10489,1290,868,1591,5699,5627,18730,71006,0
150000,1,2,3,1,2,2,-1,-1,2,27270,24600,0,10195,24232,22000,0,0,10195,24232,0,0,122730,125400,150000,139805,125768,128000,73870,1
150000,1,1,4,-1,-1,-1,-1,-1,-1,101639,91674,135883,95806,97648,99737,3820,50001,3569,3529,3697,5229,48361,58326,14117,54194,52352,50263,552542,0
300000,1,2,2,-1,-1,-1,-1,-1,-1,30749,50185,3342,1287,0,3899,20000,3342,0,0,3899,2346,269251,249815,296658,298713,300000,296101,59875,0
420000,3,4,2,-1,-1,-1,-1,-1,-1,63715,62201,56125,49114,47563,45829,3002,2200,1700,1800,1700,1500,356285,357799,363875,370886,372437,374171,312645,0
500000,1,2,2,-1,-1,-1,-1,-1,-1,324503,324262,323101,296962,84615,267596,15633,19725,13091,5066,195829,20225,175497,175738,176899,203038,415385,232404,1351470,0
150000,2,4,2,-1,-1,-2,-2,-2,-2,65591,0,0,0,0,0,0,0,0,0,0,0,84409,150000,150000,150000,150000,150000,65591,0
50000,3,1,4,-1,-1,-1,3,2,2,34301,35450,39455,38564,37842,40342,1700,4630,0,0,3105,0,15699,14550,10545,11436,12158,9658,216519,1
110000,2,4,1,1,2,2,-1,-1,-1,68068,70276,68044,34059,20284,31179,3900,0,10452,6475,51179,7760,41932,39724,41956,75941,89716,78821,212144,0
150000,2,2,2,-2,-2,-2,-2,-2,-2,1106,2199,2997,735,1104,0,1208,1006,50000,1104,0,0,148894,147801,147003,149265,148896,150000,-45177,0
80000,1,2,1,-1,-1,-1,-1,-1,-1,77397,77839,69534,60747,52280,43461,3328,2811,1192,1516,2316,1500,2603,2161,10466,19253,27720,36539,368595,0
150000,3,2,2,-1,-1,-1,-1,-1,-1,19130,10000,8000,0,10000,0,1000,8000,2000,10000,0,0,130870,140000,142000,150000,140000,150000,26130,0
50000,2,4,2,-1,-1,-2,-2,-2,-2,20650,0,0,0,0,0,0,0,0,0,0,3000,29350,50000,50000,50000,50000,50000,17650,0
20000,2,2,2,-1,-1,-1,-1,-1,-1,36658,19253,20179,18800,19500,0,4000,1409,0,1000,0,0,-16658,747,-179,1200,500,20000,107981,0
80000,2,4,2,-1,-1,-1,-1,-1,-1,69937,69798,69200,44651,45185,45674,3032,5000,2000,2000,2000,2000,10063,10202,10800,35349,34815,34326,328413,0
150000,1,1,3,2,2,2,-1,-1,2,113358,124745,121249,124237,132252,134925,14779,0,5000,10000,5000,0,36642,25255,28751,25763,17748,15075,715987,1
240000,3,2,3,1,-2,-2,-1,-1,-1,-2225,-8523,-10951,88670,199444,178706,12,16,103751,117086,6146,4501,242225,248523,250951,151330,40556,61294,213609,0
100000,2,2,1,-2,-2,-2,-2,-2,-2,390,1780,0,0,0,0,4780,0,0,0,0,0,99610,98220,100000,100000,100000,100000,-2610,0
130000,2,2,3,-1,-1,-1,-1,-1,-1,79277,63767,62599,51950,44189,38034,3500,3022,2000,2000,2000,2000,50723,66233,67401,78050,85811,91966,325294,0
20000,2,1,2,-1,-1,-1,-1,-1,-1,18419,18710,18929,14900,10400,0,1373,1384,615,600,0,0,1581,1290,1071,5100,9600,20000,77386,0
340000,1,4,2,-1,-1,-1,-1,-1,-1,317,3074,3002,2613,1806,1989,3074,3002,2613,1806,1989,3370,339683,336926,336998,337387,338194,338011,-3053,0
430000,1,1,3,-1,-1,-1,-1,-1,-1,6112,10548,31401,417588,3414,4761,10590,31448,417588,3414,4761,15331,423888,419452,398599,12412,426586,425239,-9308,0
110000,1,2,4,-1,-1,-1,-1,-1,-1,16090,17522,18426,19117,19655,20329,2000,1500,1000,1000,1000,1000,93910,92478,91574,90883,90345,89671,103639,0
90000,3,2,3,-1,-1,-1,-1,-1,-1,10242,10930,10549,9421,6851,2133,2006,2012,3022,2020,2139,2006,79758,79070,79451,80579,83149,87867,36921,0
10000,1,4,1,-1,-1,-1,-1,-1,-1,9459,231,3364,6129,9009,9188,231,5000,3000,3000,329,340,541,9769,6636,3871,991,812,25480,0
100000,1,2,2,-1,-1,-2,-2,-2,-2,4270,0,0,0,0,0,0,0,0,0,0,0,95730,100000,100000,100000,100000,100000,4270,0
390000,1,2,2,-2,-2,-2,-1,-1,-1,7639,10876,6203,1518,46365,48795,6083,1051,1545,47280,3000,3000,382361,379124,383797,388482,343635,341205,59437,0
130000,2,4,3,-1,-1,-1,-1,-1,-1,2048,2529,11929,5722,3076,5250,2529,11929,5722,0,5250,3526,127952,127471,118071,124278,126924,124750,1598,0
180000,2,2,2,-1,-1,-1,-1,-1,-1,78089,75159,76602,76896,78588,77770,3333,3310,2900,3040,3500,2300,101911,104841,103398,103104,101412,102230,444721,0
50000,2,3,4,-1,-1,-1,-1,-1,-1,79502,65237,64426,18430,18020,17991,4000,1565,641,648,654,649,-29502,-15237,-14426,31570,31980,32009,255449,0
80000,2,2,2,-1,-1,-1,-1,-1,-1,64596,64871,61000,48300,47300,3500,4424,1600,0,1500,1500,1500,15404,15129,19000,31700,32700,76500,279043,0
30000,3,4,2,1,2,2,-1,-1,2,24457,25474,26241,25388,26377,27794,1716,1500,911,1400,2000,0,5543,4526,3759,4612,3623,2206,148204,1
150000,1,4,2,-1,-1,-1,-1,-1,-1,7015,0,6700,6700,7427,13583,0,6700,0,727,13583,4973,142985,150000,143300,143300,142573,136417,15442,0
230000,2,2,3,1,-1,-1,-1,-1,-1,378,907,1599,378,756,0,907,1599,378,756,0,754,229622,229093,228401,229622,229244,230000,-376,0
90000,2,4,1,2,3,3,2,2,2,82623,86621,84369,82117,84395,85739,5900,0,0,3600,2900,3500,7377,3379,5631,7883,5605,4261,489964,1
80000,2,6,2,-1,-1,-1,-1,-1,-1,11976,10010,10982,11325,11569,10303,1185,1157,500,400,500,5000,68024,69990,69018,68675,68431,69697,57423,0
700000,1,2,2,-1,-1,-1,-1,-1,-1,8277,18282,130130,105055,70896,41509,17599,130370,3381,145,4639,12235,691723,681718,569870,594945,629104,658491,205780,0
30000,2,4,1,-1,-1,-1,-1,-1,-2,27447,28623,28700,29300,0,0,1923,1000,600,0,0,0,2553,1377,1300,700,30000,30000,110547,1
90000,1,2,1,-1,-1,-1,-1,-1,-1,12759,10941,10420,14420,9855,9097,5000,6000,4000,5000,3500,5000,77241,79059,79580,75580,80145,80903,38992,1
200000,2,2,3,-1,-1,-1,-1,-1,-1,310,2226,1230,3393,1340,3416,2306,1234,3510,1344,3426,6324,199690,197774,198770,196607,198660,196584,-6229,0
230000,2,1,4,-1,-1,-1,-1,-1,-1,94314,96269,56058,57174,58371,59561,4082,1990,2003,2074,2115,2094,135686,133731,173942,172826,171629,170439,407389,1
100000,1,2,4,-1,-1,-1,-1,-1,-1,99932,42389,41842,40291,40556,40534,1712,1639,1418,1618,1529,1414,68,57611,58158,59709,59444,59466,296214,0
360000,1,4,1,-1,-1,-1,-1,-1,-1,152072,151168,153306,144485,145601,140336,5708,6059,5009,5021,5027,100017,207928,208832,206694,215515,214399,219664,760127,0
500000,1,1,3,1,-2,-2,-2,-2,-2,0,0,0,0,0,0,0,0,0,0,0,0,500000,500000,500000,500000,500000,500000,0,1
240000,2,4,3,-1,-1,-1,-1,-1,-1,3328,164327,10690,4772,1294,2147,164820,11728,7738,1297,2153,2073,236672,75673,229310,235228,238706,237853,-3251,0
360000,1,2,1,-1,-1,-1,-1,-1,-1,78398,86955,127146,103273,91933,108163,25126,60259,27208,31262,90114,30463,281602,273045,232854,256727,268067,251837,331436,0
360000,2,1,2,2,2,2,2,2,-2,2500,2500,2500,2500,0,0,0,0,0,0,0,0,357500,357500,357500,357500,360000,360000,10000,1
320000,1,1,3,-1,-1,-1,-1,-1,-1,110032,110045,112393,111541,114934,118228,4028,4000,5000,5000,5000,5000,209968,209955,207607,208459,205066,201772,649145,0
50000,2,2,3,-1,-1,-1,-1,-1,-1,21696,8987,9604,9800,500,0,1383,1000,196,500,0,0,28304,41013,40396,40200,49500,50000,47508,0
140000,2,4,2,-1,-1,-1,-1,-1,-1,50822,52468,52238,53368,56488,58542,2473,2000,2000,4000,3000,2000,89178,87532,87762,86632,83512,81458,308453,0
360000,2,2,2,-1,-1,-1,-1,-1,-1,6419,5290,1330,2255,4164,0,1067,1341,2255,4164,0,211,353581,354710,358670,357745,355836,360000,10420,0
180000,1,4,1,-1,-1,-1,-1,-1,-1,641,1812,5307,28004,957,0,1812,5347,28004,957,0,455,179359,178188,174693,151996,179043,180000,146,1
330000,1,2,3,-2,-2,-2,-1,-1,-1,2573,1800,-910,-1878,252686,72401,1800,0,594,256662,3000,4944,327427,328200,330910,331878,77314,257599,59672,0
140000,1,4,1,-1,-1,2,2,-2,-2,6265,7300,1934,0,0,0,2198,5,0,0,0,0,133735,132700,138066,140000,140000,140000,13296,1
360000,1,2,1,-2,-2,-2,-2,-2,-2,2459,944,2037,989,2885,989,955,2043,992,2903,992,3153,357541,359056,357963,359011,357115,359011,-735,0
150000,1,4,1,2,2,2,2,-1,-1,15475,18212,18617,18020,18726,19414,3000,1000,0,1000,1000,1000,134525,131788,131383,131980,131274,130586,101464,1
220000,3,4,1,-1,-1,-1,-1,-1,-1,14246,15601,17140,14131,15424,17345,2601,2140,2131,3424,2345,3385,205754,204399,202860,205869,204576,202655,77861,0
260000,3,2,2,-1,-1,-1,-1,-1,-1,257920,256117,232981,202190,202800,202490,10036,8185,6715,7033,6728,6882,2080,3883,27019,57810,57200,57510,1308919,0
30000,3,2,4,-1,-1,-1,-1,2,2,17708,18734,19442,20741,21162,20671,1615,1323,1622,900,0,765,12292,11266,10558,9259,8838,9329,112233,0
580000,1,2,2,-1,-1,-1,-1,-1,-1,2507,2174,6527,1818,2227,2666,2190,6558,1825,2236,2678,1707,577493,577826,573473,578182,577773,577334,725,0
50000,2,2,1,-1,-1,-1,-1,-1,-1,1582,300,591,441,741,441,300,591,441,741,441,291,48418,49700,49409,49559,49259,49559,1291,0
230000,1,2,2,-1,-1,2,-1,-1,-1,878,9567,3074,3660,3790,6006,9574,0,3660,3790,6006,5647,229122,220433,226926,226340,226210,223994,-1702,1
20000,2,1,2,2,-1,-1,-1,-1,-1,20264,20328,19299,19928,20204,20398,1500,1500,900,700,1480,0,-264,-328,701,72,-204,-398,114341,1
110000,3,1,2,2,-1,-1,-1,2,2,67591,69773,71886,76767,78462,79890,3200,3200,6000,3000,2800,3200,42409,40227,38114,33233,31538,30110,422969,1
240000,1,4,1,-1,-1,-1,-1,-1,-1,168068,168685,94520,14422,12552,20550,6042,3558,1000,600,10550,9000,71932,71315,145480,225578,227448,219450,448047,0
50000,2,2,2,-1,-1,-1,-1,-1,-1,49940,50761,49009,14275,17251,15077,2128,1344,505,5585,556,563,60,-761,991,35725,32749,34923,185632,0
20000,1,6,4,-1,-1,-1,-1,-1,-1,3680,0,543,780,2500,0,0,543,780,2500,0,0,16320,20000,19457,19220,17500,20000,3680,0
190000,3,2,3,-1,-1,-1,-1,-1,-1,113516,116157,115639,115849,118313,119973,6000,5581,4237,4423,5000,8888,76484,73843,74361,74151,71687,70027,665318,0
100000,3,4,4,-1,-1,2,-1,-1,-1,84027,88734,86369,89994,89681,89849,7500,0,5001,3390,4000,10000,15973,11266,13631,10006,10319,10151,498763,0
500000,2,1,2,-2,-2,-2,-2,-2,-1,13010,5016,-32,6443,0,265,5041,0,6475,0,265,5099,486990,494984,500032,493557,500000,499735,7822,0
170000,1,2,3,-1,-1,-1,-1,-1,-1,511,997,2446,720,236,210,1001,2446,720,236,210,52,169489,169003,167554,169280,169764,169790,455,0
150000,2,4,1,-1,-1,-1,-1,-1,-1,7795,13821,6640,5831,10514,5432,7000,1000,1070,6000,2432,116,142205,136179,143360,144169,139486,144568,32415,0
30000,2,1,3,-1,-1,-1,-1,-1,-1,46780,38099,38600,29400,30000,0,1899,1400,1188,600,0,0,-16780,-8099,-8600,600,0,30000,177792,0
80000,2,2,3,2,-1,-1,-1,-1,-1,80140,80627,80668,49233,48737,48280,3253,3211,1691,1721,1800,1576,-140,-627,-668,30767,31263,31720,374433,1
340000,3,2,3,-2,-1,-1,-1,-2,-2,20452,18816,24010,5320,16612,21373,18832,24099,5320,16612,21373,44729,319548,321184,315990,334680,323388,318627,-24382,0
210000,2,4,2,-1,-1,2,2,2,-1,89670,94043,85022,90779,84209,70162,7500,103,10000,0,3000,2000,120330,115957,124978,119221,125791,139838,491282,0
30000,1,4,1,-1,-1,-1,-1,-1,-1,28239,29974,29841,27592,17569,4059,2500,1011,301,37,17,0,1761,26,159,2408,12431,25941,133408,0
230000,1,2,1,-1,-1,-1,-1,-1,-1,3257,1816,1816,1806,764,3368,1816,1816,1806,774,3368,1027,226743,228184,228184,228194,229236,226632,2220,0
20000,2,2,1,-1,-1,-1,-1,-1,-1,18497,15172,17488,17923,16838,18535,1900,2900,1000,800,2000,1000,1503,4828,2512,2077,3162,1465,94853,0
70000,3,2,1,-1,-1,-1,-1,-1,-1,71147,72227,71078,50777,50841,50682,3800,3200,1950,2000,1828,2200,-1147,-2227,-1078,19223,19159,19318,351774,0
310000,1,2,5,-1,-1,-1,-1,-1,-1,259874,236662,220421,224801,229520,234145,8874,7984,8029,8324,8435,8552,50126,73338,89579,85199,80480,75855,1355225,1
80000,2,2,2,-1,-1,-1,-1,-1,-1,19211,20237,21268,23903,24367,24964,1337,1368,3003,1000,1000,2000,60789,59763,58732,56097,55633,55036,124242,1
150000,2,4,1,-1,-1,-1,-1,-1,-1,146778,139111,134382,134593,91112,68482,6554,10000,4749,3304,2285,700,3222,10889,15618,15407,58888,81518,686866,0
20000,3,1,3,-1,-1,-1,-1,-1,-1,13881,12170,13237,10790,390,780,1218,1285,608,390,780,0,6119,7830,6763,9210,19610,19220,46967,0
220000,2,2,4,-1,-1,-1,-1,-1,2,264,1138,3874,264,3105,2074,1138,3000,264,3105,0,264,219736,218862,216126,219736,216895,217926,2948,0
150000,1,4,2,-1,-1,-1,-1,-1,-1,150426,151052,143488,142419,145100,153229,5520,5200,5100,5300,10900,0,-426,-1052,6512,7581,4900,-3229,853694,0
530000,1,2,2,-1,-1,-1,-1,-1,-1,214022,393664,235392,232640,239004,236657,20000,10000,10000,10000,9000,10500,315978,136336,294608,297360,290996,293343,1481879,0
150000,2,2,1,-1,-1,-1,-1,-1,-1,108,-218,63174,43374,43950,44501,0,65748,1537,1585,1597,1615,149892,150218,86826,106626,106050,105499,122807,0
150000,1,4,1,-1,-1,-1,-1,-1,-1,2356,16836,1094,6382,5288,5288,16836,2000,5288,0,0,0,147644,133164,148906,143618,144712,144712,13120,1
420000,2,2,2,-1,-1,-1,-1,-1,-1,83640,63751,153092,111922,88709,36484,1275,156564,0,0,36484,69380,336360,356249,266908,308078,331291,383516,273895,0
80000,2,2,2,-2,-2,-2,-2,-2,-2,0,0,0,0,0,0,0,0,0,0,0,0,80000,80000,80000,80000,80000,80000,0,0
100000,2,2,2,-1,-1,-1,-1,-1,-1,87055,84712,76202,72368,71384,70346,3000,3403,2656,2500,2600,3000,12945,15288,23798,27632,28616,29654,444908,0
30000,2,4,1,2,2,2,2,2,2,15191,16144,16383,16518,16907,17279,1500,800,700,800,800,800,14809,13856,13617,13482,13093,12721,93022,1
50000,2,1,2,-1,-1,-1,-1,-2,-2,23607,24921,25775,0,0,0,2000,1800,0,0,0,0,26393,25079,24225,50000,50000,50000,70503,0
330000,1,4,2,-1,-1,-1,-2,-1,-1,1972,1586,0,0,1588,0,1586,0,0,1588,0,0,328028,328414,330000,330000,328412,330000,1972,1
140000,2,4,2,-1,-1,2,2,-1,-1,134783,142708,143475,136331,135778,135910,12800,5000,0,5100,5000,5000,5217,-2708,-3475,3669,4222,4090,796085,0
50000,2,2,2,-1,-1,-1,-1,-1,-1,95380,48764,50711,50389,49030,50045,2140,3082,1760,1926,1980,1750,-45380,1236,-711,-389,970,-45,331681,0
360000,2,1,2,1,-2,-2,-2,-2,-2,0,0,0,0,0,0,0,0,0,0,0,0,360000,360000,360000,360000,360000,360000,0,1
180000,2,2,2,-1,-1,2,-1,-1,-1,54198,54173,52687,52096,51508,50867,4400,0,2000,2000,2000,3000,125802,125827,127313,127904,128492,129133,302129,1
130000,2,2,1,2,-1,-1,2,-1,-1,54921,55055,54804,52439,52609,52739,2000,6844,0,2071,2115,1640,75079,74945,75196,77561,77391,77261,307897,0
130000,2,4,2,1,2,2,-1,-1,-1,120890,122275,109903,80909,71679,66169,5200,47,3000,2800,2713,2000,9110,7725,20097,49091,58321,63831,556065,0
20000,1,2,1,2,2,-1,-1,2,2,18199,17623,18317,19525,19084,19601,0,1300,1500,0,1600,0,1801,2377,1683,475,916,399,107949,0
260000,1,4,2,-1,-1,-1,-1,-1,-1,89538,82621,78236,49417,21226,23174,4000,2092,1333,769,2300,0,170462,177379,181764,210583,238774,236826,333718,0
50000,2,4,4,-1,-1,-1,-1,-1,-1,57595,54503,51217,47919,44593,38475,1996,1804,1664,1560,1370,1335,-7595,-4503,-1217,2081,5407,11525,284573,0
320000,2,2,1,-1,-1,-1,-1,-1,-1,145907,150336,110569,106095,92573,89650,30236,5004,4086,5033,5020,3006,174093,169664,209431,213905,227427,230350,642745,0
70000,2,2,2,-1,-1,-1,-1,-1,-1,49775,50600,47585,48493,49559,51079,2000,2500,2000,2000,2500,2050,20225,19400,22415,21507,20441,18921,284041,1
180000,1,2,3,-1,-1,-1,-1,-1,-1,807,4246,2727,5507,1382,538,4246,2727,5507,0,538,304,179193,175754,177273,174493,178618,179462,1885,0
60000,2,1,4,2,2,-1,-1,-1,-1,61493,58784,54087,37613,39038,37814,55,2400,1316,2000,1531,1477,-1493,1216,5913,22387,20962,22186,280050,0
80000,2,1,1,-2,-2,-2,-2,-2,-2,795,1698,798,-2,748,708,1703,800,0,750,810,1310,79205,78302,79202,80002,79252,79292,-628,0
10000,3,2,3,-1,-1,-1,-1,-1,-1,6904,7841,9635,17622,8991,0,1206,2000,176,360,0,0,3096,2159,365,-7622,1009,10000,47251,0
150000,2,2,2,1,2,-1,-1,-1,-1,42932,42010,46007,47978,49100,50181,0,5000,3000,2000,2000,2000,107068,107990,103993,102022,100900,99819,264208,1
50000,3,4,4,-1,-1,-1,-1,-1,-1,45698,49270,48186,20127,18988,19942,6000,2044,3150,1000,3000,905,4302,730,1814,29873,31012,30058,186112,0
150000,3,2,3,-1,-1,-1,-1,-1,-1,64425,57073,32516,21018,21320,143489,1745,1269,0,1545,135000,5000,85575,92927,117484,128982,128680,6511,195282,0
350000,1,2,2,-1,-1,-1,-1,-1,-1,36098,21848,23309,13002,14473,11496,3604,2072,0,2071,11553,14328,313902,328152,326691,336998,335527,338504,86598,0
380000,1,4,3,-1,-1,-1,-1,-1,-1,371917,355744,347667,304356,311458,299277,15071,13500,11000,12000,12000,11000,8083,24256,32333,75644,68542,80723,1915848,0
130000,3,4,1,-1,-1,-1,-1,-1,-1,250,174,1214,1125,139,0,174,1214,1125,139,0,391,129750,129826,128786,128875,129861,130000,-141,0
180000,1,2,2,-1,-1,-2,-2,-2,-2,1651,0,0,0,0,0,0,0,0,0,0,295,178349,180000,180000,180000,180000,180000,1356,0
100000,2,2,3,-1,-1,-1,-1,-1,-1,107224,107126,101859,79519,74368,58481,7000,3533,2673,3500,4303,3023,-7224,-7126,-1859,20481,25632,41519,504545,0
30000,3,2,2,3,2,2,2,2,2,23368,24688,24988,24288,26098,25530,2000,1000,0,2200,0,1100,6632,5312,5012,5712,3902,4470,142660,1
430000,1,2,1,-1,-1,-1,-1,-1,-1,406995,438832,312608,341552,345532,339050,40000,30000,35000,30000,20019,40000,23005,-8832,117392,88448,84468,90950,1989550,0
200000,2,2,2,-1,2,-1,-1,-1,-1,2681,1273,2192,430,430,6136,0,2192,430,430,6136,2923,197319,198727,197808,199570,199570,193864,1031,1
360000,2,1,3,1,-2,-2,-2,-2,-2,0,0,0,0,0,0,0,0,0,0,0,0,360000,360000,360000,360000,360000,360000,0,1
80000,1,4,2,-1,-1,-1,-1,-1,-1,1147,1147,1147,1147,1100,5053,1147,1147,1147,1100,5100,18500,78853,78853,78853,78853,78900,74947,-17400,0
40000,1,4,1,2,2,2,2,2,-1,27255,26532,29089,28522,28914,29482,0,3000,200,1000,1200,1300,12745,13468,10911,11478,11086,10518,163094,1
80000,2,4,1,-1,-1,-1,-1,-1,-1,12393,14187,13263,11045,10259,5773,2022,1308,506,1516,1000,1000,67607,65813,66737,68955,69741,74227,59568,0
20000,3,2,1,-1,-1,-1,-1,-1,-1,17030,18064,19046,19221,18603,19075,1315,1297,672,675,781,734,2970,1936,954,779,1397,925,105565,0
250000,2,4,1,-1,-1,-1,-1,-1,-1,956,1339,2617,1817,975,1141,1339,2617,0,0,1141,1720,249044,248661,247383,248183,249025,248859,2028,1
70000,2,1,3,-1,-1,-1,-1,-1,-1,16186,3680,4540,39994,6844,12308,2000,4540,39994,6850,10000,13000,53814,66320,65460,30006,63156,57692,7168,0
20000,1,2,2,-1,-1,-1,-1,-1,-1,14676,15721,19335,20029,20473,19860,1286,3900,1000,900,900,600,5324,4279,665,-29,-473,140,101508,1
160000,4,2,2,1,-2,-2,-2,-2,-2,-18,-18,-18,-18,-18,-18,0,0,0,0,0,0,160018,160018,160018,160018,160018,160018,-108,0
70000,2,1,2,-1,-1,-1,-2,-2,-2,27868,28850,0,0,0,0,1850,0,0,0,0,0,42132,41150,70000,70000,70000,70000,54868,1
50000,2,4,2,-2,-2,-2,-2,-2,-2,588,592,390,390,280,720,592,390,390,280,913,390,49412,49408,49610,49610,49720,49280,5,0
30000,3,2,3,2,2,2,3,2,2,26042,27127,28762,29485,28878,30699,1800,2378,1496,0,2462,0,3958,2873,1238,515,1122,-699,162857,1
80000,2,1,3,-1,-1,-1,-1,-1,-1,46495,8241,11000,16000,0,54070,3000,3000,5000,0,54070,5247,33505,71759,69000,64000,80000,25930,65489,0
20000,2,1,4,-1,-1,-1,-1,-1,-1,15768,16792,18105,18157,18538,19200,1285,1598,650,674,971,580,4232,3208,1895,1843,1462,800,100802,0
50000,4,2,2,-1,-1,-1,-1,-1,-1,10335,9538,6793,13864,5243,5391,1200,1024,163,146,2000,1000,39665,40462,43207,36136,44757,44609,45631,0
50000,1,2,1,1,-2,-2,-2,-2,-2,0,0,0,0,0,0,0,0,0,0,0,0,50000,50000,50000,50000,50000,50000,0,0
230000,1,2,2,-1,-1,-1,-1,-1,-1,2078,380,2100,530,2282,1390,380,2100,530,2282,1390,380,227922,229620,227900,229470,227718,228610,1698,0
10000,2,4,1,1,-2,-2,-2,-2,-2,-1000,-1000,-1000,-1000,-1000,-1000,0,0,0,0,0,1000,11000,11000,11000,11000,11000,11000,-7000,1
20000,2,1,3,-1,-1,2,-1,-1,2,16070,19107,18506,18802,20199,19394,3300,0,900,1700,0,253,3930,893,1494,1198,-199,606,105925,0
110000,2,2,2,2,-1,-1,-1,-1,2,108180,107597,89775,47139,47259,46348,5000,3000,2020,5000,0,3000,1820,2403,20225,62861,62741,63652,428278,0
200000,1,4,1,-1,-1,-1,-1,-1,-1,5624,2519,2519,2519,13137,566,2519,2519,2519,13137,566,416,194376,197481,197481,197481,186863,199434,5208,0
20000,2,1,4,1,-1,-1,-1,-1,-1,-1213,30322,20033,19871,15410,18969,52082,15800,2000,20085,39070,25000,21213,-10322,-33,129,4590,1031,-50645,0
80000,1,2,1,-1,-1,2,-1,-1,-1,2946,4599,1863,3309,1446,390,4599,0,1446,0,0,2493,77054,75401,78137,76691,78554,79610,6015,0
280000,2,4,2,1,-2,-2,-2,-1,-1,0,0,0,0,5360,251,0,0,0,5360,251,5360,280000,280000,280000,280000,274640,279749,-5360,0
140000,2,2,3,-1,-1,-1,-1,-1,-1,106974,109061,7262,7410,1545,0,4924,1000,148,1545,0,0,33026,30939,132738,132590,138455,140000,224635,0
60000,1,4,1,-1,-1,-1,2,2,2,24066,24786,27050,26317,28200,28762,1414,2678,0,2310,1173,0,35934,35214,32950,33683,31800,31238,151606,0
50000,2,1,4,-1,-1,-1,-1,-1,-1,113247,108550,118310,9904,9905,9974,3000,10510,4000,500,1000,2000,-63247,-58550,-68310,40096,40095,40026,348880,0
200000,1,2,2,-2,-2,-2,-2,-2,-2,0,0,0,0,0,35979,0,0,0,0,35979,6191,200000,200000,200000,200000,200000,164021,-6191,0
180000,1,2,2,1,2,-1,-1,-1,-1,114413,111165,117004,119542,122452,130293,0,10000,6000,5000,10000,6500,65587,68835,62996,60458,57548,49707,677369,0
260000,2,4,3,-1,-1,-1,-1,-1,-1,207977,207713,197120,198815,201007,205181,9000,7009,7000,8000,8000,8000,52023,52287,62880,61185,58993,54819,1170804,0
150000,1,2,2,-1,-1,2,2,2,-1,52582,57496,55705,57210,57084,13194,6395,0,2100,222,1000,650,97418,92504,94295,92790,92916,136806,282904,1
130000,1,4,2,-1,-1,-1,-1,-1,-1,126080,129104,130745,127344,127809,119976,7000,8000,5000,4500,4500,5000,3920,896,-745,2656,2191,10024,727058,0
120000,3,2,4,-1,-1,-1,-1,-2,-2,390,0,780,0,0,0,0,780,0,0,0,0,119610,120000,119220,120000,120000,120000,390,1
210000,2,2,2,-2,-2,-2,-2,-2,-2,0,0,0,0,0,0,0,0,0,0,0,0,210000,210000,210000,210000,210000,210000,0,0
110000,1,6,2,-1,-1,-1,-1,-1,-1,165090,106448,103618,79687,76742,77096,4259,3212,28246,2730,2834,2711,-55090,3552,6382,30313,33258,32904,564689,0
30000,2,2,1,-1,-1,-1,-1,-1,-1,29617,4096,2058,540,13056,1690,4096,2064,540,13056,1690,16964,383,25904,27942,29460,16944,28310,12647,0
170000,1,4,1,-1,-1,-1,-1,-1,-1,12218,5500,100,1608,1800,897,5507,100,1608,1800,897,1443,157782,164500,169900,168392,168200,169103,10768,1
360000,1,4,2,-1,-1,-1,-1,-1,-1,13819,2148,34766,14138,14690,19792,2148,34766,2005,2190,7300,20296,346181,357852,325234,345862,345310,340208,30648,0
130000,1,2,2,-1,-1,-1,-1,-1,-1,116093,100296,95053,96146,98310,95726,3647,4198,3490,3800,3920,3447,13907,29704,34947,33854,31690,34274,579122,1
30000,1,4,1,2,2,2,-1,-1,-1,12324,15628,15069,15868,16657,13998,4500,0,1000,1000,668,203,17676,14372,14931,14132,13343,16002,82173,1
160000,2,2,2,-2,-2,-2,-2,-2,-2,239,0,0,0,1446,426,0,0,0,1446,426,0,159761,160000,160000,160000,158554,159574,239,0
30000,2,2,3,-1,-1,-1,-1,-1,-1,25166,26195,27209,27924,30204,30000,1437,1451,1166,2900,600,0,4834,3805,2791,2076,-204,0,159144,0
10000,2,4,1,1,-1,-1,-2,-2,-2,0,1000,0,0,0,0,1000,0,0,0,0,0,10000,9000,10000,10000,10000,10000,0,1
50000,2,4,2,-1,-1,-1,-1,-1,-1,2410,0,4494,3034,2327,5892,0,4494,61,47,5892,164,47590,50000,45506,46966,47673,44108,7499,0
80000,2,1,3,-1,-1,-1,-1,-1,-1,23833,17815,15140,140,3090,180,5000,5000,5000,3100,1000,5000,56167,62185,64860,79860,76910,79820,36098,0
260000,1,2,3,1,-2,-2,-1,-1,-1,0,0,0,1180,1180,0,0,0,1180,0,0,0,260000,260000,260000,258820,258820,260000,1180,0
170000,3,2,1,2,-1,-1,-1,-1,-1,74453,66087,60649,61408,59390,57037,5020,3003,3009,2013,3041,3000,95547,103913,109351,108592,110610,112963,359938,1
30000,3,4,1,-1,-1,-1,-1,-1,-1,20983,22636,24417,27020,28107,28727,2000,2500,3000,1500,1056,544,9017,7364,5583,2980,1893,1273,141290,0
50000,3,4,4,-1,-1,-1,-1,-1,-1,25577,26352,16846,17562,18275,18711,1269,1284,1000,1000,740,1000,24423,23648,33154,32438,31725,31289,117030,0
120000,3,1,3,-1,-1,-1,-1,-1,-1,88185,91748,94242,88828,97643,79371,5000,4251,6000,10000,3019,13154,31815,28252,25758,31172,22357,40629,498593,0
240000,2,2,2,2,-1,-1,-1,-1,-1,71876,72382,72155,72543,73011,73484,3100,2400,2367,2435,2500,3000,168124,167618,167845,167457,166989,166516,419649,1
180000,1,2,3,-1,-1,-1,-1,-1,-1,16366,18339,2766,97996,55156,36213,18339,2766,97996,1861,1196,3000,163634,161661,177234,82004,124844,143787,101678,0
60000,3,4,1,-1,-1,-1,-1,-1,-1,38726,39764,41084,41741,42461,43457,1663,1983,1640,1542,1703,1758,21274,20236,18916,18259,17539,16543,236944,0
150000,3,4,2,-1,-1,-1,-1,-1,-1,113932,87187,81491,77078,66927,50881,2500,3000,2000,5000,5055,5000,36068,62813,68509,72922,83073,99119,454941,1
360000,2,4,1,1,-2,-2,-2,-2,-2,0,0,0,0,0,0,0,0,0,0,0,0,360000,360000,360000,360000,360000,360000,0,0
350000,1,4,2,-2,-2,-2,-2,-2,-2,0,0,0,0,0,0,0,0,0,0,0,0,350000,350000,350000,350000,350000,350000,0,1
30000,1,2,3,-1,-1,-1,-2,-2,-2,390,780,0,0,0,0,780,0,0,0,0,0,29610,29220,30000,30000,30000,30000,390,0
120000,1,4,1,-1,-1,-1,-1,-1,-1,121805,120933,120629,116316,117358,118560,4600,4300,4200,4219,4500,7600,-1805,-933,-629,3684,2642,1440,686182,0
330000,1,1,3,1,-2,-2,-2,-2,-2,0,0,0,0,0,0,0,0,0,0,0,0,330000,330000,330000,330000,330000,330000,0,1
500000,2,2,3,-2,-2,-1,-1,-1,-2,26697,26319,79424,77920,55625,30092,1131,150042,4790,3236,866,630,473303,473681,420576,422080,444375,469908,135382,0
100000,2,2,2,-1,-1,-1,-1,-1,-1,102724,100186,102604,101856,101105,101071,4600,5000,4000,4000,4200,3800,-2724,-186,-2604,-1856,-1105,-1071,583946,0
80000,2,2,2,1,2,-1,-1,-1,-1,2626,2410,3237,2760,914,0,0,3237,2760,914,0,0,77374,77590,76763,77240,79086,80000,5036,0
260000,2,4,2,-1,-1,-1,-1,-1,-1,34405,52512,52263,52261,52140,52615,20000,1826,1971,2000,2500,2000,225595,207488,207737,207739,207860,207385,265899,0
500000,2,1,3,-1,-1,-1,-1,-1,-1,171565,184782,152365,139757,153348,127391,20241,20154,20019,20151,20037,21,328435,315218,347635,360243,346652,372609,828585,0
90000,1,2,4,-1,-1,-1,-1,-1,-1,91656,87106,48730,27535,27751,29923,5110,2000,3000,1000,3000,3000,-1656,2894,41270,62465,62249,60077,295591,0
360000,2,2,2,-1,-1,-1,-1,-1,-1,1604,238,2402,3580,183,1995,239,2414,3597,183,2005,3635,358396,359762,357598,356420,359817,358005,-2071,0
360000,3,2,2,-1,-1,-1,-1,-1,-1,3821,1937,944,1219,2216,1440,1937,944,1219,2216,2000,648,356179,358063,359056,358781,357784,358560,2613,0
100000,2,4,1,-1,-1,-1,-1,-1,-1,8791,4910,0,674,0,980,1000,0,674,0,980,4413,91209,95090,100000,99326,100000,99020,8288,0
200000,2,2,2,-1,-1,-1,-1,-1,-1,190120,194533,194175,189457,187050,187082,9000,9000,8000,10000,8000,7000,9880,5467,5825,10543,12950,12918,1091417,1
490000,2,4,4,-1,-1,-1,-1,-1,-1,191937,194347,202400,46634,47622,50844,7133,11365,1700,1740,4026,2060,298063,295653,287600,443366,442378,439156,705760,0
460000,1,1,3,-1,-1,-1,-1,-1,-1,100026,89681,81812,82326,76055,74979,5095,5011,5047,4021,4071,3000,359974,370319,378188,377674,383945,385021,478634,0
20000,1,2,2,1,2,2,2,2,2,10968,12495,11998,13795,13431,16199,2000,0,2000,0,3000,0,9032,7505,8002,6205,6569,3801,71886,1
230000,2,2,2,-1,-1,-1,-1,-1,-1,76050,76921,65452,61129,55199,55380,3000,4000,3000,3000,2000,3000,153950,153079,164548,168871,174801,174620,372131,0
170000,2,4,1,-1,-1,-1,-1,-1,-1,169531,174799,179868,177952,176160,175304,8000,8000,7000,7000,8000,9000,469,-4799,-9868,-7952,-6160,-5304,1006614,0
60000,3,2,5,-1,-1,-1,-1,-1,-1,56285,56894,57006,28198,23888,24083,5000,2156,3017,2009,3000,3000,3715,3106,2994,31802,36112,35917,228172,0
90000,2,2,2,-1,-1,2,-1,-1,-1,26772,70398,56266,47804,44230,48144,56388,112,1779,1786,5414,2418,63228,19602,33734,42196,45770,41856,225717,0
160000,1,1,2,1,-1,-1,-2,-2,-2,0,499,0,0,0,0,499,0,0,0,0,0,160000,159501,160000,160000,160000,160000,0,0
20000,2,2,2,2,2,2,-1,-1,-1,20586,20568,20185,20016,20044,20172,1300,700,700,1700,1600,700,-586,-568,-185,-16,-44,-172,114871,1
500000,1,2,2,1,-2,-2,-2,-2,-2,0,0,0,0,0,200,0,0,0,0,200,159200,500000,500000,500000,500000,500000,499800,-159200,0
30000,2,2,3,-1,-1,-1,-1,-1,-1,9801,10535,11552,11933,12092,17884,1200,1200,573,500,6000,1200,20199,19465,18448,18067,17908,12116,63124,1
170000,2,2,2,-1,-1,-1,-1,-1,-1,2908,3408,2908,9283,2908,2908,3408,2908,9283,0,2908,7163,167092,166592,167092,160717,167092,167092,-1347,0
100000,3,2,3,-1,-1,-1,-1,-1,-1,80808,77825,70721,69603,65499,62296,3025,3000,3000,3000,3000,3000,19192,22175,29279,30397,34501,37704,408727,0
50000,2,2,2,-1,-1,-1,-1,-1,-1,48493,49073,50370,29862,29275,29535,2109,2406,1278,1036,1115,947,1507,927,-370,20138,20725,20465,227717,0
110000,2,2,1,2,2,2,2,-1,-1,111541,113676,114223,110876,107710,90071,5400,4000,0,4000,3700,4000,-1541,-3676,-4223,-876,2290,19929,626997,1
20000,1,4,1,-1,-1,2,-1,-1,-1,11672,8584,8279,8444,8621,8868,2424,0,284,294,371,500,8328,11416,11721,11556,11379,11132,50595,0
70000,3,4,1,-1,-1,-1,-1,-1,-1,28995,30131,31610,37209,40749,40541,1600,2000,7000,5000,1500,1500,41005,39869,38390,32791,29251,29459,190635,0
310000,2,2,3,-2,-2,-2,-2,-2,-1,-606,44878,19950,79227,20097,25594,45484,20033,79520,94,25910,10933,310606,265122,290050,230773,289903,284406,7166,0
30000,2,2,1,2,2,2,2,-1,-1,35991,35751,34639,32493,32001,33064,2000,1200,0,1500,3100,0,-5991,-5751,-4639,-2493,-2001,-3064,196139,1
30000,2,2,1,-1,-1,2,2,2,2,21632,24267,24572,24872,25427,25860,3300,1000,1000,1100,1000,1100,8368,5733,5428,5128,4573,4140,138130,1
100000,1,2,2,-1,-1,-1,-2,-2,-2,51713,25272,0,0,0,0,1000,0,0,0,0,0,48287,74728,100000,100000,100000,100000,75985,0
150000,1,4,2,-2,-2,-2,-2,-2,-2,217,0,2403,0,4932,402,0,2403,0,4932,402,3516,149783,150000,147597,150000,145068,149598,-3299,0
80000,2,2,1,-1,-1,-1,-1,-1,-1,78406,52520,27543,51180,27017,28560,1500,3024,1200,2000,2000,1000,1594,27480,52457,28820,52983,51440,254502,0
200000,3,2,3,-1,-1,-1,-1,-1,2,158809,150904,144302,137700,135443,128229,5380,5141,5032,9400,4400,0,41191,49096,55698,62300,64557,71771,826034,0
20000,2,1,2,1,2,2,2,2,-1,19006,18418,20465,20381,18446,18598,0,2690,900,0,1000,1000,994,1582,-465,-381,1554,1402,109724,1
30000,2,1,2,-1,-1,-1,-1,-1,-1,23900,25507,26489,27017,56186,29146,2000,1418,946,1437,3000,0,6100,4493,3511,2983,-26186,854,179444,0
50000,3,2,3,-1,-1,-1,-1,-1,-1,13436,14460,15472,15778,16109,16427,1246,1258,564,585,586,608,36564,35540,34528,34222,33891,33573,86835,0
130000,4,2,2,-1,-1,-1,-1,-1,-1,3275,376,17055,14693,14855,14817,376,17055,575,449,1000,339,126725,129624,112945,115307,115145,115183,45277,0
330000,1,2,2,-1,-1,-1,-1,-1,-1,162657,151305,138277,141453,112633,121242,5500,4723,5500,4000,10700,4500,167343,178695,191723,188547,217367,208758,792644,0
80000,3,4,4,-2,-2,-2,-2,-2,-2,5687,0,0,19230,0,0,0,0,19230,0,0,0,74313,80000,80000,60770,80000,80000,5687,0
50000,1,2,2,-1,-1,-1,-1,-1,-1,2531,14504,22553,14900,6758,3727,14608,22730,14911,6758,3727,2440,47469,35496,27447,35100,43242,46273,-201,0
150000,1,4,2,-1,-1,-1,-2,-2,-2,10544,11982,-18,-18,-18,-18,2000,0,0,0,0,0,139456,138018,150018,150018,150018,150018,20454,0
210000,2,2,2,1,-1,-1,-1,-1,-1,0,241,4651,4746,3938,3479,241,4651,95,301,3479,1000,210000,209759,205349,205254,206062,206521,7288,0
30000,2,2,2,3,2,2,-2,-2,-2,30583,29901,0,0,0,0,389,0,0,0,0,0,-583,99,30000,30000,30000,30000,60095,0
500000,1,4,2,1,-1,2,-1,-1,-1,17144,2447,1221,1157,1133,2107,3678,6,1162,1133,1010,5,482856,497553,498779,498843,498867,497893,18215,0
60000,1,4,2,1,2,-1,-1,-1,-1,31634,5720,18026,0,279,-101,0,18026,0,279,0,56839,28366,54280,41974,60000,59721,60101,-19586,0
20000,2,2,1,-1,-1,-1,-1,-1,-1,1473,390,390,870,480,780,390,390,870,0,300,1500,18527,19610,19610,19130,19520,19220,933,0
30000,2,4,1,2,2,2,-1,-1,2,21034,27321,26589,27050,29446,28825,7000,0,1200,3000,0,2000,8966,2679,3411,2950,554,1175,147065,1
120000,2,1,5,2,2,2,2,2,2,27497,27960,28996,29321,29803,30511,1200,1800,1100,1100,1350,1500,92503,92040,91004,90679,90197,89489,166038,1
80000,2,2,2,1,2,-1,-1,-1,-1,79900,64815,52806,57028,59456,55623,21,1819,5000,4000,4000,1894,100,15185,27194,22972,20544,24377,352894,1
360000,1,2,2,-2,-2,-2,-2,-2,-2,0,0,0,0,0,0,0,0,0,0,0,0,360000,360000,360000,360000,360000,360000,0,1
150000,2,1,2,-1,-1,-1,-1,-1,-1,6750,15227,17610,19467,3173,1534,15227,17610,10055,0,1534,0,143250,134773,132390,130533,146827,148466,19335,0
10000,3,4,4,-1,-1,-1,-1,-1,-1,53095,54562,5428,7928,6091,0,2134,1000,2500,122,0,0,-43095,-44562,4572,2072,3909,10000,121348,0
230000,3,2,2,-1,-1,-1,-1,-1,-1,134272,238601,135099,133431,53103,49586,107000,3826,5000,5000,2000,3000,95728,-8601,94901,96569,176897,180414,618266,0
380000,3,4,2,-1,-1,-1,-1,-1,-1,3859,9194,15157,11147,12483,13680,9240,15233,11202,12493,13748,18061,376141,370806,364843,368853,367517,366320,-14457,0
350000,1,4,3,-2,-2,-2,-2,-2,-2,0,7900,7620,790,0,0,7900,0,790,0,0,1948,350000,342100,342380,349210,350000,350000,5672,0
130000,2,4,1,-1,-1,-1,-1,-1,-1,113900,109062,105252,103969,104254,99525,5000,6000,10000,10000,5000,9000,16100,20938,24748,26031,25746,30475,590962,0
490000,1,4,1,-2,-1,-1,-1,-1,-1,4301,16230,28800,27870,27540,27630,16388,28800,0,0,6136,3080,485699,473770,461200,462130,462460,462370,77967,0
150000,2,4,1,-1,-1,-1,-1,-1,-2,12272,4447,5228,1623,0,0,4447,1000,1623,0,0,0,137728,145553,144772,148377,150000,150000,16500,0
340000,2,4,2,-2,-2,-2,-2,-2,-2,0,780,0,0,0,0,780,0,0,0,0,0,340000,339220,340000,340000,340000,340000,0,1
80000,1,4,4,1,-2,-2,-2,-2,-2,0,0,0,0,0,0,0,0,0,0,0,0,80000,80000,80000,80000,80000,80000,0,0
230000,1,4,2,-2,-2,-2,-2,-2,-2,0,0,0,1279,0,2794,0,0,1279,0,2794,0,230000,230000,230000,228721,230000,227206,0,0
160000,2,2,2,-1,-1,-1,-1,-1,-1,119165,118392,117553,113256,112678,111924,6008,6011,3606,3803,4003,3311,40835,41608,42447,46744,47322,48076,666226,0
300000,2,2,2,-1,-1,-1,-1,-2,-1,1326,0,256,0,0,126,0,256,0,0,126,0,298674,300000,299744,300000,300000,299874,1326,0
400000,2,2,1,-1,-1,-1,-1,-1,-1,176294,190256,89128,39276,23440,59922,44776,1502,2026,1015,52100,5101,223706,209744,310872,360724,376560,340078,471796,0
80000,2,2,3,-1,-1,-1,-1,-1,-1,390,390,390,390,390,390,390,390,390,390,390,390,79610,79610,79610,79610,79610,79610,0,0
320000,2,1,3,-1,-1,-1,-1,-1,-1,1471,5184,4144,6290,977,-23,5318,4160,6296,977,23,0,318529,314816,315856,313710,319023,320023,1269,0
310000,1,2,2,-2,-2,-2,-2,-2,-1,17611,24122,26242,21026,18121,7842,10000,4000,0,0,7842,24003,292389,285878,283758,288974,291879,302158,69119,0
270000,2,2,2,-2,-2,-1,-1,-1,-2,3979,511,10069,9214,199,0,511,10069,186,199,0,0,266021,269489,259931,260786,269801,270000,13007,0
280000,3,2,4,-1,-1,2,-1,-1,-1,4405,7322,7043,8932,9654,10774,3000,0,2000,1000,2000,2000,275595,272678,272957,271068,270346,269226,38130,0
330000,1,2,2,-1,-1,-1,-1,-1,-1,163406,137664,3381,40635,40490,38431,7558,5000,42054,3000,2000,1100,166594,192336,326619,289365,289510,291569,363295,0
50000,2,2,3,-1,-1,-1,2,2,2,7282,8307,9709,9404,10254,9940,1300,1700,0,1000,0,200,42718,41693,40291,40596,39746,40060,50696,0
240000,1,4,1,1,-2,-2,-2,-2,-2,0,0,0,0,0,0,0,0,0,0,0,0,240000,240000,240000,240000,240000,240000,0,1
180000,3,4,1,-1,-1,-1,-1,-1,-1,3898,0,715,4079,0,213,0,715,6942,0,213,0,176102,180000,179285,175921,180000,179787,1035,0
270000,1,2,1,4,4,3,2,2,2,237881,232799,227597,230751,235931,240595,0,0,8400,9000,8700,9000,32119,37201,42403,39249,34069,29405,1370454,1
70000,1,2,2,2,2,2,2,2,2,50016,48941,51809,50675,54839,53803,0,4000,0,5000,0,4000,19984,21059,18191,19325,15161,16197,297083,1
290000,1,2,1,-1,-1,-1,-1,-1,-1,246284,218441,176099,170282,166869,173273,10000,8000,6500,7000,10000,10000,43716,71559,113901,119718,123131,116727,1099748,0
350000,1,4,3,-2,-2,-2,-2,-2,-2,0,3813,1298,500,2398,0,3813,1298,500,2398,0,1902,350000,346187,348702,349500,347602,350000,-1902,0
210000,2,1,4,2,-1,-1,-1,-1,-1,471,176,195,485,210,3483,176,195,485,0,4466,417,209529,209824,209805,209515,209790,206517,-719,0
110000,2,2,3,2,2,2,2,2,2,53016,56532,57502,58460,59876,58761,5000,2500,2500,2500,0,5000,56984,53468,52498,51540,50124,51239,326647,1
300000,2,1,2,-1,-1,-1,-1,-1,-2,2884,1706,2960,579,0,0,1706,2964,579,0,0,2937,297116,298294,297040,299421,300000,300000,-57,1
140000,2,4,2,-1,-1,-1,-1,-1,2,141453,132415,130305,79775,74462,74954,8000,3100,3000,5417,0,500,-1453,7585,9695,60225,65538,65046,613347,0
80000,1,2,1,-1,-1,2,-1,-1,-1,77111,81555,72868,55780,53523,54679,6384,0,2100,2100,2200,2200,2889,-1555,7132,24220,26477,25321,380532,0
360000,2,2,3,-1,-1,-1,-1,-2,-2,44380,968,990,390,390,3103,968,990,390,390,3103,0,315620,359032,359010,359610,359610,356897,44380,0
210000,2,4,2,-1,-1,-1,-1,-1,-1,19951,21620,23251,24358,25805,27168,2000,2000,1500,2000,1800,1500,190049,188380,186749,185642,184195,182832,131353,0
50000,2,2,1,-1,2,2,2,-1,-1,19875,19273,21133,19121,19663,20235,0,2500,0,1000,1050,600,30125,30727,28867,30879,30337,29765,114150,1
80000,1,4,1,1,-2,-2,-2,-1,-1,0,0,0,0,2284,-786,0,0,0,2284,0,0,80000,80000,80000,80000,77716,80786,-786,1
130000,3,4,1,-1,-1,-1,-1,-1,-1,49780,51200,88209,53958,50577,41585,2300,50577,2000,2000,1488,1542,80220,78800,41791,76042,79423,88415,275402,0
50000,1,4,1,-1,-1,-1,-1,-1,-1,49077,47610,46490,21056,20425,20632,2610,2609,715,930,2000,770,923,2390,3510,28944,29575,29368,195656,0
80000,3,4,2,-2,-2,-2,-2,-2,-2,585,-395,-2241,0,0,0,395,1846,8759,0,0,0,79415,80395,82241,80000,80000,80000,-13051,0
350000,1,2,2,-1,-1,2,2,2,-1,3260,4248,785,135,0,1006,4273,0,0,1006,1006,0,346740,345752,349215,349865,350000,348994,3149,0
330000,2,2,2,-2,-2,-2,-2,-2,-2,2148,0,3080,3119,0,7255,0,3080,3119,0,7255,9060,327852,330000,326920,326881,330000,322745,-6912,0
80000,2,4,1,2,2,2,-1,-1,2,20661,22515,23339,23654,25119,24567,2500,1500,1000,2000,0,1058,59339,57485,56661,56346,54881,55433,131797,0
280000,1,2,4,-1,-1,-1,-1,-1,-1,11223,15225,4951,2408,8360,6202,15262,4951,2408,8360,6202,200,268777,264775,275049,277592,271640,273798,10986,0
30000,2,2,3,-1,-1,-1,-1,-1,-2,27414,26910,25321,19455,0,0,1526,1696,1015,0,0,0,2586,3090,4679,10545,30000,30000,94863,0
200000,3,1,3,-1,-1,-1,-1,-1,-1,69106,70393,73220,74419,76078,77822,3000,4000,3000,3000,3000,3000,130894,129607,126780,125581,123922,122178,422038,0
120000,1,4,1,-1,-1,-1,-1,-1,-1,2897,481,721,444,710,1920,485,721,444,710,1920,0,117103,119519,119279,119556,119290,118080,2893,0
50000,2,2,2,-1,-1,-1,-2,-2,-2,3239,4166,0,0,0,0,1000,0,0,0,0,0,46761,45834,50000,50000,50000,50000,6405,0
50000,2,2,2,1,2,-1,-1,-1,-1,18190,12521,14308,14769,15925,15441,0,2000,1000,1542,764,3000,31810,37479,35692,35231,34075,34559,82848,0
300000,1,1,4,1,2,2,2,2,2,158230,160242,156171,165556,169250,172804,6000,0,12000,6500,6500,6500,141770,139758,143829,134444,130750,127196,944753,1
20000,2,2,2,-1,-1,-1,-1,-1,-1,12755,832,2800,1231,1052,0,832,1000,900,500,0,0,7245,19168,17200,18769,18948,20000,15438,0
50000,2,2,3,-1,-1,-1,-1,-1,-1,47772,46935,33937,19277,14563,17293,2000,1221,595,1000,3500,2000,2228,3065,16063,30723,35437,32707,169461,1
500000,2,4,3,-1,-1,-1,-1,-1,-1,77257,73089,81210,88888,107072,115264,10000,10000,10000,20000,10000,0,422743,426911,418790,411112,392928,384736,482780,0
130000,2,2,3,-1,-1,-1,-1,-1,-1,1445,1445,1651,1651,390,0,1445,1651,0,390,0,780,128555,128555,128349,128349,129610,130000,2316,0
70000,1,4,1,2,2,2,2,2,2,59794,58267,63931,64585,66207,67577,0,6672,2300,2800,2600,0,10206,11733,6069,5415,3793,2423,365989,1
70000,3,4,1,-1,-1,2,-1,-1,-1,24336,25510,24726,25377,24818,14978,3010,0,875,600,1000,600,45664,44490,45274,44623,45182,55022,133660,0
120000,2,4,1,-1,-1,-1,-1,-1,2,36175,37062,32916,30947,22974,19539,3000,2000,1500,2000,0,8000,83825,82938,87084,89053,97026,100461,163113,0
340000,2,1,3,-1,-1,-1,-1,-1,-1,73627,75052,76022,76402,75356,76237,3870,3819,2823,2876,2853,2863,266373,264948,263978,263598,264644,263763,433592,0
130000,1,2,3,-1,-1,-1,-1,-1,-1,1392,0,696,1076,316,696,0,696,1076,316,696,696,128608,130000,129304,128924,129684,129304,696,1
240000,1,2,2,-1,-1,-1,-1,-1,-1,239009,243242,242128,216017,199069,202358,15018,35521,20003,7009,15018,20100,991,-3242,-2128,23983,40931,37642,1229154,0
50000,2,2,2,-1,-1,-1,-1,-1,2,28522,29906,34057,34611,38359,37592,1849,5000,1417,4488,0,1540,21478,20094,15943,15389,11641,12408,188753,0
210000,2,2,3,-1,-1,-1,-1,-1,-1,11876,11876,11876,11876,18954,11876,11876,11876,11876,18954,5000,11876,198124,198124,198124,198124,191046,198124,6876,0
30000,2,2,2,2,2,2,2,2,2,20732,21451,20808,21761,22762,23139,1347,0,1300,1500,900,0,9268,8549,9192,8239,7238,6861,125606,1
80000,2,4,1,-1,-1,-1,-1,-1,-1,76737,70614,68502,27160,27712,29245,3500,10092,966,2000,2000,1037,3263,9386,11498,52840,52288,50755,280375,0
50000,3,1,3,-1,-1,-1,-1,-1,-1,50708,44610,44043,28557,27903,29164,1872,1566,983,1027,3000,999,-708,5390,5957,21443,22097,20836,215538,0
220000,3,2,1,-1,-1,-1,-1,-1,-1,93674,123673,92036,93935,94607,93903,3500,4846,3000,3000,3000,10000,126326,96327,127964,126065,125393,126097,564482,0
40000,2,1,2,1,2,-1,-1,-1,-1,12127,11647,13138,14903,17664,19371,0,2000,2000,3000,2000,2000,27873,28353,26862,25097,22336,20629,77850,0
280000,1,2,1,-1,-1,-1,-1,2,2,245969,251120,254735,270486,276026,271408,10600,9300,20000,10000,0,11000,34031,28880,25265,9514,3974,8592,1508844,0
90000,2,2,2,-1,-1,-2,-2,-2,-2,350,0,0,0,0,0,0,0,0,0,0,0,89650,90000,90000,90000,90000,90000,350,0
180000,2,4,2,-1,-1,-1,-1,-1,-1,166915,117351,115402,105844,98396,101390,6000,7030,8000,5396,5390,5006,13085,62649,64598,74156,81604,78610,668476,0
50000,2,2,2,-1,-1,-1,-1,-1,-1,32781,31702,26829,18948,18830,19358,1489,1326,642,2000,824,1000,17219,18298,23171,31052,31170,30642,141167,1
320000,2,2,1,-1,-1,-1,-1,-1,-1,144648,150320,151365,154025,157082,160217,8000,6000,5671,5700,5741,9900,175352,169680,168635,165975,162918,159783,876645,0
70000,2,1,2,-1,-1,-1,-1,-1,-1,52121,53235,52015,38985,36097,36995,1965,1995,1336,1430,1500,1292,17879,16765,17985,31015,33903,33005,259930,0
260000,1,4,2,1,2,2,2,2,2,2111,545,2332,1277,1996,1020,0,2007,0,1020,0,923,257889,259455,257668,258723,258004,258980,5331,1
360000,1,1,2,-1,-1,-1,-1,-1,-1,277523,117239,121284,93951,58200,52585,4013,90054,9011,3007,2592,1013,82477,242761,238716,266049,301800,307415,611092,0
100000,2,4,2,-1,-1,-1,-1,-1,-1,89842,82669,70018,57847,43618,38715,4025,2511,1523,1292,1236,627,10158,17331,29982,42153,56382,61285,371495,0
100000,1,2,2,-1,-1,-1,-1,-1,-1,380,380,380,380,425,1045,380,380,380,425,1000,0,99620,99620,99620,99620,99575,98955,425,1
140000,2,2,2,-1,-1,-1,-1,-1,-1,133641,136663,137110,139761,137215,133572,7000,6010,6000,5400,5000,5200,6359,3337,2890,239,2785,6428,783352,0
90000,2,4,1,1,2,2,2,-1,-1,83480,89264,89896,86706,87385,88351,8000,3000,0,3000,5000,5000,6520,736,104,3294,2615,1649,501082,0
220000,1,2,1,-1,-1,-1,-1,-1,-1,-1855,84332,85897,90106,94129,101037,88444,4000,5000,5000,8000,5000,221855,135668,134103,129894,125871,118963,338202,0
260000,1,4,2,-2,-2,-2,-2,-2,-2,5237,0,0,0,3982,0,0,0,0,3982,0,0,254763,260000,260000,260000,256018,260000,5237,0
260000,1,2,3,-1,-1,-1,-2,-2,-2,78,984,0,0,0,0,984,0,0,0,0,0,259922,259016,260000,260000,260000,260000,78,0
20000,1,2,1,-1,-1,-1,-1,-1,-2,4720,0,20200,20000,0,0,0,20200,0,0,0,0,15280,20000,-200,0,20000,20000,24720,0
50000,1,4,1,2,-1,-1,-1,-1,-1,49296,50080,50725,43492,44377,41297,1881,1915,1472,4012,2008,10002,704,-80,-725,6508,5623,8703,257977,0
70000,2,4,1,-1,-1,-1,-1,-1,-1,57034,58224,59158,60675,62047,65298,2700,2500,2500,2500,4300,3000,12966,11776,10842,9325,7953,4702,344936,0
170000,2,2,2,2,2,2,2,2,2,15031,16784,17711,17131,18197,18748,2500,1500,0,1500,1000,0,154969,153216,152289,152869,151803,151252,97102,1
30000,2,4,1,-1,-1,-1,-1,-1,-1,30719,30123,30112,26763,22303,24397,1900,1626,1267,766,10000,919,-719,-123,-112,3237,7697,5603,147939,0
200000,2,2,5,-1,-1,-1,-1,-1,-1,203533,204149,179350,152525,152765,152680,8870,7578,5700,5882,5799,5888,-3533,-4149,20650,47475,47235,47320,1005285,0
50000,2,4,2,-1,-1,-1,-1,-1,-1,16729,17772,18419,18786,19187,17175,1620,1267,634,665,668,1000,33271,32228,31581,31214,30813,32825,102214,0
50000,2,2,2,1,-2,-2,-2,-2,-2,0,0,0,0,0,0,0,0,0,0,0,0,50000,50000,50000,50000,50000,50000,0,0
470000,2,2,2,-1,-1,-1,-1,-1,-1,64875,57920,59307,61500,59563,57368,2505,3000,3016,2200,3000,1600,405125,412080,410693,408500,410437,412632,345212,0
20000,1,4,1,-1,-1,-1,-1,-1,-1,7702,274,1395,10555,9500,9588,274,1395,10555,0,9588,491,12298,19726,18605,9445,10500,10412,16711,1
50000,2,2,1,2,-1,-1,-1,-1,-1,291,291,291,291,291,0,291,291,291,291,0,873,49709,49709,49709,49709,49709,50000,-582,0
360000,2,2,4,-1,-1,-1,-1,-1,-1,500090,477461,455591,430313,406010,377820,15900,16489,14128,13210,10442,9500,-140090,-117461,-95591,-70313,-46010,-17820,2567616,0
20000,2,6,3,1,-2,-1,-1,-1,-1,0,0,390,390,390,150,0,390,0,0,150,390,20000,20000,19610,19610,19610,19850,390,0
140000,1,4,1,-1,-1,-1,-1,-1,-1,6208,2136,6573,0,770,0,2136,6573,0,770,0,0,133792,137864,133427,140000,139230,140000,6208,0
10000,3,2,3,-1,-1,-1,-1,-1,-1,2855,3871,4883,5053,5275,0,1069,1081,251,375,0,0,7145,6129,5117,4947,4725,10000,19161,1
90000,1,4,2,-1,-1,2,-1,-1,-1,19003,21876,21231,22071,23211,23773,3500,0,1500,1500,1100,2100,70997,68124,68769,67929,66789,66227,121465,0
200000,2,2,3,-1,-1,-1,-1,-1,-1,722,9086,9213,7360,11560,21808,9086,9219,147,4200,11808,4067,199278,190914,190787,192640,188440,178192,21222,0
390000,2,2,2,-1,-1,-1,-1,-1,-1,827,827,827,1036,15209,15156,827,827,1036,15000,1000,1000,389173,389173,389173,388964,374791,374844,14192,0
90000,2,4,1,-1,-1,-1,-1,-1,-1,78651,79972,81415,81878,83206,85350,3600,3805,3100,3200,4100,2500,11349,10028,8585,8122,6794,4650,470167,1
130000,1,4,1,1,-1,-1,-1,-1,-1,0,1483,2450,0,1089,2249,1483,1000,0,1089,2249,2184,130000,128517,127550,130000,128911,127751,-734,0
120000,2,4,2,1,-1,2,-1,3,2,0,974,194,1758,1450,520,974,0,1954,0,0,950,120000,119026,119806,118242,118550,119480,1018,1
160000,2,2,2,-1,-1,-2,-2,-1,-1,549,0,0,0,1893,0,0,0,0,1893,0,177,159451,160000,160000,160000,158107,160000,372,0
70000,2,4,1,2,2,-1,2,2,2,71339,69515,59878,58318,61865,63695,6,62343,0,4500,3000,2500,-1339,485,10122,11682,8135,6305,312261,0
80000,3,1,5,-1,-1,-1,-1,-1,-1,68085,70604,26890,27450,27634,28216,10000,1500,1000,1100,1041,1500,11915,9396,53110,52550,52366,51784,232738,0
250000,2,4,2,-1,-1,-1,-1,-1,-1,62131,63238,51547,48483,49553,49683,2741,1741,1824,1942,2100,1366,187869,186762,198453,201517,200447,200317,312921,0
240000,2,2,2,-1,-1,-1,-1,-1,-1,171974,175049,176990,169198,166131,169245,8000,7000,6000,5200,5400,5400,68026,64951,63010,70802,73869,70755,991587,0
50000,2,4,3,-1,-1,-1,-1,-1,-1,12272,7980,7959,8978,7357,7841,2005,2000,1019,3007,3008,5015,37728,42020,42041,41022,42643,42159,36333,0
30000,3,4,1,-1,-1,-1,-1,-1,-1,2277,3158,4080,5080,150,178,1078,1000,1000,150,178,300,27723,26842,25920,24920,29850,29822,11217,0
50000,3,1,4,2,-1,-1,-1,-1,-1,55028,50184,50391,19867,20154,18732,3000,1600,1000,1000,1000,1000,-5028,-184,-391,30133,29846,31268,205756,1
80000,2,4,1,-1,-1,2,-1,-1,-1,2152,3832,3587,3332,3400,-300,2245,0,267,68,0,0,77848,76168,76413,76668,76600,80300,13423,1
130000,2,1,3,-1,-1,-1,-1,-1,-2,109640,109699,91200,45400,0,0,8436,2270,0,0,0,0,20360,20301,38800,84600,130000,130000,345233,0
50000,3,2,1,-1,-1,-1,-1,-1,-1,47033,43512,32287,34156,14618,3648,1707,1318,496,1076,708,20027,2967,6488,17713,15844,35382,46352,149922,0
200000,2,1,2,1,-2,-2,-2,-1,2,-390,-390,-390,-391,710,321,0,0,0,1101,1,13988,200390,200390,200390,200391,199290,199679,-15620,0
140000,3,1,2,-1,-1,-1,-1,-1,-1,140795,93199,64487,53220,50051,45859,3609,2039,3014,2514,1656,1005,-795,46801,75513,86780,89949,94141,433774,0
30000,1,4,1,-1,-1,-1,-1,-1,-1,18397,19789,21450,22391,23029,23745,2000,2000,1300,1000,1100,2000,11603,10211,8550,7609,6971,6255,119401,0
20000,1,4,1,1,2,2,2,2,2,11729,12236,17994,17412,18422,18768,1000,6000,0,1600,800,800,8271,7764,2006,2588,1578,1232,86361,0
70000,2,2,1,-1,-1,-1,-1,2,2,18312,19516,20685,22142,23340,22817,1500,1500,1800,1700,0,1300,51688,50484,49315,47858,46660,47183,119012,0
20000,3,6,3,-1,-1,-1,-1,-1,-1,19590,19120,18932,18749,18620,18668,1308,1593,800,700,741,531,410,880,1068,1251,1380,1332,108006,0
410000,1,1,3,-1,-1,-1,-1,-1,-1,27559,29866,32233,34450,36954,39251,3000,2800,3000,3000,3000,2000,382441,380134,377767,375550,373046,370749,183513,0
250000,1,1,3,-1,-1,-1,-1,-1,-1,390,390,390,1130,1683,2587,390,390,1130,1683,2587,0,249610,249610,249610,248870,248317,247413,390,1
140000,2,4,1,2,-1,-1,-1,-1,-1,136308,137077,138919,138035,138857,138894,5150,7750,5000,5379,5200,4850,3692,2923,1081,1965,1143,1106,794761,1
90000,1,4,1,-1,-1,-1,-1,-1,-1,17704,14478,17681,15240,19364,18828,5005,5145,1801,5024,8007,5046,72296,75522,72319,74760,70636,71172,73267,0
340000,1,1,2,-1,-1,-1,-1,-1,-1,325,325,325,580,9664,29200,325,325,580,9664,29200,5260,339675,339675,339675,339420,330336,310800,-4935,0
230000,2,2,1,-1,-1,-1,-1,-1,-1,1190,1716,0,1012,0,753,1716,0,1012,0,753,7600,228810,228284,230000,228988,230000,229247,-6410,0
80000,3,2,2,-1,-1,2,2,2,2,30013,33514,34662,35784,37065,36320,4000,2000,2000,2000,0,3600,49987,46486,45338,44216,42935,43680,193758,0
50000,2,4,3,-1,-1,-1,-1,-1,-1,51521,46015,15057,19825,4264,3690,1451,13609,13327,250,1000,700,-1521,3985,34943,30175,45736,46310,110035,1
60000,2,2,2,-1,-1,-1,-1,-1,-1,60505,60820,54853,39112,39714,38850,2300,2000,1500,1500,1600,1400,-505,-820,5147,20888,20286,21150,283554,0
50000,2,4,1,-1,-1,-1,-1,2,-1,8587,9941,10950,11519,11191,11903,1500,1481,1050,0,903,333,41413,40059,39050,38481,38809,38097,58824,0
210000,2,4,1,-1,-1,-1,-1,-1,-1,145643,133339,137000,55855,58370,59537,4741,5778,1955,3370,1913,1998,64357,76661,73000,154145,151630,150463,569989,0
140000,1,4,1,-1,-1,-1,-1,-1,-1,135249,138577,141555,110852,113639,95052,5500,5700,4200,4700,3800,4000,4751,1423,-1555,29148,26361,44948,707024,0
20000,3,2,2,-1,-1,-1,-1,2,2,4338,5355,6369,6891,6635,7287,1092,1106,628,0,762,0,15662,14645,13631,13109,13365,12713,33287,0
20000,3,3,3,1,-2,-1,-1,-1,-1,-739,-5978,16089,14457,20106,10258,0,42400,289,201,410,0,20739,25978,3911,5543,-106,9742,10893,1
230000,1,2,2,-2,-2,-2,-2,-2,-2,2785,3943,3126,3126,500,500,1223,1000,0,0,0,0,227215,226057,226874,226874,229500,229500,11757,0
210000,2,2,1,-1,-1,-1,-1,-1,-1,30365,29858,30713,27644,26236,26312,1606,2000,1200,1200,1000,1000,179635,180142,179287,182356,183764,183688,163122,0
20000,2,2,2,-1,-1,-1,-1,-1,-1,36773,17288,16212,17567,16089,20743,3210,2000,1600,871,5214,300,-16773,2712,3788,2433,3911,-743,111477,0
50000,2,4,1,-1,-1,-1,-1,-1,2,45537,46601,47276,48224,48760,48382,2100,1760,1707,2602,1000,1640,4463,3399,2724,1776,1240,1618,273971,0
30000,3,2,3,-1,-1,-1,-1,-1,-1,15966,240,17433,16865,29220,11400,262,20416,852,29220,728,0,14034,29760,12567,13135,780,18600,39646,0
50000,2,4,2,-1,-1,-1,-1,-1,-1,37329,32540,26601,27358,28017,28593,1500,1500,1200,1100,1042,1009,12671,17460,23399,22642,21983,21407,173087,1
150000,1,2,2,1,2,-1,-1,-1,2,44820,14657,20950,3601,696,696,0,20962,1,696,0,50348,105180,135343,129050,146399,149304,149304,13413,0
160000,2,1,4,-1,2,2,-1,-1,-1,2008,280,-110,187,197,307,0,0,687,400,500,700,157992,159720,160110,159813,159803,159693,582,0
90000,3,2,3,-1,-1,-1,-1,-1,-1,14376,15374,11195,8948,9143,6003,1278,1086,581,273,227,162,75624,74626,78805,81052,80857,83997,61432,0
150000,2,1,2,-1,-1,-1,-1,-1,-1,10086,32353,13181,2010,7790,0,32400,13181,2020,7790,0,0,139914,117647,136819,147990,142210,150000,10029,0
200000,3,2,2,-2,-2,-2,-2,-2,-2,45810,0,0,0,0,0,0,0,0,0,0,40714,154190,200000,200000,200000,200000,200000,5096,1
170000,1,1,3,-1,-1,-1,-1,-1,-1,171841,171014,168142,169821,173014,163570,7540,7540,6301,6517,6035,6435,-1841,-1014,1858,179,-3014,6430,977034,0
100000,2,2,2,-1,-1,-1,-1,-1,2,84883,86616,88207,89428,95895,93092,4000,4500,3500,8000,4000,0,15117,13384,11793,10572,4105,6908,514121,0
20000,3,1,2,-1,-1,-1,-1,-1,-1,16946,14960,12772,12630,12524,11179,1529,1161,409,444,405,163,3054,5040,7228,7370,7476,8821,76900,0
30000,1,2,1,-1,-1,-1,-1,-1,-1,27576,27089,27986,28580,28649,29147,1500,1500,1050,1100,1000,2000,2424,2911,2014,1420,1351,853,160877,0
200000,1,2,2,-1,-1,-1,-2,-2,-2,42325,32061,0,0,0,0,2000,0,0,0,0,0,157675,167939,200000,200000,200000,200000,72386,0
180000,2,1,3,-1,-1,-1,-1,-1,-1,390,390,390,0,390,930,390,390,0,390,930,135,179610,179610,179610,180000,179610,179070,255,0
160000,2,2,3,1,-1,-1,-1,-1,-2,0,5621,6468,6600,0,0,5621,1000,132,0,0,0,160000,154379,153532,153400,160000,160000,11936,0
80000,2,4,2,1,2,-1,-1,2,2,54207,52775,53906,60099,61402,60272,0,2000,7100,2400,0,4600,25793,27225,26094,19901,18598,19728,326561,0
70000,1,2,2,2,-1,-1,-1,-1,-1,81719,85389,86287,65287,35345,9360,5000,3000,2000,3000,5000,0,-11719,-15389,-16287,4713,34655,60640,345387,0
80000,3,2,3,2,-1,-1,-1,-2,-2,78950,79788,70319,0,0,0,2815,1858,0,0,0,0,1050,212,9681,80000,80000,80000,224384,1
50000,2,2,3,-1,-1,-1,-1,-1,-1,48406,49880,47206,19189,19008,19687,2286,1302,678,695,1000,687,1594,120,2794,30811,30992,30313,196728,1
140000,2,2,4,2,2,2,2,2,2,70428,71902,72924,72335,75508,77116,3200,2800,1200,4500,3000,0,69572,68098,67076,67665,64492,62884,425513,1
90000,2,2,4,-1,-1,-1,-1,-1,-1,76025,55440,11227,4000,5000,10327,10374,16926,4000,6000,10327,0,13975,34560,78773,86000,85000,79673,114392,0
120000,1,4,1,-1,-1,-2,-2,-2,-2,19333,0,0,0,0,0,0,0,0,0,0,0,100667,120000,120000,120000,120000,120000,19333,0
80000,2,4,2,-2,-2,-1,-1,-1,-1,47867,31925,731,55541,56703,57833,1925,731,56000,2055,2070,4447,32133,48075,79269,24459,23297,22167,183372,0
20000,2,2,3,4,3,2,-1,-1,-1,34213,30100,25871,21970,18669,19669,0,0,0,0,1000,53301,-14213,-10100,-5871,-1970,1331,331,96191,1
20000,1,2,1,1,2,-1,-1,-1,-1,10631,1512,20400,20000,20000,0,0,20400,0,0,0,0,9369,18488,-400,0,0,20000,52143,0
440000,2,4,2,-2,-2,-2,-2,-2,-2,0,200,751,2674,317,565,200,751,2700,320,570,0,440000,439800,439249,437326,439683,439435,-34,0
310000,2,2,1,-1,-1,-1,-1,-1,-1,106540,110211,208505,150380,38551,42901,5000,100000,7000,10000,5000,5000,203460,199789,101495,159620,271449,267099,525088,0
80000,2,4,1,-2,-2,-2,-2,-2,-1,0,0,0,0,0,442,0,0,0,0,442,1102,80000,80000,80000,80000,80000,79558,-1102,0
200000,1,2,1,-2,-1,2,-1,-1,2,95065,112893,110059,34125,36031,31885,20000,0,34000,2500,0,50000,104935,87107,89941,165875,163969,168115,313558,0
300000,2,2,2,1,2,-1,-1,-1,-1,6451,4828,6858,8048,1701,2920,0,4004,2000,0,2920,2282,293549,295172,293142,291952,298299,297080,19600,1
140000,2,2,2,-1,-1,-1,-1,-1,-1,10215,14293,13035,5753,2296,1398,4293,1004,115,46,1398,6837,129785,125707,126965,134247,137704,138602,33297,0
230000,2,2,3,-1,-1,-1,-1,-1,-1,3451,5560,1180,8563,5180,2524,5587,1186,8605,5201,2532,4759,226549,224440,228820,221437,224820,227476,-1412,0
130000,3,2,2,-1,-1,-1,-1,-1,-1,100443,95794,92765,48481,47779,42362,3516,4112,2007,2516,1119,1016,29557,34206,37235,81519,82221,87638,413338,1
40000,4,2,3,-1,-1,-1,-1,-1,-1,37896,40262,40370,39970,39970,0,3292,1400,0,0,0,0,2104,-262,-370,30,30,40000,193776,0
20000,3,2,1,-1,-1,-1,-1,2,2,20030,18808,17080,18293,18752,19195,1600,1300,1500,900,900,787,-30,1192,2920,1707,1248,805,105171,0
90000,2,4,1,-1,-1,-1,-1,-1,-1,43310,40275,37800,37323,34396,34938,2500,3000,3000,2000,3000,3000,46690,49725,52200,52677,55604,55062,211542,0
50000,3,4,3,2,2,2,2,2,2,24064,24981,25473,25857,26298,25725,1600,1200,1100,1000,0,1948,25936,25019,24527,24143,23702,24275,145550,1
220000,2,1,3,-1,-1,-1,-1,-1,-1,153880,143020,117567,153069,153045,144529,6300,4500,37486,6000,5200,5002,66120,76980,102433,66931,66955,75471,800622,0
60000,2,6,5,2,-1,-1,-1,-1,-1,24541,25838,27022,28357,28992,24505,2000,2000,2000,1000,1000,2000,35459,34162,32978,31643,31008,35495,149255,1
240000,3,1,3,-1,-1,-1,-1,-1,-1,111990,125109,129014,131864,134744,138504,15000,6000,5000,5000,6000,6000,128010,114891,110986,108136,105256,101496,728225,0
400000,2,4,3,1,-2,-2,-2,-2,-2,0,0,0,0,0,0,0,0,0,0,0,0,400000,400000,400000,400000,400000,400000,0,0
120000,1,2,2,-1,-1,-1,-2,-1,2,179,1403,0,0,473,323,1403,0,0,473,0,9438,119821,118597,120000,120000,119527,119677,-8936,0
280000,1,2,2,1,-2,-2,-1,-1,-1,0,0,0,539,94,3582,0,0,539,0,3582,392,280000,280000,280000,279461,279906,276418,-298,0
390000,2,4,1,-1,-1,-1,-1,-1,-1,1421,1286,2123,2219,1205,3343,1294,2133,2230,1209,3365,2151,388579,388714,387877,387781,388795,386657,-785,0
340000,1,2,3,-1,-1,-1,-1,-1,-1,9435,40670,14007,11922,84739,11132,40670,24330,11943,84739,11132,46039,330565,299330,325993,328078,255261,328868,-46948,0
10000,2,2,3,-1,-1,-1,-1,-1,-1,219,9110,9797,-10433,9767,9067,10400,1000,0,20200,200,0,9781,890,203,20433,233,933,-4273,1
110000,2,1,2,-1,-1,-1,-1,-1,-1,48131,73221,74341,50184,51412,49448,32123,3000,1800,2041,2069,3000,61869,36779,35659,59816,58588,60552,302704,1
100000,2,2,2,-1,-1,-1,-2,-2,-2,95972,97650,-5000,-5000,-5000,-5000,5000,0,0,0,0,0,4028,2350,105000,105000,105000,105000,168622,0
130000,2,2,1,-1,-1,-1,-1,-1,-1,119703,122967,125101,54560,52681,44529,5200,5301,3000,2000,5000,13801,10297,7033,4899,75440,77319,85471,485239,0
230000,2,1,3,2,2,2,2,-1,-1,221691,226696,223872,98219,100276,102263,10000,3600,0,3628,3643,3929,8309,3304,6128,131781,129724,127737,948217,0
290000,2,2,2,-1,-1,-1,-1,2,2,296002,284025,278422,283034,284430,294131,12000,11600,12628,8000,16600,4000,-6002,5975,11578,6966,5570,-4131,1655216,1
50000,1,2,1,-1,-1,-1,-1,-1,-1,16645,18368,20053,20721,21234,22881,2000,2000,1000,1000,2000,0,33355,31632,29947,29279,28766,27119,111902,0
120000,1,4,1,-2,-2,-2,-2,-2,-2,13394,17356,6826,36830,6280,150,17456,6826,36837,6280,150,504,106606,102644,113174,83170,113720,119850,12783,0
240000,1,2,2,-1,-1,-1,-1,-1,-1,7058,4786,6853,5673,7588,2737,4789,6853,113,7588,2737,0,232942,235214,233147,234327,232412,237263,12615,1
360000,1,4,2,-1,-1,-1,-1,-1,-1,166848,149903,138091,138123,140324,108772,7294,6135,4504,4669,4060,3475,193152,210097,221909,221877,219676,251228,811924,0
110000,3,4,2,-1,-1,-1,-1,-1,-1,77595,78322,66068,61486,60695,58147,3700,2212,2100,2200,2200,1910,32405,31678,43932,48514,49305,51853,387991,0
60000,3,4,1,-1,-1,-1,-1,-1,-1,23268,16603,8651,500,29468,30201,1215,1001,502,29468,1201,1000,36732,43397,51349,59500,30532,29799,74304,0
130000,1,2,2,1,-2,-2,-1,-1,-1,0,0,0,8495,6480,0,0,0,8495,0,0,0,130000,130000,130000,121505,123520,130000,6480,1
250000,1,2,2,-1,-1,-1,-1,-1,-2,315,-72,7304,95,0,0,0,7376,0,0,0,0,249685,250072,242696,249905,250000,250000,266,0
410000,3,2,2,-1,-1,-1,-1,-1,-1,4822,232,2255,2546,2650,6286,233,2266,2558,2663,6303,12,405178,409768,407745,407454,407350,403714,4756,0
130000,3,4,4,-1,-1,-1,-1,-1,-1,100184,99001,88214,90167,90682,92672,4700,3200,3403,3300,3500,3300,29816,30999,41786,39833,39318,37328,539517,0
200000,1,2,2,-1,-1,-1,2,2,2,180486,183076,195535,190960,202139,194326,7000,15500,0,14184,0,6700,19514,16924,4465,9040,-2139,5674,1103138,0
60000,1,4,1,2,2,-1,-1,-1,-1,37287,36412,37280,35321,36099,36724,0,1800,1414,1500,1377,1402,22713,23588,22720,24679,23901,23276,211630,0
20000,1,2,1,-2,-2,-2,-2,-2,-2,85,1347,3969,1855,3569,3823,1377,4122,1865,3611,3823,19386,19915,18653,16031,18145,16431,16177,-19536,0
20000,2,1,2,-1,-1,-1,-1,2,-1,17214,9633,10944,11280,11011,7755,2248,1500,757,0,430,1000,2786,10367,9056,8720,8989,12245,61902,0
380000,2,2,4,-1,-1,-1,-1,2,2,294100,313346,299786,307801,288820,266266,30125,11600,20009,11000,0,40000,85900,66654,80214,72199,91180,113734,1657385,0
80000,3,1,3,-1,-1,-1,-1,-1,-1,78415,80093,74598,34712,40452,39762,3369,1688,694,44492,1455,1365,1585,-93,5402,45288,39548,40238,294969,1
160000,2,2,2,-1,-1,-1,-1,-1,-1,24645,24956,25819,25754,25898,25925,1420,1699,1050,1104,1041,1000,135355,135044,134181,134246,134102,134075,145683,0
50000,1,2,1,1,2,-1,-1,-1,-1,47201,47548,48402,28331,29174,29739,1400,1800,1100,1300,1200,1100,2799,2452,1598,21669,20826,20261,222495,0
50000,2,1,2,-1,-1,-1,-1,-1,-1,24249,25952,29915,30215,5964,2800,2100,5000,1000,0,56,0,25751,24048,20085,19785,44036,47200,110939,0
310000,2,1,2,-1,-1,-1,-1,-1,-1,97196,95832,83123,46342,44693,43296,6000,5000,4000,3000,3000,2000,212804,214168,226877,263658,265307,266704,387482,0
130000,2,2,2,-1,-1,-1,-1,2,2,95799,97858,100534,105347,103550,109733,4500,5200,8000,0,8100,0,34201,32142,29466,24653,26450,20267,587021,0
180000,1,2,2,-1,-1,2,-1,-1,-1,33331,35311,31648,23461,20671,17122,5317,23,208,10,51,0,146669,144689,148352,156539,159329,162878,155935,0
130000,2,2,3,-1,-1,-1,-1,-1,-1,129099,130522,106158,97685,80733,82883,5008,6003,4000,3000,4870,3000,901,-522,23842,32315,49267,47117,601199,0
50000,1,1,2,-1,-1,-1,-1,-1,-1,50482,50267,44880,45122,49518,50389,6749,5000,8000,5000,10000,2000,-482,-267,5120,4878,482,-389,253909,0
150000,2,2,2,1,2,-1,-1,-1,-1,36472,33947,35518,30564,21849,25168,0,5035,5000,900,10000,7000,113528,116053,114482,119436,128151,124832,155583,1
230000,1,4,1,-1,-1,-1,-1,-1,-2,32915,21726,12299,5860,0,0,4794,3116,5029,0,0,0,197085,208274,217701,224140,230000,230000,59861,0
20000,1,4,1,-1,-1,-1,-1,-1,-1,19082,19286,19637,18826,19522,21775,1321,1400,1000,1000,2583,0,918,714,363,1174,478,-1775,110824,0
360000,1,2,2,1,-2,-2,-2,-2,-2,0,0,0,0,0,0,0,0,0,0,0,0,360000,360000,360000,360000,360000,360000,0,1
180000,1,2,2,1,-2,-2,-1,-1,-2,0,0,0,2537,0,0,0,0,2537,0,0,0,180000,180000,180000,177463,180000,180000,0,0
280000,2,1,2,-1,-1,-1,-1,-1,-1,196807,193629,195583,189545,184042,183287,7005,10023,7047,7023,7012,7017,83193,86371,84417,90455,95958,96713,1097766,0
90000,1,4,1,-1,-1,-1,2,2,2,11495,10764,11304,9601,10050,8304,1200,3000,0,2000,0,2000,78505,79236,78696,80399,79950,81696,53318,1
210000,2,1,3,1,2,-1,-1,-1,-1,149343,145319,86335,69670,59502,119494,0,5000,3600,2000,2000,5000,60657,64681,123665,140330,150498,90506,612063,0
240000,1,2,2,1,-2,-2,-2,-2,-2,0,0,0,0,0,0,0,0,0,0,0,0,240000,240000,240000,240000,240000,240000,0,1
200000,1,2,3,-1,-1,-2,-2,-2,-2,4739,-61,-61,-61,-61,-61,0,0,0,0,0,0,195261,200061,200061,200061,200061,200061,4434,0
180000,1,2,2,-1,-1,-1,-1,-1,-1,47603,48705,50140,60607,67976,20412,5705,3003,10607,7976,5412,2460,132397,131295,129860,119393,112024,159588,260280,0
190000,3,1,3,1,-1,2,-1,-1,-1,-1600,2400,2184,2184,2184,0,4000,0,0,0,0,0,191600,187600,187816,187816,187816,190000,3352,0
50000,3,2,4,-1,-1,-1,-1,-1,-1,4794,3848,4682,4521,4165,4809,4000,5000,5000,4200,4810,4763,45206,46152,45318,45479,45835,45191,-954,0
80000,4,2,1,-1,-1,-1,-1,-1,-1,5000,0,31432,24455,26920,0,0,31432,3000,3000,0,0,75000,80000,48568,55545,53080,80000,50375,0
50000,2,2,1,2,2,-1,-1,-1,-1,32589,32583,21197,7666,4768,5685,1000,2000,1000,1000,1000,1000,17411,17417,28803,42334,45232,44315,97488,1
130000,1,2,1,-1,-1,-2,-2,-2,-2,102640,-10,-10,-10,-10,-10,0,0,0,0,0,0,27360,130010,130010,130010,130010,130010,102590,0
30000,2,2,4,2,2,2,2,2,2,18499,20391,20758,21118,21632,22129,2500,1000,1000,1000,1000,0,11501,9609,9242,8882,8368,7871,118027,1
30000,1,4,1,-1,-1,-1,-1,-1,-1,36541,17625,26243,25829,-175,664,5000,11000,3000,2000,1500,0,-6541,12375,3757,4171,30175,29336,84227,0
50000,2,2,1,-1,-1,2,2,-1,-1,20378,23346,23670,22994,23473,23932,3300,1000,0,1000,1000,962,29622,26654,26330,27006,26527,26068,130531,1
360000,1,2,3,-1,-1,-1,-1,-1,-1,100608,95511,96288,100251,99983,122578,4000,6000,5000,4000,80000,5000,259392,264489,263712,259749,260017,237422,511219,0
80000,2,4,1,2,-1,-1,-1,-1,-1,45647,45248,33696,40092,40946,41588,2039,2000,7000,1482,2501,3082,34353,34752,46304,39908,39054,38412,229113,1
460000,1,2,2,-1,-1,-1,-1,-1,-1,161054,164509,168730,172072,154177,157246,6050,7000,6000,5593,5630,6089,298946,295491,291270,287928,305823,302754,941426,0
200000,1,1,3,-1,-1,-1,-1,-1,-1,5472,4306,4655,4930,3601,3366,4318,4681,4958,3712,3476,990,194528,195694,195345,195070,196399,196634,4195,0
50000,2,2,1,-1,-1,-1,-1,-1,-1,49334,48237,49496,10353,4337,15017,5000,2510,10371,16533,11017,698,666,1763,504,39647,45663,34983,130645,1
370000,2,4,1,-1,-1,-1,-1,-1,-1,87248,82477,71825,69872,63656,46555,2896,2097,2000,1818,1044,28034,282752,287523,298175,300128,306344,323445,383744,0
20000,2,2,3,3,2,2,2,2,2,18464,19465,19649,19978,20512,20831,1600,800,950,1000,800,0,1536,535,351,22,-512,-831,113749,1
50000,1,4,1,-1,-1,-1,-1,-1,-1,50537,44686,38493,33769,34211,34944,2554,1900,1355,1300,1300,1500,-537,5314,11507,16231,15789,15056,226731,0
80000,2,1,4,-1,-1,-1,-1,-1,-1,26730,24568,27979,22460,22743,22988,1500,3901,1001,1001,1001,1901,53270,55432,52021,57540,57257,57012,137163,0
170000,1,2,2,1,-2,-2,-2,-2,-2,0,0,0,0,0,0,0,0,0,0,0,0,170000,170000,170000,170000,170000,170000,0,0
400000,1,1,4,-2,-2,-2,-2,-2,-2,1348,21411,-25,4895,48976,15319,21532,0,4920,49221,15395,0,398652,378589,400025,395105,351024,384681,856,0
500000,2,2,3,-1,-1,-1,-1,-1,-1,131720,103746,91805,76152,62783,44422,3900,3200,2766,2100,1703,1092,368280,396254,408195,423848,437217,455578,495867,0
250000,3,1,3,-1,-1,-1,-1,-1,-1,6826,3900,4482,43546,38051,576,3924,4482,43676,38166,576,2389,243174,246100,245518,206454,211949,249424,4168,1
80000,2,4,1,-1,-1,-1,-1,-1,-1,80491,64868,51936,30165,30145,30085,2327,1687,1052,1076,1121,1237,-491,15132,28064,49835,49855,49915,279190,0
90000,2,6,3,1,2,-1,-1,-1,2,89762,90395,87428,61778,68248,66997,3000,2773,2402,7660,0,2711,238,-395,2572,28222,21752,23003,446062,0
120000,3,2,3,4,3,2,-1,-1,-1,149229,138487,127516,124530,120937,67711,0,0,6000,5067,1548,120862,-29229,-18487,-7516,-4530,-937,52289,594933,1
310000,2,1,3,-1,-1,-1,-1,-1,-1,3947,5987,7739,8843,12204,14520,2500,2000,2000,3500,2500,1500,306053,304013,302261,301157,297796,295480,39240,0
20000,2,2,1,-1,-1,-2,-2,-1,-1,13540,397,998,734,1698,500,406,1101,736,1799,601,0,6460,19603,19002,19266,18302,19500,13224,0
60000,2,4,1,-1,2,2,-1,2,2,4603,4186,0,1887,1543,3972,0,0,1887,0,3557,0,55397,55814,60000,58113,58457,56028,10747,0
460000,1,4,1,-1,-1,-1,-1,-1,-1,170894,160223,160894,165246,169983,173330,7018,7000,7002,8007,8038,6052,289106,299777,299106,294754,290017,286670,957453,0
220000,2,1,3,-1,-1,-1,-1,-1,-1,2300,1000,11289,4887,3083,9401,1000,11289,4887,3083,10020,6473,217700,219000,208711,215113,216917,210599,-4792,0
220000,1,2,2,-1,-1,-1,-1,-1,-1,203689,204943,172926,104747,180458,182435,10000,8000,6000,107000,13000,8000,16311,15057,47074,115253,39542,37565,897198,1
20000,2,2,2,1,2,-1,-1,-1,-2,17439,16872,17483,9152,0,0,0,1000,183,0,0,0,2561,3128,2517,10848,20000,20000,59763,0
80000,3,1,2,-1,-1,2,-1,-1,2,6270,14412,12540,1261,2705,1261,19421,0,0,2705,0,1261,73730,65588,67460,78739,77295,78739,15062,1
220000,1,2,2,-1,-1,-1,-1,-1,-1,7521,4023,5878,6452,5157,4159,4028,5892,6463,5163,4169,3733,212479,215977,214122,213548,214843,215841,3742,0
20000,2,2,1,-1,-1,-1,-1,-1,-1,10478,11193,12207,14402,16399,20929,1193,1207,2402,2399,5000,0,9522,8807,7793,5598,3601,-929,73407,0
100000,2,4,1,-1,-1,-1,-1,-1,-1,46891,48134,49331,50508,51543,52685,2000,2000,2000,2000,2000,2000,53109,51866,50669,49492,48457,47315,287092,0
230000,1,4,2,-1,-1,-1,-1,-1,-1,81734,82238,80623,90997,62063,62003,3687,4539,2220,3214,2407,2061,148266,147762,149377,139003,167937,167997,441530,0
300000,2,2,3,-1,-1,-1,-1,-1,-1,184164,151244,150727,196467,201425,-8276,7028,6000,50000,10013,9505,175074,115836,148756,149273,103533,98575,308276,618131,0
20000,2,2,1,-1,-1,-1,-1,-1,-1,2522,390,0,780,0,780,390,0,780,0,780,0,17478,19610,20000,19220,20000,19220,2522,0
160000,1,2,1,-1,-1,-1,-1,-1,-1,390,4238,780,390,390,540,4238,780,0,390,540,780,159610,155762,159220,159610,159610,159460,0,0
70000,2,2,1,1,2,-1,-1,2,2,48098,47922,51806,55625,57072,58269,881,4700,4700,2500,2300,2300,21902,22078,18194,14375,12928,11731,301411,1
240000,2,4,2,-1,-1,-1,-1,-1,-1,280110,281104,286048,369693,243198,243498,10000,15002,9000,10000,8600,8500,-40110,-41104,-46048,-129693,-3198,-3498,1642549,0
100000,2,2,1,-1,-1,-1,-1,-1,-1,1285,2530,23496,23263,23176,23542,2530,23496,1500,1500,2000,1500,98715,97470,76504,76737,76824,76458,64766,0
220000,2,2,2,-2,-2,-2,-2,-2,-2,18301,20161,24621,17125,18378,1344,2026,10040,1000,1253,1350,4416,201699,199839,195379,202875,201622,218656,79845,0
50000,2,2,3,-1,-1,-1,-1,-1,-1,5268,5896,6645,7009,6869,7268,1107,1246,1000,500,1000,390,44732,44104,43355,42991,43131,42732,33712,0
80000,3,2,3,-1,-1,-1,-2,-2,-2,5730,5837,0,0,0,0,5837,0,0,0,0,0,74270,74163,80000,80000,80000,80000,5730,0
130000,1,2,1,2,2,2,-2,-2,-2,114144,102650,0,0,0,0,0,0,0,0,0,0,15856,27350,130000,130000,130000,130000,216794,1
30000,2,4,1,1,2,-1,-1,2,2,27171,27429,26571,28128,27548,29536,1000,1800,2300,0,2600,0,2829,2571,3429,1872,2452,464,158683,0
360000,2,2,3,1,-2,-2,-2,-2,-2,0,0,0,0,0,0,0,0,0,0,0,0,360000,360000,360000,360000,360000,360000,0,1
280000,2,1,2,-1,-1,-1,-1,-1,-1,126305,128888,123909,124078,124489,114110,4728,4700,4210,4455,4109,4000,153695,151112,156091,155922,155511,165890,715577,1
230000,1,1,3,-1,-1,-1,-1,-1,-1,43885,44926,45941,46853,47834,48942,1749,1764,1676,1735,1902,2189,186115,185074,184059,183147,182166,181058,267366,0
30000,1,4,1,-1,-1,-1,-1,-1,-1,3055,18392,640,0,2583,4653,18407,640,0,2583,4653,2583,26945,11608,29360,30000,27417,25347,457,0
70000,2,2,1,-1,-1,-1,-1,-1,-1,45738,36105,27484,28526,30053,30379,4016,2000,2000,2000,2000,2000,24262,33895,42516,41474,39947,39621,184269,1
100000,2,2,2,-1,-1,-1,-1,-1,-1,43788,44843,45814,46727,46798,46799,1759,1730,1643,1696,1685,1653,56212,55157,54186,53273,53202,53201,264603,0
50000,2,2,1,-1,-1,-1,-1,2,-1,50679,45126,37800,51457,50463,41758,2033,1900,51457,0,1642,1538,-679,4874,12200,-1457,-463,8242,218713,1
150000,2,4,1,-2,-2,-2,-2,-2,-2,221,0,0,0,0,0,0,0,0,0,0,0,149779,150000,150000,150000,150000,150000,221,0
20000,2,2,3,-1,-1,-1,-1,-1,-2,780,0,1170,780,0,0,0,1170,0,0,0,0,19220,20000,18830,19220,20000,20000,1560,1
100000,3,3,3,2,-1,-1,-1,-1,-1,10514,8408,5250,9360,4098,800,13008,1119,7110,110,102,0,89486,91592,94750,90640,95902,99200,16981,1
90000,2,4,1,2,2,2,-1,-1,-1,41757,42797,41814,42813,43571,46350,2001,0,2000,1600,3500,0,48243,47203,48186,47187,46429,43650,250001,1
50000,3,2,3,-1,-1,-1,-1,-1,-1,34461,35582,40610,11292,3266,10012,2000,6000,2000,2200,10000,2100,15539,14418,9390,38708,46734,39988,110923,0
200000,1,1,3,2,2,2,2,2,2,2500,2500,2500,2500,2500,2500,0,0,0,0,0,0,197500,197500,197500,197500,197500,197500,15000,1
250000,2,4,1,-1,-1,-1,-1,-1,-1,46467,17787,18852,24097,19152,1547,1500,1500,5645,500,1547,0,203533,232213,231148,225903,230848,248453,117210,0
140000,1,2,2,1,-2,-2,-2,-2,-2,0,0,0,0,0,0,0,0,0,0,0,0,140000,140000,140000,140000,140000,140000,0,0
320000,2,2,3,-1,-1,-1,-1,-1,-1,396,396,396,792,396,396,396,396,792,0,396,396,319604,319604,319604,319208,319604,319604,396,0
20000,2,2,1,2,2,2,2,2,2,20439,20564,20479,19415,20540,20903,1602,900,0,1800,850,0,-439,-564,-479,585,-540,-903,117188,1
80000,2,4,1,-1,-1,-1,-1,-1,-1,46738,48237,49642,52052,40505,41471,3001,3000,3000,3000,1637,2928,33262,31763,30358,27948,39495,38529,262079,0
300000,2,4,2,1,-2,-1,-1,-1,-1,0,0,200,0,16418,88632,0,200,0,16418,88632,1913,300000,300000,299800,300000,283582,211368,-1913,0
500000,1,2,2,-1,-1,-1,2,-1,-1,54787,72780,48785,16025,19120,11461,20015,1670,0,19120,11461,18038,445213,427220,451215,483975,480880,488539,152654,0
30000,2,2,1,1,-1,-1,-1,-1,-1,4873,14891,14860,14260,8864,2578,16547,3000,1000,1000,1990,3597,25127,15109,15140,15740,21136,27422,33192,0
130000,4,4,3,2,-1,-1,-1,-1,-1,1478,1501,2598,1299,1299,1299,1501,2598,0,1299,1299,1299,128522,128499,127402,128701,128701,128701,1478,0
40000,2,1,1,-1,-1,-1,-1,-1,2,37540,38611,39508,38674,38410,37661,1976,1873,1300,2824,0,2000,2460,1389,492,1326,1590,2339,220431,0
20000,2,4,1,-1,-1,-1,-1,-2,-1,19194,19840,7627,0,0,19191,1129,1002,0,0,19191,0,806,160,12373,20000,20000,809,44530,0
470000,1,4,2,-1,-1,-1,-1,-1,-1,1264,5478,4753,5289,831,2140,5478,4757,5289,831,2140,2440,468736,464522,465247,464711,469169,467860,-1180,0
200000,1,4,3,-1,-1,-1,-1,-1,-1,1347,208,1582,3607,894,301,208,1677,3607,894,301,2457,198653,199792,198418,196393,199106,199699,-1205,1
50000,2,4,2,2,2,2,2,2,2,30619,31634,32317,32787,33416,34116,1800,1500,1300,1300,1400,1500,19381,18366,17683,17213,16584,15884,186089,1
130000,2,2,2,-1,-1,-1,-1,-1,-1,26244,27068,28383,29018,29671,-2000,1550,1769,1404,1493,0,4720,103756,102932,101617,100982,100329,132000,127448,0
100000,2,2,2,-2,-2,-2,-2,-2,-1,5576,792,0,1889,2458,10175,792,0,1889,2458,10175,122,94424,99208,100000,98111,97542,89825,5454,0
160000,1,2,1,-1,-1,-1,-1,-1,-1,554,-78,622,-10,326,326,0,700,0,652,0,0,159446,160078,159378,160010,159674,159674,388,0
50000,3,2,1,-1,-1,-1,-1,-1,-1,24132,20109,19932,19762,10708,20148,1902,1200,30,1031,20201,605,25868,29891,30068,30238,39292,29852,89822,0
180000,1,1,3,-1,-1,-1,-1,-1,-1,124064,121847,82809,81755,81316,81206,5087,2891,3755,2941,3206,2837,55936,58153,97191,98245,98684,98794,552280,0
50000,3,2,1,-1,-1,-1,-1,-1,-1,47863,48261,19258,19268,19040,19555,2000,2000,1000,1000,1000,1000,2137,1739,30742,30732,30960,30445,165245,0
70000,3,2,3,-1,-1,-1,-1,-1,-1,65198,65674,58599,49179,49080,49705,2924,1924,1726,1763,2136,1384,4802,4326,11401,20821,20920,20295,325578,0
270000,2,1,4,2,2,2,2,2,2,211630,209812,219829,214795,228084,232680,3000,15000,0,17000,8500,0,58370,60188,50171,55205,41916,37320,1273330,1
210000,2,2,3,-2,-2,-2,-2,-2,-2,140,140,140,60,120,-20,140,140,60,200,0,0,209860,209860,209860,209940,209880,210020,40,0
70000,2,2,3,-1,-1,-1,-1,-1,-1,66083,67681,40849,2917,1473,917,3017,2025,58,29,917,40442,3917,2319,29151,67083,68527,69083,133432,0
160000,1,4,2,-1,-1,-1,-1,-1,-1,3555,7340,0,7634,7350,7938,7340,0,7634,0,7938,3993,156445,152660,160000,152366,152650,152062,6912,0
30000,2,2,1,-1,-1,-1,-1,-1,-1,4527,7427,11013,16013,16340,3396,3000,6000,5000,327,3396,1680,25473,22573,18987,13987,13660,26604,39313,0
250000,1,2,1,-1,-1,-1,-1,-1,-1,12044,3260,4037,1184,5107,1893,3276,4057,1196,5123,6,2539,237956,246740,245963,248816,244893,248107,11328,0
10000,3,2,4,1,2,-1,-1,2,2,2731,2541,3499,4441,4233,5566,0,1000,1000,0,2000,1170,7269,7459,6501,5559,5767,4434,17841,0
50000,2,2,1,1,2,2,2,2,2,17654,17082,20088,19483,19742,19275,0,3300,0,1560,0,881,32346,32918,29912,30517,30258,30725,107583,0
120000,3,1,2,-1,-1,-1,-1,-1,-1,3465,5543,5463,10912,5228,9769,5558,5479,10929,24,9769,18,116535,114457,114537,109088,114772,110231,8603,0
50000,2,2,1,-1,-1,-1,-1,-1,-1,49417,48104,49348,28433,53718,27084,1966,2210,1946,983,1950,946,583,1896,652,21567,-3718,22916,246103,0
250000,1,2,2,-1,-1,-1,-1,-1,-1,143200,146391,91714,88397,90312,92456,7000,3500,3100,3200,3500,3500,106800,103609,158286,161603,159688,157544,628670,0
20000,2,2,3,-1,-1,2,-1,-1,-2,390,1170,780,780,0,0,1170,0,0,0,0,0,19610,18830,19220,19220,20000,20000,1950,1
70000,2,4,1,-1,-1,-1,-1,-1,-1,19508,19633,19685,18887,19073,20208,2000,2000,1000,2000,3003,3007,50492,50367,50315,51113,50927,49792,103984,0
50000,2,2,3,-1,-1,-1,-1,-1,-1,2635,27299,21206,20127,19049,19730,27921,1262,656,655,2433,1000,47365,22701,28794,29873,30951,30270,76119,0
110000,2,2,3,-1,-1,-1,-1,-1,-1,120767,133593,125852,118254,120537,112021,24800,4400,4300,4205,4500,4304,-10767,-23593,-15852,-8254,-10537,-2021,684515,0
100000,1,4,2,1,2,-1,-1,-1,-1,7130,6873,8101,8235,34087,34749,0,1500,565,36252,1500,2500,92870,93127,91899,91765,65913,65251,56858,0
20000,2,1,2,-2,-2,-2,-2,-1,-1,-66,-66,460,-201,1600,0,0,526,201,1801,0,0,20066,20066,19540,20201,18400,20000,-801,0
120000,2,2,1,-1,-1,-1,-1,-1,-1,30925,73143,73130,74898,76779,79594,43272,3120,2888,3001,4500,2500,89075,46857,46870,45102,43221,40406,349188,0
50000,2,2,1,-1,-1,-1,-1,-1,-1,5385,4754,-43,1757,-765,18032,2000,0,1800,0,19000,4000,44615,45246,50043,48243,50765,31968,2320,0
140000,2,1,1,1,2,2,2,2,2,73302,74539,75724,73909,78305,76888,3000,3000,0,5763,0,6100,66698,65461,64276,66091,61695,63112,434804,1
140000,2,1,2,-1,-1,-1,-1,-1,-1,711,711,711,10976,711,711,711,711,10976,711,711,291,139289,139289,139289,129024,139289,139289,420,1
250000,1,2,2,-1,-1,-1,-1,-1,-1,196409,182372,191040,199400,206988,167607,6023,15000,10011,11214,5315,3180,53591,67628,58960,50600,43012,82393,1093073,0
180000,2,4,2,-1,-1,-1,-1,-1,-1,43779,44213,44561,45130,47790,48222,1751,1712,1894,4000,1837,1711,136221,135787,135439,134870,132210,131778,260790,0
130000,2,2,1,-1,-1,-1,-2,-2,-2,55348,55400,0,0,0,0,1650,0,0,0,0,0,74652,74600,130000,130000,130000,130000,109098,0
200000,1,2,1,-2,-2,-2,-2,-2,-2,2436,3458,758,-2,750,26903,5963,760,0,752,26983,599,197564,196542,199242,200002,199250,173097,-754,0
100000,1,4,1,-1,-1,2,2,2,-1,64086,68836,69704,70566,69311,70844,6005,2600,2600,0,2685,2800,35914,31164,30296,29434,30689,29156,396657,0
20000,2,2,1,-1,-1,-1,-1,-1,-1,15879,15441,9124,12915,4305,18495,4000,2000,10000,500,16000,1000,4121,4559,10876,7085,15695,1505,42659,0
290000,3,4,1,-1,-1,-1,-1,-1,-1,63584,28972,10772,22463,164570,9672,2000,1399,22468,164791,9672,18889,226416,261028,279228,267537,125430,280328,80814,0
110000,1,1,3,-1,-1,-1,-1,-1,-1,106111,108698,105666,57940,59247,59594,5015,4081,2101,2202,2204,2100,3889,1302,4334,52060,50753,50406,479553,0
30000,2,4,1,2,2,5,5,4,3,1200,1200,1200,1200,600,300,0,0,0,0,0,0,28800,28800,28800,28800,29400,29700,5700,0
150000,3,4,1,-1,-1,-1,-1,-1,-1,6319,8190,6686,7686,4526,65839,2000,1000,1000,0,63300,11632,143681,141810,143314,142314,145474,84161,20314,0
150000,2,4,2,-1,-1,-1,-1,-1,-1,1467,698,4102,713,810,5438,701,4137,719,817,5467,9587,148533,149302,145898,149287,149190,144562,-8200,0
120000,1,4,1,1,-2,-2,-2,-2,-2,0,0,0,0,0,0,0,0,0,0,0,0,120000,120000,120000,120000,120000,120000,0,1
280000,2,1,1,-1,-1,-1,-1,-1,-1,24189,25294,26667,26926,27492,28333,1500,1800,1000,1000,1300,1000,255811,254706,253333,253074,252508,251667,151301,0
90000,2,2,2,1,-2,-2,-2,-2,-1,-191,-191,-191,-191,-191,209,0,0,0,0,550,3780,90191,90191,90191,90191,90191,89791,-5076,0
130000,2,1,2,-1,-1,-1,-1,-1,-1,10896,390,390,390,390,390,390,390,390,390,390,390,119104,129610,129610,129610,129610,129610,10506,0
30000,2,2,1,1,2,2,2,-1,-1,27262,26545,28590,27831,28433,30257,0,2800,0,1050,2300,0,2738,3455,1410,2169,1567,-257,162768,1
100000,1,1,1,-1,-1,-1,-1,-2,-2,91842,40308,41800,0,0,0,1809,2301,0,0,0,0,8158,59692,58200,100000,100000,100000,169840,0
30000,1,4,1,-1,-1,-1,-1,-1,2,20234,20476,21991,22544,24061,23428,2000,3000,2000,2000,1000,0,9766,9524,8009,7456,5939,6572,122734,1
90000,2,2,1,-1,-1,-1,-1,-1,-1,45537,43173,36230,28068,20229,20650,3000,2500,2000,2000,1100,0,44463,46827,53770,61932,69771,69350,183287,0
160000,2,2,1,4,3,2,-1,-1,-1,103398,100925,97701,99434,99527,16331,0,0,2321,432,546,550,56602,59075,62299,60566,60473,143669,513467,0
260000,1,1,4,-1,-1,-1,-1,-1,-2,771,1593,419,529,0,4090,1596,437,529,0,4090,98,259229,258407,259581,259471,260000,255910,652,0
50000,1,2,1,2,-1,-1,-1,-1,-1,48508,45951,44013,28094,29138,30625,2500,2000,1200,1500,2000,1500,1492,4049,5987,21906,20862,19375,215629,1
260000,3,2,1,-1,-1,-1,-1,-1,-1,132755,137049,137558,140455,144032,146615,6417,5000,5184,6000,5026,4005,127245,122951,122442,119545,115968,113385,806832,0
220000,1,4,2,-1,-1,-1,-1,-1,-1,7443,5572,5572,5572,5774,3264,5600,5600,5600,5802,3279,5613,212557,214428,214428,214428,214226,216736,1703,0
20000,2,4,1,-1,-1,-1,-1,-1,-1,19248,20054,19133,19397,19702,20506,2000,1300,678,706,2037,0,752,-54,867,603,298,-506,111319,0
300000,1,4,1,1,5,4,3,2,3,315632,309330,302869,306395,311256,305413,0,0,10000,10000,0,0,-15632,-9330,-2869,-6395,-11256,-5413,1830895,1
250000,1,4,2,1,-2,-2,-2,-2,-2,-129,-129,-329,-329,-329,-529,0,200,0,0,200,86,250129,250129,250329,250329,250329,250529,-2260,0
200000,2,2,2,-1,-1,-1,-1,-1,-1,416,416,416,416,416,0,416,416,416,416,0,832,199584,199584,199584,199584,199584,200000,-416,0
20000,2,4,1,-1,-1,2,-1,-1,-1,13660,15056,15400,12900,19500,0,2000,1000,0,6600,0,0,6340,4944,4600,7100,500,20000,66916,0
50000,2,2,1,3,3,2,2,2,-1,26798,27274,27529,28280,27691,28278,1200,1000,1500,0,1200,1200,23202,22726,22471,21720,22309,21722,159750,1
100000,3,4,1,-1,-1,-1,-1,-1,-1,7220,13677,49773,61244,31410,20529,13695,49813,50054,33,10028,100000,92780,86323,50227,38756,68590,79471,-39770,0
170000,2,1,2,-1,-1,-1,-1,-1,-1,164240,167116,165432,120084,123439,107682,8019,6196,4300,5000,4006,4007,5760,2884,4568,49916,46561,62318,816465,0
120000,1,1,2,-1,-1,-1,-1,-1,-1,68329,72212,79334,80531,80944,78771,5000,9000,3000,3100,3000,3000,51671,47788,40666,39469,39056,41229,434021,0
120000,2,4,2,-1,-1,-1,-1,-1,-1,33814,35033,36175,15833,16170,16897,1766,1908,566,591,1000,626,86186,84967,83825,104167,103830,103103,147465,0
50000,2,2,1,-1,-1,-1,-1,2,-1,37862,17545,18537,19941,19500,18921,1304,1296,1700,2,800,1000,12138,32455,31463,30059,30500,31079,126204,0
260000,1,4,1,-1,-1,-1,-1,-1,-1,63504,66283,67341,54725,36117,35144,4000,3002,2000,2000,2464,1000,196496,193717,192659,205275,223883,224856,308648,0
60000,2,4,3,-1,-1,-1,-1,-1,-2,57657,54173,67300,590,0,0,3400,1650,1180,0,0,400,2343,5827,-7300,59410,60000,60000,173090,0
120000,2,4,1,-1,2,2,-2,-2,-2,200,200,0,0,0,0,0,0,0,0,0,0,119800,119800,120000,120000,120000,120000,400,1
220000,3,2,3,-1,-1,-1,-1,-1,-1,38412,50367,64735,22792,184483,62140,50451,64775,22794,184483,62140,48080,181588,169633,155265,197208,35517,157860,-9794,0
200000,1,2,1,-1,-1,-2,-2,-2,-2,299,-201,-201,-201,-201,-201,0,0,0,0,0,0,199701,200201,200201,200201,200201,200201,-706,0
90000,2,2,3,-1,-1,-1,-1,-1,-1,63049,71245,70819,20301,87497,86938,10000,1612,0,87497,10000,20000,26951,18755,19181,69699,2503,3062,270740,0
310000,1,2,1,-1,-1,-1,-1,-1,-1,184538,153625,142810,125869,107986,83461,5019,3872,3147,2912,5109,1604,125462,156375,167190,184131,202014,226539,776626,0
110000,2,2,2,-1,-1,-1,-1,-1,-1,18328,19385,20400,20729,21465,21740,1300,1280,600,1005,709,732,91672,90615,89600,89271,88535,88260,116421,0
140000,2,4,3,-1,-1,-1,-1,-1,-1,24984,26010,27026,27714,28139,28697,1434,1450,1138,1021,1026,1061,115016,113990,112974,112286,111861,111303,155440,0
160000,1,2,4,-1,-1,-1,-1,-1,-1,63406,64176,2348,2447,10968,10934,2901,2348,2447,10968,531,208,96594,95824,157652,157553,149032,149066,134876,0
80000,2,4,1,2,2,2,2,2,2,23787,23124,26700,27064,27685,27091,0,4300,1100,1200,0,2500,56213,56876,53300,52936,52315,52909,146351,1
500000,1,2,2,-1,-1,-1,-1,-1,-1,251931,301458,234316,199360,163408,186618,101458,10009,20071,20000,35565,18000,248069,198542,265684,300640,336592,313382,1131988,0
130000,2,2,1,-1,-1,-1,-1,-1,-1,130708,132080,130128,101794,101826,101763,6658,5146,4000,4000,3866,3435,-708,-2080,-128,28206,28174,28237,671194,0
240000,2,2,3,-1,-1,-1,2,-1,-1,220439,224653,238637,232995,206167,210100,9657,19253,0,7641,7522,7949,19561,15347,1363,7005,33833,29900,1280969,0
50000,2,4,1,2,2,7,7,7,7,2400,2400,2400,2400,2400,2400,0,0,0,0,0,0,47600,47600,47600,47600,47600,47600,14400,1
180000,1,2,3,1,-1,-1,-2,-2,-2,0,1290,0,0,1200,0,1290,0,0,1200,0,0,180000,178710,180000,180000,178800,180000,0,0
240000,2,2,2,-1,-1,-1,-1,-1,-1,1863,15172,8930,7324,10506,10625,15172,8930,0,10526,10625,11982,238137,224828,231070,232676,229494,229375,-2815,1
180000,2,1,2,-1,-1,-1,-1,-1,-1,135001,135199,134817,52629,51543,52781,6100,6000,1900,1680,1900,3888,44999,44801,45183,127371,128457,127219,540502,0
130000,2,2,2,-1,-1,-1,-1,-1,-1,114984,118641,119286,121377,123655,125917,5800,4400,4350,4500,4600,5000,15016,11359,10714,8623,6345,4083,695210,0
50000,1,4,1,-1,-1,-1,-2,-2,-2,12806,13490,0,0,0,0,7522,0,0,0,0,0,37194,36510,50000,50000,50000,50000,18774,1
500000,1,2,2,-1,-1,-1,2,-1,-1,154085,4373,65539,62450,36039,2300,4373,62450,0,500,2300,211192,345915,495627,434461,437550,463961,497700,43971,0
200000,2,1,1,-1,-1,-1,-1,-1,2,168374,172158,175701,181235,192713,189449,8000,7900,10000,14400,0,6700,31626,27842,24299,18765,7287,10551,1032630,0
220000,1,4,1,-2,-2,-2,-2,-2,-2,19030,14287,8183,21189,7838,321,14287,8194,22000,7838,321,21317,200970,205713,211817,198811,212162,219679,-3109,0
70000,2,1,2,-1,-1,2,-1,-1,-1,21670,24401,23716,24124,24684,25222,3400,0,1100,1100,1100,1103,48330,45599,46284,45876,45316,44778,136014,0
440000,1,1,2,-1,-1,-1,-1,-1,-1,21359,18905,16540,13247,7577,1652,5023,3024,1043,3037,1660,365,418641,421095,423460,426753,432423,438348,65128,0
290000,4,1,4,-1,-1,-1,-1,-1,-1,302396,2000,2208,105145,106511,108228,2000,2604,215917,3685,3700,3786,-12396,288000,287792,184855,183489,181772,394796,0
50000,2,4,1,-1,-1,-1,-1,-1,-1,30941,30730,29908,28809,27905,13835,1751,1402,776,773,522,430,19059,19270,20092,21191,22095,36165,156474,0
120000,2,4,1,-1,-1,-1,-1,-1,-1,115653,108971,83592,22321,32150,36644,5000,5000,2000,20000,10000,10000,4347,11029,36408,97679,87850,83356,347331,0
80000,3,2,3,-1,-1,-1,-1,-1,-1,485,10735,2954,24243,7043,13531,10735,2957,24277,7046,13671,3206,79515,69265,77046,55757,72957,66469,-2901,0
170000,2,2,1,-1,-1,-1,-1,-1,-1,164214,165825,167008,131544,125652,127224,8001,7077,5000,5000,5000,5000,5786,4175,2992,38456,44348,42776,846389,0
160000,1,2,3,-1,-1,-1,-1,-1,-1,396,396,396,0,688,396,396,396,0,688,500,0,159604,159604,159604,160000,159312,159604,292,1
280000,1,2,1,-1,2,-1,-1,-1,-1,7712,1171,1599,436,47613,31987,0,2013,436,47613,1472,2275,272288,278829,278401,279564,232387,248013,36709,1
40000,2,2,3,2,2,2,2,-1,-1,31121,30343,34021,33177,33870,34537,0,4514,0,1378,1382,1427,8879,9657,5979,6823,6130,5463,188368,1
80000,3,2,4,-1,-1,-1,-1,-1,-1,66002,68679,70906,71474,72936,63912,5000,5000,3000,3000,3000,3000,13998,11321,9094,8526,7064,16088,391909,0
210000,2,2,3,-1,-1,-1,-1,-1,-1,12555,560,5287,2000,900,406,560,5287,2000,900,406,900,197445,209440,204713,208000,209100,209594,11655,0
60000,2,2,1,2,2,2,2,2,2,56252,57760,58250,56352,57930,16563,3000,2100,0,2801,0,3619,3748,2240,1750,3648,2070,43437,291587,1
20000,2,2,3,-1,-1,-1,-1,-1,-1,14492,15304,16035,16517,16781,17142,1349,1080,562,500,456,218,5508,4696,3965,3483,3219,2858,92106,1
230000,2,4,2,1,-2,-2,-2,-1,-1,2404,681,4048,0,5092,7452,687,4053,0,5092,7464,2485,227596,229319,225952,230000,224908,222548,-104,0
90000,1,2,4,-1,-1,-1,-1,-1,-1,58979,64004,65298,65233,66717,67562,6000,3000,2300,2500,3000,2500,31021,25996,24702,24767,23283,22438,368493,0
170000,1,2,2,-1,-1,-1,-1,-1,-1,736,316,1970,1132,1132,1397,1289,1970,1132,1132,1397,1397,169264,169684,168030,168868,168868,168603,-1634,0
70000,2,4,1,-1,-1,-1,-1,-1,-1,57889,33868,33390,26457,27165,27562,1592,1497,947,1134,1000,1021,12111,36132,36610,43543,42835,42438,199140,0
50000,2,2,1,-1,-1,2,2,2,-1,24043,26806,26077,27898,27315,27709,3165,0,2257,0,1000,2000,25957,23194,23923,22102,22685,22291,151426,0
140000,1,2,3,-2,-2,-2,-2,-1,-1,5349,2210,5472,0,544,0,2216,5472,0,544,0,0,134651,137790,134528,140000,139456,140000,5343,0
50000,3,4,4,-1,-1,-1,-1,-1,-1,47860,47294,45136,29378,29750,30327,1936,3654,1038,1222,1217,946,2140,2706,4864,20622,20250,19673,219732,0
270000,1,4,3,-1,-1,-1,-1,-1,-1,96131,98635,39177,110453,111230,113670,4204,2819,93694,3948,4199,3309,173869,171365,230823,159547,158770,156330,457123,0
170000,2,2,3,2,2,-1,-1,-1,-1,164210,159883,126712,87369,76552,78277,0,6400,3600,3000,3000,3100,5790,10117,43288,82631,93448,91723,673903,1
180000,1,4,1,-1,-1,-1,-1,-1,-1,95757,98098,101255,101341,98419,85259,3880,5114,3238,3401,2980,3000,84243,81902,78745,78659,81581,94741,558516,0
80000,1,4,1,-1,-1,-1,-1,-1,-1,928,4844,3305,3287,630,2436,4844,3326,3287,630,2436,1882,79072,75156,76695,76713,79370,77564,-975,0
450000,1,4,2,-1,-1,-1,-1,-1,-1,71985,85047,74354,57628,57381,14870,15000,1879,20000,20000,5000,50893,378015,364953,375646,392372,392619,435130,248493,0
400000,1,2,1,-1,-1,-1,-1,-1,-1,6748,7777,20192,17337,5396,516,7777,20192,17337,0,516,53871,393252,392223,379808,382663,394604,399484,-41727,0
400000,2,4,2,-1,2,-1,-1,-1,2,1908,952,333,4928,8235,3317,0,333,4928,8235,0,1708,398092,399048,399667,395072,391765,396683,4469,0
60000,3,2,1,-1,-1,-1,-1,-1,-1,57530,59869,59942,28934,27461,28504,3869,2742,1200,1461,1504,1683,2470,131,58,31066,32539,31496,249781,0
110000,1,2,1,-1,-1,-1,-1,-1,-1,51139,53797,56394,58341,60242,62234,3500,3500,3500,3000,3000,3000,58861,56203,53606,51659,49758,47766,322647,0
60000,2,4,1,-1,-1,-1,-1,-1,-1,27295,27403,23837,23078,22618,23950,1724,1600,1000,1000,2500,1300,32705,32597,36163,36922,37382,36050,139057,0
140000,1,2,2,-1,-1,-1,-1,-1,-1,3351,64555,63796,55234,52959,50617,64555,2898,1890,2000,2000,1900,136649,75445,76204,84766,87041,89383,215269,1
20000,2,1,1,-1,-1,-1,-1,-1,-1,10085,11416,12520,12714,13059,13193,1500,1600,700,700,500,1000,9915,8584,7480,7286,6941,6807,66987,1
50000,1,2,2,-1,-1,-1,2,2,2,60762,58791,59529,55405,55904,52160,2300,4400,0,4000,0,4000,-10762,-8791,-9529,-5405,-5904,-2160,327851,1
30000,3,4,4,-1,-1,-1,-1,2,-1,21101,21831,23457,24972,24432,25126,1374,2000,1908,0,1100,1000,8899,8169,6543,5028,5568,4874,133537,0
210000,2,4,1,-1,-1,-1,-1,-1,-1,193345,160508,156422,146954,137937,134581,8000,6005,5200,5500,5000,5500,16655,49492,53578,63046,72063,75419,894542,0
50000,2,2,2,2,2,2,2,2,2,32899,34076,34522,33668,35323,36588,2000,1300,0,2200,2000,1500,17101,15924,15478,16332,14677,13412,198076,1
200000,1,2,2,-1,-1,-1,-2,-1,2,15176,2693,6632,0,734,584,2715,6632,0,734,0,22489,184824,197307,193368,200000,199266,199416,-6751,0
120000,3,2,4,-1,-1,-1,-1,-1,-1,119231,120651,73115,64398,42588,42863,3825,2276,1909,1510,1663,1445,769,-651,46885,55602,77412,77137,450218,0
200000,1,4,1,-1,-1,-1,-1,-2,-1,8972,0,65,0,0,5162,0,65,0,0,5162,0,191028,200000,199935,200000,200000,194838,8972,1
180000,2,2,2,-1,-1,-1,-1,-2,-1,1866,590,360,0,0,414,590,360,0,0,414,0,178134,179410,179640,180000,180000,179586,1866,0
440000,2,2,3,1,-1,-1,-1,-1,-1,-6,1160,1807,-11,2220,165,1166,1891,0,2231,165,1573,440006,438840,438193,440011,437780,439835,-1691,1
150000,2,4,1,-1,-1,-1,-1,-1,-1,7600,8749,10652,32330,15681,6173,1300,3652,33866,410,200,776,142400,141251,139348,117670,134319,143827,40981,0
130000,1,1,6,1,-2,-2,-2,-2,-2,0,0,0,0,0,0,0,0,0,0,0,0,130000,130000,130000,130000,130000,130000,0,1
50000,2,2,1,-1,-1,-1,-1,-1,-1,14661,11586,9275,11181,2931,27209,3000,1000,5000,0,25000,5000,35339,38414,40725,38819,47069,22791,37843,0
180000,2,4,1,1,2,-1,-1,-1,-1,7445,1706,1600,0,22357,21541,0,1600,0,22357,1500,785,172555,178294,178400,180000,157643,158459,28407,1
80000,2,4,1,-1,-1,-1,-1,-1,-1,77139,78690,57259,56939,59066,60008,3010,2100,2000,3000,2500,2100,2861,1310,22741,23061,20934,19992,374391,0
170000,1,4,1,-2,-2,-2,-1,-1,-1,0,0,0,10232,9677,0,0,0,10232,194,0,0,170000,170000,170000,159768,160323,170000,9483,0
150000,1,4,1,-1,-1,-1,-1,-1,-2,18836,5312,740,10,0,0,2000,740,1410,0,0,0,131164,144688,149260,149990,150000,150000,20748,0
240000,2,2,2,-1,-1,-1,-1,-1,-1,179662,180787,181379,170318,128076,64634,7003,8000,8000,2500,2400,2600,60338,59213,58621,69682,111924,175366,874353,0
140000,2,2,1,-1,-1,-1,2,2,2,125080,127751,136996,140813,142170,144587,4688,11421,7580,5000,4913,0,14920,12249,3004,-813,-2170,-4587,783795,1
50000,3,3,4,-1,-1,-1,-1,-1,-1,9404,10745,12058,13256,14437,16985,1500,1500,1400,1400,2800,0,40596,39255,37942,36744,35563,33015,68285,0
20000,2,2,2,-1,-1,-1,-1,-1,-1,9845,5419,6098,6840,8560,13410,3000,2000,1000,2000,5000,0,10155,14581,13902,13160,11440,6590,37172,0
240000,1,2,2,-1,-1,-1,-1,-1,-1,8213,20000,44384,28734,13200,43791,20000,44384,750,2000,81800,1050,231787,220000,195616,211266,226800,196209,8338,0
30000,2,2,3,-1,-1,-1,-1,-1,-1,30226,31237,13511,13781,14070,14350,1676,1223,493,511,514,532,-226,-1237,16489,16219,15930,15650,112226,0
50000,2,4,1,2,2,2,-1,-1,2,5804,6855,6599,6577,7120,6857,1300,0,236,650,0,810,44196,43145,43401,43423,42880,43143,36816,1
20000,2,2,2,-1,-1,2,-1,-1,-1,17450,20358,19722,19616,19228,19878,3200,0,830,750,1000,282,2550,-358,278,384,772,122,110190,1
20000,2,2,4,7,6,5,4,3,2,22858,22246,21623,21000,20388,19915,0,0,0,0,0,994,-2858,-2246,-1623,-1000,-388,85,127036,1
310000,2,2,3,-2,-2,-2,-2,-2,-2,0,0,0,0,0,0,0,0,0,0,0,0,310000,310000,310000,310000,310000,310000,0,0
200000,2,2,2,-1,-1,-1,-1,-1,2,13124,11774,6328,4714,42184,39576,1058,6336,10,39585,39,1087,186876,188226,193672,195286,157816,160424,69585,0
330000,3,2,3,1,-1,-1,-1,-1,-1,0,571,0,11942,300,-200,571,0,11942,300,0,0,330000,329429,330000,318058,329700,330200,-200,0
100000,3,2,4,-1,-1,-1,-1,-1,-1,99768,100098,75296,73774,75603,77807,3919,3010,3000,6000,3500,3000,232,-98,24704,26226,24397,22193,479917,0
50000,3,4,2,-1,-1,-1,-1,-1,-1,33507,32401,7087,7227,7378,7527,1108,1118,258,267,271,1147,16493,17599,42913,42773,42622,42473,90958,0
120000,2,2,2,-1,-1,-1,-1,-1,-1,77413,70630,61181,52187,49327,41096,5000,3000,2000,2000,1500,1500,42587,49370,58819,67813,70673,78904,336834,0
160000,1,1,3,-1,-1,-1,-1,-1,3,69896,71971,73996,75065,82472,80984,3810,3831,2900,8800,0,0,90104,88029,86004,84935,77528,79016,435043,0
170000,1,1,5,-1,-1,-1,-1,-1,-1,12980,12724,11888,10802,1477,1302,1550,1000,216,1477,1302,1302,157020,157276,158112,159198,168523,168698,44326,0
50000,3,6,1,2,-1,-1,-1,-2,-2,49929,49667,780,0,0,0,1750,780,0,0,0,0,71,333,49220,50000,50000,50000,97846,0
30000,2,4,1,-1,-1,-1,-2,-2,-2,390,780,0,0,0,0,780,0,0,0,0,0,29610,29220,30000,30000,30000,30000,390,0
150000,1,2,1,-1,-1,-1,-1,-1,-1,146330,147720,148748,104123,132321,37683,4979,3592,2556,2300,1427,1000,3670,2280,1252,45877,17679,112317,701071,0
320000,2,4,2,-1,-1,-1,-1,-1,-1,16003,1933,8835,3728,764,5468,1939,8835,3751,764,5468,749,303997,318067,311165,316272,319236,314532,15225,0
50000,2,2,4,1,2,2,2,2,2,32113,31319,33688,32849,34950,35658,0,3200,0,2795,1431,0,17887,18681,16312,17151,15050,14342,193151,0
20000,1,4,1,-1,-1,-1,-1,-1,-1,18362,19669,16479,16694,17334,17063,1640,1506,721,1000,1000,600,1638,331,3521,3306,2666,2937,99134,0
20000,2,2,1,4,5,4,3,2,-1,20014,19432,18840,18248,17816,18021,0,0,0,0,636,1200,-14,568,1160,1752,2184,1979,110535,1
50000,2,1,2,-1,-1,-1,-1,-1,-1,45398,37433,30609,30432,30254,30088,2008,2000,1500,1501,2105,2219,4602,12567,19391,19568,19746,19912,192881,0
160000,3,1,3,-1,-1,-1,-1,-1,-1,1672,766,762,762,762,762,766,762,762,762,762,762,158328,159234,159238,159238,159238,159238,910,0
20000,2,4,2,-1,-1,-1,-1,-1,-1,19727,20330,20199,19609,19957,2361,2000,1200,0,348,0,420,273,-330,-199,391,43,17639,98215,0
130000,2,1,1,-1,-1,-1,-1,-1,-1,53119,48994,17285,12448,12855,11795,3106,22511,600,1005,1004,1006,76881,81006,112715,117552,117145,118205,127264,1
150000,2,4,1,1,-1,-1,-2,-2,-2,0,10437,4044,594,0,0,10437,4156,600,0,0,9240,150000,139563,145956,149406,150000,150000,-9358,0
20000,2,4,1,-1,-1,-1,-1,-1,-1,16622,18913,15868,16188,14891,3044,3015,5086,5000,3202,5000,694,3378,1087,4132,3812,5109,16956,63529,0
20000,3,1,3,-1,-1,2,2,2,2,10574,13097,12595,13157,12803,13851,3010,0,1070,0,1260,0,9426,6903,7405,6843,7197,6149,70737,1
70000,3,2,4,-1,-1,-2,-2,-2,-1,16976,0,0,0,0,1000,5000,0,0,0,1000,1770,53024,70000,70000,70000,70000,69000,10206,0
50000,1,2,1,-1,-1,-1,-1,-1,-1,18017,18561,19204,19588,20024,18694,1629,1272,656,706,954,700,31983,31439,30796,30412,29976,31306,108171,0
200000,2,1,3,-1,-1,-1,-1,-1,-1,63182,44876,38764,37618,35737,40710,1765,10007,2019,5027,15031,7088,136818,155124,161236,162382,164263,159290,219950,0
320000,2,4,2,-1,-1,-1,-1,-1,-1,3720,4206,15610,10556,11863,5619,4206,15610,10556,8000,5600,2604,316280,315794,304390,309444,308137,314381,4998,0
50000,3,2,2,-1,2,2,-2,-2,-2,780,780,0,0,0,0,0,0,0,0,0,0,49220,49220,50000,50000,50000,50000,1560,0
70000,2,2,1,-1,-1,-1,-1,-1,-1,23018,24044,25059,25559,26094,26612,1400,1415,915,947,952,986,46982,45956,44941,44441,43906,43388,143771,0
200000,3,4,2,-2,-2,-2,-2,-2,-2,0,0,0,0,1246,-3,0,0,0,1246,0,1266,200000,200000,200000,200000,198754,200003,-1269,0
250000,2,2,1,-2,-2,-2,-2,-2,-2,0,256,258,258,258,258,256,258,258,258,258,258,250000,249744,249742,249742,249742,249742,-258,0
70000,1,4,1,-1,-1,-1,-1,-1,-1,66738,68601,65615,66429,67858,69723,3005,3000,2500,2500,3000,1400,3262,1399,4385,3571,2142,277,389559,1
90000,2,2,2,-1,-1,-1,-1,-1,-1,685,0,490,850,1000,1360,0,490,850,1000,1360,0,89315,90000,89510,89150,89000,88640,685,1
400000,1,2,2,-1,-1,-1,-1,-1,2,21930,20489,20734,16476,17857,14656,5028,5030,2012,4014,37,2013,378070,379511,379266,383524,382143,385344,94008,0
130000,1,4,2,-1,-1,-1,-1,-1,-1,2629,9995,7267,2518,16202,2505,9900,4300,2000,16202,2505,2348,127371,120005,122733,127482,113798,127495,3861,0
110000,1,2,3,-1,-1,2,-1,-1,-1,52691,55000,52277,52055,52437,55560,5000,0,2000,3000,5000,2000,57309,55000,57723,57945,57563,54440,303020,0
150000,1,2,2,1,2,2,2,-1,-1,139005,135350,148041,143259,142519,142162,0,15000,0,5099,5472,5000,10995,14650,1959,6741,7481,7838,819765,0
330000,1,4,1,-2,-2,-2,-2,-2,-2,1127,13030,14922,17722,3390,0,13030,2500,3000,3390,0,0,328873,316970,315078,312278,326610,330000,28271,0
30000,3,4,1,2,2,2,-1,-1,-1,28309,31229,29752,27262,27262,24265,3700,0,0,0,0,0,1691,-1229,248,2738,2738,5735,164379,0
360000,1,4,2,-1,-1,-1,-1,-1,-1,42524,53303,3924,43900,88865,12104,53563,3924,43900,50000,12104,960,317476,306697,356076,316100,271135,347896,80169,0
50000,1,1,4,-1,-1,-1,-1,-1,-1,48768,49419,17303,17647,18016,18375,2173,1287,631,653,658,832,1232,581,32697,32353,31984,31625,163294,0
60000,2,4,1,2,2,2,2,2,2,27583,26860,28601,29819,30192,31045,0,2500,2000,1000,1500,0,32417,33140,31399,30181,29808,28955,167100,1
200000,2,4,1,-2,-2,-2,-2,-2,-2,264,264,264,264,264,264,264,264,264,264,264,0,199736,199736,199736,199736,199736,199736,264,0
180000,1,4,3,-2,-2,-2,-2,-2,-2,0,0,0,5436,100,9330,0,0,5436,100,9330,0,180000,180000,180000,174564,179900,170670,0,0
50000,3,2,4,-1,-1,-1,-1,-1,-1,48946,98823,50031,20413,18336,18405,2047,3167,682,662,1000,1000,1054,-48823,-31,29587,31664,31595,246396,0
80000,3,2,2,-1,-1,-1,-1,-1,-2,330,0,330,330,0,0,0,660,0,0,0,0,79670,80000,79670,79670,80000,80000,330,0
50000,2,4,1,2,2,2,3,2,2,31805,32988,34935,34076,34685,33976,2000,2800,0,1300,0,3700,18195,17012,15065,15924,15315,16024,192665,1
270000,3,2,2,-1,-1,-2,-2,-1,-1,3842,3934,0,0,3353,764,3934,0,0,3353,764,35532,266158,266066,270000,270000,266647,269236,-31690,0
100000,2,4,1,-1,-1,-1,-1,-1,-1,694,650,687,620,0,627,656,687,620,0,627,3620,99306,99350,99313,99380,100000,99373,-2932,1
170000,2,4,2,-1,-1,-1,-1,-1,-1,151050,148362,142223,126060,123978,120689,6000,5012,5000,5000,5000,5000,18950,21638,27777,43940,46022,49311,781350,0
30000,1,1,2,-1,-1,-1,-1,-1,-1,10024,12855,14634,16378,16961,19669,3000,2000,2000,1000,3000,1000,19976,17145,15366,13622,13039,10331,78521,0
230000,2,4,2,-1,-1,-1,-1,-1,-1,104364,106549,108719,111039,113365,115625,3867,3941,4123,4267,4300,4084,125636,123451,121281,118961,116635,114375,635079,0
200000,1,2,2,-1,-1,-1,-1,-1,-1,7448,5471,4506,10067,9273,2931,5473,4506,10137,9521,2931,10381,192552,194529,195494,189933,190727,197069,-3253,0
130000,1,2,2,-1,-1,-1,-1,-2,-2,127790,128272,6230,0,0,0,6000,1400,0,0,0,0,2210,1728,123770,130000,130000,130000,254892,1
30000,2,1,5,-1,-1,-1,-2,-2,-2,11188,2990,0,0,0,0,1000,0,0,0,0,0,18812,27010,30000,30000,30000,30000,13178,0
140000,2,2,1,-1,-1,-1,-1,-1,-1,41547,40925,36775,35877,34812,33899,2000,1800,1300,1400,1400,1000,98453,99075,103225,104123,105188,106101,214935,0
490000,1,1,3,-1,-1,-1,-1,-1,-1,25916,14187,56573,81414,62063,14122,14187,56717,81414,62063,14122,25417,464084,475813,433427,408586,427937,475878,355,0
160000,2,2,2,-1,-1,-1,-1,-1,-1,2720,1280,5850,150,1240,0,1280,5850,0,1240,0,0,157280,158720,154150,159850,158760,160000,2870,0
180000,2,1,3,-1,-1,-1,-1,-1,-1,27884,28958,29864,30632,31274,32144,1526,1432,1200,1072,1326,704,152116,151042,150136,149368,148726,147856,173496,1
260000,2,2,2,-1,-1,-1,-1,-1,-1,243742,237204,238314,219634,186841,189010,8017,8117,14044,5410,5855,5254,16258,22796,21686,40366,73159,70990,1268048,0
80000,2,4,1,-1,-1,-1,-1,-1,-1,73684,68883,45257,45981,46032,46192,2896,1722,1619,1665,1700,1833,6316,11117,34743,34019,33968,33808,314594,1
360000,1,4,1,-1,-1,-1,-1,-1,-1,357,3050,9118,19183,36842,10621,3050,9118,11000,30000,428,3166,359643,356950,350882,340817,323158,349379,22409,1
20000,1,4,1,-1,-1,-1,-1,-1,-2,2650,0,855,640,0,0,0,855,640,0,0,2742,17350,20000,19145,19360,20000,20000,-92,0
20000,1,2,1,-1,-1,-1,-2,-2,-2,19849,20650,0,0,0,0,1650,0,0,0,0,0,151,-650,20000,20000,20000,20000,38849,0
80000,3,2,1,-1,-1,-1,-1,-1,-1,75903,34137,32390,32651,32170,31493,2014,1705,2000,2000,3000,3000,4097,45863,47610,47349,47830,48507,225025,0
500000,1,2,2,-1,-1,-1,-1,-1,-1,18290,25287,24385,18168,4469,27796,25287,1037,363,89,27796,8000,481710,474713,475615,481832,495531,472204,55823,0
160000,1,1,4,-1,-1,-1,-1,-1,-1,152162,154715,155026,79051,81089,-311,6500,4270,2518,2994,0,0,7838,5285,4974,80949,78911,160311,605450,0
20000,1,4,1,-1,-1,-1,-1,-1,-1,12404,13694,14768,15518,16265,16706,1500,1300,1000,1000,711,1000,7596,6306,5232,4482,3735,3294,82844,0
330000,1,2,2,-1,-1,-1,-1,-1,-1,399,26,519,452,457,0,26,707,452,457,0,0,329601,329974,329481,329548,329543,330000,211,0
80000,1,4,1,-1,-1,2,2,2,2,38174,40550,41577,41595,43264,43402,3000,2000,1000,2500,1000,2000,41826,39450,38423,38405,36736,36598,237062,1
220000,2,1,3,2,-1,-1,-1,-1,-1,206473,208464,175407,175170,174726,175057,8027,6218,6220,6316,6504,6504,13527,11536,44593,44830,45274,44943,1075508,0
230000,2,4,1,-1,-1,2,2,2,2,185399,198941,201358,204067,200720,212403,18150,7200,7500,0,15079,8000,44601,31059,28642,25933,29280,17597,1146959,0
90000,2,4,1,-1,-1,-1,-1,-1,-1,81694,78656,78054,78116,75483,72821,3609,5000,4000,3315,7539,5000,8306,11344,11946,11884,14517,17179,436361,0
300000,3,1,5,-1,-1,-2,-1,2,2,274750,0,0,411,261,8561,0,0,411,0,8300,0,25250,300000,300000,299589,299739,291439,275272,1
30000,2,2,3,-1,-1,-1,-1,-1,-1,30488,30900,30480,31124,29333,30177,1600,1500,1100,1053,1320,967,-488,-900,-480,-1124,667,-177,174962,1
80000,2,2,3,2,2,2,2,-1,-1,78610,80666,82713,80838,49575,48354,3900,4000,0,1920,1800,1800,1390,-666,-2713,-838,30425,31646,407336,1
60000,1,2,1,-1,-1,-1,-2,-2,-2,10908,13331,0,0,0,0,8331,0,0,0,0,3860,49092,46669,60000,60000,60000,60000,12048,0
360000,4,1,2,-1,-1,-1,-1,-1,-1,275178,280535,82455,83359,85171,87046,7500,3500,2500,2500,2600,3000,84822,79465,277545,276641,274829,272954,872144,0
360000,1,2,1,-1,2,-1,-1,-1,-1,1809,400,2420,2540,0,346,0,2420,2540,0,346,604,358191,359600,357580,357460,360000,359654,1605,0
30000,2,4,1,-1,-1,-1,2,-1,-1,10805,10527,12443,11949,12107,12907,1184,2100,0,500,1000,0,19195,19473,17557,18051,17893,17093,65954,0
190000,3,1,4,-1,-1,-1,2,-1,-1,106410,108770,115325,112063,114484,121179,5491,9800,0,4300,8700,4500,83590,81230,74675,77937,75516,68821,645440,0
130000,2,2,3,-1,-1,-1,-1,-1,2,128671,129901,127658,127362,128726,129081,7000,4710,4500,9400,3600,5500,1329,99,2342,2638,1274,919,736689,0
110000,1,4,2,-1,-1,-1,-1,-1,-1,110712,110988,98270,79402,80804,81024,4112,3648,2800,3100,3133,2800,-712,-988,11730,30598,29196,28976,541607,0
350000,2,2,3,-1,-1,-1,-1,-1,-1,13000,13576,15059,13000,25300,626,13576,15059,13000,25300,626,0,337000,336424,334941,337000,324700,349374,13000,0
50000,3,2,4,-1,-1,-1,-1,-1,-1,41140,41599,32533,23156,23782,24386,1500,1500,1000,1000,1000,1000,8860,8401,17467,26844,26218,25614,179596,0
130000,2,6,2,-1,-1,-1,-1,-1,-1,780,0,11836,7216,8826,390,0,11836,2000,2000,390,390,129220,130000,118164,122784,121174,129610,12432,0
50000,1,2,1,-1,2,2,2,2,-1,53746,51631,50880,51034,46154,42852,0,5160,1753,0,1508,5000,-3746,-1631,-880,-1034,3846,7148,282876,1
50000,2,2,1,-1,-1,-1,-1,-1,-1,27206,0,14805,14699,14999,497,0,14805,294,300,498,1003,22794,50000,35195,35301,35001,49503,55306,0
380000,2,4,2,-1,-1,-1,-1,-1,-1,200932,190991,175028,162699,138158,135920,10000,10000,5849,4570,5447,120000,179068,189009,204972,217301,241842,244080,847862,0
260000,1,4,2,-1,-1,-1,-1,-1,-1,162241,137320,126479,110217,102703,84519,5045,8016,5000,4000,4014,3000,97759,122680,133521,149783,157297,175481,694404,0
140000,2,4,1,-2,-2,-2,-2,-2,-2,-176,-176,-176,-176,-176,-176,0,0,0,0,0,652,140176,140176,140176,140176,140176,140176,-1708,0
270000,1,4,2,-1,-1,-1,-1,-1,-1,3458,3833,9791,10532,6559,500,3833,9791,10532,6559,500,961,266542,266167,260209,259468,263441,269500,2497,0
30000,2,2,2,-1,-1,-1,-1,-1,-1,30147,28789,29885,30188,21647,22087,1554,1650,950,800,800,500,-147,1211,115,-188,8353,7913,156489,0
240000,1,2,2,1,-2,-2,-2,-2,-2,220,0,0,0,0,0,0,0,0,0,0,0,239780,240000,240000,240000,240000,240000,220,0
70000,3,2,2,-1,-1,-1,-1,-1,-1,65460,65721,45492,45482,46371,47603,2352,2030,1800,2000,2000,2000,4540,4279,24508,24518,23629,22397,303947,1
120000,1,1,4,2,2,2,-1,-1,2,38565,39997,39211,39917,42268,43192,2200,0,1500,3000,1600,1500,81435,80003,80789,80083,77732,76808,233350,1
160000,2,4,3,2,2,-1,-1,-1,-1,152630,95758,97251,98010,99669,101664,0,4385,3639,3762,3800,3897,7370,64242,62749,61990,60331,58336,625499,1
170000,3,2,2,-1,-1,-1,-1,-1,-1,396,5596,6953,16157,28856,4941,5596,6953,10000,15000,4941,22114,169604,164404,163047,153843,141144,165059,-1705,1
380000,1,4,2,-1,-1,-1,-1,-1,-1,331697,332339,322995,314161,327945,289814,15000,15000,20019,20000,9934,9330,48303,47661,57005,65839,52055,90186,1829668,0
160000,2,2,1,1,2,-1,-1,-1,-1,75628,72717,74651,70403,71890,73893,0,3211,2505,2612,3500,5000,84372,87283,85349,89597,88110,86107,422354,0
30000,2,2,2,2,3,2,2,2,3,27000,26286,26556,26818,29425,28662,0,1000,1000,3200,0,0,3000,3714,3444,3182,575,1338,159547,0
260000,1,2,3,-2,-2,-2,-2,-2,-2,2095,781,3985,942,-18,3739,785,4004,946,0,3757,6119,257905,259219,256015,259058,260018,256261,-4087,0
70000,2,2,3,2,2,2,3,3,2,34751,37683,40265,42306,41352,44342,3500,3500,3000,0,4000,2000,35249,32317,29735,27694,28648,25658,224699,1
240000,2,1,2,-1,-1,-1,-1,-1,-1,5357,4397,11204,3403,2223,1761,4437,11237,4293,2229,1766,591,234643,235603,228796,236597,237777,238239,3792,0
170000,2,2,3,-1,-1,-1,-1,-1,-1,20699,11614,11487,14716,8172,8244,11614,11487,14743,8172,8244,13733,149301,158386,158513,155284,161828,161756,6939,0
30000,2,1,2,1,4,3,2,2,2,28083,27371,26645,25919,27535,28197,0,0,0,2038,1268,0,1917,2629,3355,4081,2465,1803,160444,0
90000,3,2,2,-1,-1,-1,-1,-1,-2,87182,82741,68883,265,-613,-613,3045,1497,265,0,0,31000,2818,7259,21117,89735,90613,90613,202038,0
250000,2,2,1,2,-1,-1,-1,-1,-1,28681,30615,33726,36823,34829,23994,3000,4000,4000,5000,4000,2000,221319,219385,216274,213177,215171,226006,166668,0
270000,2,4,1,-1,-1,-1,-1,-1,-1,23579,24613,25617,25434,25966,26486,1419,1423,910,942,951,1000,246421,245387,244383,244566,244034,243514,145050,0
130000,2,4,1,-2,-2,-2,-2,-2,-2,986,-14,4388,0,0,1109,0,4402,0,0,1109,4200,129014,130014,125612,130000,130000,128891,-3242,1
360000,1,1,3,-1,2,-1,-1,-1,-1,20310,6588,11627,35765,9681,3002,34,12085,41879,10053,4016,505,339690,353412,348373,324235,350319,356998,18401,0
490000,1,1,2,-1,-1,-1,-1,-1,-1,23396,19454,17195,15691,14466,13908,1207,1107,507,1507,1500,3615,466604,470546,472805,474309,475534,476092,94667,0
110000,2,2,2,-1,-1,-1,-1,-1,-1,79126,76304,77783,79323,80563,78669,2782,2761,2770,2900,3000,2568,30874,33696,32217,30677,29437,31331,454987,0
100000,2,2,1,-2,-2,-2,-2,-2,-2,33628,35760,0,33333,0,0,36066,156,33333,0,0,0,66372,64240,100000,66667,100000,100000,33166,0
200000,3,1,1,-1,-1,-1,-1,-1,-2,1793,5189,8627,1530,-200,-200,5191,9003,1530,0,0,980,198207,194811,191373,198470,200200,200200,35,0
50000,2,4,1,-1,-1,-1,-1,-1,-1,51261,51493,50136,20287,20281,20027,2600,2000,730,800,900,750,-1261,-1493,-136,29713,29719,29973,205705,0
220000,2,2,2,-1,-1,-1,-2,-2,-2,2501,2071,0,0,0,0,1000,0,0,0,0,0,217499,217929,220000,220000,220000,220000,3572,0
360000,3,2,3,2,-1,-1,-1,-1,-1,218,7022,9744,89215,98256,99145,7022,3001,80000,10500,5000,10000,359782,352978,350256,270785,261744,260855,188077,0
20000,2,2,4,-1,-1,-2,-2,-2,-2,10400,0,0,0,0,0,0,0,2000,0,0,0,9600,20000,20000,20000,20000,20000,8400,0
70000,2,2,3,-1,-1,-1,-1,-1,-1,79867,79593,29340,28026,28605,28705,2163,2000,2000,1000,5000,322,-9867,-9593,40660,41974,41395,41295,261651,0
180000,2,4,1,-1,-1,-1,-1,-1,-1,122024,123228,120339,122743,124893,126390,4500,4300,4200,4487,4087,3700,57976,56772,59661,57257,55107,53610,714343,0
50000,2,2,2,-1,-1,-1,-1,2,2,48934,25276,18588,19994,20258,19783,1602,1320,1718,729,0,397,1066,24724,31412,30006,29742,30217,147067,0
140000,1,4,1,-1,-1,-1,-1,-1,-1,5845,10322,12830,13317,14936,18504,10322,5000,1000,2000,4000,4000,134155,129678,127170,126683,125064,121496,49432,0
220000,2,1,3,-2,-2,-2,-2,-2,-2,7625,8325,1497,0,0,7625,8334,1497,0,0,7625,2226,212375,211675,218503,220000,220000,212375,5390,0
150000,2,4,4,-1,-1,-1,-1,-1,-2,7890,8958,780,7500,0,0,8958,780,7500,0,0,0,142110,141042,149220,142500,150000,150000,7890,0
30000,2,2,2,-1,-1,-1,-1,-1,-1,29574,26663,27731,56359,28847,13030,28000,2336,2000,2546,1000,0,426,3337,2269,-26359,1153,16970,146322,0
300000,2,2,2,-1,-1,-1,-1,-2,-2,170379,142384,72350,0,0,0,6600,3750,0,0,0,0,129621,157616,227650,300000,300000,300000,374763,0
420000,1,1,2,-1,2,-1,-1,-1,-1,860,430,2010,6058,160,580,0,2010,6058,160,1000,430,419140,419570,417990,413942,419840,419420,440,0
80000,2,4,2,-1,-1,-1,2,-1,-1,35738,37108,41012,40052,41110,42071,1946,4850,0,1700,1800,1800,44262,42892,38988,39948,38890,37929,224995,0
100000,3,4,3,1,-1,2,2,-1,-1,0,203,203,0,7856,16544,203,0,0,7856,10000,865,100000,99797,99797,100000,92144,83456,5882,0
120000,2,4,1,1,-2,-2,-2,-2,-2,0,0,0,0,0,0,0,0,0,0,0,997,120000,120000,120000,120000,120000,120000,-997,1
230000,1,4,2,-1,-1,-1,-1,-1,-1,25195,28652,32838,35511,26828,19887,10000,15000,6120,10000,6000,4000,204805,201348,197162,194489,203172,210113,117791,0
200000,2,2,1,-1,-1,-1,-1,-1,-1,2816,316,632,316,316,316,316,632,0,316,316,316,197184,199684,199368,199684,199684,199684,2816,0
200000,1,2,1,-1,-1,-1,-1,-1,-1,389,389,1167,778,389,389,390,1168,1,1,390,778,199611,199611,198833,199222,199611,199611,773,0
230000,3,1,2,-1,-1,-1,-1,-1,-1,105105,51584,44005,35161,24985,25176,2068,1894,1466,1018,1136,503,124895,178416,185995,194839,205015,204824,277931,0
200000,2,2,1,-1,-1,-1,-2,-2,-2,131791,17666,0,0,0,0,2000,0,0,0,0,0,68209,182334,200000,200000,200000,200000,147457,0
50000,3,1,5,1,2,2,2,2,2,11763,11283,13288,12780,13522,13155,0,2200,0,1100,0,1200,38237,38717,36712,37220,36478,36845,71291,1
220000,1,1,2,-1,-1,-1,-1,-1,-1,16783,4861,2267,1350,925,11597,4880,2267,1350,0,11597,178577,203217,215139,217733,218650,219075,208403,-160888,0
90000,3,2,1,2,2,2,2,-1,-1,90221,91898,91334,59253,58519,58443,4000,2090,0,2078,2900,2000,-221,-1898,-1334,30747,31481,31557,436600,1
500000,2,2,2,-1,-1,-1,-1,-1,-1,207237,224007,275615,220088,216482,136086,20001,30168,6022,6375,5005,5000,292763,275993,224385,279912,283518,363914,1206944,0
130000,1,4,1,-1,-1,-2,-2,-2,-2,2139,0,0,0,0,0,0,0,0,0,0,0,127861,130000,130000,130000,130000,130000,2139,0
210000,2,1,2,-1,-1,-1,-1,-1,-1,85327,85263,48645,50826,52346,53819,2500,3000,3000,2500,2500,2000,124673,124737,161355,159174,157654,156181,360726,0
200000,1,4,2,-1,-1,-1,-1,-1,-1,1674,7398,6867,7477,7232,6442,7398,1000,1000,145,276,780,198326,192602,193133,192523,192768,193558,26491,0
20000,1,2,1,2,2,2,2,2,2,1891,5680,5441,6346,6099,7235,4000,0,1000,0,1237,1000,18109,14320,14559,13654,13901,12765,25455,1
410000,1,2,2,2,2,2,-1,-1,-1,180922,184241,176857,175193,165929,114527,7670,2,5561,5432,4546,5191,229078,225759,233143,234807,244071,295473,969267,1
290000,1,2,2,1,-2,-2,-2,-2,-2,0,0,0,0,0,0,0,0,0,0,0,0,290000,290000,290000,290000,290000,290000,0,0
270000,2,4,1,-1,-1,-1,-1,-1,-1,84188,82668,74901,72785,71836,55234,5000,3200,3000,5000,5234,3000,185812,187332,195099,197215,198164,214766,417178,0
90000,1,4,1,-1,-1,-1,-1,-1,-1,14421,18846,22509,24129,24815,27725,5000,4000,2000,1075,3500,3000,75579,71154,67491,65871,65185,62275,113870,1
30000,1,4,1,-1,-1,-1,-1,-1,-1,26135,27407,29002,26806,25948,22162,2000,2500,1500,1000,2000,3000,3865,2593,998,3194,4052,7838,145460,0
360000,1,4,1,-1,-1,-1,-1,-1,-1,26349,1245,2043,265,265,5862,4045,2043,265,265,5862,1907,333651,358755,357957,359735,359735,354138,21642,0
240000,1,1,2,-1,-1,-1,-1,-1,-1,240770,243509,228735,198585,202762,202932,9000,8009,7100,7324,7200,7074,-770,-3509,11265,41415,37238,37068,1271586,0
180000,2,4,1,-1,-1,-1,-1,-1,-1,180636,157396,160925,132312,80984,42562,20000,20000,10130,3000,4000,84000,-636,22604,19075,47688,99016,137438,613685,0
50000,2,2,1,-2,-2,-2,-2,-2,-2,900,0,0,0,0,0,0,0,0,0,0,0,49100,50000,50000,50000,50000,50000,900,0
50000,2,4,3,-1,-1,-1,-1,-1,-1,50883,51117,51125,50497,50544,50555,2200,5300,2000,2000,2000,2000,-883,-1117,-1125,-497,-544,-555,289221,1
100000,2,2,2,-1,-1,-1,-1,-1,-1,83312,58651,37913,38582,39408,40593,2900,2000,1600,1600,2000,1700,16688,41349,62087,61418,60592,59407,286659,0
50000,2,2,2,-1,-1,-1,-1,-1,-1,47378,48333,48638,49207,49599,50594,2105,1800,1735,1938,1960,2000,2622,1667,1362,793,401,-594,282211,0
360000,1,1,3,-1,-1,-1,-1,-1,-1,167922,159433,126114,18258,6989,7691,6206,10030,1061,1011,3016,189853,192078,200567,233886,341742,353011,352309,275230,0
550000,4,4,4,-2,-2,-2,-2,-2,-2,277376,266532,256321,19753,464,8199,6001,6016,19753,464,8199,0,272624,283468,293679,530247,549536,541801,788212,0
260000,2,2,2,2,-1,-1,2,2,2,136007,139215,146127,143637,154531,147016,5400,9500,0,12766,0,0,123993,120785,113873,116363,105469,112984,838867,1
500000,1,2,2,-2,-2,-1,2,2,-2,0,0,3500,3500,0,0,0,3500,0,0,0,0,500000,500000,496500,496500,500000,500000,3500,1
130000,1,2,1,-1,-1,-2,-2,-2,-2,1960,0,0,0,0,0,0,0,0,0,0,0,128040,130000,130000,130000,130000,130000,1960,0
30000,2,2,2,-1,-1,-1,-1,-1,-1,28708,28285,26702,20115,18426,18013,1514,1278,671,870,879,0,1292,1715,3298,9885,11574,11987,135037,0
160000,1,4,3,1,-2,-2,-2,-2,-2,0,0,0,0,0,0,0,0,0,0,0,0,160000,160000,160000,160000,160000,160000,0,0
420000,2,2,3,-2,-2,-2,-2,-2,-1,3976,2892,2890,3391,2409,4270,2916,7898,3401,2416,4281,3785,416024,417108,417110,416609,417591,415730,-4869,1
50000,3,2,1,2,2,2,2,2,2,40189,43434,44316,45189,46214,48904,3900,1900,1900,1900,3600,0,9811,6566,5684,4811,3786,1096,255046,0
30000,1,4,2,1,2,-1,-1,-1,-1,25747,25048,26060,26578,27133,27783,0,1433,951,983,1099,750,4253,4952,3940,3422,2867,2217,153133,1
50000,2,4,2,-1,-1,2,-1,-1,-1,40253,40757,33922,30097,29013,28167,5806,6,1000,1000,1200,1100,9747,9243,16078,19903,20987,21833,192097,0
160000,1,2,2,1,-1,2,2,-2,-2,-5,776,186,0,0,0,781,0,0,0,0,0,160005,159224,159814,160000,160000,160000,176,1
120000,2,4,1,3,3,2,2,3,2,12034,12548,12056,13958,13468,6144,1000,0,2400,100,0,57258,107966,107452,107944,106042,106532,113856,9450,0
50000,1,4,1,-1,-1,-1,-1,-1,-1,46471,43507,44016,43396,41470,48676,1807,2016,1796,1570,10000,1778,3529,6493,5984,6604,8530,1324,248569,0
130000,2,2,3,-1,-1,-1,-2,-2,-2,130888,133400,0,0,0,0,6000,0,0,0,0,0,-888,-3400,130000,130000,130000,130000,258288,0
150000,1,2,3,2,-1,-1,-1,-1,-1,143896,147475,75423,70034,44311,20056,6482,3440,2046,4311,5056,1169,6104,2525,74577,79966,105689,129944,478691,1
450000,1,1,3,-1,2,-1,-1,-1,-1,5514,1509,949,575,3489,0,0,949,575,4929,0,0,444486,448491,449051,449425,446511,450000,5583,1
150000,1,1,1,-1,-1,-1,-1,-1,-2,46745,20853,90787,11232,0,0,20995,91269,56,0,0,0,103255,129147,59213,138768,150000,150000,57297,0
90000,2,4,4,-1,-1,-1,-2,-2,-1,30045,30000,0,0,0,439,1000,0,0,0,439,20959,59955,60000,90000,90000,90000,89561,38086,0
130000,1,2,1,-1,-1,-1,-1,-1,-2,92174,93991,54735,31682,0,0,4086,2635,1700,0,0,0,37826,36009,75265,98318,130000,130000,264161,0
130000,2,2,2,-1,-1,-1,-1,-1,2,131801,129141,132221,131743,131986,131430,4800,5250,5050,5700,5100,5012,-1801,859,-2221,-1743,-1986,-1430,757410,0
390000,2,2,3,-2,-1,-1,-1,-1,-1,3983,25146,197534,179690,170173,164339,25146,185059,9137,6513,5058,6000,386017,364854,192466,210310,219827,225661,503952,0
200000,2,2,1,2,2,4,4,4,4,2500,2500,2500,2500,2500,2500,0,0,0,0,0,0,197500,197500,197500,197500,197500,197500,15000,1
300000,2,2,4,-1,-1,-1,-1,-1,-1,23436,22055,18497,8426,11291,14449,1350,2008,301,3000,5000,5000,276564,277945,281503,291574,288709,285551,81495,0
140000,2,2,3,-1,-1,-1,-1,-1,-1,19080,18807,18624,19652,23477,22330,4344,4548,3760,5854,3039,3866,120920,121193,121376,120348,116523,117670,96559,0
200000,1,4,2,-1,-1,-1,-1,-1,-1,909,2708,3514,2297,928,0,2711,3514,2297,928,0,2308,199091,197292,196486,197703,199072,200000,-1402,0
30000,2,2,2,-1,-1,-1,-1,-1,-1,27020,27985,28782,24082,17060,0,1703,1500,1000,1000,0,0,2980,2015,1218,5918,12940,30000,119726,0
30000,3,2,1,2,2,2,-1,-1,-2,28470,31407,30200,30000,0,0,3407,0,0,0,0,0,1530,-1407,-200,0,30000,30000,116670,0
160000,1,4,2,-1,-1,-1,-1,-1,-1,153002,157427,158160,156314,145663,113486,7812,6700,5000,5049,3825,3570,6998,2573,1840,3686,14337,46514,852096,0
210000,2,4,2,-1,-1,-1,-1,-1,-1,31090,58054,44624,43339,44245,45125,28008,15000,1552,1605,1615,1698,178910,151946,165376,166661,165755,164875,216999,0
310000,2,4,4,-2,-2,-2,-2,-2,-2,107,0,0,235,0,0,0,0,235,0,0,584,309893,310000,310000,309765,310000,310000,-477,0
400000,2,2,2,-1,-1,-2,-2,-2,-2,9940,0,11451,101,551,19982,0,11451,104,600,20015,0,390060,400000,388549,399899,399449,380018,9855,0
50000,3,2,2,2,2,2,2,-1,-1,49873,50796,49727,21826,10208,10100,2200,568,0,516,400,300,127,-796,273,28174,39792,39900,188546,1
80000,2,1,2,-1,-1,-1,-1,-1,-1,28496,16984,1155,-144,57245,49947,1000,1155,0,59000,2061,1390,51504,63016,78845,80144,22755,30053,89077,0
340000,1,4,2,-1,-1,-1,-1,-1,-1,592,7102,7796,1653,6185,415,7102,7796,1653,6185,415,2247,339408,332898,332204,338347,333815,339585,-1655,0
140000,1,2,1,-2,-1,-1,-1,-1,-1,25001,138430,135573,98172,93677,95276,141472,8000,5075,4000,4000,5000,114999,1570,4427,41828,46323,44724,418582,0
380000,1,1,2,2,-1,-1,-1,-1,-1,127449,130506,132838,136616,140240,143914,6600,6000,6000,6000,6000,6005,252551,249494,247162,243384,239760,236086,774958,1
50000,2,2,2,1,2,2,-1,-1,2,51046,52337,51170,51526,50524,48510,2400,0,3000,6000,0,2000,-1046,-2337,-1170,-1526,-524,1490,291713,1
10000,2,2,2,-1,-1,-1,-1,-1,-1,7026,8106,9363,9559,9855,10042,1200,1400,500,600,500,200,2974,1894,637,441,145,-42,49551,0
30000,2,4,1,-1,-1,-2,-1,-1,-1,5688,-378,-378,920,5448,0,0,0,1298,5448,0,10000,24312,30378,30378,29080,24552,30000,-5446,0
360000,1,2,4,-2,-2,-2,-2,-2,-2,0,0,0,0,0,0,0,0,0,0,0,0,360000,360000,360000,360000,360000,360000,0,1
150000,2,2,3,-1,-1,-1,-1,-1,2,316,316,316,0,782,316,316,316,0,1098,0,0,149684,149684,149684,150000,149218,149684,316,0
50000,1,2,1,-1,-1,2,2,-1,-1,15336,18681,19463,16894,17667,19211,3600,1400,0,1200,2000,1000,34664,31319,30537,33106,32333,30789,98052,0
120000,2,3,3,-1,-1,-1,-1,-1,-1,3135,4422,5540,6442,7182,8057,1500,1200,1000,1000,1000,1000,116865,115578,114460,113558,112818,111943,28078,0
250000,1,4,2,-2,-2,-2,-2,-2,-2,661,661,268,0,0,0,0,268,0,0,0,0,249339,249339,249732,250000,250000,250000,1322,0
20000,1,2,1,-1,-1,-1,-1,-1,-1,13359,14438,15461,16200,16936,17273,1300,1270,1000,1000,619,800,6641,5562,4539,3800,3064,2727,87678,1
30000,1,2,2,-1,-1,2,2,-1,-1,15199,17728,19129,18527,18758,19285,3100,2000,0,679,837,721,14801,12272,10871,11473,11242,10715,101289,1
260000,1,2,1,-1,-1,-1,-1,-1,-1,158711,129796,101721,76699,56738,39134,30000,4132,3410,2600,1800,1200,101289,130204,158279,183301,203262,220866,519657,0
250000,1,4,2,-1,-1,-1,-1,-1,-1,21550,23932,37329,26339,4836,9655,3500,15054,7885,4836,9655,5000,228450,226068,212671,223661,245164,240345,77711,0
260000,2,2,3,-1,-1,-1,-1,-1,-1,2699,3543,500,3540,2957,917,3543,505,3540,2957,917,0,257301,256457,259500,256460,257043,259083,2694,0
150000,2,2,2,-1,-1,-1,-1,-1,-1,128278,131715,133625,49019,44801,39742,7000,6000,1800,1600,2000,1700,21722,18285,16375,100981,105199,110258,507080,0
160000,2,4,2,-1,-1,-1,-1,-1,-1,11859,0,11354,13012,17388,24140,0,11354,2000,6000,13000,11000,148141,160000,148646,146988,142612,135860,34399,0
80000,2,2,2,-1,-1,-1,-2,-2,-2,79813,82150,0,0,0,0,3750,0,0,0,0,0,187,-2150,80000,80000,80000,80000,158213,0
500000,1,4,2,1,-2,-2,-2,-2,-2,27794,29712,65437,30368,6265,44196,30199,70403,30455,36,45225,35217,472206,470288,434563,469632,493735,455804,-7763,0
110000,2,4,1,1,2,2,2,2,2,21068,16412,16809,8682,8861,8623,1102,1000,0,602,0,1000,88932,93588,93191,101318,101139,101377,76751,0
100000,1,2,1,-1,-1,-1,-1,-1,-1,97032,99895,26333,28110,2226,0,5341,7009,1777,2000,0,0,2968,105,73667,71890,97774,100000,237469,0
360000,1,2,2,-1,-1,-1,-1,-1,-1,101953,125238,205209,125982,128161,136447,25238,4385,11939,5681,10447,8010,258047,234762,154791,234018,231839,223553,757290,0
330000,2,1,5,-2,-1,-1,-2,-2,-2,0,2500,0,0,0,0,2500,0,0,0,0,0,330000,327500,330000,330000,330000,330000,0,0
70000,3,2,2,-1,-1,-1,2,-1,-1,10856,10822,13627,10852,12676,14463,2000,3000,0,2000,3000,4000,59144,59178,56373,59148,57324,55537,59296,0
140000,1,2,1,-1,-1,2,-1,-1,-1,1712,2304,978,652,326,1052,2314,0,0,0,1052,652,138288,137696,139022,139348,139674,138948,3006,1
200000,1,2,2,-1,-1,-1,-1,-1,-1,151819,154914,157776,160520,163878,167872,6000,5769,5411,5603,6367,4500,48181,45086,42224,39480,36122,32128,923129,0
50000,2,1,3,2,-1,-1,-1,-1,-1,47585,47582,21391,21867,19774,20486,2500,1300,2000,700,1000,2600,2415,2418,28609,28133,30226,29514,168585,1
290000,1,1,4,-1,-1,-1,-1,-1,-1,222000,226917,415700,232732,220460,224780,10013,8501,15018,10001,7997,7624,68000,63083,-125700,57268,69540,65220,1483435,0
30000,2,1,4,-1,-1,-1,-1,-1,-1,29204,20564,16341,7593,7828,1366,1400,1000,1000,235,1366,0,796,9436,13659,22407,22172,28634,77895,0
180000,1,4,2,-1,-1,-1,-1,-1,-1,21760,22794,23801,24117,24468,25106,1689,1693,1009,888,1045,1077,158240,157206,156199,155883,155532,154894,134645,0
30000,2,1,2,1,2,2,-1,-1,-1,16063,17512,16800,16600,11959,12957,2000,0,0,11959,1200,0,13937,12488,13200,13400,18041,17043,76732,0
180000,1,2,3,-1,-1,-1,-1,-1,-1,174648,104179,84940,65613,67256,71934,5000,13000,3000,2700,6000,5000,5352,75821,95060,114387,112744,108066,533870,0
240000,1,1,2,-1,-1,-1,-1,-1,-1,2688,2688,2688,2688,2688,2688,2688,2688,2688,2688,2688,2688,237312,237312,237312,237312,237312,237312,0,0
130000,4,2,1,-1,-1,-1,-1,-1,-1,133792,127622,129795,122416,124653,126995,5000,5000,5000,5000,5000,4000,-3792,2378,205,7584,5347,3005,736273,0
230000,1,1,2,1,-2,-2,-2,-2,-1,0,0,0,0,0,150,0,0,0,0,150,990,230000,230000,230000,230000,230000,229850,-990,1
500000,1,2,3,-1,-1,-1,-1,-1,-1,504644,512650,0,3887,0,7413,22650,0,3887,0,7413,0,-4644,-12650,500000,496113,500000,492587,994644,1
360000,2,2,2,1,-1,-1,-2,-2,-2,197746,151600,741,-659,-659,-659,156108,741,659,0,0,0,162254,208400,359259,360659,360659,360659,190602,0
50000,2,2,1,2,2,-1,-1,-1,-1,52156,51041,50205,20218,20263,19864,0,1310,705,750,730,700,-2156,-1041,-205,29782,29737,30136,209552,1
200000,1,2,2,-1,-1,-1,-1,-1,-1,3702,25548,10594,7969,2865,5625,25678,10623,25,16,6000,19,196298,174452,189406,192031,197135,194375,13942,1
230000,3,1,3,-1,-1,-1,-1,-1,-1,203135,208225,178559,172772,175057,177113,10000,6528,6000,6500,7000,10000,26865,21775,51441,57228,54943,52887,1068833,0
70000,2,2,2,3,3,4,4,5,6,31507,33699,35839,37954,39787,41601,3000,3000,3000,3000,3000,0,38493,36301,34161,32046,30213,28399,205387,1
50000,2,2,1,2,2,2,2,2,2,39634,40697,41526,42045,42822,43962,2000,1800,1500,1600,2000,1700,10366,9303,8474,7955,7178,6038,240086,1
500000,1,1,3,-1,-1,-1,-2,-2,-1,10678,6914,813,17280,26162,2518,6944,813,17280,26162,2534,2553,489322,493086,499187,482720,473838,497482,8079,0
140000,2,1,1,-1,-1,-1,-1,-1,-1,110384,106389,97978,98857,101264,103524,3729,3539,3538,4000,4097,3631,29616,33611,42022,41143,38736,36476,595862,1
140000,2,4,1,-1,-1,-1,-1,-1,-1,396,396,21570,24986,25256,25091,396,21570,4500,1050,1183,6000,139604,139604,118430,115014,114744,114909,62996,0
130000,2,2,2,-1,-1,-1,2,-1,-1,109292,111908,111465,93557,95582,96226,4500,11350,0,3500,4200,3000,20708,18092,18535,36443,34418,33774,591480,1
160000,3,2,3,-1,-1,2,-1,-1,-1,153390,158421,152835,152638,142454,128895,15102,0,6000,5300,4784,4500,6610,1579,7165,7362,17546,31105,852947,0
50000,3,4,4,1,-1,2,-1,-1,-1,0,9587,8845,8867,9074,9254,10587,331,317,350,331,500,50000,40413,41155,41133,40926,40746,33211,0
20000,3,1,3,-1,-1,-1,2,-1,-1,13225,13655,14461,13221,12591,12631,1700,2100,0,458,1000,1000,6775,6345,5539,6779,7409,7369,73526,1
360000,2,2,3,-1,-1,-1,-1,-1,-1,118368,124934,131328,137605,140729,146194,10000,10000,10000,5500,8000,6000,241632,235066,228672,222395,219271,213806,749658,0
160000,2,2,4,-1,-1,-1,2,-1,-1,67610,69908,78087,75255,78593,59816,4000,10000,0,5000,3000,3000,92390,90092,81913,84745,81407,100184,404269,1
250000,1,2,2,-2,-1,2,2,-1,-1,0,2886,2325,177,8068,5587,2886,202,0,8068,620,0,250000,247114,247675,249823,241932,244413,7267,0
130000,2,4,1,-2,-2,-2,-2,-2,-1,668,1017,1298,550,-286,55138,1200,1300,964,1698,60549,5000,129332,128983,128702,129450,130286,74862,-12326,1
190000,1,2,2,1,2,2,2,2,2,153364,149482,160000,155932,166414,169625,0,13000,0,13000,6100,0,36636,40518,30000,34068,23586,20375,922717,1
180000,2,4,1,-1,-1,-1,-1,-1,-1,2984,154,2111,1027,596,589,154,2115,1027,596,589,1115,177016,179846,177889,178973,179404,179411,1865,0
80000,2,2,3,-1,-1,-1,-1,-1,-1,78144,78940,80238,50642,50533,50758,3318,3463,1600,1770,50000,1753,1856,1060,-238,29358,29467,29242,327351,0
240000,1,2,3,-1,-1,-1,-1,-1,-1,1643,7060,650,4770,2515,37405,8000,5000,5000,0,40000,22669,238357,232940,239350,235230,237485,202595,-26626,0
50000,2,2,2,-1,-1,-1,-1,-1,-1,48064,49399,49943,18568,18740,19036,2500,2000,1000,1000,1000,1000,1936,601,57,31432,31260,30964,195250,0
160000,2,4,4,-1,2,-1,-1,-1,2,3139,1473,1863,390,930,390,0,1863,0,930,0,0,156861,158527,158137,159610,159070,159610,5392,0
90000,2,2,3,-2,-2,-2,-2,-2,-2,264,0,528,0,528,264,0,528,0,528,264,0,89736,90000,89472,90000,89472,89736,264,0
310000,2,2,2,-2,-2,-2,-1,-1,-1,100648,-2000,3500,159028,162372,165588,716,6000,159028,5899,5921,6130,209352,312000,306500,150972,147628,144412,405442,0
60000,1,2,1,-1,-1,-1,-1,2,2,39068,40107,41137,43644,44498,45417,1970,2000,3500,1700,1800,0,20932,19893,18863,16356,15502,14583,242901,0
240000,1,2,1,-1,-1,-1,-1,-1,-1,61888,12310,12073,9643,-8074,108493,5022,4014,113,6423,120000,15000,178112,227690,227927,230357,248074,131507,45761,0
50000,2,4,1,-1,-1,2,2,-1,-1,46393,50022,50895,48598,47668,45400,4700,2000,0,2200,2000,2000,3607,-22,-895,1402,2332,4600,276076,0
150000,1,2,2,-1,-1,-1,-1,-1,-1,9779,60911,19796,1725,1150,0,61168,19796,1725,1150,0,0,140221,89089,130204,148275,148850,150000,9522,0
130000,2,2,3,2,2,2,2,2,2,99801,102403,103828,104139,106519,109109,5100,4000,3500,4200,4500,3500,30199,27597,26172,25861,23481,20891,600999,0
20000,1,4,1,-1,-1,2,-1,-1,-1,10003,13329,11613,10750,10606,7263,4211,0,237,242,163,22,9997,6671,8387,9250,9394,12737,58689,0
150000,1,1,3,-1,-1,-1,-1,-1,-1,123548,94995,52874,64269,73351,68257,4221,3094,30454,100049,5098,30242,26452,55005,97126,85731,76649,81743,304136,0
240000,1,1,3,-1,-1,-1,-1,-1,-1,72339,91045,91027,51508,51127,0,20000,2213,1030,1023,6790,10893,167661,148955,148973,188492,188873,240000,315097,0
50000,3,1,3,-1,-1,-1,-1,-1,-1,29875,15028,5639,6389,7130,7857,1700,1250,1000,1000,1000,1000,20125,34972,44361,43611,42870,42143,64968,0
50000,3,1,4,-1,-1,-1,-1,-1,-1,43045,42965,43132,43995,43230,43334,1738,1653,1516,1530,2139,1572,6955,7035,6868,6005,6770,6666,249553,0
270000,1,1,4,-1,-1,-1,-1,-2,-2,19984,2099,12985,0,0,0,2099,13056,0,0,0,0,250016,267901,257015,270000,270000,270000,19913,1
20000,2,4,1,-1,-1,-1,-1,-1,-1,10818,11938,12949,13332,13618,14619,1300,1217,600,500,1230,0,9182,8062,7051,6668,6382,5381,72427,0
300000,2,2,2,-2,-2,-2,-2,-2,-2,11613,12893,10841,11900,0,0,1513,1000,1059,0,0,51167,288387,287107,289159,288100,300000,300000,-7492,0
390000,1,1,2,-1,-1,-1,-1,-1,-1,91701,68587,101211,96725,125810,182122,60081,84908,121081,80000,85000,8000,298299,321413,288789,293275,264190,207878,227086,0
110000,1,2,2,-1,-1,2,-1,-1,-1,14519,16982,16002,15262,15626,14465,3536,3,521,1000,520,325,95481,93018,93998,94738,94374,95535,86951,0
90000,2,1,4,-1,-1,-1,-1,-1,-1,85818,88988,50780,50929,48735,49746,5100,2200,2200,1944,2200,2000,4182,1012,39220,39071,41265,40254,359352,0
300000,2,2,2,-2,-2,-2,-2,-2,-2,0,0,0,0,0,0,0,0,0,0,0,0,300000,300000,300000,300000,300000,300000,0,0
450000,3,1,3,2,-1,-1,-1,-1,-1,152652,128708,100429,77069,63851,36877,7032,3003,10000,11000,3000,58000,297348,321292,349571,372931,386149,413123,467551,1
20000,2,2,2,-1,-1,-1,2,2,2,16728,17759,19752,19155,20385,19218,1307,2300,0,1525,0,1000,3272,2241,248,845,-385,782,106865,1
500000,1,4,2,1,-1,-1,-1,-1,-1,0,212,298,306,150,316,212,298,306,150,316,0,500000,499788,499702,499694,499850,499684,0,0
30000,2,4,3,-1,-1,-1,-1,-1,-1,32006,60079,26882,27570,28075,29065,1755,1500,1135,1100,1455,775,-2006,-30079,3118,2430,1925,935,195957,0
50000,2,2,4,-1,-1,-1,2,2,-1,15096,16541,18356,18181,18285,10220,2000,2400,420,600,600,500,34904,33459,31644,31819,31715,39780,90159,1
140000,2,4,1,-1,-1,-1,-1,-1,-1,9589,78122,79327,117859,120556,122894,70000,3100,40000,4600,4500,4800,130411,61878,60673,22141,19444,17106,401347,0
10000,2,1,3,3,2,2,4,3,2,8261,9470,11163,10852,10396,10085,1500,2000,0,0,0,350,1739,530,-1163,-852,-396,-85,56377,1
120000,2,4,2,-2,-2,-2,-2,-2,-1,874,0,0,0,305,20502,0,0,0,305,21742,0,119126,120000,120000,120000,119695,99498,-366,0
30000,2,2,2,4,3,2,2,2,-1,30562,29809,28920,29887,29525,25006,0,0,1900,15,1030,30802,-562,191,1080,113,475,4994,139962,0
30000,2,2,1,1,2,2,2,2,-1,28037,29055,28303,29462,28859,29122,1745,0,3554,0,1190,1030,1963,945,1697,538,1141,878,165319,0
20000,1,2,2,1,2,2,2,2,2,17971,17399,19057,18453,19755,19288,0,2260,0,1600,0,644,2029,2601,943,1547,245,712,107419,0
10000,3,2,2,-1,-1,-1,-1,2,2,6517,344,0,10040,9735,10362,344,900,10040,0,790,0,3483,9656,10000,-40,265,-362,24924,0
110000,2,2,2,-1,-1,-1,-1,-1,-1,114023,102850,66639,57595,58814,60086,4097,3360,2100,2100,2200,3000,-4023,7150,43361,52405,51186,49914,443150,1
280000,1,2,1,-1,-1,-1,-1,-1,-1,2597,3807,1160,985,0,65862,3807,1160,985,0,65862,66240,277403,276193,278840,279015,280000,214138,-63643,0
500000,1,1,3,-1,-1,-1,-1,-1,-1,580928,597793,597415,569034,551702,568638,25624,21898,20851,19599,26000,20000,-80928,-97793,-97415,-69034,-51702,-68638,3331538,0
50000,3,2,3,4,5,4,3,2,-1,33100,32319,31499,30748,30162,30016,0,0,0,0,3100,798,16900,17681,18501,19252,19838,19984,183946,1
230000,2,1,2,-1,-1,-2,-1,-1,-1,5200,0,0,8780,11990,0,0,0,8780,11990,0,0,224800,230000,230000,221220,218010,230000,5200,0
50000,2,1,4,-1,-1,-1,-1,-1,-1,493,493,493,493,493,493,493,493,493,493,493,493,49507,49507,49507,49507,49507,49507,0,0
120000,2,4,1,-1,-1,-1,-1,-1,2,15322,16267,45844,47082,54307,53290,1500,30000,2000,8000,0,5000,104678,103733,74156,72918,65693,66710,185612,0
30000,2,2,1,-1,-1,-1,-1,-1,-1,26301,27376,28359,24844,25364,25935,1500,1450,889,920,992,1000,3699,2624,1641,5156,4636,4065,151428,0
330000,2,2,1,-1,-1,-1,-1,2,2,225079,229947,233122,246414,253338,249107,10000,8507,17215,11000,0,12000,104921,100053,96878,83586,76662,80893,1378285,0
360000,2,1,2,-1,-1,-1,-1,-1,-1,6323,6934,17170,11152,6000,0,7001,17173,1000,1000,0,200000,353677,353066,342830,348848,354000,360000,-178595,0
40000,1,2,1,-1,-1,-1,-1,2,2,6586,7618,8484,10333,10023,11258,1300,1150,2000,0,1400,0,33414,32382,31516,29667,29977,28742,48452,0
110000,1,4,1,2,-1,-1,-1,-1,-1,106321,107630,106354,79154,69988,69018,4334,4250,2946,2506,2458,2524,3679,2370,3646,30846,40012,40982,519447,1
40000,3,2,2,-2,-2,-2,-2,-2,-2,7955,5392,5151,3434,1143,0,5392,5151,3434,1143,0,0,32045,34608,34849,36566,38857,40000,7955,0
70000,2,2,2,1,2,-1,-1,-1,-1,42490,35668,32397,24306,24316,20216,17,5043,2500,2009,2015,2010,27510,34332,37603,45694,45684,49784,165799,0
100000,3,2,1,2,-1,-1,-1,-1,-1,107643,109895,93420,73119,73642,71579,4048,3105,2700,2510,2703,2700,-7643,-9895,6580,26881,26358,28421,511532,1
210000,2,2,4,1,-2,-2,-2,-2,-2,0,0,0,0,0,0,0,0,0,0,0,0,210000,210000,210000,210000,210000,210000,0,0
360000,2,1,2,-1,-1,-1,-1,2,-1,696,546,-150,1692,846,846,546,0,2538,0,846,696,359304,359454,360150,358308,359154,359154,-150,0
260000,2,2,1,-1,-1,-1,-1,-1,-1,150943,149285,151779,135141,124475,107735,5501,5061,5000,5000,3900,3246,109057,110715,108221,124859,135525,152265,791650,0
200000,1,4,2,-2,-2,-2,-2,-2,-2,500,810,500,0,0,300,810,500,0,0,300,0,199500,199190,199500,200000,200000,199700,500,0
160000,1,1,3,-1,-1,-1,-1,-1,-1,162,414,6437,16520,14374,10969,414,6437,10428,463,426,219,159838,159586,153563,143480,145626,149031,30489,1
420000,2,2,1,-1,-1,-1,-1,-1,-1,56255,121215,132536,131704,331059,328958,71536,12536,11704,212059,12958,12819,363745,298785,287464,288296,88941,91042,768115,0
140000,1,4,1,1,2,-1,-1,-1,-1,86761,84546,87251,88227,90170,92044,0,5000,3300,3500,3500,3550,53239,55454,52749,51773,49830,47956,510149,1
180000,1,2,2,-1,-1,-1,-1,-1,-1,141510,144439,146529,151106,153900,0,6700,6000,7000,6900,0,0,38490,35561,33471,28894,26100,180000,710884,1
150000,3,2,2,2,2,-1,-1,-1,-1,153994,147038,122498,75782,71306,69737,0,5000,3000,3000,3000,5000,-3994,2962,27502,74218,78694,80263,621355,0
30000,2,2,2,-1,-1,-1,-1,-1,2,22206,23846,24554,25213,27638,27042,2000,1409,1068,3000,0,3450,7794,6154,5446,4787,2362,2958,139572,0
500000,1,2,2,-1,-1,-1,-1,-1,-1,8007,10556,14332,20393,22633,24318,3000,4000,6500,5000,2000,4000,491993,489444,485668,479607,477367,475682,75739,0
240000,2,1,3,-1,-1,-1,-1,-1,-1,237868,242260,101542,30284,168674,171825,8932,4707,1862,140061,5262,5300,2132,-2260,138458,209716,71326,68175,786329,0
30000,1,2,1,-1,-1,-1,-1,-1,2,2949,19689,17681,17113,13368,11739,19689,2092,1500,1500,0,161,27051,10311,12319,12887,16632,18261,57597,0
80000,2,2,1,-1,-1,-1,-1,2,-1,47916,49964,49965,50142,46888,47592,3122,2123,4300,0,2800,3000,32084,30036,30035,29858,33112,32408,277122,0
80000,2,2,2,-2,-2,-2,-2,-2,-2,0,0,0,0,0,0,0,0,0,0,0,0,80000,80000,80000,80000,80000,80000,0,0
310000,1,1,2,1,-1,-1,-1,-1,-1,166517,18901,19781,22432,24058,25646,150000,1500,3000,2000,2000,3000,143483,291099,290219,287568,285942,284354,115835,0
180000,1,4,2,-1,-1,-1,-1,-1,-1,94001,99558,106353,113047,115572,117660,8000,10000,10000,4500,4500,5300,85999,80442,73647,66953,64428,62340,603891,0
60000,2,4,1,-1,-1,-1,-1,-1,-1,63709,64261,50243,15092,12037,10000,2351,1237,422,528,2000,5000,-3709,-4261,9757,44908,47963,50000,203804,1
170000,2,4,2,-1,-1,-2,-1,-1,-1,298,0,0,467,203,0,0,0,467,203,0,1116,169702,170000,170000,169533,169797,170000,-818,0
180000,2,2,2,-1,-1,-1,-1,-1,-1,173517,160996,132054,115551,109539,108837,10122,35206,40600,5000,10000,10000,6483,19004,47946,64449,70461,71163,689566,0
180000,2,1,1,-1,-1,-1,-1,-1,-1,180827,175914,176778,172440,168914,171645,6600,7738,6200,6418,13000,0,-827,4086,3222,7560,11086,8355,1006562,1
350000,2,1,3,-1,-1,-1,-1,-1,-1,1037,1360,8686,3061,396,391,1365,8722,72,0,391,1406,348963,348640,341314,346939,349604,349609,2975,0
360000,2,1,2,-1,-1,-1,-1,-1,-1,20328,12664,1901,2355,4206,5889,1204,1901,2355,4206,5889,0,339672,347336,358099,357645,355794,354111,31788,0
140000,2,1,3,-1,-1,-1,-1,-1,-1,133899,137171,139414,97268,99960,86728,5425,4979,3715,4498,86728,2412,6101,2829,586,42732,40040,53272,586683,1
310000,3,4,2,-1,-1,-1,-1,-1,-1,118109,131107,97009,51757,50009,45262,18008,20000,12000,5000,3000,1900,191891,178893,212991,258243,259991,264738,433345,0
30000,3,2,1,-1,-1,-1,-1,-1,2,22821,23846,24864,25360,26999,26414,1397,1415,911,2051,0,1500,7179,6154,5136,4640,3001,3586,143030,0
200000,1,2,2,-1,-1,-1,-1,-1,2,5494,19614,628,628,1604,668,19614,628,628,1604,0,168,194506,180386,199372,199372,198396,199332,5994,1
120000,1,4,2,2,2,2,2,2,2,744,744,744,1188,594,1038,444,444,888,0,888,0,119256,119256,119256,118812,119406,118962,2388,1
260000,1,1,3,-1,-1,-1,-1,-1,-1,21480,25791,31654,35784,40726,45923,5000,6781,5000,6452,6696,6892,238520,234209,228346,224216,219274,214077,164537,0
60000,1,4,2,-1,-1,-1,-1,-1,-1,31142,31473,31684,31837,32246,32122,1842,2000,2000,2000,1500,3000,28858,28527,28316,28163,27754,27878,178162,0
50000,2,2,1,-1,-1,-1,-1,-1,-1,10834,11771,12762,12769,13512,14772,1509,1500,605,1500,1500,3000,39166,38229,37238,37231,36488,35228,66806,0
80000,1,2,1,-1,-1,-1,2,-1,-1,47933,39695,42372,41393,42275,43418,2100,3650,0,1700,2000,3000,32067,40305,37628,38607,37725,36582,244636,0
60000,1,1,3,1,2,-1,-1,-1,-1,62063,60513,60398,31194,30343,30427,0,1744,1100,1074,1200,1000,-2063,-513,-398,28806,29657,29573,268820,0
200000,3,2,1,1,2,2,2,3,4,104307,101788,110000,115000,120000,127640,0,10000,5000,5000,7661,6608,95693,98212,90000,85000,80000,72360,644466,0
140000,1,4,1,1,-2,-2,-2,-2,-2,0,0,0,0,0,0,0,0,0,0,0,0,140000,140000,140000,140000,140000,140000,0,0
30000,2,2,1,-1,-1,-1,-1,-1,-1,26328,27470,28541,28509,29265,0,1868,1939,907,1100,0,0,3672,2530,1459,1491,735,30000,134299,1
110000,2,2,2,-1,-1,2,2,2,2,43780,48076,48989,47900,52123,51131,5000,2000,0,5000,0,5000,66220,61924,61011,62100,57877,58869,274999,0
90000,3,2,2,-1,-1,-1,-1,-1,-1,7328,3697,4487,3169,3847,5403,3784,4511,3174,3852,5417,4720,82672,86303,85513,86831,86153,84597,2473,0
40000,1,4,1,1,-1,-1,-2,-1,-1,0,450,0,0,247,0,450,0,0,247,0,0,40000,39550,40000,40000,39753,40000,0,0
110000,1,2,1,-1,-1,-1,-1,-1,-1,3261,1380,1380,2760,1380,1700,1380,1380,2760,0,1700,0,106739,108620,108620,107240,108620,108300,4641,0
640000,1,4,2,-1,-1,-1,-1,-1,-1,116714,77893,60259,40539,26432,5018,4000,4000,2003,7202,5314,3535,523286,562107,579741,599461,613568,634982,300801,0
20000,3,2,4,-1,-1,-1,-1,-1,-1,9953,13989,14953,14710,900,0,5000,1275,2704,3200,0,0,10047,6011,5047,5290,19100,20000,42326,0
50000,2,2,2,-1,-1,-1,-1,-1,-1,44625,46078,46689,8261,8434,8738,2174,1785,296,306,444,10686,5375,3922,3311,41739,41566,41262,147134,0
30000,2,1,1,-1,-1,-2,-1,2,2,30527,29910,0,25919,26383,25691,1389,0,25919,1000,0,19283,-527,90,30000,4081,3617,4309,90839,0
140000,2,4,2,-1,-1,-1,-1,-1,-1,136497,135505,137629,120147,122247,122574,5000,5000,4300,5000,5158,4200,3503,4495,2371,19853,17753,17426,745941,0
70000,2,2,2,1,-1,-1,-1,-1,-1,0,690,25566,26227,26375,26510,690,25566,1066,1091,1100,1312,70000,69310,44434,43773,43625,43490,74543,0
80000,2,2,3,-1,-1,-1,-1,-1,-1,23931,23366,22275,21631,22961,19269,1500,2000,1000,3000,1000,1000,56069,56634,57725,58369,57039,60731,123933,1
100000,1,4,2,-2,-2,-2,-2,-2,-2,0,0,0,960,960,1185,0,0,960,0,1185,379,100000,100000,100000,99040,99040,98815,581,0
180000,3,2,3,-1,-1,-1,-1,-1,-1,66218,15155,11052,8541,37951,57757,1811,5008,5000,30000,62010,50077,113782,164845,168948,171459,142049,122243,42768,0
50000,2,4,1,-1,-1,-1,-1,-1,-1,48370,39618,27417,25542,26160,26686,1468,1400,900,1000,1000,600,1630,10382,22583,24458,23840,23314,187425,0
170000,1,1,2,-1,-1,-2,-2,-2,-1,473,-103,-103,-103,-103,2297,0,0,0,0,2400,0,169527,170103,170103,170103,170103,167703,-42,1
50000,3,4,1,2,2,2,2,2,2,42304,45327,46294,47147,46272,49050,3695,2000,1900,0,3700,0,7696,4673,3706,2853,3728,950,265099,1
140000,1,2,1,-1,-1,-1,-1,-1,-1,135648,138049,99274,100878,102984,106628,5247,3213,2857,2963,4566,1969,4352,1951,40726,39122,37016,33372,662646,1
100000,1,2,1,2,2,2,2,2,2,74396,75317,77084,78308,79901,81630,2700,3600,3100,3000,3200,3000,25604,24683,22916,21692,20099,18370,448036,1
10000,2,1,2,-1,-1,-1,-1,-1,-1,8593,9582,8986,9691,9889,10131,1300,1200,1000,1000,569,200,1407,418,1014,309,111,-131,51603,0
50000,2,4,1,1,-2,-2,-2,-2,-2,0,0,0,0,0,0,0,0,0,0,0,0,50000,50000,50000,50000,50000,50000,0,0
30000,2,2,1,-1,-1,-1,2,2,-1,26755,27828,29103,29565,26319,27738,1507,2172,1523,0,2000,2000,3245,2172,897,435,3681,2262,158106,1
80000,2,4,1,-1,-1,-1,-1,-1,-1,26144,26625,3600,0,68424,42601,1075,1200,0,68424,1264,0,53856,53375,76400,80000,11576,37399,95431,0
290000,2,4,1,-1,-1,-1,-1,-1,-1,263796,268765,209697,212359,216989,221260,11320,10000,7600,8000,8000,8200,26204,21235,80303,77641,73011,68740,1339746,0
110000,1,4,1,-1,-1,-1,-1,-1,-1,8086,8848,9283,8950,8943,333,1232,1000,0,326,333,12425,101914,101152,100717,101050,101057,109667,29127,0
30000,3,4,1,1,3,2,2,2,-1,23031,22393,21736,23192,22701,22954,0,0,1800,0,1000,1000,6969,7607,8264,6808,7299,7046,132207,0
70000,2,2,1,-1,-1,-1,-1,-1,-1,43397,44336,35757,27906,25731,21430,2500,21000,2000,687,1500,2000,26603,25664,34243,42094,44269,48570,168870,0
300000,1,4,1,-1,-1,-1,-1,-1,-1,277680,281719,284381,155562,158448,162626,12005,10155,6000,5000,6000,6000,22320,18281,15619,144438,141552,137374,1275256,0
30000,2,1,3,-1,-1,-1,-1,2,-1,24422,25480,26425,30525,29063,29022,1455,1400,4500,0,1500,2000,5578,4520,3575,-525,937,978,154082,1
200000,1,4,2,-2,-2,-2,-2,-1,-1,0,0,0,932,2469,0,0,0,932,2487,0,0,200000,200000,200000,199068,197531,200000,-18,0
130000,2,2,1,-1,-1,-1,-1,-1,-1,81603,84249,85424,82632,84522,86061,3963,3500,2956,3220,3100,3344,48397,45751,44576,47368,45478,43939,484408,1
80000,1,2,1,-2,-2,-2,-2,-2,-2,0,0,0,0,0,0,0,0,0,0,0,0,80000,80000,80000,80000,80000,80000,0,0
50000,2,4,2,-1,-1,-1,-1,-1,-1,67570,61248,54707,29250,29905,29519,3000,3000,2100,1500,1300,1200,-17570,-11248,-4707,20750,20095,20481,260099,0
310000,1,4,2,-1,-1,-1,-1,-1,-1,33376,34587,30488,27112,24722,9862,2000,2000,1000,1000,661,1000,276624,275413,279512,282888,285278,300138,152486,0
160000,2,2,2,-2,-2,-2,-2,-2,-2,11648,780,0,5100,0,0,780,0,5100,0,0,0,148352,159220,160000,154900,160000,160000,11648,0
240000,2,1,2,-1,-1,-1,-1,-1,-1,227675,181461,186160,191355,192406,190086,10003,10009,10014,8500,10000,8000,12325,58539,53840,48645,47594,49914,1112617,0
100000,2,2,2,-1,-1,-1,-1,-1,-1,21237,16723,15868,8275,5954,7075,3013,4031,3012,2006,3121,5781,78763,83277,84132,91725,94046,92925,54168,0
200000,4,4,1,-1,-1,-1,-1,-1,-1,98761,85583,84398,88612,86159,89751,4000,3000,3000,3338,5000,4000,101239,114417,115602,111388,113841,110249,510926,0
50000,1,4,2,-1,-1,-1,-1,-1,-1,46179,38055,28857,27495,26344,24879,1881,1683,1064,900,862,1000,3821,11945,21143,22505,23656,25121,184419,0
320000,3,4,3,-1,-1,-1,-1,-1,-1,300598,308931,186223,114605,117159,119733,14227,9334,4106,4405,4678,4527,19402,11069,133777,205395,202841,200267,1105972,0
60000,1,1,2,-1,-1,-1,-1,-1,-1,57985,59312,27420,27965,28552,29276,2550,1500,1001,1038,1200,1233,2015,688,32580,32035,31448,30724,221988,0
60000,2,1,3,-1,-1,-1,-1,-1,-1,58777,40584,12617,22670,17701,950,5005,5000,10216,876,1252,0,1223,19416,47383,37330,42299,59050,130950,0
50000,2,1,3,-1,-1,-1,-1,-1,-1,46100,46949,18755,11112,11374,5919,2133,1058,2000,2043,5919,16346,3900,3051,31245,38888,38626,44081,110710,1
360000,2,1,3,1,-2,-2,-2,-2,-2,0,0,0,0,0,0,0,0,0,0,0,0,360000,360000,360000,360000,360000,360000,0,1
60000,2,4,2,-1,-1,-1,-1,-1,-1,60745,61085,56863,18473,15434,7301,2613,5900,1000,428,1000,2000,-745,-1085,3137,41527,44566,52699,206960,0
210000,2,4,1,-1,-1,-1,-1,-1,-2,2162,61,259323,139861,1684,826,61,130000,10000,1684,826,1793,207838,209939,-49323,70139,208316,209174,259553,0
20000,2,1,2,2,2,2,2,2,2,20591,20284,20645,20750,20300,20482,1500,1000,718,3,1800,0,-591,-284,-645,-750,-300,-482,118031,1
100000,2,2,3,-1,-1,-1,-1,-1,-1,10228,50764,52520,24550,5973,57200,50836,39033,524,18,57227,422,89772,49236,47480,75450,94027,42800,53175,0
200000,1,4,2,-1,-1,-1,-1,-1,-1,47517,8219,9000,10000,11340,0,1219,1000,1000,1340,0,0,152483,191781,191000,190000,188660,200000,81517,0
180000,2,2,1,-2,-2,-2,-2,-2,-2,454,14213,10621,3913,1707,15087,14213,10628,7826,1707,15087,5379,179546,165787,169379,176087,178293,164913,-8845,0
70000,1,4,4,-1,-1,-1,-1,-1,-1,64315,58564,56741,25172,29186,25430,3000,10032,8000,5139,1000,1000,5685,11436,13259,44828,40814,44570,231237,1
170000,2,4,3,-1,-1,-1,-1,-1,-1,83074,85834,87003,88753,90624,92455,4100,3500,3200,3300,3334,4000,86926,84166,82997,81247,79376,77545,506309,0
80000,1,2,2,-1,-1,-1,-1,-1,-1,68931,67706,67017,65159,64152,65208,2500,3000,2244,2478,4800,0,11069,12294,12983,14841,15848,14792,383151,0
400000,1,2,3,-1,-1,-1,-1,-1,-1,8,1274,19143,20305,22063,20695,1274,19143,1305,2063,1695,195000,399992,398726,380857,379695,377937,379305,-136992,0
140000,2,2,3,-1,-1,-1,-1,-1,-1,138389,110701,83468,41202,41687,36335,5148,3216,2003,3000,3041,5056,1611,29299,56532,98798,98313,103665,430318,0
60000,3,1,4,-1,-1,-1,-1,-1,-1,20865,16590,10816,6956,2489,0,1262,1003,0,1050,0,0,39135,43410,49184,53044,57511,60000,54401,0
360000,1,1,3,-1,-1,-1,-1,-1,-1,333549,342782,340216,344545,140386,144042,15047,15000,14000,5008,10055,30015,26451,17218,19784,15455,219614,215958,1556395,0
240000,2,2,3,-1,-1,-1,-1,-1,-1,48502,49001,47026,45827,39527,40868,2200,1923,1682,2000,2000,1300,191498,190999,192974,194173,200473,199132,259646,0
80000,2,4,1,1,2,-1,-1,-1,-1,57004,55220,43506,39025,40017,29797,0,1900,1418,1800,1300,1000,22996,24780,36494,40975,39983,50203,257151,0
270000,2,4,2,-1,-1,-1,-1,-1,-1,116168,118661,121106,118269,120737,123227,4173,4275,4054,4191,4302,4567,153832,151339,148894,151731,149263,146773,692606,0
30000,3,2,2,2,2,2,2,2,2,20652,24993,24293,25896,26435,25859,4700,0,2010,1100,0,2100,9348,5007,5707,4104,3565,4141,138218,0
480000,1,1,4,-2,-2,-2,-2,-2,-2,24610,-310,148544,18791,5909,68988,4,149654,18885,5940,69337,200655,455390,480310,331456,461209,474091,411012,-177943,1
160000,2,1,4,-1,-1,-1,-1,-1,-1,269,0,697,697,895,1341,0,697,697,895,1341,402,159731,160000,159303,159303,159105,158659,-133,0
180000,2,4,2,2,-1,-1,-1,2,2,51385,53925,54848,57988,59438,61974,3140,923,4663,2530,3687,5000,128615,126075,125152,122012,120562,118026,319615,1
300000,1,2,1,1,-2,-2,-2,-2,-2,0,0,0,0,0,0,0,0,0,0,0,0,300000,300000,300000,300000,300000,300000,0,1
200000,1,4,2,-1,-1,-1,-1,-1,-1,191953,189147,191673,192051,193348,193337,6887,7019,7000,7200,7200,7000,8047,10853,8327,7949,6652,6663,1109203,0
50000,2,4,2,-1,-1,-1,-1,-1,-1,37522,38614,39671,40213,41064,43382,2000,2000,1500,1500,3000,2000,12478,11386,10329,9787,8936,6618,228466,0
320000,3,2,2,-1,-1,-1,-1,-1,-1,3065,41679,8275,8275,7606,14611,41679,8344,8275,7606,10000,11010,316935,278321,311725,311725,312394,305389,-3403,0
30000,1,2,2,2,-1,-1,-1,-1,-1,27703,28743,27048,26592,23874,23293,1500,1356,900,1000,1100,664,2297,1257,2952,3408,6126,6707,150733,1
500000,1,2,2,-2,-2,-2,-2,-2,-2,913,9724,9350,6972,11879,15574,9782,9350,6972,11879,15574,12921,499087,490276,490650,493028,488121,484426,-12066,0
360000,1,1,3,-1,-1,-1,-2,-1,2,21489,40715,-34041,-34503,43013,11654,41088,2,38,85155,58,13652,338511,319285,394041,394503,316987,348346,-91666,0
50000,2,2,4,-1,-1,2,-1,-1,-1,13868,14307,14762,15232,16988,17912,2000,1000,1000,2000,1200,2000,36132,35693,35238,34768,33012,32088,83869,1
80000,1,4,1,-1,-1,-1,-1,2,2,61565,62857,64773,68073,69538,70841,2281,2961,5000,2700,2600,2700,18435,17143,15227,11927,10462,9159,379405,0
10000,2,2,1,-1,-1,-1,-1,-1,-1,5324,6509,7313,6469,6988,7489,1279,1083,500,1000,1000,142,4676,3491,2687,3531,3012,2511,35088,0
280000,1,4,1,-1,-1,-1,-1,-1,-1,262579,235354,199360,193888,193132,188016,6453,6000,5334,5397,5400,5894,17421,44646,80640,86112,86868,91984,1237851,0
300000,2,2,2,-1,-1,-1,-1,-1,-1,3863,4242,5090,309,2700,7593,5021,5134,322,5013,7611,8059,296137,295758,294910,299691,297300,292407,-7363,0
280000,1,2,2,-1,-1,-1,-1,-1,-1,232834,218803,202031,111603,94050,76232,9001,6369,3864,3501,3001,1701,47166,61197,77969,168397,185950,203768,908116,0
170000,2,1,3,-1,-1,-1,-1,-1,-1,164824,132485,120267,117453,115778,117411,6107,6000,4500,4500,4500,4500,5176,37515,49733,52547,54222,52589,738111,0
260000,1,2,2,-1,-1,-1,-1,-1,-1,88273,91908,90857,-81334,142645,149655,6000,5020,81569,331788,10002,5003,171727,168092,169143,341334,117355,110345,42622,0
360000,2,1,3,1,-1,-1,-1,-1,-1,-3,583,-17,3440,1368,146,586,0,3457,1375,200,754,360003,359417,360017,356560,358632,359854,-855,0
360000,2,4,2,-1,-1,-1,-1,-1,-1,9688,7612,7537,11227,9703,61882,2012,3004,5011,1061,65663,2019,350312,352388,352463,348773,350297,298118,28879,0
200000,3,1,2,-1,-1,-1,-1,-1,-1,181532,179645,180615,180127,166755,167416,8218,7912,6284,6313,6200,6419,18468,20355,19385,19873,33245,32584,1014744,0
50000,1,4,1,-1,-1,-1,-1,-1,-1,21514,22563,23585,23894,24549,24990,1700,1700,1000,1039,1000,1000,28486,27437,26415,26106,25451,25010,133656,0
130000,3,2,3,1,-1,2,-1,-1,-1,0,780,390,540,11040,953,780,0,540,11040,953,9622,130000,129220,129610,129460,118960,129047,-9232,0
20000,2,1,2,-1,-1,2,-1,-1,-1,19468,20844,19362,19402,19607,19821,3000,0,850,920,750,300,532,-844,638,598,393,179,112684,1
50000,3,2,4,-1,-1,2,-1,-1,-1,22916,13238,346,14580,11231,10804,1656,0,14580,500,458,873,27084,36762,49654,35420,38769,39196,55048,1
190000,1,2,2,-1,-1,-1,-1,-1,-1,6936,500,0,19000,19000,19000,500,0,19000,19000,19000,19000,183064,189500,190000,171000,171000,171000,-12064,0
140000,2,1,2,-1,-1,-1,-1,-1,-1,780,16570,17378,12568,15678,15620,16570,1220,3000,3500,332,390,139220,123430,122622,127432,124322,124380,53582,0
70000,2,2,3,-1,-1,-1,-1,-1,-1,69341,19472,22066,23515,10990,0,2000,3000,2000,3000,0,150,659,50528,47934,46485,59010,70000,135234,0
150000,1,4,2,-1,-1,-2,-2,-2,-2,15447,0,0,0,0,0,0,0,0,0,0,0,134553,150000,150000,150000,150000,150000,15447,0
140000,2,4,1,-1,-1,-1,-1,-1,-1,128583,132734,132135,126622,127495,119304,7000,5000,5000,6000,6000,5300,11417,7266,7865,13378,12505,20696,732573,0
50000,2,2,1,2,-1,-1,-1,-1,-1,48387,47637,48479,18616,19196,17906,2300,2100,1000,1000,1000,680,1613,2363,1521,31384,30804,32094,192141,1
350000,1,2,4,-1,-1,-1,-1,-1,-1,3518,1931,1630,7461,4124,1261,1935,1630,7461,4124,1261,2798,346482,348069,348370,342539,345876,348739,716,0
80000,2,2,4,3,2,-1,-1,-1,-1,35637,34783,36198,37094,38489,40341,0,2000,1500,2000,2500,2000,44363,45217,43802,42906,41511,39659,212542,1
400000,1,2,2,1,-2,-2,-1,-1,-1,-5,-5,-5,1299,4374,4986,0,0,1304,4375,1025,2952,400005,400005,400005,398701,395626,395014,988,0
170000,1,2,2,-1,-1,-1,-1,-1,-1,71712,70194,43210,23096,23397,27817,3332,7770,5000,3000,5000,25000,98288,99806,126790,146904,146603,142183,210324,0
20000,2,6,3,1,2,-1,-1,-1,-1,9325,8562,9571,9912,10036,10400,1000,1159,500,432,600,0,10675,11438,10429,10088,9964,9600,54115,0
450000,1,1,3,-1,-1,2,-1,-1,-1,22861,19093,6576,9133,6918,12382,6596,0,6918,4351,8161,0,427139,430907,443424,440867,443082,437618,50937,0
200000,3,2,2,1,-2,-2,-1,-1,-1,-5,-5,-5,2999,4804,4402,0,0,3004,4804,5008,169,200005,200005,200005,197001,195196,195598,-795,0
200000,1,2,2,-1,-1,-1,-1,-1,-1,2444,1301,3207,3284,1111,8349,1301,3210,3284,1111,8349,4249,197556,198699,196793,196716,198889,191651,-1808,0
100000,3,2,4,1,-2,-2,-2,-2,-2,0,0,0,0,0,0,0,0,0,0,0,0,100000,100000,100000,100000,100000,100000,0,1
60000,2,1,2,-1,-1,-1,-1,-1,-1,14085,14575,18423,13099,14537,16928,2000,5000,4000,2000,5000,2000,45915,45425,41577,46901,45463,43072,71647,0
230000,2,2,2,-1,-1,-1,-1,-1,-1,16302,15849,16884,17620,18353,18901,1265,1300,1001,1000,1000,1000,213698,214151,213116,212380,211647,211099,97343,0
230000,2,4,1,-1,-1,-1,-1,-1,-1,24524,24897,22219,23512,12894,15183,3000,4000,3047,3000,3000,3000,205476,205103,207781,206488,217106,214817,104182,0
60000,2,1,3,-1,-1,-1,-1,-1,-1,3046,286,6466,6469,5364,3664,285,6466,3,5,10,15219,56954,59714,53534,53531,54636,56336,3307,0
160000,1,2,2,1,-2,-2,-1,-1,-2,5520,0,0,708,560,0,0,0,708,560,0,560,154480,160000,160000,159292,159440,160000,4960,0
310000,1,1,2,-1,-1,-2,-1,-1,-1,493,-7,-7,500,736,739,0,0,507,736,3,797,309507,310007,310007,309500,309264,309261,411,1
430000,1,4,2,-1,-1,-1,-1,-1,-1,31423,3650,44671,81979,9120,85407,3650,44671,82555,9120,85407,14261,398577,426350,385329,348021,420880,344593,16586,0
240000,1,2,3,1,-2,-2,-1,-1,-1,-40,-40,-40,1160,1160,0,0,0,1200,0,0,0,240040,240040,240040,238840,238840,240000,1000,0
60000,2,2,1,-1,-1,-1,-1,-1,-1,54050,54555,15177,16610,16821,20048,2500,2000,2000,628,3525,3000,5950,5445,44823,43390,43179,39952,163608,0
30000,2,2,1,-1,-1,-1,-1,-1,-2,26054,25144,25775,18585,0,0,2000,2000,2000,0,0,0,3946,4856,4225,11415,30000,30000,89558,0
180000,2,1,2,-1,-1,-1,-1,-1,-1,375,375,375,750,375,399,375,375,750,0,399,399,179625,179625,179625,179250,179625,179601,351,1
20000,2,2,1,1,2,3,2,2,2,16706,18342,17755,17967,17538,18647,2200,0,800,0,1401,0,3294,1658,2245,2033,2462,1353,102554,0
30000,1,2,1,2,2,-1,-1,-1,-1,16035,15493,16197,16669,16865,17199,0,1270,742,613,615,646,13965,14507,13803,13331,13135,12801,94572,1
320000,2,2,4,-2,-2,-2,-2,-2,-2,11973,4076,7879,5436,51529,18088,4093,7917,5459,51787,18178,3659,308027,315924,312121,314564,268471,301912,7888,0
500000,2,2,2,-1,-1,-1,-1,-1,-1,264,286,550,286,22,14454,286,528,0,128,15239,100000,499736,499714,499450,499714,499978,485546,-100319,1
170000,2,2,3,-2,-2,-2,-2,-2,-2,0,0,0,0,0,0,0,0,0,0,0,0,170000,170000,170000,170000,170000,170000,0,0
20000,2,4,1,-1,-1,-1,-1,-1,-1,21838,20544,19991,20305,19349,20467,2349,1296,1000,696,2213,0,-1838,-544,9,-305,651,-467,114940,0
360000,1,4,1,-1,-1,-1,-1,-1,-1,73753,61008,49781,12846,4548,9820,5121,10180,41,22,9865,14847,286247,298992,310219,347154,355452,350180,171680,0
90000,1,4,1,-1,-1,-1,-1,-1,2,30639,25390,27618,26382,27546,17660,2913,9000,0,2000,0,10639,59361,64610,62382,63618,62454,72340,130683,0
100000,1,2,3,-1,-1,-1,-1,-1,-1,390,390,780,390,390,7140,390,780,0,390,7140,1230,99610,99610,99220,99610,99610,92860,-450,0
100000,1,2,2,1,-2,-2,-2,-2,-2,0,0,0,0,0,0,0,0,0,0,0,0,100000,100000,100000,100000,100000,100000,0,0
170000,1,1,2,-2,-2,-2,-2,-2,-2,0,0,0,1012,0,0,0,0,1012,0,0,492,170000,170000,170000,168988,170000,170000,-492,0
100000,2,4,2,2,-1,-1,-1,2,2,50332,52644,54905,58133,60197,59226,3000,3000,4000,3000,0,4300,49668,47356,45095,41867,39803,40774,318137,0
20000,1,2,1,-1,-1,2,-1,-1,-1,1760,2699,1261,780,390,1320,2200,0,780,0,1320,0,18240,17301,18739,19220,19610,18680,3910,0
220000,2,1,2,-1,-1,-1,-1,-1,-1,1565,3067,5797,1195,1797,1195,3082,5820,1198,1802,1198,1802,218435,216933,214203,218805,218203,218805,-286,0
470000,1,4,2,-2,-2,-2,-2,-2,-2,22988,10353,5603,11685,5093,2791,10363,5910,13380,5093,2791,9527,447012,459647,464397,458315,464907,467209,11449,0
100000,2,4,1,-1,-1,-1,-1,-1,-1,13391,10577,8905,0,4290,0,10608,8944,200,4290,0,0,86609,89423,91095,100000,95710,100000,13121,0
10000,2,2,1,-1,-1,-1,-1,-1,-1,1504,6007,6470,390,0,780,6007,1000,390,0,780,0,8496,3993,3530,9610,10000,9220,6974,0
230000,1,4,1,-1,-1,-1,-1,-1,-1,2521,-1000,12009,5627,215,3039,0,13009,8018,0,3039,2000,227479,231000,217991,224373,229785,226961,-3655,0
50000,1,4,1,2,2,2,2,2,2,31336,32039,32714,32482,33807,34398,1500,1500,600,2000,1300,1500,18664,17961,17286,17518,16193,15602,188376,0
50000,3,1,2,-1,-1,-1,-1,-1,-1,50545,49502,46418,19980,19751,20477,2603,1621,1000,1000,1204,1000,-545,498,3582,30020,30249,29523,198245,1
120000,2,4,2,-1,-1,-1,-1,-1,-1,116887,117419,116281,117392,117791,112505,4615,7175,4529,4625,4029,4237,3113,2581,3719,2608,2209,7495,669065,0
160000,1,2,2,-1,-1,-1,-1,-1,-1,2355,2714,12094,2855,3803,8911,2719,15000,2855,3803,8911,0,157645,157286,147906,157145,156197,151089,-556,1
120000,1,2,1,-1,-1,-1,-1,-1,-1,880,880,880,880,880,1030,880,880,880,880,1030,880,119120,119120,119120,119120,119120,118970,0,0
30000,2,4,1,-1,-1,-1,-1,-1,-1,26757,26831,26620,26134,26865,25752,1520,1339,852,2067,1400,100,3243,3169,3380,3866,3135,4248,151681,0
180000,1,4,1,-2,-2,-2,-2,-2,-2,100,0,0,0,0,0,0,0,0,0,0,0,179900,180000,180000,180000,180000,180000,100,0
30000,1,2,1,-1,-1,-1,-1,-1,-1,30287,28171,29410,29705,28647,28776,1496,1735,1030,1017,1033,989,-287,1829,590,295,1353,1224,167696,0
200000,1,2,3,-1,-1,-1,-1,-2,-2,3266,390,11314,-71,-467,-863,390,11320,0,0,0,2000,196734,199610,188686,200071,200467,200863,-141,0
10000,2,4,2,-1,-1,-1,-1,-1,-1,7659,18814,19570,19967,9908,9646,11400,1135,532,449,693,10000,2341,-8814,-9570,-9967,92,354,61355,0
230000,2,2,2,-1,-1,-1,-1,-1,-1,35289,27678,13800,10238,6968,4704,1646,1017,214,406,412,1420,194711,202322,216200,219762,223032,225296,93562,0
200000,3,2,4,-1,-1,-1,-1,-1,-1,126027,129008,130376,133207,136159,138741,6500,5000,5000,5100,5000,5400,73973,70992,69624,66793,63841,61259,761518,0
110000,2,1,3,-1,-1,-1,-1,2,-1,44953,47315,46997,50740,49115,49529,3087,1769,4512,0,1930,1601,65047,62685,63003,59260,60885,60471,275750,1
50000,2,1,3,-1,-1,-1,-1,-1,-1,18485,10767,9775,10122,9146,9341,1166,1200,481,321,336,174,31515,39233,40225,39878,40854,40659,63958,0
50000,1,4,1,-1,-1,-1,-1,-1,-1,48482,47226,11151,-2897,48211,48154,2500,3002,1500,52000,1900,1800,1518,2774,38849,52897,1789,1846,137625,0
220000,1,1,3,-2,-2,-2,-2,-2,-2,7695,2701,98376,3874,5226,14973,2725,98875,3893,5252,15047,3980,212305,217299,121624,216126,214774,205027,3073,0
500000,1,1,3,-1,-1,2,-1,-1,-1,14132,35814,20089,28077,132588,115442,35820,18,28077,132588,28500,20000,485868,464186,479911,471923,367412,384558,101139,0
140000,1,1,3,-1,-1,-1,-1,-1,-1,100021,95122,84315,70871,70923,64202,4535,2856,2503,2378,3014,2048,39979,44878,55685,69129,69077,75798,468120,0
50000,1,4,2,2,-1,-1,-1,-1,-1,2989,4008,4861,4958,5244,8134,1228,1081,178,366,3156,0,47011,45992,45139,45042,44756,41866,24185,0
50000,2,2,1,-1,-1,-1,-1,-1,-1,7240,8264,9273,9609,9657,9927,2644,1153,489,351,431,198,42760,41736,40727,40391,40343,40073,48704,0
150000,1,4,2,-1,-1,-1,-1,-1,-1,116908,107164,110884,111706,113942,116626,4000,5500,4145,4186,4630,4000,33092,42836,39116,38294,36058,33374,650769,0
150000,1,2,2,1,2,2,2,2,2,143376,145607,146509,148507,152044,136643,6000,4500,5100,5322,20,5033,6624,4393,3491,1493,-2044,13357,846711,0
240000,3,1,3,-1,-1,-1,-1,-1,-1,191453,193548,190288,186770,180458,178722,8500,8300,7000,7000,7000,6500,48547,46452,49712,53230,59542,61278,1076939,0
180000,1,2,2,2,2,7,7,7,7,2400,2400,2400,2400,2400,2400,0,0,0,0,0,0,177600,177600,177600,177600,177600,177600,14400,0
240000,2,1,3,-1,-1,-1,-1,-1,-1,5428,9054,13158,6507,2955,1092,9064,13158,6860,2295,1092,2076,234572,230946,226842,233493,237045,238908,3649,0
150000,1,4,1,-1,-1,-1,-1,-1,2,138066,140522,138722,130494,147851,145535,5767,6100,30000,19227,0,2606,11934,9478,11278,19506,2149,4465,777490,0
260000,3,2,3,-1,-1,-2,-1,-1,-1,1145,-4,-4,2177,158,0,4,0,2181,158,0,0,258855,260004,260004,257823,259842,260000,1129,0
160000,1,2,2,-1,-1,-1,-1,-1,-1,430,430,430,850,3350,4874,430,430,850,3350,4874,9858,159570,159570,159570,159150,156650,155126,-9428,0
290000,2,2,2,-1,-1,-1,-1,-1,-1,58281,62061,65710,69452,73627,77890,5000,5000,5000,5000,5000,7000,231719,227939,224290,220548,216373,212110,375021,0
240000,1,2,3,-1,-1,-1,-1,-1,-1,116058,117196,121245,122736,125599,128506,4500,6000,5000,5000,5000,5000,123942,122804,118755,117264,114401,111494,700840,0
50000,2,1,4,1,2,-1,-1,-1,-1,32134,30391,10725,10541,10052,10400,0,1159,365,448,600,0,17866,19609,39275,39459,39948,39600,101671,0
170000,3,2,3,-1,-1,-1,-1,-1,-1,246,123,5436,1229,93787,95816,123,5436,1229,93970,4000,3348,169754,169877,164564,168771,76213,74184,88531,0
130000,1,2,3,-1,-1,-1,-1,-1,-1,147582,138996,140558,90522,90917,92330,5394,4229,3211,3297,3312,3381,-17582,-8996,-10558,39478,39083,37670,678081,1
80000,1,2,1,1,-2,-2,-1,-1,-1,0,0,0,8956,8956,0,0,0,8956,0,0,0,80000,80000,80000,71044,71044,80000,8956,0
30000,1,1,3,-1,-1,-1,-1,-1,-2,29029,27381,28945,29373,0,0,2000,2138,1102,0,0,0,971,2619,1055,627,30000,30000,109488,0
100000,3,2,3,-1,-1,-1,-1,-1,-1,97763,93834,86360,77594,78030,78506,4500,3000,3000,3000,3000,3000,2237,6166,13640,22406,21970,21494,492587,0
10000,2,2,1,2,-1,-1,-1,-1,-1,8638,8958,9414,9344,9545,9586,1294,1150,480,500,348,402,1362,1042,586,656,455,414,51311,0
320000,1,4,2,-2,-2,-2,-2,-2,-2,0,200,3663,992,1627,6661,200,3696,997,1635,6694,2508,320000,319800,316337,319008,318373,313339,-2587,0
50000,2,1,2,-1,-1,-1,-2,-2,-2,48612,50525,0,0,0,0,3000,0,0,0,0,0,1388,-525,50000,50000,50000,50000,96137,0
80000,1,2,1,1,2,2,-2,-2,-2,49373,49812,0,0,0,0,1980,19800,0,0,0,0,30627,30188,80000,80000,80000,80000,77405,1
70000,2,4,1,-1,-1,-1,-1,-1,-1,23409,23174,26103,28342,24894,25272,3003,5106,4026,755,1029,5303,46591,46826,43897,41658,45106,44728,131972,1
700000,2,4,1,-1,-1,-1,-1,-1,-1,16262,12219,9861,6384,5126,2680,2192,2015,1005,1009,1000,1000,683738,687781,690139,693616,694874,697320,44311,0
360000,1,4,1,-1,-1,-1,-1,-1,-1,7142,44008,21715,5064,9147,6068,44234,21823,5089,9192,6098,16495,352858,315992,338285,354936,350853,353932,-9787,0
380000,1,2,2,-1,-1,-1,-1,-1,-1,192132,148842,177842,120027,97256,108213,10123,50434,7132,11068,20050,35925,187868,231158,202158,259973,282744,271787,709580,0
50000,2,2,3,-1,-1,-1,-1,-1,-1,42807,32187,48600,7514,9336,-177,10000,21019,1500,3000,1210,7900,7193,17813,1400,42486,40664,50177,95638,0
20000,2,1,3,1,2,-1,-1,-1,-2,20011,10753,10853,10670,-120,-120,0,10600,800,0,0,0,-11,9247,9147,9330,20120,20120,40647,1
350000,1,4,2,-1,-1,-1,-1,-1,-1,314994,322472,244792,140218,181571,167905,12695,9790,5302,95621,11920,6107,35006,27528,105208,209782,168429,182095,1230517,1
80000,1,4,1,1,-2,-1,-1,-1,-1,0,0,8061,8061,9390,4337,0,8061,0,9390,4500,0,80000,80000,71939,71939,70610,75663,7898,1
150000,3,1,2,2,2,2,-1,-1,-1,135215,137863,130622,126063,118836,116865,6000,30,5050,5025,5000,3000,14785,12137,19378,23937,31164,33135,741359,1
300000,1,4,2,-1,-1,-1,-1,-1,-1,47295,87717,78638,77038,74345,49452,55047,27354,2124,5000,5500,4000,252705,212283,221362,222962,225655,250548,315460,0
400000,2,1,2,-1,-1,-1,-1,-1,-1,399099,272898,202937,169138,144434,124802,15395,10232,12115,6285,11106,3124,901,127102,197063,230862,255566,275198,1255051,0
250000,2,2,2,-1,-1,-1,-1,-1,-1,242971,244628,243223,245031,247911,247353,8310,7938,8101,8430,8808,7820,7029,5372,6777,4969,2089,2647,1421710,0
50000,1,4,1,-1,-1,-1,-1,-1,-1,49061,47209,47471,21571,19005,772,2138,1400,431,380,772,8,939,2791,2529,28429,30995,49228,179960,1
230000,3,2,3,-1,-1,-1,-1,-1,-1,54798,11632,4987,6222,15121,17425,11632,4987,6222,15121,17425,17007,175202,218368,225013,223778,214879,212575,37791,0
100000,2,4,1,-1,-1,-1,-1,2,-1,43865,45548,46266,49290,48372,49412,2400,1776,3800,0,2000,1800,56135,54452,53734,50710,51628,50588,270977,0
380000,2,2,2,-1,2,-1,-1,-1,-1,4384,3852,2300,632,316,316,0,2300,632,0,316,316,375616,376148,377700,379368,379684,379684,8236,0
260000,2,4,1,-1,-1,-1,-1,-1,-1,251560,379318,226538,202887,195364,181206,9139,13805,7100,6952,12812,6362,8440,-119318,33462,57113,64636,78794,1380703,0
470000,2,2,2,-1,-1,-1,-1,-1,-1,78833,80562,82718,85334,87948,90479,3000,3500,4000,4000,4000,4200,391167,389438,387282,384666,382052,379521,483174,0
80000,2,2,1,-1,-1,-1,-1,-1,-1,48098,49089,47184,47059,47938,48904,2081,2068,1833,1889,1915,1879,31902,30911,32816,32941,32062,31096,276607,0
140000,1,2,2,-1,-1,-1,-1,-1,-1,74177,65336,53578,49288,43870,44854,4000,3500,2000,2500,1800,2000,65823,74664,86422,90712,96130,95146,315303,1
140000,1,1,3,2,2,2,2,2,2,64393,65271,66606,64940,73677,75316,2500,3000,0,10000,3000,0,75607,74729,73394,75060,66323,64684,391703,1
50000,2,1,2,2,2,2,2,-1,-1,50808,48287,47265,20840,19568,19812,0,3259,0,844,706,677,-808,1713,2735,29160,30432,30188,201094,1
180000,2,2,2,-1,-1,-1,-1,-1,-1,14704,14417,13387,9537,38456,35947,1244,1064,278,31369,1268,1118,165296,165583,166613,170463,141544,144053,90107,1
30000,2,4,1,4,3,2,2,3,2,15847,15308,15910,16752,16197,16583,0,1150,1400,0,800,0,14153,14692,14090,13248,13803,13417,93247,1
30000,2,4,1,2,-1,-1,-1,-1,3,18796,20489,22142,25438,28453,27699,2000,2000,4000,3600,0,2200,11204,9511,7858,4562,1547,2301,129217,1
50000,1,2,1,-1,-1,-1,-1,-1,-1,30479,31200,31817,29229,29529,30053,1528,1461,1030,1070,1320,1212,19521,18800,18183,20771,20471,19947,174686,1
250000,1,4,2,1,2,-1,-1,-1,-1,45429,34800,31217,25231,17009,4553,0,1443,560,4875,400,0,204571,215200,218783,224769,232991,245447,150961,0
310000,2,4,1,-1,-1,-1,-1,-1,-1,38942,130331,56527,560,300,2381,135868,1306,560,300,2387,572,271058,179669,253473,309440,309700,307619,88048,0
360000,2,2,4,1,-2,-1,-1,-1,-1,0,0,390,540,540,390,0,780,540,540,390,390,360000,360000,359610,359460,359460,359610,-780,0
50000,2,2,2,-1,-1,-1,-1,-1,-1,48640,49483,40850,0,800,400,2000,3000,0,400,20000,10000,1360,517,9150,50000,49200,49600,104773,0
480000,1,4,2,-1,-1,-1,-1,-1,-1,75834,-105,37649,45469,20020,3167,105,37754,32970,8000,3167,10981,404166,480105,442351,434531,459980,476833,89057,0
50000,1,4,1,-1,-1,-1,-1,-1,-1,1303,1303,748,1693,1138,748,1303,748,1693,1138,895,1528,48697,48697,49252,48307,48862,49252,-372,0
160000,2,2,2,1,-2,-2,-2,-1,-1,0,0,0,0,461,603,0,0,0,461,603,829,160000,160000,160000,160000,159539,159397,-829,0
140000,1,4,2,-1,-1,-1,-1,-1,-1,4975,5445,6455,6847,8075,8592,1200,1108,500,1500,650,0,135025,134555,133545,133153,131925,131408,35431,0
310000,1,4,1,-1,-1,-1,-1,-1,-1,833,323,1083,2134,2474,2097,323,1093,2140,9201,2103,6571,309167,309677,308917,307866,307526,307903,-12487,0
30000,1,4,1,-1,-1,-1,-1,-1,-1,7843,2670,2670,2670,10302,15643,2670,2670,2670,10302,15643,9947,22157,27330,27330,27330,19698,14357,-2104,0
40000,2,2,1,1,2,-1,-1,-1,-1,11310,10842,12896,14675,17265,17974,0,2554,2000,3000,1000,3000,28690,29158,27104,25325,22735,22026,73408,0
80000,3,1,4,-1,-1,-1,-1,-1,-1,79788,81571,75814,49784,51408,48587,25000,7704,8700,3000,12900,3000,212,-1571,4186,30216,28592,31413,326648,0
30000,2,4,3,-1,-1,-1,-1,-1,-1,25159,25931,27369,25111,22235,19000,1762,2200,790,922,663,1310,4841,4069,2631,4889,7765,11000,137158,0
200000,2,4,1,-2,-2,-2,-2,-2,-2,58147,1468,2321,327194,6680,3963,1468,2321,163597,6680,3963,2514,141853,198532,197679,-127194,193320,196037,219230,0
270000,3,2,3,2,-1,-1,-1,-1,-1,106986,103249,89221,86996,86384,85440,3578,3207,3000,3200,3241,3078,163014,166751,180779,183004,183616,184560,538972,0
180000,1,2,2,-1,-1,-1,-1,-1,-1,154374,153018,146396,136531,138502,136665,7500,7000,5000,5000,6000,5137,25626,26982,33604,43469,41498,43335,829849,0
180000,2,4,2,-1,-1,-1,-1,-1,-1,194,191,187,176,188,187,200,187,180,200,187,750,179806,179809,179813,179824,179812,179813,-581,0
10000,3,2,1,-1,-1,2,-1,-1,-1,4797,6457,6154,6154,6280,0,2400,0,0,126,0,0,5203,3543,3846,3846,3720,10000,27316,0
120000,1,1,3,-1,-1,-1,-1,-1,-1,360,360,360,150,870,510,360,360,150,870,510,870,119640,119640,119640,119850,119130,119490,-510,1
30000,1,2,2,2,-1,-1,-1,-1,-1,24796,26088,27032,26723,23143,17106,2000,1804,2014,1521,1204,1500,5204,3912,2968,3277,6857,12894,134845,1
300000,1,2,2,1,-2,-1,-1,-1,-1,-6027,-6027,3973,3973,1244,1631,0,10000,0,1244,1631,2000,306027,306027,296027,296027,298756,298369,-16108,0
50000,3,2,5,2,-1,-1,-1,2,-1,5016,6065,6985,6354,4908,3724,1135,1055,656,0,133,50,44984,43935,43015,43646,45092,46276,30023,0
150000,3,1,4,-2,-2,-2,-2,-1,2,0,0,0,0,7043,1504,0,0,0,7043,0,3063,150000,150000,150000,150000,142957,148496,-1559,0
300000,2,4,2,-1,2,2,-1,-1,-1,1041,654,0,780,70,430,3,0,780,150,710,1000,298959,299346,300000,299220,299930,299570,332,0
50000,2,2,1,-1,-1,-1,-1,-1,-1,48065,49237,29651,30049,28376,28954,2500,1862,1150,1200,1200,1202,1935,763,20349,19951,21624,21046,205218,0
10000,2,2,2,-1,-1,-1,-1,-1,-1,8097,9109,10125,10327,10552,18836,1151,2167,369,391,436,200,1903,891,-125,-327,-552,-8836,62332,0
260000,2,4,2,-1,-1,-1,-1,-1,-1,188,188,188,188,194,188,188,188,188,194,188,221,259812,259812,259812,259812,259806,259812,-33,0
400000,1,2,1,-1,-1,2,-1,-1,-1,6500,405016,391178,392932,394410,410127,405016,0,14000,13560,28000,0,393500,-5016,8822,7068,5590,-10127,1539587,0
50000,2,4,2,-1,-1,-1,-1,-1,-1,26262,15020,16460,16888,17464,18171,4000,2000,1000,1000,1000,596,23738,34980,33540,33112,32536,31829,100669,0
50000,2,4,1,2,2,2,-1,-1,-1,50974,51688,50024,29381,28957,28435,3000,0,800,808,1200,775,-974,-1688,-24,20619,21043,21565,232876,0
280000,1,4,1,-1,-1,-1,-1,-1,-1,3678,1829,10002,13476,23572,14603,3658,10020,10000,11000,14603,3819,276322,278171,269998,266524,256428,265397,14060,0
10000,2,4,1,-1,-1,-1,-1,-1,-1,10063,8632,8775,7092,7410,7311,1194,1027,176,1253,2311,3101,-63,1368,1225,2908,2590,2689,40221,0
80000,2,2,2,1,2,-1,-1,-1,-1,73181,71452,72651,74266,75892,75816,0,3000,2800,2800,2700,2800,6819,8548,7349,5734,4108,4184,429158,0
150000,3,2,4,-1,-1,-1,-1,-1,-1,170,905,1203,2064,2847,0,1125,1203,2064,2847,0,0,149830,149095,148797,147936,147153,150000,-50,0
20000,2,4,4,4,4,3,3,2,2,18396,17826,18547,19118,18679,19812,0,1300,1170,0,1600,0,1604,2174,1453,882,1321,188,108308,0
50000,2,2,1,1,-2,-2,-2,-2,-2,0,0,0,0,0,0,0,0,0,0,0,0,50000,50000,50000,50000,50000,50000,0,1
170000,1,4,2,1,-1,-1,-2,-2,-1,0,843,0,0,0,1880,843,0,0,0,1880,456,170000,169157,170000,170000,170000,168120,-456,0
130000,2,4,2,-1,-1,-1,-1,-1,-1,79579,70067,63951,57467,51614,46071,2702,2207,2000,1717,1770,1245,50421,59933,66049,72533,78386,83929,357108,0
50000,2,4,1,-1,-1,-1,-1,-1,-1,1303,801,11512,11512,8490,0,801,11512,0,0,0,950,48697,49199,38488,38488,41510,50000,20355,0
50000,3,4,1,1,2,2,2,-1,-1,18019,9946,10319,8603,7298,6709,5559,2446,0,260,1000,1214,31981,40054,39681,41397,42702,43291,50415,0
180000,2,1,3,-1,-1,-1,-1,-1,-1,126937,109884,49475,50840,50090,48345,5000,2000,2000,2000,2000,2000,53063,70116,130525,129160,129910,131655,420571,1
20000,2,2,4,-1,-1,2,2,2,2,10511,14913,14382,16820,16411,17287,4593,0,3000,0,1304,1000,9489,5087,5618,3180,3589,2713,80427,0
410000,1,2,1,-1,-1,-1,-1,-1,-1,53629,50359,44596,44016,38728,36540,3037,3015,3549,5029,4325,6029,356371,359641,365404,365984,371272,373460,242884,0
50000,2,4,1,-1,-1,-1,-1,-1,-1,26701,28014,28725,29295,29902,30683,1749,1479,1049,1080,1280,1330,23299,21986,21275,20705,20098,19317,165353,0
270000,2,2,3,-2,-2,-2,-2,-2,-2,8400,7500,7500,7500,7500,7500,7500,7500,7500,7500,7500,10466,261600,262500,262500,262500,262500,262500,-2066,0
80000,1,4,1,-1,-1,-1,-1,-1,-1,3940,4115,84,8708,8728,2793,4117,84,8708,20,2795,0,76060,75885,79916,71292,71272,77207,12644,0
140000,3,4,3,-1,-1,-1,-1,-1,-1,129915,132240,111948,58672,59199,54286,6000,3079,3000,2000,2000,56793,10085,7760,28052,81328,80801,85714,473388,0
60000,2,1,1,2,2,2,2,2,2,40587,41642,40673,43342,44299,45222,2000,0,3348,1800,1800,0,19413,18358,19327,16658,15701,14778,246817,1
180000,1,4,1,2,2,-1,-1,-1,-1,182218,173980,262878,128739,130929,130437,0,5000,5000,4738,4915,4661,-2218,6020,-82878,51261,49071,49563,984867,0
320000,1,4,2,-2,-2,-2,-2,-2,-2,-532,-532,-528,-1336,-1336,-1336,0,4,0,0,0,0,320532,320532,320528,321336,321336,321336,-5604,0
40000,2,2,1,3,3,2,2,2,2,5754,6407,6156,7146,7384,7117,900,0,1100,500,0,708,34246,33593,33844,32854,32616,32883,36756,1
380000,1,4,2,-1,-1,-1,-1,-1,-1,41727,44178,82860,753,11599,8348,44178,89999,753,11599,8348,1571,338273,335822,297140,379247,368401,371652,33017,0
150000,2,2,2,1,2,2,4,3,2,125938,132110,142876,139097,138592,141447,9734,14500,0,2000,5300,5000,24062,17890,7124,10903,11408,8553,783526,0
110000,1,4,1,-1,-1,-1,-1,-1,-1,63594,56267,53550,44084,42077,37770,2260,1499,1309,1487,2000,5000,46406,53733,56450,65916,67923,72230,283787,0
110000,1,2,1,-1,-1,-1,-1,-1,-1,109386,99100,50827,51834,52921,54013,2432,3686,1850,1917,1968,1950,614,10900,59173,58166,57079,55987,404278,0
100000,3,2,1,-1,-1,-1,-1,-1,-1,45807,47099,40027,37735,35437,34155,5000,2500,3000,1597,2457,5660,54193,52901,59973,62265,64563,65845,220046,0
240000,1,2,2,-1,-1,-1,-1,-1,-1,11906,54684,1874,1151,23169,9372,55167,1874,1151,23169,9372,396,228094,185316,238126,238849,216831,230628,11027,0
50000,2,4,1,-1,-1,-1,-1,-1,-1,30857,28481,27634,26691,26329,25923,1800,1400,915,1500,1500,2000,19143,21519,22366,23309,23671,24077,156800,0
50000,1,2,2,-1,-1,-1,-1,-1,-1,27148,27619,20997,21018,20556,20302,1655,1323,734,1058,406,0,22852,22381,29003,28982,29444,29698,132464,0
200000,2,2,1,1,2,-1,-1,-1,-1,204212,186635,137983,82191,83964,86067,0,4075,3000,3100,4400,2930,-4212,13365,62017,117809,116036,113933,763547,0
80000,1,4,1,2,-1,-1,-1,-1,-1,100,980,28798,29398,15037,0,980,28798,1000,1000,0,0,79900,79020,51202,50602,64963,80000,42535,0
40000,3,2,3,2,-1,-1,-1,-1,-1,34470,31226,30321,30124,33614,35665,2000,3000,3000,4000,3000,2000,5530,8774,9679,9876,6386,4335,178420,1
250000,2,1,1,1,-2,-2,-1,-1,-1,-24,-24,-24,746,7146,434,0,0,770,7200,688,0,250024,250024,250024,249254,242854,249566,-404,0
230000,1,4,1,-1,-1,-1,-1,-1,-1,69158,73712,68831,61534,25914,36313,8149,2214,5904,5542,15502,5000,160842,156288,161169,168466,204086,193687,293151,0
30000,1,2,1,2,2,-1,-1,-1,-1,7510,7247,8165,8529,8743,8949,0,1200,500,500,500,500,22490,22753,21835,21471,21257,21051,45943,1
80000,3,4,4,-1,-1,-1,-1,-1,-1,73056,74736,65581,63939,65278,66578,2953,2333,2288,2369,2385,2458,6944,5264,14419,16061,14722,13422,394382,1
100000,1,4,2,-1,-1,-1,-1,-1,-2,1725,21711,10487,780,0,0,21711,1000,780,0,0,0,98275,78289,89513,99220,100000,100000,11212,0
230000,2,2,1,-1,-1,-1,-1,-1,-1,54228,21092,18481,15609,5802,72049,1500,1139,600,800,70196,3000,175772,208908,211519,214391,224198,157951,110026,0
490000,1,1,4,-1,-1,-1,-1,-1,-1,17884,6836,4657,3398,1476,1602,6836,4657,3398,1476,1602,7531,472116,483164,485343,486602,488524,488398,10353,1
30000,3,4,3,2,-1,-1,-1,-1,2,25039,25989,23078,23697,25257,25595,1700,1384,1003,2100,900,0,4961,4011,6922,6303,4743,4405,141568,1
40000,3,1,3,-1,-1,-1,-1,-1,-1,34203,33885,34605,35970,35711,39360,1880,1600,22703,1280,4632,0,5797,6115,5395,4030,4289,640,181639,0
450000,1,1,2,-2,-2,-2,-2,-2,-2,-9,1844,0,0,0,0,1853,0,0,0,0,0,450009,448156,450000,450000,450000,450000,-18,1
50000,2,4,1,2,-1,-1,-1,-1,-1,48537,30271,26283,26547,27119,27697,2000,2000,1000,1000,1028,1000,1463,19729,23717,23453,22881,22303,178426,1
20000,2,2,1,1,4,3,2,3,2,19276,18691,18048,18553,19465,16523,0,0,1000,1400,0,3000,724,1309,1952,1447,535,3477,105156,0
260000,3,2,2,-1,-1,-1,-1,-1,-1,118028,113611,107853,103031,98487,77783,4379,3670,4000,4000,3000,3000,141972,146389,152147,156969,161513,182217,596744,0
10000,2,2,1,-1,2,-1,-1,2,2,200,100,370,1766,1496,8356,0,370,1496,0,7000,0,9800,9900,9630,8234,8504,1644,3422,0
500000,1,2,2,-2,-2,-2,-2,-1,-1,0,0,0,218,11959,13692,0,0,218,11959,2000,403,500000,500000,500000,499782,488041,486308,11289,0
70000,2,2,1,-1,-1,-1,-1,-1,-1,34645,36021,32128,27265,27133,26234,2000,1804,1100,1005,1504,1007,35355,33979,37872,42735,42867,43766,175006,0
100000,3,2,1,-2,-2,-2,-2,-2,-2,3166,6896,416,416,416,412,6896,416,416,416,412,1223,96834,93104,99584,99584,99584,99588,1943,0
50000,3,2,2,-2,-2,-2,-2,-2,-2,0,614,0,0,0,0,614,0,0,0,0,0,50000,49386,50000,50000,50000,50000,0,0
400000,1,4,2,-2,-2,-2,-2,-2,-2,0,0,0,0,0,0,0,0,0,0,0,0,400000,400000,400000,400000,400000,400000,0,1
270000,2,1,3,-1,-1,-1,-1,-1,-1,3197,61164,61145,62186,62123,58995,61164,4000,5000,6000,5000,5000,266803,208836,208855,207814,207877,211005,222646,0
260000,1,2,2,-1,-1,-1,-1,-1,-1,3953,3953,3953,3953,16466,14246,3953,3953,3953,16466,2000,5217,256047,256047,256047,256047,243534,245754,10982,0
250000,2,4,2,-1,-1,-1,-1,-1,-1,72618,72972,43497,13877,14395,14063,3800,3000,4500,3000,5000,6000,177382,177028,206503,236123,235605,235937,206122,0
360000,1,2,2,-1,-1,-1,-1,-1,-1,28245,8017,19703,7474,2741,9526,8057,19764,37,2752,9573,25462,331755,351983,340297,352526,357259,350474,10061,0
230000,2,2,2,-1,-1,-1,-1,-1,-1,120113,112301,104587,98333,88909,78872,4501,4585,3328,3500,2872,3000,109887,117699,125413,131667,141091,151128,581329,0
110000,2,2,1,-1,-1,-1,-1,-1,-1,84342,89446,38580,39359,42021,43324,6657,2000,1418,3306,2000,2000,25658,20554,71420,70641,67979,66676,319691,0
50000,2,2,2,-1,-1,-1,-1,-1,-1,316,282,316,316,316,316,282,350,316,316,316,316,49684,49718,49684,49684,49684,49684,-34,0
80000,1,1,2,-1,-1,-1,2,-1,-1,39410,41460,46307,45324,41887,38600,3000,6000,0,2033,5000,1500,40590,38540,33693,34676,38113,41400,235455,0
10000,2,2,2,-1,-1,-1,-1,-1,-1,4695,5719,6733,7616,7779,8646,1103,1117,1000,286,1000,200,5305,4281,3267,2384,2221,1354,36482,1
20000,3,1,4,1,2,2,-2,-2,-2,10474,10000,0,0,0,0,0,0,0,0,0,0,9526,10000,20000,20000,20000,20000,20474,1
200000,3,4,2,-1,-1,-1,-1,-1,-1,834,165,6682,16045,4679,280,165,6682,10000,4679,280,0,199166,199835,193318,183955,195321,199720,6879,0
180000,1,2,3,-1,-1,-1,-1,-1,-1,93648,92017,87173,83205,84996,89723,4246,3000,3100,3200,7500,2916,86352,87983,92827,96795,95004,90277,506800,0
120000,3,2,5,-1,-1,-1,-1,-1,-1,106775,108715,100937,102939,105307,106617,3810,3700,3658,4000,4515,3500,13225,11285,19063,17061,14693,13383,608107,0
80000,2,2,3,-1,-1,-1,-1,-1,-1,6612,7118,7930,6674,6810,0,1188,1000,133,136,0,1407,73388,72882,72070,73326,73190,80000,31280,1
220000,1,1,4,-1,-1,-1,-1,-1,-1,3484,6742,4028,3576,2378,5946,6758,4028,3576,2378,5946,1489,216516,213258,215972,216424,217622,214054,1979,0
360000,1,2,2,-1,-1,-1,-1,-1,-1,8140,0,20470,10357,8540,0,0,20470,207,0,0,3185,351860,360000,339530,349643,351460,360000,23645,0
50000,1,4,1,-1,-1,-1,-1,-1,-1,49604,29449,16005,16472,18072,18405,2000,1600,1000,2000,618,2000,396,20551,33995,33528,31928,31595,138789,0
150000,2,2,2,-1,-1,-1,-1,-1,-1,23427,25252,19004,15206,1423,8923,5554,5070,5076,1457,9047,22720,126573,124748,130996,134794,148577,141077,44311,0
70000,2,4,1,-1,-1,-1,-1,-1,-1,67661,68482,69309,36808,37734,38353,3409,2908,1318,1520,1400,1524,2339,1518,691,33192,32266,31647,306268,0
20000,1,4,1,1,2,2,2,2,3,8483,10186,10871,10402,12077,11594,2000,1000,0,2000,0,0,11517,9814,9129,9598,7923,8406,58613,1
150000,1,2,2,1,-2,-2,-2,-2,-2,0,0,0,0,0,0,0,0,0,0,0,0,150000,150000,150000,150000,150000,150000,0,1
40000,2,1,2,1,-2,-2,-2,-2,-2,0,0,0,0,0,0,0,0,0,0,0,0,40000,40000,40000,40000,40000,40000,0,0
170000,1,2,1,-1,-1,2,2,2,2,133149,138769,145050,146641,149603,157601,11936,13314,5801,5800,11000,1000,36851,31231,24950,23359,20397,12399,821962,0
220000,2,2,2,2,-1,-1,2,-1,-1,48166,49164,46730,45680,46651,49507,2100,3900,0,1858,3800,0,171834,170836,173270,174320,173349,170493,274240,0
110000,2,2,3,-1,-1,-1,-1,-2,-2,108936,111169,108740,0,0,0,3991,2375,0,0,0,0,1064,-1169,1260,110000,110000,110000,322479,1
30000,2,2,3,-1,-1,-1,-1,-1,-1,29187,29254,30206,58287,29522,30103,1505,1457,1016,1207,1600,1000,813,746,-206,-28287,478,-103,198774,0
230000,1,4,2,-1,-1,-1,-1,-1,-1,195409,203432,180786,95445,63048,99961,21844,14105,21124,2520,50961,2670,34591,26568,49214,134555,166952,130039,724857,0
270000,2,4,2,-2,-2,-2,-2,-2,-2,11421,6060,4180,1833,511,6635,2000,1000,2,1,6668,1026,258579,263940,265820,268167,269489,263365,19943,0
360000,1,4,3,2,2,3,2,-1,-1,291410,296936,283943,266246,258197,114052,22913,7000,0,8500,5145,106000,68590,63064,76057,93754,101803,245948,1361226,1
180000,2,4,1,-1,-1,-1,2,-1,-1,169225,172888,182533,176099,178391,181986,7800,14010,4,6431,6600,6675,10775,7112,-2533,3901,1609,-1986,1019602,0
360000,2,1,3,1,-2,-1,-1,-2,-2,0,0,8209,-41,-41,-41,0,8209,0,0,0,0,360000,360000,351791,360041,360041,360041,-123,1
280000,1,4,3,-1,-1,-1,-1,-1,-1,269124,266163,215177,184270,130954,92215,11268,8196,6281,4403,3532,3510,10876,13837,64823,95730,149046,187785,1120713,0
170000,1,2,5,-1,-1,-1,-1,-1,-1,54957,56462,58023,59560,61442,63422,3000,2500,2500,3000,3000,2651,115043,113538,111977,110440,108558,106578,337215,0
50000,2,6,2,-1,-1,-1,-1,-1,-1,48111,47583,38897,20190,19633,19035,2100,1690,11700,1200,1200,1000,1889,2417,11103,29810,30367,30965,174559,0
160000,3,2,3,-1,-1,-1,-1,-1,-1,325,325,650,325,475,650,325,650,0,475,650,625,159675,159675,159350,159675,159525,159350,25,0
160000,1,4,3,-2,-2,-2,-2,-2,-2,0,0,0,0,741,0,0,0,0,741,0,0,160000,160000,160000,160000,159259,160000,0,0
160000,3,4,1,-1,-1,-1,-1,-1,-1,153470,151486,153378,93971,96587,96623,10000,4600,4800,5000,3000,1000,6530,8514,6622,66029,63413,63377,717115,0
50000,2,2,1,2,2,-1,-1,-1,-1,94297,49377,41247,9818,9003,9203,5600,1595,505,500,500,659,-44297,623,8753,40182,40997,40797,203586,0
50000,2,4,3,2,-1,-1,-1,-1,-1,50986,48599,17815,16362,14694,13520,1325,1512,532,514,524,384,-986,1401,32185,33638,35306,36480,157185,0
180000,2,4,2,-1,-1,-1,-1,-1,-1,101281,102650,0,975,4645,1000,4650,0,975,4645,1000,0,78719,77350,180000,179025,175355,179000,199281,0
210000,1,4,2,-2,-2,-2,-2,-2,-2,0,0,0,0,0,0,0,0,0,0,0,0,210000,210000,210000,210000,210000,210000,0,0
20000,2,1,3,1,2,2,-2,-2,-2,21447,20650,0,0,0,0,0,0,0,0,0,0,-1447,-650,20000,20000,20000,20000,42097,0
570000,1,2,1,-1,-1,-1,-1,-1,-1,4119,-1031,5100,5150,5150,5138,0,11500,5200,5150,5138,81438,565881,571031,564900,564850,564850,564862,-84800,0
280000,1,2,1,-1,-1,-1,-1,-1,-1,5521,-7,1485,5727,1247,2037,7,1492,5727,1247,2037,26920,274479,280007,278515,274273,278753,277963,-21420,0
50000,2,4,1,1,2,-1,-1,-1,-1,49469,42983,40307,17575,14691,14393,0,2199,1000,5000,2000,5000,531,7017,9693,32425,35309,35607,164219,1
20000,2,4,3,1,2,2,2,-1,-1,16626,16071,19205,19712,19249,38900,0,3473,1000,727,1100,1100,3374,3929,795,288,751,-18900,122363,1
30000,1,2,1,-1,-1,2,-1,-1,-1,9262,11792,11311,11820,13558,20271,3000,0,1000,2100,7000,0,20738,18208,18689,18180,16442,9729,64914,1
240000,1,1,2,-1,-1,-1,-1,-1,-1,222976,227463,220804,217991,221981,214320,8494,7762,7176,7505,7273,7509,17024,12537,19196,22009,18019,25680,1279816,0
30000,1,2,3,2,-1,-1,-1,2,2,25690,26719,27774,28809,30399,29760,1445,1500,1500,2200,0,1200,4310,3281,2226,1191,-399,240,161306,0
90000,2,2,3,-1,-1,-1,-1,-1,-1,28477,28718,28847,28747,29177,29452,2000,2000,2000,2000,2000,2000,61523,61282,61153,61253,60823,60548,161418,0
60000,2,2,1,-1,-1,-1,-1,-1,-1,56598,47311,25227,26039,27493,26416,3000,2000,1500,2000,1500,1500,3402,12689,34773,33961,32507,33584,197584,0
500000,1,2,2,-1,-1,-1,-1,-1,-1,203729,147289,63994,40501,11248,4189,10043,8078,10000,10000,4200,0,296271,352711,436006,459499,488752,495811,428629,0
70000,2,1,2,-1,-1,-1,-1,-1,-1,66977,68904,68863,33809,34764,36989,3013,2627,1210,1500,3000,2000,3023,1096,1137,36191,35236,33011,296956,1
140000,2,2,1,2,2,2,-1,-1,2,30121,33315,32485,33142,35443,34724,4000,0,1500,3000,0,1500,109879,106685,107515,106858,104557,105276,189230,0
30000,2,2,2,3,2,2,2,-1,-1,31895,31091,31002,29879,29382,23110,0,2300,0,996,1000,0,-1895,-1091,-1002,121,618,6890,172063,0
140000,2,1,4,-1,-1,-1,-1,-1,-1,78314,81049,82810,83544,85692,87425,4000,4000,3000,3500,3158,8000,61686,58951,57190,56456,54308,52575,473176,0
290000,1,2,3,-2,-2,-2,-2,-2,-2,0,0,0,0,0,0,0,0,0,0,0,0,290000,290000,290000,290000,290000,290000,0,0
360000,1,2,2,-2,-2,-2,-2,-2,-2,0,0,0,0,0,0,0,0,0,0,0,0,360000,360000,360000,360000,360000,360000,0,0
30000,1,2,2,-1,-1,-1,-1,2,2,29160,29302,29698,31157,31714,30496,1494,1466,2501,1759,0,15912,840,698,302,-1157,-1714,-496,158395,0
170000,2,2,2,-1,-1,-1,-1,-1,-1,1870,0,400,1000,0,1243,0,400,1000,0,1243,6912,168130,170000,169600,169000,170000,168757,-5042,0
290000,1,1,3,-1,-1,-2,-1,-1,-2,2052,4146,700,5055,694,3207,4146,700,5077,694,3207,0,287948,285854,289300,284945,289306,286793,2030,0
270000,2,4,4,1,1,-2,-2,-2,-1,716,-1524,-3764,-4,-19205,42418,2,2,6002,2,64446,5002,269284,271524,273764,270004,289205,227582,-56819,0
200000,1,1,3,-1,-1,-1,-1,-1,-1,1377,528,216,1311,2842,0,792,216,1311,2842,0,623,198623,199472,199784,198689,197158,200000,490,1
140000,1,2,3,-1,-1,-1,-1,-1,-1,316,316,316,316,632,150,316,316,316,632,150,316,139684,139684,139684,139684,139368,139850,0,0
230000,3,4,2,-2,-2,-2,-2,-2,-2,1876,1876,1876,2848,1876,4634,1876,1876,2848,1876,4634,1876,228124,228124,228124,227152,228124,225366,0,0
80000,1,2,1,-1,-1,-1,-1,-1,-1,76867,51936,28221,28809,19551,19925,1600,1300,859,3000,800,50000,3133,28064,51779,51191,60449,60075,167750,0
350000,2,2,2,-1,-1,-1,-1,-1,-1,230738,232382,234254,211309,210897,191037,9503,9015,7511,8011,7361,7011,119262,117618,115746,138691,139103,158963,1262205,0
50000,3,2,3,-1,-1,-1,-1,-1,-1,51123,50646,41150,30405,30671,30664,2089,2190,1100,1271,1264,2778,-1123,-646,8850,19595,19329,19336,223967,0
50000,3,2,2,-1,-1,-1,-1,-1,-1,50114,50893,49660,29742,29311,29739,1991,1875,1044,1060,1211,1179,-114,-893,340,20258,20689,20261,231099,0
390000,2,2,3,1,-2,-2,-2,-2,-2,0,0,0,0,0,0,0,0,0,0,0,3971,390000,390000,390000,390000,390000,390000,-3971,1
80000,1,4,1,1,-2,-1,-1,-2,-2,0,0,300,0,0,0,0,300,0,0,0,500,80000,80000,79700,80000,80000,80000,-500,0
150000,2,4,1,-2,-1,-1,-1,-1,-1,27414,10053,151996,152753,153844,151252,10096,156292,4700,5019,5300,5002,122586,139947,-1996,-2753,-3844,-1252,460903,0
10000,2,2,1,-1,-1,-1,-1,-1,2,8109,9219,10200,9694,9684,9872,1400,1300,500,1000,500,0,1891,781,-200,306,316,128,52078,0
100000,2,2,2,1,2,-1,-1,-1,-1,97669,92311,90519,80051,76446,76815,0,3631,3000,3000,2800,2697,2331,7689,9481,19949,23554,23185,498683,0
310000,1,2,3,-1,-1,-1,-1,-1,-1,48815,39593,104341,76635,46219,55045,2063,76651,7129,3000,10000,10000,261185,270407,205659,233365,263781,254955,261805,0
80000,1,2,2,-1,-1,-1,-1,-1,-1,46516,30122,24099,7764,4804,10221,15029,5048,229,303,6018,500,33484,49878,55901,72236,75196,69779,96399,0
40000,1,1,3,-1,2,2,-1,-1,-1,780,390,0,1170,780,0,0,0,1170,0,0,0,39220,39610,40000,38830,39220,40000,1950,1
180000,2,2,3,-2,-2,-2,-2,-2,-2,1091,2062,0,0,6017,0,2062,0,0,6017,0,0,178909,177938,180000,180000,173983,180000,1091,0
100000,1,1,5,1,3,2,-1,-1,-1,8311,8031,5790,3860,2599,2712,0,0,0,0,2712,0,91689,91969,94210,96140,97401,97288,28591,0
140000,1,2,2,-2,-2,-2,-2,-2,-2,1094,421,-6,2319,4051,418,422,0,2325,4063,419,969,138906,139579,140006,137681,135949,139582,99,0
230000,2,2,1,-1,-1,-1,-1,-1,-1,396,396,396,396,396,546,396,396,396,396,546,396,229604,229604,229604,229604,229604,229454,0,0
20000,2,2,1,1,2,-1,-1,2,2,10248,10783,12291,14666,14289,17525,1000,2000,2900,0,3500,0,9752,9217,7709,5334,5711,2475,70402,1
90000,3,2,4,-1,-1,-1,-1,-1,-1,23379,23715,24310,24561,22829,22486,1402,1387,1028,816,804,987,66621,66285,65690,65439,67171,67514,134856,0
50000,1,2,1,-1,-1,-1,-1,-1,-1,16303,47714,48916,19894,20572,21230,32000,2000,1000,1000,1000,2000,33697,2286,1084,30106,29428,28770,135629,0
50000,2,2,2,-1,-1,-1,-1,-1,-1,22187,23755,21772,22541,22871,23989,5000,2049,5000,1500,1500,3000,27813,26245,28228,27459,27129,26011,119066,0
50000,2,1,4,-1,-1,-1,-1,-1,-1,46926,49161,49366,29441,30061,28728,3000,1500,1024,1064,1029,1023,3074,839,634,20559,19939,21272,225043,0
200000,1,2,1,-1,-1,-1,-1,-1,-1,13383,1183,14714,11938,303,3262,1183,14714,0,303,3262,3635,186617,198817,185286,188062,199697,196738,21686,0
20000,1,2,1,1,2,3,2,-1,-1,18679,20380,19753,19160,19661,19816,2300,0,0,788,558,198,1321,-380,247,840,339,184,113605,1
400000,1,2,3,-1,-1,-1,-1,-1,-1,10965,9280,13582,7272,414,10799,9283,7276,7,417,10802,21202,389035,390720,386418,392728,399586,389201,3325,0
20000,2,2,2,-1,-1,-1,-1,-1,-1,17760,19646,17922,18895,19325,19859,6500,2000,2000,1500,1000,1000,2240,354,2078,1105,675,141,99407,0
40000,2,2,2,1,-2,-2,-2,-2,-2,0,0,0,0,0,0,0,0,0,10000,0,0,40000,40000,40000,40000,40000,40000,-10000,0
240000,1,2,1,-1,-1,-1,-1,-1,-1,134245,137044,138197,140983,138214,141187,4967,4916,4982,5017,5272,5200,105755,102956,101803,99017,101786,98813,799516,0
240000,1,2,2,-1,-1,-1,-1,-1,-1,5024,17181,28395,24582,10715,9346,17267,28473,12069,21,2978,25895,234976,222819,211605,215418,229285,230654,8540,0
80000,2,4,2,-1,-1,-1,-1,-1,-1,70590,62162,51770,49506,45722,46660,2200,2000,2015,1700,1700,2000,9410,17838,28230,30494,34278,33340,314795,0
180000,1,1,2,-1,-1,-1,-1,-1,-1,121744,121125,122498,123916,125661,127458,4406,4397,4405,4711,5040,4571,58256,58875,57502,56084,54339,52542,714872,0
20000,1,4,1,-1,-1,-1,-1,2,-1,3978,5249,6362,7256,6995,7228,1500,1362,1000,0,350,300,16022,14751,13638,12744,13005,12772,32556,1
20000,3,1,3,-1,-1,-1,-1,-1,-1,18467,19106,19690,19684,19697,19849,1328,1302,686,701,855,988,1533,894,310,316,303,151,110633,0
20000,2,1,3,-1,-1,-1,-1,-1,-1,9598,0,2889,0,1448,0,0,2889,0,1448,0,0,10402,20000,17111,20000,18552,20000,9598,0
360000,2,4,1,-1,-1,-1,-1,-1,-1,947,4075,6385,991,4632,2014,4098,6401,997,4641,2014,5,359053,355925,353615,359009,355368,357986,888,0
130000,2,2,2,-1,-1,-1,-1,-1,-1,6279,10862,5878,15306,8015,5965,11054,5172,14593,727,5222,4200,123721,119138,124122,114694,121985,124035,11337,0
30000,1,1,3,2,2,8,8,8,8,2400,2400,2400,2400,2400,2400,0,0,0,0,0,0,27600,27600,27600,27600,27600,27600,14400,1
110000,2,2,2,1,2,-1,-1,-1,-1,7801,5289,9893,9986,9981,11714,0,5000,500,400,2000,0,102199,104711,100107,100014,100019,98286,46764,0
30000,3,2,3,6,5,4,3,2,-1,33134,32351,31397,30321,30000,28961,0,0,0,0,5000,0,-3134,-2351,-1397,-321,0,1039,181164,0
80000,1,4,1,-1,-1,-1,-1,-1,-1,29322,28563,25443,28790,29929,23796,3000,3000,4000,1500,1000,2000,50678,51437,54557,51210,50071,56204,151343,1
350000,3,2,2,-1,-1,-1,-1,-1,-1,144718,214075,102601,99735,107130,0,100012,62635,99735,107130,0,0,205282,135925,247399,250265,242870,350000,298747,0
50000,2,4,1,1,-2,-2,-2,-2,-2,0,0,0,0,0,0,0,0,0,0,0,0,50000,50000,50000,50000,50000,50000,0,0
110000,1,4,1,-1,-1,-1,-1,-1,-1,83914,85064,78997,71276,68385,62475,4022,3300,2000,3000,2500,2310,26086,24936,31003,38724,41615,47525,432979,0
180000,2,4,2,-1,-1,-2,-2,-2,-2,134,357,288,837,467,15868,357,288,837,467,15868,351,179866,179643,179712,179163,179533,164132,-217,0
440000,4,2,2,-1,-1,-1,-1,-1,-1,324469,324109,287932,287892,276902,221866,11129,10300,11098,11200,12000,131400,115531,115891,152068,152108,163098,218134,1536043,0
100000,1,4,3,-1,-1,-1,-1,-1,-1,91141,93027,94925,96837,98894,100500,2635,2688,2718,2854,2500,0,8859,6973,5075,3163,1106,-500,561929,0
200000,1,2,2,-2,-2,-2,-2,-2,-2,5448,7616,14771,1973,9500,40647,7616,14771,1973,9500,40647,589,194552,192384,185229,198027,190500,159353,4859,0
140000,2,2,2,-1,-1,-1,-1,-1,-1,131764,134654,138303,119845,122457,125487,6500,7500,5000,4700,5228,4500,8236,5346,1697,20155,17543,14513,739082,0
230000,1,4,2,1,-1,-1,-1,-1,-1,-22,227,3480,3555,1850,1580,249,3480,3555,0,1580,520,230022,229773,226520,226445,228150,228420,1286,1
10000,2,4,3,-2,-2,-2,-1,-1,-1,390,390,780,17585,18301,18663,390,780,17585,1000,667,692,9610,9610,9220,-7585,-8301,-8663,34995,1
280000,2,4,2,-1,-1,-1,-1,-1,-1,184050,171714,154940,136894,138467,128473,7088,6107,5000,5057,5005,50012,95950,108286,125060,143106,141533,151527,836269,0
310000,2,1,3,-2,-2,-2,-2,-2,-2,2647,4206,1858,3057,2538,3069,4206,1858,3057,2538,3069,6591,307353,305794,308142,306943,307462,306931,-3944,1
260000,4,2,2,-1,-1,-1,-1,-1,-1,3140,2740,107139,105188,104418,106990,2740,107139,4000,4000,4696,5000,256860,257260,152861,154812,155582,153010,302040,0
270000,1,2,1,-1,-1,-1,-2,-1,-1,38840,197,-61,-61,20207,538,197,0,0,20268,538,29995,231160,269803,270061,270061,249793,269462,8662,0
50000,1,2,1,-1,-1,-1,-1,-1,-1,48954,35213,33404,18727,13793,19354,2000,4005,1000,1000,6000,1000,1046,14787,16596,31273,36207,30646,154440,0
450000,1,1,3,-1,-1,-1,-1,-1,-1,1135,1135,1135,1135,1135,1135,1135,1135,1135,1135,1135,1135,448865,448865,448865,448865,448865,448865,0,0
190000,3,1,4,1,-2,-2,-1,-1,-1,-596,-1072,-1548,40733,10876,2907,0,0,43500,2000,2907,3000,190596,191072,191548,149267,179124,187093,-107,0
290000,1,4,1,-1,-1,-1,-1,-1,-1,42601,34927,32034,29620,29822,28502,5000,6010,5000,1200,2000,901,247399,255073,257966,260380,260178,261498,177395,0
480000,1,2,5,-1,-1,-1,-1,-1,-1,13406,7233,96977,67030,24334,28699,13736,96989,4,241,15819,28966,466594,472767,383023,412970,455666,451301,81924,0
360000,4,1,2,-1,-1,-1,-1,-1,-1,30447,9428,11704,19036,41147,53733,10052,11767,20036,22207,54981,2227,329553,350572,348296,340964,318853,306267,44225,0
380000,1,2,2,-1,-1,-1,-1,-1,-1,326,24899,2816,11773,23397,10551,24899,2816,11773,23397,10551,43302,379674,355101,377184,368227,356603,369449,-42976,0
20000,3,2,1,-1,-1,-1,-1,-1,-1,9249,10439,11448,11561,12221,12865,1500,1487,600,1000,1000,1000,10751,9561,8552,8439,7779,7135,61196,1
50000,3,1,4,-1,-1,-1,-1,-1,-1,39429,39548,39490,38801,36087,25189,1781,1770,1148,1174,949,590,10571,10452,10510,11199,13913,24811,211132,0
450000,1,1,2,-1,-1,-1,-1,-1,-1,451113,460261,455701,451559,429235,391559,18500,20000,17000,16300,14108,16000,-1113,-10261,-5701,-1559,20765,58441,2537520,0
50000,2,4,1,2,2,2,-1,-1,-1,48283,48767,35917,26946,22458,23569,1700,0,1036,817,1486,3500,1717,1233,14083,23054,27542,26431,197401,1
380000,1,1,2,-1,-1,-1,-1,-1,-1,106065,97979,100599,81087,82793,85301,3385,4074,2592,2696,3569,5240,273935,282021,279401,298913,297207,294699,532268,0
150000,3,4,2,-2,-2,-2,-2,-2,-1,1464,1576,264,330,1350,386,1586,264,330,1350,386,1259,148536,148424,149736,149670,148650,149614,195,0
50000,2,4,1,-1,-1,-1,-1,-1,-1,21249,20771,17626,10078,9654,9648,1649,1300,500,500,300,500,28751,29229,32374,39922,40346,40352,84277,0
150000,1,4,2,1,-2,-2,-2,-2,-2,-286,-286,-286,-286,-286,-286,0,0,0,0,0,750,150286,150286,150286,150286,150286,150286,-2466,0
50000,3,2,3,-1,-1,-1,-1,-1,-1,39177,39607,17070,13038,8904,4740,2000,1500,3500,600,500,4000,10823,10393,32930,36962,41096,45260,110436,0
50000,2,2,1,-1,-1,-1,-1,-1,-1,34695,38561,36086,32945,29348,23570,6013,3011,1019,1019,2015,17,15305,11439,13914,17055,20652,26430,182111,0
230000,1,4,1,-1,-1,-2,-2,-2,-2,3741,0,0,0,0,0,0,0,0,0,0,1010,226259,230000,230000,230000,230000,230000,2731,1
310000,1,4,2,-1,-1,-1,-1,-2,-2,13560,-65,6500,0,0,0,0,6565,0,0,0,0,296440,310065,303500,310000,310000,310000,13430,0
310000,2,2,2,-1,-1,-1,-1,-1,-1,3595,4073,11263,2710,2371,2318,4073,11321,2710,2371,2318,4352,306405,305927,298737,307290,307629,307682,-815,0
50000,2,2,4,-1,-1,-1,-1,-1,-1,50658,48999,49388,48853,47765,48145,2357,1746,1628,1520,2202,934,-658,1001,612,1147,2235,1855,283421,0
240000,2,2,2,1,-2,-2,-2,-2,-2,0,0,0,0,0,0,0,0,0,0,0,0,240000,240000,240000,240000,240000,240000,0,0
400000,1,4,1,-1,-1,-1,-1,-1,-1,1140,937,1663,5019,9539,1697,940,1667,5039,9579,1703,12856,398860,399063,398337,394981,390461,398303,-11789,0
90000,2,4,3,-1,-1,-1,-2,-2,-2,17247,11691,0,0,0,0,1000,0,0,0,0,0,72753,78309,90000,90000,90000,90000,27938,0
50000,3,1,3,2,2,2,-1,-1,-1,10413,12923,12030,12650,13405,13793,3000,0,1500,1500,1000,1500,39587,37077,37970,37350,36595,36207,66714,0
250000,1,4,2,-1,-1,-1,-1,-1,-1,156155,153647,153535,153122,149564,152470,5560,6809,5443,5376,5665,6000,93845,96353,96465,96878,100436,97530,883640,0
200000,1,1,3,-1,-1,-1,-1,2,-1,66689,65515,49492,51802,38896,36436,2362,1706,4185,15,1537,1064,133311,134485,150508,148198,161104,163564,297961,0
10000,3,1,2,-1,-1,-1,-1,-1,-2,14498,7512,7308,5275,0,0,2248,1120,375,0,0,0,-4498,2488,2692,4725,10000,10000,30850,0
310000,2,1,2,-1,-1,-1,-1,-1,-1,32782,33587,39572,44598,50570,64916,11406,10773,10819,15766,20645,5000,277218,276413,270428,265402,259430,245084,191616,0
340000,3,4,3,1,-1,-1,-1,-1,-1,0,1321,35028,35028,8500,1612,1321,35028,0,0,1612,0,340000,338679,304972,304972,331500,338388,43528,1
220000,2,1,2,-1,-1,-1,-1,-1,-1,144544,137465,134420,132066,131319,130478,6500,4700,5000,5000,5000,10000,75456,82535,85580,87934,88681,89522,774092,0
500000,1,2,2,-1,-1,-1,-1,-1,-1,151630,150824,117130,146443,122439,83535,12074,10000,40561,12550,20803,65678,348370,349176,382870,353557,377561,416465,610335,0
80000,2,2,3,-1,-1,-1,-1,-1,-1,52564,53681,56893,59021,117568,72869,1963,4120,3069,2215,30000,3000,27436,26319,23107,20979,-37568,7131,368229,0
200000,1,2,2,-1,-1,-1,-1,-1,-1,103457,111541,113809,35797,36087,38505,10000,5000,1412,1300,3000,0,96543,88459,86191,164203,163913,161495,418484,0
270000,2,2,2,-2,-2,-2,-2,-2,-2,72364,65094,30704,12383,143874,15081,65140,30773,12383,144570,20081,112791,197636,204906,239296,257617,126126,254919,-46238,0
100000,2,4,1,2,-1,-1,-1,-1,-1,42440,43303,35304,33365,29260,30073,1599,2000,1500,1500,1300,4000,57560,56697,64696,66635,70740,69927,201846,1
100000,2,2,1,1,3,3,2,2,2,99679,101249,98768,96287,102069,81931,4000,0,0,7629,0,18895,321,-1249,1232,3713,-2069,18069,549459,1
50000,1,2,1,-2,-2,-2,-2,-2,-2,0,0,0,0,0,0,0,0,0,0,0,0,50000,50000,50000,50000,50000,50000,0,0
260000,3,4,2,1,-1,-1,-1,-1,-1,0,926,650,3562,3044,3044,926,650,3562,0,0,0,260000,259074,259350,256438,256956,256956,6088,0
100000,2,4,1,-1,-1,-1,-1,-1,-1,396,0,1967,5476,396,811,0,1967,7142,396,811,817,99604,100000,98033,94524,99604,99189,-2087,0
240000,3,4,2,-1,-1,-2,-2,-2,-2,298,0,0,0,0,0,0,0,0,0,0,0,239702,240000,240000,240000,240000,240000,298,0
50000,3,2,1,-1,-1,2,-1,-1,-1,14484,18528,18923,19310,19848,20367,4300,1000,1000,1000,1000,1000,35516,31472,31077,30690,30152,29633,102160,1
50000,2,2,4,-1,-1,-1,-1,-2,-1,72374,81665,67450,0,0,16271,15000,2650,0,0,16271,2000,-22374,-31665,-17450,50000,50000,33729,201839,0
200000,1,4,3,-1,-1,-1,-1,-1,-1,34606,34800,33275,33435,32778,3277,2100,2000,3435,3000,3277,29928,165394,165200,166725,166565,167222,196723,128431,0
150000,2,1,2,2,-1,-1,-1,-1,-1,86333,88931,92441,102903,105240,109479,4000,5000,12000,4000,6000,50000,63667,61069,57559,47097,44760,40521,504327,1
150000,2,1,3,-1,-1,-1,-1,-1,-1,19350,20703,10403,10927,11598,13235,2000,3000,1000,1000,2000,2000,130650,129297,139597,139073,138402,136765,75216,0
50000,2,1,3,-1,-1,-1,-1,-1,-1,50066,47636,9762,8620,9303,8693,1450,1500,400,1000,1000,2000,-66,2364,40238,41380,40697,41307,126730,0
100000,1,2,1,-1,-1,-1,-1,-1,-1,70204,63931,65119,61153,64976,66309,4000,2276,2377,5000,2411,2384,29796,36069,34881,38847,35024,33691,373244,0
30000,1,2,1,1,-1,-1,-1,-1,2,0,327,1871,337,1846,333,327,1871,337,1996,0,3135,30000,29673,28129,29663,28154,29667,-2952,0
350000,1,4,2,-1,-1,-1,-1,-1,-1,96659,86985,77472,68901,58259,47743,3500,5300,2500,2000,2000,2000,253341,263015,272528,281099,291741,302257,418719,0
50000,2,2,4,-1,-1,-2,-2,-2,-2,25925,0,0,0,0,0,0,0,0,0,0,0,24075,50000,50000,50000,50000,50000,25925,0
50000,2,2,2,2,2,2,2,-1,-1,20377,19427,19590,19209,19456,35976,1650,800,200,674,636,660,29623,30573,30410,30791,30544,14024,129415,0
250000,1,4,3,-1,-1,-1,-1,-1,-1,2177,2000,12327,10538,8712,3002,2000,12327,211,174,2228,5642,247823,248000,237673,239462,241288,246998,16174,0
300000,3,4,1,-1,-1,-1,-1,-1,-1,7571,6156,5475,13581,13930,14000,1181,1475,13581,349,14070,268,292429,293844,294525,286419,286070,286000,29789,1
80000,2,4,1,-1,-1,-1,-1,-1,-1,1812,390,388,1187,263,1913,390,388,1191,263,2259,1815,78188,79610,79612,78813,79737,78087,-353,0
30000,2,1,3,1,2,2,-1,-1,2,14286,15304,14766,14763,16662,16247,1542,0,539,2148,0,724,15714,14696,15234,15237,13338,13753,87075,1
370000,3,4,1,-1,-1,-1,-2,-2,-2,28397,19340,-400,-1900,-1900,-1900,19438,7,0,0,0,0,341603,350660,370400,371900,371900,371900,22192,0
50000,2,1,3,-1,-1,-1,-1,-1,-1,8214,8034,9044,9225,9417,9617,1140,1150,331,341,356,330,41786,41966,40956,40775,40583,40383,49903,0
30000,1,2,1,-1,-1,-1,-1,-1,2,22479,22650,22513,22391,23654,22738,2004,2004,2001,2001,1,1701,7521,7350,7487,7609,6346,7262,126713,0
200000,2,4,1,-1,-1,-1,-1,-1,-1,26179,26643,23524,23788,26089,25908,4022,3000,3000,4092,1000,3000,173821,173357,176476,176212,173911,174092,134017,0
230000,3,2,3,1,-1,-1,-1,-1,-1,-5,4582,2883,20099,13870,4234,4587,2883,20099,13870,4234,0,230005,225418,227117,209901,216130,225766,-10,0
290000,2,4,1,-1,-1,-1,-1,-1,-1,68652,70695,71523,73099,74469,76200,3149,2598,2767,2702,2968,2703,221348,219305,218477,216901,215531,213800,417751,0
100000,2,2,2,-2,-2,-2,-2,-2,-2,0,0,0,7700,0,0,0,0,7700,0,0,0,100000,100000,100000,92300,100000,100000,0,0
80000,1,2,1,1,2,2,-1,-1,-1,40029,41095,40137,40793,42990,42854,2000,0,1603,3000,2000,1056,39971,38905,39863,39207,37010,37146,238239,0
90000,2,4,2,-1,-1,-1,-1,-1,-1,45709,45045,42151,37842,30849,28061,2000,2000,1200,1018,1200,710,44291,44955,47849,52158,59151,61939,221529,1
90000,1,1,2,-1,-1,-1,-1,-1,-1,40028,38704,37135,35141,33502,34173,2000,1800,1150,1200,1150,1100,49972,51296,52865,54859,56498,55827,210283,0
80000,2,2,1,-1,-1,-1,-1,-1,-1,15387,20847,23059,0,526,678,6000,3070,0,526,680,0,64613,59153,56941,80000,79474,79322,50221,0
260000,1,4,2,-1,-1,2,-1,-1,-1,1550,978,588,390,390,540,978,0,390,390,540,390,258450,259022,259412,259610,259610,259460,1748,0
210000,1,2,2,-1,-1,-1,-1,-1,-1,44947,45610,47836,50344,51074,52229,2000,3000,3942,2000,2000,2050,165053,164390,162164,159656,158926,157771,277048,0
80000,2,2,1,2,2,2,2,2,2,27458,28522,27770,29396,29974,30529,1800,0,2400,1200,1200,1200,52542,51478,52230,50604,50026,49471,165849,1
170000,2,4,1,-1,-1,-1,-1,-1,-1,4360,7927,49946,49464,46476,19417,7000,49008,1000,949,1143,17336,165640,162073,120054,120536,123524,150583,101154,0
240000,1,4,2,-1,-1,-1,-1,-1,-1,167856,172145,178840,186168,166745,165582,7000,10000,10000,10000,5000,10000,72144,67855,61160,53832,73255,74418,985336,0
150000,1,4,2,1,-1,-1,-1,-1,-1,-300,7628,0,1089,1089,843,7928,0,1089,0,0,0,150300,142372,150000,148911,148911,149157,1332,0
220000,1,4,1,-1,-1,-1,-2,-2,-2,25000,25000,0,0,0,0,25000,0,0,0,0,0,195000,195000,220000,220000,220000,220000,25000,0
80000,1,2,1,-1,-1,-1,-1,-1,-1,42653,46609,47306,51179,52073,52833,5000,1801,5000,2035,2100,6200,37347,33391,32694,28821,27927,27167,270517,0
160000,1,1,3,-2,-2,-1,-1,-2,-1,155458,157690,150209,151343,154456,157632,7200,6100,5300,5400,165759,4872,4542,2310,9791,8657,5544,2368,732157,0
140000,2,2,2,-1,-1,-1,-1,-1,-1,136650,137562,141347,134503,137015,136581,5420,6500,5000,5200,5100,5000,3350,2438,-1347,5497,2985,3419,791438,0
130000,2,4,1,-2,-2,-2,-2,-2,-2,0,0,0,0,0,0,0,0,0,0,0,0,130000,130000,130000,130000,130000,130000,0,0
280000,1,4,2,-1,-1,-1,-1,-1,-1,95278,98281,101651,103776,105617,107788,4525,5000,3800,3500,3500,3500,184722,181719,178349,176224,174383,172212,588566,0
200000,1,2,1,-1,2,-1,-1,-2,-2,4420,460,99165,0,0,0,0,99165,0,0,0,3090,195580,199540,100835,200000,200000,200000,1790,0
50000,2,3,2,-1,-1,-1,-1,-1,-1,26432,27708,28928,29475,29579,30445,1700,2000,1300,1200,1500,2000,23568,22292,21072,20525,20421,19555,162867,1
150000,2,4,3,-1,-1,-1,-1,-1,-1,39471,41515,43879,44446,45394,46702,2636,3000,1528,1600,2000,2000,110529,108485,106121,105554,104606,103298,248643,0
210000,1,2,2,-1,-1,-2,-2,-2,-2,15991,0,0,0,0,0,0,0,0,0,0,0,194009,210000,210000,210000,210000,210000,15991,0
190000,1,1,2,1,-2,-2,-2,-2,-2,-2,-2,-472,-472,-472,-472,0,0,0,0,0,0,190002,190002,190472,190472,190472,190472,-1892,1
140000,1,4,1,-1,-1,-1,-1,2,2,123662,124785,128906,137279,140419,142254,4600,6200,12000,5500,5300,0,16338,15215,11094,2721,-419,-2254,763705,0
160000,3,2,3,-1,-1,-1,-1,-1,-1,2392,316,416,416,416,2606,316,416,416,416,2606,316,157608,159684,159584,159584,159584,157394,2076,0
180000,1,2,2,-1,-1,-1,-1,-1,-1,177893,134212,128505,130078,128771,106396,6200,6000,5000,5001,4100,3600,2107,45788,51495,49922,51229,73604,775954,1
20000,1,4,1,-1,-1,-1,-1,-1,-1,9930,8176,6860,7000,10199,1500,1336,1000,140,3199,1500,780,10070,11824,13140,13000,9801,18500,35710,0
50000,2,2,2,-1,-1,-1,-1,-1,-1,23325,21940,20718,24048,5017,3570,1400,1200,5000,5017,71,2710,26675,28060,29282,25952,44983,46430,83220,0
150000,1,2,2,1,-2,-2,-1,-1,-2,0,0,0,600,-150,-150,0,0,600,0,0,0,150000,150000,150000,149400,150150,150150,-300,0
210000,3,2,2,-1,-1,-1,-1,-1,-1,127491,118800,105606,94344,82676,73154,6018,4900,4340,2880,2650,2000,82509,91200,104394,115656,127324,136846,579283,0
500000,2,4,3,-1,-1,-2,-1,-1,-1,374776,26890,12866,162415,122430,188547,27024,12930,162434,123042,188715,200284,125224,473110,487134,337585,377570,311453,173495,0
70000,2,4,1,-1,-1,-1,-1,-1,-1,24817,27424,28406,29013,29625,30404,3018,1500,1000,1001,1191,1000,45183,42576,41594,40987,40375,39596,160979,0
100000,1,2,1,-1,2,-1,-1,-1,-1,17553,10628,5836,6746,7889,0,0,1000,2000,3323,0,0,82447,89372,94164,93254,92111,100000,42329,1
20000,2,4,1,-1,-1,-1,-1,-1,-1,15703,17140,18127,18605,16351,16928,2000,1600,1030,1000,1000,1000,4297,2860,1873,1395,3649,3072,95224,0
20000,2,2,1,-1,-1,2,-1,-1,-1,13987,15958,16168,16268,16600,0,2200,900,500,332,2000,0,6013,4042,3832,3732,3400,20000,73049,0
50000,2,2,1,2,-1,-1,-1,-1,-1,47987,49084,46759,8195,8367,8534,2690,2359,293,304,306,316,2013,916,3241,41805,41633,41466,162658,1
340000,3,4,1,1,2,-1,-1,-1,-1,29221,14802,153697,153381,143426,139945,12,145000,5055,5017,5059,7382,310779,325198,186303,186619,196574,200055,466947,0
130000,1,2,1,-1,-1,-1,-1,2,-1,9700,0,72,10458,10149,11805,0,72,10458,0,2000,1230,120300,130000,129928,119542,119851,118195,28424,0
320000,2,2,4,-1,-1,-1,-1,-1,-1,8513,151835,153327,155528,158745,161937,150000,8510,5000,4500,4544,5000,311487,168165,166673,164472,161255,158063,612331,0
220000,1,2,3,7,6,5,4,3,2,243234,238172,232446,227800,225044,222356,0,0,0,0,0,6000,-23234,-18172,-12446,-7800,-5044,-2356,1383052,1
50000,3,1,1,-1,-1,-1,-1,-1,-1,48497,49564,19207,18963,19741,19901,2089,1580,1000,1000,1500,1500,1503,436,30793,31037,30259,30099,167204,1
150000,1,4,1,-1,-1,-1,-1,-1,2,39445,40799,40832,33843,37015,30074,2000,1417,1256,4429,1000,0,110555,109201,109168,116157,112985,119926,211906,0
500000,1,2,1,-1,-1,-1,-1,-1,-1,20641,25986,23721,20799,34132,56917,26111,24112,20886,28032,57196,49720,479359,474014,476279,479201,465868,443083,-23861,0
220000,1,4,1,-1,-1,-1,-1,-1,-1,13488,16105,17563,13184,14111,15549,16130,17563,13184,14111,20239,179580,206512,203895,202437,206816,205889,204451,-170807,0
70000,1,4,1,-1,-1,-1,-1,-1,-1,28059,17712,18642,20011,19147,19056,2000,3000,3000,2000,2000,3668,41941,52288,51358,49989,50853,50944,106959,0
70000,2,4,1,-1,-1,-1,-1,-1,-1,27431,27163,18987,20170,15900,0,5006,1400,2013,370,0,0,42569,42837,51013,49830,54100,70000,100862,0
360000,1,4,1,-2,-2,-2,-1,-1,-1,0,0,0,23707,25233,23504,0,0,23707,2000,3391,4217,360000,360000,360000,336293,334767,336496,39129,0
100000,1,2,2,2,-1,-1,-1,-1,-1,53718,55851,56424,57584,58957,60317,3000,2100,2100,2300,2500,2500,46282,44149,43576,42416,41043,39683,328351,0
360000,3,2,2,1,-2,-2,-2,-2,-2,0,0,0,0,0,0,0,0,0,0,0,0,360000,360000,360000,360000,360000,360000,0,1
210000,2,4,1,-1,-1,-1,-1,-1,-1,14073,13034,2569,36116,36287,5695,2059,2576,36120,1093,2968,1430,195927,196966,207431,173884,173713,204305,61528,0
50000,2,2,2,-1,-1,-1,-1,2,-1,37643,29647,24965,7592,1582,1099,1538,1575,1582,593,242,17012,12357,20353,25035,42408,48418,48901,79986,0
50000,1,4,1,-1,-1,-1,-1,-1,-1,34476,25857,26621,27178,28038,28871,2000,1500,1000,1300,1300,1011,15524,24143,23379,22822,21962,21129,162930,0
400000,1,4,2,-1,-1,-1,-1,-1,-1,139862,125280,109278,94511,64995,28654,9209,3807,2403,1933,1014,104078,260138,274720,290722,305489,335005,371346,440136,0
290000,1,2,2,-1,-1,-1,-2,-2,-2,49885,51400,0,0,0,0,2400,0,0,0,0,0,240115,238600,290000,290000,290000,290000,98885,0
320000,2,2,2,-1,-1,-1,-1,-1,-1,38332,63396,66871,69339,31525,30861,30000,4700,3000,5000,5000,7000,281668,256604,253129,250661,288475,289139,245624,0
20000,2,2,1,2,-1,-1,-1,-1,-1,17597,18629,19318,19434,19571,19792,1619,1308,688,706,806,595,2403,1371,682,566,429,208,108619,1
500000,1,1,4,-1,-1,-1,-1,-1,-1,225233,235045,244517,243132,243869,251540,15000,15006,10000,10000,12000,15000,274767,264955,255483,256868,256131,248460,1366330,0
290000,1,1,3,-1,-1,-1,-1,-1,2,63421,40201,13802,0,2242,1850,1619,4000,0,2242,0,4450,226579,249799,276198,290000,287758,288150,109205,0
50000,1,1,2,-1,-1,-1,-1,-1,-2,47036,47876,28754,29137,-711,29578,1704,1200,583,711,30289,989,2964,2124,21246,20863,50711,20422,146194,0
50000,1,1,5,-1,-1,-1,-1,-1,-1,50546,50854,50024,20281,20285,20066,2112,1712,705,759,748,487,-546,-854,-24,29719,29715,29934,205533,0
390000,3,2,4,-1,-1,-1,-1,-1,-1,2820,513,55120,2011,380,380,513,55120,2011,380,0,0,387180,389487,334880,387989,389620,389620,3200,0
90000,1,4,1,-1,-1,-1,-1,-1,-2,700,2122,1897,1190,0,0,2122,1897,0,0,0,0,89300,87878,88103,88810,90000,90000,1890,1
50000,3,2,4,-1,-1,-1,-1,-1,2,20225,21190,90,390,1080,540,1800,90,690,1080,0,780,29775,28810,49910,49610,48920,49460,39075,0
230000,1,4,1,-1,-1,-1,-1,-1,-1,51545,42151,44532,42517,44087,40581,2000,3000,2000,2000,1242,2759,178455,187849,185468,187483,185913,189419,252412,1
70000,2,1,2,2,2,2,2,2,2,44207,45305,46067,45029,47835,48797,2100,1800,0,3700,1900,2000,25793,24695,23933,24971,22165,21203,265740,1
360000,2,2,2,-1,-1,2,-1,-1,2,63389,48359,37054,50009,53984,25258,15000,11,20000,5000,0,37000,296611,311641,322946,309991,306016,334742,201042,0
300000,2,4,2,-1,-1,-1,-1,-1,-1,10817,8785,10282,11797,15571,17303,2000,2000,2000,4000,2000,3000,289183,291215,289718,288203,284429,282697,59555,0
50000,3,1,4,-1,-1,-1,-1,-1,-1,5703,7596,8511,10361,11039,11107,2000,1200,2000,1000,400,1000,44297,42404,41489,39639,38961,38893,46717,1
80000,3,4,1,1,2,-1,-1,-2,-1,4923,3121,1551,1100,0,4374,0,1551,1100,0,4374,73,75077,76879,78449,78900,80000,75626,7971,1
10000,2,1,4,2,2,2,-1,-1,-1,9415,8852,8297,8792,9277,9744,1000,1000,1000,1000,1000,1000,585,1148,1703,1208,723,256,48377,0
10000,2,2,1,-1,-1,2,-1,-1,-1,5236,7202,7434,7660,7822,8191,2200,500,500,285,500,500,4764,2798,2566,2340,2178,1809,39060,0
140000,2,4,1,-1,-1,-1,-1,-1,-1,743,896,2385,732,100,1526,900,2385,735,0,1526,981,139257,139104,137615,139268,139900,138474,-145,0
100000,2,1,4,-1,-1,-1,-1,-1,-1,23908,3360,560,480,480,390,1000,560,500,480,390,390,76092,96640,99440,99520,99520,99610,25858,0
30000,3,2,3,-1,-1,-1,-1,-1,-1,8185,9395,10928,11445,12108,12753,1500,2000,1000,1000,1000,1243,21815,20605,19072,18555,17892,17247,57071,1
280000,1,1,3,-1,-1,-1,-1,-1,-1,503,694,695,10639,13158,768,694,695,10639,3158,768,517,279497,279306,279305,269361,266842,279232,9986,0
80000,1,4,1,1,2,-1,-1,2,2,5999,5758,7039,7595,7053,7082,0,1416,943,100,443,0,74001,74242,72961,72405,72947,72918,37624,1
30000,2,1,4,-1,-1,-1,-1,-1,-1,20044,21246,22115,22158,22610,0,1531,1400,443,452,0,0,9956,8754,7885,7842,7390,30000,104347,0
390000,1,2,5,1,-2,-2,-2,-2,-1,0,0,0,0,0,8668,0,0,0,0,8668,4490,390000,390000,390000,390000,390000,381332,-4490,1
10000,3,2,3,-1,2,2,-2,-2,-2,1409,864,0,0,0,0,0,0,0,0,0,0,8591,9136,10000,10000,10000,10000,2273,1
70000,1,1,3,-1,-1,-1,-1,-1,-1,1261,2041,1261,2431,904,1801,2431,1261,2431,904,2191,0,68739,67959,68739,67569,69096,68199,481,1
160000,2,4,2,-1,-1,-1,-1,-1,-1,12037,5123,2460,6460,5360,0,5123,2460,4000,107,0,3960,147963,154877,157540,153540,154640,160000,15790,0
80000,2,2,4,1,2,2,2,2,2,15839,16591,16027,17160,16743,17961,1300,0,1400,0,1500,800,64161,63409,63973,62840,63257,62039,95321,0
30000,2,2,1,-1,-1,2,-1,-1,-1,22885,25886,25172,27239,57036,28789,3700,0,2500,2100,3000,1700,7115,4114,4828,2761,-27036,1211,174007,1
200000,2,2,3,-1,-1,-1,-1,-1,-1,7236,12958,0,2797,5982,8339,13003,0,2797,5982,8339,0,192764,187042,200000,197203,194018,191661,7191,0
60000,1,4,1,-1,-1,-1,-1,-2,-1,836,390,317,-73,-463,7942,390,317,0,0,10000,1000,59164,59610,59683,60073,60463,52058,-2758,1
220000,1,2,2,-1,-1,-1,-1,-1,-1,56477,32919,24175,37975,39752,33351,9005,10000,15000,9000,21000,0,163523,187081,195825,182025,180248,186649,160644,0
30000,1,2,3,-1,-1,-1,-1,-1,-1,26480,27529,28783,28312,28159,28870,1481,1735,994,2003,1180,1238,3520,2471,1217,1688,1841,1130,159502,0
60000,1,4,2,-1,-1,2,-1,-1,-1,11237,20978,12861,7888,7463,3192,10000,0,0,7463,6384,18704,48763,39022,47139,52112,52537,56808,21068,1
30000,2,4,1,3,3,3,3,2,2,29093,29532,29954,29176,29958,30520,1200,1200,0,1400,1200,0,907,468,46,824,42,-520,173233,1
180000,1,2,2,-1,-1,-1,-1,-1,2,141489,84237,82508,81808,86024,67747,4000,3000,4000,9000,0,3000,38511,95763,97492,98192,93976,112253,520813,0
430000,1,2,2,-1,-1,-1,-1,-1,-1,5149,4588,11164,1531,9848,10178,4600,11220,1531,9902,10202,5926,424851,425412,418836,428469,420152,419822,-923,0
190000,2,2,1,-2,-2,-2,-2,-2,-2,0,0,0,0,0,0,0,0,0,0,0,0,190000,190000,190000,190000,190000,190000,0,1
20000,3,6,2,-1,-1,-1,-1,-1,-1,18988,15975,16579,15102,16795,34457,1400,4500,2500,3240,3000,4000,1012,4025,3421,4898,3205,-14457,99256,0
150000,1,2,3,-2,-2,-2,-2,-2,-2,6773,1731,21886,447,3458,898,1731,21888,447,3458,898,2001,143227,148269,128114,149553,146542,149102,4770,0
140000,2,2,5,-1,-1,-1,-1,-1,-1,131978,135760,127508,92126,69050,73537,6000,3600,2500,5000,5000,5000,8022,4240,12492,47874,70950,66463,602859,0
200000,1,1,3,-1,-1,2,-1,-1,-1,3061,13342,6143,2982,6013,15916,13681,24,2991,6031,16028,4211,196939,186658,193857,197018,193987,184084,4491,0
240000,1,4,2,-2,-2,-2,-2,-2,-2,0,0,0,2429,0,799,0,0,2429,0,799,17125,240000,240000,240000,237571,240000,239201,-17125,0
50000,2,1,2,2,-1,-1,-1,-1,-1,42923,42803,1473,390,1573,390,2330,1473,390,1573,0,780,7077,7197,48527,49610,48427,49610,83006,0
50000,2,1,2,-1,-1,2,2,2,2,24801,27600,26858,28209,29108,29980,3200,0,1800,1500,1500,2500,25199,22400,23142,21791,20892,20020,156056,1
470000,2,2,2,-1,-1,-1,-1,-1,-1,247503,245552,238161,240607,230142,198171,9024,10400,10000,25000,8000,8000,222497,224448,231839,229393,239858,271829,1329712,0
90000,2,1,2,2,-1,-1,-1,-1,-1,117793,93777,87401,38144,39177,36687,6732,92113,1317,1598,1461,1354,-27793,-3777,2599,51856,50823,53313,308404,0
420000,1,2,3,1,-1,-1,-1,-1,-1,-34,10321,6244,2970,3608,3019,2686,6500,3004,3797,3103,4302,420034,409679,413756,417030,416392,416981,2736,0
430000,2,2,2,-2,-2,-1,2,-1,-1,-15308,-33350,95740,77875,62675,48764,8,145740,7,2500,2021,2000,445308,463350,334260,352125,367325,381236,84120,0
150000,4,4,1,-2,-2,-1,-1,-1,-1,12178,22344,65330,20333,8433,10332,22452,65676,20368,25,10363,4881,137822,127656,84670,129667,141567,139668,15185,0
450000,1,2,2,-1,-1,-1,-1,-1,-1,6126,6869,16895,7312,6213,5073,6869,16918,7316,6213,5073,15532,443874,443131,433105,442688,443787,444927,-9433,0
220000,2,2,3,1,2,-1,-1,-1,-1,6516,194,3619,7069,4092,0,0,3655,7069,4092,0,0,213484,219806,216381,212931,215908,220000,6674,0
150000,1,2,2,-1,-1,-1,-1,-1,-1,251063,244285,238438,232570,226808,220586,9000,10000,10000,8000,8000,7000,-101063,-94285,-88438,-82570,-76808,-70586,1361750,0
120000,1,2,2,-1,-1,-1,-1,-1,-1,2340,4908,70,220,220,220,4908,70,220,220,220,360,117660,115092,119930,119780,119780,119780,1980,0
80000,1,2,2,-2,-2,-2,-2,-2,-2,871,3179,3344,3552,0,0,3381,3384,3958,0,0,0,79129,76821,76656,76448,80000,80000,223,0
230000,2,4,2,1,2,-1,-1,-1,-1,73757,69748,23266,13565,80,0,0,1200,1027,80,0,0,156243,160252,206734,216435,229920,230000,178109,0
40000,3,2,1,1,8,7,6,5,4,25933,25589,25234,24579,23635,22680,0,0,0,0,0,0,14067,14411,14766,15421,16365,17320,147650,0
300000,2,2,5,1,-1,2,-1,-1,-1,0,200,200,22935,16858,0,200,0,22935,0,0,0,300000,299800,299800,277065,283142,300000,17058,0
360000,2,2,4,-1,-1,-1,-1,-1,-1,19155,1473,1430,18697,659,781,1473,1430,18740,659,781,1557,340845,358527,358570,341303,359341,359219,17555,0
50000,1,4,1,2,2,2,-1,-1,-1,8823,10606,4991,4461,2561,0,2000,300,200,0,0,0,41177,39394,45009,45539,47439,50000,28942,1
200000,1,2,2,-1,-1,-2,-1,-1,-2,3557,-60,-60,1740,0,0,0,0,1800,0,0,0,196443,200060,200060,198260,200000,200000,3377,0
170000,2,1,2,-1,-1,-1,-1,-1,-1,157174,139101,192575,157028,135838,125483,9900,83200,0,3006,132854,5003,12826,30899,-22575,12972,34162,44517,673236,0
100000,3,4,4,-1,-1,-1,-1,-1,-1,70048,67942,45591,39764,33091,34265,2200,1505,1300,1210,3000,2000,29952,32058,54409,60236,66909,65735,279486,0
20000,1,4,1,-1,-1,-1,-1,-1,-1,17374,18555,19489,19479,19705,8440,1466,1400,390,394,629,0,2626,1445,511,521,295,11560,98763,0
20000,3,2,1,-1,-1,-1,-1,-1,-1,1473,390,8595,7454,7208,0,390,8595,149,144,0,780,18527,19610,11405,12546,12792,20000,15062,0
210000,2,2,2,-1,-1,-1,-1,-1,-1,47718,233289,227143,221126,215358,163444,199000,7613,7116,6980,5813,5762,162282,-23289,-17143,-11126,-5358,46556,875794,0
50000,2,4,1,-1,-1,-1,-1,-1,-1,49793,50466,50085,50686,46805,47220,1866,1733,1724,1684,2058,1341,207,-466,-85,-686,3195,2780,284649,0
50000,2,2,3,-1,-1,-1,-1,-1,-1,47689,42338,31539,17342,17541,18149,2000,1281,700,700,1000,1000,2311,7662,18461,32658,32459,31851,167917,0
120000,2,2,1,-1,-1,-1,-1,-1,-1,114815,113360,116797,92346,88542,80225,6159,10008,3051,3100,3052,2908,5185,6640,3203,27654,31458,39775,577807,1
80000,3,2,4,2,2,3,3,3,2,36649,39448,40101,40748,39816,40607,3700,1600,1600,0,1600,1600,43351,40552,39899,39252,40184,39393,227269,1
190000,1,2,1,1,-1,2,2,2,-1,0,2214,66,66,0,4433,2214,0,0,66,4433,0,190000,187786,189934,189934,190000,185567,66,1
180000,1,4,2,1,-2,-2,-2,-2,-2,0,0,0,0,0,0,0,0,0,0,0,0,180000,180000,180000,180000,180000,180000,0,1
180000,1,2,1,-1,-1,-1,-1,-1,-1,996,1593,2597,998,847,1912,1597,2604,1001,849,1915,4055,179004,178407,177403,179002,179153,178088,-3078,1
110000,2,4,1,-1,-1,2,-1,-1,-1,46633,49569,42867,43875,45036,46319,4029,0,2000,2000,2180,2000,63367,60431,67133,66125,64964,63681,262090,0
220000,1,2,2,-1,-1,-1,-2,-2,-2,53419,53358,0,0,0,0,7000,0,0,0,0,0,166581,166642,220000,220000,220000,220000,99777,0
80000,2,4,1,-1,-1,-1,-1,-1,-1,2524,5097,6107,7141,7355,7357,3000,1500,1500,700,500,500,77476,74903,73893,72859,72645,72643,27881,0
200000,1,1,3,-2,-2,-2,-2,-2,-2,15596,1470,7289,0,0,2376,1470,7289,0,0,2376,0,184404,198530,192711,200000,200000,197624,15596,0
60000,1,1,4,-1,-1,-1,3,2,-1,35619,36688,40841,39952,38081,36483,1647,4800,0,0,1326,3500,24381,23312,19159,20048,21919,23517,216391,1
500000,1,2,3,1,-2,-2,-2,-2,-2,0,0,0,0,0,0,0,0,0,0,0,0,500000,500000,500000,500000,500000,500000,0,1
300000,1,2,2,-1,-1,-1,-1,-1,-1,34339,962,4215,2579,970,2656,962,4247,2595,970,2672,978,265661,299038,295785,297421,299030,297344,33297,0
150000,1,2,2,2,-1,-1,-1,-1,-1,151060,139648,119043,112072,113932,105706,3864,3868,2808,3037,2583,1079,-1060,10352,30957,37928,36068,44294,724222,1
90000,2,4,1,1,2,-1,-1,2,-1,13137,10724,9621,17701,15496,9341,0,1000,10000,0,1000,3105,76863,79276,80379,72299,74504,80659,60915,0
240000,1,1,3,-1,-1,-1,-1,-1,-1,1473,1473,1473,1473,1473,1473,1473,1473,1473,1473,1473,390,238527,238527,238527,238527,238527,238527,1083,1
190000,2,2,3,-1,-1,-1,-1,-1,-1,143701,126337,121378,75252,79028,81548,4664,4222,2705,5000,4000,5000,46299,63663,68622,114748,110972,108452,601653,0
80000,1,2,2,1,-2,-2,-2,-2,-2,0,0,0,0,0,0,0,0,0,0,0,0,80000,80000,80000,80000,80000,80000,0,0
500000,2,4,2,-1,-1,-1,-1,-1,-1,51652,29550,33040,30757,35559,38981,5300,4000,3000,5300,5000,5000,448348,470450,466960,469243,464441,461019,191939,0
360000,1,4,3,-2,-1,-1,-1,-1,-2,45603,29788,2950,6366,11480,222,29882,2950,6366,11480,222,4285,314397,330212,357050,353634,348520,359778,41224,0
60000,3,2,1,-1,-1,-1,-1,-1,-1,33270,16636,17321,17421,18421,891,1715,1400,500,1000,900,19000,26730,43364,42679,42579,41579,59109,79445,0
140000,1,4,1,-1,-1,-1,-1,-1,-1,1605,1844,1311,643,2561,1440,1844,1311,643,2561,1440,1582,138395,138156,138689,139357,137439,138560,23,0
50000,2,2,2,-1,-1,-1,-1,-1,-1,25234,23518,21746,18082,18461,18830,1384,1300,700,670,676,700,24766,26482,28254,31918,31539,31170,120441,0
30000,3,1,3,1,2,2,2,2,2,4743,5609,5371,5833,5594,6074,1090,0,552,0,573,0,25257,24391,24629,24167,24406,23926,31009,1
150000,3,2,1,-1,-1,-1,-1,-1,-1,70537,38474,9299,10299,759,0,8000,2000,1000,759,0,0,79463,111526,140701,139701,149241,150000,117609,0
180000,2,2,1,-2,-2,-2,-2,-2,-1,52666,181987,181255,174825,140909,177257,272817,7017,8201,8246,186732,8000,127334,-1987,-1255,5175,39091,2743,417886,0
660000,2,4,2,-1,-1,-1,-1,-1,-1,495736,390258,349361,331565,329604,322581,13393,12113,12004,12008,11503,12019,164264,269742,310639,328435,330396,337419,2146065,0
210000,1,2,1,1,-1,-1,-1,-1,-1,5397,5079,6020,6143,6268,399,5000,1000,123,125,0,1280,204603,204921,203980,203857,203732,209601,21778,0
230000,4,4,4,-1,-1,-1,-1,-1,-1,155131,156687,153635,74503,46254,141916,6641,6015,2663,5015,100095,5027,74869,73313,76365,155497,183746,88084,602670,0
100000,2,1,1,1,2,2,2,2,2,13233,13427,13609,14683,15001,15306,700,700,1300,700,700,0,86767,86573,86391,85317,84999,84694,81159,1
50000,3,1,3,-1,-1,-1,-1,-1,-1,5653,16890,17606,17955,18418,18601,11340,1300,641,751,573,476,44347,33110,32394,32045,31582,31399,80042,0
340000,2,1,2,-1,-1,-1,-1,-1,-1,8347,5190,612,1429,19513,19650,2000,612,1429,19513,3000,3000,331653,334810,339388,338571,320487,320350,25187,0
70000,3,3,1,1,2,2,-1,-1,-1,39073,40154,39214,39861,41063,42918,2000,0,1600,2000,2700,1500,30927,29846,30786,30139,28937,27082,232483,1
220000,1,2,3,-1,-1,2,-1,-1,-1,6873,4911,2080,2080,4160,2080,2230,0,2080,2080,2080,4160,213127,215089,217920,217920,215840,217920,9554,0
170000,2,2,2,-1,-1,-1,-1,-1,2,2457,4599,25158,61524,62779,59390,4599,23000,40000,4418,0,2800,167543,165401,144842,108476,107221,110610,141090,1
280000,2,2,1,-2,-2,-2,-2,-2,-2,2103,2768,4425,23083,489,2937,2781,4447,23198,491,2951,0,277897,277232,275575,256917,279511,277063,1937,0
370000,1,2,2,-1,-1,-1,-1,-1,-1,141552,67739,49097,48216,47675,48074,2157,2000,1668,2000,3000,1000,228448,302261,320903,321784,322325,321926,390528,0
450000,1,2,2,-1,-1,-2,-2,-2,-2,2500,0,0,0,0,0,0,0,0,0,0,0,447500,450000,450000,450000,450000,450000,2500,1
130000,2,2,1,-1,-1,-1,-1,-1,-1,88549,74624,76133,77648,79370,80071,2709,2750,2767,2961,2913,3000,41451,55376,53867,52352,50630,49929,459295,0
400000,1,2,2,1,-1,-1,-1,-1,-1,0,3328,3328,3828,4893,4687,6656,3328,3828,4893,4687,3008,400000,396672,396672,396172,395107,395313,-6336,0
90000,1,2,1,-1,-1,-1,-1,-1,-1,72774,67584,57985,56268,55970,56825,2900,2700,2200,2100,2200,2200,17226,22416,32015,33732,34030,33175,353106,0
450000,1,1,2,-1,-1,-1,-1,-1,-1,390,390,390,390,389,990,390,390,390,389,992,780,449610,449610,449610,449610,449611,449010,-392,0
130000,2,4,2,-1,-1,-1,-1,-1,-1,127781,122319,107674,89780,90625,90492,4700,3500,3200,3200,3300,3100,2219,7681,22326,40220,39375,39508,607671,0
20000,1,4,1,-1,2,-1,-1,-1,2,19214,15703,9914,8200,11876,4792,0,1000,0,5000,5400,13324,786,4297,10086,11800,8124,15208,44975,0
50000,2,2,1,2,2,-1,-1,-1,-1,49882,44110,44443,19522,19775,20325,0,1280,662,837,1000,1120,118,5890,5557,30478,30225,29675,193158,1
200000,2,4,1,-1,-1,-1,-1,-1,-1,93005,82750,79064,75657,72451,63919,3500,3000,3000,3000,3000,2000,106995,117250,120936,124343,127549,136081,449346,0
150000,1,2,4,-1,-1,-1,-1,-1,-1,291,291,291,285,2085,8669,291,291,285,2091,8695,74646,149709,149709,149709,149715,147915,141331,-74387,0
250000,1,4,3,-1,-1,-1,-1,-1,-1,3264,2395,2986,24971,500,2162,2395,2991,25185,500,2162,0,246736,247605,247014,225029,249500,247838,3045,0
270000,1,1,3,-1,-1,-1,-1,-1,-1,5908,8003,8156,5572,3697,19529,2222,2040,5599,3715,19626,2777,264092,261997,261844,264428,266303,250471,14886,0
260000,1,2,2,-1,-1,-1,-1,-1,-1,97626,99675,59934,61680,65403,66745,5195,2961,3000,5000,2700,2800,162374,160325,200066,198320,194597,193255,429407,0
110000,2,1,2,-1,-1,-1,-1,-1,-1,102638,101681,100316,100512,102215,103909,4600,4000,4000,3800,4000,4000,7362,8319,9684,9488,7785,6091,586871,0
50000,2,2,1,2,2,4,3,2,2,42883,47887,46836,45785,47003,48085,6000,0,0,2100,2000,0,7117,2113,3164,4215,2997,1915,268379,0
200000,2,1,3,-1,-1,-1,-1,-1,-1,8143,39869,38685,22125,17778,24354,39100,38759,102,17868,25125,35031,191857,160131,161315,177875,182222,175646,-5031,0
60000,2,4,1,-1,-1,-1,-1,-1,-1,53447,51734,50293,26667,26608,27665,2025,5000,2000,1000,1500,1000,6553,8266,9707,33333,33392,32335,223889,0
200000,2,1,3,1,-1,-1,-1,-1,-1,0,760,1281,1328,1114,1205,760,1281,1328,1114,1205,1403,200000,199240,198719,198672,198886,198795,-1403,0
50000,3,1,2,-1,-1,-1,-1,-1,-1,9536,0,1261,1261,2522,1261,7014,1261,1261,2522,0,780,40464,50000,48739,48739,47478,48739,3003,0
70000,1,4,1,3,2,2,-1,-1,-1,71501,71769,68530,29959,29315,28805,1966,49,1168,1032,1200,1200,-1501,-1769,1470,40041,40685,41195,293264,0
50000,1,4,1,-1,-1,-1,-1,-1,-1,48482,39603,23610,18079,18668,17273,2000,1504,1000,1000,1000,1000,1518,10397,26390,31921,31332,32727,158211,0
230000,3,4,2,-1,-1,-1,-1,-1,-1,1181,1394,1413,1382,1201,820,1394,1200,1150,1000,800,2000,228819,228606,228587,228618,228799,229180,-153,0
20000,2,2,3,-1,-1,-1,-1,-1,-1,10827,8264,2480,390,880,1560,8264,2480,0,880,1070,40000,9173,11736,17520,19610,19120,18440,-28293,0
330000,2,2,1,-1,-1,-1,-1,-1,-1,53260,37207,40560,41978,46728,40502,2000,4000,2000,5039,2164,2000,276740,292793,289440,288022,283272,289498,243032,0
50000,3,4,4,-1,-1,-1,-1,-1,-1,26660,26909,27485,27477,27651,27853,1763,1729,1111,1137,1188,997,23340,23091,22515,22523,22349,22147,156110,1
460000,1,1,3,-1,-1,-1,-1,-1,2,11924,7721,1711,-2,7126,1996,7728,2229,2,7128,10,957,448076,452279,458289,460002,452874,458004,12422,0
30000,2,4,1,-1,-1,-1,-1,-1,-1,26264,27536,28771,27744,28302,29725,2000,2005,1000,1000,2250,0,3736,2464,1229,2256,1698,275,160087,1
200000,3,2,2,-1,-1,-1,-1,-1,-1,111053,112269,76726,72487,74108,67036,5020,4005,2800,3300,3000,2700,88947,87731,123274,127513,125892,132964,492854,0
50000,1,2,1,2,3,2,-1,-1,-1,7557,7293,8017,8687,9048,9306,0,1000,810,500,408,500,42443,42707,41983,41313,40952,40694,46690,1
50000,2,1,2,-1,-1,-1,-1,-1,-1,25742,23300,21266,19418,19315,18559,1372,1286,666,680,816,819,24258,26700,28734,30582,30685,31441,121961,0
200000,2,1,2,-1,-1,-1,-1,-1,-1,3353,5341,5966,3348,5051,7128,5341,5966,3348,5061,7128,4722,196647,194659,194034,196652,194949,192872,-1379,0
360000,1,4,2,-1,-1,-1,-1,-1,-1,53035,54125,55135,54645,54859,55112,3492,3452,1912,2000,2091,1929,306965,305875,304865,305355,305141,304888,312035,0
230000,1,2,3,-1,-1,-1,-1,-1,-1,1156,10892,20039,29045,74551,92182,10000,10000,10000,1681,103197,3267,228844,219108,209961,200955,155449,137818,89720,0
200000,2,2,2,-1,-1,-1,-1,-1,-1,68262,53329,44222,36869,31640,25334,2791,2668,1820,2000,882,600,131738,146671,155778,163131,168360,174666,248895,0
20000,3,1,4,-1,-1,-1,-1,2,2,14341,15371,16375,18905,19462,18967,1266,1270,2800,1000,0,512,5659,4629,3625,1095,538,1033,96573,1
200000,2,1,3,-1,-1,-1,-1,-1,-1,193781,197132,195011,196986,187687,193978,10000,7010,8000,7000,14500,5600,6219,2868,4989,3014,12313,6022,1112465,0
30000,1,4,1,-2,-2,-2,-2,-2,-2,1784,6801,2118,4171,1714,2001,6855,2118,4171,1714,2001,0,28216,23199,27882,25829,28286,27999,1730,0
360000,1,2,2,-1,-1,-1,-1,-1,-1,6656,6722,8605,28405,-105,3895,2000,4000,20000,5000,4000,889,353344,353278,351395,331595,360105,356105,18289,0
10000,2,2,1,2,2,2,2,3,2,5833,8162,8480,9089,8658,8372,2600,600,895,0,0,764,4167,1838,1520,911,1342,1628,43735,1
180000,2,2,2,-1,-1,-1,-1,-1,-1,181076,168338,169278,171274,169691,173760,6013,6307,6300,6300,7000,14000,-1076,11662,10722,8726,10309,6240,987497,0
270000,2,2,2,-2,-2,-2,-2,-2,-2,0,1521,0,0,0,0,1521,0,0,0,0,200,270000,268479,270000,270000,270000,270000,-200,0
240000,2,4,3,1,2,2,-1,-1,-1,187558,187333,163332,166813,170739,174532,6700,0,6900,6000,6000,6000,52442,52667,76668,73187,69261,65468,1018707,1
280000,2,4,3,-1,-1,-1,-1,-1,-1,31248,32081,32897,33350,34047,34525,1527,1541,1192,1233,1239,1273,248752,247919,247103,246650,245953,245475,190143,0
330000,2,1,2,-1,-1,-2,-2,-2,-2,901,0,0,0,0,0,0,0,0,0,0,0,329099,330000,330000,330000,330000,330000,901,0
200000,3,4,3,-2,-2,-2,-2,-2,-2,13929,2837,5892,2267,11679,0,2837,5892,2267,11679,0,0,186071,197163,194108,197733,188321,200000,13929,0
100000,3,2,2,2,-1,-1,-1,-1,2,38546,42298,42636,44728,49192,51391,4400,1028,3120,6218,4016,4536,61454,57702,57364,55272,50808,48609,245473,0
170000,1,4,2,2,-1,-1,-1,-1,-1,27267,28523,29742,30183,31041,31871,2000,2000,1233,1500,1500,2000,142733,141477,140258,139817,138959,138129,168394,1
210000,1,4,1,-1,-1,-1,-1,-1,-1,3675,4460,5542,15378,18106,18804,1082,1164,10000,3000,1000,1000,206325,205540,204458,194622,191894,191196,48719,0
100000,2,2,1,-1,-1,-1,-1,-1,-1,32186,32949,33680,34419,37782,76185,2000,2000,2000,4500,40000,3000,67814,67051,66320,65581,62218,23815,193701,0
200000,3,2,5,-1,-1,-1,-1,-1,-1,188072,166668,159513,150852,151996,147690,17014,15019,15000,15000,10000,10000,11928,33332,40487,49148,48004,52310,882758,0
230000,2,2,2,-1,-1,-1,-1,-1,-1,101832,92396,84297,49681,46224,44800,5000,4000,2029,2000,2500,1300,128168,137604,145703,180319,183776,185200,402401,0
90000,3,4,2,-1,-1,-1,-1,-1,-1,101106,96216,89964,29802,29174,26111,4208,4022,686,753,740,5034,-11106,-6216,36,60198,60826,63889,356930,0
170000,2,2,1,-1,-1,-1,-1,-1,-1,105509,106445,68703,66338,62135,65706,4285,3000,3000,3000,5000,3000,64491,63555,101297,103662,107865,104294,453551,0
100000,2,2,3,2,2,-1,-1,-1,-1,101494,98994,96845,97037,93480,95516,13,3709,4000,3500,3600,3500,-1494,1006,3155,2963,6520,4484,565044,1
20000,3,2,1,-1,-1,-1,-1,-1,-1,17895,19598,19701,3486,199,0,2000,1000,400,199,0,0,2105,402,299,16514,19801,20000,57280,0
50000,3,1,4,-1,-1,-1,-1,-1,-1,6618,7641,8651,8824,9008,9187,1133,1143,316,326,328,339,43382,42359,41349,41176,40992,40813,46344,0
180000,3,4,3,-2,-2,-2,-2,-2,-2,0,0,0,0,0,0,0,0,0,0,0,0,180000,180000,180000,180000,180000,180000,0,1
60000,2,2,1,-1,-1,-1,-1,-1,-1,29701,27243,28227,28393,29149,28819,1463,1447,1393,1200,1000,1283,30299,32757,31773,31607,30851,31181,163746,1
80000,2,2,2,-1,-1,-1,-1,-1,-1,8755,13290,11244,13444,6782,226,5000,5000,3000,2000,226,0,71245,66710,68756,66556,73218,79774,38515,0
350000,1,1,2,-2,-2,-2,-2,-2,-2,51672,31250,29178,29180,52550,43538,13113,12110,15044,32244,40218,112406,298328,318750,320822,320820,297450,306462,12233,0
20000,3,1,1,1,-2,-2,-2,-2,-2,0,0,0,0,0,0,0,0,0,0,0,0,20000,20000,20000,20000,20000,20000,0,0
160000,3,2,2,-1,-1,-1,-1,-1,-1,2215,8977,3300,10770,11800,10043,8977,1000,10770,11800,10043,5325,157785,151023,156700,149230,148200,149957,-810,0
150000,3,2,1,1,3,2,2,2,2,54803,52996,51169,53979,52639,58508,0,0,4000,0,7127,0,95197,97004,98831,96021,97361,91492,312967,1
150000,3,1,3,-1,-1,-1,-1,-1,-1,80015,19386,39008,19483,32901,8790,19418,40010,19,20000,0,13669,69985,130614,110992,130517,117099,141210,106467,0
50000,2,2,3,-1,-1,-1,-1,-1,-1,45206,45836,49577,18666,19058,19450,2362,20103,667,692,709,689,4794,4164,423,31334,30942,30550,172571,0
500000,1,1,3,-1,-1,-1,-1,-1,-1,6197,4934,6783,11507,4883,5897,4969,6802,11523,14,5914,7622,493803,495066,493217,488493,495117,494103,3357,0
480000,2,2,2,-1,-1,-1,-1,-1,-1,5269,2217,9731,9272,2718,1498,2217,9731,9272,2718,1498,1138,474731,477783,470269,470728,477282,478502,4131,0
340000,1,2,3,-1,-1,-1,-1,-1,-1,83059,85634,73950,59324,156094,110234,20000,5000,2000,112000,4234,4000,256941,254366,266050,280676,183906,229766,421061,1
180000,1,2,3,1,-2,-2,-2,-2,-2,0,0,0,0,0,0,0,0,0,0,0,0,180000,180000,180000,180000,180000,180000,0,0
50000,3,6,3,-1,-1,-1,-1,-1,-1,25649,22379,16670,8433,8609,8783,1347,1138,302,312,317,321,24351,27621,33330,41567,41391,41217,86786,0
360000,1,4,2,-1,-1,-1,-1,-1,-1,114287,114746,115304,114966,113208,113504,5200,5000,4000,5000,8000,4000,245713,245254,244696,245034,246792,246496,654815,0
350000,3,1,2,-1,-1,-1,-1,-1,-1,232501,231747,197689,207984,183208,190436,20000,20023,20014,20000,20000,20000,117499,118253,152311,142016,166792,159564,1123528,0
180000,2,2,2,-1,-1,-1,-1,-1,-1,10000,10000,10970,12786,10300,10000,10000,10970,12786,10300,10000,11080,170000,170000,169030,167214,169700,170000,-1080,0
50000,1,1,2,-1,-1,-1,-1,-1,-1,45341,31383,16235,17035,15601,16349,2115,2000,2022,1000,1000,2000,4659,18617,33765,32965,34399,33651,131807,0
70000,2,2,2,-1,-1,-1,-1,2,2,6895,16381,18715,22630,22276,13564,10000,3000,4100,0,1000,0,63105,53619,51285,47370,47724,56436,82361,1
40000,3,4,1,2,2,2,-1,-1,-1,34415,35170,34305,34985,35719,36428,1600,0,1250,1296,1302,1348,5585,4830,5695,5015,4281,3572,204226,1
270000,1,2,2,-1,-1,-1,-1,-1,-1,1257,71665,69256,67842,68235,72706,73700,3168,3000,4000,8000,3000,268743,198335,200744,202158,201765,197294,256093,0
70000,2,4,1,-1,-1,-1,-1,-1,-1,4753,5843,6720,8171,7127,9044,1172,1049,1500,500,2000,3000,65247,64157,63280,61829,62873,60956,32437,0
280000,1,2,3,-2,-2,-2,-2,-2,-2,5819,14656,8971,5747,11927,40170,3683,9059,5787,11985,40370,8314,274181,265344,271029,274253,268073,239830,8092,0
260000,2,2,3,-1,-1,-1,-1,-1,-1,194654,184008,174268,181592,174184,153907,6540,7691,12831,6015,6410,9606,65346,75992,85732,78408,85816,106093,1013520,0
20000,1,4,1,-1,-1,2,-1,-1,-1,6988,8310,10015,9195,9539,9574,1444,2000,329,492,342,354,13012,11690,9985,10805,10461,10426,48660,1
80000,1,4,1,-1,-1,-1,-1,-1,-1,78128,71083,58715,39389,12012,2900,3362,1389,889,900,58,0,1872,8917,21285,40611,67988,77100,255629,1
20000,3,1,1,1,3,2,-1,-1,-2,20386,20757,19200,20000,0,0,1000,0,1000,0,0,0,-386,-757,800,0,20000,20000,78343,0
290000,1,2,2,2,-1,-1,-1,-1,-1,131279,134113,136948,139674,142793,162091,4700,4800,4735,5100,21500,6000,158721,155887,153052,150326,147207,127909,800063,1
180000,2,4,2,-1,-1,-1,-1,-1,-1,10083,11211,13669,316,120961,123355,1600,3316,316,120961,5000,3100,169917,168789,166331,179684,59039,56645,145302,0
250000,1,2,3,-1,-1,2,-1,-1,-1,1041,6854,3774,4508,2916,4969,6854,0,4508,2916,4969,0,248959,243146,246226,245492,247084,245031,4815,0
230000,1,2,2,-1,-1,-1,-1,-1,-1,149545,136888,74555,45100,64387,45782,60000,20000,5000,30000,35000,90000,80455,93112,155445,184900,165613,184218,276257,0
240000,2,4,3,-1,-1,-1,-1,-1,-1,8435,169,1913,150,482,5482,169,1921,150,482,5000,5000,231565,239831,238087,239850,239518,234518,3909,0
190000,2,2,2,-1,-1,-1,-1,-1,-1,139569,101823,100209,85218,112672,76224,4500,40000,25000,35000,2897,20000,50431,88177,89791,104782,77328,113776,488318,0
200000,1,2,1,-1,-1,-1,-1,-1,-1,170,3300,38526,-93,18681,12399,3318,42497,0,18774,12461,9526,199830,196700,161474,200093,181319,187601,-13593,0
30000,2,2,3,-1,-1,-1,-1,-1,-2,28118,29266,28829,15762,0,0,2000,1209,700,0,0,0,1882,734,1171,14238,30000,30000,98066,0
180000,3,4,3,-1,-1,-1,-1,-1,-1,102646,82849,78064,73437,108072,49206,5006,5000,5005,42500,3000,2000,77354,97151,101936,106563,71928,130794,431763,0
210000,1,4,2,-1,-1,-1,-1,-1,-2,1888,320,1403,418,-16,-342,320,1409,0,0,0,2108,208112,209680,208597,209582,210016,210342,-166,1
30000,2,2,2,-1,-1,2,-1,-1,3,5088,996,888,656,1957,1536,996,0,656,1957,0,0,24912,29004,29112,29344,28043,28464,7512,1
60000,2,4,3,-1,-1,-1,-1,-1,-1,43221,41539,40356,39672,39863,40319,2021,1918,1390,1576,1647,1516,16779,18461,19644,20328,20137,19681,234902,0
200000,1,1,1,-1,-1,-1,-1,-1,-1,295,1130,12791,40341,9238,1017,1130,12791,28000,1000,2000,74179,199705,198870,187209,159659,190762,198983,-54288,0
150000,1,4,2,-1,-1,2,2,-1,-1,128102,136722,137525,133431,135837,143319,12644,4926,0,5122,10349,0,21898,13278,12475,16569,14163,6681,781895,1
130000,1,2,3,-1,-1,2,2,2,-1,767,9637,8256,14890,13742,7630,9804,0,7600,0,5000,10000,129233,120363,121744,115110,116258,122370,22518,1
210000,2,2,2,-1,-1,-1,-1,-1,-1,149092,153941,157358,3561,34600,32581,7000,7600,1019,36500,3000,3000,60908,56059,52642,206439,175400,177419,473014,0
140000,2,2,2,-1,-1,-1,-1,-1,-1,65863,63803,61998,63517,62463,62168,3000,10000,6500,3900,6700,2000,74137,76197,78002,76483,77537,77832,347712,0
80000,2,2,2,1,2,-1,-1,-1,-1,38986,34931,33890,2065,5215,3745,6,1000,2065,5215,3745,1390,41014,45069,46110,77935,74785,76255,105411,1
240000,1,2,2,-1,-1,-1,-1,-1,-1,12181,6746,12104,2788,4084,3288,6746,12104,2788,4084,3288,4788,227819,233254,227896,237212,235916,236712,7393,0
50000,3,2,3,-1,-1,-1,-1,-1,-1,48138,49262,49878,16748,17177,17691,2203,2139,700,700,800,1000,1862,738,122,33252,32823,32309,191352,0
50000,1,2,2,-1,-1,2,2,2,-1,45948,50813,45393,49351,45473,48595,6012,10,8212,1200,4008,4407,4052,-813,4607,649,4527,1405,261724,0
160000,2,1,3,-1,-1,-1,-1,-1,-1,435,435,435,435,435,435,435,435,435,435,435,870,159565,159565,159565,159565,159565,159565,-435,0
260000,1,4,2,-1,-1,-1,-1,-1,-1,597,1304,5734,24898,150,381,1306,5734,24898,3883,381,2234,259403,258696,254266,235102,259850,259619,-5372,0
80000,2,2,2,8,7,6,5,4,3,126786,124971,121216,97622,88878,80518,0,0,0,0,0,0,-46786,-44971,-41216,-17622,-8878,-518,639991,0
100000,2,2,3,-1,3,2,-1,-1,-1,5291,5045,3336,1863,390,930,0,0,0,0,930,0,94709,94955,96664,98137,99610,99070,15925,1
280000,2,2,2,1,-1,2,-1,-1,-1,-3,146,146,1596,1672,1596,149,0,1600,1672,1562,326,280003,279854,279854,278404,278328,278404,-156,0
50000,3,2,2,-1,-1,-1,-1,-2,-2,47911,48418,7000,0,0,0,2166,1000,0,0,0,0,2089,1582,43000,50000,50000,50000,100163,0
260000,1,4,2,-1,-1,-1,-1,-1,-1,1629,933,2218,4068,9829,21270,933,2220,4068,9829,11680,553,258371,259067,257782,255932,250171,238730,10664,0
30000,2,1,2,-1,-1,2,-1,-1,-1,18441,19936,20803,21655,22646,23764,1800,1500,1500,1500,1500,1500,11559,10064,9197,8345,7354,6236,117945,1
30000,2,2,1,1,2,-1,-1,-1,-1,30347,28517,29709,29833,29306,29348,0,1800,1000,1041,1138,932,-347,1483,291,167,694,652,171149,0
130000,2,2,2,2,2,-1,-1,-2,-2,2183,2000,700,0,0,0,13,700,0,0,0,0,127817,128000,129300,130000,130000,130000,4170,0
50000,3,4,3,-1,-1,-1,-1,-1,-1,1500,2000,1382,-118,13656,13927,2000,1382,0,13925,498,516,48500,48000,48618,50118,36344,36073,14026,0
150000,2,1,2,2,2,2,2,2,2,144194,145889,146189,146838,148754,150746,6600,5300,5600,5500,5700,5500,5806,4111,3811,3162,1246,-746,848410,1
200000,1,2,4,-2,-2,-2,-2,-1,-1,-200,-200,-200,0,5957,0,0,0,200,5957,0,0,200200,200200,200200,200000,194043,200000,-800,0
560000,2,1,2,1,-2,-2,-1,-1,-2,19924,16297,4593,2512,11461,3402,1163,1023,2519,46518,3421,11467,540076,543703,555407,557488,548539,556598,-7922,0
20000,3,2,1,-1,3,2,-1,-1,-1,20780,20172,19400,20000,20000,0,0,0,1000,0,0,0,-780,-172,600,0,0,20000,99352,0
270000,1,1,3,-1,-1,-1,-1,-1,-1,316,316,316,571,7711,571,316,316,571,7711,571,571,269684,269684,269684,269429,262289,269429,-255,0
300000,1,4,3,2,-1,-1,-1,-1,-1,304040,305627,305697,269017,275230,260419,11500,12000,10000,10500,10000,10000,-4040,-5627,-5697,30983,24770,39581,1656030,1
100000,2,2,1,1,4,3,2,2,2,85264,83376,81445,82710,84242,82730,0,0,3200,3000,0,3300,14736,16624,18555,17290,15758,17270,490267,0
20000,3,2,3,-1,-1,-1,-1,-1,-1,19107,20120,19445,19831,19473,20009,1330,1274,660,752,906,650,893,-120,555,169,527,-9,112413,0
20000,3,1,5,-1,-1,-1,-1,-1,-1,18516,19193,18578,17989,19533,20039,1700,2000,2000,2000,831,400,1484,807,1422,2011,467,-39,104917,0
70000,3,1,4,-1,-1,-1,-1,-1,-1,42039,46330,47480,49242,29993,29618,5000,2238,3000,3000,1500,1500,27961,23670,22520,20758,40007,40382,228464,0
60000,2,4,2,2,-1,-1,-1,2,2,19921,20993,21736,23172,22661,24087,1700,1400,1800,0,1800,0,40079,39007,38264,36828,37339,35913,125870,0
180000,2,2,4,2,2,-1,-1,-1,-1,15100,14627,15632,15787,16117,17162,0,1495,650,671,1401,706,164900,165373,164368,164213,163883,162838,89502,0
360000,1,4,2,-1,-1,-1,-1,-1,-1,1041,5792,1358,5209,697,-4,5821,1367,5220,700,0,934,358959,354208,358642,354791,359303,360004,51,0
200000,1,1,2,2,2,2,2,2,2,170487,174258,175905,178528,175581,180145,8000,6000,7000,0,7500,6000,29513,25742,24095,21472,24419,19855,1020404,1
170000,2,2,3,-1,-1,-1,-1,-1,-1,37772,38862,39914,40559,41953,42210,2000,2000,1610,2200,1600,1600,132228,131138,130086,129441,128047,127790,230260,0
170000,1,2,4,-2,-2,-2,-2,-2,-2,4667,5910,1630,2326,660,1373,5914,1630,2326,660,1373,6674,165333,164090,168370,167674,169340,168627,-2011,0
60000,3,2,4,1,-1,-1,-1,-1,-2,0,724,0,785,0,0,724,0,785,0,0,0,60000,59276,60000,59215,60000,60000,0,0
30000,2,2,1,1,2,-1,-1,2,-1,29956,28469,58384,29553,29933,30000,0,2000,30000,1000,1000,0,44,1531,-28384,447,67,0,172295,1
140000,1,2,2,-1,-1,-1,-1,-1,-1,37625,38023,39577,39465,45180,44213,1657,2211,1459,6398,1729,1633,102375,101977,100423,100535,94820,95787,228996,0
20000,1,2,1,-1,-1,-1,-1,-1,-1,15848,16883,17839,18040,18414,16213,1595,1551,752,773,772,354,4152,3117,2161,1960,1586,3787,97440,0
20000,1,4,1,-1,-1,-1,-1,-1,-1,14088,8842,6653,2946,1186,416,1111,1009,7,1190,416,831,5912,11158,13347,17054,18814,19584,29567,0
520000,1,2,2,-1,-1,-1,-1,-1,-1,13273,12709,5480,5397,70137,11819,12712,5487,5397,70137,11820,7888,506727,507291,514520,514603,449863,508181,5374,0
30000,2,4,1,-1,-1,-1,2,-1,-1,10348,9287,1900,150,2558,2829,1013,1900,0,2558,2829,3000,19652,20713,28100,29850,27442,27171,15772,0
70000,1,4,1,1,2,-1,-1,2,-1,71017,64454,64182,30351,29826,29699,0,1809,2500,0,2000,1500,-1017,5546,5818,39649,40174,40301,281720,0
80000,3,2,4,-1,-1,-1,-1,-1,-1,76752,77528,68966,63972,50072,51239,3768,3009,2009,1818,2000,6000,3248,2472,11034,16028,29928,28761,369925,0
50000,3,1,2,1,3,2,5,4,3,21031,20411,23766,23114,22173,21521,0,4000,0,0,0,1250,28969,29589,26234,26886,27827,28479,126766,1
170000,1,4,1,-1,-1,-1,-2,-2,-2,26359,5275,0,0,0,0,1275,0,0,0,0,0,143641,164725,170000,170000,170000,170000,30359,0
160000,2,4,1,2,2,2,2,2,2,67018,67257,68939,72267,73602,75133,1900,3400,5100,2800,2900,2800,92982,92743,91061,87733,86398,84867,405316,0
360000,2,4,2,1,2,2,-1,-1,-2,7102,6922,1861,1457,-129,-2629,1893,0,1457,2500,326,0,352898,353078,358139,358543,360129,362629,8408,0
420000,2,4,1,-1,2,-1,-1,-1,-2,2804,2615,3392,4392,-796,-796,0,1000,1000,0,0,20500,417196,417385,416608,415608,420796,420796,-10889,0
30000,3,2,3,-1,-1,-1,-1,-1,-1,28185,28296,23455,24179,24289,24649,1377,1370,1294,1015,900,913,1815,1704,6545,5821,5711,5351,146184,0
60000,2,1,2,1,2,-1,-1,-1,-1,36544,37357,38067,38823,39638,40424,1700,1632,1388,1439,1445,1500,23456,22643,21933,21177,20362,19576,221749,0
160000,2,2,2,-1,-1,-1,-1,-1,-1,135320,146230,76660,79825,82951,85168,5000,10000,5000,5000,4000,4000,24680,13770,83340,80175,77049,74832,573154,0
170000,1,2,3,-2,-2,-2,-2,-2,-1,10309,4944,28144,1883,27938,14832,4944,28144,1883,27938,14832,0,159691,165056,141856,168117,142062,155168,10309,0
20000,3,1,4,1,2,-1,-1,-1,-2,20838,20212,20148,19845,0,0,0,1200,397,0,0,0,-838,-212,-148,155,20000,20000,79446,1
290000,1,2,3,-2,-2,-2,-2,-2,-2,1092,1335,1222,1513,2661,2436,1335,1222,1513,2661,2436,37015,288908,288665,288778,288487,287339,287564,-35923,0
340000,2,4,4,-2,-2,-2,-2,-2,-2,3375,3267,-2,498,11466,412,3283,0,500,11523,414,15055,336625,336733,340002,339502,328534,339588,-11759,0
60000,1,2,2,1,-2,-2,-1,-1,-1,0,-880,-2640,1760,880,3110,0,0,4400,0,3110,0,60000,60880,62640,58240,59120,56890,-5280,1
500000,1,2,2,-1,-1,-1,-1,-1,-1,51465,24201,384973,349790,315125,16576,24201,384986,7017,6342,16576,43710,448535,475799,115027,150210,184875,483424,659298,0
230000,3,4,4,-1,-1,-1,-1,-1,-1,66108,45000,33477,34914,36352,37745,6840,3000,2000,2000,2000,2000,163892,185000,196523,195086,193648,192255,235756,0
30000,4,2,4,-1,-1,-1,-1,-1,-1,28191,27166,17769,18107,18541,4770,1600,1300,1000,1200,2000,1000,1809,2834,12231,11893,11459,25230,106444,0
20000,1,2,1,1,-1,2,2,2,2,0,1825,1346,587,338,1239,3650,0,300,0,1000,0,20000,18175,18654,19413,19662,18761,385,0
140000,2,4,2,-1,-1,-2,-2,-2,-2,854,0,0,0,0,0,0,0,0,0,0,0,139146,140000,140000,140000,140000,140000,854,0
500000,2,1,2,-1,-1,-1,-1,-1,-1,39291,29122,26639,22828,21293,17544,1700,1174,1007,1013,1018,264,460709,470878,473361,477172,478707,482456,150541,0
120000,1,2,2,1,-2,-2,-2,-2,-2,0,0,0,0,0,0,0,0,0,0,0,0,120000,120000,120000,120000,120000,120000,0,0
70000,2,4,1,-1,-1,-1,-1,-1,-1,63745,55670,47413,44590,45890,47126,2294,2100,1600,2000,2000,1750,6255,14330,22587,25410,24110,22874,292690,1
280000,2,2,4,-1,-1,-1,-1,-1,-1,25040,41270,570,1068,48313,10252,41275,570,1074,48313,10252,19226,254960,238730,279430,278932,231687,269748,5803,0
130000,2,1,4,-1,-1,-1,-1,-1,-1,780,0,390,390,390,390,0,390,390,390,390,390,129220,130000,129610,129610,129610,129610,390,0
70000,1,2,2,-1,-1,-1,-1,2,-1,68971,69872,66932,69043,70252,55732,2700,3100,3900,2500,2500,2500,1029,128,3068,957,-252,14268,383602,1
340000,2,2,3,-1,-1,-1,-1,-1,-1,14087,11007,16971,10734,9200,23818,11013,17025,10734,9200,23818,46291,325913,328993,323029,329266,330800,316182,-32264,0
210000,1,2,1,-1,-1,-1,-1,-1,-1,1832,1074,1002,711,420,1572,1074,1002,711,420,1572,0,208168,208926,208998,209289,209580,208428,1832,0
80000,2,4,4,-1,-1,-1,-2,-2,-2,3072,2856,0,0,0,0,2856,0,0,0,0,0,76928,77144,80000,80000,80000,80000,3072,0
120000,2,4,3,-1,-1,-1,-1,-1,-1,316,71316,316,316,2766,1996,71316,316,316,2766,1996,2054,119684,48684,119684,119684,117234,118004,-1738,0
100000,1,4,1,-1,-1,-1,-1,-1,-1,102697,100462,101879,100999,101188,99328,4600,4000,4000,4000,4000,4400,-2697,-462,-1879,-999,-1188,672,581553,0
20000,1,2,1,-1,-1,-1,-1,-1,-1,14720,15432,16252,14877,9487,-5910,3880,1200,298,5390,4000,9666,5280,4568,3748,5123,10513,25910,40424,0
220000,1,2,3,2,2,-1,-1,-1,-1,243517,228368,224414,196229,190050,183779,0,10000,7200,7001,6900,6400,-23517,-8368,-4414,23771,29950,36221,1228856,0
70000,1,4,2,2,2,2,2,2,2,44347,43357,46626,47562,48651,49700,0,4000,2000,2000,2000,2000,25653,26643,23374,22438,21349,20300,268243,1
20000,2,2,1,-1,-1,-1,-1,-1,-1,73404,75132,77264,74319,9968,10769,2600,2500,2000,1000,1000,1000,-53404,-55132,-57264,-54319,10032,9231,310756,0
100000,2,4,2,-1,-1,-1,-1,-1,-1,54933,56151,56677,58237,59643,63275,2700,2055,2500,2500,4800,2500,45067,43849,43323,41763,40357,36725,331861,0
110000,2,4,1,-1,-1,-1,-1,-1,-1,49782,50858,51780,53647,53308,54366,1878,1800,2647,1892,1901,1728,60218,59142,58220,56353,56692,55634,301895,0
80000,3,4,1,2,2,2,2,-1,-1,3682,4714,2336,0,5471,5415,3193,0,0,5471,5415,5124,76318,75286,77664,80000,74529,74585,2415,0
30000,1,4,1,1,-1,-1,-1,-1,-1,0,686,405,3190,2844,0,686,409,3190,2844,0,0,30000,29314,29595,26810,27156,30000,-4,0
30000,2,2,2,-1,-1,-1,-1,-1,-1,27816,1250,24135,24745,22805,10745,1260,24135,1000,2000,10745,18572,2184,28750,5865,5255,7195,19255,53784,0
60000,1,2,1,-1,-1,-1,-1,-1,-1,57753,59186,59001,27971,28619,29213,2960,1628,1002,1100,1100,922,2247,814,999,32029,31381,30787,253031,1
50000,1,4,1,-1,-1,-1,-1,-1,2,44421,45897,46920,47864,50856,48390,2500,2100,2000,3900,0,2000,5579,4103,3080,2136,-856,1610,271848,0
260000,2,2,4,-1,-1,-1,-1,-1,-1,222134,223345,225258,189500,182771,188876,10020,10007,10017,10003,10007,10036,37866,36655,34742,70500,77229,71124,1171794,0
500000,1,4,1,-1,-1,-1,-1,2,2,201500,196051,161342,154127,149472,139130,10000,7031,10100,5663,0,4448,298500,303949,338658,345873,350528,360870,964380,0
110000,1,4,2,-1,2,-1,-1,-1,-1,549,179,1166,790,806,1729,0,1166,0,446,1729,0,109451,109821,108834,109210,109194,108271,1878,0
30000,3,2,2,2,2,2,2,2,2,27126,29970,29192,31103,31771,30404,3600,0,2700,1300,0,1300,2874,30,808,-1103,-1771,-404,170666,0
180000,1,4,2,-1,-1,-1,-2,-2,-2,8260,5921,0,0,0,0,5921,0,0,0,0,0,171740,174079,180000,180000,180000,180000,8260,1
170000,1,2,2,1,-1,-1,-2,-2,-2,0,3209,0,0,0,0,3209,0,0,0,0,0,170000,166791,170000,170000,170000,170000,0,1
320000,1,2,2,-1,-1,-1,-1,-1,-1,800,18873,-150,150,21565,4818,18873,0,500,21565,5000,168492,319200,301127,320150,319850,298435,315182,-168374,1
10000,2,2,4,-1,-1,-1,-2,-2,-2,9269,10400,0,0,0,0,1400,0,0,0,0,0,731,-400,10000,10000,10000,10000,18269,1
50000,2,2,1,1,5,4,8,7,6,48481,47426,56623,55815,55033,53625,0,10000,0,0,0,0,1519,2574,-6623,-5815,-5033,-3625,307003,0
170000,1,4,2,1,-2,-2,-2,-1,-1,0,0,0,0,500,500,0,0,0,500,500,500,170000,170000,170000,170000,169500,169500,-500,1
120000,1,2,4,-1,-1,-1,-1,-1,2,120290,116082,118405,99081,106300,104433,6000,6000,4000,9000,0,5000,-290,3918,1595,20919,13700,15567,634591,0
30000,3,2,3,1,2,-1,-1,-1,-1,32724,29279,27149,14930,14400,0,0,1500,797,680,0,0,-2724,721,2851,15070,15600,30000,115505,0
160000,2,2,1,-1,-1,-1,-1,-1,-1,157186,136159,96395,58773,60737,115158,6227,5000,5000,3000,60000,5000,2814,23841,63605,101227,99263,44842,540181,0
50000,1,4,1,2,2,2,2,2,2,45722,46694,47617,48542,49630,50047,2000,2000,2000,2000,1700,2000,4278,3306,2383,1458,370,-47,276552,1
30000,2,2,3,-1,-1,-1,-1,-1,-2,4180,390,0,780,0,0,390,0,780,0,0,0,25820,29610,30000,29220,30000,30000,4180,0
50000,2,1,2,-1,-1,-1,-1,-1,-1,47606,48653,50144,47838,48914,50442,1815,2306,2000,2000,2500,1700,2394,1347,-144,2162,1086,-442,281276,0
240000,2,2,3,1,-1,-1,-1,-1,-1,0,396,396,396,396,396,396,396,396,396,396,396,240000,239604,239604,239604,239604,239604,-396,0
50000,3,3,4,-1,-1,-1,-1,-1,-1,45771,23343,0,3400,2769,0,2266,0,3400,2769,1700,0,4229,26657,50000,46600,47231,50000,65148,0
180000,1,4,2,4,4,4,3,2,2,83020,84654,82852,81162,79958,178148,3500,0,0,0,100000,0,96980,95346,97148,98838,100042,1852,486294,1
500000,2,4,1,-1,-1,-1,-1,-1,-1,215459,201715,141177,130352,126422,113148,7412,4721,3854,3622,3433,3201,284541,298285,358823,369648,373578,386852,902030,0
240000,3,4,4,-1,-1,-1,-1,-1,-1,223045,218120,221051,191997,196221,200058,9490,8163,6753,7197,7176,5265,16955,21880,18949,48003,43779,39942,1206448,0
50000,2,2,1,-1,-1,-1,-1,-2,-2,30101,0,780,0,0,0,434,780,0,0,0,0,19899,50000,49220,50000,50000,50000,29667,0
50000,2,2,2,2,-1,-1,-2,-2,-2,6425,4580,0,0,0,0,1050,0,0,0,0,0,43575,45420,50000,50000,50000,50000,9955,1
220000,1,2,2,-1,-1,-1,-1,-1,-1,197600,201708,121499,124409,68319,0,8200,5100,5400,3300,0,0,22400,18292,98501,95591,151681,220000,691535,0
200000,2,1,2,1,-2,-2,-2,-2,-2,0,0,0,0,0,0,0,0,0,0,0,0,200000,200000,200000,200000,200000,200000,0,1
230000,1,2,2,-1,-1,-1,-1,-1,-1,4043,10609,4982,43509,2271,13486,10670,5008,43736,2282,13553,2980,225957,219391,225018,186491,227729,216514,671,0
20000,3,2,4,-1,-1,-1,-1,-1,-1,15552,16596,17609,17329,17850,18046,1300,1300,700,800,602,600,4448,3404,2391,2671,2150,1954,97680,0
130000,1,2,2,2,2,2,2,2,2,41795,43914,44396,45365,46093,47185,3100,1500,2000,1600,2000,2000,88205,86086,85604,84635,83907,82815,256548,1
100000,2,1,4,-1,-1,-1,-1,-1,-1,95549,98909,81181,48194,40692,18110,5025,2939,18263,15761,418,583,4451,1091,18819,51806,59308,81890,339646,0
20000,2,2,2,-1,-1,-1,-1,-1,-1,15972,16432,17618,17365,17719,17740,1500,1600,347,354,355,0,4028,3568,2382,2635,2281,2260,98690,1
50000,2,4,1,-1,-1,-1,-1,-1,-1,48801,50140,48776,19251,19650,14974,2144,1000,19251,622,558,290,1199,-140,1224,30749,30350,35026,177727,0
140000,3,1,3,2,2,2,2,2,2,78663,76839,80561,83643,82183,90823,0,5000,5000,0,10000,0,61337,63161,59439,56357,57817,49177,472712,1
90000,2,2,2,-1,-1,-1,-1,-1,-1,23730,24693,6470,9882,28283,27893,2000,5000,5000,25000,22000,5000,66270,65307,83530,80118,61717,62107,56951,0
290000,1,2,2,1,-1,-1,-1,-1,-1,1358,2586,11101,21101,2833,4820,2613,11101,10000,2839,4826,1352,288642,287414,278899,268899,287167,285180,11068,0
180000,2,4,2,-1,-1,-1,-1,-1,-1,181385,170946,171079,126724,125786,127419,8194,8500,4600,5000,4600,5000,-1385,9054,8921,53276,54214,52581,867445,1
200000,3,2,4,1,-2,-2,-2,-2,-2,0,0,0,0,0,0,0,0,0,0,0,0,200000,200000,200000,200000,200000,200000,0,1
110000,1,1,2,2,2,2,2,2,2,95686,98374,99562,100532,102779,100966,5100,3700,3500,4000,0,10060,14314,11626,10438,9468,7221,9034,571539,1
50000,3,2,1,-1,-1,-1,-1,-1,-1,17141,18361,19214,15519,15129,13747,1500,1211,516,520,622,5000,32859,31639,30786,34481,34871,36253,89742,0
290000,2,2,3,-2,-2,-2,-2,-2,-2,10608,34470,11888,27114,3501,12511,34470,11890,27114,3501,12511,5797,279392,255530,278112,262886,286499,277489,4809,0
380000,1,1,3,2,2,2,2,2,2,88069,90418,88327,92492,94617,96579,4400,0,6300,3500,3400,0,291931,289582,291673,287508,285383,283421,532902,1
480000,2,1,2,-1,-1,-1,-1,-1,-1,428927,436425,300134,315067,321825,328781,15000,30000,20000,12000,12500,12200,51073,43575,179866,164933,158175,151219,2029459,0
30000,2,4,1,-1,-1,-2,-2,-2,-2,18830,0,0,0,0,0,0,0,0,0,0,0,11170,30000,30000,30000,30000,30000,18830,0
380000,1,1,4,-1,-1,-1,-1,-1,-1,211463,201613,191343,184267,172328,230031,10000,10000,10000,20000,95000,50000,168537,178387,188657,195733,207672,149969,996045,0
340000,1,2,3,-1,-1,-1,-1,-1,-1,221587,216472,218817,223329,226176,230921,8409,8500,8500,8500,8500,8500,118413,123528,121183,116671,113824,109079,1286393,0
30000,2,4,1,-1,-1,-1,-1,2,2,17358,-36,23114,24727,24192,25905,0,23150,2000,0,2119,0,12642,30036,6886,5273,5808,4095,87991,0
200000,3,1,1,-1,-1,-1,-1,-1,-1,15456,46620,22935,8335,971,4278,46722,22985,8346,971,4296,21767,184544,153380,177065,191665,199029,195722,-6492,0
360000,1,4,2,-1,-1,-1,-1,-1,-1,40514,31871,27793,19409,18093,10800,1800,2025,3000,2000,1000,2000,319486,328129,332207,340591,341907,349200,136655,0
160000,1,1,3,-1,-1,2,-1,-1,-1,316,632,316,316,316,316,632,0,316,316,316,316,159684,159368,159684,159684,159684,159684,316,1
50000,2,2,3,1,1,-1,-1,-1,-1,50209,-2522,409,29148,30270,22814,0,2931,30000,5270,2814,3089,-209,52522,49591,20852,19730,27186,86224,0
200000,2,2,2,-2,-2,-2,-2,-2,-2,1473,1473,390,390,540,390,1473,390,390,540,390,0,198527,198527,199610,199610,199460,199610,1473,0
60000,2,2,2,-1,-1,-1,-1,-1,-1,39264,41622,42627,43914,45053,46303,3000,2000,2000,2000,2000,2000,20736,18378,17373,16086,14947,13697,245783,0
80000,3,2,4,-1,2,-1,-1,-1,-1,780,390,390,390,390,1320,0,390,390,390,1320,0,79220,79610,79610,79610,79610,78680,1170,0
100000,2,2,2,2,2,-1,-1,-1,-1,50721,49635,50509,51666,52834,54955,0,2000,2000,2000,3000,3000,49279,50365,49491,48334,47166,45045,298320,1
330000,1,1,2,-2,-2,-2,-1,-1,-1,18807,15865,34284,2780,20247,1806,2087,10054,2840,21101,1814,1861,311193,314135,295716,327220,309753,328194,54032,1
500000,1,4,3,-2,-2,-2,-2,-2,-2,0,5218,3981,0,3672,7617,5218,3981,0,3672,7617,2691,500000,494782,496019,500000,496328,492383,-2691,0
180000,2,2,2,-1,-1,-1,-1,-1,-1,54842,55435,56810,63562,41150,0,2073,2359,8000,3000,0,0,125158,124565,123190,116438,138850,180000,256367,0
200000,2,2,3,-1,-1,-1,2,-1,-1,120515,117292,24612,19527,16471,13408,3030,4452,0,708,656,1000,79485,82708,175388,180473,183529,186592,301979,0
420000,1,2,2,-1,-1,-1,-1,-1,-1,304964,312224,315822,275393,278745,244543,14000,11230,10000,8091,6965,6362,115036,107776,104178,144607,141255,175457,1675043,0
110000,2,4,1,-1,-1,-1,-1,-1,-1,34486,43872,45140,46885,48129,49327,10000,2000,2500,2000,2000,2000,75514,66128,64860,63115,61871,60673,247339,0
50000,2,2,1,2,-1,-1,-1,-1,-1,50710,45641,29259,9442,9792,9684,1974,1552,334,498,500,493,-710,4359,20741,40558,40208,40316,149177,1
130000,3,2,3,-1,-1,-1,-1,-1,-1,17505,18529,19545,20217,20890,21541,1312,1328,1000,1000,1000,799,112495,111471,110455,109783,109110,108459,111788,1
250000,2,1,2,-1,-1,-1,-1,-1,-1,168899,174479,157088,136787,139385,122947,10000,8300,5200,5500,5000,5000,81101,75521,92912,113213,110615,127053,860585,0
50000,2,4,1,-1,-1,-1,-2,-1,3,528,378,-150,-678,2057,1206,378,0,0,3263,0,0,49472,49622,50150,50678,47943,48794,-300,0
260000,2,1,3,-1,-1,-1,-1,-1,-1,99523,76712,55185,82040,60867,59005,3514,3049,58312,3018,3020,1511,160477,183288,204815,177960,199133,200995,360908,0
240000,2,1,4,-1,-1,2,-1,-1,-1,16135,249258,243589,204754,201426,198736,234000,30,7046,7023,10005,8014,223865,-9258,-3589,35246,38574,41264,847780,0
300000,1,4,1,-1,-1,2,-1,-1,-1,24763,33484,31501,32678,36147,40503,10700,0,2000,4000,5000,0,275237,266516,268499,267322,263853,259497,177376,0
200000,1,2,2,-1,-1,-1,-1,-1,-1,82831,15081,32105,4476,6491,1262,15089,32130,4476,6619,1262,1974,117169,184919,167895,195524,193509,198738,80696,0
600000,3,2,3,-1,-1,-1,-1,-1,-1,22921,11441,23471,30871,17314,10000,11444,23537,31171,17348,10000,10000,577079,588559,576529,569129,582686,590000,12518,0
130000,2,4,1,-1,-1,2,-1,-1,2,88345,94597,92077,93272,96298,95745,8600,0,3500,7100,3600,2900,41655,35403,37923,36728,33702,34255,534634,0
150000,1,4,1,-2,-2,-2,-2,-2,-2,9625,2099,5306,8240,1686,149,2099,5306,8240,1686,149,1760,140375,147901,144694,141760,148314,149851,7865,0
200000,1,2,2,-2,-1,-1,-1,-1,2,-1883,9208,103360,77818,26276,3235,15143,100057,292,10019,16,810,201883,190792,96640,122182,173724,196765,91677,0
80000,2,2,2,1,2,2,2,2,2,46461,47526,46466,48183,49057,51091,2100,0,2800,1800,3000,0,33539,32474,33534,31817,30943,28909,279084,1
60000,2,2,2,-1,-1,-1,-1,-1,-1,30834,33011,33434,34935,36344,37803,3000,2000,3000,4000,3000,3000,29166,26989,26566,25065,23656,22197,188361,0
360000,2,1,2,1,-2,-2,-2,-2,-2,0,0,0,0,0,0,0,0,0,0,0,0,360000,360000,360000,360000,360000,360000,0,0
110000,4,2,2,-1,-1,-1,-1,-1,-1,70204,69876,69584,59666,60916,61423,2745,2800,2200,2200,2207,3003,39796,40124,40416,50334,49084,48577,376514,0
70000,3,2,2,3,2,2,2,-1,-1,69852,67531,28650,27590,27850,28085,0,2708,0,1010,1013,2000,148,2469,41350,42410,42150,41915,242827,1
50000,1,2,1,1,-2,-1,2,2,2,0,0,71,71,3871,3612,0,71,0,3800,0,0,50000,50000,49929,49929,46129,46388,3754,1
10000,2,4,3,-1,-1,2,2,3,2,2496,4245,4525,5450,5073,4843,1800,500,1000,0,0,800,7504,5755,5475,4550,4927,5157,22532,1
120000,1,1,4,-1,-1,-1,-1,-1,-1,117446,117781,122030,114294,114144,116894,4400,8002,4200,4200,8000,4000,2554,2219,-2030,5706,5856,3106,669787,0
220000,2,1,3,-1,-1,-1,-1,-1,-1,8840,1369,5924,1759,1824,7022,6643,5924,1759,1824,7022,2515,211160,218631,214076,218241,218176,212978,1051,0
440000,1,2,2,-1,2,-1,2,-1,3,1137,343,812,168,2653,2203,0,1300,0,2777,0,0,438863,439657,439188,439832,437347,437797,3239,1
50000,2,1,3,-1,-1,-1,-1,-1,-1,1261,1261,1261,480,390,540,1261,1261,480,300,540,780,48739,48739,48739,49520,49610,49460,571,0
210000,2,2,2,-1,-1,2,-1,-1,-1,155913,165227,161427,164860,187329,186079,13000,0,5666,24886,6282,6494,54087,44773,48573,45140,22671,23921,964507,0
490000,2,4,2,-1,-1,-1,-1,-1,-1,13955,10859,57426,35554,15858,23033,52280,57428,1068,3000,23033,20225,476045,479141,432574,454446,474142,466967,-349,0
160000,1,2,2,-1,-1,-1,-1,-1,-1,4180,7781,1256,14160,6180,2000,7781,1276,14160,6180,2000,290,155820,152219,158744,145840,153820,158000,3870,0
180000,2,2,2,-1,-1,-1,-1,-1,-1,46202,47359,48316,28220,29260,30173,2200,2111,1015,1500,1400,5350,133798,132641,131684,151780,150740,149827,215954,0
330000,2,2,3,-1,-1,-1,-1,-1,-1,123813,127050,135631,138036,141330,144529,5100,10600,5000,5000,5000,5000,206187,202950,194369,191964,188670,185471,774689,0
20000,2,2,2,-1,-1,2,-1,-1,-1,17650,18740,18373,18768,19315,20836,2500,1000,1000,1000,2000,0,2350,1260,1627,1232,685,-836,106182,0
120000,2,4,2,-1,-1,-1,-1,-1,-1,93822,96916,99051,99927,101541,103379,4848,4877,3625,3600,3751,3900,26178,23084,20949,20073,18459,16621,570035,0
360000,1,4,2,-2,-2,-2,-2,-2,-2,-28,-28,1072,1980,10780,2036,0,1100,2025,10819,2110,5600,360028,360028,358928,358020,349220,357964,-5842,0
440000,4,4,1,-1,-1,-1,-1,-1,-1,217407,219860,265058,142132,92400,0,8005,50000,7000,9000,0,1058,222593,220140,174942,297868,347600,440000,861794,0
70000,2,4,2,-1,-1,-1,-1,-1,-1,62694,63995,66446,67786,69686,70500,1818,3000,1903,2458,1900,0,7306,6005,3554,2214,314,-500,390028,0
230000,1,2,3,1,-1,-1,-1,-1,-2,3884,949,2864,933,0,0,949,2873,933,0,0,0,226116,229051,227136,229067,230000,230000,3875,0
30000,2,2,1,2,-1,-1,2,2,2,26177,27249,29473,28719,29513,28890,1800,3000,0,2400,0,1600,3823,2751,527,1281,487,1110,161221,1
260000,2,1,2,-1,-1,-1,-1,-1,-1,176688,179281,180957,165911,169863,71403,6929,5088,4138,4789,2450,1507,83312,80719,79043,94089,90137,188597,919202,0
30000,2,2,1,2,2,4,3,2,2,18941,24602,23921,23259,22369,23408,6000,0,0,0,1800,0,11059,5398,6079,6741,7631,6592,128700,1
20000,3,6,4,-1,2,-1,-1,-1,-1,190,2946,1473,780,390,1738,1473,1473,780,0,1766,0,19810,17054,18527,19220,19610,18262,2025,1
70000,3,4,4,-1,-1,-1,-1,-1,-1,69997,41409,31450,29592,29703,19582,1700,3018,3338,3000,717,595,3,28591,38550,40408,40297,50418,209365,0
90000,3,1,2,-1,-1,-1,-1,-1,-1,68476,68485,67000,45837,49959,52981,4017,4000,4000,5000,4000,4000,21524,21515,23000,44163,40041,37019,327721,0
70000,2,4,2,2,-1,-1,2,-1,-1,29773,30542,33033,32203,32884,33587,1550,3000,0,1200,1250,2000,40227,39458,36967,37797,37116,36413,183022,1
30000,2,4,1,1,2,-1,-1,-1,-1,29676,28532,29510,29040,29178,0,0,1493,803,420,0,0,324,1468,490,960,822,30000,143220,0
270000,2,1,4,-1,-1,-1,-1,-1,-1,32108,32784,29891,24531,19391,8850,15000,10000,10000,10000,8850,22123,237892,237216,240109,245469,250609,261150,71582,0
30000,2,1,2,-1,-1,-1,-1,-1,-1,25989,27100,27868,28430,29077,29540,1533,1301,863,947,836,915,4011,2900,2132,1570,923,460,161609,0
410000,1,2,3,-2,-2,-2,-2,-2,-2,0,0,0,0,0,0,0,0,0,0,0,0,410000,410000,410000,410000,410000,410000,0,1
240000,2,2,2,-1,-1,-1,-1,-1,-1,151127,155421,154926,148681,24105,9770,10000,10000,300,1000,9770,18037,88873,84579,85074,91319,215895,230230,594923,0
30000,2,4,2,-1,-1,-1,-1,-1,2,30589,31547,28734,27551,28836,11718,1488,1400,1300,3000,0,500,-589,-1547,1266,2449,1164,18282,151287,0
110000,2,1,2,-1,-1,-1,-1,-2,-2,56573,26953,28190,-18,-18,-18,2000,2000,0,0,0,0,53427,83047,81810,110018,110018,110018,107662,0
20000,2,2,1,-1,-1,-1,-1,-1,-1,17850,15528,13597,14088,13723,16318,2019,2000,1003,1000,3000,2000,2150,4472,6403,5912,6277,3682,80082,0
500000,3,1,4,-2,-2,-2,-2,-2,-2,735,-5,-5,1012,500,0,0,0,1017,500,0,1059,499265,500005,500005,498988,499500,500000,-339,0
240000,2,4,2,-1,-1,-1,-1,-1,-1,308013,190907,192181,189877,188205,182325,7000,6615,6401,6503,6393,6051,-68013,49093,47819,50123,51795,57675,1212545,0
140000,2,4,1,-1,-1,-1,-1,-1,-1,137585,131666,114989,81475,82812,71484,6200,4246,5000,3000,3000,2800,2415,8334,25011,58525,57188,68516,595765,0
50000,1,2,1,-1,-1,-1,-1,-1,-1,42058,35340,22110,19837,19855,20151,1367,1606,692,709,721,692,7942,14660,27890,30163,30145,29849,153564,0
130000,1,2,1,-1,-1,-1,-1,-1,-1,32464,33805,34810,35194,35951,36703,1867,1872,1256,1500,1500,1500,97536,96195,95190,94806,94049,93297,199432,0
50000,3,2,4,-1,-1,-1,-1,-1,-1,50448,34741,21312,17398,17773,17368,2017,2130,500,2000,2000,2000,-448,15259,28688,32602,32227,32632,148393,1
260000,1,4,1,-1,-1,-1,-1,-1,-1,359,7822,13926,15393,22746,2946,9188,13907,3015,10413,2960,3820,259641,252178,246074,244607,237254,257054,19889,0
100000,2,1,2,-1,-1,-1,-1,-1,-1,1131,291,291,291,291,502,291,291,291,291,502,80,98869,99709,99709,99709,99709,99498,1051,0
30000,3,2,3,2,2,-1,-1,2,-1,25280,24589,26160,29927,29336,29820,0,2000,4200,0,1100,1100,4720,5411,3840,73,664,180,156712,1
60000,1,2,1,-1,-1,2,-1,-1,-1,440,880,440,880,440,1681,880,0,880,0,1681,811,59560,59120,59560,59120,59560,58319,509,0
20000,3,2,2,-1,-1,2,2,-1,-1,15791,18218,18621,18024,18434,19826,3000,1000,0,700,1700,0,4209,1782,1379,1976,1566,174,102514,1
60000,2,2,1,3,2,2,2,-1,-1,33866,33041,35284,31602,32221,30208,0,2900,0,1200,1409,1115,26134,26959,24716,28398,27779,29792,189598,1
350000,2,6,3,2,2,-2,-2,-2,-1,52949,-4577,-4577,-2699,-2699,297301,3682,0,1878,0,300000,0,297051,354577,354577,352699,352699,52699,30138,0
130000,2,2,3,2,2,-1,-1,-1,-1,133894,130312,128653,100795,95299,86564,0,7347,4000,3450,3300,4000,-3894,-312,1347,29205,34701,43436,653420,1
390000,2,4,1,2,2,2,-1,-1,-1,185111,172865,153795,140387,128112,115514,5000,3000,5000,4548,4100,3300,204889,217135,236205,249613,261888,274486,870836,0
460000,1,1,2,2,2,5,5,5,5,2495,2495,2495,2495,2495,2495,0,0,0,0,0,0,457505,457505,457505,457505,457505,457505,14970,1
30000,3,2,2,-1,-1,-1,-1,-1,-2,27838,28791,27788,29784,0,0,1703,1200,2196,2500,0,0,2162,1209,2212,216,30000,30000,106602,1
170000,2,2,2,-1,-1,-1,-1,-1,-1,10316,2798,4543,3229,2062,0,2798,4022,3229,2062,0,0,159684,167202,165457,166771,167938,170000,10837,1
20000,2,2,1,3,2,-1,-1,-1,-2,20771,19935,3110,2140,0,0,0,1000,100,2000,0,0,-771,65,16890,17860,20000,20000,42856,1
260000,2,1,2,-1,-1,-1,-1,-2,-2,12695,9277,7065,0,0,0,4005,4150,0,0,0,0,247305,250723,252935,260000,260000,260000,20882,0
190000,1,4,2,-1,-1,-1,-1,-1,-1,161248,157952,157663,161039,161907,161729,6500,7000,10000,7000,6500,6000,28752,32048,32337,28961,28093,28271,918538,0
480000,1,1,2,-1,-1,-1,-1,-1,2,470317,469673,450172,371819,390178,383822,18507,19307,13534,28001,14,11568,9683,10327,29828,108181,89822,96178,2445050,0
60000,2,2,2,-1,-1,-1,-1,-1,-1,58760,57635,56706,56452,58542,60273,2500,2000,2100,3000,3210,10000,1240,2365,3294,3548,1458,-273,325558,0
260000,1,2,2,-1,-1,-1,-1,-1,-1,256359,208852,192782,189886,196398,194568,10027,10107,20000,10000,10000,10000,3641,51148,67218,70114,63602,65432,1168711,0
50000,3,4,4,-2,-2,-2,-1,-1,-1,48781,50283,51400,9463,9661,9854,2283,2400,9463,350,353,365,1219,-283,-1400,40537,40339,40146,164228,0
160000,1,4,1,-1,-1,-1,-1,-1,-1,76038,64399,52532,39455,26505,13302,2791,3000,1286,890,497,267,83962,95601,107468,120545,133495,146698,263500,0
280000,1,4,1,-1,-1,-1,-1,-1,-1,768,786,1379,1885,143,1250,788,1383,1890,143,1253,316,279232,279214,278621,278115,279857,278750,438,0
290000,3,2,1,-1,-1,-1,-1,-1,-1,161623,166345,167924,170227,164584,161912,11200,6000,6000,6000,6700,5000,128377,123655,122076,119773,125416,128088,951715,0
240000,3,2,2,-1,-1,-1,-2,-2,-2,8020,717,0,0,0,0,724,0,0,0,0,6516,231980,239283,240000,240000,240000,240000,1497,0
20000,2,2,3,-1,-1,-1,-1,-1,-1,7434,8453,9249,9438,5700,1140,1300,3000,189,0,1140,390,12566,11547,10751,10562,14300,18860,35395,0
230000,3,2,3,-1,-1,-1,-1,-1,-1,1856,32254,4805,1600,4712,3466,32254,4819,1600,4712,3466,3199,228144,197746,225195,228400,225288,226534,-1357,0
120000,2,2,2,-1,-1,-1,-1,2,2,46736,75853,79570,106523,108614,107519,30000,5000,30000,3900,4000,3800,73264,44147,40430,13477,11386,12481,448115,1
400000,1,2,1,-2,-2,-2,-2,-2,-2,1202,-14,2893,13854,13860,12215,0,2907,13863,13869,12216,29171,398798,400014,397107,386146,386140,387785,-28016,0
80000,2,1,2,1,2,2,-1,-1,-1,64575,65961,64308,65047,66504,74360,3000,0,2400,2500,9000,0,15425,14039,15692,14953,13496,5640,383855,0
200000,1,2,2,-1,-1,-1,-1,-1,-1,74418,3251,86800,84144,83699,121930,3251,86804,1820,29000,71439,2738,125582,196749,113200,115856,116301,78070,259190,0
20000,2,1,3,1,4,3,2,3,2,17453,16898,16334,17270,16713,16297,0,0,1500,0,0,3000,2547,3102,3666,2730,3287,3703,96465,1
100000,2,2,1,-1,2,-1,-1,-1,-1,214,107,214,107,107,38362,0,214,0,107,38362,1600,99786,99893,99786,99893,99893,61638,-1172,1
150000,2,3,1,-1,-1,-1,-1,-1,-1,1180,7667,9044,8397,6763,0,7705,9047,8,33,0,0,148820,142333,140956,141603,143237,150000,16258,1
180000,2,4,1,-1,-1,-1,-1,-1,2,178239,178856,177754,178191,183051,179546,7969,6379,6319,10671,3000,5400,1761,1144,2246,1809,-3051,454,1035899,1
500000,2,2,3,-1,-1,-1,-1,-1,-1,396,396,396,396,396,396,396,396,396,396,396,396,499604,499604,499604,499604,499604,499604,0,1
360000,2,4,3,-1,-1,-1,-1,-1,-1,4000,311,913,465,157,4247,311,920,465,157,4247,157,356000,359689,359087,359535,359843,355753,3836,0
320000,1,2,2,-1,-1,-1,-1,-1,-1,3872,5409,16770,83490,0,52281,5409,16778,83490,0,52281,15643,316128,314591,303230,236510,320000,267719,-11779,0
220000,1,1,3,1,-2,-2,-2,-2,-2,0,0,0,0,0,0,0,0,0,0,0,0,220000,220000,220000,220000,220000,220000,0,1
50000,1,4,2,1,2,2,2,2,2,29003,29244,30827,31224,30587,32763,1000,2363,1200,0,2700,1157,20997,20756,19173,18776,19413,17237,175228,1
310000,1,1,3,-2,-2,-2,-2,-2,-2,960,1863,2667,0,2654,0,1869,2681,0,2654,0,2397,309040,308137,307333,310000,307346,310000,-1457,0
50000,2,2,4,-1,-1,-1,-1,-1,-1,16242,13277,10834,10531,10239,5741,1215,1087,297,309,220,100,33758,36723,39166,39469,39761,44259,63636,0
160000,2,4,1,-1,-1,-1,-1,-1,-2,21905,22473,21380,283,0,-17149,1373,1000,283,0,0,20261,138095,137527,138620,159717,160000,177149,25975,0
280000,2,2,3,-1,-1,-1,-1,-1,2,415,415,415,565,830,415,415,415,565,830,0,415,279585,279585,279585,279435,279170,279585,415,0
20000,3,2,3,4,3,2,-1,-1,2,12480,12001,11516,11436,12553,12501,0,0,408,1300,300,0,7520,7999,8484,8564,7447,7499,70479,1
60000,1,2,1,-1,-1,-1,-2,-1,-1,390,780,0,0,371,18239,780,0,0,371,18239,650,59610,59220,60000,60000,59629,41761,-260,1
390000,2,1,2,-1,-1,-1,-1,-1,-1,178087,185212,187648,192538,198828,206489,10000,7001,8001,10000,10000,14807,211913,204788,202352,197462,191172,183511,1088993,0
50000,2,2,1,1,-2,-2,-2,-2,-2,0,0,0,0,0,0,0,0,0,0,0,0,50000,50000,50000,50000,50000,50000,0,0
450000,1,2,2,-1,-1,-1,2,-1,-1,757,1422,2469,1562,20030,9248,1422,2000,0,20030,1000,1000,449243,448578,447531,448438,429970,440752,10036,0
180000,2,2,1,-1,-1,-1,-1,-1,-1,171041,111580,71902,10045,10484,10816,5000,3340,500,1000,1000,416,8959,68420,108098,169955,169516,169184,374612,0
140000,3,2,2,2,2,2,2,2,-1,145627,145339,136223,113942,109652,109118,6005,210,7903,0,4183,4213,-5627,-5339,3777,26058,30348,30882,737387,0
40000,2,4,2,1,2,2,-1,-1,-1,21576,23242,21057,20746,20613,867,3000,0,1000,1062,1600,1542,18424,16758,18943,19254,19387,39133,99897,0
80000,2,2,1,-1,-1,-1,-1,-1,2,24906,26242,27360,27480,29642,28779,2000,1800,1100,3000,0,1000,55094,53758,52640,52520,50358,51221,155509,0
240000,3,4,2,-1,-1,-2,-2,-2,-2,4215,0,0,0,0,0,0,0,0,0,0,0,235785,240000,240000,240000,240000,240000,4215,0
80000,2,2,2,-1,-1,-1,-1,-1,-1,69963,64081,62582,47595,44724,44287,5000,2012,2000,3000,44287,3000,10037,15919,17418,32405,35276,35713,273933,0
360000,3,2,3,-1,-1,-1,-1,-1,-1,167370,183070,190369,185069,195069,27004,20000,16000,5000,20000,30000,10000,192630,176930,169631,174931,164931,332996,846951,0
300000,2,2,2,-1,-1,-1,-1,-1,-1,3862,-3,6367,570,3749,127,0,6370,570,3749,1217,60959,296138,300003,293633,299430,296251,299873,-58193,0
390000,1,4,1,-2,-2,-1,-1,-1,-1,0,0,1630,1871,2400,3480,0,1630,1871,2400,3480,1600,390000,390000,388370,388129,387600,386520,-1600,0
320000,1,1,2,-1,-1,-2,-2,-2,-1,14515,0,0,0,0,13439,0,0,0,0,13439,0,305485,320000,320000,320000,320000,306561,14515,1
220000,1,2,1,-1,-1,-1,-1,-1,-1,52593,65221,73395,81697,57517,58920,15000,10000,10000,5000,1776,10000,167407,154779,146605,138303,162483,161080,337567,0
340000,1,4,1,-1,-1,-1,-1,-1,-1,132024,135687,138933,139824,142461,145269,6400,7000,5000,5200,5500,25000,207976,204313,201067,200176,197539,194731,780098,0
90000,2,2,2,1,-1,-1,-1,-1,-1,0,323,0,2520,1651,0,323,0,2520,1651,0,0,90000,89677,90000,87480,88349,90000,0,0
130000,2,4,2,-1,-1,-1,-1,-1,-1,7547,3773,4329,8638,2279,-1,1011,4345,9261,2285,0,338,122453,126227,125671,121362,127721,130001,9325,0
160000,2,1,2,2,-1,-1,-1,-1,-1,833,833,833,833,833,833,833,833,833,833,833,833,159167,159167,159167,159167,159167,159167,0,1
280000,1,1,2,-2,-2,-2,-2,-2,-1,101259,7224,11169,2300,0,10551,7259,11055,2311,0,10551,15000,178741,272776,268831,277700,280000,269449,86327,1
310000,2,4,2,-1,-1,-1,-1,-1,-1,1276,3666,2779,3140,1831,5347,3666,2787,3140,0,5347,1420,308724,306334,307221,306860,308169,304653,1679,0
130000,2,2,1,-1,-1,-1,-2,-2,-2,30857,43333,0,0,0,0,13333,0,0,0,0,0,99143,86667,130000,130000,130000,130000,60857,0
180000,2,2,2,-1,-1,2,-1,-1,-1,149218,217602,96169,70083,59509,78312,10915,5,5050,10000,20000,2000,30782,-37602,83831,109917,120491,101688,622923,0
30000,2,1,2,1,2,-1,-1,-1,-1,30559,26457,27469,28013,28614,29636,129,1456,1000,1050,1500,1505,-559,3543,2531,1987,1386,364,164108,0
170000,2,4,2,-1,-1,-1,-1,-1,-1,8069,2855,11744,5886,12916,3177,2855,11900,5886,12916,3177,4511,161931,167145,158256,164114,157084,166823,3402,1
240000,1,1,1,-1,-1,-1,-2,-1,-1,17882,367,-4661,-23,4638,2500,403,4838,4638,4661,2500,0,222118,239633,244661,240023,235362,237500,3663,0
70000,1,2,2,-1,-1,-1,-1,-1,-1,52440,55961,63341,64694,67905,59383,5000,10000,3000,5000,3000,2900,17560,14039,6659,5306,2095,10617,334824,0
110000,1,4,1,1,-1,-1,-1,-1,-1,-100,200,400,46952,48455,47324,500,400,46952,3000,3000,2000,110100,109800,109600,63048,61545,62676,87379,1
20000,3,2,1,1,2,2,-2,-2,-2,14428,14310,0,0,0,0,480,0,0,0,0,0,5572,5690,20000,20000,20000,20000,28258,1
210000,1,4,2,-1,-1,-1,-1,-1,-1,7056,2881,1166,13740,6813,2144,3033,1172,13940,0,0,0,202944,207119,208834,196260,203187,207856,15655,0
20000,2,4,1,-1,-1,-1,-1,-1,-1,20040,17850,13560,11748,10632,10019,1499,1099,333,2000,2000,800,-40,2150,6440,8252,9368,9981,76118,0
360000,2,2,3,-1,-1,-1,-1,-1,-1,1999,10145,4005,19158,3569,31171,10145,4723,19158,3569,31171,3283,358001,349855,355995,340842,356431,328829,-2002,0
80000,3,1,4,-1,-1,-1,-1,-1,-1,71720,73024,74297,33412,30070,30254,3234,3075,1126,1091,1074,1028,8280,6976,5703,46588,49930,49746,302149,0
170000,1,4,2,-1,-1,-1,-1,-1,-1,55623,49216,46239,36300,29350,28164,2253,1888,1200,3782,1160,976,114377,120784,123761,133700,140650,141836,233633,0
70000,2,4,2,-1,-1,-1,-1,-1,-1,3878,4957,6209,6338,6587,6828,1300,1500,380,500,500,800,66122,65043,63791,63662,63413,63172,29817,0
110000,2,1,2,-1,-1,-1,2,2,2,26000,9000,63853,59308,60576,42784,1500,63853,1500,2062,0,7222,84000,101000,46147,50692,49424,67216,185384,0
10000,1,4,1,-1,-1,-1,2,2,-1,8128,8470,10255,9389,8345,8572,1400,2500,500,0,500,2000,1872,1530,-255,611,1655,1428,46259,0
60000,1,4,1,-1,-1,-1,-1,-1,-1,17191,17864,18408,18393,18238,18345,1700,1600,1000,1000,1000,2000,42809,42136,41592,41607,41762,41655,100139,0
220000,1,1,2,-1,-1,-1,-1,-1,-1,38647,27796,12372,4610,3668,-809,2017,3000,1000,0,0,3000,181353,192204,207628,215390,216332,220809,77267,0
50000,1,2,2,-1,-1,-1,-1,-1,-1,21171,22698,14125,18025,9063,10747,2028,2000,4000,2000,2000,2000,28829,27302,35875,31975,40937,39253,81801,0
50000,2,4,1,-1,-1,-1,-1,-1,-1,1470,627,14596,19323,19728,20142,627,14596,5000,716,742,404,48530,49373,35404,30677,30272,29858,53801,0
70000,2,4,1,-1,-1,-1,-1,-1,-1,23790,23880,24843,25338,25461,26008,1425,1388,883,906,952,877,46210,46120,45157,44662,44539,43992,142889,0
180000,2,2,1,-1,-1,-1,-1,-1,-1,145574,108617,102711,95652,97661,99656,3907,3600,3415,3542,3616,2000,34426,71383,77289,84348,82339,80344,629791,0
60000,1,2,2,2,2,2,2,2,2,60705,62352,60745,58828,55606,58551,3200,0,4580,0,4727,0,-705,-2352,-745,1172,4394,1449,344280,1
100000,2,2,3,2,2,2,2,2,2,44421,45504,46157,46900,47999,49057,2100,1700,1800,2000,2000,2000,55579,54496,53843,53100,52001,50943,268438,1
500000,2,2,1,-1,-1,-1,-1,-1,-1,24677,28287,32988,21579,26674,28697,7013,8071,3013,8012,5019,2006,475323,471713,467012,478421,473326,471303,129768,0
50000,2,2,2,-1,-1,-1,-2,-2,-2,26533,16426,0,0,0,0,1000,0,0,0,0,0,23467,33574,50000,50000,50000,50000,41959,0
340000,2,4,1,-1,-1,-1,-1,-1,-1,24583,1954,11271,6559,1924,10057,1964,11337,6591,1933,10072,33,315417,338046,328729,333441,338076,329943,24418,0
450000,1,2,2,-1,-1,-1,-1,-1,-1,3960,4397,2177,17871,11451,3570,4412,2180,17895,11502,3581,37092,446040,445603,447823,432129,438549,446430,-33236,0
160000,1,2,2,-1,-1,-1,-1,-1,-1,813,1351,0,2773,215,2026,1351,0,2773,215,2026,0,159187,158649,160000,157227,159785,157974,813,0
180000,2,1,2,-1,-1,-1,-1,-1,-1,177017,107267,11426,96562,144345,141659,20135,12099,96562,49000,140000,6000,2983,72733,168574,83438,35655,38341,354480,0
50000,2,1,1,1,-1,-1,-1,-1,-1,-8,37230,10496,3614,2254,1494,18631,1000,0,0,0,0,50008,12770,39504,46386,47746,48506,35449,1
500000,2,1,2,1,2,-1,-1,2,-1,91662,88467,90193,94629,92621,80971,0,4500,7200,8,3403,2311,408338,411533,409807,405371,407379,419029,521121,0
80000,2,4,1,-1,-1,-1,-1,-1,-1,3796,7913,7012,11009,16418,27694,7913,1000,9000,6000,12000,5000,76204,72087,72988,68991,63582,52306,32929,0
280000,3,1,3,-1,-1,-1,-1,-1,-1,4792,3410,2295,3105,582,14013,3410,2295,3105,582,14013,4240,275208,276590,277705,276895,279418,265987,552,0
240000,4,2,3,2,2,2,2,2,2,239633,242710,229923,238940,238775,238202,9000,0,18000,9000,8600,0,367,-2710,10077,1060,1225,1798,1383583,0
20000,1,4,1,-1,-1,-1,-1,-1,-1,15036,16069,16774,17266,17539,18033,1580,1280,770,700,785,600,4964,3931,3226,2734,2461,1967,95002,0
50000,2,2,1,-1,-1,-1,-1,-1,-1,46858,22534,18131,18530,19079,19608,2000,4131,1000,1000,1000,1000,3142,27466,31869,31470,30921,30392,134609,0
100000,1,2,3,2,2,2,2,2,2,46195,47166,46112,48925,49794,50823,2000,0,3900,1800,2000,2000,53805,52834,53888,51075,50206,49177,277315,1
80000,2,4,2,1,3,2,-1,-1,-2,84054,82194,78715,26681,0,0,3,5,1075,0,0,0,-4054,-2194,1285,53319,80000,80000,270561,1
150000,1,4,3,-1,-1,-1,-1,-2,-2,7296,1819,1012,0,0,0,1819,1012,0,0,0,0,142704,148181,148988,150000,150000,150000,7296,1
220000,2,2,2,1,2,2,2,2,2,105348,106432,102996,100198,100357,95471,4268,3251,2900,5000,0,105300,114652,113568,117004,119802,119643,124529,490083,1
270000,2,4,2,-1,-1,-1,-1,-1,-1,131310,123737,115927,106350,98365,89909,6000,5700,3800,3700,3300,3100,138690,146263,154073,163650,171635,180091,639998,0
230000,3,4,1,-1,-1,-1,-1,-1,-1,26214,26504,20010,0,104160,0,2000,1067,0,104160,0,0,203786,203496,209990,230000,125840,230000,69661,0
140000,2,2,2,-1,-1,2,4,3,2,106298,111040,122612,120270,118091,122963,6451,15000,1100,0,7000,0,33702,28960,17388,19730,21909,17037,671723,1
180000,2,2,3,-1,-1,-1,-2,-2,-2,4289,1000,0,0,0,0,1000,0,0,0,0,10443,175711,179000,180000,180000,180000,180000,-6154,0
140000,2,4,1,1,2,2,-1,-1,-1,28332,27464,-1116,90558,92530,83880,0,28,92000,3800,3600,2604,111668,112536,141116,49442,47470,56120,219616,0
30000,2,2,2,-1,-1,2,2,2,-1,20290,24727,24031,25579,25030,25526,5100,0,1949,0,912,2100,9710,5273,5969,4421,4970,4474,135122,1
80000,2,1,2,-1,-1,-1,-1,-1,-1,25028,26054,20344,7311,6100,2160,3033,3379,0,0,0,0,54972,53946,59656,72689,73900,77840,80585,0
140000,2,2,2,-1,-1,-1,-1,-1,-1,131026,130023,76098,50419,47202,43946,5006,2169,1651,2122,3006,2505,8974,9977,63902,89581,92798,96054,462255,0
20000,3,2,2,-1,-1,-1,-1,-1,-1,18878,19286,18977,18335,18718,18475,1318,1289,647,669,664,682,1122,714,1023,1665,1282,1525,107400,0
360000,1,1,2,-1,-1,-1,-1,-2,-1,797,357,759,0,0,2318,360,759,0,0,2318,0,359203,359643,359241,360000,360000,357682,794,0
130000,1,4,1,-2,-2,-2,-2,-1,-1,9821,8582,0,0,1170,0,8611,0,0,1170,0,1070,120179,121418,130000,130000,128830,130000,8722,1
70000,1,2,2,1,2,-1,-1,-1,-1,31919,31123,32203,34656,36927,38308,0,1600,3000,3000,2000,1420,38081,38877,37797,35344,33073,31692,194116,1
300000,1,2,3,-1,-1,-1,-1,-1,-1,2930,1610,0,800,0,1951,1610,0,800,0,1951,0,297070,298390,300000,299200,300000,298049,2930,0
500000,2,2,2,-2,-2,-2,-2,-2,-2,71731,75357,62407,63706,59452,47868,25487,80389,50132,22208,30167,25036,428269,424643,437593,436294,440548,452132,147102,0
20000,2,2,2,-1,-1,-1,-1,-1,-1,39508,16063,17090,17506,17924,18526,2546,1300,700,700,900,600,-19508,3937,2910,2494,2076,1474,119871,0
140000,2,1,3,-1,3,2,2,2,2,104144,106179,106947,107690,109821,107893,5200,4000,4000,4000,0,4100,35856,33821,33053,32310,30179,32107,621374,1
400000,2,4,1,1,-2,-1,-1,-2,-1,0,0,890,0,0,1180,0,890,0,0,1180,1470,400000,400000,399110,400000,400000,398820,-1470,0
30000,2,4,1,-1,-1,-1,-1,-1,3,15280,16230,17153,17351,19509,18900,1500,1500,780,2600,0,900,14720,13770,12847,12649,10491,11100,97143,1
50000,1,1,2,2,2,-1,-1,-1,-1,12632,13131,14817,13725,13147,5932,1000,2000,7000,5000,5932,25497,37368,36869,35183,36275,36853,44068,26955,0
380000,2,1,2,-1,-1,-1,-1,-1,-1,88112,91640,93480,95256,96964,71250,4569,4000,3000,5000,5000,2070,291888,288360,286520,284744,283036,308750,513063,0
360000,2,4,1,-2,-2,-1,-1,-1,-1,5497,3300,512,2512,2593,0,3000,512,2000,2473,0,947,354503,356700,359488,357488,357407,360000,5482,1
620000,1,4,4,-1,-1,-1,-1,-1,-1,31400,32166,17206,164582,75743,54737,32335,17244,154826,76300,55012,55136,588600,587834,602794,455418,544257,565263,-15019,0
200000,3,1,5,-1,-1,-1,-1,-1,-1,83858,66979,65728,64490,53186,52136,3207,3042,2100,2008,2508,2000,116142,133021,134272,135510,146814,147864,371512,0
20000,2,2,1,-1,2,-1,-1,-1,-1,19744,19137,19476,16911,11893,9583,0,1200,0,5000,1000,0,256,863,524,3089,8107,10417,89544,1
170000,1,4,1,-1,-1,-1,-1,-1,-1,5539,337,11277,11277,14277,-47,1147,11477,0,3000,0,0,164461,169663,158723,158723,155723,170047,27036,1
250000,1,4,1,-1,-1,-1,2,2,2,195126,199972,205635,212608,207919,205377,9500,10800,12018,3000,5000,12000,54874,50028,44365,37392,42081,44623,1174319,0
120000,2,4,1,1,-2,-2,-2,-2,-2,0,0,0,0,-10810,-15296,0,0,0,0,0,85929,120000,120000,120000,120000,130810,135296,-112035,1
150000,3,1,3,-1,-1,-1,-1,-1,-1,96396,98366,99456,79956,78154,76634,4073,3404,2722,54788,2770,2798,53604,51634,50544,70044,71846,73366,458407,0
200000,3,2,3,2,-1,-1,-1,-1,-1,199802,195038,129415,88682,74132,71281,9231,4872,2894,2637,2591,2410,198,4962,70585,111318,125868,128719,733715,0
200000,1,1,2,-1,-1,-1,-1,-1,-1,91415,79928,23532,23632,12852,5799,20387,2023,5060,1549,3029,8419,108585,120072,176468,176368,187148,194201,196691,0
180000,1,2,3,-1,-1,-1,-1,-1,-1,97925,98817,98495,96309,98484,100319,4303,4200,3500,3700,3600,3800,82075,81183,81505,83691,81516,79681,567246,0
500000,1,4,2,-1,-1,-1,-1,-1,-1,119451,143348,159291,262663,308074,400050,26000,20000,106700,50000,100000,200000,380549,356652,340709,237337,191926,99950,890177,0
20000,2,4,1,-1,-1,-1,-1,-1,-1,13867,14834,15931,15850,16226,14411,1500,1450,369,429,288,250,6133,5166,4069,4150,3774,5589,86833,0
500000,2,1,2,-1,-1,-1,-1,-1,-1,342548,290244,250186,276579,239874,226502,8628,6242,231888,7945,7840,6966,157452,209756,249814,223421,260126,273498,1356424,1
80000,1,2,3,-1,-1,-1,-1,-1,-1,15739,17253,35369,18351,14249,10637,17253,35369,18351,14249,10637,12331,64261,62747,44631,61649,65751,69363,3408,0
80000,3,4,1,-1,-1,2,2,2,2,71988,76940,68255,55983,59823,51519,6200,2000,2,6278,0,1567,8012,3060,11745,24017,20177,28481,368461,0
360000,1,2,2,-1,-1,-1,-1,-1,-1,36590,29751,22581,12936,7970,7970,1400,1000,1000,3000,0,0,323410,330249,337419,347064,352030,352030,111398,0
230000,1,4,1,-1,-1,-1,-1,-1,-1,12089,2306,13827,11686,46963,15962,2306,13835,11686,46963,15962,1596,217911,227694,216173,218314,183037,214038,10485,0
70000,2,2,2,3,2,-1,-1,-1,2,21986,21351,22090,22723,24351,23809,0,1400,1000,2000,0,2074,48014,48649,47910,47277,45649,46191,129836,1
20000,2,2,1,-2,-2,-1,2,-1,-1,1000,0,16668,16105,16496,16872,0,25464,0,800,800,800,19000,20000,3332,3895,3504,3128,39277,0
250000,2,2,2,-1,-1,-1,-1,-1,-1,215928,221963,224949,229577,234221,238960,9510,8160,8364,8493,8625,8737,34072,28037,25051,20423,15779,11040,1313709,0
400000,2,2,2,-1,-1,-1,-1,-1,-1,61705,58018,52383,48139,35898,30754,3000,3000,3000,4000,3000,4000,338295,341982,347617,351861,364102,369246,266897,0
420000,1,2,2,-1,-1,-1,-1,-1,-1,3790,19292,15068,37435,-1896,18995,19292,15087,37435,287,25087,3046,416210,400708,404932,382565,421896,401005,-7550,0
320000,2,2,2,-1,-1,-1,-1,-1,-1,31989,35554,85376,88585,101546,41685,5001,92586,5001,15001,3011,6001,288011,284446,234624,231415,218454,278315,258134,0
30000,1,2,1,-1,-1,-1,-1,-1,-1,29108,29806,30477,30651,30107,26304,1800,1800,1300,1560,1000,1100,892,194,-477,-651,-107,3696,167893,1
470000,1,2,2,-1,-1,-1,-1,-1,-1,290137,294980,276255,241089,223366,207733,15128,12235,10123,10019,10102,10000,179863,175020,193745,228911,246634,262267,1465953,0
70000,1,2,2,1,2,2,-1,-1,-1,65779,34480,33632,35747,38981,43331,3000,0,3000,4000,5000,0,4221,35520,36368,34253,31019,26669,236950,1
70000,2,4,1,-1,-1,-1,-1,-1,-1,18193,19241,19346,15754,15855,15011,1352,1237,545,726,353,99,51807,50759,50654,54246,54145,54989,99088,1
30000,1,4,1,-1,-1,-1,-1,-1,-1,22399,25859,26540,13842,16299,18547,5000,1500,499,3000,3000,3000,7601,4141,3460,16158,13701,11453,107487,0
30000,2,2,1,1,2,2,-1,-1,-2,14274,14367,13296,12516,0,0,1000,0,0,0,0,0,15726,15633,16704,17484,30000,30000,53453,1
30000,2,2,3,2,2,2,-1,-1,-1,30330,30948,29480,28805,19733,16543,1400,0,928,602,768,1299,-330,-948,520,1195,10267,13457,150842,1
70000,2,2,2,-1,-1,-1,-1,-1,-1,67306,69023,69340,39191,40009,40893,3400,2310,1600,1600,1700,2000,2694,977,660,30809,29991,29107,313152,0
20000,3,4,4,-1,-1,-1,-1,-1,-1,16350,17382,18488,19179,19720,19822,1300,1400,1000,1000,626,300,3650,2618,1512,821,280,178,105315,0
210000,2,2,2,2,2,-1,-1,2,-1,200332,195530,176634,128137,130500,128838,0,6800,4900,4500,4700,4900,9668,14470,33366,81863,79500,81162,934171,1
170000,1,2,2,-1,-1,-1,-1,-1,-1,1000,1000,3000,1000,1000,1500,1000,3000,0,1000,1500,1000,169000,169000,167000,169000,169000,168500,1000,0
300000,2,2,2,-1,-1,-1,-1,-1,-1,86267,78176,48163,13461,5121,5663,78580,48408,13538,5145,5690,13535,213733,221824,251837,286539,294879,294337,71955,0
10000,2,4,1,-1,-1,-1,-1,-1,-1,7199,8275,9232,9266,9501,9729,1350,1270,300,350,350,300,2801,1725,768,734,499,271,49282,1
50000,1,4,1,-2,-2,-2,-2,-2,-2,220,220,677,1200,666,1480,220,677,1200,666,1480,3710,49780,49780,49323,48800,49334,48520,-3490,0
200000,2,2,2,1,2,-1,-1,-1,-1,35706,34064,30519,26166,28097,29855,1500,2547,2500,2500,3500,2000,164294,165936,169481,173834,171903,170145,169860,0
220000,1,4,2,-1,-1,-2,-2,-2,-2,2978,125,15064,101,1011,1411,125,15064,101,1011,1906,486,217022,219875,204936,219899,218989,218589,1997,0
400000,2,2,2,-1,-1,-1,-1,-1,-1,14986,25772,12621,13983,3378,3770,25772,1500,13983,3378,2000,9353,385014,374228,387379,386017,396622,396230,18524,0
260000,1,4,2,-1,-1,-1,-2,-2,-2,449,1340,0,0,0,0,1340,0,0,0,0,3250,259551,258660,260000,260000,260000,260000,-2801,0
10000,2,2,2,-1,-1,-1,-1,-1,-1,10000,7419,7392,8265,8631,17974,7419,1400,1000,500,500,500,0,2581,2608,1735,1369,-7974,48362,0
140000,1,2,1,-1,-1,-1,-1,-1,-1,23702,23917,24460,435,435,435,1457,1000,435,435,435,435,116298,116083,115540,139565,139565,139565,69187,0
50000,3,2,3,-1,-1,-1,-1,-1,-1,97348,49221,29457,9279,888,19947,3711,1060,212,888,19709,690,-47348,779,20543,40721,49112,30053,179870,0
330000,2,2,3,-1,-1,-1,-1,-1,-1,18516,24202,32912,36710,40442,42283,10000,10000,5000,5000,5000,5000,311484,305798,297088,293290,289558,287717,155065,0
130000,1,4,1,-2,-2,-2,-2,-2,-2,-200,-200,0,2115,0,0,0,200,2115,0,0,0,130200,130200,130000,127885,130000,130000,-600,1
360000,1,4,2,-2,-1,2,-1,-1,-1,0,883,887,26292,22279,550,883,4,26514,557,550,2500,360000,359117,359113,333708,337721,359450,19883,0
450000,1,2,1,-1,-1,-1,-1,-1,-1,9845,11991,17111,19585,9756,3282,3000,10000,3000,10000,3300,326,440155,438009,432889,430415,440244,446718,41944,0
500000,1,2,2,-1,-1,-1,-1,-1,-1,15401,23032,54759,52030,71797,93159,23128,40105,52221,71852,93218,179568,484599,476968,445241,447970,428203,406841,-149914,0
240000,2,1,2,-1,-1,-1,-1,-1,-1,8383,3470,2220,2220,3356,2220,3470,2220,2220,3356,2220,3829,231617,236530,237780,237780,236644,237780,4554,0
60000,2,4,1,1,2,-1,-1,-1,-1,9045,7910,6770,6880,5021,4952,1000,1000,1000,2000,2000,3000,50955,52090,53230,53120,54979,55048,30578,0
340000,2,1,3,-1,-1,-1,-1,-1,-1,76166,83909,169911,130718,131684,126223,10000,115000,5000,6000,10000,10000,263834,256091,170089,209282,208316,213777,562611,0
500000,2,2,4,-1,-1,-1,-1,-1,-1,7855,17481,12021,132906,122256,37380,17512,12021,132906,0,37380,3500,492145,482519,487979,367094,377744,462620,126580,0
270000,2,2,2,-1,-1,-1,-1,-1,-1,121065,96197,92217,94082,96367,97793,3500,3349,3400,3800,3300,2601,148935,173803,177783,175918,173633,172207,577771,1
50000,2,2,2,-1,-1,-1,-1,-1,2,24060,17474,18297,20114,13235,12482,1400,1183,2000,1200,0,610,25940,32526,31703,29886,36765,37518,99269,0
20000,3,2,1,-1,-1,-1,-1,-1,-1,11455,12866,5596,7337,8063,8769,2000,1500,2000,1000,1000,2100,8545,7134,14404,12663,11937,11231,44486,0
130000,1,2,2,-1,-1,-1,-1,-1,-1,9164,4603,5000,1500,0,390,4605,5000,1500,0,390,5874,120836,125397,125000,128500,130000,129610,3288,0
200000,1,2,4,-1,-1,-1,-1,-1,-1,110778,111431,96867,77140,81849,78046,3796,4262,2645,5834,2771,2945,89222,88569,103133,122860,118151,121954,533858,1
360000,2,4,1,-1,-1,-1,-1,-1,-1,336179,173781,161223,145172,131346,134135,6781,7226,5032,5346,15003,15011,23821,186219,198777,214828,228654,225865,1027437,0
90000,2,2,4,-1,-1,-1,-1,-1,-1,15000,1055,-180,2320,1286,1132,1055,0,2500,2000,1132,1110,75000,88945,90180,87680,88714,88868,12816,1
200000,1,2,4,-1,-1,-1,-1,-1,-1,1662,2482,19272,22388,21105,3471,2482,19272,10004,10000,3471,13754,198338,197518,180728,177612,178895,196529,11397,0
80000,1,2,3,-1,-1,-1,-2,-2,-1,21057,2282,-185,-185,-185,665,2282,0,0,0,1000,0,58943,77718,80185,80185,80185,79335,20167,0
30000,3,2,3,1,2,2,2,-1,-1,29334,28198,29497,28268,30817,17219,0,2457,0,3000,344,0,666,1802,503,1732,-817,12781,157532,0
50000,2,2,1,-1,-1,-1,-1,-1,-1,48566,47893,48760,22967,39687,23755,2000,2313,813,875,1008,695,1434,2107,1240,27033,10313,26245,223924,0
50000,2,2,2,-1,-1,-1,-1,-1,-1,53282,50936,49911,19817,20492,20365,3000,2300,715,1000,878,1000,-3282,-936,89,30183,29508,29635,205910,1
450000,1,2,5,-1,-1,-1,-1,-1,-1,2000,0,1173,0,6265,2374,0,1173,0,6265,2374,708,448000,450000,448827,450000,443735,447626,1292,1
130000,2,2,2,-1,-1,-1,-1,-1,-1,3811,8692,10467,10067,12567,12567,5000,2000,0,2500,0,0,126189,121308,119533,119933,117433,117433,48671,1
350000,1,2,2,-1,-1,-1,-1,-1,-1,53562,49396,42968,38575,34226,31026,2045,1660,1338,1300,2000,865,296438,300604,307032,311425,315774,318974,240545,0
20000,3,2,1,-2,-2,-1,-1,2,2,20732,19981,431,20786,20355,18752,2,431,20355,0,2732,7189,-732,19,19569,-786,-355,1248,70328,1
170000,2,2,1,-1,-1,-1,-1,-1,-1,21958,22572,14549,10849,12509,64218,1300,2000,1000,2000,52292,2200,148042,147428,155451,159151,157491,105782,85863,0
240000,2,2,2,1,2,-1,-1,2,2,47320,46392,51652,54969,42373,48952,0,6000,4059,14,10022,0,192680,193608,188348,185031,197627,191048,271563,0
130000,1,2,2,-1,-1,-1,-1,-1,-1,77939,78524,63421,60269,59984,27126,3916,3000,3000,3000,1000,2000,52061,51476,66579,69731,70016,102874,351347,0
360000,1,2,1,1,-2,-2,-2,-2,-2,0,0,0,0,0,0,0,0,0,0,0,0,360000,360000,360000,360000,360000,360000,0,0
10000,2,2,1,1,4,3,2,-1,-1,9526,9240,8950,8660,8840,9472,0,0,0,468,929,0,474,760,1050,1340,1160,528,53291,0
10000,3,2,3,2,-1,-1,-1,-1,-1,8965,8640,9412,9604,9800,0,1228,1000,192,196,0,8138,1035,1360,588,396,200,10000,35667,1
200000,3,4,6,-1,-1,-1,-1,-1,-2,7109,9999,5300,5300,0,0,10025,5300,0,0,0,0,192891,190001,194700,194700,200000,200000,12383,0
150000,2,2,2,-1,-1,-1,-1,2,-1,39883,41045,41701,40699,25218,9340,1806,1462,2000,0,2000,44,110117,108955,108299,109301,124782,140660,190574,0
50000,4,2,2,-1,-1,-1,-1,-1,-1,47423,33843,31251,30935,28905,27487,1600,1600,1200,1200,1000,972,2577,16157,18749,19065,21095,22513,192272,0
40000,2,2,1,1,2,2,2,2,2,39826,40690,32183,38897,40234,40536,1900,390,8000,2500,1500,0,174,-690,7817,1103,-234,-536,218076,0
400000,1,2,3,-2,-2,-2,-2,-2,-2,4279,100815,15906,81768,4887,43827,101319,15942,82308,4903,44257,53406,395721,299185,384094,318232,395113,356173,-50653,0
80000,2,2,1,-1,2,-1,-1,-1,-1,832,416,832,416,832,416,0,832,0,832,0,416,79168,79584,79168,79584,79168,79584,1664,1
50000,2,2,1,-1,2,-1,-1,-1,-1,2809,187,3135,937,-3,894,0,3141,2,0,897,906,47191,49813,46865,49063,50003,49106,3013,0
170000,2,2,3,-1,-1,-1,-1,-1,-1,142118,144803,133868,119956,121277,122926,7040,6165,5004,5003,5001,5009,27882,25197,36132,50044,48723,47074,751726,0
190000,3,2,2,-1,-1,-1,-1,-1,-1,47713,49242,52394,55521,113760,116299,3000,5000,5000,60000,5000,5000,142287,140758,137606,134479,76240,73701,351929,0
20000,2,1,5,-1,-1,-1,-2,-2,-2,19724,19581,0,0,0,0,1000,0,20500,0,0,0,276,419,20000,20000,20000,20000,17805,1
30000,1,4,1,1,3,2,2,2,2,12271,11791,11305,12216,12374,12026,0,0,1100,500,0,445,17729,18209,18695,17784,17626,17974,69938,0
20000,1,2,1,-1,-1,-1,-1,-1,-1,14492,15759,17371,17873,18073,10817,1500,2000,651,500,1000,500,5508,4241,2629,2127,1927,9183,88234,0
390000,2,4,3,-1,-1,-1,-1,-1,-1,171189,176989,178698,182101,155517,154668,10000,10000,8004,10000,6000,10000,218811,213011,211302,207899,234483,235332,965158,0
100000,3,4,5,-1,-1,-1,-1,-1,-1,82583,83398,85103,86802,88912,90400,3035,3100,3100,3500,3500,7100,17417,16602,14897,13198,11088,9600,493863,1
50000,2,1,2,-1,-1,-1,-1,-1,-1,44849,41873,28077,18291,16886,27476,2550,1636,1000,1000,1000,1000,5151,8127,21923,31709,33114,22524,169266,1
120000,3,2,4,-1,-1,-1,-1,-1,-1,67094,69010,70683,71504,73230,73613,3000,3000,2300,2600,2500,1500,52906,50990,49317,48496,46770,46387,410234,0
80000,1,4,1,-1,-1,-1,-1,-1,-1,329,49,317,827,390,120,500,320,900,400,120,400,79671,79951,79683,79173,79610,79880,-608,0
340000,2,4,2,-1,-1,-1,-1,-1,-1,132749,134235,128079,64598,12014,710,5290,6706,3003,241,712,43974,207251,205765,211921,275402,327986,339290,412459,0
110000,2,4,1,-1,-1,-1,-1,-1,-1,111271,111532,107998,79211,77881,80628,6000,4016,3000,3000,4000,4000,-1271,-1532,2002,30789,32119,29372,544505,0
90000,2,2,3,-1,-1,-2,-2,-1,-1,390,0,-390,-780,780,0,0,0,0,1560,0,0,89610,90000,90390,90780,89220,90000,-1560,0
10000,2,2,1,-1,-1,-1,-1,-1,-1,2989,3454,2917,1473,390,1320,2000,1000,29,390,1320,0,7011,6546,7083,8527,9610,8680,7804,1
160000,2,2,1,-2,-2,-2,-2,-2,-2,0,0,0,0,0,0,0,0,0,0,0,0,160000,160000,160000,160000,160000,160000,0,0
170000,1,2,2,1,2,2,2,-1,-1,23535,22876,25674,24963,25640,26278,0,3503,0,1078,1215,1000,146465,147124,144326,145037,144360,143722,142170,0
440000,2,2,1,-2,-2,-2,-2,-2,-2,8325,-4341,-15641,7059,-4220,-16370,0,752,34000,284,3650,52719,431675,444341,455641,432941,444220,456370,-116593,0
310000,1,2,2,-1,-1,-1,-1,-1,-1,6023,23782,26024,26201,20896,6579,18000,3000,1500,500,6579,40200,303977,286218,283976,283799,289104,303421,39726,0
110000,2,1,4,-1,-1,-1,-1,-1,-1,106670,108727,107386,78268,75846,75685,6000,3300,3012,3008,3000,3069,3330,1273,2614,31732,34154,34315,531193,0
50000,3,2,1,1,-2,-2,-2,-2,-2,0,0,0,0,0,0,0,0,0,0,0,0,50000,50000,50000,50000,50000,50000,0,0
100000,1,2,2,2,2,2,2,2,2,97284,99542,99898,99786,97670,100959,4700,2950,3100,5,6170,7,2716,458,102,214,2330,-959,578207,1
350000,1,4,1,-1,-1,-1,-1,-1,-1,42518,31386,24540,22187,12900,7938,1740,1000,452,448,2000,8206,307482,318614,325460,327813,337100,342062,127623,0
310000,2,4,1,1,2,-1,-1,2,-1,192910,188501,190938,202835,199417,203830,0,7000,15001,1,8001,8001,117090,121499,119062,107165,110583,106170,1140427,0
120000,2,2,3,-1,-1,-1,-1,-1,-1,109399,109397,36850,37739,38381,39142,3900,1700,1500,1400,1400,1500,10601,10603,83150,82261,81619,80858,359508,0
50000,3,2,1,1,-1,-1,-1,-1,-1,-1159,40819,11143,9580,9793,8768,48000,3009,1000,321,2000,1000,51159,9181,38857,40420,40207,41232,23614,0
300000,1,2,2,1,2,2,-1,-1,-1,10566,11293,12000,3458,56338,56735,1200,1200,9427,55000,2000,2000,289434,288707,288000,296542,243662,243265,79563,0
130000,2,4,1,2,2,-1,-1,-1,-1,172094,156589,145398,136115,138893,127502,0,3300,2500,2778,130000,3689,-42094,-26589,-15398,-6115,-8893,2498,734324,0
260000,1,2,2,-1,-1,-1,-1,-1,-1,1943,855,7288,1055,710,755,855,7288,1055,710,755,955,258057,259145,252712,258945,259290,259245,988,0
490000,1,2,2,-2,-2,-2,-2,-2,-2,-13,2639,1610,1231,1419,14143,2652,1618,1237,1426,14214,11493,490013,487361,488390,488769,488581,475857,-11611,0
500000,1,1,3,-1,-1,-1,-1,-1,-1,14872,53132,74478,61069,37369,2581,53421,74559,1343,907,2592,42767,485128,446868,425522,438931,462631,497419,67912,0
30000,1,4,1,-2,-2,-2,-2,-2,-2,9634,4476,8830,8153,6422,500,7,7002,13,155,1,0,20366,25524,21170,21847,23578,29500,30837,0
60000,1,4,2,-1,-1,-1,-1,2,-1,32632,34099,35525,38820,38066,39681,2000,2000,3900,0,2400,1500,27368,25901,24475,21180,21934,20319,207023,1
140000,2,2,3,-1,-1,-1,2,2,2,55444,57549,60971,61374,63243,64554,3000,5000,2000,3000,2500,0,84556,82451,79029,78626,76757,75446,347635,0
180000,1,4,2,-1,-1,-1,-1,2,2,149525,152460,154206,135881,130728,123155,7320,6100,9710,4800,0,4300,30475,27540,25794,44119,49272,56845,813725,0
20000,1,2,1,-1,-1,-1,-1,-1,-2,18436,19219,6140,6140,0,0,1500,1000,0,0,0,0,1564,781,13860,13860,20000,20000,47435,0
50000,2,2,1,-1,-1,2,2,2,-1,40117,45598,44570,47133,46249,47179,6138,0,3618,0,1850,1862,9883,4402,5430,2867,3751,2821,257378,1
400000,2,4,2,2,-1,-1,-1,-1,-1,24054,25381,26085,26779,29283,29764,1624,1328,1022,3000,1000,1171,375946,374619,373915,373221,370717,370236,152201,0
20000,3,2,1,1,-1,-1,-1,-1,2,0,5536,18884,18059,18163,16990,5536,14000,137,500,0,0,20000,14464,1116,1941,1837,3010,57459,0
430000,2,2,3,-1,-1,-1,-1,-1,-1,8894,11198,14861,13846,13451,16162,11198,14861,1400,951,14082,14482,421106,418802,415139,416154,416549,413838,21438,0
400000,1,2,2,-2,-2,-2,-2,-2,-1,110,532,2651,0,644,636,587,2651,0,644,636,572,399890,399468,397349,400000,399356,399364,-517,0
200000,2,4,2,-1,-1,-1,-1,-1,-1,694,2695,660,2315,1290,5745,2721,660,2315,1290,5745,0,199306,197305,199340,197685,198710,194255,668,1
10000,2,4,1,-1,-1,-1,-1,-1,-1,656,8748,9644,9541,8971,9645,10128,1200,400,323,1600,300,9344,1252,356,459,1029,355,33254,0
80000,3,2,3,2,2,-1,-1,-1,-1,76292,77465,78834,12577,18376,23766,3006,5250,33,18431,23944,28457,3708,2535,1166,67423,61624,56234,208189,0
140000,1,4,1,-1,-1,-1,-1,-1,-1,115743,117357,112527,91802,94114,91201,5000,5000,3600,4000,4000,4000,24257,22643,27473,48198,45886,48799,597144,0
20000,2,4,1,2,2,-1,-1,-1,-1,24611,18920,13124,18859,19828,36666,0,1200,7500,1015,15000,0,-4611,1080,6876,1141,172,-16666,107293,1
340000,2,2,2,2,-1,-1,-1,-1,-1,411,10983,8548,11190,8210,7981,11038,8591,11246,8251,8021,0,339589,329017,331452,328810,331790,332019,176,0
230000,2,2,3,-1,-1,-1,-1,-1,-1,5630,390,5090,19394,205,0,390,5090,19394,0,3916,3916,224370,229610,224910,210606,229795,230000,-1997,1
120000,2,2,2,-1,2,-1,-1,-1,-1,200,200,42200,42000,42000,0,0,42000,200,0,0,0,119800,119800,77800,78000,78000,120000,84400,0
210000,1,2,2,-1,-1,-1,-1,-1,-1,8011,5832,7906,5111,2069,0,1126,2400,200,205,0,0,201989,204168,202094,204889,207931,210000,24998,0
80000,1,4,1,-1,-1,-1,-1,-1,-1,45392,46723,41986,40060,38124,37140,5000,2000,2000,2000,3000,2000,34608,33277,38014,39940,41876,42860,233425,0
150000,1,2,2,-1,-1,-1,-1,-1,-1,3084,-1,600,4102,4102,6121,0,601,4102,0,2019,5515,146916,150001,149400,145898,145898,143879,5771,0
130000,2,2,4,-1,-1,-1,-1,-1,-1,126750,119997,108738,71835,62539,61906,5996,4148,2477,2346,2640,30000,3250,10003,21262,58165,67461,68094,504158,0
20000,1,2,2,-1,2,2,-1,-1,-1,17007,16200,0,8303,8519,9371,0,0,8303,500,1000,460,2993,3800,20000,11697,11481,10629,49137,1
200000,2,2,1,-1,-1,-1,-1,-1,-2,204541,170572,80620,82300,0,0,7186,3900,3900,0,0,0,-4541,29428,119380,117700,200000,200000,523047,0
200000,1,2,1,-1,-1,-1,-1,-1,-1,99,99,99,99,99,348,99,99,99,99,348,0,199901,199901,199901,199901,199901,199652,99,0
80000,1,4,1,-1,-1,-1,-1,-1,-1,78028,79347,76022,58897,54512,51937,3200,2229,1900,4000,5000,21000,1972,653,3978,21103,25488,28063,361414,0
80000,2,2,2,-1,-1,-1,-1,-1,-2,2688,2208,0,1000,0,0,2208,0,1000,0,0,0,77312,77792,80000,79000,80000,80000,2688,1
500000,1,1,3,-1,-1,-1,-1,-1,-1,150758,62931,21296,19897,4460,4195,63256,21408,19996,4482,4212,16748,349242,437069,478704,480103,495540,495805,133435,0
50000,2,1,3,2,2,2,2,2,2,15641,15105,16545,16977,16563,17688,0,2000,1000,0,1400,0,34359,34895,33455,33023,33437,32312,94119,1
200000,1,2,3,-1,-1,-1,-1,-1,-1,798,4130,6952,827,1426,763,4150,6952,827,1426,763,870,199202,195870,193048,199173,198574,199237,-92,0
80000,2,1,3,-1,-1,-1,-1,-2,-2,4089,5015,2521,531,9766,10042,1042,1000,531,9354,438,200,75911,74985,77479,79469,70234,69958,19399,0
50000,2,2,1,-1,-1,-1,-1,-1,-1,47169,48197,47738,47676,46694,47807,1804,1746,1681,1695,1890,4005,2831,1803,2262,2324,3306,2193,272460,0
130000,2,2,2,-1,-1,-1,-1,-1,-1,117471,104341,96395,82476,84205,84162,3857,3734,2924,3029,3009,3116,12529,25659,33605,47524,45795,45838,549381,0
310000,1,2,2,-1,-1,-1,-1,-1,-1,2948,62593,152141,125325,109142,103020,62635,100042,4017,9184,4081,6042,307052,247407,157859,184675,200858,206980,369168,0
190000,2,1,2,2,-1,-1,-1,-1,2,2461,8040,9640,0,5100,2350,8040,2000,0,5100,0,2792,187539,181960,180360,190000,184900,187650,9659,1
100000,2,2,1,-1,-1,-1,-1,-1,-1,70878,72753,58789,53091,55229,57144,3100,2640,2000,3000,3000,3000,29122,27247,41211,46909,44771,42856,351144,1
230000,1,2,2,-1,-1,-1,-1,-1,-1,2130,62469,62583,59047,52574,43723,62469,5000,2000,5000,5000,3000,227870,167531,167417,170953,177426,186277,200057,0
70000,2,4,1,-1,-1,-1,-1,-1,-1,66174,67555,25059,26834,14112,28191,3000,2000,2400,2012,14500,3000,3826,2445,44941,43166,55888,41809,201013,1
500000,1,2,2,-1,-1,-1,-1,-1,-1,8371,8759,5574,10403,2293,2702,1015,5584,6348,46,2702,4648,491629,491241,494426,489597,497707,497298,17759,0
50000,2,1,2,2,2,2,2,-1,-1,49732,48658,51802,50737,48763,50908,0,4000,7,1900,3903,2,268,1342,-1802,-737,1237,-908,290788,1
120000,2,2,2,1,-2,-2,-2,-2,-2,0,0,0,0,0,0,0,0,0,0,0,0,120000,120000,120000,120000,120000,120000,0,0
80000,2,2,2,-1,-1,-1,-1,-1,-1,51644,53177,52446,49999,41411,42328,3000,2037,2000,1499,2000,1623,28356,26823,27554,30001,38589,37672,278846,0
50000,2,2,2,-1,-1,2,-1,-1,-1,11367,10982,10243,10826,11699,10146,3000,1000,1000,1000,2000,2000,38633,39018,39757,39174,38301,39854,55263,0
350000,2,2,4,-1,-1,-1,-1,-1,-1,39943,40859,45398,50634,60540,65074,1859,5398,5634,10540,5096,2296,310057,309141,304602,299366,289460,284926,271625,0
60000,2,4,1,-1,-1,-1,-1,-1,2,60000,60594,57606,33159,36183,27572,3100,2000,3000,3800,0,2000,0,-594,2394,26841,23817,32428,261214,0
200000,1,2,3,-1,-1,-1,-1,-1,-1,935,1418,-2,120,150,928,1418,0,122,300,928,464,199065,198582,200002,199880,199850,199072,317,1
50000,2,4,1,-1,-1,-1,-1,-1,-1,45078,44291,39408,29689,23879,23355,3000,3000,947,1000,837,866,4922,5709,10592,20311,26121,26645,196050,0
90000,2,2,3,-2,-2,-2,-2,-2,-2,7489,5798,15112,0,0,0,5833,15114,0,0,0,0,82511,84202,74888,90000,90000,90000,7452,0
360000,2,2,2,-1,-1,-1,-1,-1,-1,744,9613,18748,18694,11606,7516,9667,18781,6729,58,7553,8758,359256,350387,341252,341306,348394,352484,15375,0
440000,2,4,1,2,2,-1,-1,-1,-1,225416,220405,226731,231456,237707,243555,0,10000,10000,10000,10000,10000,214584,219595,213269,208544,202293,196445,1335270,1
170000,2,2,4,-1,-1,-1,-1,-1,-1,168516,168529,169956,119844,117944,118163,6791,7333,4218,4269,4481,4144,1484,1471,44,50156,52056,51837,831716,0
190000,2,2,2,-1,-1,-1,-1,-1,-1,142272,143386,141711,142569,141733,142982,8007,8000,8000,5500,5339,5058,47728,46614,48289,47431,48267,47018,814749,0
290000,1,2,1,1,-2,-2,-2,-2,-2,0,0,0,0,0,0,0,0,0,0,0,0,290000,290000,290000,290000,290000,290000,0,1
210000,1,2,2,1,-1,-1,-2,-2,-1,0,1422,0,0,0,478,1422,0,0,0,478,0,210000,208578,210000,210000,210000,209522,0,0
20000,1,2,1,-1,-1,-1,-1,-1,-1,3395,2296,396,396,8972,3984,2296,396,396,8972,3984,396,16605,17704,19604,19604,11028,16016,2999,1
400000,1,2,2,-2,-2,-2,-2,-2,-1,10043,17883,9322,15693,5588,10161,18057,9368,15771,5616,10173,10077,389957,382117,390678,384307,394412,389839,-372,0
360000,1,2,2,1,-2,-2,-2,-2,-2,0,0,0,0,0,0,0,0,0,0,0,0,360000,360000,360000,360000,360000,360000,0,1
250000,1,1,4,1,-1,-1,-1,-1,-1,0,4190,21500,0,10180,7680,4190,25690,0,10180,7680,0,250000,245810,228500,250000,239820,242320,-4190,1
30000,2,1,2,-1,-1,-1,-1,-1,-2,27836,28998,29480,29500,0,0,2000,1200,1000,0,1500,0,2164,1002,520,500,30000,30000,110114,0
280000,1,2,3,-1,-1,-1,-1,-1,-1,257561,270827,212405,194345,161084,174622,20000,15000,0,161084,15000,20000,22439,9173,67595,85655,118916,105378,1039760,0
70000,3,2,4,2,2,2,2,2,2,68766,70772,71622,68443,72210,70267,3700,2604,0,5001,9,2603,1234,-772,-1622,1557,-2210,-267,408163,1
70000,1,2,1,-1,-1,-1,-1,-1,-1,35666,18116,18397,17262,24921,0,5000,17831,17262,15001,0,11672,34334,51884,51603,52738,45079,70000,47596,0
20000,2,2,3,-1,-1,2,-1,-1,-1,14591,16254,16686,17406,18123,19680,1900,1000,1000,1000,1864,1000,5409,3746,3314,2594,1877,320,94976,0
350000,1,2,2,-1,-1,-1,-1,-1,-1,15179,4981,19194,4389,1717,4066,4983,15084,2028,1725,4086,2476,334821,345019,330806,345611,348283,345934,19144,0
200000,1,4,2,-1,-1,-1,-1,-1,-1,21111,25562,8603,28692,29019,43308,5000,5000,20089,30000,15093,15051,178889,174438,191397,171308,170981,156692,66062,0
90000,3,2,1,-1,-1,-1,-1,-2,-2,6822,6995,7884,0,0,0,1172,1061,0,0,0,193,83178,83005,82116,90000,90000,90000,19275,1
100000,1,2,4,-1,-1,-1,-1,-1,-1,4740,3584,3609,3381,3666,2233,2000,2000,2054,2000,0,975,95260,96416,96391,96619,96334,97767,12184,0
50000,2,2,1,-1,-1,-1,-1,-1,-1,48255,41550,35553,23711,25975,900,2400,1842,1000,1928,900,31150,1745,8450,14447,26289,24025,49100,136724,0
280000,3,2,4,-2,-2,-2,-2,-2,-2,2158,0,0,0,0,0,0,0,0,0,0,0,277842,280000,280000,280000,280000,280000,2158,0
50000,3,1,2,1,5,4,3,2,-1,51106,50059,48988,47917,47020,48027,0,0,0,0,1943,1727,-1106,-59,1012,2083,2980,1973,289447,1
120000,2,4,1,-2,-2,-2,-2,-2,-2,3570,3362,0,0,0,0,0,0,0,0,0,6330,116430,116638,120000,120000,120000,120000,602,1
100000,3,2,1,2,2,2,-1,-1,-1,96889,102893,99176,80358,75007,76805,8513,128,3011,3000,3200,3400,3111,-2893,824,19642,24993,23195,509876,1
130000,2,2,1,-1,-1,-1,-1,-1,-1,3920,3848,942,942,768,-174,4000,942,942,768,0,0,126080,126152,129058,129058,129232,130174,3594,0
200000,1,4,2,-1,-1,-1,-1,-1,-1,196845,189104,183255,147612,148088,99985,8990,7000,5500,6000,4220,3610,3155,10896,16745,52388,51912,100015,929569,0
350000,1,2,2,-1,-1,-1,-1,-1,-1,147070,109978,77151,73814,79692,79949,7331,10000,5000,10000,5000,5000,202930,240022,272849,276186,270308,270051,525323,0
20000,1,4,3,-1,-1,-1,-1,-1,-1,19018,18581,19864,20181,20210,20043,1327,2000,1000,710,1043,1000,982,1419,136,-181,-210,-43,110817,0
150000,1,4,2,-1,-1,-1,-1,-1,2,125995,127467,130080,131238,141612,140868,5000,4723,3323,11086,0,4000,24005,22533,19920,18762,8388,9132,769128,0
130000,1,2,2,-1,-1,-1,-1,-1,-1,9255,10264,7060,4480,3000,0,1204,1000,3990,3000,0,200,120745,119736,122940,125520,127000,130000,24665,0
330000,1,4,2,-1,-1,-1,-1,-1,-1,173630,178833,187820,190202,194964,199008,8000,12000,7000,8000,7287,7400,156370,151167,142180,139798,135036,130992,1074770,0
80000,2,6,4,-1,-1,-1,-1,-1,-1,63134,57072,55618,50345,52031,53141,2087,2019,2000,2500,2095,2002,16866,22928,24382,29655,27969,26859,318638,0
10000,4,2,2,3,2,-1,-1,-1,-2,10281,9949,8838,8838,0,0,25,4000,0,1000,0,0,-281,51,1162,1162,10000,10000,32881,0
360000,1,2,1,1,-2,-1,-1,-1,-1,-1808,-1808,6458,825,825,825,0,9091,825,825,825,825,361808,361808,353542,359175,359175,359175,-7074,0
120000,1,1,2,-1,-1,-1,-1,-1,-1,43488,44785,47195,12432,13226,14258,2000,3200,37432,1000,1258,1000,76512,75215,72805,107568,106774,105742,129494,0
20000,2,4,1,-1,-1,-1,-1,-1,-1,7130,8185,9084,8667,8848,5328,1177,1076,249,258,500,500,12870,11815,10916,11333,11152,14672,43482,0
280000,1,4,2,-1,2,2,-1,2,-1,199,199,-127,1012,536,982,0,0,1548,0,982,601,279801,279801,280127,278988,279464,279018,-330,0
100000,2,2,3,-2,-2,-2,-2,-2,-1,0,0,0,0,0,1505,0,0,0,0,1505,0,100000,100000,100000,100000,100000,98495,0,0
70000,2,2,2,-1,-1,-1,-1,-1,-1,63441,29091,29802,30395,31034,31668,1789,1500,1089,1130,1150,1200,6559,40909,40198,39605,38966,38332,207573,0
350000,1,2,2,-2,-2,-1,-1,-1,-1,7914,4221,23907,28528,24965,5727,4221,23916,25528,2965,5753,8095,342086,345779,326093,321472,325035,344273,24784,0
50000,2,1,2,-1,-1,-1,-1,-1,-1,22430,23763,24564,26145,26774,27476,2000,1500,2000,1200,1300,1150,27570,26237,25436,23855,23226,22524,142002,0
470000,1,4,2,-1,-1,-1,-1,-1,-1,37342,39348,43806,48213,52585,56883,2500,5000,5000,5000,5000,5000,432658,430652,426194,421787,417415,413117,250677,0
350000,1,2,2,-1,-1,-1,-1,-1,-1,297967,286352,160042,131977,133067,41470,100066,5715,6005,6287,2103,3,52033,63648,189958,218023,216933,308530,930696,0
140000,1,2,4,-1,-1,-1,-1,-1,-1,140630,142166,51334,51533,52233,53826,6100,2411,2000,2041,3000,1874,-630,-2166,88666,88467,87767,86174,474296,0
140000,2,4,1,-1,-1,-1,-1,-1,-1,49235,45173,39585,36189,21772,21417,2517,1559,2000,1003,1000,1002,90765,94827,100415,103811,118228,118583,204290,0
380000,1,2,1,-1,-1,-1,-1,-1,-1,73903,66541,58665,43837,72069,61925,2924,2555,1515,37056,2413,1522,306097,313459,321335,336163,307931,318075,328955,0
50000,2,2,1,1,2,2,2,2,2,33991,33168,34805,34933,36692,37934,0,2500,1000,2900,2000,1500,16009,16832,15195,15067,13308,12066,201623,1
260000,3,2,3,-1,-1,-1,-1,-1,-1,97908,84773,70259,58341,58730,52789,2980,2338,1911,5014,5004,2007,162092,175227,189741,201659,201270,207211,403546,0
20000,3,2,1,1,2,3,2,2,-1,19045,20438,19771,20241,19364,18260,2000,0,1000,0,1000,0,955,-438,229,-241,636,1740,113119,0
190000,3,2,2,-1,-1,-2,-1,-1,-1,157,-1049,-2681,1975,2244,3294,0,0,6475,2244,2284,0,189843,191049,192681,188025,187756,186706,-7063,0
220000,2,1,2,5,4,3,2,-1,-1,187665,175338,163018,128157,131067,108683,0,11,0,4561,5007,170806,32335,44662,56982,91843,88933,111317,713543,0
230000,1,4,2,-1,-1,-1,-1,-1,-1,111691,117858,121697,119772,115730,111222,8000,6000,5000,5000,5000,5000,118309,112142,108303,110228,114270,118778,663970,0
20000,2,2,3,-1,-1,-1,-1,-1,-1,7470,8492,9547,20766,12197,12994,1145,1200,2000,3000,1000,2000,12530,11508,10453,-766,7803,7006,61121,0
100000,2,1,4,-1,-1,-1,-1,-1,-1,21641,22983,24290,25080,25768,27407,2000,2000,1500,1093,2228,0,78359,77017,75710,74920,74232,72593,138348,0
150000,1,4,1,-1,-1,-1,-1,-1,-1,38052,0,18600,18400,1527,1527,0,18600,0,1527,0,0,111948,150000,131400,131600,148473,148473,57979,0
320000,1,4,1,-1,-1,-2,-1,-1,-2,11684,1127,1943,13312,-5,-5,1135,1952,13375,5,0,0,308316,318873,318057,306688,320005,320005,11589,0
50000,2,2,2,-1,-1,-1,-1,-1,-1,76025,78548,77882,79471,81121,1685,3750,1558,1589,1650,9980,0,-26025,-28548,-27882,-29471,-31121,48315,376205,1
50000,2,2,4,-1,-1,-1,-1,-1,-1,50302,49440,49891,20503,20159,20268,2100,1793,700,731,735,616,-302,560,109,29497,29841,29732,203888,0
370000,2,4,2,-1,-1,-1,-1,-1,-1,181221,180616,114073,57660,23093,18436,10073,6367,5100,2000,3000,3000,188779,189384,255927,312340,346907,351564,545559,0
150000,1,2,2,-1,-1,-2,-1,-1,-1,58337,0,0,14515,8758,6882,0,0,14515,8758,6880,8267,91663,150000,150000,135485,141242,143118,50072,0
200000,2,2,3,-1,-1,-1,-1,-1,-1,390,390,390,390,390,390,390,390,390,390,390,390,199610,199610,199610,199610,199610,199610,0,1
200000,2,1,2,-1,-1,-1,-1,-1,-1,170,1512,-15,1067,2176,3378,1525,0,1082,2179,2013,165,199830,198488,200015,198933,197824,196622,1324,1
30000,2,2,2,-1,-1,2,-1,-1,-1,1197,2536,1100,710,320,-70,2600,0,0,0,0,1000,28803,27464,28900,29290,29680,30070,2193,1
200000,2,4,3,-1,-1,-1,-1,-1,-1,121198,123834,136629,139504,142269,145250,4593,14955,5143,5166,5349,5538,78802,76166,63371,60496,57731,54750,767940,0
200000,1,2,1,-2,-2,-1,-1,-1,-1,0,1516,11533,9463,3884,3033,1516,11533,189,1000,2050,11300,200000,198484,188467,190537,196116,196967,1841,0
240000,2,4,1,-1,-1,-1,-1,-1,-1,138859,136521,135459,117308,107928,103799,5308,4915,4100,4000,4002,4000,101141,103479,104541,122692,132072,136201,713549,1
40000,2,2,1,2,2,2,2,2,-1,28953,35389,34205,39361,35125,35890,6918,0,6000,0,2000,5000,11047,4611,5795,639,4875,4110,189005,1
140000,1,2,2,-1,-1,-1,-2,-2,-2,97448,70631,0,0,0,0,1413,0,0,0,0,0,42552,69369,140000,140000,140000,140000,166666,0
50000,2,2,2,-1,-1,-1,-1,-1,-1,50497,49289,36295,20067,20197,20202,2011,5009,2000,1000,1500,3000,-497,711,13705,29933,29803,29798,182027,0
50000,3,2,3,-1,-1,-1,-1,-1,-1,38031,31677,27240,31505,25979,25925,2000,2000,5000,2000,21000,0,11969,18323,22760,18495,24021,24075,148357,0
160000,2,4,1,-1,-1,-1,-1,-1,-1,227,0,354,355,47,605,861,354,1,48,906,0,159773,160000,159646,159645,159953,159395,-582,0
140000,1,2,2,-1,-1,-2,-1,-1,-1,12319,0,0,61,561,528,0,0,61,500,528,498,127681,140000,140000,139939,139439,139472,11882,0
240000,3,2,1,-1,-1,-1,-1,-1,-1,230184,228640,227399,200357,197198,186551,9000,9000,7000,7000,6512,6000,9816,11360,12601,39643,42802,53449,1225817,1
230000,1,4,1,-1,-1,-1,-1,-1,-1,495,466,3432,495,495,495,466,3461,495,495,495,0,229505,229534,226568,229505,229505,229505,466,0
200000,2,4,2,-1,-1,-1,-1,-1,-1,165074,170905,186093,188139,141208,144242,10000,20000,6000,5300,5500,4600,34926,29095,13907,11861,58792,55758,944261,0
50000,1,2,3,-1,-1,-1,-1,-1,-1,44767,45719,45665,49287,48290,50000,5001,2007,5003,303,3000,0,5233,4281,4335,713,1710,0,268414,0
360000,1,4,2,-1,-1,-1,-1,-1,-1,23725,45913,80945,54064,52342,33074,61137,79800,42015,53710,33074,119504,336275,314087,279055,305936,307658,326926,-99177,0
500000,1,2,3,1,-2,-1,-1,-1,-1,0,0,1680,0,6745,0,0,1680,0,6745,0,756,500000,500000,498320,500000,493255,500000,-756,0
20000,3,2,1,1,2,-1,-1,-1,-1,18977,18374,18458,18852,19546,21165,0,1680,1000,1000,2100,0,1023,1626,1542,1148,454,-1165,109592,0
80000,2,2,2,2,2,2,2,2,2,73113,74639,75408,76618,77459,75327,3300,2600,3000,3000,1580,5800,6887,5361,4592,3382,2541,4673,433284,0
30000,1,2,3,-2,-2,-2,-2,-2,-2,616,0,0,0,0,0,0,0,0,0,0,0,29384,30000,30000,30000,30000,30000,616,0
80000,2,2,2,-1,-1,-1,-1,-1,-1,14376,15689,16393,16724,17086,17431,1435,1139,470,500,490,544,65624,64311,63607,63276,62914,62569,93121,0
30000,2,2,4,-1,-1,2,-1,-1,-1,27101,30360,28002,23879,4178,0,4110,94,1879,84,0,0,2899,-360,1998,6121,25822,30000,107353,0
200000,3,2,3,-2,-2,-2,-2,-2,-2,0,0,0,0,0,0,0,0,0,0,0,0,200000,200000,200000,200000,200000,200000,0,0
240000,4,2,1,-1,-1,-1,-1,-1,-1,219419,151914,159320,148705,134563,195628,7000,10082,8095,7015,67006,7026,20581,88086,80680,91295,105437,44372,903325,0
280000,2,2,1,-1,-1,-1,2,2,-1,255317,259137,276794,281455,276403,234607,9439,22000,10694,0,8475,9266,24683,20863,3206,-1455,3597,45393,1523839,1
170000,2,4,2,-1,-1,-2,-2,-2,-2,1547,0,0,0,0,0,0,0,0,0,0,0,168453,170000,170000,170000,170000,170000,1547,0
100000,3,4,3,-1,-1,-1,-1,-1,-1,89988,92388,94478,59387,60953,59786,3852,4135,2200,2521,2162,2697,10012,7612,5522,40613,39047,40214,439413,0
70000,2,4,1,-1,-1,2,-1,-1,-1,65508,50382,49271,50449,51636,53666,4000,0,2000,2000,3000,2000,4492,19618,20729,19551,18364,16334,307912,1
110000,2,6,1,-1,-1,-1,-1,-1,-1,91538,84348,78925,49341,50289,44221,3354,2745,2341,1959,5000,3000,18462,25652,31075,60659,59711,65779,380263,0
100000,3,4,1,-1,-1,-1,-1,-1,-1,83587,85389,86981,81522,81171,79766,3151,3065,2892,2936,3000,3000,16413,14611,13019,18478,18829,20234,480372,0
80000,1,2,2,2,2,2,2,-1,-1,78246,79404,80388,78128,75762,73873,3000,3001,0,2703,3100,8302,1754,596,-388,1872,4238,6127,445695,1
300000,2,2,2,-1,-1,-1,-1,-1,-1,1496,1496,1496,2490,1996,1494,1500,1500,2494,1006,1498,2003,298504,298504,298504,297510,298004,298506,467,0
150000,1,2,3,-2,-2,-2,-2,-1,-1,52097,30188,20242,5332,61826,5220,2000,1000,5003,61826,5000,20000,97903,119812,129758,144668,88174,144780,80076,0
150000,2,2,1,-1,-1,-1,-1,-1,-1,69358,42457,92213,70406,70037,14461,4213,92457,5023,4311,7030,3054,80642,107543,57787,79594,79963,135539,242844,0
10000,3,1,4,1,2,-1,-1,-1,-1,6969,6712,7722,7875,8041,8357,0,1128,281,292,450,1415,3031,3288,2278,2125,1959,1643,42110,1
210000,1,4,2,-2,-2,-2,-2,-2,-2,0,0,0,820,0,0,0,0,820,0,0,0,210000,210000,210000,209180,210000,210000,0,0
20000,2,2,1,-1,-1,-1,-1,-1,-1,19770,19463,20998,19468,36702,0,1465,4000,0,367,0,0,230,537,-998,532,-16702,20000,110569,1
20000,2,1,2,-1,-1,-1,-1,2,-1,6715,7736,8745,9394,9101,9282,1287,1296,945,0,481,829,13285,12264,11255,10606,10899,10718,46135,0
80000,3,2,3,2,2,2,-1,-1,-1,63695,33283,22442,15553,5593,1350,6056,652,517,0,27,5200,16305,46717,57558,64447,74407,78650,129464,0
270000,2,1,3,-2,-2,-2,-2,-2,-2,-173,-173,-173,-173,-173,-173,0,0,0,0,0,0,270173,270173,270173,270173,270173,270173,-1038,0
200000,1,2,2,-2,-2,-1,-1,-1,-1,0,225,5628,5540,16378,4850,225,5628,23,16378,4850,2255,200000,199775,194372,194460,183622,195150,3262,0
200000,1,1,2,-1,-1,-1,-1,-1,2,2727,1332,2003,816,4530,4245,1332,2003,816,4530,0,0,197273,198668,197997,199184,195470,195755,6972,0
10000,2,2,2,-1,-1,-1,-1,-1,-1,9323,8708,0,9601,10005,9058,1000,0,9601,800,1000,1000,677,1292,10000,399,-5,942,33294,0
360000,1,2,2,-1,-1,-1,-1,-1,-1,5275,24267,33473,51900,30424,48646,24267,10000,20000,3003,20000,30000,354725,335733,326527,308100,329576,311354,86715,0
20000,2,1,3,1,2,-1,-1,-1,-1,20138,19531,18867,19253,20003,19470,0,1146,532,900,781,0,-138,469,1133,747,-3,530,113903,1
40000,1,2,1,-1,-1,-1,-1,-1,-1,40856,39045,39825,38847,31535,32159,2023,1803,1425,1293,1300,1339,-856,955,175,1153,8465,7841,213084,0
110000,3,1,4,-1,-1,-1,-1,-1,-1,109192,106322,67727,47313,47255,47255,4300,3000,2000,1700,1800,1664,808,3678,42273,62687,62745,62745,410600,0
50000,3,1,4,-1,-1,-1,2,-1,-1,63889,65512,68764,14353,16110,17832,2800,4000,0,2000,2000,1000,-13889,-15512,-18764,35647,33890,32168,234660,0
100000,1,4,1,-1,-1,-1,-1,-1,-1,46430,47679,48783,49981,44211,48568,2000,2000,2000,1514,5000,0,53570,52321,51217,50019,55789,51432,273138,0
50000,2,2,1,-1,-1,-1,-1,-1,-1,21023,27270,11342,8305,7288,0,3000,1000,0,0,0,0,28977,22730,38658,41695,42712,50000,71228,0
30000,3,2,1,2,2,-1,-1,2,2,15955,15410,17149,18362,18919,19161,0,2000,1500,1000,700,0,14045,14590,12851,11638,11081,10839,99756,1
20000,1,2,1,2,2,2,2,2,2,7040,7897,7622,8294,8016,9382,1128,0,800,0,1500,815,12960,12103,12378,11706,11984,10618,44008,1
100000,2,1,3,2,2,2,2,-1,-1,30094,31111,31407,30603,31411,32089,1800,1100,0,1300,1200,1400,69906,68889,68593,69397,68589,67911,179915,1
80000,2,2,1,-1,-1,-1,-1,-1,-2,1462,2472,0,492,0,0,1502,0,492,0,0,0,78538,77528,80000,79508,80000,80000,2432,0
120000,1,2,1,-1,-1,-1,-1,-1,-1,118303,98232,150952,77639,79966,61248,3358,3400,6000,3200,4000,845,1697,21768,-30952,42361,40034,58752,565537,1
30000,2,2,2,-1,-1,2,-1,-1,-1,3024,3462,390,240,2150,780,3462,0,240,2300,780,0,26976,26538,29610,29760,27850,29220,3264,0
80000,4,1,1,-2,-2,-2,-1,-1,-1,59366,49079,0,16638,18367,33081,15027,0,16638,2000,15081,0,20634,30921,80000,63362,61633,46919,127785,0
170000,1,4,2,1,-2,-1,-1,-2,-2,0,0,550,0,0,0,0,550,0,0,0,0,170000,170000,169450,170000,170000,170000,0,1
20000,1,1,3,-1,-1,-1,-1,-1,-1,30832,17896,17258,18981,19496,18594,3500,1500,2000,800,800,700,-10832,2104,2742,1019,504,1406,113757,0
50000,3,2,2,-1,-1,-1,-1,-1,-1,46311,47579,47897,28263,8548,8906,2014,1332,698,310,500,330,3689,2421,2103,21737,41452,41094,182320,0
300000,1,2,2,-1,-1,-1,-1,-1,-1,149893,152529,152882,113347,114554,116357,7000,6000,4084,4056,4300,6609,150107,147471,147118,186653,185446,183643,767513,0
20000,1,4,1,2,2,2,2,2,2,300,300,300,300,300,300,0,0,0,0,0,0,19700,19700,19700,19700,19700,19700,1800,1
130000,2,2,1,-1,-1,-1,-1,-1,-1,29252,30086,30680,30797,31147,31996,2000,1793,1300,1223,1851,1000,100748,99914,99320,99203,98853,98004,174791,0
500000,2,2,3,-1,-1,-1,-1,2,2,2503,613,2339,4333,1285,1969,1043,4401,3150,0,1000,498,497497,499387,497661,495667,498715,498031,2950,0
30000,2,2,3,-1,-1,-1,-1,3,2,9736,10453,11771,13032,12538,12187,1182,1500,1761,0,0,1100,20264,19547,18229,16968,17462,17813,64174,0
180000,2,2,3,-1,-1,-1,-1,-1,-1,139184,141752,122164,111328,113890,116823,6411,6000,5000,4500,5000,4200,40816,38248,57836,68672,66110,63177,714030,0
340000,1,2,2,-1,-1,-1,-1,-1,-1,8427,10289,9452,22630,8819,9327,10300,9461,22676,8007,9336,32776,331573,329711,330548,317370,331181,330673,-23612,0
480000,1,4,1,1,-2,-2,-2,-2,-2,0,0,0,0,0,0,0,0,0,0,0,0,480000,480000,480000,480000,480000,480000,0,0
80000,2,4,2,1,-2,-2,-2,-2,-2,0,0,0,0,0,0,0,0,0,0,0,0,80000,80000,80000,80000,80000,80000,0,0
140000,3,4,1,-1,-1,-1,-1,-1,-1,20923,19713,19385,19244,17185,36377,1633,1600,800,1753,20000,938,119077,120287,120615,120756,122815,103623,106103,0
180000,3,4,2,-1,-1,-1,-1,-1,-1,105873,90251,62144,56728,52918,20856,5000,3500,1000,1420,1000,500,74127,89749,117856,123272,127082,159144,376350,0
30000,2,4,2,-1,-1,2,-1,-1,-1,16570,18989,18387,22047,23691,25547,3000,0,4000,2000,2250,1500,13430,11011,11613,7953,6309,4453,112481,0
290000,1,3,4,-1,-1,2,-1,-1,-1,7970,10320,10005,10838,11663,13301,2482,0,1000,1000,2000,2000,282030,279680,279995,279162,278337,276699,55615,1
110000,3,4,3,-1,-1,-1,-1,-1,-1,9242,9484,13922,18766,28498,30667,5000,5000,5000,10000,5000,5000,100758,100516,96078,91234,81502,79333,75579,0
60000,1,2,1,-1,-1,-1,-1,-1,-1,24200,34708,25326,27914,30476,31982,11000,2000,3000,3000,2000,2000,35800,25292,34674,32086,29524,28018,151606,0
80000,1,2,2,-1,2,-1,-1,-1,-1,3614,82,3723,303,662,3295,0,3723,891,662,3295,1088,76386,79918,76277,79697,79338,76705,2020,0
110000,1,2,1,-1,-1,-1,-1,-1,-1,64155,65743,66533,67677,39066,39884,2621,2123,1952,2000,1468,800,45845,44257,43467,42323,70934,70116,332094,0
20000,2,1,3,1,2,-1,-1,-1,-1,17614,17042,18052,18562,18814,19500,0,1300,810,700,1000,900,2386,2958,1948,1438,1186,500,104874,1
150000,3,2,2,-1,-1,-1,-1,-1,-1,4213,5897,2365,5004,5531,3567,5914,2378,5019,5547,3576,5138,145787,144103,147635,144996,144469,146433,-995,0
240000,3,2,3,-1,-1,-1,-1,-1,-1,24469,11511,4670,17480,5489,7740,11511,4670,17480,0,7740,6788,215531,228489,235330,222520,234511,232260,23170,0
400000,1,1,3,-1,-1,-1,-1,-1,-1,18432,24198,22584,22655,23417,16845,6838,2159,1000,3000,1008,1000,381568,375802,377416,377345,376583,383155,113126,0
120000,1,1,2,2,2,2,2,2,2,97463,99018,100493,101937,104159,102324,4000,4000,4000,4000,0,8000,22537,20982,19507,18063,15841,17676,581394,1
330000,1,2,2,-1,-1,-1,-1,-1,-1,365672,346014,334826,265256,264516,264079,12350,12780,9400,20000,9610,10200,-35672,-16014,-4826,64744,65484,65921,1766023,0
30000,2,2,1,-1,-1,-1,-1,-1,-1,390,390,390,1438,719,1588,390,390,1438,0,1588,0,29610,29610,29610,28562,29281,28412,1109,0
100000,3,1,4,2,-1,-1,-1,-2,-1,435,435,285,-150,-585,1020,435,285,0,0,2040,0,99565,99565,99715,100150,100585,98980,-1320,0
140000,1,2,2,-1,-1,-1,-1,-1,-1,291,291,291,291,291,441,291,291,291,291,441,291,139709,139709,139709,139709,139709,139559,0,0
50000,4,2,2,-1,-1,-1,-1,-1,-2,45226,46080,32218,20650,0,0,1618,1647,1050,0,0,0,4774,3920,17782,29350,50000,50000,139859,0
310000,1,2,2,-2,-2,-2,-2,-2,-2,0,0,0,0,0,0,0,0,0,0,0,0,310000,310000,310000,310000,310000,310000,0,1
160000,3,2,3,-2,-2,-1,-1,-1,-2,741,6339,3334,3086,6959,5404,6339,3338,3090,6971,5410,1816,159259,153661,156666,156914,153041,154596,-1101,0
110000,1,4,1,-2,-2,-2,-2,-2,-2,86107,83894,85037,44819,24512,25447,0,4000,2100,2000,1500,1500,23893,26106,24963,65181,85488,84553,338716,0
20000,2,1,3,-2,-2,-2,-2,-2,-2,1651,0,390,390,780,0,0,390,390,780,0,0,18349,20000,19610,19610,19220,20000,1651,0
30000,3,4,1,-1,-1,-1,-1,-1,-1,528,913,10773,916,3091,700,913,10773,916,3091,700,0,29472,29087,19227,29084,26909,29300,528,0
50000,2,1,3,1,-1,-1,-1,-2,-2,0,835,226,-1300,-1300,-1300,835,226,0,0,0,0,50000,49165,49774,51300,51300,51300,-3900,0
20000,3,2,1,-1,-1,-1,-1,2,2,13470,14748,15761,17497,17075,19777,1500,1264,2000,0,3000,0,6530,5252,4239,2503,2925,223,90564,1
220000,1,4,2,-1,-1,-1,-1,-1,-1,1838,921,943,1467,25075,6862,923,945,1471,25150,6882,7715,218162,219079,219057,218533,194925,213138,-5980,0
460000,1,2,2,-1,-1,-1,-1,-1,-1,11469,13749,32838,33203,3129,5945,13766,32871,21000,165,3551,28979,448531,446251,427162,426797,456871,454055,1,0
150000,1,4,2,1,-2,-2,-2,-1,2,0,0,0,0,552,252,0,0,0,552,0,13404,150000,150000,150000,150000,149448,149748,-13152,1
50000,3,2,4,-1,-1,-1,-1,-1,-2,20211,48672,34694,35503,2025,0,36396,1662,1471,2125,0,0,29789,1328,15306,14497,47975,50000,99451,0
100000,1,2,2,2,-1,-1,-1,-1,2,98033,97995,98781,97946,101885,98015,4620,4700,3900,7900,0,7700,1967,2005,1219,2054,-1885,1985,563835,0
260000,1,1,4,-1,-1,-1,-1,-1,-1,115937,118957,119649,122448,-3353,123939,5800,6000,8000,40000,127292,6000,144063,141043,140351,137552,263353,136061,404485,0
50000,3,1,3,4,3,2,-1,-1,-1,52955,51847,50307,27707,28479,28979,0,0,0,974,31100,1200,-2955,-1847,-307,22293,21521,21021,207000,1
50000,2,4,1,-1,-1,-1,-1,-1,-1,46465,47776,47626,45227,29436,10363,2367,1606,1198,1196,343,154,3535,2224,2374,4773,20564,39637,220029,0
240000,1,4,2,-1,-1,-2,-2,-2,-2,4970,0,0,0,0,0,0,0,0,0,0,0,235030,240000,240000,240000,240000,240000,4970,0
230000,3,2,1,-1,-1,-1,-1,2,-1,82066,80317,70854,74413,72447,73418,4000,3500,6000,0,3000,2800,147934,149683,159146,155587,157553,156582,434215,0
90000,2,4,1,-1,-1,-1,-1,-1,2,69186,72450,73798,74682,79586,78261,5000,3158,2600,6000,0,19000,20814,17550,16202,15318,10414,11739,412205,0
20000,2,4,1,-1,-1,2,-1,-1,-1,5473,7492,4988,11680,6590,0,2300,0,102,1500,0,0,14527,12508,15012,8320,13410,20000,32321,0
70000,3,4,1,-1,-1,-1,-1,2,-1,68658,68618,61208,50111,49207,50524,4500,2783,25000,0,3000,6000,1342,1382,8792,19889,20793,19476,307043,0
260000,1,2,1,-1,-1,-1,-1,-1,-1,128208,100939,92549,90038,88772,111287,17000,6000,5000,6500,25000,4000,131792,159061,167451,169962,171228,148713,548293,0
20000,2,4,2,1,2,-1,-1,-2,-2,14181,12467,6689,0,0,0,0,1000,0,0,0,0,5819,7533,13311,20000,20000,20000,32337,1
150000,2,4,1,-1,-1,-1,-1,-1,-1,94409,92047,79088,81399,74009,65871,5000,5000,5000,6000,5000,4000,55591,57953,70912,68601,75991,84129,456823,0
200000,3,4,4,-1,-1,-1,-1,-1,-1,196875,180428,131111,112995,107300,101918,7657,4814,3921,4000,4365,11000,3125,19572,68889,87005,92700,98082,794870,0
50000,1,2,4,-1,-1,-1,-1,-1,-1,50770,50709,49814,51199,20306,20306,1814,1816,2201,716,721,693,-770,-709,186,-1199,29694,29694,235143,0
210000,2,1,2,-1,-1,-1,-1,-1,-1,1443,1443,1443,1443,1443,1443,1443,1443,1443,1443,1443,1443,208557,208557,208557,208557,208557,208557,0,0
360000,1,2,1,-1,-1,-1,-1,-1,-1,759,5695,1390,8531,8531,-33,5702,1395,8531,0,0,0,359241,354305,358610,351469,351469,360033,9245,0
30000,2,4,2,1,2,2,2,2,2,23860,23192,30042,28276,30483,29848,0,7300,0,2666,0,1000,6140,6808,-42,1724,-483,152,154735,0
170000,2,4,2,-1,-1,-1,-1,-1,-1,13500,7499,7301,10342,14295,20471,1315,1200,10342,14295,20471,6401,156500,162501,162699,159658,155705,149529,19384,0
500000,2,4,2,-1,-1,-1,-1,-1,-1,44462,37890,28527,27030,27454,30486,7000,7000,8000,10000,12000,2876,455538,462110,471473,472970,472546,469514,148973,0
80000,2,2,2,-1,-1,-1,-1,-1,-1,45605,46669,47892,49098,50152,51812,1800,2000,2000,2000,2500,4000,34395,33331,32108,30902,29848,28188,276928,0
70000,2,2,1,3,2,2,2,2,2,63000,64397,65253,63609,68397,69605,3000,2500,0,6000,2500,2700,7000,5603,4747,6391,1603,395,377561,1
100000,3,2,1,-1,-1,-1,-1,-1,-1,30627,31894,33049,33112,0,715,2326,2000,1300,0,715,0,69373,68106,66951,66888,100000,99285,123056,0
300000,2,2,1,-1,-1,-1,-1,-1,-1,316,316,316,316,316,466,316,316,316,316,466,316,299684,299684,299684,299684,299684,299534,0,0
200000,2,2,3,-1,-1,2,-1,-1,-1,3024,11080,8736,26383,27959,20360,10000,0,20000,10000,5000,1520,196976,188920,191264,173617,172041,179640,51022,0
190000,1,2,2,-1,-1,-1,-1,-1,-1,25953,1590,478,10035,24345,1150,1698,478,10035,24345,1191,14512,164047,188410,189522,179965,165655,188850,11292,0
30000,3,2,3,-1,-1,-1,-1,-1,-1,23101,16480,15459,15366,15680,15000,1481,1400,307,314,300,1770,6899,13520,14541,14634,14320,15000,95514,0
230000,3,2,4,1,-2,-1,-1,-1,-1,0,0,3000,1800,29387,22980,0,3000,1800,29387,1200,2525,230000,230000,227000,228200,200613,207020,19255,0
80000,1,1,3,-1,-1,-1,-1,-1,-1,39115,40176,39681,29213,25356,22723,2000,2490,1522,1100,960,988,40885,39824,40319,50787,54644,57277,187204,0
280000,1,4,2,1,-2,-2,-1,-1,-2,124,0,0,428,0,0,0,0,428,0,0,0,279876,280000,280000,279572,280000,280000,124,0
140000,1,4,1,1,2,-1,-1,-1,-1,144922,141289,137377,93261,95368,97063,17,5547,3242,3512,3333,4383,-4922,-1289,2623,46739,44632,42937,689246,0
30000,3,2,2,2,2,2,2,2,2,27160,26444,28694,27936,29930,29302,0,3000,0,2600,0,1600,2840,3556,1306,2064,70,698,162266,1
30000,2,2,2,2,2,2,2,2,2,16818,20213,19590,21261,20783,22081,4000,0,2000,0,1800,0,13182,9787,10410,8739,9217,7919,112946,1
20000,2,1,4,-1,-1,-1,-1,-1,-1,18673,17572,18584,19097,19328,37576,1297,1309,822,682,0,1558,1327,2428,1416,903,672,-17576,125162,0
230000,2,2,2,-1,-1,-1,-1,-1,-1,3686,5557,5816,1288,23196,15072,5619,5838,7,23312,15147,16518,226314,224443,224184,228712,206804,214928,-11826,0
20000,2,2,1,-1,-1,2,-1,-1,-2,16831,20404,19621,14051,0,0,4183,0,281,0,0,0,3169,-404,379,5949,20000,20000,66443,1
360000,1,4,1,-1,-1,-1,-1,-1,2,21275,22517,23707,24145,24068,24350,1800,1800,1000,1649,1003,3,338725,337483,336293,335855,335932,335650,132807,1
60000,1,4,1,-1,-1,-1,-1,-1,-1,56119,57282,58533,59349,55302,56563,2664,2800,2400,2100,2181,2213,3881,2718,1467,651,4698,3437,328790,0
20000,2,4,3,-1,-1,-1,2,-1,-1,14218,15247,16986,16418,16615,16944,1562,2301,0,610,604,779,5782,4753,3014,3582,3385,3056,90572,1
500000,1,1,3,-1,-1,-1,-1,-1,-1,367,15272,12925,75667,67609,71946,16652,76146,67697,67609,71946,14000,499633,484728,487075,424333,432391,428054,-70264,0
380000,2,1,2,-2,-2,-2,-1,-1,-2,0,4107,2517,710,0,0,4107,2517,716,0,0,1183,380000,375893,377483,379290,380000,380000,-1189,0
160000,1,2,1,1,-2,-2,-1,-1,-1,-1860,-2790,-4650,930,930,2010,0,0,5580,930,2010,0,161860,162790,164650,159070,159070,157990,-13950,0
170000,1,2,3,2,2,7,7,7,7,2400,2400,2400,2400,2400,2400,0,0,0,0,0,0,167600,167600,167600,167600,167600,167600,14400,0
430000,1,4,1,-1,-1,-1,-1,-1,-1,67336,53400,52214,32386,32848,28557,3261,3051,1199,2000,2000,140908,362664,376600,377786,397614,397152,401443,114322,0
320000,1,1,2,-1,-1,-1,-1,-1,-1,8374,17634,38000,1140,997,1633,17634,21000,1140,997,1633,0,311626,302366,282000,318860,319003,318367,25374,0
180000,1,1,2,-1,-1,-1,-1,-1,-1,1100,860,1480,380,740,1100,860,1000,0,740,1100,380,178900,179140,178520,179620,179260,178900,1580,1
50000,2,2,3,-1,-1,-1,-1,-1,-1,47612,97918,49376,19693,19677,19657,2113,1949,685,700,712,674,2388,-47918,624,30307,30323,30343,247100,0
60000,2,2,1,2,2,2,2,2,2,47631,48574,49476,50360,50509,52522,2000,2000,2000,1100,3000,0,12369,11426,10524,9640,9491,7478,288972,0
360000,3,4,2,1,-1,-1,-1,-1,-1,-507,751,15369,7845,6786,0,1502,15369,200,0,0,0,360507,359249,344631,352155,353214,360000,13173,0
80000,2,4,1,-1,-1,-1,-1,-1,-1,80998,63184,58346,56361,55933,56936,4500,1973,3000,5000,2100,3200,-998,16816,21654,23639,24067,23064,351985,0
50000,3,1,3,-2,-2,-2,-2,-2,-2,26948,16272,1000,0,0,0,5017,1103,0,0,0,0,23052,33728,49000,50000,50000,50000,38100,0
200000,2,4,2,2,-1,-1,-1,-1,-1,214261,210315,206563,202896,173111,170326,8000,9000,8000,7000,7200,10500,-14261,-10315,-6563,-2896,26889,29674,1127772,0
460000,1,4,2,-1,-1,-1,-1,-1,-1,58312,36388,52920,50106,50147,1341,36570,52937,1006,1019,1347,1965,401688,423612,407080,409894,409853,458659,154370,0
130000,2,4,1,-1,-1,-1,-1,-1,-1,78426,77613,62963,58470,59069,51599,3000,3000,3000,2500,2000,3000,51574,52387,67037,71530,70931,78401,371640,0
440000,2,2,1,-1,-1,-1,-1,-1,-1,430990,436979,329814,289341,287809,293176,18887,12076,10042,11005,11069,9006,9010,3021,110186,150659,152191,146824,1996024,0
280000,2,2,2,2,2,2,-1,-1,-1,168581,170775,166749,168739,166757,161777,6000,5,5858,5741,5608,5712,111419,109225,113251,111261,113243,118223,974454,1
20000,3,2,2,-1,-1,-1,-1,-1,-1,6530,8389,10090,3450,13030,9507,8389,5000,3450,13030,9507,19794,13470,11611,9910,16550,6970,10493,-8174,0
60000,2,4,1,-1,-1,-1,-1,-1,-1,57925,58188,58411,58743,60042,57781,2100,3000,2500,2500,2300,5000,2075,1812,1589,1257,-42,2219,333690,0
210000,2,4,2,-1,-1,-1,-1,-1,-1,194358,185907,180618,184110,189134,194966,8000,10000,8000,8000,9000,8000,15642,24093,29382,25890,20866,15034,1078093,0
100000,3,4,3,-1,-1,-1,-1,-1,-1,56009,58104,62126,68082,73858,77226,3000,5000,7000,6900,4600,4200,43991,41896,37874,31918,26142,22774,364705,0
240000,1,1,3,-2,-2,-2,-2,-2,-2,0,0,0,0,0,0,0,0,0,0,0,0,240000,240000,240000,240000,240000,240000,0,0
280000,3,4,3,-1,-1,-1,-1,-1,-1,194868,178774,172045,175487,179270,183394,7000,7000,6200,6500,7000,7000,85132,101226,107955,104513,100730,96606,1043138,0
130000,1,4,1,-1,3,2,2,2,2,78,78,78,78,78,-121,0,0,0,0,0,0,129922,129922,129922,129922,129922,130121,269,0
360000,1,2,2,-2,-2,-2,-2,-2,-2,1533,-12,2493,-6,1299,-2,24,2505,0,1305,0,0,358467,360012,357507,360006,358701,360002,1471,1
210000,3,4,2,-1,-1,-1,-1,-1,-1,203447,206683,99411,63322,73433,75381,6549,4500,2407,12700,3200,4000,6553,3317,110589,146678,136567,134619,688321,0
20000,3,2,1,2,2,2,2,3,2,15034,17676,17100,19111,18525,18080,3200,0,2600,0,0,1700,4966,2324,2900,889,1475,1920,98026,1
20000,2,4,1,-1,-1,-1,-1,-1,-1,4731,6642,11508,16953,17310,18466,2000,5000,6000,626,1441,0,15269,13358,8492,3047,2690,1534,60543,0
50000,2,1,2,1,2,2,2,2,2,16501,15947,18134,17622,19249,14259,0,2500,0,2000,0,1000,33499,34053,31866,32378,30751,35741,96212,1
100000,2,2,2,-1,-1,-1,-1,-1,-1,97040,65668,66046,66779,45833,46369,2617,2098,1916,1707,1732,1379,2960,34332,33954,33221,54167,53631,376286,0
50000,3,2,1,-2,-2,-2,-2,-2,-2,0,0,0,0,0,0,0,0,0,0,0,0,50000,50000,50000,50000,50000,50000,0,0
130000,2,2,1,1,2,2,2,2,2,123371,125905,126524,127534,130524,132416,6000,4300,4400,5000,4000,63,6629,4095,3476,2466,-524,-2416,742511,1
270000,1,4,2,-1,-1,-2,-1,-1,-1,13759,0,0,2786,4686,3184,0,0,2786,4686,0,0,256241,270000,270000,267214,265314,266816,16943,0
50000,2,4,1,-1,-1,-1,-1,-1,-1,390,390,390,780,780,0,390,390,780,0,0,0,49610,49610,49610,49220,49220,50000,1170,0
80000,2,2,2,-1,-1,-1,-1,-1,-1,9647,10390,10816,9746,9798,10401,1206,1131,322,490,1402,201,70353,69610,69184,70254,70202,69599,56046,0
10000,1,4,1,-1,-1,-1,-1,-1,-1,1727,1508,3096,3400,4522,-240,1508,3098,3400,4522,0,1000,8273,8492,6904,6600,5478,10240,485,0
190000,2,2,2,-1,-1,-1,-2,-1,-1,500,300,0,0,418,964,300,0,0,418,964,670,189500,189700,190000,190000,189582,189036,-170,0
50000,1,2,1,-1,-1,2,-1,-1,2,40688,43816,42816,43528,46258,47340,4100,0,1723,3600,2000,2780,9312,6184,7184,6472,3742,2660,250243,0
100000,3,2,3,2,2,2,2,2,-1,42674,45983,46927,47759,46865,47930,4000,2000,1900,0,2000,4000,57326,54017,53073,52241,53135,52070,264238,1
150000,2,2,3,-1,-1,-1,-1,-1,-1,151822,86002,75782,76333,77956,77553,2985,2700,5000,2823,2865,2679,-1822,63998,74218,73667,72044,72447,526396,1
510000,3,2,2,-2,-2,-2,-2,-2,-2,548,0,0,0,0,1769,0,0,0,0,1769,0,509452,510000,510000,510000,510000,508231,548,0
110000,2,4,1,-1,-1,-1,-1,-1,-1,1362,1352,1867,36986,40053,41196,1352,1867,36986,5000,3000,23000,108638,108648,108133,73014,69947,68804,51611,0
150000,1,2,4,-1,-1,-1,-1,-1,-1,1657,2277,4049,1665,559,0,2277,4066,1665,559,0,663,148343,147723,145951,148335,149441,150000,977,0
50000,2,2,4,-1,-1,-1,-1,-1,-1,48403,48119,43590,18264,18659,18918,2020,3128,1000,656,645,630,1597,1881,6410,31736,31341,31082,187874,0
50000,2,4,1,-1,-1,-1,-1,-1,-1,25622,33564,25680,13577,1148,-6,10122,10028,5000,6,0,0,24378,16436,24320,36423,48852,50006,74429,0
360000,2,2,1,1,-1,2,-1,-1,-1,0,828,414,414,414,414,1244,2,416,416,416,600,360000,359172,359586,359586,359586,359586,-610,0
10000,1,4,1,2,-1,-1,2,2,2,6524,7559,9564,9264,9862,10050,1300,2300,0,900,500,0,3476,2441,436,736,138,-50,47823,0
210000,1,4,1,1,2,2,-1,-1,-1,120098,121222,117783,120126,122643,125123,4500,0,4302,4455,4523,4516,89902,88778,92217,89874,87357,84877,704699,0
370000,2,2,1,-1,-1,-1,-1,-1,-1,261021,265512,269491,223905,226566,226817,10001,10000,10000,8207,7641,7521,108979,104488,100509,146095,143434,143183,1419942,0
360000,2,2,2,-1,-1,-2,-1,-1,-1,3177,0,0,1672,0,986,0,0,1672,0,986,780,356823,360000,360000,358328,360000,359014,2397,0
50000,2,2,2,-1,-1,2,-1,-1,2,44970,48101,46993,47940,50903,49794,3855,0,1694,3713,2000,1900,5030,1899,3007,2060,-903,206,275539,1
360000,2,2,2,-2,-2,-2,-2,-1,-1,0,0,0,0,3189,177585,0,0,0,3189,177000,5000,360000,360000,360000,360000,356811,182415,-4415,0
170000,1,2,2,-1,-1,-1,-1,-1,-1,86239,75600,2800,21881,0,6780,1512,2800,21881,0,6780,530,83761,94400,167200,148119,170000,163220,159797,0
70000,2,2,1,-1,-1,-1,-1,-1,-1,67864,68284,67375,71270,71157,71008,3517,3700,71270,3000,3000,3000,2136,1716,2625,-1270,-1157,-1008,329471,1
360000,1,4,2,-1,-1,-1,-1,-1,-1,8871,6378,26648,6707,3450,0,6411,26987,6740,3467,0,239400,351129,353622,333352,353293,356550,360000,-230951,0
230000,4,1,3,-1,-1,-1,-1,-1,-1,92230,90614,90385,59317,60404,61604,3292,2755,2270,2193,2205,2284,137770,139386,139615,170683,169596,168396,439555,0
50000,1,1,2,-1,-1,-2,-2,-2,-2,12650,0,0,0,0,0,0,0,0,0,0,0,37350,50000,50000,50000,50000,50000,12650,0
200000,1,1,3,-1,-1,-1,-1,-1,-1,1378,-22,5440,-2,796,1390,0,5462,0,798,1394,3600,198622,200022,194560,200002,199204,198610,-2274,0
140000,2,2,2,-1,-1,-1,-1,-1,-1,326,326,326,326,326,326,326,326,326,326,326,326,139674,139674,139674,139674,139674,139674,0,1
120000,2,4,2,-1,-1,-1,-1,-1,-1,120411,122717,118886,117170,117403,117388,6300,6100,4600,5000,4800,5000,-411,-2717,1114,2830,2597,2612,682175,0
280000,3,4,3,-2,-2,-2,-2,-2,-2,1401,5201,3615,1963,2086,1297,5201,3615,1963,2086,1297,1154,278599,274799,276385,278037,277914,278703,247,0
300000,1,4,1,-1,-1,-1,-1,-1,-1,26857,9505,8933,14357,24549,3031,9511,8933,14357,15000,3031,20993,273143,290495,291067,285643,275451,296969,15407,0
20000,2,4,1,-1,-1,2,2,2,2,15169,17793,17207,20409,20844,20349,2874,0,3490,900,0,361,4831,2207,2793,-409,-844,-349,104146,0
160000,2,4,1,2,2,2,2,2,-1,158629,162097,163567,163617,156554,156557,7500,5600,5822,14,5700,5800,1371,-2097,-3567,-3617,3446,3443,930585,1
20000,1,2,1,2,-1,-1,-1,-1,-1,17781,19388,19933,17331,12822,19924,2000,1300,390,388,10000,400,2219,612,67,2669,7178,76,92701,1
120000,2,1,3,-1,-1,-1,-1,-1,-1,44966,45726,40795,39938,40610,39397,1690,2562,1392,1442,1415,1422,75034,74274,79205,80062,79390,80603,241509,0
290000,2,2,2,-2,-2,-2,-2,-2,-2,1961,3144,500,0,0,0,3148,501,0,0,0,0,288039,286856,289500,290000,290000,290000,1956,0
60000,2,1,2,-1,-1,-1,-1,-1,2,30781,25870,26964,27265,30329,24104,1505,1599,900,4500,0,1000,29219,34130,33036,32735,29671,35896,155809,0
110000,1,4,1,-1,-1,-1,-1,-1,-1,69718,67961,68306,69786,48728,18574,3000,2000,2049,2000,1000,1000,40282,42039,41694,40214,61272,91426,332024,0
50000,3,2,3,-1,-1,-1,-1,-1,-1,42874,43727,28742,8150,6771,6713,1862,1077,1000,1000,1000,1000,7126,6273,21258,41850,43229,43287,130038,0
630000,1,2,2,-2,-2,-2,-2,-2,-2,2731,3817,4679,5679,6679,6850,1138,1000,1000,1000,171,73415,627269,626183,625321,624321,623321,623150,-47289,0
30000,1,2,1,-1,-1,-1,-1,2,-1,23837,24948,25611,29245,28686,26549,1800,1400,4000,0,2631,500,6163,5052,4389,755,1314,3451,148545,0
50000,2,2,2,-1,-1,-1,-1,-1,-1,50094,50461,50994,30521,30242,30193,2479,2412,1162,1199,1223,1199,-94,-461,-994,19479,19758,19807,232831,0
60000,2,1,3,-1,-1,-1,-1,-1,-1,49244,48310,41746,25488,26199,28200,2000,2000,1000,1501,3000,1500,10756,11690,18254,34512,33801,31800,208186,0
150000,2,2,1,-1,-1,-1,-1,-1,-1,12593,39494,33616,24519,10656,30168,38018,1203,41,2587,31382,11027,137407,110506,116384,125481,139344,119832,66788,0
10000,3,2,1,-1,-1,-1,-1,-1,-1,273,8327,9379,9566,9766,10042,8327,1200,342,354,438,200,9727,1673,621,434,234,-42,36492,0
20000,2,2,1,-1,-1,-1,-1,-1,-1,18860,17904,15300,12776,3585,0,1360,1206,256,72,0,0,1140,2096,4700,7224,16415,20000,65531,0
80000,3,2,2,-1,-1,-1,-1,-1,-1,71375,18353,94675,90470,85449,80309,1414,83402,4000,3058,2903,2626,8625,61647,-14675,-10470,-5449,-309,343228,0
160000,2,4,4,-1,-1,-1,-1,-1,-1,38695,40757,42769,44448,46269,48036,3000,2700,2700,2700,2700,2700,121305,119243,117231,115552,113731,111964,244474,0
100000,2,2,3,-1,-1,-1,-1,-1,-1,103601,105282,83616,67825,66756,57075,5088,3098,5010,3038,4031,3000,-3601,-5282,16384,32175,33244,42925,460890,0
90000,3,2,2,-1,-1,2,-1,-1,-1,49771,52930,48683,44102,35577,28500,4000,0,1312,1200,1070,2882,40229,37070,41317,45898,54423,61500,249099,0
50000,3,4,5,-1,-1,2,2,-1,-1,27943,31060,31293,29256,29870,30503,3577,1042,0,1080,1515,862,22057,18940,18707,20744,20130,19497,171849,0
170000,1,2,2,-1,-1,-1,-1,-1,-1,117010,119463,123476,124934,127918,130782,4337,6000,5000,5000,5000,4898,52990,50537,46524,45066,42082,39218,713348,0
240000,1,4,2,-1,-1,-1,-1,-1,-1,5695,9420,16278,8998,10242,19098,9420,16290,8998,10421,19098,6697,234305,230580,223722,231002,229758,220902,-1193,0
80000,2,4,1,-1,-1,-1,-1,-1,-1,3002,1921,13454,1807,3560,3337,1921,13454,1807,3560,3337,6240,76998,78079,66546,78193,76440,76663,-3238,0
80000,1,4,2,-1,-1,-1,-1,-1,-1,69533,71314,73027,74215,75865,77448,3500,3500,3000,3000,3000,3000,10467,8686,6973,5785,4135,2552,422402,0
360000,2,2,2,-2,-2,-2,-2,-2,-2,0,0,0,0,474,0,0,0,0,474,0,0,360000,360000,360000,360000,359526,360000,0,0
140000,1,1,2,2,-1,-1,2,2,2,51028,52112,55232,55932,54910,57344,2500,4600,2200,0,3513,3000,88972,87888,84768,84068,85090,82656,310745,0
60000,2,2,3,-1,-1,-1,-1,-1,-1,81411,52017,35423,24023,20175,16137,38709,1609,661,656,1000,5000,-21411,7983,24577,35977,39825,43863,181551,0
110000,3,2,1,-1,-1,-1,-1,-1,-1,55567,65753,65379,65467,64596,62405,15753,5379,5467,4596,3405,1492,54433,44247,44621,44533,45404,47595,343075,0
160000,1,4,1,-1,-1,-1,-1,-1,-1,164262,158903,150548,152170,155476,165902,7900,7000,5600,5900,13200,0,-4262,1097,9452,7830,4524,-5902,907661,0
200000,3,2,3,-1,-1,-1,-1,-1,-1,80,-460,4091,5463,4978,975,2230,5029,5463,100,975,255,199920,200460,195909,194537,195022,199025,1075,1
280000,2,2,1,-1,-1,-1,-1,-1,-1,233717,87171,87786,86510,83560,84808,10004,3066,3171,3501,3030,2789,46283,192829,192214,193490,196440,195192,637991,0
360000,2,1,2,1,2,2,7,6,5,296148,304249,383030,377145,370850,364365,14906,97225,0,0,0,0,63852,55751,-23030,-17145,-10850,-4365,1983656,0
90000,1,4,1,-1,-1,-1,-2,-1,-1,13416,5206,0,0,1980,170,7380,0,0,1980,170,1397,76584,84794,90000,90000,88020,89830,9845,1
200000,2,2,3,-1,-1,-1,-1,-1,-1,18564,77518,82794,80248,64174,51204,60000,20000,20248,45000,40000,54600,181436,122482,117206,119752,135826,148796,134654,0
50000,1,1,4,1,2,3,2,2,2,29394,31722,30928,30134,32085,32609,3100,0,0,2600,1200,0,20606,18278,19072,19866,17915,17391,179972,1
400000,1,2,2,-2,-2,-2,-2,-2,-2,7217,-507,-3,8067,1154,2061,0,1000,8070,1154,2061,0,392783,400507,400003,391933,398846,397939,5704,0
360000,1,1,3,1,-1,-1,-1,-1,-1,-3,630,1019,320,5817,907,633,1030,321,5846,911,6965,360003,359370,358981,359680,354183,359093,-7016,0
150000,3,1,4,-1,-1,-1,-1,-1,-1,88900,91812,92411,94416,96328,74550,4161,2971,3151,3200,3990,0,61100,58188,57589,55584,53672,75450,520944,0
50000,3,4,5,1,2,-1,-1,2,-1,47731,45925,47041,49180,47500,48479,0,2200,3600,0,1763,1725,2269,4075,2959,820,2500,1521,276568,1
150000,2,2,2,-1,-1,-1,-1,-1,-1,6008,8765,19674,57858,53588,56892,8008,20155,63992,3004,6002,5702,143992,141235,130326,92142,96412,93108,95922,0
100000,2,4,2,1,2,-1,-1,-2,-2,3492,3293,326,324,174,1367,10,650,324,0,1367,4166,96508,96707,99674,99676,99826,98633,2459,1
310000,1,2,2,-1,-1,-1,-1,-1,-1,27289,28020,31140,27695,17338,17731,1489,4415,1084,491,540,4000,282711,281980,278860,282305,292662,292269,137194,0
120000,2,2,2,1,-1,2,2,-2,-2,0,780,780,0,0,0,1170,0,0,0,0,0,120000,119220,119220,120000,120000,120000,390,0
90000,2,2,3,-1,-1,-1,-1,-1,-1,82253,88238,83204,81645,84629,87981,8238,3200,3000,5000,5000,3000,7747,1762,6796,8355,5371,2019,480512,0
150000,1,2,2,-2,-2,-2,-2,-2,-2,14843,14528,11317,14037,12030,10738,14528,11322,14042,12030,10738,322,135157,135472,138683,135963,137970,139262,14511,0
50000,2,1,3,-1,-1,-1,-1,-1,-1,35255,21317,22252,22541,22863,20288,1690,1620,900,780,750,1670,14745,28683,27748,27459,27137,29712,137106,0
210000,1,1,4,-1,-1,-1,-1,-1,-1,6060,5934,9303,10976,2543,3483,5983,9331,11008,2550,3493,1308,203940,204066,200697,199024,207457,206517,4626,0
300000,2,4,3,-1,-1,-1,-1,-1,-2,28077,1063,11510,10310,0,0,1500,11516,0,0,0,7000,271923,298937,288490,289690,300000,300000,30944,0
110000,2,2,2,2,-1,-1,-1,-1,-1,87514,75394,82627,57533,59289,60828,4000,10090,2100,3000,3000,3000,22486,34606,27373,52467,50711,49172,397995,1
150000,1,4,1,-1,-1,-1,-1,-1,-1,150562,148689,147296,144927,54116,6072,5196,3171,3699,69245,1030,0,-562,1311,2704,5073,95884,143928,569321,0
210000,1,1,3,-1,-1,-1,-1,-1,-1,1729,1262,6867,2271,1054,1197,1315,6867,2271,1054,1197,701,208271,208738,203133,207729,208946,208803,975,0
30000,1,2,2,2,2,2,2,2,-1,21107,24117,24424,24627,24093,24785,3374,1000,900,0,1094,1000,8893,5883,5576,5373,5907,5215,135785,1
240000,2,2,3,-1,-1,-1,-1,-1,-1,632,0,316,632,0,316,0,316,632,0,316,948,239368,240000,239684,239368,240000,239684,-316,0
120000,2,2,2,-1,-1,-1,-1,-1,-1,856,856,856,856,856,856,856,856,856,856,856,2664,119144,119144,119144,119144,119144,119144,-1808,0
80000,1,4,1,-1,-1,-1,-1,-1,-1,31815,30672,33185,28600,29101,28939,4038,3199,914,850,2055,8318,48185,49328,46815,51400,50899,51061,162938,0
80000,2,4,1,1,2,-1,-1,2,-1,31040,30259,31712,33734,29822,30966,0,2000,2444,0,3000,1000,48960,49741,48288,46266,50178,49034,179089,1
360000,1,1,2,-1,-1,-1,-1,-1,-1,2612,3218,6989,2729,1436,-14,3234,7021,6,7,0,0,357388,356782,353011,357271,358564,360014,6702,0
130000,1,2,2,2,2,2,-1,-1,2,72996,75241,73442,75115,79230,81278,4000,0,3500,5500,3500,0,57004,54759,56558,54885,50770,48722,440802,1
290000,2,1,2,2,-1,-1,-1,-1,-1,322,326,652,326,326,11757,330,652,0,326,11757,550,289678,289674,289348,289674,289674,278243,94,0
240000,3,2,2,-1,-1,-1,-1,-1,-1,129600,133161,30098,366,725,2576,7000,1030,7,725,2217,158215,110400,106839,209902,239634,239275,237424,127332,0
60000,2,2,1,-1,-1,2,2,-1,-1,4553,7730,12944,-7511,12606,6540,3258,0,0,28000,2000,50,55447,52270,47056,67511,47394,53460,3554,0
200000,2,2,5,1,-2,-2,-2,-2,-2,0,0,0,0,0,0,0,0,0,0,0,0,200000,200000,200000,200000,200000,200000,0,1
150000,2,2,1,-1,-1,-1,-1,-1,-1,99294,96094,97642,70371,72257,72536,5008,5000,2499,3000,2789,2439,50706,53906,52358,79629,77743,77464,487459,0
300000,3,2,1,-1,-1,-1,-1,-1,-1,103792,108297,75385,76864,124477,192001,8401,4266,3087,49195,70000,7016,196208,191703,224615,223136,175523,107999,538851,0
30000,2,4,1,-1,-1,2,2,2,2,2590,8346,8069,13042,12690,15503,6000,0,5464,0,3027,0,27410,21654,21931,16958,17310,14497,45749,0
250000,2,1,3,-1,-1,-1,-1,-1,-1,142477,85965,71453,54063,52723,56752,7000,3000,2000,3500,5000,3000,107523,164035,178547,195937,197277,193248,439933,1
20000,3,2,3,-1,-1,-1,-1,-1,-1,17180,17715,18841,18989,11583,11859,1500,1500,1000,1000,1000,1000,2820,2285,1159,1011,8417,8141,89167,0
370000,1,4,2,-1,-1,-1,-1,-1,-1,206161,203907,178625,164483,157497,141493,10000,7014,6000,6000,6000,4000,163839,166093,191375,205517,212503,228507,1013152,0
20000,1,4,1,1,2,-1,-1,-1,-1,6081,3408,4016,3282,1814,2232,0,1000,100,1814,1000,0,13919,16592,15984,16718,18186,17768,16919,1
120000,2,4,1,-1,-1,-1,-1,-1,-1,7945,3077,700,268,632,8815,1000,1200,200,632,8815,8400,112055,116923,119300,119732,119368,111185,1190,1
50000,2,2,1,-1,-1,-1,-1,-1,-1,19766,14066,11524,10812,11643,12458,1300,1162,1000,1000,1000,1000,30234,35934,38476,39188,38357,37542,73807,0
190000,1,4,1,-1,-1,-1,-1,-1,-1,72656,38054,39410,38288,39276,36885,2000,2000,1500,1500,1300,1302,117344,151946,150590,151712,150724,153115,254967,1
20000,2,4,1,-1,-1,-1,2,2,2,15034,16285,20498,19509,20038,18982,1500,4500,0,1600,0,1000,4966,3715,-498,491,-38,1018,101746,0
240000,2,2,3,1,2,-1,-1,-1,-1,15100,14557,24893,14782,2381,2381,0,14782,0,2381,2381,0,224900,225443,215107,225218,237619,237619,54550,0
150000,2,2,2,-1,-1,-1,-1,-1,-1,80437,84560,35726,27886,32415,39531,7000,3000,3000,5000,8000,2000,69563,65440,114274,122114,117585,110469,272555,0
180000,2,2,2,-1,-1,-1,-1,-1,-1,8694,7607,6801,6759,6918,9777,1500,2000,1000,3000,4000,2000,171306,172393,173199,173241,173082,170223,33056,0
180000,2,2,2,-1,-1,-1,-1,-1,-1,136613,133557,129909,133043,133835,132587,6600,6000,6000,6000,5000,6000,43387,46443,50091,46957,46165,47413,763944,0
70000,1,2,2,-1,-1,-2,-2,-2,-2,45450,0,0,0,0,0,0,0,0,0,0,0,24550,70000,70000,70000,70000,70000,45450,0
230000,1,4,2,-1,-1,-1,-1,-1,-1,441,28641,713,1344,3786,6571,28200,720,1344,4674,6571,1814,229559,201359,229287,228656,226214,223429,-1827,0
360000,1,2,1,-1,-1,-1,-1,-1,-1,5810,4036,2310,1300,0,348,4041,2310,1300,0,348,1080,354190,355964,357690,358700,360000,359652,4725,0
120000,2,4,2,-1,-1,-1,-1,-1,2,52266,53351,54425,54925,59010,60191,2522,2559,2000,5000,2300,0,67734,66649,65575,65075,60990,59809,319787,0
90000,3,1,3,2,2,2,2,2,2,74766,76470,77514,78730,80316,82321,3500,2900,3100,3000,3500,6500,15234,13530,12486,11270,9684,7679,447617,1
110000,2,1,2,-1,-1,-1,-1,-1,2,110198,107710,83913,47369,48905,46046,3851,3021,1649,3513,0,1664,-198,2290,26087,62631,61095,63954,430443,0
100000,3,2,4,-1,-1,-1,-1,-1,-1,36838,37785,32905,29866,30503,28518,1607,1385,971,1018,984,810,63162,62215,67095,70134,69497,71482,189640,0
90000,1,2,1,1,2,2,-1,-1,-1,58518,52526,45640,41539,39373,32080,3006,99,1500,1500,2015,1200,31482,37474,44360,48461,50627,57920,260356,0
50000,1,2,2,1,2,2,2,-1,-1,47438,46400,49276,48286,47915,48386,0,3700,0,2000,6000,0,2562,3600,724,1714,2085,1614,276001,0
50000,2,4,4,-1,-1,-1,-1,-1,2,7343,7969,8832,10931,11578,10547,1139,1002,13359,800,0,426,42657,42031,41168,39069,38422,39453,40474,0
180000,1,2,1,1,-2,-2,-2,-2,-2,0,0,0,0,0,0,0,0,0,0,0,0,180000,180000,180000,180000,180000,180000,0,0
50000,2,1,3,-1,-1,-1,-1,-1,-1,36696,46041,47890,8412,9412,0,10000,3012,1000,1000,0,0,13304,3959,2110,41588,40588,50000,133439,0
20000,3,4,1,-1,-1,-1,-1,-1,-1,13804,14578,15893,16330,16517,16944,1300,1563,1000,600,700,2000,6196,5422,4107,3670,3483,3056,86903,0
20000,2,2,1,2,2,2,2,2,3,36060,31741,30013,25938,28447,24288,0,2600,0,6500,0,0,-16060,-11741,-10013,-5938,-8447,-4288,167387,0
20000,2,2,1,1,2,2,2,2,3,7979,8700,9907,9599,14422,18885,1000,1500,0,5000,5000,900,12021,11300,10093,10401,5578,1115,56092,0
20000,3,2,3,-1,-1,-1,-1,-1,-1,19363,19609,-391,19413,12223,2110,1200,160,20394,347,2110,12996,637,391,20391,587,7777,17890,35120,0
50000,3,2,3,-1,-1,-1,-1,-1,-1,390,390,390,390,390,390,390,390,390,390,390,0,49610,49610,49610,49610,49610,49610,390,1
210000,2,1,3,-2,-2,-2,-2,-2,-2,0,1828,765,0,0,0,1828,765,0,0,0,0,210000,208172,209235,210000,210000,210000,0,0
490000,4,1,4,-1,-1,-1,-1,-1,2,4770,16917,739,-11,5132,2724,17143,742,0,5143,13,5744,485230,473083,489261,490011,484868,487276,1486,0
280000,1,4,1,1,-1,-1,-1,-1,-1,0,5072,4872,4284,4322,9887,5072,4900,0,4322,9887,49300,280000,274928,275128,275716,275678,270113,-45044,1
200000,3,4,4,-2,-2,-2,-2,-2,-2,880,1948,3635,1186,0,0,1948,3635,1362,0,0,0,199120,198052,196365,198814,200000,200000,704,0
100000,2,4,1,1,-1,-1,-2,-2,-1,0,670,0,0,0,150,670,0,0,0,150,477,100000,99330,100000,100000,100000,99850,-477,1
250000,1,2,4,-2,-2,-2,-2,-2,-2,777,-3,772,-8,-8,1726,0,775,0,0,1734,0,249223,250003,249228,250008,250008,248274,747,0
240000,2,2,4,-1,-1,-1,-1,-1,2,7832,64445,11680,4060,17903,15961,64461,11680,0,17964,61,620,232168,175555,228320,235940,222097,224039,27095,0
80000,2,2,1,-1,-1,-1,-1,-1,-1,75405,75681,72263,50312,49878,50101,3000,2200,1730,1800,2500,3000,4595,4319,7737,29688,30122,29899,359410,0
100000,3,1,5,2,2,2,2,2,2,16918,20511,19944,22915,23472,23016,4145,0,3260,1000,0,2286,83082,79489,80056,77085,76528,76984,116085,1
30000,3,2,3,-2,-2,-2,-2,-2,-2,0,18393,7501,11216,14333,0,18393,7501,11216,14387,0,0,30000,11607,22499,18784,15667,30000,-54,0
180000,1,4,3,-2,-2,-2,-2,-2,-2,177061,180778,3647,1593,1228,1006,8000,3653,32,0,1006,0,2939,-778,176353,178407,178772,178994,352622,0
80000,1,4,2,-1,-1,-1,-1,2,2,60918,62445,63905,67943,68811,70526,2500,2500,5100,2100,3000,3000,19082,17555,16095,12057,11189,9474,376348,0
110000,2,2,3,-2,-1,-1,-1,-1,-1,1495,83590,82293,78622,78430,78120,86367,2846,2755,2838,2808,2740,108505,26410,27707,31378,31570,31880,302196,0
180000,2,2,2,-1,-1,-1,-1,-1,-1,39259,41054,25590,5817,13623,-2202,3000,6000,1000,13623,388,77001,140741,138946,154410,174183,166377,182202,22129,0
150000,2,2,1,2,2,2,2,2,2,99986,103662,103978,105272,106437,109108,6800,3500,4500,3000,4600,2500,50014,46338,46022,44728,43563,40892,603543,1
50000,2,2,4,-1,-1,-1,-1,-1,-1,15377,17121,17832,18532,19233,20650,2000,1300,1000,1000,2000,0,34623,32879,32168,31468,30767,29350,101445,0
230000,2,4,1,-1,-1,2,2,-2,-1,1050,2203,2005,0,0,780,2203,0,0,0,780,0,228950,227797,227995,230000,230000,229220,3055,1
340000,1,1,3,-1,-1,-1,-1,-1,-1,624,2431,595,1193,25235,5868,2431,595,1193,25235,5868,2387,339376,337569,339405,338807,314765,334132,-1763,1
30000,2,2,1,1,2,2,2,2,2,26623,27703,26753,30107,30614,27190,1800,0,4100,900,0,40925,3377,2297,3247,-107,-614,2810,121265,1
270000,2,2,3,-1,-1,-1,-1,-1,-1,17074,28137,32602,9462,8835,8054,15000,5000,5000,5000,5000,1500,252926,241863,237398,260538,261165,261946,67664,0
50000,1,4,2,-1,-1,-1,-1,-1,-1,11684,45135,34539,7000,6000,0,45135,34539,7000,6000,0,0,38316,4865,15461,43000,44000,50000,11684,0
130000,3,2,3,-1,-1,-1,-1,-1,2,74020,71527,66370,43882,41063,29215,5000,3000,2500,4100,0,5000,55980,58473,63630,86118,88937,100785,306477,0
200000,1,4,1,-1,-1,-1,-1,-1,-1,31789,22289,29815,35442,8321,20718,22091,29851,283,1387,20057,51281,168211,177711,170185,164558,191679,179282,23424,0
360000,1,1,3,-1,-1,-1,-1,-1,-1,14591,14828,14250,13780,15077,14009,3005,3024,4004,4008,3008,2024,345409,345172,345750,346220,344923,345991,67462,1
500000,2,2,1,-1,-1,-1,-1,-1,-1,131519,127055,122368,108543,93906,82288,6662,12105,8610,3555,4073,2666,368481,372945,377632,391457,406094,417712,628008,0
100000,1,4,1,-1,-1,-1,-1,-1,-1,11801,12905,14378,14838,15447,16539,1600,2000,1000,1000,1500,0,88199,87095,85622,85162,84553,83461,78808,0
270000,2,2,4,-1,-1,-1,-1,-1,-1,22821,24949,26526,27778,29322,30677,2500,2000,2000,2000,2000,2000,247179,245051,243474,242222,240678,239323,149573,0
100000,2,1,4,-1,-1,-1,-1,-1,-1,64254,21178,101565,82087,81201,77928,2211,81565,2625,3931,2900,2800,35746,78822,-1565,17913,18799,22072,332181,1
20000,2,4,1,-1,-1,-1,-1,-1,-1,17950,17330,18560,14509,17972,15352,2000,2000,1000,6000,1000,3000,2050,2670,1440,5491,2028,4648,86673,0
50000,2,2,3,-1,-1,-1,-1,-1,-1,47823,48468,50955,49813,49290,50603,3144,3878,3000,2500,2000,1787,2177,1532,-955,187,710,-603,280643,0
200000,2,4,2,-1,-1,-1,-1,-1,-1,2147,1173,912,1140,293,0,1173,912,1140,293,0,308,197853,198827,199088,198860,199707,200000,1839,0
170000,1,1,3,1,2,-1,-1,-1,-1,84947,78724,68387,51511,33939,34330,2000,2000,3057,2000,5000,2000,85053,91276,101613,118489,136061,135670,335781,1
20000,1,4,1,2,-1,-1,-1,-1,-1,18540,19726,8564,19775,19878,19898,2000,8568,19000,800,1000,20000,1460,274,11436,225,122,102,55013,1
70000,3,1,4,2,3,2,2,2,-1,56781,55327,52927,30432,16546,16722,2,3,2214,0,600,800,13219,14673,17073,39568,53454,53278,225116,1
260000,1,4,2,-1,-1,-2,-2,-2,-2,252,0,0,0,0,0,0,0,0,0,0,0,259748,260000,260000,260000,260000,260000,252,0
200000,1,2,1,-1,-1,-2,-2,-2,-2,1760,0,0,0,0,0,0,0,0,0,0,0,198240,200000,200000,200000,200000,200000,1760,0
190000,1,4,1,-1,-1,-1,-1,-1,-1,106223,103922,106082,95645,89762,91835,7500,16027,9000,2919,3220,22000,83777,86078,83918,94355,100238,98165,532803,0
220000,3,1,4,-1,-1,-1,-2,-2,-1,22599,23875,0,0,0,52884,1875,0,0,0,52884,105660,197401,196125,220000,220000,220000,167116,-61061,0
170000,3,4,2,-1,-1,2,-1,-1,-1,38903,37979,37069,37960,38796,39267,5144,0,1508,1600,1264,1391,131097,132021,132931,132040,131204,130733,219067,0
290000,1,4,3,-1,-1,-1,-1,-1,-1,281950,263710,262786,254495,247060,220298,11900,11000,7900,9050,6900,6000,8050,26290,27214,35505,42940,69702,1477549,0
60000,1,4,1,-1,-1,-1,-1,-1,-1,31493,32634,30312,22999,23484,24438,2000,2000,1000,1005,1500,2000,28507,27366,29688,37001,36516,35562,155855,0
100000,3,2,4,-1,-1,-1,-1,-1,2,36925,38324,39680,41687,43607,43739,2000,2000,2680,2600,1000,5261,63075,61676,60320,58313,56393,56261,228421,1
130000,3,2,3,-1,2,2,-1,-1,-1,632,316,0,632,316,316,0,0,948,0,316,316,129368,129684,130000,129368,129684,129684,632,0
360000,1,1,3,-2,-2,-2,-2,-2,-1,1126,3449,3168,1469,1833,1449,3455,3168,1469,1833,1449,0,358874,356551,356832,358531,358167,358551,1120,0
30000,2,2,2,3,2,-1,-1,-1,-1,3379,1715,1170,780,390,150,0,1100,0,0,150,780,26621,28285,28830,29220,29610,29850,5554,0
20000,3,2,1,-1,-1,-1,-1,-1,-1,16122,16787,14459,14743,16351,17126,2000,2000,2000,2000,2000,2000,3878,3213,5541,5257,3649,2874,83588,1
110000,1,4,2,2,2,2,2,2,2,600,600,600,600,600,600,0,0,0,0,0,0,109400,109400,109400,109400,109400,109400,3600,1
130000,2,4,3,-1,-1,-1,-1,-1,-1,87289,81818,41268,31836,33559,10390,5000,2000,2000,2000,2000,2000,42711,48182,88732,98164,96441,119610,271160,0
50000,2,4,1,-1,-1,-1,-1,-1,-1,49026,48983,38417,27038,26254,26352,1748,1408,1000,1000,1000,1000,974,1017,11583,22962,23746,23648,208914,0
110000,2,1,3,-1,-1,-1,-1,-1,-1,107767,108561,108895,78194,76385,76858,5700,5000,2700,2901,3000,3000,2233,1439,1105,31806,33615,33142,534359,0
80000,1,4,1,-1,-1,-1,-1,-1,-1,78327,79322,76290,58987,57947,58077,3000,2454,2059,2100,2149,1956,1673,678,3710,21013,22053,21923,395232,0
150000,2,2,2,-2,-2,-2,-2,-2,-2,316,1801,1139,2246,5435,466,1801,1139,2246,5435,466,316,149684,148199,148861,147754,144565,149534,0,0
80000,2,2,1,1,2,2,-1,-1,-1,56340,57022,55081,55350,55906,57538,2600,0,2200,2028,3000,2200,23660,22978,24919,24650,24094,22462,325209,0
320000,1,2,2,-1,-1,-1,-1,-1,-1,164511,177809,155421,166507,170930,171359,15000,34000,12000,5000,81000,4100,155489,142191,164579,153493,149070,148641,855437,0
170000,1,4,2,-1,-1,-1,-1,-1,-1,897,861,3749,1487,1939,588,861,3761,1495,1939,0,10613,169103,169139,166251,168513,168061,169412,-9148,0
60000,1,4,1,-1,-1,-1,-1,-1,-1,41525,33907,27517,27506,28115,28815,1815,1760,1100,1052,1200,1100,18475,26093,32483,32494,31885,31185,179358,0
180000,1,2,1,2,2,2,2,2,2,157074,158088,166492,168487,172662,172027,5000,12552,6200,7000,2304,6180,22926,21912,13508,11513,7338,7973,955594,1
470000,2,2,1,-1,-1,-1,-1,-1,-1,59235,47091,34901,33953,34188,35444,3106,5017,3007,2001,2093,10076,410765,422909,435099,436047,435812,434556,219512,0
70000,3,2,3,1,-2,-1,2,-1,-1,30950,33087,42935,28346,27279,28976,3107,48323,0,2001,3000,3003,39050,36913,27065,41654,42721,41024,132139,0
280000,2,2,3,-1,-1,-1,-1,-1,-1,40483,42538,44561,45450,46715,47642,2718,2741,1630,2000,1705,1572,239517,237462,235439,234550,233285,232358,255023,0
210000,1,4,1,-1,-1,-1,-2,-1,-1,231,1608,0,0,312,0,1624,0,0,312,0,0,209769,208392,210000,210000,209688,210000,215,0
300000,1,2,2,-1,-1,-1,-1,-1,-1,185327,29446,21689,12500,12500,12500,1500,5000,3500,12500,12500,12500,114673,270554,278311,287500,287500,287500,226462,0
140000,2,2,3,-1,-1,-1,-1,-1,-1,158495,160681,144194,144802,147311,150207,5530,6600,5100,5460,5460,5100,-18495,-20681,-4194,-4802,-7311,-10207,872440,0
450000,1,1,3,-1,-1,-1,-1,-1,-1,70825,17236,8680,113233,5907,0,17913,9278,114865,6411,0,0,379175,432764,441320,336767,444093,450000,67414,0
160000,2,2,2,-1,-1,-1,-1,2,2,105313,109030,109731,116452,114481,121885,5416,4002,8565,0,9502,0,54687,50970,50269,43548,45519,38115,649407,0
50000,3,2,3,1,-2,-2,-2,-2,-2,0,0,0,0,0,0,0,0,0,0,0,0,50000,50000,50000,50000,50000,50000,0,0
50000,1,2,3,-1,-1,-1,-1,-1,-1,12751,19660,14659,14951,14195,14471,22660,1300,519,518,515,528,37249,30340,35341,35049,35805,35529,64647,0
50000,2,1,2,-1,-1,-1,-1,-1,-1,50669,48942,27836,40346,38668,20016,1613,1484,3675,698,1000,706,-669,1058,22164,9654,11332,29984,217301,0
150000,1,4,1,-1,-1,2,2,2,2,129911,140013,137279,143848,146986,149805,12200,1000,10400,5600,5400,5000,20089,9987,12721,6152,3014,195,808242,1
90000,1,1,4,-1,-1,-1,-1,-1,-1,23551,23607,22132,63204,19412,18099,2400,1582,770,1696,820,520,66449,66393,67868,26796,70588,71901,162217,0
270000,2,2,3,-1,-1,-1,-1,-1,-1,225245,211517,165608,223292,220582,218090,10000,118000,113300,9000,8000,10000,44755,58483,104392,46708,49418,51910,996034,0
70000,1,2,2,-1,-1,-1,-1,-1,-1,65275,68595,67916,56766,50395,42214,5000,3000,3000,3000,7000,7000,4725,1405,2084,13234,19605,27786,323161,0
360000,2,2,2,-1,-1,-1,-1,-1,-1,9582,2119,10549,4409,2567,6234,2139,10580,110,2578,6265,0,350418,357881,349451,355591,357433,353766,13788,0
200000,2,2,2,1,-1,-1,-1,-1,-1,2500,9814,0,4379,1699,0,9814,0,4379,0,0,0,197500,190186,200000,195621,198301,200000,4199,1
250000,1,2,3,-1,-1,-1,-1,-1,-1,249406,256400,13600,3274,2446,26710,11400,13600,3274,0,26710,12000,594,-6400,236400,246726,247554,223290,484852,0
360000,2,4,2,-1,-1,-1,-1,-1,-1,205363,207315,211278,215020,218771,222172,8000,8000,8000,7766,7803,7971,154637,152685,148722,144980,141229,137828,1232379,0
20000,2,2,2,1,2,-1,-1,-1,-1,19565,18968,19612,16213,16812,18382,0,1300,717,1000,2000,1000,435,1032,388,3787,3188,1618,103535,0
250000,1,4,1,2,2,2,-1,-1,-1,21404,48774,28705,32017,19052,9847,28705,0,4000,3000,1500,1000,228596,201226,221295,217983,230948,240153,121594,1
60000,2,4,1,2,2,4,4,3,2,600,600,600,600,300,150,0,0,0,0,0,586,59400,59400,59400,59400,59700,59850,2264,1
200000,2,2,2,1,-2,-2,-2,-2,-2,0,0,0,0,0,0,0,0,0,0,0,0,200000,200000,200000,200000,200000,200000,0,0
30000,3,4,2,-1,-1,-1,-1,-1,-1,25546,28820,28538,28208,29326,29508,3700,718,1500,1500,3000,12357,4454,1180,1462,1792,674,492,147171,1
500000,1,4,2,1,-2,-2,-2,-2,-2,0,0,0,0,0,0,0,0,0,0,0,0,500000,500000,500000,500000,500000,500000,0,0
280000,3,2,3,-1,-1,-1,-1,-1,-1,50415,59538,67642,39396,26096,34104,10000,10000,36432,0,10000,28580,229585,220462,212358,240604,253904,245896,182179,0
200000,2,2,3,-1,-1,-1,-1,-1,-1,1261,0,2521,6934,2255,3021,0,2521,6935,2255,3021,0,198739,200000,197479,193066,197745,196979,1260,0
360000,2,2,2,1,-2,-2,-1,-1,-1,0,0,0,3602,1197,0,0,0,3602,1197,0,474,360000,360000,360000,356398,358803,360000,-474,0
50000,3,4,3,2,2,2,2,2,-1,42115,41164,43658,44644,43798,44912,0,3500,2000,0,2000,2000,7885,8836,6342,5356,6202,5088,250791,1
60000,2,2,2,-1,-1,-1,-1,-1,-1,57041,58268,59568,61298,29587,27267,2148,2303,2669,1032,1000,1300,2959,1732,432,-1298,30413,32733,282577,0
110000,2,1,3,-2,-2,-2,-2,-2,-1,100534,90201,77817,64246,65746,57715,3678,1948,1285,1500,60589,1620,9466,19799,32183,45754,44254,52285,385639,0
200000,3,2,3,-1,-1,-1,-1,-1,-1,34760,37871,39879,42946,46141,46305,4000,3000,4000,4000,3000,3000,165240,162129,160121,157054,153859,153695,226902,0
70000,2,4,2,2,-1,-1,-1,-1,-1,67607,69623,71030,30087,29742,29191,3700,3700,1300,1300,1100,1200,2393,377,-1030,39913,40258,40809,284980,0
220000,4,2,2,2,2,2,-1,-1,-1,189976,189665,171669,167294,172042,162565,15510,0,5500,7250,6500,3500,30024,30335,48331,52706,47958,57435,1014951,1
20000,1,4,1,-1,-1,-2,-2,-2,-2,379,0,0,0,0,0,0,0,0,0,0,0,19621,20000,20000,20000,20000,20000,379,0
220000,1,4,1,-2,-2,-1,-1,-1,-1,4289,4637,1252,8069,18117,23176,1031,3077,7500,10048,15010,9000,215711,215363,218748,211931,201883,196824,13874,0
180000,2,1,3,1,2,-1,-1,-1,-1,172584,167622,130083,64398,62277,58216,1000,4052,2293,2295,2400,2110,7416,12378,49917,115602,117723,121784,641030,0
100000,2,1,4,2,-1,-1,-1,-1,-1,43611,45415,47053,47747,48459,49560,2500,2400,1845,2400,2500,0,56389,54585,52947,52253,51541,50440,270200,1
200000,1,2,3,-1,-1,-1,-1,-1,-1,6402,5189,2394,15612,525,0,5189,2394,15648,0,0,0,193598,194811,197606,184388,199475,200000,6891,0
200000,3,2,2,1,2,2,3,2,2,138839,142121,193777,189225,192304,188695,7001,56100,5,7269,28,5828,61161,57879,6223,10775,7696,11305,968730,0
400000,1,2,2,-2,-2,-2,-2,-2,-2,123,123,123,0,349,0,123,123,0,349,0,0,399877,399877,399877,400000,399651,400000,123,0
60000,1,1,2,2,2,2,-1,-1,-1,59310,60482,58748,49375,38433,38378,2700,0,2100,1600,1600,1600,690,-482,1252,10625,21567,21622,295126,0
60000,2,2,1,-1,-1,-1,-1,-1,-1,59575,51991,35435,19262,19285,19565,2051,1653,680,700,700,693,425,8009,24565,40738,40715,40435,198636,0
210000,2,2,2,-2,-2,-2,-2,-2,-2,1094,1335,3056,213,825,1240,1335,3056,213,825,1240,5693,208906,208665,206944,209787,209175,208760,-4599,0
200000,1,1,2,-1,-1,-1,-1,-1,-1,30144,32649,32425,32625,9687,5526,3000,1000,1000,400,1000,752,169856,167351,167575,167375,190313,194474,135904,0
50000,1,4,1,-2,-2,-2,-2,-2,-2,0,0,0,0,2900,0,0,0,0,2900,0,0,50000,50000,50000,50000,47100,50000,0,0
300000,1,4,2,-1,-1,-1,2,-1,2,2984,-46,154,154,1626,976,0,200,0,1626,0,0,297016,300046,299846,299846,298374,299024,4022,1
510000,1,2,3,-1,-1,-1,-1,-1,-1,9686,19121,9891,8600,3365,6011,19121,9922,8600,3365,6011,3301,500314,490879,500109,501400,506635,503989,6354,0
160000,1,4,2,1,-2,-2,-2,-2,-2,0,0,0,0,0,0,0,0,0,0,0,0,160000,160000,160000,160000,160000,160000,0,0
50000,2,2,2,-2,-2,-2,-2,-1,-1,3477,1909,1726,991,5777,5968,1909,1726,991,5782,5968,2045,46523,48091,48274,49009,44223,44032,1427,0
220000,1,4,2,-2,-2,-2,-2,-2,-2,21332,27844,33260,9142,15687,9148,28567,34393,9203,15765,9194,11317,198668,192156,186740,210858,204313,210852,7974,0
20000,2,2,1,1,3,2,2,-1,-1,6792,6540,7278,7013,7398,8775,0,1000,0,500,1500,0,13208,13460,12722,12987,12602,11225,40796,1
410000,1,2,2,-1,-1,-1,-1,-1,-1,4182,0,4120,4120,0,3086,0,4120,0,0,3086,4320,405818,410000,405880,405880,410000,406914,3982,1
50000,2,2,1,-1,-1,-1,-1,-1,-1,42726,43072,34984,30090,23820,18012,3941,1432,1000,2000,2036,404,7274,6928,15016,19910,26180,31988,181891,1
50000,3,1,2,-1,-1,-1,-1,-1,-1,10825,11377,10760,10973,10693,9888,1500,1155,368,372,356,500,39175,38623,39240,39027,39307,40112,60265,0
50000,3,1,3,-1,-1,-1,-1,-1,-1,10420,8451,9641,9468,9294,9263,1310,1500,500,500,500,200,39580,41549,40359,40532,40706,40737,52027,0
70000,2,4,1,-1,-1,2,-1,-1,-1,4059,5791,208,4170,4563,5331,2000,0,4170,1000,1000,1000,65941,64209,69792,65830,65437,64669,14952,0
120000,2,2,1,-1,-1,-1,-1,-1,-1,120633,118741,104754,79227,77751,69889,4622,3384,2589,3000,2460,1300,-633,1259,15246,40773,42249,50111,553640,0
170000,2,1,2,-1,-1,-1,-1,-1,-1,416,416,632,416,416,566,832,632,200,416,566,416,169584,169584,169368,169584,169584,169434,-200,0
160000,1,1,4,-1,-1,-1,2,2,2,1380,1481,2623,2457,4912,3669,1331,2473,0,2500,0,0,158620,158519,157377,157543,155088,156331,10218,1
30000,2,4,1,-1,-1,2,-1,-1,-1,30397,31148,28755,30720,28298,9064,3500,0,3500,694,343,266,-397,-1148,1245,-720,1702,20936,150079,0
10000,2,2,3,1,-1,-1,-1,-1,-1,0,1912,3071,4012,9882,5857,1912,1200,1000,1000,1000,0,10000,8088,6929,5988,118,4143,18622,0
160000,2,2,2,-1,-1,-1,-1,-1,-1,189935,183501,175363,172417,165800,158671,8113,6395,10000,6160,5772,5854,-29935,-23501,-15363,-12417,-5800,1329,1003393,0
20000,2,2,2,-1,-1,-1,2,-1,-1,17439,18498,21335,33247,17261,17601,1340,3177,0,1546,776,646,2561,1502,-1335,-13247,2739,2399,117896,0
250000,1,4,2,-2,-2,-2,-2,-2,-2,0,0,26267,26599,2948,2065,0,26267,532,2948,2065,13780,250000,250000,223733,223401,247052,247935,12287,0
30000,2,4,1,2,2,2,-1,-1,2,23064,25479,24705,25202,26608,25926,3100,0,791,1699,0,1000,6936,4521,5295,4798,3392,4074,144394,1
180000,1,4,1,-1,-1,-1,-1,-1,-1,123154,126078,78070,50730,48039,47665,5200,3045,3500,2700,2720,2000,56846,53922,101930,129270,131961,132335,454571,0
240000,2,4,2,-1,-1,-1,-1,-1,-1,3403,2858,3619,3262,3228,3127,3502,4099,3500,3228,3127,2221,236597,237142,236381,236738,236772,236873,-180,1
30000,2,4,1,1,3,2,2,2,2,16368,15825,15274,17018,16608,18020,0,0,2000,0,2000,0,13632,14175,14726,12982,13392,11980,95113,0
50000,1,4,1,1,2,-1,-1,-1,3,4323,3851,2808,3325,3989,3610,0,602,569,718,0,0,45677,46149,47192,46675,46011,46390,20017,0
280000,2,4,1,-1,-1,-1,-1,-1,-2,1481,11884,-27,5443,-13,-13,11943,0,5470,0,0,0,278519,268116,280027,274557,280013,280013,1342,1
20000,1,2,2,2,2,2,2,2,-1,14688,16827,17251,17672,17250,18305,2700,1000,1000,0,1500,1500,5312,3173,2749,2328,2750,1695,94293,1
130000,3,2,4,-1,-1,-1,-1,-1,-1,77506,78535,72776,66053,52505,12242,2900,2564,2368,2200,364,152,52494,51465,57224,63947,77495,117758,349069,0
70000,1,2,1,1,2,-1,-1,-1,-1,71267,67401,63239,23163,41106,42021,5,2910,1000,20000,1600,2000,-1267,2599,6761,46837,28894,27979,280682,1
180000,2,2,2,-1,2,-1,-1,-1,-1,1991,991,7658,1000,1650,1000,0,7667,0,1650,1000,2000,178009,179009,172342,179000,178350,179000,1973,0
320000,1,1,3,-2,-2,-2,-1,-1,-2,3266,12186,1403,24305,7463,1957,12253,3290,11465,7537,1966,2987,316734,307814,318597,295695,312537,318043,11082,0
30000,2,2,2,2,-1,-1,2,2,-1,31947,31564,34804,33808,31740,31135,1872,5550,1238,0,1515,4665,-1947,-1564,-4804,-3808,-1740,-1135,180158,1
280000,2,4,2,1,-2,-2,-2,-2,-1,0,0,0,0,0,35833,0,0,0,0,35833,1500,280000,280000,280000,280000,280000,244167,-1500,0
80000,2,4,4,-1,-1,-1,-1,-1,-1,8985,5305,2992,2984,2992,2992,2000,2992,2984,3000,2992,2992,71015,74695,77008,77016,77008,77008,9290,0
140000,2,4,1,-1,-1,-1,-1,-1,-1,136899,139889,142460,142020,139879,140810,5200,6000,5500,5900,5200,5000,3101,111,-2460,-2020,121,-810,809157,0
180000,2,1,1,-1,-1,-1,-1,-1,-1,181219,183311,183936,181370,179904,172758,7000,8021,6315,6432,6409,6008,-1219,-3311,-3936,-1370,96,7242,1042313,0
20000,2,2,4,2,2,2,2,-2,-2,11736,11180,780,0,0,0,780,0,0,0,0,0,8264,8820,19220,20000,20000,20000,22916,0
420000,1,4,1,-1,-1,-1,-1,-1,-1,105582,97913,75353,78322,77048,23007,23004,20002,7096,20261,3068,10009,314418,322087,344647,341678,342952,396993,373785,0
200000,1,4,1,-1,-1,-1,-2,-1,-1,53493,3123,3221,3287,63687,65034,1060,1000,66,65437,2422,2418,146507,196877,196779,196713,136313,134966,119442,1
140000,1,4,1,-1,-1,-1,-1,-1,-1,45068,44158,48437,50667,52888,54060,5000,5000,3000,3000,2000,2000,94932,95842,91563,89333,87112,85940,275278,0
170000,3,4,2,-1,-1,-1,-1,-1,-1,166348,162319,165592,167482,171106,164042,7354,7464,6127,6550,6100,10000,3652,7681,4408,2518,-1106,5958,953294,0
30000,2,4,1,-1,-1,-1,2,-1,-1,18220,20606,22880,22217,23694,24151,3000,2620,0,2000,1000,1000,11780,9394,7120,7783,6306,5849,122148,0
50000,1,4,1,1,-2,-2,-1,-1,-1,0,0,0,6954,7361,6957,0,0,6954,500,1000,500,50000,50000,50000,43046,42639,43043,12318,0
150000,1,2,3,-1,-1,-1,-1,-1,-1,123580,126136,128709,131292,134011,136711,3575,3647,3678,3793,3835,3952,26420,23864,21291,18708,15989,13289,757959,0
30000,2,2,2,-1,-1,-1,-1,-1,-1,6933,9640,10094,10300,10300,0,3000,1000,206,0,0,0,23067,20360,19906,19700,19700,30000,43061,1
50000,3,2,2,-1,-1,-1,-1,-1,-1,50174,32012,34274,38668,40416,20355,3000,3000,5000,2000,3000,1200,-174,17988,15726,11332,9584,29645,198699,0
300000,1,4,2,-1,-1,-2,-2,-2,-2,2019,-1,-1,-1,-1,-1,1,0,0,0,0,2774,297981,300001,300001,300001,300001,300001,-761,1
80000,3,6,2,-1,-1,-1,-1,-1,-1,59451,29668,22740,13099,6551,0,1834,2124,0,0,0,0,20549,50332,57260,66901,73449,80000,127551,0
50000,1,4,1,-1,-1,-1,-1,-1,-1,39607,40399,36712,33485,37712,40065,5014,5000,5000,5000,5000,5000,10393,9601,13288,16515,12288,9935,197966,0
110000,2,2,3,-1,-1,-1,-1,-1,-1,100143,98338,92457,79496,72458,72168,4000,4000,3530,4000,4000,5000,9857,11662,17543,30504,37542,37832,490530,0
110000,1,4,2,1,-1,-1,-1,-1,-2,0,1670,11693,7903,-18,-18,1670,10200,0,0,0,0,110000,108330,98307,102097,110018,110018,9360,0
390000,1,2,2,-1,-1,-1,-1,-1,-1,3060,60248,53157,73183,69592,24629,60248,7183,66000,0,24629,43433,386940,329752,336843,316817,320408,365371,82376,0
200000,3,2,3,-1,-1,-1,-1,-1,-1,396,396,396,396,396,396,396,396,396,396,396,396,199604,199604,199604,199604,199604,199604,0,0
30000,1,1,2,8,7,6,5,4,3,35031,34552,33756,32960,31881,31085,0,0,0,0,0,0,-5031,-4552,-3756,-2960,-1881,-1085,199265,1
230000,1,2,2,-1,-1,-1,-1,-1,-1,101874,97302,97383,97487,96588,95221,8000,5016,5000,5000,5000,5200,128126,132698,132617,132513,133412,134779,552639,0
210000,1,2,3,-2,-2,-2,-2,-2,-2,0,70,24329,780,0,1615,70,24259,780,0,1615,8198,210000,209930,185671,209220,210000,208385,-8128,0
30000,2,2,4,-1,-1,-1,-1,-1,-1,3334,3366,890,2662,1542,-2695,3366,890,2662,1542,0,6000,26666,26634,29110,27338,28458,32695,-5361,0
130000,3,2,3,-1,-1,-1,-1,-1,-1,101885,72686,70672,64530,63041,56493,3500,2389,2368,5000,1964,1707,28115,57314,59328,65470,66959,73507,412379,0
130000,3,2,2,1,-2,-1,-1,-1,-1,-896,-896,2604,2604,1,1,0,3500,0,0,0,0,130896,130896,127396,127396,129999,129999,-82,0
480000,1,4,1,-1,-1,-1,-1,-1,-1,12759,15410,20116,10060,9301,923,3001,5000,500,500,500,21299,467241,464590,459884,469940,470699,479077,37769,0
160000,1,2,2,-1,-1,-1,-1,-1,-1,9293,5875,9121,2412,2271,2187,5902,9128,2412,2271,2187,4792,150707,154125,150879,157588,157729,157813,4467,0
10000,1,2,1,-1,-1,-1,-1,-1,-1,6599,7736,8492,8138,4990,1598,1400,1000,1009,1000,1598,0,3401,2264,1508,1862,5010,8402,31546,0
360000,2,4,2,-1,-1,-2,-2,-2,-2,8552,1118,1227,1541,1389,390,1118,1227,1541,1389,390,390,351448,358882,358773,358459,358611,359610,8162,0
260000,2,2,1,-1,-1,-1,-1,-1,-1,251811,256753,143240,150000,14098,28736,9388,5000,10000,14098,15000,15000,8189,3247,116760,110000,245902,231264,776152,0
330000,2,2,3,-1,-1,-1,-1,-1,-1,47644,48906,50531,50595,40491,31020,2000,2500,1309,1243,2027,1056,282356,281094,279469,279405,289509,298980,259052,0
30000,2,2,3,1,2,2,-2,-2,-2,5163,2475,0,0,0,0,0,0,0,0,0,0,24837,27525,30000,30000,30000,30000,7638,1
80000,2,1,2,2,-1,-1,-2,-2,-2,81712,78535,0,0,0,0,3271,0,0,0,0,0,-1712,1465,80000,80000,80000,80000,156976,1
120000,2,2,1,-1,-1,-1,-1,-1,-1,7778,3157,5456,0,2777,0,3179,5463,0,2777,0,0,112222,116843,114544,120000,117223,120000,7749,1
170000,2,2,2,-1,-1,-1,-1,-1,-1,6383,7189,-1,192,0,397,1000,0,193,0,397,0,163617,162811,170001,169808,170000,169603,12570,1
140000,1,4,2,1,-2,-2,-2,-2,-2,0,241,0,0,0,0,241,0,0,0,0,1419,140000,139759,140000,140000,140000,140000,-1419,0
80000,2,4,2,-2,-2,-2,-2,-2,-2,3946,0,0,0,0,0,0,0,0,0,0,0,76054,80000,80000,80000,80000,80000,3946,0
200000,3,1,3,-1,-1,-1,-1,-1,-1,138877,144085,142520,151078,176717,168431,6437,5000,10000,27080,10017,4200,61123,55915,57480,48922,23283,31569,858974,0
80000,2,4,1,-1,2,2,-2,-2,-2,780,780,0,0,0,0,0,0,0,0,0,0,79220,79220,80000,80000,80000,80000,1560,1
230000,2,1,2,-1,-1,-1,-1,-1,-1,19505,20715,19750,19506,19255,17479,3000,3000,3000,3000,3000,3000,210495,209285,210250,210494,210745,212521,98210,0
260000,1,2,3,-2,-2,-2,-2,-2,-2,2500,0,0,0,0,0,0,0,0,0,0,0,257500,260000,260000,260000,260000,260000,2500,0
50000,2,4,1,-1,-1,-1,-1,-1,-1,780,0,390,390,885,885,0,390,390,885,885,885,49220,50000,49610,49610,49115,49115,-105,0
340000,2,1,2,1,-2,-2,-2,-2,-2,-6,-6,-6,-6,-6,-6,0,0,0,0,0,0,340006,340006,340006,340006,340006,340006,-36,0
50000,1,2,2,-1,-1,-1,-1,-1,-1,49869,42146,43927,19234,18799,16412,2146,3927,1234,1000,1450,2000,131,7854,6073,30766,31201,33588,178630,0
200000,3,4,3,1,-2,-2,-2,-1,-1,666,1928,-15,1753,4717,1230,1937,0,1768,6137,0,27,199334,198072,200015,198247,195283,198770,410,0
280000,2,4,2,-1,-1,-1,-1,-1,-1,91093,92775,81718,83347,85623,87252,3224,2965,2987,3623,3148,3194,188907,187225,198282,196653,194377,192748,502667,0
170000,2,2,2,-1,-1,-1,-1,-1,2,115634,118823,120475,109993,115151,112232,5935,6040,4000,8000,0,4320,54366,51177,49525,60007,54849,57768,664013,0
100000,2,2,2,2,2,2,-1,-1,2,37516,38622,37706,38148,40630,39827,2000,0,1369,3100,0,1443,62484,61378,62294,61852,59370,60173,224537,0
360000,1,2,3,1,-1,-1,-2,-2,-2,491,3670,-114,-200,-200,-200,3700,0,0,0,0,0,359509,356330,360114,360200,360200,360200,-253,1
30000,1,4,1,-1,-1,-1,-1,-1,-1,14790,19563,16671,13353,13232,9601,12037,10038,8057,6000,4221,3258,15210,10437,13329,16647,16768,20399,43599,1
150000,2,4,1,1,-2,-1,-1,-2,-2,2341,340,380,462,3,166,340,380,462,103,266,0,147659,149660,149620,149538,149997,149834,2141,0
50000,2,2,1,-2,-2,-2,-2,-2,-2,15519,19259,18652,24312,28903,28294,4000,0,6000,5000,0,2000,34481,30741,31348,25688,21097,21706,117939,0
40000,1,4,2,-1,-1,-1,-1,-1,-1,26801,36208,25378,28058,31145,38030,10000,5000,5000,5000,7500,4596,13199,3792,14622,11942,8855,1970,148524,0
30000,3,2,4,-1,-1,-1,-1,-1,-1,390,390,1170,780,780,0,390,1170,0,0,0,0,29610,29610,28830,29220,29220,30000,1950,0
140000,1,2,2,-1,-1,-1,-1,-1,-1,26187,28431,26141,24958,27574,27151,3000,2000,2000,3000,1661,3500,113813,111569,113859,115042,112426,112849,145281,0
150000,2,2,2,-1,-1,-1,-1,-1,-1,8821,5943,6569,24604,4878,1477,5964,6588,24677,4896,1477,4303,141179,144057,143431,125396,145122,148523,4387,0
150000,2,4,2,-1,-1,-1,-1,-1,-1,152349,152359,150257,79162,79617,79670,7000,7000,5000,3000,4000,3500,-2349,-2359,-257,70838,70383,70330,663914,0
360000,1,4,3,1,2,-1,-1,2,-1,366577,345484,354469,187836,186172,189759,0,14148,11500,0,5324,5500,-6577,14516,5531,172164,173828,170241,1593825,0
170000,2,2,3,-1,-1,-1,-1,-1,-1,136485,87236,79244,59144,60228,61578,3602,3903,2265,2188,2353,2411,33515,82764,90756,110856,109772,108422,467193,0
50000,1,2,1,-1,-1,-1,-1,-1,2,44838,45894,47121,45625,49367,46001,1769,1996,1800,4603,0,1486,5162,4106,2879,4375,633,3999,267192,1
260000,1,2,3,-1,-1,-1,-1,-1,-1,3209,0,2552,2236,2236,2450,0,2552,2236,0,2500,0,256791,260000,257448,257764,257764,257550,5395,0
350000,3,2,2,-1,-1,-1,-1,-1,-1,70910,30372,90588,3047,-4,920,30516,91041,3062,0,924,5124,279090,319628,259412,346953,350004,349080,65166,0
210000,2,2,3,-1,-1,-1,-1,-2,-2,17605,2032,106,-10,-10,-10,2164,106,0,0,0,0,192395,207968,209894,210010,210010,210010,17443,0
50000,2,2,2,3,2,2,-2,-2,-2,5171,4925,-350,-350,-350,-350,0,350,0,0,0,0,44829,45075,50350,50350,50350,50350,8346,0
170000,2,1,3,-1,-1,-1,-1,-1,-1,94791,89330,88384,84456,69871,62012,4300,3314,3050,2600,2600,4860,75209,80670,81616,85544,100129,107988,468120,1
50000,2,4,1,-1,-1,-1,-1,-1,-1,48600,47819,48527,39147,38314,37758,2200,1889,1510,1400,1700,2000,1400,2181,1473,10853,11686,12242,249466,1
50000,2,2,2,-1,-1,-1,-1,-1,2,24402,26872,28430,29160,31187,30537,8442,2000,1200,2500,0,1200,25598,23128,21570,20840,18813,19463,155246,0
280000,2,4,2,-1,-1,-1,-1,-1,-1,281,5631,5525,0,21339,607,5631,5549,0,21339,607,0,279719,274369,274475,280000,258661,279393,257,0
430000,2,2,3,-1,-1,-1,-1,-1,-1,59648,52811,45441,39174,28261,25411,2035,1587,1161,1943,995,606,370352,377189,384559,390826,401739,404589,242419,0
340000,1,4,2,-1,-1,-1,-1,-1,-1,8571,21012,10607,47258,35675,20691,21041,10607,47258,983,20691,23849,331429,318988,329393,292742,304325,319309,19385,0
310000,1,4,2,-2,-2,-2,-2,-2,-2,90654,20784,5649,9141,5122,380,27778,5649,9141,5122,380,2475,219346,289216,304351,300859,304878,309620,81185,0
120000,1,1,3,-1,-1,-2,-1,-1,-1,416,0,0,832,416,416,0,416,1248,0,416,0,119584,120000,120000,119168,119584,119584,0,0
200000,2,2,1,-1,-1,-1,-1,-1,-1,1990,2035,1577,2424,671,1606,2035,1577,2424,671,1606,27124,198010,197965,198423,197576,199329,198394,-25134,1
500000,2,4,3,-1,-1,-1,-1,-1,-1,48650,15183,11626,8986,4465,24166,15183,11727,8986,0,24166,4117,451350,484817,488374,491014,495535,475834,48897,0
270000,3,1,4,-1,-1,-1,-1,-1,-1,239963,224278,196747,108242,72480,36440,8710,8119,4500,3000,2000,131904,30037,45722,73253,161758,197520,233560,719917,1
190000,1,2,1,-1,-1,-1,-1,-1,-1,184136,186387,172506,89806,91744,93903,9000,6500,3500,3500,3800,3600,5864,3613,17494,100194,98256,96097,788582,0
340000,3,2,2,-1,-1,-1,-1,-1,-1,16275,20037,9085,9461,12654,7296,20047,9126,9481,12657,7306,9928,323725,319963,330915,330539,327346,332704,6263,0
390000,3,4,2,-1,-1,-1,-1,-1,-1,338174,256104,221739,184529,175781,173442,8738,6545,6601,5700,6100,5000,51826,133896,168261,205471,214219,216558,1311085,0
90000,1,4,2,-1,-1,2,-1,-1,-1,63872,66983,63070,1184,4154,3502,5003,0,1000,4000,3502,1400,26128,23017,26930,88816,85846,86498,187860,0
200000,2,2,1,-1,-1,-1,-1,2,2,174381,177078,184026,192069,198862,176770,7000,10000,11000,10043,0,7000,25619,22922,15974,7931,1138,23230,1058143,0
230000,1,2,3,-2,-2,-2,-1,-1,-1,0,0,200,43998,23400,13000,0,200,43998,52,13000,26200,230000,230000,229800,186002,206600,217000,-2852,0
100000,3,2,2,-2,-2,-2,-2,-2,-2,1890,24105,52262,9920,8633,53312,24105,52282,9920,8633,53312,4589,98110,75895,47738,90080,91367,46688,-2719,0
30000,1,4,1,2,-1,-1,-1,2,2,11483,12810,13591,14530,14154,15320,1519,1300,1166,0,1400,0,18517,17190,16409,15470,15846,14680,76503,1
50000,2,1,4,-1,-1,-1,-1,-1,-1,6449,7314,8474,8488,8665,8843,1129,1289,303,313,321,472,43551,42686,41526,41512,41335,41157,44406,0
200000,1,2,3,1,-2,-2,-2,-2,-2,-40,-40,-40,-40,-40,-40,0,0,0,0,0,0,200040,200040,200040,200040,200040,200040,-240,0
50000,2,2,2,-1,-1,-1,-1,-1,-1,42822,43872,25400,24202,25904,27567,2000,2000,1000,2000,2000,2000,7178,6128,24600,25798,24096,22433,178767,0
130000,2,2,2,-1,-1,-1,-1,-1,-1,5551,6953,8176,8884,9737,11404,1500,1500,1000,1000,2000,2000,124449,123047,121824,121116,120263,118596,41705,1
260000,2,1,3,-1,-1,-1,-1,-1,-1,29562,22429,11333,11651,12651,9247,1500,1000,1000,1000,205,1988,230438,237571,248667,248349,247349,250753,90180,0
80000,1,2,1,-1,2,-1,-1,-1,-1,9598,6278,8721,3589,8209,10253,60,8721,3589,8209,10253,4829,70402,73722,71279,76411,71791,69747,10987,0
20000,2,2,2,1,-2,-2,-1,-1,-2,-2610,390,0,780,0,0,3000,0,780,0,0,0,22610,19610,20000,19220,20000,20000,-5220,0
160000,2,2,1,-1,-1,-1,-1,-1,-1,31666,31865,32691,31490,28324,30798,3000,3000,3000,3000,3000,3000,128334,128135,127309,128510,131676,129202,168834,0
70000,3,4,1,-1,-1,-1,-1,-1,-1,65429,67513,67767,69275,1058,48376,3136,2076,2243,1058,48000,2000,4571,2487,2233,725,68942,21624,260905,0
70000,1,2,1,-1,-1,-1,-1,-1,-1,60701,61865,63063,10879,11127,13004,2735,2726,311,343,3000,2000,9299,8135,6937,59121,58873,56996,209524,0
400000,1,2,2,-1,-1,-1,-1,2,2,3456,49709,8834,57959,49590,22972,50263,8834,50000,0,8695,0,396544,350291,391166,342041,350410,377028,74728,1
30000,1,2,1,1,-1,-1,-2,-2,-2,0,780,0,0,0,0,780,0,8000,0,0,0,30000,29220,30000,30000,30000,30000,-8000,0
240000,1,4,2,-1,-1,-1,-1,-1,-1,18336,19648,11138,11481,18265,4365,5118,5015,5000,10000,2000,5326,221664,220352,228862,228519,221735,235635,50774,0
40000,2,2,3,-1,-1,-1,-1,-1,-1,36415,37409,30019,30426,22867,12900,1939,1399,806,862,258,0,3585,2591,9981,9574,17133,27100,164772,0
510000,3,2,5,-1,-1,2,-1,-1,-1,181733,192903,181801,178179,223100,216225,17000,0,6508,50000,7000,6000,328267,317097,328199,331821,286900,293775,1087433,0
20000,2,4,1,1,2,-1,-1,-1,-1,17538,16975,17651,17603,17962,0,0,1400,352,1139,0,1500,2462,3025,2349,2397,2038,20000,83338,0
80000,2,2,1,-1,-1,-1,-2,-2,-2,60315,61650,0,0,0,0,2850,0,0,0,0,0,19685,18350,80000,80000,80000,80000,119115,0
10000,1,2,2,-1,-1,-2,-2,-2,-2,5300,0,0,0,0,0,0,0,0,0,0,0,4700,10000,10000,10000,10000,10000,5300,0
50000,3,2,5,-1,-1,-1,2,-1,-1,38158,35961,37417,24663,24655,26088,2220,2943,0,887,2000,716,11842,14039,12583,25337,25345,23912,178176,0
200000,2,1,2,1,2,2,-1,-1,-1,29070,31302,29192,28170,28763,28453,3019,6,991,1032,1310,2000,170930,168698,170808,171830,171237,171547,166592,0
140000,3,1,4,-1,-1,-1,-1,2,-1,129684,130838,131910,136810,133090,134415,6193,6200,10000,0,5000,5000,10316,9162,8090,3190,6910,5585,764354,0
60000,2,2,1,-1,-1,-1,-1,-1,-1,60721,61452,59797,30372,45283,24588,4000,1353,27826,1300,1903,3000,-721,-1452,203,29628,14717,35412,242831,1
100000,1,2,1,-1,-1,-1,-1,-1,-1,5552,4784,4743,2805,354,443,1120,1000,0,354,443,441,94448,95216,95257,97195,99646,99557,15323,1
30000,2,2,2,2,2,-1,-1,-1,-1,30082,29315,30369,29787,30284,29057,0,1750,1025,1100,1500,1000,-82,685,-369,213,-284,943,172519,0
500000,2,1,3,-1,-1,-1,-1,-1,-2,1131,0,157,2025,-1,-1,0,157,2029,0,0,649,498869,500000,499843,497975,500001,500001,476,0
420000,2,4,2,-1,-1,-1,-1,-1,-1,50771,48196,46932,45546,46369,42651,1862,2010,1700,1622,1520,1316,369229,371804,373068,374454,373631,377349,270435,0
130000,2,2,2,2,2,-1,-1,-1,2,131989,128467,131073,132399,140254,139209,0,6230,5000,10200,4400,4570,-1989,1533,-1073,-2399,-10254,-9209,772991,1
360000,1,2,4,-1,-1,-1,-2,-2,-1,60206,7690,0,0,0,6232,7690,0,0,0,6232,158,299794,352310,360000,360000,360000,353768,60048,0
150000,1,4,2,-1,-1,-1,-1,-1,-1,9788,6252,30244,2434,29139,26987,6252,30620,2434,29139,1210,10000,140212,143748,119756,147566,120861,123013,25189,0
360000,1,2,2,-1,-1,-1,-1,-1,-1,845,-4,831,899,1172,820,0,835,899,1172,820,670,359155,360004,359169,359101,358828,359180,167,0
230000,2,4,1,-1,-1,-1,-1,-1,-1,157107,119402,78875,76117,75428,150130,6000,3020,3000,2500,80000,5000,72893,110598,151125,153883,154572,79870,557539,0
180000,1,2,2,-1,-1,-1,-1,-1,-1,18710,45460,3700,0,228,-372,45460,3700,0,228,0,0,161290,134540,176300,180000,179772,180372,18338,0
160000,1,2,2,1,-2,-2,-1,-1,-1,-49,-375,-1027,603,277,1451,0,0,1630,0,1500,0,160049,160375,161027,159397,159723,158549,-2250,1
250000,2,2,3,-1,-1,-2,-1,-1,-1,399,508,-3,-3,51169,51482,508,3,24,51800,1826,1787,249601,249492,250003,250003,198831,198518,47604,0
170000,3,1,3,-2,-2,-2,-2,-2,-1,6115,868,2687,2885,2092,36612,872,2700,2899,2102,101556,8496,163885,169132,167313,167115,167908,133388,-67366,0
100000,2,2,1,-1,-1,-1,-1,-1,-1,95251,98226,98295,100406,100430,101392,5401,3576,3754,3806,3796,4000,4749,1774,1705,-406,-430,-1392,569667,0
200000,1,2,2,-1,-1,-1,-1,-1,-1,3660,16991,19200,18856,14301,913,17302,20891,7377,2000,0,127188,196340,183009,180800,181144,185699,199087,-100837,1
60000,2,2,4,-1,-1,-1,-1,-1,-1,55505,57374,35751,25824,25831,27393,3000,2015,2000,1000,2000,2000,4495,2626,24249,34176,34169,32607,215663,0
300000,1,1,3,-1,-1,-1,-1,-1,-1,58137,51459,49737,48015,36004,6748,3000,2000,1500,3000,1000,3000,241863,248541,250263,251985,263996,293252,236600,0
290000,2,2,1,-1,2,-1,-1,-1,-1,22277,21451,2467,166,4030,9097,0,2467,200,6000,6000,6000,267723,268549,287533,289834,285970,280903,38821,0
30000,2,4,1,2,2,2,-1,-1,2,19674,21050,20414,22008,23480,23777,2000,0,1934,1824,830,0,10326,8950,9586,7992,6520,6223,123815,0
340000,2,1,2,-1,-1,-1,-1,-1,-1,292302,88857,92068,91367,89601,86899,3904,4708,3163,3209,3102,3194,47698,251143,247932,248633,250399,253101,719814,0
90000,2,2,2,-1,-1,-1,-1,-1,-1,34704,36426,35387,36838,35867,36841,3000,1549,2000,2000,2000,1000,55296,53574,54613,53162,54133,53159,204514,0
140000,1,4,1,1,2,-1,-1,-1,2,99215,96776,98949,100673,106935,104427,0,3932,3717,8000,0,4000,40785,43224,41051,39327,33065,35573,587326,1
150000,1,2,2,-1,-1,-1,-1,-1,-1,110921,64600,58158,24856,704,1899,3000,1500,1000,704,1899,0,39079,85400,91842,125144,149296,148101,253035,0
70000,3,1,3,-1,-1,2,2,-1,-1,62080,67523,68334,67132,66796,67743,6874,2030,0,1866,1878,1909,7920,2477,1666,2868,3204,2257,385051,1
750000,1,2,3,-1,-1,-1,-1,-1,-1,184022,163441,92767,75696,35485,4889,6817,2330,2705,50854,4913,550,565978,586559,657233,674304,714515,745111,488131,0
200000,2,4,1,-1,-1,-1,-1,-1,-1,116070,111996,88327,73717,56921,48160,5096,2700,4017,7921,10160,5594,83930,88004,111673,126283,143079,151840,459703,0
230000,2,2,2,2,-1,-1,-1,-1,-1,183718,187811,176457,125552,127993,112107,7236,5603,4187,4327,5237,15226,46282,42189,53543,104448,102007,117893,871822,1
180000,3,2,3,-1,-1,-1,-1,-1,-1,1473,22969,27315,13315,8194,12800,22969,27392,13315,9000,12800,9460,178527,157031,152685,166685,171806,167200,-8870,0
210000,2,2,3,-1,-1,2,-1,-1,-1,2216,6142,1108,1499,2447,888,5258,0,1500,2500,1000,1500,207784,203858,208892,208501,207553,209112,2542,0
170000,2,2,2,-1,-1,-1,-1,-1,2,136330,173367,160847,87399,74761,67855,46000,10002,3046,5000,0,10000,33670,-3367,9153,82601,95239,102145,626511,0
30000,2,4,1,-1,-1,2,2,-1,2,8009,10181,10064,150,1150,1000,2316,199,0,1150,0,0,21991,19819,19936,29850,28850,29000,26889,0
30000,1,2,1,-1,-1,-1,-1,-1,-1,28749,29457,29530,28433,21365,0,2004,2169,1260,819,0,0,1251,543,470,1567,8635,30000,131282,0
90000,2,2,2,-1,-1,-1,2,2,2,76395,79168,84904,87914,90043,91534,4000,8000,5348,3700,3128,0,13605,10832,5096,2086,-43,-1534,485782,0
50000,2,2,2,2,2,-1,-1,-1,-1,29826,29068,29778,30370,31003,32291,0,1496,1088,1123,1800,2200,20174,20932,20222,19630,18997,17709,174629,1
240000,1,4,1,1,-1,-1,-1,-1,-1,0,1748,0,14944,968,10408,1748,0,14944,968,10408,0,240000,238252,240000,225056,239032,229592,0,1
280000,1,2,5,-2,-2,-2,-2,-2,-2,4108,2219,4734,0,1420,2705,2219,4734,0,1420,2705,3275,275892,277781,275266,280000,278580,277295,833,0
410000,3,4,2,-2,-2,-2,-2,-2,-2,0,0,0,0,0,3932,0,0,0,0,3932,1238,410000,410000,410000,410000,410000,406068,-1238,0
30000,2,2,3,2,2,2,-1,-1,2,4641,7071,6811,6795,7342,7075,2521,0,245,658,0,268,25359,22929,23189,23205,22658,22925,36043,1
260000,1,1,3,-1,-1,-1,-1,-1,-1,524,248,552,0,80,121,248,552,0,80,121,219,259476,259752,259448,260000,259920,259879,305,0
30000,2,2,4,-1,-1,-1,-1,-1,-1,16883,17909,18920,19297,19699,20091,1303,1314,691,713,718,742,13117,12091,11080,10703,10301,9909,107318,0
10000,2,1,1,1,3,2,2,2,-1,8679,8399,8101,8995,8216,7756,0,0,1000,0,500,500,1321,1601,1899,1005,1784,2244,48146,0
290000,1,1,3,1,-2,-2,-2,-2,-2,0,0,0,0,0,0,0,0,0,0,0,0,290000,290000,290000,290000,290000,290000,0,0
150000,1,4,2,-1,-1,-2,-2,-2,-2,2195,0,0,0,0,0,0,0,0,0,0,0,147805,150000,150000,150000,150000,150000,2195,1
30000,2,1,1,-1,-1,-1,-1,-1,-1,29416,30476,30386,29769,30395,30348,1540,1447,1027,1066,1288,1104,584,-476,-386,231,-395,-348,173318,0
360000,1,4,3,-1,-1,-1,-1,-1,-1,347696,329864,322159,289377,146946,130085,20000,20009,30000,10000,10000,10000,12304,30136,37841,70623,213054,229915,1466118,0
240000,2,2,3,1,-2,-2,-2,-2,-2,0,0,0,0,0,0,0,0,0,0,0,0,240000,240000,240000,240000,240000,240000,0,0
60000,1,2,1,1,-1,-1,-1,2,2,0,3132,3144,3638,3436,22219,3132,1053,547,0,19000,0,60000,56868,56856,56362,56564,37781,11837,1
50000,2,4,2,-1,-1,-1,-2,-1,-1,9514,2067,-6,-409,793,2385,2100,405,0,2385,2385,3000,40486,47933,50006,50409,49207,47615,4069,0
50000,1,4,3,-1,-1,-2,-2,-2,-1,1618,0,0,0,0,3702,0,0,0,0,3702,4817,48382,50000,50000,50000,50000,46298,-3199,0
50000,2,2,1,-1,-1,-1,-1,-1,-1,23236,19132,15138,14036,14752,15445,1660,1065,5000,5000,5000,2000,26764,30868,34862,35964,35248,34555,82014,0
10000,2,2,1,1,2,2,2,2,2,4231,5508,5271,6182,5937,6838,1500,0,1000,0,1000,0,5769,4492,4729,3818,4063,3162,30467,1
110000,3,2,3,1,2,-1,-1,-1,2,35341,24107,34090,24843,18105,16952,0,11412,739,1560,0,691,74659,85893,75910,85157,91895,93048,139036,1
220000,1,4,1,1,-1,-1,-1,-1,-1,0,3003,2646,1125,0,3455,3003,2646,1125,0,3455,1000,220000,216997,217354,218875,220000,216545,-1000,0
400000,3,2,3,-1,-1,-1,-1,-1,-1,120456,113855,87798,19583,20453,21309,3557,2350,5700,1000,1000,1000,279544,286145,312202,380417,379547,378691,368847,0
90000,2,4,1,-1,-1,-1,-1,2,2,70206,71353,72707,74101,72818,73940,3300,3168,3143,2700,3600,1700,19794,18647,17293,15899,17182,16060,417514,0
150000,3,2,3,2,2,2,2,2,2,84647,76858,62650,59255,45983,52986,5950,0,10000,0,20000,0,65353,73142,87350,90745,104017,97014,346429,1
80000,2,4,1,-1,-1,-1,2,-1,-1,77037,71799,75743,67626,69081,70772,3300,5800,0,2700,3000,2700,2963,8201,4257,12374,10919,9228,414558,0
50000,3,2,1,-1,-1,-1,-1,-1,-1,7965,8404,10240,170,-220,390,1500,2000,170,0,1000,3309,42035,41596,39760,49830,50220,49610,18970,0
50000,2,2,2,-1,-1,-1,-1,-1,-1,48355,49715,49736,17599,16753,10582,2140,1161,510,503,500,1000,1645,285,264,32401,33247,39418,186926,0
20000,2,1,2,2,2,2,2,2,2,6313,8625,8338,9199,9378,9081,2426,0,1000,471,0,482,13687,11375,11662,10801,10622,10919,46555,0
50000,2,2,1,-1,-1,-1,-1,-1,-1,10498,8238,6411,5341,3483,4093,1345,1000,2000,1000,1000,2000,39502,41762,43589,44659,46517,45907,29719,0
140000,2,4,1,-1,-1,-1,-1,-1,-1,62986,64498,63093,58650,54946,53773,5000,3000,5000,3000,3000,3000,77014,75502,76907,81350,85054,86227,335946,0
280000,1,2,2,-1,-1,-1,-1,-1,-2,4480,2120,1627,2649,0,0,2120,1627,2649,0,0,0,275520,277880,278373,277351,280000,280000,4480,1
130000,2,2,2,1,2,2,2,-1,-1,67612,65997,70604,68904,70369,71682,0,6300,0,2700,2600,2800,62388,64003,59396,61096,59631,58318,400768,1
70000,1,2,1,1,-2,-2,-1,2,-1,0,0,0,398,248,3408,0,0,398,0,3408,1067,70000,70000,70000,69602,69752,66592,-819,0
470000,1,1,2,-1,-1,-1,-1,-1,-1,156454,152017,153651,155381,155287,160843,5526,5484,5504,5655,9471,5269,313546,317983,316349,314619,314713,309157,896724,0
500000,2,2,2,-1,-1,-1,-1,-1,-1,134503,114682,124240,131006,137911,119343,20031,20029,20058,20127,10000,10027,365497,385318,375760,368994,362089,380657,661413,0
40000,2,2,2,2,-1,-1,-1,-1,-2,21072,20454,19977,20650,0,0,1504,1427,1100,0,0,0,18928,19546,20023,19350,40000,40000,78122,0
40000,2,2,3,1,2,-1,-1,-1,-1,40910,39592,40135,37403,30159,27854,0,2196,4,603,925,389,-910,408,-135,2597,9841,12146,211936,0
50000,1,2,1,-1,-1,-1,-1,-1,-1,5856,8725,10000,17916,6789,150,3005,2700,7916,0,150,198,44144,41275,40000,32084,43211,49850,35467,0
40000,1,4,1,-1,2,-1,-1,-1,-1,780,390,390,780,390,150,0,390,780,0,150,780,39220,39610,39610,39220,39610,39850,780,1
50000,2,4,1,-1,-1,-1,-1,-1,-1,48457,44932,20024,18830,18087,17616,1351,1561,628,775,1602,594,1543,5068,29976,31170,31913,32384,161435,0
310000,2,4,3,-2,-2,-2,-2,-2,-2,6571,1156,1156,1889,3367,2267,1156,1156,1889,3367,2267,0,303429,308844,308844,308111,306633,307733,6571,0
140000,2,4,2,-1,-1,2,2,2,-1,27098,29832,29354,30609,29981,30581,3485,300,2038,0,1100,2570,112902,110168,110646,109391,110019,109419,167962,1
80000,2,4,1,-1,-1,-1,-1,-1,-1,36406,31472,10246,20202,20077,20247,2000,5056,20202,726,891,10000,43594,48528,69754,59798,59923,59753,99775,1
210000,2,2,1,1,-2,-2,-2,-1,3,0,0,0,0,1290,990,0,0,0,1290,0,0,210000,210000,210000,210000,208710,209010,990,1
50000,1,4,1,-1,-1,-1,-1,-1,-1,18975,19763,21081,21432,21933,22569,1400,1649,1000,1000,1000,1200,31025,30237,28919,28568,28067,27431,118504,0
400000,1,2,2,2,2,2,2,2,2,50747,49666,52727,51286,55077,55500,0,4500,0,4800,1600,0,349253,350334,347273,348714,344923,344500,304103,0
60000,2,2,2,-1,-1,-1,-1,-1,-1,57262,27275,22095,14293,12217,16170,5816,1000,5000,12217,8000,1100,2738,32725,37905,45707,47783,43830,116179,0
160000,3,4,4,1,-2,-2,-1,-1,-2,0,0,0,1690,0,0,0,0,1690,0,0,0,160000,160000,160000,158310,160000,160000,0,0
400000,1,2,2,1,-2,-1,-1,-1,-1,-166,-490,29186,30789,7879,13928,1,30001,2128,3009,8006,1028,400166,400490,370814,369211,392121,386072,36953,0
450000,1,2,3,-1,-1,-1,-1,-1,-1,28205,3760,4148,2312,6909,4189,3793,4148,2312,6909,4189,1539,421795,446240,445852,447688,443091,445811,26633,1
20000,3,4,2,-1,-1,-1,2,-1,-1,10704,11352,13297,12418,12581,12305,1517,2852,0,500,700,500,9296,8648,6703,7582,7419,7695,66588,0
50000,2,2,3,-1,-1,-1,-1,2,2,47500,46937,44681,47537,46644,49765,2700,2000,3600,0,3890,0,2500,3063,5319,2463,3356,235,270874,0
200000,2,2,3,-2,-2,-2,-2,-2,-2,23570,735,0,0,0,0,742,0,0,0,0,0,176430,199265,200000,200000,200000,200000,23563,1
160000,1,2,3,-2,-2,-2,-2,-2,-2,51997,0,0,0,0,0,0,0,0,0,0,0,108003,160000,160000,160000,160000,160000,51997,0
60000,2,4,3,2,3,2,3,2,2,60717,59183,62075,60501,61808,60668,0,4500,0,2400,0,2200,-717,817,-2075,-501,-1808,-668,355852,1
280000,2,4,2,-1,-1,-1,-1,-1,-1,3510,-32,4628,2589,3120,4334,0,4660,2601,3135,4354,3027,276490,280032,275372,277411,276880,275666,372,0
200000,2,4,1,-1,-1,-2,-2,-2,-2,1243,0,0,0,0,0,0,0,0,0,0,1434,198757,200000,200000,200000,200000,200000,-191,0
100000,2,1,4,-1,-1,-1,-1,-1,-1,96392,87986,89230,90745,92774,101275,4424,3600,3000,3200,9800,0,3608,12014,10770,9255,7226,-1275,534378,0
10000,1,4,1,-1,-1,-1,2,2,2,6579,7611,8926,8634,9442,9144,1300,1602,0,948,0,484,3421,2389,1074,1366,558,856,46002,1
80000,1,2,1,-1,-1,-1,-1,-1,-1,49740,48501,48117,48502,48610,49650,2000,2000,2000,1800,1800,2000,30260,31499,31883,31498,31390,30350,281520,1
440000,1,2,2,-1,-1,-1,-1,-1,-1,421895,413687,420892,352705,359770,351535,15100,16076,12445,13183,12874,12146,18105,26313,19108,87295,80230,88465,2238660,1
500000,2,4,2,-2,-2,-2,-2,-2,-2,11168,9287,9963,17145,7645,16079,9287,9963,17223,7645,16079,11288,488832,490713,490037,482855,492355,483921,-198,0
20000,3,2,1,-1,-1,-1,-1,-1,-2,14628,16391,18045,18055,0,0,3000,2000,1000,0,0,0,5372,3609,1955,1945,20000,20000,61119,0
500000,1,4,2,-1,-1,-1,-1,-1,-1,5800,7210,229,3377,441,24116,7210,229,3377,441,24116,0,494200,492790,499771,496623,499559,475884,5800,0
30000,1,2,1,-1,-1,-1,-1,-1,-1,8217,3000,0,504,279,254,5000,0,504,300,500,1000,21783,27000,30000,29496,29721,29746,4950,0
180000,1,4,2,2,-1,-1,-1,-1,-1,326,2241,2579,326,1005,625,2241,2583,326,1005,625,605,179674,177759,177421,179674,178995,179375,-283,0
120000,1,4,1,-1,-1,-1,-1,-1,-1,100904,91354,160932,54967,42017,30455,6629,3117,1551,2000,1273,2000,19096,28646,-40932,65033,77983,89545,464059,0
120000,3,4,4,-1,-1,-1,-1,-1,-1,149540,118675,120047,100637,79613,79286,125000,4065,4000,3000,3000,3000,-29540,1325,-47,19363,40387,40714,505733,1
140000,2,1,3,-1,-1,-1,-1,-1,-1,77356,80113,82083,83029,84737,94101,4000,3900,3200,3200,10800,0,62644,59887,57917,56971,55263,45899,476319,0
60000,2,2,1,-1,-1,-1,-1,2,-1,23146,23868,26447,28109,28720,28308,1400,3000,2100,1200,1200,2000,36854,36132,33553,31891,31280,31692,147698,1
10000,2,4,1,-1,-1,-1,-1,-1,-1,528,0,264,264,264,264,0,264,264,264,264,1056,9472,10000,9736,9736,9736,9736,-528,1
120000,1,2,2,-1,-1,-1,-1,-1,-1,51662,30285,24879,29479,27553,14587,10000,6000,5000,7553,14587,1706,68338,89715,95121,90521,92447,105413,133599,0
70000,2,4,1,-1,-1,2,-1,-1,-1,28986,30609,31301,31980,32813,33614,2400,1500,1500,1500,1500,1500,41014,39391,38699,38020,37187,36386,179403,0
330000,1,4,1,1,-2,-2,-2,-2,-2,0,1056,2006,-2,1683,1382,1056,2014,0,1685,1388,967,330000,328944,327994,330002,328317,328618,-985,0
70000,2,4,3,-1,-1,-1,-1,-1,-1,65059,65204,55018,27430,25498,27678,3141,7000,5505,3000,4000,5000,4941,4796,14982,42570,44502,42322,238241,0
410000,3,2,3,-1,-1,-1,-1,-1,-1,6578,43564,16813,11080,16595,15843,43821,16865,11100,16615,15866,1547,403422,366436,393187,398920,393405,394157,4659,0
360000,1,1,4,-1,-1,-1,-1,-1,-1,2505,4070,3307,0,380,2566,4070,3307,0,380,2566,166,357495,355930,356693,360000,359620,357434,2339,0
200000,1,2,1,-2,-2,-2,-2,-2,-2,0,0,0,0,0,0,0,0,0,0,0,597,200000,200000,200000,200000,200000,200000,-597,0
20000,3,2,2,-1,-1,-1,-1,-1,-2,1030,4177,1786,1050,0,0,4177,1786,1050,0,0,0,18970,15823,18214,18950,20000,20000,1030,0
90000,3,2,3,-1,2,2,-1,-1,-1,69380,70886,69402,1332,1604,958,2800,0,0,272,166,3756,20620,19114,20598,88668,88396,89042,206568,0
60000,2,2,2,-1,-1,-1,-1,-1,-1,36082,37127,38117,38874,38667,39544,1628,1618,1375,1403,1520,1205,23918,22873,21883,21126,21333,20456,219662,0
120000,1,2,2,1,-1,-1,-2,-1,2,-325,279,-117,-513,1091,545,1000,0,0,2000,0,550,120325,119721,120117,120513,118909,119455,-2590,0
210000,1,4,2,1,-2,-2,-1,-1,-1,0,0,0,830,0,10533,0,0,830,0,10533,13877,210000,210000,210000,209170,210000,199467,-13877,0
40000,2,4,1,2,-1,-1,-1,2,2,25741,26772,27794,29333,29816,30577,1750,1772,2311,1100,1400,0,14259,13228,12206,10667,10184,9423,161700,1
130000,3,2,3,-1,-1,-1,-1,-1,-1,105406,95012,83245,76631,75607,73006,4349,3000,2410,7639,12962,2889,24594,34988,46755,53369,54393,56994,475658,0
150000,1,4,2,-1,-1,-2,-2,-2,-2,675,0,0,0,0,0,0,0,0,0,0,0,149325,150000,150000,150000,150000,150000,675,0
30000,2,1,2,1,2,2,-1,-1,2,22595,24928,24230,26811,28702,28092,3000,0,3000,2327,0,1200,7405,5072,5770,3189,1298,1908,145831,1
380000,3,1,4,2,-1,-1,-1,-1,2,390409,369065,375150,383319,385813,365587,15353,14219,15022,29000,0,27000,-10409,10935,4850,-3319,-5813,14413,2168749,0
150000,3,2,3,-1,-1,-1,-1,-1,-1,56690,58775,62769,64233,65704,69835,3606,5600,2500,2500,5400,2600,93310,91225,87231,85767,84296,80165,355800,1
50000,1,4,1,2,2,2,-1,-1,-1,41632,44069,37395,32284,32805,33751,3509,0,1302,1191,1492,1949,8368,5931,12605,17716,17195,16249,212493,1
170000,1,2,1,-1,-1,-1,-1,-1,-1,17066,20456,24644,25739,30372,34924,4000,5000,5000,5000,5000,5000,152934,149544,145356,144261,139628,135076,124201,0
360000,3,1,3,-1,-1,-1,-1,-1,-1,498,498,498,498,498,498,498,498,498,498,498,498,359502,359502,359502,359502,359502,359502,0,1
500000,1,2,2,-1,-1,-1,-1,-1,-1,238708,313903,323841,319331,316208,304388,90012,28000,15000,9494,108914,18200,261292,186097,176159,180669,183792,195612,1546759,0
200000,1,4,2,1,-2,-1,-1,-1,-1,12099,0,1540,0,3045,0,0,1540,0,3045,0,0,187901,200000,198460,200000,196955,200000,12099,0
240000,1,2,2,-1,-1,-1,-1,-1,-1,30973,32008,32889,33410,34327,34500,1537,1418,939,1193,690,0,209027,207992,207111,206590,205673,205500,192330,0
210000,2,2,2,-1,-1,-1,-1,-1,-1,142,307,307,614,307,307,307,307,307,614,307,307,209858,209693,209693,209386,209693,209693,-165,0
110000,2,2,1,-1,-1,-1,-1,-1,2,66831,62435,59977,59411,55112,45025,3021,2800,2710,5227,0,1900,43169,47565,50023,50589,54888,64975,333133,0
10000,3,1,3,-1,2,2,4,3,2,6277,7019,9557,9269,8836,8548,1000,2819,0,0,0,250,3723,2981,443,731,1164,1452,45437,1
180000,1,4,2,-1,-1,-2,-2,-2,-2,1599,0,0,0,0,0,0,0,0,0,0,0,178401,180000,180000,180000,180000,180000,1599,0
50000,2,2,3,2,3,2,2,2,2,29463,28715,28950,29684,29078,29944,0,1000,1500,0,1500,2100,20537,21285,21050,20316,20922,20056,169734,0
180000,1,2,2,-1,-1,-1,-1,-1,-1,63461,54673,53358,41379,32620,19061,3018,3071,3042,1161,3023,32,116539,125327,126642,138621,147380,160939,251205,0
40000,2,4,1,-1,-1,-1,-1,-1,-1,38221,34975,19606,21272,22923,24539,3107,3000,2000,2000,2000,0,1779,5025,20394,18728,17077,15461,149429,1
50000,1,2,1,-1,-1,-1,-1,-1,-1,910,1597,997,-3,999,491,1607,1000,0,1002,492,3243,49090,48403,49003,50003,49001,49509,-2353,0
200000,1,4,1,-2,-2,-2,-2,-2,-1,390,390,192,-198,-588,691,390,192,140,0,1727,287,199610,199610,199808,200198,200588,199309,-1859,0
120000,1,4,1,2,2,-2,-1,-1,-1,500,0,0,41150,0,125,0,0,41150,0,125,0,119500,120000,120000,78850,120000,119875,500,0
90000,3,1,5,-1,-1,-1,-1,-1,-1,98784,52485,46978,47512,48111,48761,1050,47003,1680,1734,1828,1737,-8784,37515,43022,42488,41889,41239,287599,0
130000,2,2,2,-1,-1,-1,-1,-1,-1,65599,63875,57122,56003,57992,61049,3000,3000,4000,4000,4000,5000,64401,66125,72878,73997,72008,68951,338640,0
120000,2,4,3,-1,-1,-1,-1,-1,2,72528,74047,75564,77242,81826,83630,2680,2741,2933,6000,3300,0,47472,45953,44436,42758,38174,36370,447183,0
350000,1,2,3,-1,-1,-1,-1,-1,-1,102060,86242,63012,47172,19482,125875,10069,5631,20036,5000,125000,3000,247940,263758,286988,302828,330518,224125,275107,0
200000,1,2,1,-2,-2,-2,-2,-2,-2,778,504,3724,445,8963,482,506,3742,447,9007,484,489,199222,199496,196276,199555,191037,199518,221,0
80000,2,2,1,-1,-1,-1,-1,-1,-1,76158,81858,80337,61002,58148,52515,8000,5000,4000,5000,3000,5000,3842,-1858,-337,18998,21852,27485,380018,0
50000,1,6,3,-1,-1,-2,-2,-1,2,4736,0,0,0,4881,4634,0,0,0,4881,0,0,45264,50000,50000,50000,45119,45366,9370,0
20000,2,4,3,1,2,2,-1,-1,-1,15481,16537,15979,16410,17142,17705,1600,0,1000,1000,1000,650,4519,3463,4021,3590,2858,2295,94004,0
90000,2,4,2,-1,-1,-1,2,2,2,23418,24443,26695,25967,26946,28346,1408,2660,0,1400,2000,1200,66582,65557,63305,64033,63054,61654,147147,0
160000,2,2,2,-1,-1,-1,-1,-1,-1,5283,5920,6999,8109,8596,9455,1500,1200,2000,1000,1000,500,154717,154080,153001,151891,151404,150545,37162,1
50000,3,1,3,2,2,2,-1,-1,-1,31303,35716,30087,29610,40736,25690,5700,0,1000,12000,2000,900,18697,14284,19913,20390,9264,24310,171542,0
220000,1,4,2,1,2,-1,-1,-1,-1,29007,23428,339,207,207,12890,0,339,500,0,12999,0,190993,196572,219661,219793,219793,207110,52240,0
70000,1,2,1,-1,-1,-1,-1,-1,-1,68532,69475,69582,69589,68728,69304,3300,3100,2800,2600,2940,3000,1468,525,418,411,1272,696,397470,0
30000,3,1,4,2,3,2,-1,-1,-1,31521,30749,29506,29106,29106,29700,0,0,0,0,594,0,-1521,-749,494,894,894,300,179094,0
80000,3,2,3,2,-1,-1,-1,-1,-1,58934,52253,34721,5544,9318,7298,2254,2086,19,9346,7319,1352,21066,27747,45279,74456,70682,72702,145692,1
10000,2,2,1,-1,-1,-1,-1,-1,-1,3072,2529,390,9478,8170,953,2535,390,9478,0,953,0,6928,7471,9610,522,1830,9047,11236,0
80000,2,2,3,-1,-1,-1,-1,-1,-1,4742,3913,6383,5016,1760,2783,1277,6387,102,35,1850,6099,75258,76087,73617,74984,78240,77217,8847,0
50000,3,2,1,-1,-1,-1,-1,-1,-1,45943,45922,34514,23610,21760,6398,1818,1400,472,435,128,25518,4057,4078,15486,26390,28240,43602,148376,0
60000,1,3,3,-1,-1,-1,-1,-1,-1,49689,2497,59271,28101,29724,25664,3007,59274,1500,2013,1000,1000,10311,57503,729,31899,30276,34336,127152,0
50000,2,2,3,-1,-1,-1,-1,-1,-1,40710,42736,43751,44619,45900,46845,3000,1729,1597,2000,1709,1665,9290,7264,6249,5381,4100,3155,252861,0
80000,3,4,1,-1,-1,-1,-1,-1,-1,78513,76475,80131,75920,75421,73991,3000,5000,3500,8000,3000,3200,1487,3525,-131,4080,4579,6009,434751,0
120000,2,2,2,-1,-1,-1,-1,-1,-1,113650,105592,105428,76543,144089,74115,3999,6025,3069,3001,6000,3112,6350,14408,14572,43457,-24089,45885,594211,0
80000,3,6,5,-1,-1,-1,-1,-1,2,30959,15774,9365,6515,6845,5789,1458,1230,250,800,0,300,49041,64226,70635,73485,73155,74211,71209,0
110000,1,2,2,-1,-1,-1,-1,-1,-1,111249,111480,64237,57066,112716,57044,4000,2800,2200,2200,3000,2000,-1249,-1480,45763,52934,-2716,52956,497592,0
140000,3,2,4,-1,-1,-1,-1,-1,-1,58213,60764,59949,40979,42339,43529,3500,2000,1447,2000,2184,2000,81787,79236,80051,99021,97661,96471,292642,0
50000,2,4,1,1,2,-1,-1,-1,2,5139,4911,5924,6822,7411,9146,0,1102,1000,1000,2000,3000,44861,45089,44076,43178,42589,40854,31251,0
50000,3,1,2,-1,-1,-1,-1,-1,-1,44837,45385,45763,27659,28236,28797,1871,1852,990,1023,1029,1137,5163,4615,4237,22341,21764,21203,212775,0
320000,1,1,3,-1,-1,-1,-1,-1,-1,19252,21351,20819,20993,19089,16062,4027,5048,10029,10470,7027,10058,300748,298649,299181,299007,300911,303938,70907,0
140000,2,1,2,2,2,2,2,2,2,131877,135309,131671,138771,141146,127184,7000,0,10800,4800,0,5000,8123,4691,8329,1229,-1146,12816,778358,0
180000,2,4,2,-2,-2,-1,-1,-1,-1,827,669,785,1809,2067,0,675,785,1809,2067,0,0,179173,179331,179215,178191,177933,180000,821,0
50000,2,2,1,1,2,-1,-1,-1,-1,21679,18566,19918,19584,18508,20047,0,2000,1500,1000,2000,676,28321,31434,30082,30416,31492,29953,111126,1
310000,2,1,2,-1,-1,-1,-1,-1,-1,52191,36758,29180,22426,18592,14976,3012,5000,2000,5000,5000,3000,257809,273242,280820,287574,291408,295024,151111,0
50000,1,4,1,-1,-1,-1,-1,-1,-1,1300,628,4050,3050,1243,865,628,4050,0,1243,865,3000,48700,49372,45950,46950,48757,49135,1350,0
160000,3,1,5,-1,-1,-1,-1,-1,-2,37615,38707,40460,41149,-1,-1,1700,2400,2000,0,0,0,122385,121293,119540,118851,160001,160001,151829,0
220000,2,2,2,-2,-2,-2,-2,-2,-2,9649,8300,1590,1341,8171,14253,8300,1590,1341,8171,14253,3513,210351,211700,218410,218659,211829,205747,6136,0
140000,2,1,3,-1,-1,2,2,2,2,57607,60676,64072,62444,67411,71144,4000,5000,0,6000,5000,0,82393,79324,75928,77556,72589,68856,363354,0
50000,1,1,3,-1,-1,-1,-1,-1,-1,50430,46924,48351,28442,29481,30232,2500,2500,1500,1500,1256,1018,-430,3076,1649,21558,20519,19768,223586,0
60000,2,2,1,-1,-1,2,-1,-1,-1,57480,60491,57187,57619,57033,58493,4207,1000,1690,1473,2354,2009,2520,-491,2813,2381,2967,1507,335570,0
20000,3,2,1,-1,2,2,2,-1,-1,3515,4301,5075,4845,6753,9615,1000,1000,0,2000,3000,2000,16485,15699,14925,15155,13247,10385,25104,1
100000,1,2,1,-1,-1,2,-1,-1,2,39056,43420,42417,40287,42938,42095,5000,0,1500,3300,0,1571,60944,56580,57583,59713,57062,57905,238842,0
150000,3,2,1,-1,-1,-1,-1,-1,-1,149278,142117,144947,140696,143607,136575,3984,3825,3361,3469,3812,3020,722,7883,5053,9304,6393,13425,835749,0
260000,2,2,2,-1,-1,-1,-1,-1,-1,326,326,326,326,476,326,326,326,326,476,326,326,259674,259674,259674,259674,259524,259674,0,0
50000,3,1,2,-1,-1,-1,-1,-1,-1,31304,33479,34617,35735,37154,38380,3000,2000,2000,2000,2000,2000,18696,16521,15383,14265,12846,11620,197669,0
320000,1,2,1,-1,-1,-1,-1,-1,-1,838,4288,24495,29226,41415,20738,4309,24495,5036,20004,1250,9,319162,315712,295505,290774,278585,299262,65897,0
180000,2,1,2,-1,-1,-1,-1,-1,-1,95757,76696,77720,79430,81098,82791,3400,2900,3000,3100,3200,7300,84243,103304,102280,100570,98902,97209,470592,0
120000,2,2,2,1,-2,-2,-2,-1,2,0,0,0,0,54683,2657,0,0,0,54683,0,2239,120000,120000,120000,120000,65317,117343,418,1
500000,1,2,3,-1,-1,-1,-1,-1,3,5094,5626,1715,-285,1715,1395,6000,1715,0,2000,0,0,494906,494374,498285,500285,498285,498605,5545,0
220000,1,1,2,-2,-2,-2,-2,-2,-2,8757,-2323,-3322,-3322,-3622,-2852,9,23000,0,0,3000,0,211243,222323,223322,223322,223622,222852,-32693,0
50000,2,2,1,1,-2,-2,-2,-2,-2,0,0,0,0,0,0,0,0,0,0,0,0,50000,50000,50000,50000,50000,50000,0,0
180000,3,2,4,-1,-1,-1,-1,-1,-1,440,440,440,440,440,440,440,440,440,440,440,440,179560,179560,179560,179560,179560,179560,0,1
230000,2,4,2,1,-1,-1,-1,-1,-1,-133,611,19640,13242,1782,3106,744,19640,13242,1782,3106,0,230133,229389,210360,216758,228218,226894,-266,0
220000,1,4,2,-1,-1,-1,-1,-1,-2,4952,1734,819,3750,657,0,1734,827,3750,0,0,0,215048,218266,219181,216250,219343,220000,5601,0
160000,2,1,3,-1,-1,-2,-2,-2,-2,2524,0,0,0,0,0,0,0,0,0,0,0,157476,160000,160000,160000,160000,160000,2524,1
50000,1,2,1,-1,-1,-1,-1,-1,-2,17528,17921,0,940,0,0,1000,0,940,0,0,0,32472,32079,50000,49060,50000,50000,34449,0
100000,2,1,3,-1,-1,-1,-1,2,2,100284,90952,92840,99296,101872,99555,3500,3400,8000,4300,0,1650,-284,9048,7160,704,-1872,445,563949,0
360000,1,1,2,-1,-1,-1,-1,-1,-1,2708,5562,3906,8413,3079,4075,5588,3924,8454,3093,4095,3045,357292,354438,356094,351587,356921,355925,-456,0
160000,2,2,2,-1,-1,-1,-1,-1,-1,6000,6000,6228,6000,6000,6000,6000,6228,6000,6000,6000,6000,154000,154000,153772,154000,154000,154000,0,0
100000,1,4,1,-1,-1,-1,-1,-1,-1,9424,1259,586,3195,3732,42605,1259,586,3195,3732,42605,30583,90576,98741,99414,96805,96268,57395,-21159,0
170000,1,4,1,-1,-1,-1,-1,-1,-1,171465,145196,110163,112157,106497,108832,18500,13998,3760,4000,12212,4200,-1465,24804,59837,57843,63503,61168,697640,0
80000,2,4,1,-1,-1,-1,-1,-1,-1,11284,10110,10859,59187,111059,56320,1500,1000,56500,2500,2500,2000,68716,69890,69141,20813,-31059,23680,192819,0
50000,2,1,3,-1,-1,-1,-1,-1,-1,38736,28402,28813,29550,29106,29718,3000,2000,1500,1100,1096,1200,11264,21598,21187,20450,20894,20282,174429,0
500000,2,2,2,-2,-2,-2,-2,-2,-2,0,0,293,0,0,259,0,293,0,0,259,2621,500000,500000,499707,500000,500000,499741,-2621,0
20000,1,3,3,-1,-1,-1,3,2,-1,16888,17928,20312,19696,19648,20154,1616,3000,0,408,826,872,3112,2072,-312,304,352,-154,107904,0
30000,2,4,1,-1,-1,-1,-1,-1,-1,14923,16277,17003,17420,17790,18993,1600,1300,700,650,1500,0,15077,13723,12997,12580,12210,11007,96656,0
60000,1,4,2,-2,-2,-2,-2,-2,-2,0,0,0,0,0,0,0,0,0,0,0,3789,60000,60000,60000,60000,60000,60000,-3789,0
360000,1,1,3,-1,-1,-1,-1,-1,-1,18295,3199,6131,7662,19423,28351,3204,6195,7664,19423,28351,3250,341705,356801,353869,352338,340577,331649,14974,0
240000,1,1,4,-1,-1,-1,-1,-1,-1,52771,54522,55634,56628,58228,59985,3000,2400,2300,2300,2500,2100,187229,185478,184366,183372,181772,180015,323168,0
50000,3,2,2,-1,-1,2,-1,-1,-1,49212,49243,5112,48455,48456,47234,5450,0,45554,2100,1900,2000,788,757,44888,1545,1544,2766,190708,0
50000,2,2,3,2,2,-1,-1,-1,-1,49423,48332,46043,18759,19161,19516,10,2000,655,688,666,649,577,1668,3957,31241,30839,30484,196566,0
60000,3,2,1,-1,-1,-1,-1,-1,-1,59190,56704,48980,34416,28818,28546,2200,2300,3000,1100,1000,1000,810,3296,11020,25584,31182,31454,246054,0
210000,1,4,1,1,-2,-2,-2,-2,-2,0,0,0,0,0,0,0,0,0,0,0,0,210000,210000,210000,210000,210000,210000,0,0
330000,2,1,3,-1,-1,-1,-1,-1,-1,870,0,870,0,435,435,0,870,0,435,435,435,329130,330000,329130,330000,329565,329565,435,0
90000,1,4,1,-1,-1,2,-1,-1,-1,3407,10839,4788,7370,1051,14014,10850,5,5042,0,14014,5812,86593,79161,85212,82630,88949,75986,5746,0
380000,1,4,1,-1,-1,-1,-1,-1,-1,44986,109142,43758,39106,37978,33428,70000,2014,1004,3000,2000,3302,335014,270858,336242,340894,342022,346572,227078,0
500000,2,2,2,-1,-1,-1,-1,-1,-1,60278,56247,46940,45607,41412,31200,1745,1635,2000,3450,3000,2000,439722,443753,453060,454393,458588,468800,267854,0
30000,3,2,2,-1,-1,-1,-1,-1,-1,23697,20523,20762,22535,22622,11400,3000,3102,3008,3136,1103,0,6303,9477,9238,7465,7378,18600,108190,0
50000,2,2,2,-1,-1,2,2,-1,-1,29616,34040,30385,18399,19037,17945,5000,2000,0,2000,726,510,20384,15960,19615,31601,30963,32055,139186,1
360000,1,2,2,-1,-1,-1,-1,-1,-1,364367,365353,346416,261694,230654,201528,14050,11992,8581,7991,9083,8000,-4367,-5353,13584,98306,129346,158472,1710315,0
310000,1,4,1,-2,-1,-1,-1,-1,-1,3473,35890,29935,20339,12924,839,201153,20146,3000,512,839,165305,306527,274110,280065,289661,297076,309161,-287555,0
60000,2,4,1,1,2,-1,-1,2,2,58603,58918,55709,54173,54065,57499,2000,2500,3200,1000,4500,0,1397,1082,4291,5827,5935,2501,325767,0
120000,3,2,3,-1,-1,-1,-1,-1,-1,118148,118593,101152,80503,75407,77157,5033,5000,3007,3000,3000,3000,1852,1407,18848,39497,44593,42843,548920,0
140000,1,2,2,-1,-1,-1,-1,-1,-1,27234,20191,26276,26847,21713,22143,1389,12000,915,788,791,821,112766,119809,113724,113153,118287,117857,127700,0
220000,1,2,3,-1,-1,-1,-1,-1,-1,219198,114930,100749,74457,68604,53333,5068,5000,2000,3000,3000,1000,802,105070,119251,145543,151396,166667,612203,0
400000,1,2,1,-1,-1,-1,-1,-1,-1,31348,27887,38915,29926,24383,45588,28102,39186,30153,12029,38220,6004,368652,372113,361085,370074,375617,354412,44353,0
50000,2,2,4,-1,-1,-1,-1,-1,-1,48836,48049,47060,19171,18624,18923,2000,2000,1000,1000,1000,1000,1164,1951,2940,30829,31376,31077,192663,0
80000,2,2,2,1,-2,-2,-1,-1,-1,0,0,0,19980,173,0,0,0,19980,173,0,0,80000,80000,80000,60020,79827,80000,0,1
150000,3,2,2,-1,-1,-1,-1,-1,-1,21112,13155,14534,3334,318,1963,5000,4500,3300,300,2029,16368,128888,136845,135466,146666,149682,148037,22919,0
50000,1,2,1,-1,-1,-1,-1,-1,-1,28408,29117,28764,28390,29443,29041,1477,1444,1100,1500,1100,967,21592,20883,21236,21610,20557,20959,165575,0
50000,2,2,4,-1,-1,-1,-1,-1,-1,50224,47178,48400,29781,30082,26609,2200,2520,1000,1100,1000,1000,-224,2822,1600,20219,19918,23391,223454,0
210000,2,2,1,-1,-1,-1,-1,-1,-1,96518,35523,34809,25199,25395,25692,1681,1409,886,912,1035,900,113482,174477,175191,184801,184605,184308,236313,0
90000,1,2,2,-1,-1,-1,-1,-1,2,41789,42913,44388,45348,48454,47524,2100,2500,2000,4000,0,2000,48211,47087,45612,44652,41546,42476,257816,0
320000,1,2,2,-1,-1,-1,-1,-1,-1,1391,48556,49210,50052,53325,53765,50006,3011,4000,4019,5000,3065,318609,271444,270790,269948,266675,266235,187198,0
180000,3,4,1,-2,-2,-2,-2,-2,-2,0,0,0,0,0,0,0,0,0,0,0,0,180000,180000,180000,180000,180000,180000,0,0
310000,2,2,1,-1,-1,-1,-1,-1,-1,165477,167227,103601,102895,101017,95530,6000,4500,4348,3407,4000,4000,144523,142773,206399,207105,208983,214470,709492,0
50000,2,4,1,-1,-1,-1,-1,-1,-1,48529,44669,45684,46592,47568,48907,1743,1758,1666,1725,2128,1374,1471,5331,4316,3408,2432,1093,271555,0
120000,1,2,3,-1,-1,-1,-1,-1,2,113796,116467,116060,115711,121575,120940,6000,4500,4500,7900,3000,4023,6204,3533,3940,4289,-1575,-940,674626,0
150000,2,4,2,-1,-1,-2,-1,-1,-1,1374,-4,-4,6340,4998,5710,0,0,6344,4998,5712,5000,148626,150004,150004,143660,145002,144290,-3640,0
20000,2,1,3,-1,2,-1,-1,-1,-1,8424,4310,16990,3820,4350,3180,0,16990,0,4350,3180,780,11576,15690,3010,16180,15650,16820,15774,0
180000,3,2,3,-2,-1,-1,-1,-1,-1,130500,47346,48176,49140,48129,45759,47346,1678,1642,2000,2000,1424,49500,132654,131824,130860,131871,134241,312960,0
120000,2,2,2,-1,-1,-1,-1,-1,-1,114644,117110,117050,117486,117720,118773,4320,4200,4200,4300,4400,4200,5356,2890,2950,2514,2280,1227,677163,0
100000,1,2,1,1,-1,-1,-1,-1,-1,0,429,858,429,429,429,429,858,0,429,429,429,100000,99571,99142,99571,99571,99571,0,0
210000,1,2,4,-1,-1,-2,-2,-2,-2,1900,0,0,0,0,0,0,0,0,0,0,0,208100,210000,210000,210000,210000,210000,1900,0
100000,2,4,1,-1,-1,-1,-1,-1,2,85435,85957,86295,86945,94526,91630,3143,3052,3264,10398,0,3390,14565,14043,13705,13055,5474,8370,507541,0
120000,2,2,3,-1,-1,-1,-1,-1,-1,7877,11532,13695,2050,804,0,11532,13740,2050,804,0,0,112123,108468,106305,117950,119196,120000,7832,0
190000,3,2,4,-1,-1,-2,-2,-2,-2,88,-468,-1024,-1397,-1953,-825,0,0,1580,556,2047,7932,189912,190468,191024,191397,191953,190825,-17694,0
80000,4,2,2,-1,-1,-1,-2,-2,-2,59292,13943,0,0,0,0,5009,0,0,0,0,0,20708,66057,80000,80000,80000,80000,68226,0
70000,2,1,2,-1,-1,-1,-1,-1,-1,59841,60021,58476,20717,11473,22021,2610,1366,414,229,22021,668,10159,9979,11524,49283,58527,47979,205241,0
60000,2,2,3,1,2,-1,-1,-1,-1,60560,56471,36057,35077,69251,71478,2065,1988,2500,62731,3600,1600,-560,3529,23943,24923,-9251,-11478,254410,1
50000,1,4,1,-1,-1,-1,-1,-1,-1,8107,4895,12128,12128,6000,0,1000,12128,0,0,0,0,41893,45105,37872,37872,44000,50000,30130,0
110000,2,2,3,-1,-1,-1,-1,-1,-1,108214,107512,82828,47978,47276,48109,5300,3300,1700,1900,1770,3000,1786,2488,27172,62022,62724,61891,424947,0
200000,1,4,3,-1,-1,-1,-1,-1,-1,8172,20004,7737,8586,4291,52605,20003,9189,8586,4291,52605,21,191828,179996,192263,191414,195709,147395,6700,0
210000,1,4,2,1,-2,-2,-1,-1,-1,0,0,0,25478,9485,0,0,0,25478,9485,0,0,210000,210000,210000,184522,200515,210000,0,0
30000,3,1,4,1,2,-1,-1,2,-1,22320,21674,22995,24310,23781,25383,0,1685,2000,0,2000,1000,7680,8326,7005,5690,6219,4617,133778,1
160000,1,4,2,-1,-1,-1,-1,-1,-1,1179,4042,270,52,0,394,4042,270,0,0,394,646,158821,155958,159730,159948,160000,159606,585,1
20000,3,4,1,-1,-1,2,2,2,2,13884,16344,15784,17517,17097,18654,3000,0,2000,0,2000,0,6116,3656,4216,2483,2903,1346,92280,1
70000,2,2,3,-1,-1,-1,-1,-1,-1,66681,68768,69699,69484,71067,67568,3768,2699,2660,2879,2568,2570,3319,1232,301,516,-1067,2432,396123,0
260000,3,2,4,-2,-2,-2,-2,-2,-2,1821,7091,1546,37708,4080,11036,7091,1555,37708,303,7500,0,258179,252909,258454,222292,255920,248964,9125,0
260000,2,4,4,-1,-1,-1,-1,-1,-1,200964,205714,208756,168828,155644,159135,8000,8065,7000,10000,10000,10000,59036,54286,51244,91172,104356,100865,1045976,0
50000,3,4,4,-1,-1,-1,-1,-1,-1,42659,35552,31512,25361,26946,28492,1500,2000,2000,2000,2000,1000,7341,14448,18488,24639,23054,21508,180022,0
170000,2,4,1,1,2,-1,-1,-1,-1,16237,15692,17120,17836,18396,18935,0,2000,1000,1000,1000,1000,153763,154308,152880,152164,151604,151065,98216,0
20000,2,2,1,1,2,-1,-1,-1,-1,15863,14498,15064,13605,11844,10152,0,1157,574,423,374,648,4137,5502,4936,6395,8156,9848,77850,0
40000,1,4,1,1,2,2,-1,-1,-1,9958,12140,11653,11762,12418,13108,2500,0,600,1000,900,1000,30042,27860,28347,28238,27582,26892,65039,0
220000,3,1,2,-1,-1,-1,-1,-1,-1,192815,208365,88004,31237,15980,529,20000,5003,3047,5000,1000,81000,27185,11635,131996,188763,204020,219471,421880,0
30000,2,2,1,-1,-1,-1,-1,2,2,29336,30047,29904,32025,32479,30894,1800,1470,3500,2000,0,1400,664,-47,96,-2025,-2479,-894,174515,1
20000,2,2,1,-1,-1,-1,-1,-1,-1,17676,18833,19002,18982,13762,0,1451,1400,380,0,0,0,2324,1167,998,1018,6238,20000,85024,1
120000,1,4,2,-1,-1,-1,-1,-1,-1,67253,31954,16991,18730,21076,24134,1954,1991,3730,9076,4134,497,52747,88046,103009,101270,98924,95866,158756,0
110000,1,4,2,-1,-1,-1,2,2,2,30852,31957,37051,36303,42800,38381,1906,6000,0,8000,0,5000,79148,78043,72949,73697,67200,71619,196438,0
170000,2,2,1,2,-1,-1,-1,-1,-1,160189,150377,138779,129548,121625,108462,5936,4584,4002,4093,4187,4335,9811,19623,31221,40452,48375,61538,781843,0
90000,1,4,2,1,2,2,-1,-1,-1,32226,33255,32426,32763,33602,34193,1839,0,1176,1367,1300,4337,57774,56745,57574,57237,56398,55807,188446,1
140000,1,2,2,-2,-2,-2,-2,-2,-2,2000,0,0,0,0,0,0,0,0,0,0,0,138000,140000,140000,140000,140000,140000,2000,0
200000,2,1,3,-2,-2,-2,-2,-2,-2,23025,22369,23344,23627,3977,1100,0,1400,1110,1000,0,1736,176975,177631,176656,176373,196023,198900,92196,1
50000,2,2,1,-1,-1,-1,-1,-1,-1,46301,47731,46649,48020,49439,45771,2187,1700,2000,2044,1319,30000,3699,2269,3351,1980,561,4229,244661,0
70000,2,4,1,-2,-2,-1,-1,-1,-1,0,3999,44446,21436,19987,19939,3999,44446,41,19995,6000,10305,70000,66001,25554,48564,50013,50061,25021,0
50000,2,2,3,-1,-1,-1,-1,-1,-1,49073,12630,9215,9215,8011,5615,2022,2000,0,1000,1904,1664,927,37370,40785,40785,41989,44385,85169,0
20000,2,2,4,-1,-1,-1,-1,-1,-1,20104,19887,19486,19501,19274,19703,3000,1500,1600,900,900,600,-104,113,514,499,726,297,109455,0
20000,2,2,3,3,2,2,2,2,2,17772,18487,17892,19294,19840,19376,1300,0,1700,1000,0,850,2228,1513,2108,706,160,624,107811,1
200000,1,2,2,1,2,2,2,2,2,18726,18141,20838,20217,22896,22400,0,3000,0,3000,0,3000,181274,181859,179162,179783,177104,177600,114218,1
460000,1,2,1,-1,-1,-1,-1,-1,-1,17919,13041,9681,3284,732,2732,1500,9681,3284,732,2000,0,442081,446959,450319,456716,459268,457268,30192,0
140000,1,4,1,1,-2,-2,-2,-1,-1,0,0,0,0,50000,0,0,0,0,50000,0,0,140000,140000,140000,140000,90000,140000,0,0
240000,1,3,5,-1,-1,-1,-1,-1,-1,4110,5000,0,1000,0,167747,1000,0,1000,0,167747,4810,235890,235000,240000,239000,240000,72253,3300,0
70000,2,2,4,-1,-1,-1,-1,-2,-2,24645,0,14000,0,0,0,0,14000,0,0,0,0,45355,70000,56000,70000,70000,70000,24645,0
410000,1,2,4,-1,-1,-1,-1,-1,-1,4213,187,7884,1842,1129,7592,187,7898,1842,1129,7592,0,405787,409813,402116,408158,408871,402408,4199,0
90000,2,2,1,-1,-1,-1,-1,-1,-1,91431,88920,88344,50209,48262,49316,4672,4042,1748,1892,2000,1861,-1431,1080,1656,39791,41738,40684,400267,0
260000,2,1,2,-1,-1,-1,-1,-1,-1,228,340,352,364,376,388,500,400,400,400,400,284,259772,259660,259648,259636,259624,259612,-336,0
260000,3,1,4,-2,-2,-2,-2,-2,-2,3304,7378,3641,4726,2966,5946,7378,3696,4726,2966,5946,6020,256696,252622,256359,255274,257034,254054,-2771,0
200000,3,1,2,-1,2,-1,-1,-1,2,1762,881,24842,28367,28721,20139,4,24846,5004,1540,4,6411,198238,199119,175158,171633,171279,179861,66903,1
500000,1,2,2,-1,-1,-1,-1,-1,-2,4814,12939,19502,128406,-200,-200,13275,19522,128406,0,0,0,495186,487061,480498,371594,500200,500200,4058,0
20000,1,1,2,-1,-1,-1,-1,-1,-1,5745,6023,7053,5909,3287,3604,2224,1171,500,500,500,5000,14255,13977,12947,14091,16713,16396,21726,1
20000,2,2,3,-1,-1,-1,-1,-1,-1,17068,18283,19424,19208,19600,20000,1800,1600,384,392,400,0,2932,1717,576,792,400,0,109007,1
20000,2,4,1,-1,-1,-1,-1,-1,-1,19096,20087,16752,15017,13754,4699,1335,5000,370,350,176,94,904,-87,3248,4983,6246,15301,82080,0
360000,3,1,4,-1,-1,-1,-1,-1,-1,1351,554,1090,780,390,388,554,1096,780,0,388,887,358649,359446,358910,359220,359610,359612,848,0
20000,2,2,3,2,-1,-1,2,2,2,9286,10176,12298,11809,12333,11986,1200,2300,0,1015,0,1900,10714,9824,7702,8191,7667,8014,61473,1
30000,2,2,1,3,2,2,2,-1,-1,18585,19301,19702,19102,19508,19899,1300,1000,0,700,700,1000,11415,10699,10298,10898,10492,10101,111397,1
180000,1,1,3,-1,-1,-1,-1,-1,-1,18896,20166,16995,15324,6758,5730,2006,6995,282,0,200,0,161104,159834,163005,164676,173242,174270,74386,0
30000,3,1,3,-1,-1,2,2,3,2,20817,23860,24372,25776,25088,24537,3400,1200,2100,0,0,2200,9183,6140,5628,4224,4912,5463,135550,0
190000,4,2,3,-1,-1,-1,-1,-1,-1,146034,142003,135885,102718,68604,45976,5704,4305,2800,2366,2066,96264,43966,47997,54115,87282,121396,144024,527715,0
220000,1,4,2,-1,-1,-1,-1,-1,-1,11636,11004,8392,10887,16542,10164,3004,3392,4000,6542,5000,3909,208364,208996,211608,209113,203458,209836,42778,0
40000,1,1,2,-1,-1,-1,2,2,-1,12745,6889,8530,4610,-220,1060,1500,3005,0,0,2000,4000,27255,33111,31470,35390,40220,38940,23109,0
100000,1,1,2,2,-1,-1,-1,-1,-1,85806,85195,85464,86921,88524,91241,3100,4000,4000,3500,5000,10000,14194,14805,14536,13079,11476,8759,493551,1
30000,1,4,3,-1,-1,-1,-1,-1,-1,22346,26357,29043,29419,29848,29306,8816,4021,2000,5000,6000,6000,7654,3643,957,581,152,694,134482,0
60000,3,4,3,-1,-1,-1,-1,-1,-1,35602,35911,36246,29831,29667,30062,1654,1762,1044,1065,1266,979,24398,24089,23754,30169,30333,29938,189549,0
80000,2,4,1,-1,-1,-1,2,2,2,44739,46708,49611,50496,51543,50563,3000,4000,2000,2000,0,5000,35261,33292,30389,29504,28457,29437,277660,0
180000,2,2,3,2,-1,-1,-1,-1,-1,106944,78405,47542,44952,24904,26825,3500,2000,1500,2000,3000,3000,73056,101595,132458,135048,155096,153175,314572,0
90000,2,4,2,1,-2,-2,-2,-2,-1,-295,-295,-295,-295,-295,9727,0,0,0,1,10022,0,90295,90295,90295,90295,90295,80273,-1771,0
230000,1,4,2,1,-1,-1,-2,-2,-2,0,351,0,0,0,0,351,0,0,0,0,432,230000,229649,230000,230000,230000,230000,-432,0
90000,2,4,1,-1,-1,-1,-1,-1,-1,83900,84236,79623,70039,70962,71013,4022,2917,2500,2451,2600,2700,6100,5764,10377,19961,19038,18987,442583,1
290000,2,2,2,-1,-1,-1,-1,-1,-1,316,316,316,316,316,297,316,316,316,316,297,2828,289684,289684,289684,289684,289684,289703,-2512,0
100000,2,2,4,2,2,-1,-1,-1,-1,87851,85594,87095,88357,77155,80108,0,3300,2839,3000,4000,2000,12149,14406,12905,11643,22845,19892,491021,1
360000,1,2,2,-1,-1,-1,-1,-1,-1,4644,1417,3588,2589,1549,1278,1417,3588,0,0,1278,1998,355356,358583,356412,357411,358451,358722,6784,0
100000,2,2,1,-1,-1,-1,-1,-1,-1,61396,60621,58855,48570,47651,38481,3012,2500,1700,2100,2500,2708,38604,39379,41145,51430,52349,61519,301054,0
200000,1,4,2,-1,-1,-1,-2,-2,-2,846,4292,0,0,0,0,4974,0,0,0,0,0,199154,195708,200000,200000,200000,200000,164,0
70000,1,4,2,-1,-1,-1,-1,-1,-1,19492,20054,14016,14782,15249,15595,1600,1300,1000,701,1000,1000,50508,49946,55984,55218,54751,54405,92587,0
200000,2,4,1,-2,-2,-2,-2,-2,-2,0,0,0,0,0,0,0,0,0,0,0,0,200000,200000,200000,200000,200000,200000,0,0
70000,1,4,1,-1,-1,-1,-1,-1,-1,68689,68161,69534,67399,66963,66797,3120,3166,2609,2574,3000,3500,1311,1839,466,2601,3037,3203,389574,0
460000,2,4,2,-1,-1,-1,-1,-2,-1,877,0,3352,0,0,44849,0,3352,0,0,44849,0,459123,460000,456648,460000,460000,415151,877,0
80000,2,2,3,-1,-1,-1,-2,-2,-2,7345,4596,0,0,0,0,4596,0,0,0,0,0,72655,75404,80000,80000,80000,80000,7345,0
90000,2,2,3,-2,-2,-2,-2,-2,-2,316,714,1443,13982,4105,1594,714,1443,13982,4105,1765,2000,89684,89286,88557,76018,85895,88406,-1855,0
310000,1,4,1,-1,-1,-1,-1,-2,-1,760,3674,368,-2444,-2444,151306,3674,500,0,0,155438,5231,309240,306326,309632,312444,312444,158694,-13623,0
310000,1,2,2,1,-2,-2,-2,-2,-1,0,0,0,0,0,69,0,0,0,0,69,500,310000,310000,310000,310000,310000,309931,-500,1
50000,2,4,1,-1,-1,-1,-1,-1,-1,48517,49391,27780,28585,28130,29005,3000,2000,1200,1000,1300,1000,1483,609,22220,21415,21870,20995,201908,0
220000,1,4,2,-1,-1,-1,-1,-1,-1,15069,0,14129,28246,9995,198,680,14129,16000,5000,198,14952,204931,220000,205871,191754,210005,219802,16678,0
70000,1,4,1,-1,-1,-1,-1,-1,-1,31680,28410,24046,19194,16621,10797,2000,2000,2000,3000,2500,900,38320,41590,45954,50806,53379,59203,118348,0
60000,1,1,2,-1,-1,-1,-1,-1,-1,37749,38785,39803,40837,41783,42689,1948,1966,2000,1600,1600,1600,22251,21215,20197,19163,18217,17311,230932,0
450000,1,1,4,-1,-1,-1,-1,-2,-2,727,0,419,0,0,0,0,419,0,0,0,6154,449273,450000,449581,450000,450000,450000,-5427,0
20000,1,4,1,-1,-1,-1,-1,-1,-1,342,792,677,-1,213,856,792,677,0,214,856,0,19658,19208,19323,20001,19787,19144,340,0
420000,1,4,2,-2,-2,-2,-2,-2,-2,6135,-2314,-3859,172,3859,8274,51,0,4031,3859,5000,0,413865,422314,423859,419828,416141,411726,-674,1
10000,2,2,1,-1,-1,-1,-1,-1,-1,6579,7599,8608,8780,9114,9234,1134,1143,315,476,420,1000,3421,2401,1392,1220,886,766,45426,1
20000,2,2,1,2,2,4,4,4,4,1650,1650,1650,1650,1650,1650,0,0,0,0,0,0,18350,18350,18350,18350,18350,18350,9900,1
200000,2,4,3,2,2,2,2,2,2,91140,93011,90634,95464,99894,98171,4200,0,7260,6100,0,3800,108860,106989,109366,104536,100106,101829,546954,1
80000,2,2,1,-1,-1,-1,-1,-1,2,78639,80188,80711,59119,62019,60955,3200,2500,2182,4700,0,2000,1361,-188,-711,20881,17981,19045,407049,0
80000,3,2,2,-1,-1,-1,-1,-1,-1,78010,5976,5812,4788,3758,3812,1106,1060,154,147,127,52,1990,74024,74188,75212,76242,76188,99510,1
60000,1,2,1,-1,-1,-1,-1,-1,-1,59318,54553,51323,38031,38825,39255,2065,1597,1473,1521,1538,1521,682,5447,8677,21969,21175,20745,271590,0
230000,1,2,1,-1,-1,-1,-1,-1,-1,326,326,326,326,1176,326,326,326,326,1176,326,776,229674,229674,229674,229674,228824,229674,-450,0
100000,1,2,2,1,2,-1,-1,-1,-1,94432,92080,93046,94898,97763,99102,0,3400,3383,4380,4300,2497,5568,7920,6954,5102,2237,898,553361,0
200000,1,2,1,-2,-2,-2,-2,-2,-2,0,0,0,0,0,0,0,0,0,0,0,0,200000,200000,200000,200000,200000,200000,0,1
110000,1,2,1,-1,-1,-1,-1,-1,-1,57861,47409,47743,45654,26525,22937,2191,1525,18236,1500,2000,1000,52139,62591,62257,64346,83475,87063,221677,0
50000,2,2,1,-1,-1,-1,-2,-2,-2,47478,43300,0,0,0,0,1000,0,0,0,0,432,2522,6700,50000,50000,50000,50000,89346,0
260000,1,1,4,1,-2,-2,-1,-1,2,0,990,0,1930,4304,150,990,0,1930,4304,0,150,260000,259010,260000,258070,255696,259850,0,1
220000,1,4,2,-1,-1,-1,-1,-1,2,205310,203343,209214,210965,214989,203159,7600,9800,7200,7700,7500,7250,14690,16657,10786,9035,5011,16841,1199930,0
200000,1,1,2,-1,-1,-1,-2,-1,-1,1727,1796,-4,-4,1565,1686,1809,0,0,1569,1691,0,198273,198204,200004,200004,198435,198314,1697,0
10000,2,2,1,1,2,2,2,-1,-1,5015,4789,6199,5951,6255,6401,0,1500,0,400,400,700,4985,5211,3801,4049,3745,3599,31610,1
180000,2,1,2,-1,-1,-1,-1,-1,-1,37671,39009,40213,41702,43687,44982,1800,2000,2000,2500,2000,2000,142329,140991,139787,138298,136313,135018,234964,0
210000,2,4,2,-1,-1,-1,2,2,2,45998,47107,50999,51884,50926,54404,2150,5000,2020,0,4500,2000,164002,162893,159001,158116,159074,155596,285648,0
310000,1,2,1,2,-1,-1,-1,-1,-1,45153,36123,26113,22661,20351,16639,2904,1500,1000,2000,1000,2000,264847,273877,283887,287339,289649,293361,156636,1
360000,1,2,1,-2,-2,-2,-2,-2,-2,12018,31282,28823,51120,2222,-34,32038,28982,51379,2233,0,0,347982,328718,331177,308880,357778,360034,10799,0
200000,1,1,4,-1,-1,-1,-1,-1,-1,102847,52556,34369,14240,23762,18198,52556,2003,1000,26068,10019,61500,97153,147444,165631,185760,176238,181802,92826,0
180000,2,1,2,2,2,2,-1,-1,-1,180645,184303,179230,181763,180019,171711,8000,0,7000,7000,6150,6700,-645,-4303,770,-1763,-19,8289,1042821,1
140000,2,2,1,-1,-1,-1,2,2,2,34229,35262,38079,37167,41146,40332,1583,3400,0,4600,0,2000,105771,104738,101921,102833,98854,99668,214632,0
50000,1,4,2,1,2,2,2,-1,-1,20091,20175,22718,22057,23044,24990,700,3200,0,1500,2340,924,29909,29825,27282,27943,26956,25010,124411,1
60000,3,1,2,-1,-1,-1,-1,-1,-1,59615,59570,60851,56113,30326,30038,2300,2317,2500,1100,1300,1198,385,430,-851,3887,29674,29962,285798,0
90000,2,2,1,1,-2,-2,-2,-2,-2,0,0,0,0,0,0,0,0,0,0,0,0,90000,90000,90000,90000,90000,90000,0,0
100000,2,2,3,-1,-1,-1,-1,-1,-1,86208,173340,36562,37298,39687,40044,3595,3218,1345,3000,1275,440,13792,-73340,63438,62702,60313,59956,400266,0
20000,3,2,1,1,-2,-2,-2,-2,-2,-1400,-1400,-1400,-1000,-1000,0,0,0,1000,0,1000,0,21400,21400,21400,21000,21000,20000,-8200,0
110000,1,2,1,-1,-1,-1,-1,-1,-1,18166,18364,19742,23886,29949,34969,3000,3500,5500,10000,6000,10000,91834,91636,90258,86114,80051,75031,107076,0
70000,1,4,1,-1,-1,-1,-1,-1,-1,24526,25532,25971,14859,14930,15091,1790,1229,519,687,557,546,45474,44468,44029,55141,55070,54909,115581,0
170000,2,2,2,-2,-2,-2,-2,-2,-2,4018,6302,6844,1467,4797,2659,6330,6844,1467,9594,2659,7076,165982,163698,163156,168533,165203,167341,-7883,0
500000,1,1,5,-2,-2,-2,-2,-2,-2,0,0,0,0,0,0,0,0,0,0,0,1063,500000,500000,500000,500000,500000,500000,-1063,1
30000,2,1,2,1,2,2,2,-1,-1,9303,9009,13861,13344,13972,18735,0,5000,0,1000,5000,0,20697,20991,16139,16656,16028,11265,67224,0
50000,2,4,1,-1,-1,-1,-1,-1,-1,33109,32856,27438,4786,768,-579,1660,1600,624,768,173,30267,16891,17144,22562,45214,49232,50579,63286,0
10000,2,4,1,-1,-1,2,-1,-1,-1,9721,11756,10844,10468,10101,9911,2939,0,507,365,404,459,279,-1756,-844,-468,-101,89,58127,0
200000,1,4,2,-1,-1,-1,-1,-1,-1,13766,39072,44758,45571,40592,7145,39124,15000,1622,2068,1000,2031,186234,160928,155242,154429,159408,192855,130059,0
390000,1,4,1,-1,-1,-1,-1,-1,-1,196172,196262,157388,123706,115813,112143,9599,10054,4242,4346,5000,5000,193828,193738,232612,266294,274187,277857,863243,0
140000,2,4,2,2,2,2,3,2,2,76187,84734,91142,88800,90750,88591,9834,8742,0,3500,0,3100,63813,55266,48858,51200,49250,51409,495028,1
220000,3,2,4,-2,-2,-2,-2,-2,-2,612,10612,2225,4782,416,12287,10612,2225,4782,5286,12287,416,219388,209388,217775,215218,219584,207713,-4674,0
500000,1,2,3,-2,-2,-2,-2,-2,-2,2121,0,0,0,0,522,0,0,0,0,522,117,497879,500000,500000,500000,500000,499478,2004,0
100000,2,2,3,-2,-2,-2,-2,-2,-2,1261,1261,1261,390,390,390,1261,1261,390,390,390,0,98739,98739,98739,99610,99610,99610,1261,0
400000,3,2,2,-1,-1,-1,-1,-1,-1,121219,113770,355718,298654,263190,202907,4981,263106,10900,10063,7708,5394,278781,286230,44282,101346,136810,197093,1053306,0
80000,1,2,1,-1,-1,-1,-1,-1,-1,76436,75437,58309,59217,59955,57100,5990,2500,3000,2500,3000,1500,3564,4563,21691,20783,20045,22900,367964,0
30000,2,2,2,-1,-1,-1,-1,-1,-1,28138,28401,28949,28218,27262,27434,1793,1731,1200,1000,1009,1200,1862,1599,1051,1782,2738,2566,160469,0
240000,1,1,2,-1,-1,-1,-1,-1,-1,160161,159484,162231,163255,165436,168178,7405,8005,6005,30912,5000,5150,79839,80516,77769,76745,74564,71822,916268,1
500000,1,2,3,-2,-2,-2,-2,-2,-2,478030,419644,309019,292878,152025,110034,205,10500,9692,4823,3986,1188,21970,80356,190981,207122,347975,389966,1731236,1
50000,2,1,2,-1,-1,-1,-1,-1,-1,42150,44148,45333,27095,28508,28814,3000,3000,2000,2000,967,886,7850,5852,4667,22905,21492,21186,204195,0
180000,2,1,2,-1,-1,-1,-1,-1,-1,1341,4185,291,570,2260,1583,4185,291,570,2260,1583,3974,178659,175815,179709,179430,177740,178417,-2633,0
100000,2,2,2,-1,-1,-1,-1,-1,2,70096,71667,73043,73928,80682,77485,3300,3200,2650,9000,0,3100,29904,28333,26957,26072,19318,22515,425651,0
180000,2,4,1,-1,-1,2,-1,-1,-1,85465,95546,93000,93526,66726,42668,11508,0,2340,1850,4000,0,94535,84454,87000,86474,113274,137332,457233,0
50000,3,2,3,-1,-1,-1,-1,-1,-1,52828,93362,46645,19114,19341,20047,3000,2403,6700,1000,1000,2000,-2828,-43362,3355,30886,30659,29953,235234,0
360000,1,2,1,-1,-1,-2,-2,-2,-2,51400,0,0,0,0,0,0,0,0,0,0,0,308600,360000,360000,360000,360000,360000,51400,0
330000,2,2,1,1,-2,-2,-2,-2,-2,0,0,0,0,0,0,0,0,0,0,0,0,330000,330000,330000,330000,330000,330000,0,1
200000,1,1,2,-1,-1,-1,-1,-2,-2,3048,0,100000,0,0,0,0,100000,0,0,0,0,196952,200000,100000,200000,200000,200000,3048,0
40000,2,2,1,-1,-1,-1,-1,-1,-1,900,2833,9495,6965,2759,0,2833,9495,0,0,0,0,39100,37167,30505,33035,37241,40000,10624,0
260000,1,2,2,-1,-1,-1,-1,-1,-1,36664,22228,39330,39880,78787,52790,1690,19342,15000,53787,22790,3217,223336,237772,220670,220120,181213,207210,153853,0
320000,1,1,3,-1,-1,-1,-1,-1,-1,10853,33968,86024,232017,15622,7463,34151,86466,232242,3199,7500,30,309147,286032,233976,87983,304378,312537,22359,0
10000,2,2,1,-1,-1,-1,-1,-1,-1,390,390,9159,9363,8160,7552,390,9159,700,279,1000,800,9610,9610,841,637,1840,2448,22686,0
230000,2,2,2,-1,-1,-1,-1,-1,-1,218495,223270,227807,218047,223370,206937,8270,8366,6012,9474,6962,24338,11505,6730,2193,11953,6630,23063,1254504,0
10000,2,4,1,-1,-1,-1,-1,-1,2,5666,576,1709,1470,2010,780,576,1709,1470,2010,0,1080,4334,9424,8291,8530,7990,9220,5366,1
30000,1,2,1,2,-1,2,-1,-1,-1,581,1312,731,7300,6071,7849,1312,0,7300,6071,8000,16000,29419,28688,29269,22700,23929,22151,-14839,1
90000,2,1,3,-1,-1,-1,-1,-1,-1,45431,46338,45129,45640,46175,46716,2749,2206,1113,1135,1153,1134,44569,43662,44871,44360,43825,43284,265939,0
300000,3,2,3,1,-2,-2,-2,-2,-2,390,390,780,390,390,5144,390,780,0,390,5144,390,299610,299610,299220,299610,299610,294856,390,0
230000,2,4,2,-1,-1,-1,-1,-1,-1,17587,19297,19580,8247,-6666,13334,2000,1000,2000,0,20000,8200,212413,210703,210420,221753,236666,216666,38179,0
150000,2,2,1,-1,-1,-1,-1,-1,-1,9489,11757,12438,14240,15288,-1000,2500,1202,3000,1048,0,23799,140511,138243,137562,135760,134712,151000,30663,0
60000,2,1,4,-1,-1,-1,-1,-1,-1,56893,58170,56539,29425,28013,29075,3000,2000,1000,1000,1500,2450,3107,1830,3461,30575,31987,30925,247165,0
50000,2,2,1,-1,-1,-1,-2,-2,-2,41739,20650,0,0,0,0,1650,0,0,0,0,0,8261,29350,50000,50000,50000,50000,60739,0
140000,2,2,2,-1,-1,-1,-1,-1,-1,64300,62758,77133,71397,71546,83412,20009,32637,15027,10021,20055,10037,75700,77242,62867,68603,68454,56588,322760,0
90000,3,2,1,-1,-1,-1,-1,-1,-1,80603,73487,70581,67336,67069,67890,2827,2370,2300,2300,2700,2700,9397,16513,19419,22664,22931,22110,411769,0
80000,3,2,4,-1,-1,-1,2,2,2,67328,69356,73445,74645,73330,78032,3113,5850,3000,0,6103,0,12672,10644,6555,5355,6670,1968,418070,1
260000,2,2,2,-1,-1,-1,-1,-1,-1,892,2955,10319,4078,749,1040,2955,10319,4078,0,1040,1724,259108,257045,249681,255922,259251,258960,-83,0
60000,3,2,4,-1,3,2,2,-1,-1,747,498,249,0,58628,59550,0,0,0,115800,2141,2134,59253,59502,59751,60000,1372,450,-403,0
50000,2,1,3,2,2,2,2,2,2,44489,45470,46424,45377,48441,47511,2000,2000,0,3800,0,1800,5511,4530,3576,4623,1559,2489,268112,1
150000,1,2,2,-1,2,2,2,-1,-1,40749,39815,46887,45832,52968,60034,0,8538,0,8810,8942,9344,109251,110185,103113,104168,97032,89966,250651,0
220000,1,2,2,-1,-1,-1,-2,-1,-1,307,191,-125,-441,10243,9927,200,0,0,11000,10000,11000,219693,219809,220125,220441,209757,210073,-12098,0
330000,1,2,2,-1,-1,-1,-1,-1,-1,95255,101046,100349,100218,100334,98097,10500,4074,3600,4005,3600,3400,234745,228954,229651,229782,229666,231903,566120,0
300000,2,4,2,-1,-1,-1,-1,-1,-1,67943,69969,71387,72340,73853,75316,3121,3175,2736,2829,2843,2941,232057,230031,228613,227660,226147,224684,413163,0
70000,2,2,1,-1,-1,-1,-1,-1,-1,71232,71262,71509,70695,71189,70554,2751,3600,2694,2800,2743,2700,-1232,-1262,-1509,-695,-1189,-554,409153,0
300000,1,4,1,-2,-2,-1,-1,-1,-1,-1282,-1282,132218,133533,136877,139940,0,133500,5000,5500,5500,5500,301282,301282,167782,166467,163123,160060,385004,0
70000,2,2,3,-1,-1,2,-1,-1,2,31652,35809,34934,35652,38079,37314,5000,0,1300,3000,0,1500,38348,34191,35066,34348,31921,32686,202640,0
110000,2,2,1,2,2,2,2,2,2,101402,104878,105325,102220,107970,103301,6600,3700,0,7500,0,3906,8598,5122,4675,7780,2030,6699,603390,0
240000,2,4,1,-1,-1,-1,-1,-1,-1,121109,124460,126384,126917,90822,83742,6000,5000,4000,4000,4000,3000,118891,115540,113616,113083,149178,156258,647434,0
80000,3,4,4,-1,-1,-1,-1,-1,-1,60980,1541,4822,4918,5188,5797,1541,4822,324,500,700,500,19020,78459,75178,75082,74812,74203,74859,0
50000,3,2,1,-2,-2,-2,-2,-2,-2,0,0,0,0,0,0,0,0,0,0,0,0,50000,50000,50000,50000,50000,50000,0,0
420000,1,2,2,-1,-1,-1,-1,-1,-1,45465,46232,31233,22768,22588,22172,1706,1401,804,852,0,8100,374535,373768,388767,397232,397412,397828,177595,0
220000,2,2,3,2,-1,-1,2,-1,-1,27094,27819,30363,29579,48933,97187,1465,3009,0,20000,50000,1240,192906,192181,189637,190421,171067,122813,185261,0
150000,1,4,2,-1,-1,-1,-1,-1,-1,90121,51385,26352,27607,29457,40706,2031,2000,2000,2457,12060,40000,59879,98615,123648,122393,120543,109294,205080,0
60000,1,4,2,-1,-1,-1,-1,-1,-1,9815,11093,699,699,0,1000,11160,699,0,0,1430,850,50185,48907,59301,59301,60000,59000,9167,0
260000,2,2,3,-2,-2,-2,-2,-2,-2,0,135,0,0,109,945,135,0,0,109,945,9300,260000,259865,260000,260000,259891,259055,-9300,0
180000,1,4,2,1,-2,-2,-1,-1,-1,0,0,0,4279,488,659,0,0,4279,488,659,5067,180000,180000,180000,175721,179512,179341,-5067,1
130000,2,4,1,1,2,-1,-1,-1,-1,39728,38815,39828,40468,41315,42133,0,1960,1600,1650,1655,1725,90272,91185,90172,89532,88685,87867,233697,0
220000,2,2,3,-1,-1,-1,-1,-1,-1,204052,207977,214117,216712,194521,198246,7600,10000,8255,7200,7500,8500,15948,12023,5883,3288,25479,21754,1186570,0
200000,4,2,3,2,-1,-1,-1,-1,-1,58118,205712,194265,139360,82750,0,150000,7673,5000,5000,0,0,141882,-5712,5735,60640,117250,200000,512532,0
130000,1,2,1,-1,-1,-1,-1,-1,-1,326,326,326,2400,1075,1650,326,326,2400,0,1650,652,129674,129674,129674,127600,128925,128350,749,1
420000,1,4,3,-1,-1,-1,-1,-1,-1,22186,15258,13513,80831,39333,26831,15262,13523,80854,787,850,75341,397814,404742,406487,339169,380667,393169,11335,0
30000,1,2,1,-1,-1,-1,-1,-1,-1,26669,28080,28836,28812,29400,30000,1844,1600,576,588,600,0,3331,1920,1164,1188,600,0,166589,1
110000,3,1,3,-1,-1,-1,-1,-1,-1,390,5050,63032,33228,31073,25035,5050,63032,1100,1100,1000,1000,109610,104950,46968,76772,78927,84965,85526,0
150000,2,4,1,1,-2,-2,-2,-2,-2,0,0,0,0,0,0,0,0,0,0,0,0,150000,150000,150000,150000,150000,150000,0,1
50000,2,2,2,-2,-2,-2,-2,-2,-2,0,0,0,0,0,0,0,0,0,0,0,0,50000,50000,50000,50000,50000,50000,0,0
200000,1,2,3,1,-2,-2,-2,-2,-2,0,0,0,0,0,0,0,0,0,0,0,1433,200000,200000,200000,200000,200000,200000,-1433,0
170000,1,2,2,-1,-1,-1,-1,-1,-1,170440,170060,115372,211577,120407,122952,8200,5200,5000,5000,5000,4000,-440,-60,54628,-41577,49593,47048,878408,1
200000,4,4,1,-1,-1,-1,-1,-1,-1,134857,123653,108765,96918,98685,97621,4257,3274,3025,3266,3145,2176,65143,76347,91235,103082,101315,102379,641356,0
200000,2,2,2,1,2,-1,-1,-1,-1,153829,153229,148438,143121,141466,128846,7022,6700,5500,6000,9800,0,46171,46771,51562,56879,58534,71154,833907,0
50000,4,4,2,2,-1,-1,-1,-1,-1,50786,50450,45210,29917,17859,0,2034,1251,848,872,0,0,-786,-450,4790,20083,32141,50000,189217,0
500000,1,2,2,-1,-1,-1,-1,-1,-1,477468,488083,498839,411820,422671,394599,21000,22800,15200,19000,16000,10000,22532,11917,1161,88180,77329,105401,2589480,0
150000,1,2,1,-1,-1,-1,-1,-2,-2,3125,8418,797,-3,-3,-3,8443,799,0,0,0,0,146875,141582,149203,150003,150003,150003,3089,0
30000,2,2,1,-2,-2,-2,-2,-2,-2,836,836,390,390,390,0,836,390,390,390,0,780,29164,29164,29610,29610,29610,30000,56,0
230000,1,4,2,-1,-1,-1,-1,-1,-1,483,0,342,955,957,1407,0,342,955,2,1511,4373,229517,230000,229658,229045,229043,228593,-3039,0
360000,2,2,3,-1,-1,-1,-1,-2,-2,13219,8644,454,-2,-2,-2,3050,456,0,0,0,519,346781,351356,359546,360002,360002,360002,18286,1
380000,1,2,2,-1,-1,-1,-1,-1,-1,452092,442041,446224,419943,420016,426622,17400,16672,14088,14500,14700,14671,-72092,-62041,-66224,-39943,-40016,-46622,2514907,0
30000,3,4,3,2,2,2,2,3,2,13509,13499,14979,15737,15201,14807,500,2000,1300,0,0,1400,16491,16501,15021,14263,14799,15193,82532,0
50000,2,4,3,-1,-1,-1,-1,-1,-1,53651,51703,48675,40059,41411,42722,3000,2000,1436,2000,2000,2000,-3651,-1703,1325,9941,8589,7278,265785,0
420000,2,2,3,1,-2,-2,-2,-2,-2,0,0,0,0,0,0,0,0,0,0,0,0,420000,420000,420000,420000,420000,420000,0,0
70000,2,2,2,-1,-1,-1,-1,-1,-1,66982,68817,60607,28622,24485,18419,3036,2264,858,797,814,2003,3018,1183,9393,41378,45515,51581,258160,0
50000,2,2,2,-1,-1,-1,-1,-1,-1,51734,51665,51105,47494,31375,30781,2003,1680,1860,1061,1392,8000,-1734,-1665,-1105,2506,18625,19219,248158,0
350000,2,4,2,-1,-1,-1,-1,-1,-1,341200,328857,324873,300004,306269,273732,14000,12000,10400,12000,12000,9000,8800,21143,25127,49996,43731,76268,1805535,1
200000,1,2,2,-1,-1,-2,-2,-2,-1,10532,0,0,0,0,2842,0,0,0,0,2842,204297,189468,200000,200000,200000,200000,197158,-193765,0
340000,2,2,1,-1,-1,-1,-1,-1,2,5060,7604,14900,0,2650,1000,7604,10000,0,2650,0,1000,334940,332396,325100,340000,337350,339000,9960,0
50000,2,2,1,-1,-1,-1,-1,-1,-1,24724,25895,23627,24827,25521,26523,2000,2000,2000,1500,2000,2000,25276,24105,26373,25173,24479,23477,139617,0
20000,2,4,1,-1,-1,2,2,2,2,15189,17802,17219,18377,17941,19572,2869,0,1444,0,1933,0,4811,2198,2781,1623,2059,428,99854,1
360000,1,4,2,1,-2,-2,-2,-2,-2,0,0,0,0,0,0,0,0,0,0,0,0,360000,360000,360000,360000,360000,360000,0,1
140000,1,2,1,-1,-1,-1,-1,-1,-1,29785,32140,34002,23567,24377,4327,4000,3000,3000,1000,1000,2000,110215,107860,105998,116433,115623,135673,134198,0
150000,2,1,2,2,2,-1,-1,-1,2,117485,114166,116491,118839,126102,123914,0,4225,4282,9207,0,4679,32515,35834,33509,31161,23898,26086,694604,1
100000,1,2,2,-1,-1,2,-1,-1,-1,98899,102435,98188,97189,97013,96950,8800,0,3600,3500,3700,3443,1101,-2435,1812,2811,2987,3050,567631,1
460000,1,1,3,-1,-1,-1,-1,-1,-1,1762,3152,531,522,4434,9767,3152,531,500,4434,9767,0,458238,456848,459469,459478,455566,450233,1784,0
150000,2,2,2,1,2,2,-1,-1,-1,147833,148066,142163,135075,135309,135165,6130,27,4610,5000,5000,3760,2167,1934,7837,14925,14691,14835,819084,0
290000,1,2,2,-2,-2,-2,-2,-2,-2,79298,-40,122380,0,32720,-200,0,122420,0,32720,200,0,210702,290040,167620,290000,257280,290200,78818,0
240000,2,2,2,-1,-1,-1,-1,2,2,109226,110226,111030,114584,115681,112528,5500,5400,8000,4179,0,4000,130774,129774,128970,125416,124319,127472,646196,0
210000,1,4,3,-1,-1,-1,-1,-1,-1,779,11040,12471,13684,15356,16337,11000,2200,2000,2000,2000,2000,209221,198960,197529,196316,194644,193663,48467,0
350000,2,4,2,-1,-1,-1,-1,-1,-1,293303,338272,177483,182381,194678,215024,50070,10000,8000,15036,30050,8110,56697,11728,172517,167619,155322,134976,1279875,0
280000,3,2,2,-1,-1,2,-1,-1,-1,4591,38854,15287,14201,26133,4504,38979,16,14201,26133,4504,10748,275409,241146,264713,265799,253867,275496,8989,0
150000,2,1,3,-1,-1,-1,-1,-1,-1,105416,106773,106500,104670,55442,55936,5800,4648,2000,2889,2700,94000,44584,43227,43500,45330,94558,94064,422700,0
170000,2,2,1,-1,-1,-1,-1,-1,-1,7383,23400,49771,30929,31429,14170,23518,50026,31023,20157,14233,22818,162617,146600,120229,139071,138571,155830,-4693,0
50000,3,1,3,1,2,-1,-1,-1,-1,24091,13698,14908,15033,15705,11616,0,1475,600,1000,500,570,25909,36302,35092,34967,34295,38384,90906,0
100000,2,1,4,3,4,3,2,2,2,56002,55557,54083,54601,55585,57027,1000,0,2000,2000,2500,0,43998,44443,45917,45399,44415,42973,325355,1
50000,2,2,1,-1,-1,-1,-1,-1,-1,47578,33666,16177,16607,17186,17749,2000,2000,1000,1000,1000,1000,2422,16334,33823,33393,32814,32251,140963,0
230000,2,2,2,1,-2,-2,-1,-1,-2,0,0,0,1990,0,0,0,0,1990,0,0,0,230000,230000,230000,228010,230000,230000,0,1
90000,2,2,1,2,-1,-1,-1,-1,-1,33382,35526,37513,38637,44088,35705,3000,3000,3000,10000,3000,2000,56618,54474,52487,51363,45912,54295,200851,1
20000,2,2,1,1,2,-1,-1,-1,-1,12060,11047,780,390,12246,12409,0,780,0,12246,911,0,7940,8953,19220,19610,7754,7591,34995,0
260000,2,4,3,-1,-1,-2,-2,-2,-2,1022,1085,0,0,0,0,1085,0,0,0,0,300,258978,258915,260000,260000,260000,260000,722,0
290000,1,2,3,-1,-1,-2,-2,-2,-2,636,6732,0,3692,0,1957,6732,0,3692,0,1957,0,289364,283268,290000,286308,290000,288043,636,1
50000,2,2,2,1,2,-1,-1,-1,-1,49378,48052,48573,28902,28205,30388,0,2033,1119,985,2000,4000,622,1948,1427,21098,21795,19612,223361,0
60000,3,4,3,-1,-1,-1,-1,-1,-1,54216,27596,28772,19067,19467,9247,4000,2000,1000,1000,331,343,5784,32404,31228,40933,40533,50753,149691,0
180000,2,2,2,-1,-1,-1,-2,-2,-2,787,398,0,0,0,0,398,0,0,0,0,0,179213,179602,180000,180000,180000,180000,787,0
250000,2,2,3,-1,-1,-1,-1,-1,-1,82650,81977,24585,16753,17113,17298,3503,1553,1000,1000,1000,1382,167350,168023,225415,233247,232887,232702,230938,0
90000,1,1,1,-1,-1,-1,-1,-1,-1,82410,85150,81812,76424,77086,77634,8000,3000,3100,3000,3000,2500,7590,4850,8188,13576,12914,12366,457916,0
10000,3,2,4,2,2,2,2,2,2,3475,4366,4148,4579,4360,4787,1100,0,500,0,500,0,6525,5634,5852,5421,5640,5213,23615,0
290000,1,2,2,-1,-1,-1,-1,-1,-1,54966,41327,24872,20318,26030,7258,4020,8000,0,16000,7258,10000,235034,248673,265128,269682,263970,282742,129493,0
80000,2,4,1,-1,-1,-1,-1,-1,-1,79534,81391,77033,47413,48650,49841,3174,2308,3400,2000,2000,14410,466,-1391,2967,32587,31350,30159,356570,0
30000,2,4,1,2,2,2,2,3,2,300,300,300,1126,826,676,0,0,828,0,0,31496,29700,29700,29700,28874,29174,29324,-28796,0
200000,2,2,2,-1,-1,-1,-1,-1,-1,24779,8313,1951,1951,3124,3259,8318,1951,0,3124,3259,0,175221,191687,198049,198049,196876,196741,26725,0
50000,3,2,4,-1,-1,-1,-1,-1,-1,63348,62934,60513,18712,17015,20284,2400,2500,1000,1000,5000,2000,-13348,-12934,-10513,31288,32985,29716,228906,0
220000,2,1,3,4,3,2,2,2,2,216591,197022,198088,187000,179703,174571,0,6000,0,14004,0,7000,3409,22978,21912,33000,40297,45429,1125971,1
430000,2,1,3,-1,-1,-1,-1,-1,-1,32263,32802,25645,25045,25568,26144,1794,2399,884,914,987,869,397737,397198,404355,404955,404432,403856,159620,0
50000,2,2,1,-1,-1,-1,-1,-1,-1,48945,36467,18890,30288,30003,29763,1819,2664,31057,1064,1073,1043,1055,13533,31110,19712,19997,20237,155636,1
410000,1,2,2,-2,-2,-2,-1,-1,-1,333,333,333,1019,2218,1216,333,333,1019,2218,1216,1019,409667,409667,409667,408981,407782,408784,-686,0
50000,2,2,2,-1,2,2,2,-1,-1,23912,23242,25451,24743,25263,25763,0,2600,0,918,921,1127,26088,26758,24549,25257,24737,24237,142808,0
110000,2,2,3,-1,-1,-1,-1,-1,-1,72897,72755,71698,72418,72293,73954,3290,3200,2700,2800,3000,2650,37103,37245,38302,37582,37707,36046,418375,0
50000,1,2,1,1,2,-1,-1,-1,-1,50146,47918,48866,4372,-1203,49830,0,2400,1000,0,51830,0,-146,2082,1134,45628,51203,170,144699,0
30000,3,6,4,3,2,2,2,2,2,26551,25844,27574,28420,29318,28704,0,2478,1600,1498,0,1100,3449,4156,2426,1580,682,1296,159735,1
80000,1,2,1,3,2,2,2,3,3,6269,7212,7246,8073,8349,8420,1200,300,1100,700,500,0,73731,72788,72754,71927,71651,71580,41769,1
230000,2,1,2,-1,-1,-1,-1,-1,-1,8681,8681,8888,4932,10986,5081,8681,8888,4932,10986,5081,4321,221319,221319,221112,225068,219014,224919,4360,0
300000,2,1,5,-1,-1,-1,-1,-1,-1,259513,257866,261088,257288,256369,212395,10000,15000,9500,11000,9000,6000,40487,42134,38912,42712,43631,87605,1444019,1
230000,2,4,1,-1,-1,-1,-1,-1,-1,23063,14024,11825,14765,12383,10008,2000,2000,5000,1000,2000,1000,206937,215976,218175,215235,217617,219992,73068,0
220000,1,1,2,-1,-1,-2,-2,-2,-2,769,0,0,0,0,0,0,0,0,0,0,863,219231,220000,220000,220000,220000,220000,-94,0
200000,1,4,1,-1,-1,-1,-1,-1,-1,199649,202127,198168,189696,192462,194025,7263,7266,7000,7940,7009,7000,351,-2127,1832,10304,7538,5975,1132649,0
130000,1,4,2,2,-1,-1,2,-1,-1,112822,115526,123658,120259,121205,124778,4527,10122,1,4355,8918,0,17178,14474,6342,9741,8795,5222,690325,1
20000,1,2,1,-1,-1,-1,-1,-1,-1,17263,17581,19670,16730,18757,12875,4321,5200,350,4500,1000,4500,2737,2419,330,3270,1243,7125,83005,0
400000,1,4,2,-1,-1,-1,-1,-1,-1,7912,4220,3364,2832,34967,38706,4220,3364,2500,34967,10000,22600,392088,395780,396636,397168,365033,361294,14350,0
230000,1,4,1,-1,-1,-1,-1,-1,-1,31206,28395,29127,25446,26141,26852,1500,1500,1000,1100,1300,710,198794,201605,200873,204554,203859,203148,160057,0
30000,2,1,2,-1,-1,-1,-1,-1,-1,6727,5023,6714,8714,9514,3300,2000,2000,2000,5000,0,0,23273,24977,23286,21286,20486,26700,28992,0
190000,2,1,3,-1,-1,-1,-1,-1,-1,197494,194913,192896,116537,112086,108660,7200,8000,4100,4000,5000,7000,-7494,-4913,-2896,73463,77914,81340,887286,0
220000,1,4,1,-1,-1,-1,-1,-1,-1,471,5261,16436,16071,96,480,5272,17571,0,0,549,0,219529,214739,203564,203929,219904,219520,15423,0
20000,2,2,2,-1,-1,-1,-1,-1,-1,19149,20221,19812,10717,13534,15298,1392,1201,1000,3000,2000,399,851,-221,188,9283,6466,4702,89739,0
280000,2,4,1,-2,-2,-2,-2,-2,-1,0,0,0,0,0,5017,0,0,0,0,5017,101,280000,280000,280000,280000,280000,274983,-101,0
190000,2,1,2,-1,-1,-1,-1,-1,-1,79584,83108,82179,80874,81720,87685,7007,2912,2871,3501,8001,3234,110416,106892,107821,109126,108280,102315,467624,0
260000,1,2,2,-1,-1,-1,-2,-2,-2,5877,427,-73,-73,-73,-73,10000,0,0,0,0,0,254123,259573,260073,260073,260073,260073,-3988,0
80000,2,2,2,-1,-1,-1,2,-1,-1,63343,65325,69261,67551,71282,72942,3000,5631,0,5000,3000,4500,16657,14675,10739,12449,8718,7058,388573,0
60000,2,4,1,-1,-1,-1,-1,-1,-1,57147,58104,58311,58828,58945,57918,3000,3000,2500,2100,4000,2100,2853,1896,1689,1172,1055,2082,332553,0
80000,3,1,4,-1,-1,-1,-1,-1,-1,35861,18521,19385,20561,21261,21457,1500,1500,1500,1028,876,1449,44139,61479,60615,59439,58739,58543,129193,0
360000,1,2,2,-1,-1,-1,-1,-1,2,15521,36003,51414,17993,11546,9771,36011,20094,1000,11546,0,306,344479,323997,308586,342007,348454,350229,73291,1
350000,2,2,2,-1,-1,-2,-2,-2,-1,598,0,0,0,0,687,0,0,0,0,687,18296,349402,350000,350000,350000,350000,349313,-17698,0
50000,2,2,1,-1,-1,-1,-1,3,3,46741,48883,50074,60158,75277,90464,2900,2000,14455,16560,17000,0,3259,1117,-74,-10158,-25277,-40464,318682,0
360000,1,2,3,-1,-1,-2,-1,-1,-1,10210,-1814,-11035,12319,6050,2125,0,0,32319,6050,2125,35860,349790,361814,371035,347681,353950,357875,-58499,0
100000,3,4,3,-1,-1,-1,-1,-1,-1,7432,1633,2043,4830,3535,4307,1633,2043,4830,0,4307,0,92568,98367,97957,95170,96465,95693,10967,1
360000,1,4,1,-1,-1,-2,-2,-2,-1,1498,0,0,0,0,902,0,0,0,0,902,0,358502,360000,360000,360000,360000,359098,1498,0
120000,1,4,2,-1,-1,-1,-1,-1,-1,388,-26,74,374,1549,7101,0,100,300,1584,7010,4500,119612,120026,119926,119626,118451,112899,-4034,0
20000,3,2,4,-1,-1,-1,-2,-2,-2,19255,20650,0,0,0,0,2000,0,0,0,0,0,745,-650,20000,20000,20000,20000,37905,0
100000,1,2,2,2,2,2,2,2,2,84886,86729,87706,88859,90685,92736,4100,3300,3500,3400,3700,4000,15114,13271,12294,11141,9315,7264,509601,1
60000,2,2,1,-1,-1,-1,-1,-1,-1,60103,52193,44934,17769,10400,1760,3033,2093,560,600,1760,17933,-103,7807,15066,42231,49600,58240,161180,0
240000,1,4,1,-1,2,2,-1,-1,-2,5018,2300,0,2500,0,0,0,200,2500,0,0,0,234982,237700,240000,237500,240000,240000,7118,1
70000,1,4,1,-1,-1,-1,-1,-1,-1,67906,68201,69003,70146,71592,66053,2519,2371,2544,3000,1866,1266,2094,1799,997,-146,-1592,3947,399335,0
360000,1,4,2,-2,-2,-2,-2,-2,-2,12521,18746,47535,186,38169,2665,18843,48271,187,38359,2678,6169,347479,341254,312465,359814,321831,357335,5315,0
290000,1,1,3,-2,-2,-2,-2,-2,-2,3700,18019,4516,8140,59512,2716,18035,4516,8140,59512,2716,3516,286300,271981,285484,281860,230488,287284,168,0
90000,1,4,1,-1,-1,-1,-1,-1,-1,85365,88054,90370,26420,27398,28295,4054,4444,1420,1398,1345,3265,4635,1946,-370,63580,62602,61705,329976,0
80000,3,4,4,-1,-1,-1,-1,-1,-1,12011,10484,12190,4000,0,4000,3794,6000,6500,0,4000,0,67989,69516,67810,76000,80000,76000,22391,0
50000,2,2,2,1,2,-1,-1,-1,-1,28651,24587,25468,31488,68450,31036,0,5000,10000,5000,2500,0,21349,25413,24532,18512,-18450,18964,187180,0
50000,3,4,4,-1,-1,-1,-1,-1,-1,48065,48968,47368,9515,9483,9292,2082,1672,500,500,355,264,1935,1032,2632,40485,40517,40708,167318,0
160000,2,2,3,-1,-1,-1,-1,-1,-1,19477,10477,7396,5224,16989,1640,10528,7433,5245,17053,1647,30028,140523,149523,152604,154776,143011,158360,-10731,0
120000,3,4,4,2,-1,-1,2,-1,-1,66963,68780,70830,71557,73052,74502,3500,3800,2500,2804,2820,3000,53037,51220,49170,48443,46948,45498,407260,1
500000,1,4,1,-1,-1,-1,-1,-1,-1,78335,61234,55446,47208,32019,22318,2315,2599,1500,2019,1200,1784,421665,438766,444554,452792,467981,477682,285143,0
50000,2,4,1,-1,-1,-1,-1,-1,-1,1572,1572,6561,5091,353,26864,1572,6561,102,353,27000,1000,48428,48428,43439,44909,49647,23136,5425,0
50000,2,2,1,-1,-1,-1,-1,-1,-1,35277,34627,35096,9657,9617,9404,1800,1600,500,500,341,500,14723,15373,14904,40343,40383,40596,128437,1
50000,2,2,1,-1,-1,-1,-1,-1,-1,2940,3989,5116,4425,6353,15829,1100,1205,2000,2000,10000,1000,47060,46011,44884,45575,43647,34171,21347,0
210000,1,4,2,-1,-1,-1,-1,-1,-1,591,1053,2989,2046,17239,3680,1053,2992,2046,17239,3680,0,209409,208947,207011,207954,192761,206320,588,0
80000,2,2,1,-1,-1,-1,-2,-2,-2,5844,6700,0,0,0,0,1067,0,0,0,0,0,74156,73300,80000,80000,80000,80000,11477,0
20000,1,2,2,-1,-1,-1,2,2,2,12761,13481,15322,14779,15543,16139,1229,2070,0,1000,1000,0,7239,6519,4678,5221,4457,3861,82726,0
310000,1,2,2,-1,-1,-1,-1,-1,-1,455,455,1415,883,883,1033,455,1415,0,883,1033,883,309545,309545,308585,309117,309117,308967,455,1
150000,1,2,1,-1,-1,2,-1,-1,-1,18231,20625,17443,21649,22045,18814,3000,2,5000,2000,1500,2107,131769,129375,132557,128351,127955,131186,105198,0
50000,2,2,4,-1,-1,-1,-1,-1,-1,48926,45156,27762,19238,15585,15892,2036,1243,3991,712,715,582,1074,4844,22238,30762,34415,34108,163280,1
100000,3,1,2,2,2,2,2,-1,-1,68436,66783,74555,72759,74131,75603,0,9557,0,2700,2707,3120,31564,33217,25445,27241,25869,24397,414183,1
150000,4,2,2,-2,-2,-2,-2,-2,-2,136692,91815,0,0,0,0,2000,0,0,0,0,0,13308,58185,150000,150000,150000,150000,226507,0
50000,2,2,1,1,2,-1,-1,-1,-1,6226,5981,6870,7038,2268,5051,0,1032,200,285,3000,2000,43774,44019,43130,42962,47732,44949,26917,0
180000,3,2,4,1,-1,2,2,-1,-1,0,31,31,31,1931,878,31,0,0,1900,878,0,180000,179969,179969,179969,178069,179122,93,1
50000,3,4,1,-2,-2,-2,-2,-2,-2,8647,4872,-5,2809,0,0,4890,0,2814,0,0,0,41353,45128,50005,47191,50000,50000,8619,0
50000,3,2,2,-1,-1,-1,-1,-1,-1,44449,35238,37551,17808,13765,14038,2500,11000,600,500,502,521,5551,14762,12449,32192,36235,35962,147226,0
50000,3,2,3,-1,-1,-1,-1,-1,-1,6748,1366,1173,1473,1473,1623,1366,1173,1773,1473,1623,946,43252,48634,48827,48527,48527,48377,5502,0
230000,2,1,3,-1,-1,-1,-1,-1,-1,231187,231272,228653,225471,224853,230078,10500,10000,9000,8200,9000,9000,-1187,-1272,1347,4529,5147,-78,1315814,0
70000,2,4,1,-1,-1,-1,-1,-1,2,68659,68259,14690,9980,15607,15209,3500,1400,700,6000,0,1000,1341,1741,55310,60020,54393,54791,179804,0
50000,3,1,4,-1,-1,-1,-1,-1,-2,6700,13902,42835,8500,0,0,13902,42863,8500,0,0,0,43300,36098,7165,41500,50000,50000,6672,0
10000,2,4,2,-1,-1,-1,-1,-1,-1,10503,9996,6528,4328,4328,4171,1140,1000,4328,4328,4171,4718,-503,4,3472,5672,5672,5829,20169,0
30000,3,2,1,-1,-1,-1,-1,-1,2,27061,28129,29377,29625,30134,28716,1504,1752,1000,2257,0,2287,2939,1871,623,375,-134,1284,164242,0
230000,2,2,1,-1,-1,-1,-1,-1,-1,69853,61844,24802,61631,46396,28311,2310,2000,49000,1500,1000,2000,160147,168156,205198,168369,183604,201689,235027,0
50000,3,2,5,-1,-1,-1,-1,-1,2,20907,22236,23250,23564,30882,30242,1672,1686,1000,7764,0,1000,29093,27764,26750,26436,19118,19758,137959,0
20000,2,1,2,-1,-1,-1,-1,-1,-1,17766,18806,19772,18940,18587,20352,1630,1596,664,838,2241,0,2234,1194,228,1060,1413,-352,107254,0
20000,2,4,2,-1,-1,-1,-1,-1,-1,16569,22372,25285,24669,20899,11968,11000,5000,0,418,5000,3816,3431,-2372,-5285,-4669,-899,8032,96528,0
360000,2,1,1,-2,-1,-1,-2,-2,-2,0,2500,0,0,0,0,2500,0,0,0,0,0,360000,357500,360000,360000,360000,360000,0,0
120000,1,2,1,-1,-1,-1,-1,-1,2,8460,7729,8920,7439,26832,26287,5000,1500,7000,21300,0,1000,111540,112271,111080,112561,93168,93713,49867,0
400000,1,1,2,-2,-1,-1,-1,-1,-1,11802,73011,79259,87413,92269,100973,73022,10000,10009,8000,10000,10029,388198,326989,320741,312587,307731,299027,323667,0
360000,1,1,3,-2,-2,-2,-2,-2,-2,5772,11664,15390,7090,2115,20075,11694,10048,35,2126,21220,35114,354228,348336,344610,352910,357885,339925,-18131,0
500000,1,1,4,-1,-1,-1,-1,-1,-1,16593,226145,216931,207423,197914,188329,226145,7815,7372,7113,6967,6261,483407,273855,283069,292577,302086,311671,791662,0
500000,1,1,4,-1,-1,-1,-1,-1,-1,197004,202740,203537,167013,169395,171648,20000,15000,15000,15000,15000,15000,302996,297260,296463,332987,330605,328352,1016337,0
80000,2,2,1,-1,-1,-1,-1,-1,-1,2159,4132,5949,7144,5309,500,2000,2002,2005,15,523,0,77841,75868,74051,72856,74691,79500,18648,0
20000,2,4,1,-2,-2,-2,-2,-2,-2,9410,7120,0,0,0,0,7120,0,0,0,0,0,10590,12880,20000,20000,20000,20000,9410,0
20000,1,4,1,-1,-1,-1,-1,-1,-1,24146,25374,19075,18907,18507,20046,2024,2000,1005,1188,2002,1015,-4146,-5374,925,1093,1493,-46,116821,0
200000,2,1,4,-1,-1,-1,-1,-1,-1,1690,0,396,792,0,396,0,396,792,0,396,792,198310,200000,199604,199208,200000,199604,898,1
50000,3,2,1,-1,-1,-1,2,-1,-1,11231,6482,8799,8033,8933,7995,2000,5000,0,1000,1000,1000,38769,43518,41201,41967,41067,42005,41473,0
120000,3,2,3,-1,-1,-2,-2,-2,-2,4940,0,0,0,0,0,0,0,0,0,0,0,115060,120000,120000,120000,120000,120000,4940,1
30000,2,2,2,-1,-1,-1,-1,-1,-1,27526,28794,29480,29679,16451,0,1714,1400,599,0,0,0,2474,1206,520,321,13549,30000,128217,0
390000,2,1,2,-1,-1,-1,-1,-1,-1,33808,15275,17331,78340,76892,57954,15347,17375,70077,15103,3290,16153,356192,374725,372669,311660,313108,332046,142255,0
200000,1,1,4,-1,-1,-1,-1,-1,-1,1964,2684,11764,9830,669,-716,2698,11764,1000,0,0,2000,198036,197316,188236,190170,199331,200716,8733,0
260000,1,2,4,2,2,2,2,-1,-1,150,150,150,150,2500,0,0,0,0,2500,0,0,259850,259850,259850,259850,257500,260000,600,1
210000,2,2,2,-1,-1,-1,-1,-1,-1,1024,264,264,264,42515,43104,264,264,264,42515,1559,1472,208976,209736,209736,209736,167485,166896,41097,0
180000,1,1,3,-1,3,2,-1,-1,-1,780,780,390,390,390,540,0,0,390,390,540,390,179220,179220,179610,179610,179610,179460,1560,0
120000,2,2,1,-1,-1,-1,-1,2,-1,83567,78276,78971,80907,79219,77809,4326,3000,9000,0,3000,3000,36433,41724,41029,39093,40781,42191,456423,0
50000,1,2,1,-1,2,2,-1,-1,-1,5713,5406,-978,978,652,626,0,0,1956,0,626,0,44287,44594,50978,49022,49348,49374,9815,1
50000,2,2,2,-1,-1,-1,-1,-1,-1,46281,27311,41032,29626,26328,28475,1658,29000,1027,1300,2600,1280,3719,22689,8968,20374,23672,21525,162188,0
50000,1,2,2,-1,-1,-1,-1,-1,2,43935,47744,40339,44377,48723,49841,5000,2000,5000,5000,2010,9,6065,2256,9661,5623,1277,159,255940,0
90000,2,4,1,-1,-1,-1,-1,-2,-2,80699,68100,33434,0,0,0,2991,2655,0,0,0,0,9301,21900,56566,90000,90000,90000,176587,0
80000,1,4,1,1,2,-1,-1,2,-1,32337,31543,32141,28622,24619,23211,0,1659,4000,0,1000,25000,47663,48457,47859,51378,55381,56789,140814,0
50000,2,2,1,-1,-1,-1,-1,-1,-1,23553,21507,17827,7655,7881,8248,1700,2000,500,500,500,1000,26447,28493,32173,42345,42119,41752,80471,0
310000,2,4,1,-1,-1,-1,-1,-1,-1,203519,182513,161002,139275,120762,102598,6373,5600,5000,4500,3500,2816,106481,127487,148998,170725,189238,207402,881880,0
100000,1,2,1,-1,-1,-1,-1,-1,-1,18883,20272,22577,21037,22373,23352,2000,3000,1000,2000,1500,1000,81117,79728,77423,78963,77627,76648,117994,0
230000,3,2,4,1,-1,-1,-1,-1,-1,0,211,3546,0,1490,0,211,3546,0,1490,0,890,230000,229789,226454,230000,228510,230000,-890,0
120000,3,4,3,-1,-1,-1,-1,-1,-1,31543,31641,32286,32692,32261,32644,1600,1600,1200,1200,1200,1500,88457,88359,87714,87308,87739,87356,184767,1
230000,1,1,3,-1,-1,-1,-1,-1,-1,160879,161797,165107,105508,108101,110094,7000,6607,3773,4290,4164,2000,69121,68203,64893,124492,121899,119906,783652,0
360000,3,2,2,1,2,2,-1,-1,-1,29773,24395,22285,21359,21581,16065,2000,0,687,3864,1065,11500,330227,335605,337715,338641,338419,343935,116342,0
500000,1,1,2,-1,-1,-1,-1,-1,-1,37443,24110,28593,22707,23495,40283,24197,28832,22784,23536,40542,12169,462557,475890,471407,477293,476505,459717,24571,0
50000,3,1,3,-1,-1,-1,-1,-1,-1,49996,50386,24565,21098,18965,18063,1596,1291,695,668,654,637,4,-386,25435,28902,31035,31937,177532,1
30000,2,4,3,-1,-1,-1,-1,2,2,11554,12662,13744,14712,14334,15593,1300,1300,1200,0,1500,0,18446,17338,16256,15288,15666,14407,77299,0
720000,1,2,3,-1,-1,-1,-1,-1,-1,125529,112933,105582,104501,83504,79411,8019,8043,10092,3020,2591,10081,594471,607067,614418,615499,636496,640589,569614,0
10000,1,2,1,-1,-1,-1,-1,-1,3,4060,2774,3764,4001,5134,4762,1300,1200,300,1200,0,0,5940,7226,6236,5999,4866,5238,20495,0
400000,1,4,1,-2,-2,-2,-2,-2,-2,5457,4438,5048,7013,52189,16153,4460,5072,7048,52317,16232,4516,394543,395562,394952,392987,347811,383847,653,1
150000,1,4,2,-1,-1,-1,-1,-1,-1,2858,9934,19312,46321,146947,237926,9934,19312,30000,105180,103752,5742,147142,140066,130688,103679,3053,-87926,189378,0
500000,1,2,4,-2,-2,-2,-2,-2,-2,2634,1108,1318,36032,0,11270,1119,1318,36032,0,11270,28051,497366,498892,498682,463968,500000,488730,-25428,0
50000,2,1,1,-1,-1,-1,-1,-1,-1,43259,35307,23096,18970,19514,20038,1405,1366,1000,1000,1000,600,6741,14693,26904,31030,30486,29962,153813,0
210000,2,4,1,-1,-1,-1,-1,-1,-1,26847,26883,27180,27035,27390,28045,1500,1500,1000,1500,2000,1000,183153,183117,182820,182965,182610,181955,154880,0
260000,1,4,2,-1,-1,-2,-1,-1,-2,531,0,0,1245,0,0,0,0,1245,0,0,0,259469,260000,260000,258755,260000,260000,531,0
240000,2,2,2,1,2,-1,2,2,2,7466,221,189,189,1648,1459,899,198,0,1459,0,1250,232534,239779,239811,239811,238352,238541,7366,1
360000,2,4,2,-2,-2,-2,-2,-2,-2,0,90,0,0,4460,2169,90,0,0,4460,2169,0,360000,359910,360000,360000,355540,357831,0,0
200000,1,4,2,-2,-2,-2,-1,-1,-1,0,0,324,3741,1374,2932,0,324,3741,0,3118,0,200000,200000,199676,196259,198626,197068,1188,0
50000,3,4,3,-1,-1,-1,-2,-2,-2,150,809,-60,-210,-360,-510,809,0,0,0,0,0,49850,49191,50060,50210,50360,50510,-990,0
80000,2,4,1,1,-2,-2,-2,-2,-2,0,0,0,0,0,0,0,0,0,0,0,0,80000,80000,80000,80000,80000,80000,0,1
230000,1,2,1,-1,-1,-1,-1,-1,-1,32375,36817,40170,43473,44663,47207,5000,5000,5000,3000,5000,5000,197625,193183,189830,186527,185337,182793,216705,0
500000,1,2,3,-1,-1,-1,-1,-1,-1,4240,80648,110704,99984,71135,56594,80648,35000,10000,10000,2430,10000,495760,419352,389296,400016,428865,443406,275227,0
70000,1,2,3,2,2,-1,-1,-1,2,45740,44727,45738,48977,52191,53242,0,1750,4000,4000,2060,2200,24260,25273,24262,21023,17809,16758,276605,1
50000,1,2,2,2,-1,-1,2,2,2,37397,40292,43073,44067,44955,44081,3500,3452,2000,1738,0,4000,12603,9708,6927,5933,5045,5919,239175,1
210000,3,2,2,-1,-1,-1,-1,-1,-1,862,1136,1511,54400,81139,82585,1144,1515,54409,30000,3759,435,209138,208864,208489,155600,128861,127415,130371,0
220000,1,2,3,-1,-1,-1,-1,-1,-1,157980,163974,140964,105353,100750,85261,11024,5198,6006,10362,5000,4000,62020,56026,79036,114647,119250,134739,712692,0
100000,2,2,1,2,2,-1,-1,2,2,75242,73482,76628,82320,83359,85837,0,5000,7000,2500,4000,0,24758,26518,23372,17680,16641,14163,458368,0
150000,2,2,3,-1,-1,-2,-1,-1,-1,9487,0,0,159,14903,410,0,0,159,14903,509,0,140513,150000,150000,149841,135097,149590,9388,0
50000,2,1,3,-2,-2,-2,-2,-1,-1,1464,1469,2185,0,19777,19910,1469,2185,0,19777,629,296,48536,48531,47815,50000,30223,30090,20449,0
50000,3,1,3,-1,-1,2,-1,-1,-1,261,1305,1134,1073,1312,51,2305,0,1200,1500,0,0,49739,48695,48866,48927,48688,49949,131,0
410000,2,2,3,-1,-1,-1,-1,-1,-1,28921,13482,8484,15286,17116,18777,5422,3040,15362,17133,5076,4040,381079,396518,401516,394714,392884,391223,51993,1
80000,2,4,1,-2,-2,-2,-2,-2,-2,0,0,0,0,0,0,0,0,0,0,0,0,80000,80000,80000,80000,80000,80000,0,0
70000,2,1,2,1,2,2,-1,-1,-1,68375,71660,66948,30406,29128,23597,5000,0,1001,944,5000,5000,1625,-1660,3052,39594,40872,46403,273169,0
210000,3,4,1,-1,-1,-2,-1,-1,-1,1082,0,0,232,0,150,0,0,232,0,150,81,208918,210000,210000,209768,210000,209850,1001,0
290000,2,4,2,-1,-1,-1,-1,-1,-1,320952,326625,290268,296053,302793,307336,11149,10524,10600,11500,10000,65000,-30952,-36625,-268,-6053,-12793,-17336,1725254,0
50000,2,1,3,-1,-1,-1,-1,-1,-1,12111,12911,13990,14356,14657,15013,1300,1300,600,532,600,494,37889,37089,36010,35644,35343,34987,78212,1
380000,2,1,3,-1,-1,-1,-1,-1,-1,31526,51255,63052,0,1184,21852,21255,13052,0,1184,21852,40534,348474,328745,316948,380000,378816,358148,70992,0
60000,2,4,1,1,2,-1,-1,-1,2,59201,58493,58820,57827,61055,56668,2300,2700,2200,4500,0,2200,799,1507,1180,2173,-1055,3332,338164,0
200000,1,1,2,-1,-1,-1,-1,-1,-1,4289,2907,3720,7720,5030,2990,1187,1000,4000,1000,3020,0,195711,197093,196280,192280,194970,197010,16449,0
200000,4,4,2,-1,-1,-1,-1,-1,-1,64059,66113,15421,15728,16057,16398,3372,1246,553,572,597,2000,135941,133887,184579,184272,183943,183602,185436,0
190000,1,2,2,-1,-1,-1,-1,-1,-1,546,1213,15571,14625,28520,24920,1213,15571,0,28520,0,0,189454,188787,174429,175375,161480,165080,40091,0
80000,2,2,3,-1,-1,-1,-1,-1,-1,73366,76178,78560,49399,48420,50600,4000,4000,2000,3000,3003,3003,6634,3822,1440,30601,31580,29400,357517,0
480000,1,4,2,-1,-1,-1,-1,-1,-1,118986,62137,79556,97836,96299,88757,30000,30276,30000,30000,15000,15000,361014,417863,400444,382164,383701,391243,393295,0
20000,3,1,4,-1,-1,-1,-1,-1,-1,16854,18075,19020,19000,19500,10000,1500,1400,380,500,500,0,3146,1925,980,1000,500,10000,98169,0
230000,3,2,2,1,-2,-2,-2,-2,-2,0,0,0,0,0,0,0,0,0,0,0,0,230000,230000,230000,230000,230000,230000,0,1
160000,2,1,2,-1,-1,-1,-1,-1,-1,75636,77220,79129,80710,82749,84871,3400,3800,3500,3500,3500,3600,84364,82780,80871,79290,77251,75129,459015,0
50000,3,1,3,1,2,-1,-1,-1,-1,36728,35835,32092,32581,33897,34691,36,1833,1322,2000,1358,3446,13272,14165,17908,17419,16103,15309,195829,0
80000,2,2,3,1,2,-1,-1,-1,-1,17401,8824,13261,6261,6261,6261,0,13261,6261,6261,6261,6261,62599,71176,66739,73739,73739,73739,19964,0
240000,2,2,2,-2,-2,-2,-2,-2,-2,11958,0,0,0,0,0,0,0,0,0,0,0,228042,240000,240000,240000,240000,240000,11958,0
50000,1,4,1,-1,-1,-1,-1,-1,-1,451,-49,6258,1032,2766,1401,0,6307,1035,3164,1405,1507,49549,50049,43742,48968,47234,48599,-1559,0
300000,2,1,2,1,2,-1,-1,-1,-1,240394,239798,242518,224580,179060,154320,10000,10000,8000,8000,10000,3632,59606,60202,57482,75420,120940,145680,1231038,0
200000,2,4,1,-1,-1,-1,-1,-1,-1,67821,4938,-849,107555,108177,110506,4938,473,110000,3899,4100,8000,132179,195062,200849,92445,91823,89494,266738,0
180000,2,1,3,-1,-1,-1,-1,-1,-1,171992,175427,150965,71478,72955,74426,6099,4427,1949,2007,2030,2000,8008,4573,29035,108522,107045,105574,698731,0
370000,3,2,1,-1,-1,-1,-1,-1,-1,50886,61378,96133,103773,137735,234740,11378,36133,18773,37735,100000,5600,319114,308622,273867,266227,232265,135260,475026,0
230000,2,2,1,-1,-1,-1,-1,-1,-1,31875,31611,32411,34162,34884,35569,2000,2000,4000,2000,2000,1500,198125,198389,197589,195838,195116,194431,187012,0
90000,2,2,1,2,2,2,-1,-1,-1,85753,87510,85188,87112,169533,90316,4000,0,4200,3285,7787,4000,4247,2490,4812,2888,-79533,-316,582140,1
20000,1,2,1,-1,-1,-1,-1,-1,2,11065,11788,13082,13498,14278,13899,1206,1500,634,1151,0,514,8935,8212,6918,6502,5722,6101,72605,1
280000,1,2,4,-1,-1,-1,2,2,3,929,1669,5707,4795,5328,4969,1669,4795,0,4115,0,0,279071,278331,274293,275205,274672,275031,12818,0
200000,1,2,2,1,-2,-2,-2,-2,-2,0,0,0,0,0,0,0,0,0,0,0,0,200000,200000,200000,200000,200000,200000,0,1
140000,2,1,6,-1,-1,-1,-1,-1,-1,135206,135316,134943,135772,138675,137197,5082,5008,5000,6016,5018,5264,4794,4684,5057,4228,1325,2803,785721,0
150000,1,4,1,-1,-1,-1,-1,-1,-1,3467,2182,1764,9558,59865,55717,2008,1764,9000,55000,4000,4000,146533,147818,148236,140442,90135,94283,56781,0
50000,2,2,2,2,2,2,2,2,2,26441,28297,29532,28758,30287,31133,2600,2000,0,2000,1500,1500,23559,21703,20468,21242,19713,18867,164848,1
50000,2,4,1,-1,-1,-1,-1,-2,-2,40407,31811,13898,0,0,0,1814,1000,0,0,0,0,9593,18189,36102,50000,50000,50000,83302,0
20000,1,4,1,-1,-1,-1,2,-1,-1,15573,17013,19413,14871,15478,16068,2000,3000,0,1000,1000,1000,4427,2987,587,5129,4522,3932,90416,0
200000,1,4,2,-1,-1,-1,-1,-1,-1,150573,140844,144245,135946,135736,134500,6550,7200,5300,5400,5240,5260,49427,59156,55755,64054,64264,65500,806894,0
20000,2,4,1,-1,-1,-1,-1,-1,-1,8647,9734,10594,11002,11608,9186,1232,1092,500,1000,500,500,11353,10266,9406,8998,8392,10814,55947,0
30000,2,2,1,-1,-1,-1,-1,-1,-1,26573,26988,14964,15428,15612,16630,1500,1600,1000,569,1280,0,3427,3012,15036,14572,14388,13370,110246,1
80000,2,2,2,2,2,2,-1,-1,-1,17294,22256,21660,22055,22603,23133,5210,0,1000,1000,1000,1000,62706,57744,58340,57945,57397,56867,119791,1
230000,2,4,2,-1,-1,-1,-1,-1,-1,112402,116273,118467,108826,100862,92481,6000,6000,4000,4000,3500,4000,117598,113727,111533,121174,129138,137519,621811,0
240000,1,2,2,-2,-2,-2,-2,-2,-2,0,0,0,0,0,0,0,0,0,0,0,0,240000,240000,240000,240000,240000,240000,0,0
200000,1,2,2,2,-1,2,2,-2,-1,166,1694,1519,0,0,600,1694,0,0,0,600,0,199834,198306,198481,200000,200000,199400,1685,1
80000,2,1,3,-1,-1,-1,-1,-1,-1,71775,68083,50642,47283,42340,40223,2911,1920,1541,1502,1619,1472,8225,11917,29358,32717,37660,39777,309381,0
290000,2,1,2,1,-1,-1,-1,-2,-2,-9,698,728,-2,-2,-2,707,730,0,0,0,0,290009,289302,289272,290002,290002,290002,-26,1
70000,2,4,1,-1,-1,-1,2,-1,-1,18285,16903,18903,18443,10139,10141,1400,2332,0,365,364,527,51715,53097,51097,51557,59861,59859,87826,1
30000,2,2,2,-1,-1,-1,-1,2,-1,7979,9046,10279,10610,10339,8710,1200,1423,754,0,1000,3000,22021,20954,19721,19390,19661,21290,49586,0
30000,3,2,2,2,2,2,-1,-1,-1,18870,3222,390,390,390,390,1906,0,390,390,390,390,11130,26778,29610,29610,29610,29610,20186,1
280000,2,2,2,-1,-1,-1,-1,-1,-1,1152,49293,44707,39607,37542,34812,49349,3045,5028,5034,5024,5002,278848,230707,235293,240393,242458,245188,134631,0
200000,2,2,1,-1,-1,-1,-1,-1,-1,3099,3174,0,3239,0,500,3174,0,3239,0,500,0,196901,196826,200000,196761,200000,199500,3099,0
60000,1,2,1,-1,-1,-2,-2,-2,-2,20000,0,0,0,0,0,0,0,0,0,0,0,40000,60000,60000,60000,60000,60000,20000,0
140000,4,2,1,-1,-1,-1,-1,-1,-1,136953,133265,82163,83238,85383,86615,6350,2900,2950,4000,3576,2200,3047,6735,57837,56762,54617,53385,585641,0
390000,2,2,1,-1,-1,-1,-1,-1,-1,160537,186227,189792,109806,69845,48101,30000,9000,5000,2815,2111,3000,229463,203773,200208,280194,320155,341899,712382,0
30000,1,4,1,-1,-1,-1,-1,-1,-1,6359,7461,5172,5931,7665,9535,1230,1241,1000,2000,2000,0,23641,22539,24828,24069,22335,20465,34652,0
160000,3,1,4,-1,2,-1,-1,-1,-1,780,390,1560,1170,780,390,0,1560,0,0,0,390,159220,159610,158440,158830,159220,159610,3120,1
500000,2,4,2,-1,-1,-1,-1,-1,-1,13631,3840,7527,77166,74397,77055,3840,7527,77166,3397,4055,2266,486369,496160,492473,422834,425603,422945,155365,0
180000,2,4,1,-1,-1,-1,-1,-1,-1,5000,1600,2700,12000,0,1995,1600,2700,12000,0,1995,0,175000,178400,177300,168000,180000,178005,5000,0
290000,2,2,2,-1,-1,-1,-1,-1,-1,117275,110481,107735,100195,84268,76356,3700,4005,4000,3000,2928,2000,172725,179519,182265,189805,205732,213644,576677,0
140000,1,2,2,-1,-1,-1,-1,-1,-1,142119,142362,142292,99399,101677,100867,6000,6982,3500,3800,3700,4000,-2119,-2362,-2292,40601,38323,39133,700734,0
50000,2,2,2,-1,-1,-1,-1,-1,-1,13641,15409,16052,15993,15780,15549,2000,1223,1000,1000,1000,1000,36359,34591,33948,34007,34220,34451,85201,0
130000,1,1,3,2,2,2,2,2,2,115704,117277,118814,119915,121325,122052,4900,5000,4503,4605,4400,4204,14296,12723,11186,10085,8675,7948,687475,0
160000,3,1,3,-1,-1,-1,-2,-2,-2,156197,102650,0,0,0,0,4700,0,0,0,0,0,3803,57350,160000,160000,160000,160000,254147,1
110000,2,1,2,-1,-1,-1,-1,-1,-1,112820,112134,110436,50175,50874,50730,4800,4108,4100,3000,1900,1800,-2820,-2134,-436,59825,59126,59270,467461,0
180000,2,2,2,-1,-1,-1,-1,-1,-1,506,0,174,1974,3462,4114,0,174,1800,2600,2000,3500,179494,180000,179826,178026,176538,175886,156,0
260000,4,4,2,-1,-1,-1,-1,-1,-1,169734,168207,155963,148701,141039,143838,6568,6025,5703,5123,5148,5368,90266,91793,104037,111299,118961,116162,893547,1
310000,1,2,2,-1,-1,-1,-1,-1,-1,66916,63746,58216,57112,53694,49205,2440,2041,1520,1581,1774,1523,243084,246254,251784,252888,256306,260795,338010,0
450000,2,1,3,-1,-1,-1,-1,-1,-1,19951,7277,1096,1968,1575,3889,8203,1105,2012,2007,4019,510,430049,442723,448904,448032,448425,446111,17900,0
130000,1,2,1,-1,-1,-1,-1,-1,-1,69353,49878,30242,31239,31893,32549,2139,1503,1500,1157,1186,5000,60647,80122,99758,98761,98107,97451,232669,0
300000,1,2,2,1,2,-1,-1,-1,-1,5602,2700,6300,8100,5400,2700,0,6300,5400,0,2700,7150,294398,297300,293700,291900,294600,297300,9252,0
160000,1,2,2,1,-2,-2,-2,-2,-2,0,0,0,0,0,0,0,0,0,0,0,2000,160000,160000,160000,160000,160000,160000,-2000,0
30000,2,2,1,-1,-1,-1,-1,-1,-1,12813,14899,16790,12400,780,0,3000,3000,6000,780,0,0,17187,15101,13210,17600,29220,30000,44902,0
270000,2,1,3,2,2,2,-1,-1,-1,53624,67736,63082,73568,77642,73452,15018,0,20000,5000,10000,0,216376,202264,206918,196432,192358,196548,359086,1
360000,2,1,5,1,-2,-1,-1,-1,-1,-3,-3,590,-10,2162,3528,0,593,0,2172,3545,0,360003,360003,359410,360010,357838,356472,-46,1
360000,2,1,3,1,-2,-2,-2,-2,-2,0,0,0,0,0,0,0,0,0,0,0,0,360000,360000,360000,360000,360000,360000,0,1
180000,2,1,3,-1,-1,-1,-1,-1,-1,3071,5630,9040,1288,1419,2385,5639,9044,1290,1421,2386,1964,176929,174370,170960,178712,178581,177615,1089,0
360000,3,2,3,-1,-1,-1,-1,-1,-1,390,390,390,390,390,390,390,390,390,390,390,0,359610,359610,359610,359610,359610,359610,390,0
280000,1,1,3,2,2,2,2,2,2,2482,2482,2482,2482,2482,2482,0,0,0,0,0,18,277518,277518,277518,277518,277518,277518,14874,1
220000,2,2,3,-1,-1,-1,-1,-1,-1,5005,9880,10542,10903,10981,9931,5000,1147,508,374,384,1008,214995,210120,209458,209097,209019,210069,48821,0
20000,3,2,3,-1,-1,-1,-1,-1,-2,8152,7268,3699,780,0,0,1125,1000,780,0,0,0,11848,12732,16301,19220,20000,20000,16994,0
310000,3,1,2,-1,-1,-1,-1,-1,-1,172772,152397,110375,84373,57779,14163,8295,6000,4000,3000,1000,2000,137228,157603,199625,225627,252221,295837,567564,0
160000,2,2,4,1,2,-1,-1,-1,-1,2259,1869,12671,8315,5085,4900,1310,12671,166,102,1100,2610,157741,158131,147329,151685,154915,155100,17140,1
50000,1,2,1,1,-2,-2,-2,-2,-2,-2900,-2900,-2900,-2900,-2900,-2900,0,0,0,0,0,0,52900,52900,52900,52900,52900,52900,-17400,0
20000,2,1,2,-1,-1,-1,-1,-2,-2,16619,17845,19000,0,0,0,1500,1500,0,0,0,0,3381,2155,1000,20000,20000,20000,50464,1
20000,2,2,1,-1,-1,-1,-1,-1,-1,18626,20296,18902,38250,19709,19774,2000,1308,683,1472,714,357,1374,-296,1098,-18250,291,226,129023,1
470000,2,1,2,-1,-1,-1,-1,-1,-1,181224,143173,145293,148871,152309,155769,7000,6000,6000,6000,6000,8000,288776,326827,324707,321129,317691,314231,887639,0
160000,2,2,2,-1,-1,-1,-1,-1,-1,42781,42774,41817,749,5572,10573,2300,2300,749,5572,5573,13793,117219,117226,118183,159251,154428,149427,113979,1
220000,1,2,2,-2,-2,-2,-2,-2,-2,2828,2828,2828,2828,2828,3013,2828,2828,2828,2828,3013,2828,217172,217172,217172,217172,217172,216987,0,0
50000,2,2,3,-1,-1,-1,-1,-1,-1,11618,12641,13953,13924,14399,14610,1216,1528,499,700,600,541,38382,37359,36047,36076,35601,35390,76061,0
50000,2,2,1,2,2,2,-1,-1,-1,13752,17945,17807,17430,18262,14224,4448,1003,1000,1014,1004,1468,36248,32055,32193,32570,31738,35776,89483,1
230000,1,2,4,-1,-1,-2,-2,-2,-2,10000,0,0,0,0,0,0,0,0,0,0,0,220000,230000,230000,230000,230000,230000,10000,0
70000,2,2,4,2,2,2,2,2,2,43913,44911,45772,46611,47508,48476,2000,1900,1900,1800,1900,1900,26087,25089,24228,23389,22492,21524,265791,0
360000,3,2,1,1,-2,-2,-2,-2,-2,0,0,0,0,0,0,0,0,0,0,0,0,360000,360000,360000,360000,360000,360000,0,0
90000,2,4,1,-1,-1,-2,-2,-2,-2,520,0,0,0,0,0,0,0,0,0,0,0,89480,90000,90000,90000,90000,90000,520,0
180000,1,2,1,-1,-1,-1,-1,-1,-1,2658,2014,536,1123,536,536,2014,536,1123,536,536,629,177342,177986,179464,178877,179464,179464,2029,1
50000,2,1,4,-1,-1,-1,-1,-1,-1,47750,49149,47843,29018,29777,28722,2180,1874,1049,1237,1100,1300,2250,851,2157,20982,20223,21278,223519,1
210000,1,4,2,-2,-2,-2,-2,-2,-2,0,0,0,0,0,0,0,0,0,0,0,0,210000,210000,210000,210000,210000,210000,0,0
50000,1,4,1,-1,-1,2,-1,-1,-1,52227,55264,52028,32140,32216,31482,5350,0,1085,2000,1226,2415,-2227,-5264,-2028,17860,17784,18518,243281,0
10000,2,2,1,2,-1,-1,-1,-1,-1,8206,6828,9694,9888,10094,9762,1134,3000,345,356,425,194,1794,3172,306,112,-94,238,49018,0
80000,1,2,3,-1,-1,-1,-1,-1,-1,74380,68820,59079,30289,27415,28447,2619,2036,1215,1500,1504,1200,5620,11180,20921,49711,52585,51553,278356,0
200000,3,2,2,-2,-2,-2,-1,-1,-1,3600,-4,-4,752,0,2718,4,0,756,0,2718,2722,196400,200004,200004,199248,200000,197282,862,0
500000,1,1,3,2,-1,-1,-1,-1,-1,564757,572834,430774,437950,447203,456453,19850,17200,15853,17000,17000,15740,-64757,-72834,69226,62050,52797,43547,2807328,1
50000,2,2,3,-1,-1,-1,-1,-1,-1,49401,47828,48416,20098,20130,20158,2100,2000,702,718,730,632,599,2172,1584,29902,29870,29842,199149,0
50000,3,4,1,2,-1,-1,2,-1,-1,31285,30275,26633,19576,15794,19496,3000,2000,0,4532,4500,4500,18715,19725,23367,30424,34206,30504,124527,0
80000,3,1,3,2,2,-1,-1,-1,-1,40154,39021,21862,22297,22766,23531,80,1500,797,827,1144,666,39846,40979,58138,57703,57234,56469,164617,0
50000,1,4,1,1,2,-1,-1,-1,-1,10393,9895,10726,10863,11200,11272,0,1500,800,700,600,600,39607,40105,39274,39137,38800,38728,60149,0
50000,2,2,1,-1,-1,-1,2,-1,-1,5696,6723,8619,8334,8510,8728,1277,2173,0,459,513,161,44304,43277,41381,41666,41490,41272,42027,0
80000,2,4,1,-1,-1,-1,-1,-1,-1,78749,77025,66725,21604,9352,9276,4000,2784,1882,1000,457,20000,1251,2975,13275,58396,70648,70724,232608,0
100000,2,2,2,3,2,2,2,2,-1,76620,74813,69802,69887,68023,68734,0,5395,2433,0,2471,5191,23380,25187,30198,30113,31977,31266,412389,1
360000,1,2,3,1,-2,-2,-2,-2,-2,0,0,0,0,0,0,0,0,0,0,0,0,360000,360000,360000,360000,360000,360000,0,0
510000,1,2,2,-1,-1,-1,-1,-1,-1,386,733,739,1939,739,2739,763,739,1939,739,2739,1110,509614,509267,509261,508061,509261,507261,-754,0
120000,2,1,1,-1,-1,-1,-1,-1,-1,47733,49609,47753,48950,50149,51159,3000,2000,2000,2000,2000,2000,72267,70391,72247,71050,69851,68841,282353,0
130000,3,2,3,-1,-1,-1,-1,-1,-1,13570,785,1534,397,22262,251,785,1534,397,22262,251,1380,116430,129215,128466,129603,107738,129749,12190,0
330000,1,2,3,-1,-1,-1,-1,-1,-1,604019,605943,439854,404157,370686,294348,19001,14000,12000,15000,7000,7000,-274019,-275943,-109854,-74157,-40686,35652,2645006,0
50000,3,4,3,-1,-1,-1,-1,-1,-1,29311,30862,26614,15571,14971,15546,10000,5000,1500,800,2000,2000,20689,19138,23386,34429,35029,34454,111575,0
30000,2,2,3,-1,-1,2,-1,-1,-1,25724,29638,27000,27382,26876,28351,5300,0,1100,1000,2300,0,4276,362,3000,2618,3124,1649,155271,0
200000,1,2,1,-1,-1,-1,-1,-1,-1,156683,155336,156489,152357,150829,149851,5808,5382,5279,5389,7026,5258,43317,44664,43511,47643,49171,50149,887403,0
80000,2,2,2,2,2,2,2,2,2,53843,55933,56575,57303,58593,59738,3500,2100,2200,2300,2200,2100,26157,24067,23425,22697,21407,20262,327585,0
220000,1,2,2,-1,-1,-1,-1,-1,-1,6589,2901,10836,26227,18590,785,2901,10836,18590,0,785,8700,213411,217099,209164,193773,201410,219215,24116,0
70000,1,4,2,1,-2,-2,-2,-2,-1,-25,-25,-25,-50,-25,475,0,0,0,0,500,0,70025,70025,70025,70050,70025,69525,-175,0
350000,2,2,3,-1,-1,-1,-1,-1,-1,311013,305633,301114,285750,289399,284597,11019,10728,9812,10397,10099,9967,38987,44367,48886,64250,60601,65403,1715484,0
40000,2,2,1,-1,-1,-1,-1,-1,-1,38561,38614,39951,40552,38935,40187,1700,2000,1526,1500,1900,1400,1439,1386,49,-552,1065,-187,226774,0
60000,2,2,1,-1,-1,-1,-1,-1,2,60753,54892,59268,17967,20309,17867,2800,6100,621,2609,0,756,-753,5108,732,42033,39691,42133,218170,0
120000,2,1,2,-1,-1,-1,-1,-1,-1,6059,1943,2402,18700,9900,0,1943,2500,38098,5000,0,0,113941,118057,117598,101300,110100,120000,-8537,0
50000,2,4,3,-1,-1,-1,-1,-1,-1,50894,49333,9923,10126,10113,10130,1385,1200,350,400,360,400,-894,667,40077,39874,39887,39870,136424,0
100000,1,2,3,-1,-1,-1,-1,-1,2,68444,71722,73525,75303,79994,78550,5000,3000,3000,5900,0,5000,31556,28278,26475,24697,20006,21450,425638,1
210000,2,1,2,-1,-1,-1,2,-1,-1,85988,88410,93234,90571,94653,142549,5000,7500,0,6000,50000,0,124012,121590,116766,119429,115347,67451,526905,1
20000,2,4,2,-1,-1,2,-1,-1,-1,16528,19347,18600,19000,19000,20000,3400,0,1000,0,1000,0,3472,653,1400,1000,1000,0,107075,0
240000,3,2,3,-1,-1,-1,-1,-1,-1,159362,227686,177380,126645,128877,121803,146282,7005,4601,5000,5300,6100,80638,12314,62620,113355,111123,118197,767465,0
170000,2,2,3,-1,-1,-1,-1,-1,-1,95780,109078,115606,121493,132016,145820,13298,9913,7900,10523,16289,3600,74220,60922,54394,48507,37984,24180,658270,0
330000,1,2,2,-1,-1,-1,-1,-1,-1,316,310,6994,632,316,38277,310,7006,2000,0,38277,6000,329684,329690,323006,329368,329684,291723,-6748,0
70000,2,2,3,-1,-1,-1,-1,-1,-1,59829,57240,29079,28562,29155,29448,1586,1739,1002,1033,1142,1014,10171,12760,40921,41438,40845,40552,225797,0
50000,3,2,1,-1,-1,-1,-1,-1,-1,45561,47322,49054,7378,8103,8963,2500,3125,417,1000,1000,500,4439,2678,946,42622,41897,41037,157839,0
130000,2,2,2,-1,-1,-1,-1,-1,-1,9439,62132,48108,40918,35111,24846,63053,1478,1119,1016,1026,1049,120561,67868,81892,89082,94889,105154,151813,0
50000,3,2,2,2,2,7,7,7,7,2400,2400,2400,2400,2400,2400,0,0,0,0,0,0,47600,47600,47600,47600,47600,47600,14400,1
450000,1,4,2,-1,-1,-1,-1,-1,-1,46244,32387,30976,29455,30012,20109,1599,1311,2000,1000,2000,647,403756,417613,419024,420545,419988,429891,180626,1
100000,2,1,3,2,2,2,2,2,2,68786,69604,67887,72744,73932,75560,2500,0,6000,2500,3000,3000,31214,30396,32113,27256,26068,24440,411513,1
120000,1,4,1,-1,-1,-1,-1,-1,-1,11513,12227,13321,15090,16836,18554,1206,1300,2000,2000,2000,2000,108487,107773,106679,104910,103164,101446,77035,0
270000,1,4,1,-1,-1,-1,-1,-1,-1,14728,20865,24812,12674,9486,2460,10000,5000,3900,9486,2460,0,255272,249135,245188,257326,260514,267540,54179,0
80000,1,2,2,-2,-2,-2,-2,-2,-2,5012,1200,0,1159,0,0,1200,0,1159,0,0,6028,74988,78800,80000,78841,80000,80000,-1016,0
80000,3,2,3,-1,-1,-1,-1,-1,-1,80855,78074,38360,60060,59322,59973,2800,2700,61400,2312,2800,2800,-855,1926,41640,19940,20678,20027,301832,0
320000,1,2,2,-2,-2,-2,-2,-2,-2,3903,3609,4615,5256,22760,700,3609,4615,5256,22760,700,1992,316097,316391,315385,314744,297240,319300,1911,0
380000,1,1,2,1,-1,-1,-1,-2,-2,-6,15099,1299,0,0,0,15105,1300,0,0,0,0,380006,364901,378701,380000,380000,380000,-13,0
380000,2,4,3,-1,-1,-1,-1,-1,-1,86950,76202,63536,22345,9222,10551,3239,1283,453,9222,10551,5088,293050,303798,316464,357655,370778,369449,238970,0
180000,2,2,3,-2,-2,-2,-2,-2,-2,21450,0,6980,10628,9920,6205,0,6980,10628,9920,6205,6381,158550,180000,173020,169372,170080,173795,15069,0
100000,2,4,2,-1,-1,-1,-1,-1,-1,32430,34169,36495,36910,37838,38457,2579,2905,1320,1522,1400,1419,67570,65831,63505,63090,62162,61543,205154,0
290000,1,4,1,-1,-1,-1,-1,-1,-1,41435,30229,9020,-77,8123,210989,1690,3000,0,8200,205000,6000,248565,259771,280980,290077,281877,79011,75829,0
90000,1,2,1,-1,-1,-1,-1,-1,-1,1040,3953,6986,868,350,874,3963,6986,868,350,874,548,88960,86047,83014,89132,89650,89126,482,1
10000,2,1,1,5,4,3,2,-1,-1,9829,9539,9244,8949,9137,9177,0,0,0,480,340,500,171,461,756,1051,863,823,54555,1
150000,3,2,2,-2,-2,-2,-1,-1,-2,31991,18322,11429,3714,0,0,18696,11629,3814,0,0,0,118009,131678,138571,146286,150000,150000,31317,0
160000,2,4,2,2,2,2,2,-1,-1,400,400,400,0,20818,20818,0,0,0,20818,0,0,159600,159600,159600,160000,139182,139182,22018,0
200000,1,2,1,2,2,2,-1,-1,-1,191406,201756,197185,146021,147473,147669,15100,3028,5169,5400,5306,5232,8594,-1756,2815,53979,52527,52331,992275,1
30000,2,4,1,-1,-1,-1,-1,-1,-1,1393,1393,1393,1543,1596,2970,1393,1393,1543,1596,2970,0,28607,28607,28607,28457,28404,27030,1393,0
70000,1,4,1,-1,-1,-1,-1,-1,-1,65920,67413,68623,68867,70179,67976,3150,3000,2250,2400,2350,2400,4080,2587,1377,1133,-179,2024,393428,0
160000,2,2,2,1,-2,-2,-2,-2,-2,0,0,0,0,0,0,0,0,0,0,0,679,160000,160000,160000,160000,160000,160000,-679,0
140000,1,4,1,2,2,2,2,2,2,94903,96912,98015,99155,100979,99251,4400,3600,3600,3500,0,3470,45097,43088,41985,40845,39021,40749,570645,1
50000,3,4,1,-1,-1,-1,-1,-1,-1,11867,12588,13089,13731,13891,1769,1309,1200,1232,891,4435,1836,38133,37412,36911,36269,36109,48231,56032,0
50000,1,4,1,-1,-1,-1,-1,-1,-1,496,454,-42,13109,13266,13401,454,0,14109,1000,1000,1000,49504,49546,50042,36891,36734,36599,23121,0
150000,1,2,2,-1,-1,-1,-1,-1,-1,1575,4711,4956,6692,14418,25825,3651,1068,1977,9118,12625,122,148425,145289,145044,143308,135582,124175,29616,0
120000,1,4,2,1,-2,-2,-2,-2,-2,0,0,0,0,0,0,0,0,0,0,0,0,120000,120000,120000,120000,120000,120000,0,0
160000,2,2,5,1,-2,-1,-1,-1,-1,-2,-2,2647,1210,0,1886,0,2649,1210,0,1886,491,160002,160002,157353,158790,160000,158114,-497,0
180000,4,4,1,-1,-1,-1,-1,-1,-1,252810,240518,39162,5461,2309,0,8013,3060,109,46,0,0,-72810,-60518,140838,174539,177691,180000,529032,0
220000,2,4,1,-1,-1,-1,-1,-1,-1,220588,218136,177720,131874,118918,110338,9000,7500,4500,5000,5000,3000,-588,1864,42280,88126,101082,109662,943574,0
10000,2,2,1,2,-1,-1,-1,-1,-2,8631,9202,9975,528,0,0,1238,1275,528,0,0,0,1369,798,25,9472,10000,10000,25295,1
80000,1,2,2,-1,-1,-1,-1,-1,-1,1069,1460,4337,0,2649,708,2000,4507,999,2649,787,288,78931,78540,75663,80000,77351,79292,-1007,0
110000,2,4,1,-1,-1,-1,-1,-1,-1,105080,107420,107325,108545,105341,106822,5540,5361,4500,4000,4500,4100,4920,2580,2675,1455,4659,3178,612532,0
80000,2,2,4,1,-2,-2,-1,-1,-1,-12,-12,-12,17691,4599,4134,0,0,17703,4599,4134,0,80012,80012,80012,62309,75401,75866,-48,1
270000,2,1,4,-1,-1,-1,-1,2,-1,18758,4937,2000,9078,5058,6177,4937,2000,9078,0,6177,4600,251242,265063,268000,260922,264942,263823,19216,0
160000,1,4,2,1,2,-1,-1,-1,-1,163897,116343,118552,119376,122039,121841,0,5677,4197,4509,4412,4228,-3897,43657,41448,40624,37961,38159,739025,0
50000,2,2,3,-1,-1,-1,-1,-1,-1,16726,18144,19116,19543,20116,18163,2000,1600,1000,1000,1000,811,33274,31856,30884,30457,29884,31837,104397,0
60000,2,2,2,-1,-1,-1,-1,-1,-1,58017,59481,60360,38307,35519,35356,2396,2110,1272,1257,1245,1138,1983,519,-360,21693,24481,24644,277622,0
140000,2,2,1,-1,-1,2,2,2,2,137706,118294,115038,119696,87930,96561,12300,0,8200,0,10000,0,2294,21706,24962,20304,52070,43439,644725,0
360000,2,4,2,-1,-1,-1,-1,-1,-1,277569,246380,236139,241056,246297,246072,10500,8500,8750,9200,9800,8700,82431,113620,123861,118944,113703,113928,1438063,0
200000,4,4,2,-1,-1,-2,-2,-2,-1,6093,4297,15765,3997,4931,429,4310,15818,4009,4945,429,0,193907,195703,184235,196003,195069,199571,6001,0
40000,2,2,2,1,2,-1,-1,-1,-1,38430,37537,38156,39581,36506,37893,0,1575,2000,1500,2000,3000,1570,2463,1844,419,3494,2107,218028,1
50000,3,2,4,2,-1,-1,-1,2,-1,48381,47810,48123,51060,50162,48209,2200,2100,4000,0,2000,2000,1619,2190,1877,-1060,-162,1791,281445,1
50000,2,2,3,-1,-1,-1,-1,-1,-1,48095,26873,27774,28387,28982,29599,1500,1387,1000,980,1026,843,1905,23127,22226,21613,21018,20401,182974,0
70000,1,2,1,-1,-1,-1,-1,-1,-1,134781,69502,117846,49535,48247,49040,6012,1936,1874,1740,2000,1800,-64781,498,-47846,20465,21753,20960,453589,0
500000,1,1,3,-1,-1,-1,-2,-1,-1,719,1550,-50,-50,10037,79,1558,0,0,10087,79,471,499281,498450,500050,500050,489963,499921,90,0
160000,1,2,2,-1,2,-1,-1,-1,-1,17723,497,1100,652,326,5654,0,1100,652,0,5654,0,142277,159503,158900,159348,159674,154346,18546,1
180000,3,4,1,-1,-1,-1,-1,-1,-1,176802,179271,180382,132104,129772,124734,6963,6208,3749,4365,4517,177,3198,729,-382,47896,50228,55266,897086,0
100000,2,2,1,-1,-1,-1,-1,-1,-1,48285,390,390,390,390,390,390,390,390,390,390,9528,51715,99610,99610,99610,99610,99610,38757,0
50000,2,4,2,-1,-1,-1,-1,-1,-1,4965,495,16982,17203,17577,17936,500,17000,800,800,800,900,45035,49505,33018,32797,32423,32064,54358,0
210000,2,1,2,-1,-1,-1,-1,-1,-1,141571,138588,142343,69004,70596,69388,5000,6000,2270,2500,2472,2600,68429,71412,67657,140996,139404,140612,610648,1
140000,1,2,1,-2,-2,-2,-2,-2,-2,700,700,700,3105,1259,700,700,700,3105,1259,700,700,139300,139300,139300,136895,138741,139300,0,0
80000,2,4,1,-1,-1,-1,-1,-1,-1,50884,48709,19010,21808,15995,12290,2427,1214,600,656,282,0,29116,31291,60990,58192,64005,67710,163517,1
120000,1,4,1,-1,-1,-1,2,-1,-1,75982,78213,82563,78273,79914,81514,3451,6275,0,2898,2926,6210,44018,41787,37437,41727,40086,38486,454699,1
280000,2,1,3,-1,-1,-1,-1,-2,-2,74267,54500,5520,0,0,0,3110,1200,0,0,0,0,205733,225500,274480,280000,280000,280000,129977,0
80000,2,2,3,-1,-1,-1,-1,-1,-1,30063,30399,24577,24788,18522,17873,1843,1233,882,633,842,12000,49937,49601,55423,55212,61478,62127,128789,0
200000,3,4,2,-1,-1,-1,-1,-1,2,2126,99787,194779,194179,164444,83277,99787,100000,0,83277,0,77325,197874,100213,5221,5821,35556,116723,378203,0
300000,1,4,1,-1,-1,-1,-1,-1,-1,2566,4658,197,10767,26117,15800,4725,197,10770,15350,5000,424,297434,295342,299803,289233,273883,284200,23639,0
40000,1,1,2,-1,-1,-1,-1,-1,-1,7018,7402,8374,7505,7515,9120,7419,8382,7505,7515,9120,6180,32982,32598,31626,32495,32485,30880,813,0
360000,2,1,2,1,-2,-2,-1,2,2,0,0,0,2500,2500,0,0,0,2500,0,0,0,360000,360000,360000,357500,357500,360000,2500,1
60000,1,2,2,1,-1,-1,-1,-1,-1,0,345,11736,11387,10228,10497,345,13737,0,4000,6000,0,60000,59655,48264,48613,49772,49503,20111,0
110000,2,4,1,2,2,4,4,3,2,600,600,600,600,300,150,0,0,0,0,0,921,109400,109400,109400,109400,109700,109850,1929,1
50000,2,2,3,1,-2,-2,-2,-2,-2,-4,-4,0,0,0,0,0,4,700,0,0,2300,50004,50004,50000,50000,50000,50000,-3012,0
150000,2,4,1,-2,-2,-2,-2,-2,-2,1563,5689,490,0,2893,0,5689,494,0,2893,0,499,148437,144311,149510,150000,147107,150000,1060,0
60000,4,4,1,-1,-1,-1,-1,-1,-1,61094,61260,55730,29846,28600,28970,3000,3000,2000,1500,1500,2000,-1094,-1260,4270,30154,31400,31030,252500,0
20000,1,4,1,-1,-1,-1,-1,-1,-2,17693,13037,600,1040,0,0,1081,600,1040,800,0,0,2307,6963,19400,18960,20000,20000,28849,0
360000,2,4,2,-1,-1,-1,-1,-1,-1,9797,5333,3299,8786,6801,8488,1000,3331,8786,1000,8488,0,350203,354667,356701,351214,353199,351512,19899,0
30000,1,2,1,-1,-1,-2,-2,-2,-2,7833,0,0,0,0,0,0,0,0,0,0,0,22167,30000,30000,30000,30000,30000,7833,0
70000,2,2,2,-1,-1,-1,-1,-1,-1,59331,57786,58608,28105,30656,32674,3500,3000,3000,3000,3000,3000,10669,12214,11392,41895,39344,37326,248660,0
50000,2,2,1,-1,-1,-1,-1,-1,-1,48433,49608,45568,9742,8790,6591,2000,1500,442,300,238,500,1567,392,4432,40258,41210,43409,163752,1
80000,2,1,2,2,2,2,2,2,2,58024,59300,59831,60554,61938,63269,2800,2100,2300,2500,2500,500,21976,20700,20169,19446,18062,16731,350216,1
200000,2,2,2,-1,-1,-1,-1,-1,-1,7677,14704,8000,10285,16285,4815,7240,2000,2285,6000,1500,0,192323,185296,192000,189715,183715,195185,42741,0
480000,3,2,3,-2,-2,-2,-2,-2,-2,7245,0,0,0,790,0,0,0,0,790,0,0,472755,480000,480000,480000,479210,480000,7245,0
60000,2,1,3,2,-1,-1,-1,-1,-1,59748,60684,59532,30193,27726,26520,2500,2108,1008,1160,2000,4000,252,-684,468,29807,32274,33480,251627,1
150000,3,4,5,-1,-1,-1,-1,-1,-1,149892,137990,136171,100508,102610,101682,6780,4800,3496,3618,4000,3497,108,12010,13829,49492,47390,48318,702662,1
400000,1,1,3,-1,-1,-2,-1,-1,-2,4750,0,0,2827,0,0,0,0,2827,0,0,3347,395250,400000,400000,397173,400000,400000,1403,1
300000,1,4,2,1,-2,-2,-1,2,-1,-78,-78,-78,1222,1072,4689,0,0,1300,0,4689,0,300078,300078,300078,298778,298928,295311,760,1
80000,3,4,1,-1,-1,2,-1,-1,-1,40931,44374,43365,44143,45079,45977,4100,0,1800,1800,1800,2000,39069,35626,36635,35857,34921,34023,252369,0
30000,2,2,1,1,2,3,2,-1,-1,25787,28067,27332,26597,27512,57002,3000,0,0,1500,1600,900,4213,1933,2668,3403,2488,-27002,185297,0
300000,2,2,2,-1,-1,-1,-1,-1,-1,283552,252308,204975,159596,116322,247931,10000,7009,6000,6100,245000,7600,16448,47692,95025,140404,183678,52069,982975,0
50000,2,2,1,-1,-1,-1,-1,-1,-1,50643,50199,23986,-17250,20129,20502,2741,2079,2177,41608,713,837,-643,-199,26014,67250,29871,29498,98054,0
400000,2,2,4,-1,-1,-1,-1,-1,-1,252860,257062,99832,100967,101788,117818,11416,99835,3501,3641,17823,4180,147140,142938,300168,299033,298212,282182,789931,0
280000,2,4,1,-1,-1,-1,-1,-1,-1,70219,69487,85733,131138,131414,130758,3165,20014,50014,5015,4518,4609,209781,210513,194267,148862,148586,149242,531414,0
160000,1,4,2,-1,2,2,-1,-1,-1,6548,3200,0,4775,456,0,7,0,4775,456,0,0,153452,156800,160000,155225,159544,160000,9741,0
450000,1,1,4,-1,-1,-1,-1,-1,-1,3873,3119,8970,1323,11990,8838,3128,9008,1323,12008,214,1327,446127,446881,441030,448677,438010,441162,11105,0
50000,3,1,3,1,-2,-2,-2,-2,-2,0,0,0,0,0,0,0,0,0,0,0,0,50000,50000,50000,50000,50000,50000,0,0
120000,3,2,3,-1,-1,-1,-1,-1,-1,16224,16085,17677,16450,18407,15841,2001,2317,1002,3009,1000,1000,103776,103915,102323,103550,101593,104159,90355,0
60000,2,2,4,-1,-1,-1,-1,-1,-1,20866,22131,22685,24938,25085,28862,2000,2000,2950,926,4600,0,39134,37869,37315,35062,34915,31138,132091,0
210000,1,4,1,-1,-1,-1,-1,-1,-1,129882,131991,134515,134141,137667,126127,6000,6000,3000,5000,5000,3000,80118,78009,75485,75859,72333,83873,766323,0
110000,2,4,1,-1,-1,-1,-1,-1,-1,28956,33115,31752,30539,29468,33259,5000,2000,2000,2000,7000,2000,81044,76885,78248,79461,80532,76741,167089,0
110000,1,2,2,1,2,-1,-1,-1,-1,42867,41901,44126,43483,43435,41010,0,3000,2000,2000,2000,3600,67133,68099,65874,66517,66565,68990,244222,1
140000,2,2,3,-1,-1,-1,-1,-1,-1,92281,92370,92446,65774,65076,64295,3551,3814,2333,2340,2279,2273,47719,47630,47554,74226,74924,75705,455652,0
430000,2,2,2,1,-2,-2,-2,-2,-2,1821,2324,2250,3004,1074,1623,2324,2250,3004,1074,1623,2493,428179,427676,427750,426996,428926,428377,-672,0
20000,2,1,3,-1,-1,-1,-1,-1,-1,4820,1837,390,390,780,780,1837,390,390,780,0,0,15180,18163,19610,19610,19220,19220,5600,0
360000,1,2,2,1,-1,-1,-1,-1,-1,-1,180,14418,8625,516,0,181,14418,0,516,0,1235,360001,359820,345582,351375,359484,360000,7388,0
630000,1,4,1,-1,-1,-1,-1,-1,-1,497106,497921,490093,435019,329476,338557,15868,12371,26454,8510,11039,5390,132894,132079,139907,194981,300524,291443,2508540,1
60000,2,6,2,-1,-1,-1,-1,-1,-1,52149,32476,8128,9972,13037,-161,1173,1000,9972,10000,0,20588,7851,27524,51872,50028,46963,60161,72868,0
50000,3,2,3,-1,-1,2,-1,-1,-1,48238,35194,9802,26781,28542,29235,4866,126,58542,3032,2000,2000,1762,14806,40198,23219,21458,20765,107226,0
200000,1,1,3,-1,-1,-1,-1,-1,-1,855,0,316,8386,316,10104,0,316,8386,8896,10104,955,199145,200000,199684,191614,199684,189896,-8680,0
20000,3,2,5,2,-1,-1,-2,-2,-2,18828,10400,0,0,0,0,1400,0,0,0,0,0,1172,9600,20000,20000,20000,20000,27828,0
260000,1,1,2,1,-2,-2,-2,-2,-2,0,0,0,0,0,0,0,0,0,0,0,0,260000,260000,260000,260000,260000,260000,0,0
210000,1,2,2,-1,-1,-1,-1,-1,-1,8600,0,4231,4221,4221,4483,0,4231,4221,4221,4483,4300,201400,210000,205769,205779,205779,205517,4300,0
30000,2,4,2,-1,-1,-1,-1,-1,-1,28716,26570,26829,26839,27449,25125,2000,1600,1000,1000,1000,0,1284,3430,3171,3161,2551,4875,154928,0
500000,1,2,2,-1,-1,-1,-1,-1,-1,1025,1691,1316,4941,8539,3842,2000,1316,5000,5000,2000,1223,498975,498309,498684,495059,491461,496158,4815,0
20000,3,2,3,-1,-1,-1,-1,2,-1,19753,19728,19763,20240,18955,15255,1401,1306,2000,0,800,800,247,272,237,-240,1045,4745,107387,0
240000,1,2,3,-1,-1,-1,-1,-1,-1,626,626,626,626,626,626,626,626,626,626,626,626,239374,239374,239374,239374,239374,239374,0,0
20000,3,2,3,-1,-1,-1,-1,-1,-1,16392,16367,12426,11449,341,20875,2000,2426,1000,407,21769,793,3608,3633,7574,8551,19659,-875,49455,0
150000,1,2,2,2,2,2,2,2,2,17352,21338,20304,21585,20718,22813,5000,0,2000,0,3000,0,132648,128662,129696,128415,129282,127187,114110,1
150000,1,4,2,-1,-1,2,-1,-1,-1,14883,12683,2700,1500,18439,1381,4908,0,0,18439,1381,0,135117,137317,147300,148500,131561,148619,26858,0
500000,1,1,3,-1,-1,-1,-1,-1,-1,231887,122499,107198,98450,93828,92237,6115,4550,3533,3525,5034,4080,268113,377501,392802,401550,406172,407763,719262,0
220000,2,2,4,-1,-1,-1,-1,-1,-1,207592,212099,214669,173187,176496,169649,8165,6889,6033,6247,6142,6146,12408,7901,5331,46813,43504,50351,1114070,1
30000,2,4,1,-1,-1,-1,-1,-1,-1,13271,9277,2655,2800,4503,780,2015,2655,2800,4503,780,11500,16729,20723,27345,27200,25497,29220,9033,0
10000,2,2,3,1,2,2,2,2,2,8481,8711,6946,5863,4180,4322,2000,0,450,0,600,320,1519,1289,3054,4137,5820,5678,35133,1
170000,2,2,1,1,-2,-1,-1,-1,-1,0,0,9311,10257,20872,34403,0,9311,1257,10872,14003,1500,170000,170000,160689,159743,149128,135597,37900,0
120000,1,1,3,1,-1,-1,-1,-1,-1,0,106257,108360,109121,109061,112079,106257,5400,4000,3944,4817,8892,120000,13743,11640,10879,10939,7921,411568,1
280000,1,4,1,-1,-1,-1,-1,-1,-1,105403,51190,44598,38322,38255,31427,3109,1369,3002,3005,1505,2000,174597,228810,235402,241678,241745,248573,295205,0
10000,3,4,1,-1,-1,-1,-1,-1,2,7572,8520,6118,245,10274,9963,1118,1020,250,10300,0,200,2428,1480,3882,9755,-274,37,29804,0
200000,3,2,4,6,5,4,3,2,2,110185,107665,104686,102549,101400,0,0,0,0,0,0,0,89815,92335,95314,97451,98600,200000,526485,0
260000,2,2,2,-1,-1,-1,-1,-1,-1,107030,115455,115106,118811,121514,124815,13011,5000,5000,4000,4815,4500,152970,144545,144894,141189,138486,135185,666405,0
500000,1,4,3,-2,-2,-2,-2,-2,-2,274261,209672,179618,152069,110763,69267,11375,5066,5145,5145,5117,5086,225739,290328,320382,347931,389237,430733,958716,0
500000,1,4,2,-2,-2,-2,-2,-2,-2,0,0,973,229,3330,7980,0,973,229,3330,7980,538,500000,500000,499027,499771,496670,492020,-538,1
260000,1,4,4,-1,-1,-1,-1,-1,-1,254749,259549,258390,256252,250390,251336,11046,10004,10000,10000,10000,20000,5251,451,1610,3748,9610,8664,1459616,0
90000,2,1,2,-1,-1,-1,-1,-1,-1,36081,37802,29985,28447,24775,25498,3002,1600,1500,1000,1500,1500,53919,52198,60015,61553,65225,64502,172486,0
160000,2,1,4,-1,-1,-1,-2,-2,-2,161747,164150,0,0,0,0,7350,0,0,0,0,0,-1747,-4150,160000,160000,160000,160000,318547,1
230000,2,4,1,-1,-1,-1,-1,-1,-1,187472,188140,178221,156627,128110,121517,9200,6707,3000,2725,3544,2417,42528,41860,51779,73373,101890,108483,932494,0
360000,2,1,3,1,-2,-2,-2,-2,-2,5800,0,0,0,0,0,0,0,0,0,0,76873,354200,360000,360000,360000,360000,360000,-71073,0
50000,3,2,1,-1,-1,-1,-1,-1,-1,49156,50162,49170,49426,50906,45886,4000,2400,2000,2459,2100,5000,844,-162,830,574,-906,4114,276747,0
130000,3,2,3,-1,-1,-1,-1,-1,-1,83648,72031,59850,49099,49015,49265,3100,2300,2000,1900,2200,1800,46352,57969,70150,80901,80985,80735,349608,0
240000,2,4,1,1,-2,-2,-2,-2,-2,0,0,0,0,0,0,0,0,0,0,0,0,240000,240000,240000,240000,240000,240000,0,1
50000,1,2,1,-1,-1,-1,-1,-1,-1,13444,14819,15967,16599,17329,17888,1600,1700,1200,1000,1000,1000,36556,35181,34033,33401,32671,32112,88546,0
320000,1,4,3,-1,-1,-1,-1,-1,-1,34702,76361,58124,70717,78149,70379,50390,20000,20000,15000,40000,40000,285298,243639,261876,249283,241851,249621,203042,0
130000,2,2,3,-1,-1,-1,-1,-1,-1,69120,66171,65225,65588,66662,68176,3000,3000,3000,2500,3000,3000,60880,63829,64775,64412,63338,61824,383442,0
50000,3,4,3,1,2,2,-1,-1,-1,49295,50414,49158,29375,28050,27721,2200,0,1008,1004,1032,932,705,-414,842,20625,21950,22279,227837,0
330000,1,4,1,-1,-1,-1,-1,-1,-1,341499,334929,317997,274132,267622,261246,12500,10882,9902,10000,10000,17629,-11499,-4929,12003,55868,62378,68754,1726512,0
330000,1,2,2,-2,-2,-2,-2,-2,-2,0,0,0,0,0,1624,0,0,0,0,1624,0,330000,330000,330000,330000,330000,328376,0,0
120000,2,4,1,-1,-1,2,-1,-1,-1,107934,123579,118117,77943,78834,76889,19000,8,3000,3000,3500,3500,12066,-3579,1883,42057,41166,43111,551288,0
180000,2,2,1,2,2,2,2,2,2,113436,109439,111108,108476,104655,107338,1308,7623,3900,11,7700,0,66564,70561,68892,71524,75345,72662,633910,1
500000,1,2,3,-2,-2,-2,-2,-2,-2,97832,47708,131063,131508,182843,10790,27369,135784,15000,75550,216,27183,402168,452292,368937,368492,317157,489210,320642,0
250000,2,2,4,-1,-1,2,-1,-1,-1,17582,600,600,9375,8765,3649,1200,0,9375,8765,3649,95417,232418,249400,249400,240625,241235,246351,-77835,0
260000,2,4,1,-1,-1,-1,-1,-1,-1,56380,40882,214941,196242,193177,161731,4121,196000,6020,6330,6032,5000,203620,219118,45059,63758,66823,98269,639850,0
270000,1,2,2,-2,-2,-2,-2,-2,-2,3291,0,0,0,0,0,0,0,0,0,0,0,266709,270000,270000,270000,270000,270000,3291,0
500000,1,1,3,1,-1,-1,-1,-1,-2,3747,11652,32269,8974,1349,7867,11684,34545,8981,1349,7867,0,496253,488348,467731,491026,498651,492133,1432,0
60000,3,2,3,-1,-1,2,-1,-1,-1,1570,21835,20680,390,390,14290,20680,0,0,390,14290,2892,58430,38165,39320,59610,59610,45710,20903,1
240000,1,2,1,-1,-1,-1,-1,-1,-1,147974,150683,137645,140388,142521,143736,5300,4931,4966,5000,4771,4354,92026,89317,102355,99612,97479,96264,833625,0
500000,1,4,3,2,2,-2,-2,-2,-2,2500,0,0,0,0,0,0,0,0,0,0,0,497500,500000,500000,500000,500000,500000,2500,1
330000,2,2,2,-1,-1,-1,-1,-1,-1,137974,138692,141674,136790,141469,143453,7000,7000,5000,7004,6015,5012,192026,191308,188326,193210,188531,186547,803021,0
80000,2,4,1,-2,-1,-1,-1,-1,-1,2530,3041,6603,1483,1485,4665,3055,6622,1483,2,4683,1700,77470,76959,73397,78517,78515,75335,2262,0
80000,1,4,1,-1,-1,-1,-1,-1,-1,80133,74838,62696,27693,25594,29155,3539,3180,818,1018,10006,3616,-133,5162,17304,52307,54406,50845,277932,0
180000,3,1,2,-1,-1,-1,-1,-1,2,122187,123790,125258,125214,131276,114050,6000,6000,4400,9000,0,4000,57813,56210,54742,54786,48724,65950,712375,1
60000,1,4,1,-1,-1,-1,-1,-1,-1,18220,18743,17624,17457,21386,4340,1553,1200,349,5345,0,316,41780,41257,42376,42543,38614,55660,89007,1
150000,2,2,3,-2,-2,-2,-2,-2,-2,292,7948,3363,1774,0,0,8144,18285,1774,0,0,0,149708,142052,146637,148226,150000,150000,-14826,0
10000,3,2,3,2,-1,-1,-1,-1,-2,390,390,0,780,5018,5275,390,0,780,5018,375,0,9610,9610,10000,9220,4982,4725,5290,0
340000,1,2,3,-1,-1,-1,-1,-1,-1,325371,326867,322454,275928,264601,265494,25034,11000,10000,10000,10000,10000,14629,13133,17546,64072,75399,74506,1704681,0
80000,3,2,2,-1,-1,-1,-1,-1,-1,83482,80406,71540,68325,65105,62011,2900,2340,2300,2289,2500,1551,-3482,-406,8460,11675,14895,17989,416989,0
430000,1,4,2,-1,-1,-1,-1,-1,-1,35792,36894,44848,39219,32008,19397,2000,10002,2000,5000,2000,7027,394208,393106,385152,390781,397992,410603,180129,0
340000,1,4,2,-1,-1,-1,-1,-1,-1,91938,85927,71707,92695,86244,71538,3911,5104,92695,3114,2613,2366,248062,254073,268293,247305,253756,268462,390246,0
80000,2,2,2,-1,-1,-1,-1,-1,-1,2227,3432,4416,5275,0,316,1250,1200,1000,0,316,31002,77773,76568,75584,74725,80000,79684,-19102,0
150000,1,2,2,-1,-1,-1,-1,-1,-1,97874,130901,127985,126207,126814,125640,54190,6000,5000,5000,5000,5000,52126,19099,22015,23793,23186,24360,655231,0
320000,1,4,1,2,-1,-1,-1,-1,2,253197,258621,262825,268326,284625,290787,11000,10000,9876,20900,11000,0,66803,61379,57175,51674,35375,29213,1555605,1
120000,2,2,1,-1,-1,-1,-1,-1,-1,96833,78920,74310,75710,77503,73945,3000,5000,3000,3000,4000,1500,23167,41080,45690,44290,42497,46055,457721,0
620000,1,4,2,-1,-1,-1,-1,-1,-1,569023,562316,475333,473182,481896,513798,23009,20004,20008,14000,35804,250005,50977,57684,144667,146818,138104,106202,2712718,0
130000,1,2,2,-1,-1,-1,-1,-1,-1,22563,22222,21783,9421,8809,8596,1500,1505,1000,500,1000,115,107437,107778,108217,120579,121191,121404,87774,0
230000,2,2,3,-1,-1,-1,-1,-1,-1,4328,1518,1958,368,1613,1371,1518,1972,368,1613,1371,752,225672,228482,228042,229632,228387,228629,3562,1
60000,1,4,1,2,2,2,2,2,2,22343,24678,25079,24380,26022,26542,3000,1100,0,2200,1100,1000,37657,35322,34921,35620,33978,33458,140644,1
420000,3,2,2,-1,-1,-1,-1,-1,-2,41104,6784,6346,1409,14107,8379,6887,2028,1413,14109,8452,1928,378896,413216,413654,418591,405893,411621,43312,0
80000,2,2,2,-1,-1,-1,-1,-1,-1,59189,35690,33984,34384,29340,21985,3007,1503,2017,1024,1017,2000,20811,44310,46016,45616,50660,58015,204004,0
200000,1,2,3,-1,-1,-1,-1,-1,-1,23242,24575,25284,25938,26478,26889,1711,1420,1074,1107,1000,1000,176758,175425,174716,174062,173522,173111,145094,0
80000,2,1,3,1,2,-1,-1,-1,-1,77871,71898,72926,73745,75675,75999,1261,3214,3000,3500,2266,3000,2129,8102,7074,6255,4325,4001,431873,0
200000,1,2,2,3,2,-1,-1,-1,-2,1571,361,1716,460,0,0,0,1716,460,0,0,0,198429,199639,198284,199540,200000,200000,1932,1
110000,3,2,3,-1,-1,-1,-1,-1,-1,116292,118781,121030,119267,116142,113887,5836,5780,5000,4206,5000,5000,-6292,-8781,-11030,-9267,-6142,-3887,674577,0
60000,2,1,2,-1,-1,-1,-1,-1,-1,54770,58257,59675,60646,60071,60066,5000,3000,2500,2500,3000,2500,5230,1743,325,-646,-71,-66,334985,1
340000,1,2,2,-1,-1,-1,-2,-1,-1,35695,40924,0,0,7687,21200,6018,0,0,7687,21200,10600,304305,299076,340000,340000,332313,318800,60001,0
50000,3,4,1,-1,-1,-1,-1,-1,-1,50089,41382,36995,17726,13623,13781,1798,1117,4749,500,508,250,-89,8618,13005,32274,36377,36219,164674,0
80000,2,4,3,-1,-1,-1,2,-1,-1,60261,60129,57488,47846,48464,48940,2234,5311,0,1787,1700,1500,19739,19871,22512,32154,31536,31060,310596,0
30000,2,2,1,2,2,2,2,2,2,21959,24685,24983,25375,25923,25358,3400,1000,1100,1100,0,2100,8041,5315,5017,4625,4077,4642,139583,0
200000,2,4,1,-1,-1,-1,-1,-1,-1,21447,23429,26158,29486,27166,25954,2649,3500,4008,1098,1500,1000,178553,176571,173842,170514,172834,174046,139885,0
200000,1,1,3,-1,-1,-1,-1,-1,-1,390,390,390,390,390,390,390,390,390,390,390,390,199610,199610,199610,199610,199610,199610,0,0
90000,2,2,2,2,-1,-1,-1,-1,-1,49530,18717,3053,3537,46816,47398,1449,1213,1087,47698,1740,1888,40470,71283,86947,86463,43184,42602,113976,1
160000,1,1,3,-1,-1,-1,-1,-1,-1,143804,145244,145978,41600,2500,2500,6235,6632,1910,2500,2500,2500,16196,14756,14022,118400,157500,157500,459349,0
50000,2,1,3,1,2,2,2,-1,-1,49615,48552,50175,12790,12743,17305,0,3056,0,2000,5000,3000,385,1448,-175,37210,37257,32695,178124,1
230000,1,2,2,1,-2,-2,-2,-2,-2,0,0,0,0,0,0,0,0,0,0,0,0,230000,230000,230000,230000,230000,230000,0,0
300000,1,4,1,-2,-2,-2,-2,-2,-2,525,7792,8347,10471,9813,10690,7797,8361,10490,9828,10698,6666,299475,292208,291653,289529,290187,289310,-6202,0
300000,1,2,4,-1,-1,2,2,2,2,2500,2500,2500,2500,2500,2500,0,0,0,0,0,0,297500,297500,297500,297500,297500,297500,15000,0
50000,1,2,2,-1,-1,-1,-2,-2,-2,50456,51400,0,0,0,0,2400,0,0,0,0,0,-456,-1400,50000,50000,50000,50000,99456,0
260000,2,1,3,-1,-1,-2,-2,-2,-2,3814,2688,500,2870,1141,679,2861,500,2870,1141,679,0,256186,257312,259500,257130,258859,259321,3641,0
140000,2,2,2,-1,-1,-1,-1,-1,-1,1156,316,1156,736,316,1156,316,1156,736,316,1156,316,138844,139684,138844,139264,139684,138844,840,0
30000,2,2,1,-1,-1,-1,-1,-1,-1,25198,25988,27107,27450,29193,27372,1500,1600,1000,2100,1400,500,4802,4012,2893,2550,807,2628,154208,0
230000,2,4,2,-1,-1,2,-1,-1,-1,30300,1689,409,1333,168,140,1689,0,1333,168,140,0,199700,228311,229591,228667,229832,229860,30709,0
260000,1,2,1,-2,-2,-2,-2,-2,-2,0,0,0,0,0,0,0,0,0,0,0,0,260000,260000,260000,260000,260000,260000,0,1
110000,2,2,1,1,2,-1,-1,-1,-1,106932,103381,75794,76947,79105,72344,27,4000,3000,3000,10000,3000,3068,6619,34206,33053,30895,37656,491476,0
360000,2,2,1,-1,-1,-1,-1,-1,-1,89635,80129,75246,72996,73177,67271,3122,2007,1500,73177,2452,2256,270365,279871,284754,287004,286823,292729,373940,0
20000,2,2,5,-1,2,2,-1,-1,-1,858,2310,1716,929,978,0,1716,0,0,978,0,0,19142,17690,18284,19071,19022,20000,4097,0
230000,1,2,3,-1,-1,-1,-1,-1,-1,1886,8013,3962,1410,1410,1410,8034,4007,0,1410,1410,1410,228114,221987,226038,228590,228590,228590,1820,0
220000,1,4,2,-1,-1,-1,-1,-1,-1,91178,99541,74718,64087,72992,74646,10128,10000,5000,10000,3000,10000,128822,120459,145282,155913,147008,145354,429034,0
230000,1,4,2,1,2,2,2,-1,-1,205498,210424,212979,207759,212014,225246,10000,7598,0,8000,17000,0,24502,19576,17021,22241,17986,4754,1231322,1
500000,2,4,1,-1,-1,-1,-1,-1,-1,196931,138247,96888,16476,12534,394163,5188,3417,3000,1276,388071,11700,303069,361753,403112,483524,487466,105837,442587,0
50000,3,1,2,-1,-1,-1,-1,-1,-2,10849,3701,4600,2300,0,0,1101,1000,2300,0,0,0,39151,46299,45400,47700,50000,50000,17049,0
500000,1,2,3,-1,-1,-1,-1,-1,-1,435737,421983,414453,422168,423674,413326,20157,13670,13596,14454,33720,12284,64263,78017,85547,77832,76326,86674,2423460,0
30000,2,2,1,-1,-1,-2,-1,-1,-1,4476,5814,5254,15570,10117,1875,5841,5280,15587,325,0,1400,25524,24186,24746,14430,19883,28125,14673,1
50000,1,2,1,-1,-1,-1,-1,-1,-1,20655,21718,22316,22762,20231,19445,1701,1299,745,711,1000,685,29345,28282,27684,27238,29769,30555,120986,0
80000,1,2,1,-1,-1,-1,-2,-2,-2,1300,179,0,0,0,0,179,0,0,0,0,0,78700,79821,80000,80000,80000,80000,1300,0
40000,1,4,1,-1,-1,2,-1,-1,-1,32346,35595,34113,35513,36513,35956,4082,0,2000,1000,500,0,7654,4405,5887,4487,3487,4044,202454,0
500000,2,2,2,-1,-1,-1,-1,-1,-1,156951,115610,81334,78637,36993,22089,20167,2114,1751,5132,22197,156937,343049,384390,418666,421363,463007,477911,283316,0
30000,2,1,1,-1,-1,-1,-1,-1,-2,29852,30348,31570,32661,0,0,1600,1738,1829,0,0,0,148,-348,-1570,-2661,30000,30000,119264,0
90000,1,4,1,-1,-1,-1,-1,-1,-1,62062,62617,57990,51537,52486,48483,2971,2168,1686,1878,1611,1334,27938,27383,32010,38463,37514,41517,323527,0
20000,2,1,2,-1,-1,-1,-1,-1,-1,20139,19067,19787,19682,7468,2312,1480,1200,394,210,5546,0,-139,933,213,318,12532,17688,79625,1
60000,2,2,1,1,3,2,-1,-1,-1,25300,23150,20999,21423,19049,18282,0,0,1000,1000,1000,1000,34700,36850,39001,38577,40951,41718,124203,0
500000,1,2,2,-1,-1,-1,-1,-1,-1,208603,211340,166739,166464,168722,170299,8444,8009,5301,5220,5419,5313,291397,288660,333261,333536,331278,329701,1054461,0
70000,1,1,3,1,2,2,2,2,2,12026,13531,13017,14299,13927,15692,2000,0,1500,0,2000,0,57974,56469,56983,55701,56073,54308,76992,0
180000,1,4,1,-1,-1,-1,-1,-1,-1,873,7233,2701,1900,45517,9451,7233,2701,1900,45517,9451,5795,179127,172767,177299,178100,134483,170549,-4922,0
450000,1,4,2,-1,-1,-1,-1,-1,-2,1414,1080,97,1749,0,0,1080,97,1749,0,0,0,448586,448920,449903,448251,450000,450000,1414,1
220000,2,2,2,1,-2,-1,-1,-1,-1,0,0,81677,46177,3308,2912,0,220230,7308,0,2912,0,220000,220000,138323,173823,216692,217088,-96376,0
20000,2,4,3,1,1,-1,-1,-1,-1,4516,-630,18976,8005,3034,9287,700,21400,1005,3034,9287,85,15484,20630,1024,11995,16966,10713,7677,0
170000,2,2,4,-1,-1,-1,-1,-1,-1,79210,660,15360,891,13460,32136,660,15360,891,13460,32136,0,90790,169340,154640,169109,156540,137864,79210,0
110000,1,1,3,-1,-1,-1,-1,-1,-1,73472,75431,76296,77260,72907,63104,3139,2529,2348,2308,2180,1687,36528,34569,33704,32740,37093,46896,424279,0
70000,2,1,3,-1,-1,-1,-1,-1,-1,43050,43410,36226,29369,25873,26101,1888,1225,856,6000,1097,604,26950,26590,33774,40631,44127,43899,192359,0
290000,4,1,2,-2,-2,-2,-2,-2,-2,555,0,0,0,0,0,0,0,0,0,0,0,289445,290000,290000,290000,290000,290000,555,0
50000,1,4,1,-1,-1,-1,-1,-1,-1,1050,1050,974,1224,1224,1025,1050,974,1300,1050,1025,1050,48950,48950,49026,48776,48776,48975,98,0
160000,2,4,2,-1,-1,-1,-1,-1,-1,156098,156259,155404,153234,156731,155818,6000,6000,5600,6000,6000,5500,3902,3741,4596,6766,3269,4182,898444,0
360000,2,2,2,-1,-1,-1,-1,-1,-1,725,1172,1619,1266,1212,1324,1002,1002,202,501,502,501,359275,358828,358381,358734,358788,358676,3608,1
200000,3,4,1,-1,-1,-2,-2,-2,-2,98700,0,0,0,0,-3500,0,1000,0,0,0,3976,101300,200000,200000,200000,200000,203500,90224,0
200000,2,1,2,-1,-1,-1,-1,-1,-1,8565,86497,138640,75983,44160,34671,85000,60000,3500,2000,2000,2000,191435,113503,61360,124017,155840,165329,234016,0
100000,2,2,1,-1,-1,-1,-1,-1,-1,2494,1999,6632,6150,10122,2689,2005,6633,18,10152,2697,3607,97506,98001,93368,93850,89878,97311,4974,0
70000,2,2,3,-1,-1,-1,-1,-1,-1,193,188,299,829,338,865,188,299,829,338,865,833,69807,69812,69701,69171,69662,69135,-640,0
60000,2,2,1,2,2,-1,-1,-1,-1,63143,59608,59182,27882,24574,22330,0,1478,2000,1000,3000,2000,-3143,392,818,32118,35426,37670,247241,0
170000,2,2,3,-1,-1,-1,-1,-1,-1,51054,52127,52651,53851,53095,54316,2489,2000,2048,1927,2104,2071,118946,117873,117349,116149,116905,115684,304455,0
50000,1,2,1,-1,-1,-1,-1,-1,-1,40181,66569,19281,18679,12980,8592,1500,2400,5700,8000,3062,1000,9819,-16569,30719,31321,37020,41408,144620,1
360000,2,1,1,-1,-1,-1,-2,-1,-1,207571,182384,161295,199803,198614,2383,6114,4899,202074,200395,2383,98668,152429,177616,198705,160197,161386,357617,437517,0
210000,2,2,1,-1,-1,-1,-1,-1,-1,40985,41028,42041,42842,43757,45403,1987,2000,1800,1757,2533,2030,169015,168972,167959,167158,166243,164597,243949,1
20000,3,4,2,-1,-1,-1,-1,-1,-1,390,286,9457,10311,10374,10692,286,9847,1000,1000,500,442,19610,19714,10543,9689,9626,9308,28435,0
20000,2,2,1,-1,-1,2,2,-1,-1,17196,20609,20654,19118,18104,19846,4007,700,0,1000,2000,800,2804,-609,-654,882,1896,154,107020,1
20000,2,2,2,-1,-1,-1,-1,-1,-2,17312,17762,18814,19614,0,0,1500,1500,1000,0,0,0,2688,2238,1186,386,20000,20000,69502,1
460000,3,2,4,-2,-2,-2,-2,-2,-2,7516,23485,7398,6143,9634,9581,23524,7409,12286,9634,9581,38354,452484,436515,452602,453857,450366,450419,-37031,0
30000,1,4,1,1,2,2,-1,-1,-1,25229,25533,24441,24441,11255,0,1000,0,0,0,0,0,4771,4467,5559,5559,18745,30000,109899,1
30000,3,2,2,2,2,-1,-1,2,2,5685,5448,7347,8024,7751,9607,0,2000,800,0,2000,0,24315,24552,22653,21976,22249,20393,39062,1
30000,1,4,1,-1,-1,-1,-1,-1,-1,9417,4638,3617,3787,4820,914,3150,1000,1200,2000,914,7311,20583,25362,26383,26213,25180,29086,11618,0
20000,2,1,2,1,2,-1,-1,3,2,18139,17559,18662,21345,20721,20836,0,1400,3000,0,600,0,1861,2441,1338,-1345,-721,-836,112262,1
150000,1,2,2,2,2,-2,-2,-2,-2,3354,-18,-18,-18,-18,-18,0,0,0,0,0,0,146646,150018,150018,150018,150018,150018,3264,1
200000,2,1,1,-1,-1,-1,-1,-1,-1,112133,116017,119576,121954,124517,127441,5693,7000,4362,4525,5000,5000,87867,83983,80424,78046,75483,72559,690058,0
110000,2,2,3,1,-2,-2,-2,-2,-2,0,0,0,0,0,0,0,0,0,0,0,0,110000,110000,110000,110000,110000,110000,0,0
400000,1,4,2,1,2,2,2,2,2,29864,29104,31379,27969,9513,1346,0,3000,0,1000,0,10025,370136,370896,368621,372031,390487,398654,115150,1
50000,2,2,1,1,2,-1,-1,-1,-1,11023,9497,4273,0,6805,5554,14,1000,0,6805,2000,3782,38977,40503,45727,50000,43195,44446,23551,0
100000,1,2,1,-1,-1,-1,-1,-1,-1,106203,108327,106142,102449,100212,102674,8000,5300,3605,3500,4100,3000,-6203,-8327,-6142,-2449,-212,-2674,598502,0
120000,1,1,2,2,2,2,2,2,-1,118096,120455,116061,116959,112050,111153,12000,0,9500,0,4100,5000,1904,-455,3939,3041,7950,8847,664174,1
220000,1,2,3,-1,3,2,-1,-1,-1,1090,1257,1090,1090,1090,0,167,0,0,0,0,0,218910,218743,218910,218910,218910,220000,5450,1
100000,2,2,3,-1,-1,-1,-1,-1,-1,90828,83479,73749,68512,72518,65890,3523,3025,2344,5000,3000,2000,9172,16521,26251,31488,27482,34110,436084,0
410000,1,2,2,-1,-1,-2,-2,-2,-1,99687,0,0,0,0,18000,0,0,0,0,18000,0,310313,410000,410000,410000,410000,392000,99687,0
50000,2,2,1,1,2,-1,-1,2,-1,5490,4471,5570,6676,5235,3728,0,1200,1308,0,500,1000,44510,45529,44430,43324,44765,46272,27162,0
50000,1,2,1,-1,-1,-1,-1,-1,-1,50947,23750,11105,5960,5220,3024,3432,1071,158,500,400,337,-947,26250,38895,44040,44780,46976,94108,0
90000,3,2,2,2,2,2,2,2,2,75619,77116,78252,78470,81056,82572,3300,3000,2100,4000,3001,3100,14381,12884,11748,11530,8944,7428,454584,0
260000,1,2,2,-2,-2,-2,-2,-2,-2,-7,-7,-7,1544,-43,-43,0,0,1551,0,0,0,260007,260007,260007,258456,260043,260043,-114,0
70000,1,4,1,-1,-1,2,-1,-1,-1,8244,10569,8159,8241,9103,9361,2500,0,1000,1000,409,1000,61756,59431,61841,61759,60897,60639,47768,0
130000,2,1,4,2,2,2,-1,-1,-1,109994,125138,114344,96995,100086,92344,17100,17,4000,5000,4000,4000,20006,4862,15656,33005,29914,37656,604784,1
120000,3,2,3,1,2,-1,-1,-1,-2,2057,1722,716,926,0,0,524,716,926,0,0,485,117943,118278,119284,119074,120000,120000,2770,0
160000,3,2,3,1,-1,-1,-2,-2,-1,0,14121,0,0,0,150,14121,0,0,0,150,790,160000,145879,160000,160000,160000,159850,-790,0
50000,2,4,2,-1,-1,-1,-1,-1,-1,49138,49718,49437,40186,19179,16043,2250,1900,1800,700,1000,1000,862,282,563,9814,30821,33957,215051,1
220000,1,4,1,-1,-1,-1,-1,-1,-1,3352,3352,3352,3352,3352,3352,3352,3352,3352,3352,3352,3352,216648,216648,216648,216648,216648,216648,0,1
500000,1,4,1,-1,-1,-1,-1,-1,-1,5392,6038,6972,7037,7603,10602,1502,1502,502,1003,10024,40060,494608,493962,493028,492963,492397,489398,-10949,0
360000,1,2,1,-1,-1,-1,-1,-1,-1,7127,6872,3381,1151,1155,381,1034,3397,1156,1160,382,1902,352873,353128,356619,358849,358845,359619,11036,0
320000,2,2,2,1,2,2,2,2,2,114180,115491,109226,111673,111053,105999,5012,11,7013,4014,57,5031,205820,204509,210774,208327,208947,214001,646484,0
380000,1,1,2,1,-2,-2,-2,-2,-2,0,0,0,0,0,0,0,0,0,0,0,0,380000,380000,380000,380000,380000,380000,0,1
70000,2,1,3,-1,-1,-1,-1,-1,-1,31218,32321,41713,42233,43288,46001,1608,10000,1511,1735,3600,0,38782,37679,28287,27767,26712,23999,218320,1
120000,1,2,2,-1,-1,-1,-1,-1,2,3556,326,326,476,802,326,652,326,476,802,0,326,116444,119674,119674,119524,119198,119674,3230,1
80000,3,2,4,1,-1,-1,-1,-1,-1,0,2583,3001,21306,5051,2450,2583,3001,21306,5051,2450,0,80000,77417,76999,58694,74949,77550,0,1
220000,1,2,1,1,2,-1,-1,-1,-1,222737,216397,207870,172612,166705,166192,0,7109,6050,6000,9111,6171,-2737,3603,12130,47388,53295,53808,1118072,0
20000,2,2,2,-1,-1,-1,-1,-1,-1,15494,11950,11292,10790,780,780,1488,1220,608,780,0,0,4506,8050,8708,9210,19220,19220,46990,0
50000,2,1,2,-1,-1,-1,-1,-1,-1,46410,48710,8108,7358,3098,0,5000,2001,2000,0,0,0,3590,1290,41892,42642,46902,50000,104683,0
120000,2,2,2,-1,-1,-1,-1,-1,-1,326,499,1870,652,326,0,499,1870,652,0,0,1705,119674,119501,118130,119348,119674,120000,-1053,0
50000,1,4,2,-1,-1,-1,-1,-1,-1,14855,7468,12372,14029,14298,16496,7468,12534,14031,14298,16496,600,35145,42532,37628,35971,35702,33504,14091,0
80000,1,4,1,-1,-1,-1,-1,-1,-1,81111,67891,56993,42663,43136,43676,3000,7139,6000,1694,2000,3000,-1111,12109,23007,37337,36864,36324,312637,0
130000,2,2,1,-1,-1,-1,-1,-1,-1,119513,121776,122440,125189,127644,74295,6000,4500,5100,5365,2846,2600,10487,8224,7560,4811,2356,55705,664446,0
450000,1,3,2,-2,-2,-2,-2,-2,-2,324,302,5018,317,1614,324,303,5041,1,1622,325,316,449676,449698,444982,449683,448386,449676,291,0
80000,2,2,1,2,-1,-1,-1,-1,3,56789,58276,60102,61423,72197,71003,2400,3000,2500,11576,39,38,23211,21724,19898,18577,7803,8997,360237,1
100000,3,2,2,-1,-1,-1,-1,-1,-1,4247,4097,6314,3410,1396,1640,1283,2500,1500,1000,1700,300,95753,95903,93686,96590,98604,98360,12821,0
260000,2,2,3,2,2,2,2,2,2,2500,2500,2500,2500,2500,2500,0,0,0,0,0,0,257500,257500,257500,257500,257500,257500,15000,1
50000,3,3,3,-1,-1,-1,-1,-1,-1,24077,22385,3000,5260,1025,5900,1000,3008,5260,1025,5900,2800,25923,27615,47000,44740,48975,44100,42654,0
200000,1,4,2,-1,-1,-1,-1,-1,-1,74961,69702,63210,57098,46455,38265,2513,1656,5000,20000,15000,14000,125039,130298,136790,142902,153545,161735,291522,0
260000,2,2,3,-2,-2,-2,-2,-2,-2,209,217,613,2339,1474,1254,217,613,2339,0,1254,431,259791,259783,259387,257661,258526,258746,1252,0
470000,3,2,2,2,-1,-1,-1,-1,-1,499024,494290,470617,398523,389927,381295,20600,19000,14000,13600,13600,13500,-29024,-24290,-617,71477,80073,88705,2539376,1
100000,2,2,3,-1,-1,-1,-1,-1,2,76828,77371,85154,84914,83097,1308,4000,10200,2100,2850,0,72375,23172,22629,14846,15086,16903,98692,317147,0
360000,1,2,2,-1,-1,-1,-2,-1,-1,509,1350,0,0,1713,4819,1363,0,0,1713,4819,6439,359491,358650,360000,360000,358287,355181,-5943,1
50000,2,2,1,-1,-1,-1,-1,-1,-1,42025,37828,6382,6284,6681,6813,1500,2000,1000,500,243,256,7975,12172,43618,43716,43319,43187,100514,0
20000,2,2,1,-1,-1,-1,-1,-1,-1,18774,18608,18312,18474,18074,19618,1700,1577,2000,808,2000,2000,1226,1392,1688,1526,1926,382,101775,0
360000,2,4,2,1,-2,-2,-2,-2,-2,0,0,0,0,0,0,0,0,0,0,0,0,360000,360000,360000,360000,360000,360000,0,1
190000,1,2,2,-1,-1,-1,-1,-1,-1,182396,187565,188334,182889,81409,85059,8300,5302,6037,3500,5000,4000,7604,2435,1666,7111,108591,104941,875513,0
180000,2,4,2,-1,-1,-1,-1,-1,-1,59076,50505,38547,63249,51437,45279,3000,3000,33000,2000,2000,2000,120924,129495,141453,116751,128563,134721,263093,0
220000,2,2,2,-1,-1,-1,-1,-1,-1,228754,227903,93311,67900,64150,6000,10626,3600,3100,4000,6000,0,-8754,-7903,126689,152100,155850,214000,660692,0
200000,3,1,2,-1,-1,-1,-1,-1,-1,75420,73548,47100,27112,21220,15719,3015,1903,10033,949,10078,92757,124580,126452,152900,172888,178780,184281,141384,0
150000,2,4,1,-1,-1,-1,-2,-1,-1,1739,1984,112,0,3865,5562,1984,112,0,3865,5575,10963,148261,148016,149888,150000,146135,144438,-9237,0
240000,2,1,3,-1,-1,-1,-1,-1,-1,22165,21292,16469,13737,9071,177268,7002,3002,5002,3009,177004,5452,217835,218708,223531,226263,230929,62732,59531,1
340000,2,4,1,-1,-1,-1,-1,-1,-1,329096,259604,231178,201471,181740,140088,10025,7007,7865,5795,5000,4000,10904,80396,108822,138529,158260,199912,1303485,0
100000,2,4,1,-1,-1,-1,-1,-1,-1,53743,52320,46686,44497,44674,42653,3000,2500,3000,2000,5000,2600,46257,47680,53314,55503,55326,57347,266473,0
80000,3,1,1,-1,-1,-1,-1,-1,-1,42488,43805,45126,45775,48033,56981,2000,2051,1700,3000,10000,2200,37512,36195,34874,34225,31967,23019,261257,0
210000,1,1,3,-1,-1,-1,-1,-1,-1,60183,63035,70237,70228,67289,85008,10000,10000,10000,2576,20000,10000,149817,146965,139763,139772,142711,124992,353404,0
300000,2,2,2,-1,-1,-1,-1,-1,-1,5848,24718,45114,16949,9537,0,24718,45533,17136,0,0,0,294152,275282,254886,283051,290463,300000,14779,0
220000,3,2,2,-1,-1,2,-1,-1,-1,200,400,200,200,350,350,400,0,200,350,350,200,219800,219600,219800,219800,219650,219650,200,1
250000,1,4,4,1,-2,-1,-1,-1,-1,0,0,138,946,377,0,0,138,946,377,0,0,250000,250000,249862,249054,249623,250000,0,0
70000,2,2,2,-1,-1,-1,-1,-1,-1,37199,38296,39357,40302,41202,41865,1700,1700,1600,1700,1500,1600,32801,31704,30643,29698,28798,28135,228421,0
170000,1,2,1,2,-1,-1,-1,2,2,46899,45809,44572,43211,41394,37958,2732,2578,2300,2000,1200,0,123101,124191,125428,126789,128606,132042,249033,0
160000,2,4,2,-1,-1,-1,-1,-1,-1,57287,12226,13962,14844,15716,131874,1264,2000,1000,1000,116425,4500,102713,147774,146038,145156,144284,28126,119720,0
110000,2,2,1,-1,-1,-1,-1,-1,-1,105927,65575,66495,67415,68538,78911,2375,2395,2397,2583,12000,2583,4073,44425,43505,42585,41462,31089,428528,0
60000,1,4,1,-2,-1,-1,-1,-1,-1,564,2035,2175,3528,10260,6378,2045,2175,3528,10260,6378,6869,59436,57965,57825,56472,49740,53622,-6315,0
290000,2,4,1,-2,-1,-1,-1,-1,-1,0,1591,0,302,390,1278,1591,0,302,390,1278,0,290000,288409,290000,289698,289610,288722,0,0
240000,3,4,2,-1,-1,-1,-1,-1,-1,221960,223205,226399,203561,205730,199631,9500,10000,7100,7500,7990,7000,18040,16795,13601,36439,34270,40369,1231396,0
30000,2,4,1,4,3,2,2,2,2,28607,27868,28312,28747,29439,29909,0,1200,1200,1300,1100,0,1393,2132,1688,1253,561,91,168082,0
490000,1,1,3,-1,-1,-1,-1,-1,-1,9763,7059,5606,3136,3353,12336,7059,6000,3136,3353,12336,1493,480237,482941,484394,486864,486647,477664,7876,1
20000,3,2,3,1,-1,2,-1,-1,-1,-20,780,780,1560,780,0,800,0,0,0,0,0,20020,19220,19220,18440,19220,20000,3080,0
260000,1,2,2,-1,-1,-1,-1,-2,-2,254332,257628,161545,0,0,0,11710,7503,0,0,0,195603,5668,2372,98455,260000,260000,260000,458689,0
210000,1,4,2,-1,2,-1,-1,-1,-1,552,276,381,404,943,1909,0,381,404,943,1909,465,209448,209724,209619,209596,209057,208091,363,0
300000,1,2,3,-2,-2,-1,-1,-1,-1,3289,5189,7128,5916,9634,0,5189,7128,5923,9634,0,6485,296711,294811,292872,294084,290366,300000,-3203,0
40000,2,1,3,-1,-1,-1,-1,-2,-2,780,0,780,0,0,0,0,780,0,0,0,0,39220,40000,39220,40000,40000,40000,780,0
500000,1,2,2,-1,-1,-1,-1,-1,-1,3214,0,3030,1167,2255,0,0,3030,1167,2255,0,0,496786,500000,496970,498833,497745,500000,3214,0
260000,1,4,2,2,-1,-1,-1,-1,-1,1196,1563,1443,1443,1443,1443,2000,1500,1443,1443,1443,3943,258804,258437,258557,258557,258557,258557,-3241,0
90000,2,2,2,-1,-1,-1,-1,-1,-1,85220,86745,71536,72964,64487,65845,3000,3000,2411,2294,2383,2285,4780,3255,18464,17036,25513,24155,431424,1
20000,2,2,1,-2,-2,-2,-2,-2,-2,0,0,0,0,0,0,0,0,0,0,0,0,20000,20000,20000,20000,20000,20000,0,0
270000,1,4,2,-1,-1,-1,-1,-1,-1,167428,168827,148031,92943,94464,92899,6155,5382,3270,3377,3329,3553,102572,101173,121969,177057,175536,177101,739526,1
100000,2,1,3,-1,-1,2,2,-1,-1,58392,61562,61392,59619,59814,58571,5500,2000,2,2007,2225,1947,41608,38438,38608,40381,40186,41429,345669,0
350000,1,2,2,-1,-1,-1,-2,-2,-2,51900,1000,0,0,0,0,1000,0,0,0,0,0,298100,349000,350000,350000,350000,350000,51900,0
200000,2,1,2,-1,-1,2,-1,-1,-1,162,1879,1707,617,620,0,1879,8,617,3,0,0,199838,198121,198293,199383,199380,200000,2478,0
30000,2,4,2,1,2,-1,-1,-1,-1,26981,26264,27240,27440,28000,0,0,1500,600,560,0,15225,3019,3736,2760,2560,2000,30000,118040,0
20000,2,4,1,-1,-1,-1,-1,-1,-1,390,390,390,390,390,390,390,390,390,390,390,390,19610,19610,19610,19610,19610,19610,0,0
240000,1,4,1,-1,-1,-1,-1,-1,-1,1356,326,326,326,476,326,326,326,326,476,326,3926,238644,239674,239674,239674,239524,239674,-2570,0
50000,1,2,2,1,2,2,-1,-1,-1,7690,8805,9502,10189,10869,11533,1400,1000,1000,1000,1000,1000,42310,41195,40498,39811,39131,38467,52188,0
80000,1,2,3,-1,-1,-1,-1,-1,-1,68677,68947,67025,64850,63658,63005,3152,2873,2380,2401,2492,2073,11323,11053,12975,15150,16342,16995,380791,0
160000,1,2,1,-1,-1,-2,-2,-2,-2,2275,0,0,0,0,0,0,0,0,0,0,0,157725,160000,160000,160000,160000,160000,2275,0
250000,2,4,1,-1,-1,-1,-1,-1,-1,70522,72062,73511,75314,74172,71933,2667,2700,3000,5000,2800,1800,179478,177938,176489,174686,175828,178067,419547,0
50000,2,4,2,-1,-1,-1,-1,-1,-1,422,1334,3962,0,660,1840,1532,3962,0,660,1840,0,49578,48666,46038,50000,49340,48160,224,1
80000,3,2,3,-1,-1,-1,2,2,3,2516,0,1890,1712,4180,3820,0,1890,0,2523,0,0,77484,80000,78110,78288,75820,76180,9705,0
90000,2,2,2,-1,-1,-1,-1,-1,-1,27571,337,3734,-45,1905,22636,337,3740,38,1950,22636,0,62429,89663,86266,90045,88095,67364,27437,0
20000,2,2,1,-1,-1,-1,-1,-1,-1,19666,20076,19875,19659,19310,16286,20700,2000,800,465,1000,0,334,-76,125,341,690,3714,89907,0
50000,2,2,3,1,2,-1,-1,2,2,43791,42809,45085,48020,47120,50319,0,3000,4000,0,4000,2000,6209,7191,4915,1980,2880,-319,264144,0
150000,2,4,1,-1,-1,-1,-1,-1,-1,146480,147880,146958,147218,146817,103651,6380,4570,4500,5000,3300,1300,3520,2120,3042,2782,3183,46349,813954,1
50000,2,2,2,1,-2,-2,-1,-1,-1,0,0,0,2219,390,390,0,0,2219,390,390,390,50000,50000,50000,47781,49610,49610,-390,0
500000,2,4,2,-1,-1,-1,-1,-1,2,17749,22130,42532,-118,67910,54976,10106,42744,0,68445,42,1232,482251,477870,457468,500118,432090,445024,82610,0
200000,1,4,1,-1,-1,-1,-1,-1,-1,326,326,326,326,326,326,326,326,326,326,326,326,199674,199674,199674,199674,199674,199674,0,0
90000,1,4,1,-1,-1,-1,-1,-1,-1,25118,26128,25248,26386,24171,25607,1440,1500,1500,2000,2000,2000,64882,63872,64752,63614,65829,64393,142218,0
100000,2,4,2,-1,-1,-1,-1,-1,-1,100224,101236,101125,96765,99823,96165,4000,3544,3519,5000,3500,4000,-224,-1236,-1125,3235,177,3835,571775,0
600000,2,2,3,-2,-2,-2,-2,-2,-2,2585,1649,3474,1952,2182,2305,1652,3480,1957,2186,2310,7511,597415,598351,596526,598048,597818,597695,-4949,0
20000,2,2,1,-1,2,-1,-1,-1,-1,2880,1435,1170,780,390,0,0,1170,0,0,0,780,17120,18565,18830,19220,19610,20000,4705,0
60000,1,2,2,-1,-1,-1,-1,-1,2,37934,39020,40071,41098,43536,44670,2000,2000,2000,3100,2000,0,22066,20980,19929,18902,16464,15330,235229,0
180000,3,6,3,-1,-1,-1,-1,-1,-1,30712,27597,25427,21230,17357,13303,1774,3000,892,1000,620,440,149288,152403,154573,158770,162643,166697,127900,0
290000,1,2,1,-1,-1,-1,-1,-1,-1,232319,109791,106730,93882,91746,76547,5071,4539,3000,3500,3856,3000,57681,180209,183270,196118,198254,213453,688049,0
230000,3,2,2,-1,-1,-1,-1,-1,-2,8756,930,8400,1900,0,9198,930,8485,1900,0,9198,0,221244,229070,221600,228100,230000,220802,8671,0
180000,2,4,2,-1,-1,-1,-1,-1,-1,115700,119834,121342,124337,127181,130147,6000,5000,5000,5000,6000,5000,64300,60166,58658,55663,52819,49853,706541,0
150000,1,2,2,-1,-1,-1,-1,-1,-1,3415,2419,1541,1345,23018,1989,2425,1541,4,23087,1996,4010,146585,147581,148459,148655,126982,148011,664,0
460000,2,1,2,-1,-1,-1,-1,-1,-1,168182,165850,163366,151904,146707,140104,6051,5677,5350,5473,5218,4542,291818,294150,296634,308096,313293,319896,903802,0
140000,1,4,2,-1,-1,-1,-1,-1,-1,780,177,1170,390,0,930,177,1170,0,0,930,0,139220,139823,138830,139610,140000,139070,1170,0
500000,1,4,3,-1,-1,-1,-1,-1,-1,2345,3595,1537,360,0,785,3595,1537,363,0,785,0,497655,496405,498463,499640,500000,499215,2342,1
20000,3,1,2,-1,-1,-1,-1,-1,-1,6620,7114,3948,18838,-71,8929,2151,3600,20044,65,9000,5203,13380,12886,16052,1162,20071,11071,5315,0
70000,2,2,5,1,2,-1,-1,-1,2,24635,23020,22496,22070,22101,20724,1100,1703,1000,1800,0,900,45365,46980,47504,47930,47899,49276,128543,0
150000,1,2,1,-1,-1,-1,-1,-1,-1,1389,7139,813,3028,5264,208,7139,813,3032,5264,208,3538,148611,142861,149187,146972,144736,149792,-2153,0
10000,2,1,4,2,2,2,2,2,-1,8857,9964,9654,10348,10044,10009,1400,0,1000,0,515,344,1143,36,346,-348,-44,-9,55617,1
500000,1,2,2,-1,-1,-1,-1,-1,-1,76440,1397,56449,55121,54797,19732,1397,56449,1515,1426,747,1476,423560,498603,443551,444879,445203,480268,200926,0
260000,1,2,2,-1,-1,-1,-1,-1,-1,2644,268,157,1484,307,157,268,157,1484,307,157,438,257356,259732,259843,258516,259693,259843,2206,0
10000,4,4,1,-1,-1,-1,-1,-1,-2,5742,4576,4139,2583,0,0,1500,2000,583,0,0,0,4258,5424,5861,7417,10000,10000,12957,0
210000,1,4,2,-1,-1,-1,-1,-1,-1,10128,19631,23906,373,3073,7418,19631,23906,0,3073,7418,11894,199872,190369,186094,209627,206927,202582,-1393,0
180000,1,2,2,-2,-2,-2,-2,-2,-2,2930,3300,2860,4216,2609,9609,3300,2860,4216,2609,9700,6525,177070,176700,177140,175784,177391,170391,-3686,0
40000,2,2,2,-1,-1,-1,-1,-1,-1,37408,37681,37987,37100,37098,37846,1931,1888,1458,1489,1510,1505,2592,2319,2013,2900,2902,2154,215339,0
180000,2,2,2,-1,-1,-1,-2,-2,-2,9705,2170,0,0,0,0,1000,0,0,0,0,0,170295,177830,180000,180000,180000,180000,10875,0
250000,2,2,2,-1,-1,-1,-1,-1,-1,8040,8099,45964,6496,11108,3321,8099,46224,6496,11108,3321,7154,241960,241901,204036,243504,238892,246679,626,0
50000,2,2,1,-1,-1,-1,-1,-1,-1,45256,41608,36554,19367,19705,19696,2161,1621,1000,1000,1000,1000,4744,8392,13446,30633,30295,30304,174404,0
400000,3,4,2,-1,-1,-1,-1,-1,-1,8125,7017,10525,13295,11024,6666,7018,10542,13378,11045,6666,6862,391875,392983,389475,386705,388976,393334,1141,0
240000,1,4,2,-2,-2,-2,-2,-2,-2,0,0,9625,8864,9248,23353,0,9625,0,9248,23353,1205,240000,240000,230375,231136,230752,216647,7659,0
180000,1,2,2,-1,-1,-1,-1,-1,-1,3060,2337,766,316,4356,316,2337,766,316,4356,316,716,176940,177663,179234,179684,175644,179684,2344,0
300000,1,2,2,-1,-1,-1,-1,-1,-1,4499,0,2299,900,1400,0,0,2299,900,1400,0,200,295501,300000,297701,299100,298600,300000,4299,0
300000,2,4,2,-1,-1,-1,-1,-1,-1,192727,194694,188465,189094,179211,87266,8000,8001,5000,4030,4551,20000,107273,105306,111535,110906,120789,212734,981875,0
140000,1,1,2,1,2,-1,-1,2,2,91296,88979,97448,105795,103988,110769,0,10000,10000,0,8500,4100,48704,51021,42552,34205,36012,29231,565675,0
70000,1,4,1,-1,-1,-1,-1,-1,-1,2781,18180,3463,4256,4244,10032,18180,1500,3000,4244,10032,7329,67219,51820,66537,65744,65756,59968,-1329,0
20000,1,4,1,-1,-1,-1,-1,-1,-1,15465,16489,17509,17856,18270,18967,1280,1300,637,700,1000,1600,4535,3511,2491,2144,1730,1033,98039,0
290000,2,1,2,-1,-1,-1,-1,-1,-1,16082,27310,12811,11111,24586,11992,27411,12821,11111,24586,11992,12772,273918,262690,277189,278889,265414,278008,3199,0
130000,2,4,1,2,2,-1,-1,-1,-2,1176,0,41,1062,-201,-201,0,41,1021,0,0,0,128824,130000,129959,128938,130201,130201,815,1
70000,2,1,2,-1,-1,-1,2,2,2,67573,68884,70511,48772,27026,26056,3000,3500,0,2200,0,1000,2427,1116,-511,21228,42974,43944,299122,1
60000,3,4,1,-1,-1,-1,-1,-1,-1,58643,47548,48491,28518,29157,30073,2100,2000,1000,959,1300,500,1357,12452,11509,31482,30843,29927,234571,0
340000,2,2,2,-1,-1,-1,-1,-1,-1,18495,1609,17707,31778,46063,43101,1611,17709,31780,47056,43117,46771,321505,338391,322293,308222,293937,296899,-29291,0
50000,1,2,2,-2,-2,-2,-2,-2,-2,51400,0,0,0,0,0,0,0,0,0,0,0,-1400,50000,50000,50000,50000,50000,51400,0
150000,2,2,1,-1,-1,-1,-1,-1,-1,71593,71123,29040,106509,85608,86191,3060,1531,80000,3101,4000,2438,78407,78877,120960,43491,64392,63809,355934,0
180000,1,4,1,-1,-1,-1,-1,-1,2,90874,79901,82451,83201,77081,74441,3000,3900,3400,5600,0,2600,89126,100099,97549,96799,102919,105559,469449,0
50000,2,4,2,-1,-1,-1,-1,-1,-1,48779,50097,50313,10264,10082,9899,2400,1700,348,354,362,320,1221,-97,-313,39736,39918,40101,173950,0
200000,2,2,2,-1,-1,-1,-1,-1,-1,15138,16396,6989,6619,7362,7252,1513,1106,335,845,1513,413,184862,183604,193011,193381,192638,192748,54031,0
140000,1,2,2,-1,-1,-1,-1,-1,-1,55222,54293,53294,51558,52800,51806,2510,2450,1676,1900,1826,3968,84778,85707,86706,88442,87200,88194,304643,1
190000,2,2,3,2,-1,-1,-1,-1,-1,140329,128107,131132,96083,97453,99426,6800,7000,3585,3700,3754,7900,49671,61893,58868,93917,92547,90574,659791,0
140000,1,4,1,-1,-1,-1,-1,-1,-1,84151,87784,90424,92022,95377,98237,5000,5000,4000,5000,5000,5000,55849,52216,49576,47978,44623,41763,518995,0
50000,2,2,2,1,2,-1,-1,-1,2,50940,48429,23091,10202,10476,10161,0,2000,500,1200,0,500,-940,1571,26909,39798,39524,39839,149099,0
360000,2,1,3,-1,-1,-1,-1,-1,-1,8289,389,389,389,389,389,390,390,390,390,390,375,351711,359611,359611,359611,359611,359611,7909,0
180000,2,2,1,1,2,-1,-1,-1,-1,191262,183554,164619,133372,92101,60389,0,7100,5500,3500,3000,30000,-11262,-3554,15381,46628,87899,119611,776197,0
160000,4,4,3,-1,-1,-1,-1,-1,-1,147977,149890,124283,123733,123275,122624,6000,4370,4400,4470,4420,6350,12023,10110,35717,36267,36725,37376,761772,0
180000,2,2,2,-1,-1,-1,2,-1,-1,40735,36337,36882,34000,34798,35488,1581,4626,0,1500,1419,1400,139265,143663,143118,146000,145202,144512,207714,1
200000,2,2,2,-1,2,-1,-1,-1,-1,3603,272,5881,0,3331,0,0,5881,20,3331,0,8447,196397,199728,194119,200000,196669,200000,-4592,0
350000,1,2,2,-1,-1,-1,-1,-1,-1,67761,63187,58719,60737,63593,82202,8007,2200,3000,4000,20000,8000,282239,286813,291281,289263,286407,267798,350992,0
90000,2,4,1,-1,-1,2,-1,-1,-1,83158,91759,88487,88201,87219,86803,12128,0,3301,3136,3156,3244,6842,-1759,1513,1799,2781,3197,500662,0
50000,3,2,2,-1,-1,-1,2,-1,-1,9110,10454,12274,11780,14578,18309,1500,2000,0,3000,4000,0,40890,39546,37726,38220,35422,31691,66005,0
30000,1,2,1,1,-2,-1,-1,-1,2,0,0,22015,22649,24583,25227,0,22015,1000,2300,1200,0,30000,30000,7985,7351,5417,4773,67959,0
280000,2,2,3,-1,-1,-1,-1,-1,-1,170678,26031,191493,136249,111454,96425,7000,208141,5003,5002,5000,3000,109322,253969,88507,143751,168546,183575,499184,0
140000,2,2,1,-1,-1,-1,-1,-1,-1,140876,48005,13650,12371,12511,10697,3600,4015,600,500,800,119,-876,91995,126350,127629,127489,129303,228476,0
200000,1,2,2,-2,-2,-2,-2,-2,-2,0,0,0,0,0,0,0,0,0,0,0,0,200000,200000,200000,200000,200000,200000,0,0
20000,3,1,1,-1,-1,-1,-2,-2,-2,11136,20649,-1001,-1,-1,-1,10000,0,1000,0,0,0,8864,-649,21001,20001,20001,20001,19781,0
120000,2,4,1,-1,-1,-1,-1,-1,-1,4174,3821,1113,390,390,14613,3821,1113,390,390,14613,770,115826,116179,118887,119610,119610,105387,3404,0
130000,3,1,4,3,3,2,-1,-1,-1,131139,132596,127906,86109,81941,84545,6000,0,3029,4000,5000,3300,-1139,-2596,2094,43891,48059,45455,622907,0
150000,3,2,2,-1,-1,-1,-1,-1,-1,148352,151267,143254,137379,35290,1200,5210,5212,4610,706,1200,0,1648,-1267,6746,12621,114710,148800,599804,0
10000,1,2,2,-1,-1,-1,-1,-1,-1,7600,8473,8793,9106,7792,7500,3000,3000,3014,3000,3000,7589,2400,1527,1207,894,2208,2500,26661,0
200000,2,2,4,-1,-1,-1,-1,-1,-1,105836,108055,110258,112451,115090,117064,3923,4001,4025,4451,4167,3527,94164,91945,89742,87549,84910,82936,644660,0
480000,2,1,3,-2,-1,-1,-1,-1,-1,21149,1729,20468,-16,3109,18216,1743,20690,0,3125,18307,524,458851,478271,459532,480016,476891,461784,20266,0
80000,3,4,2,-1,-1,-1,-1,-1,-1,4285,1866,5256,4451,9937,13102,1866,5256,4451,9937,9000,22000,75715,78134,74744,75549,70063,66898,-13613,0
200000,2,2,2,-1,-1,-1,-1,-1,-1,173103,176817,180416,184018,188151,199766,6500,6546,6600,7100,15000,0,26897,23183,19584,15982,11849,234,1060525,0
50000,2,2,3,1,2,2,2,2,-1,37458,38514,30266,30897,30050,24651,2010,0,2000,0,2000,2000,12542,11486,19734,19103,19950,25349,183826,0
130000,3,2,2,-1,-1,-1,-1,-1,-1,326,326,4058,5732,7406,4124,326,4058,2000,2000,4124,326,129674,129674,125942,124268,122594,125876,9138,1
200000,2,1,1,2,2,7,7,7,7,2443,2443,2443,2443,2443,2443,0,0,0,0,0,0,197557,197557,197557,197557,197557,197557,14658,1
170000,1,1,2,-1,-1,-1,-1,2,-1,82898,80400,29253,29196,22400,3605,10000,1400,2500,0,3605,0,87102,89600,140747,140804,147600,166395,230247,0
150000,1,1,3,-1,-1,-1,-1,-1,-1,97832,98403,99263,100920,86781,71408,4555,3500,3300,3027,3000,2700,52168,51597,50737,49080,63219,78592,534525,0
510000,1,4,2,-1,-1,-1,-1,-1,-1,198,3125,200,22397,28782,18617,3125,200,22397,18000,1000,1602,509802,506875,509800,487603,481218,491383,26995,0
270000,2,2,5,1,-1,-1,-1,-1,-1,0,2521,5145,8422,6374,1566,2521,5184,8422,6374,0,1429,270000,267479,264855,261578,263626,268434,98,0
130000,2,2,1,2,2,-1,-1,-1,-1,134836,128038,126862,97925,100484,54125,0,5000,3500,4055,10000,50000,-4836,1962,3138,32075,29516,75875,569715,1
130000,3,2,4,-1,-1,-1,-1,-1,-1,125824,80801,81929,41671,42034,32219,4000,4000,3000,2500,1500,2000,4176,49199,48071,88329,87966,97781,387478,1
120000,2,2,2,-2,-2,-2,-1,-1,-1,67,0,0,222,836,1259,0,0,222,836,1259,2797,119933,120000,120000,119778,119164,118741,-2730,0
140000,1,1,3,-1,-1,-1,-1,-1,-1,1872,1249,1872,1453,1453,1034,1249,1872,1453,1453,1034,1872,138128,138751,138128,138547,138547,138966,0,0
360000,1,4,2,-1,-1,-1,-1,-1,-2,6392,3773,17917,21057,0,0,3000,18117,5371,0,0,0,353608,356227,342083,338943,360000,360000,22651,0
50000,2,2,1,-1,-1,-1,2,-1,-1,15519,19520,21103,20101,20402,20132,5000,2300,0,1000,2000,1000,34481,30480,28897,29899,29598,29868,105477,0
30000,2,2,2,-1,2,2,3,2,2,699,309,-471,1479,1320,930,0,0,1950,0,390,0,29301,29691,30471,28521,28680,29070,1926,1
30000,3,2,1,1,-1,2,-1,-1,-1,-857,29237,1170,780,10500,0,30484,0,0,10500,0,0,30857,763,28830,29220,19500,30000,-154,0
150000,1,2,3,-1,2,2,-1,-1,-1,496,1188,940,965,965,726,940,0,965,0,726,0,149504,148812,149060,149035,149035,149274,2649,0
50000,3,1,4,-1,-1,-1,-2,-2,-1,50456,51400,0,0,0,10400,2400,0,0,0,10400,0,-456,-1400,50000,50000,50000,39600,99456,0
10000,2,2,1,-1,-1,-1,-1,-1,-1,8730,8523,9527,9713,9762,10312,1303,1307,493,354,712,0,1270,1477,473,287,238,-312,52398,0
60000,3,2,1,1,2,-1,-1,-1,-1,61966,60308,47536,17079,18219,19542,0,5021,5000,2000,2000,1720,-1966,-308,12464,42921,41781,40458,208909,0
200000,2,4,1,-1,-1,-1,-1,-1,-1,63314,64699,66029,66836,68390,69800,3000,3000,2500,2632,2700,3500,136686,135301,133971,133164,131610,130200,381736,0
50000,3,2,3,-1,-1,-1,-1,-1,-1,50297,46613,46666,20162,19864,19680,1852,4050,676,730,866,3000,-297,3387,3334,29838,30136,30320,192108,1
10000,2,2,1,1,3,2,2,2,-1,11640,10685,9730,11645,10702,10392,0,0,3000,0,500,1000,-1640,-685,270,-1645,-702,-392,60294,0
310000,1,4,3,-1,-1,-1,-1,-1,-1,11983,7759,16799,32372,6680,4732,7797,16818,20313,1006,4739,6615,298017,302241,293201,277628,303320,305268,23037,0
170000,2,2,1,-1,-1,-1,-1,-1,-1,3362,64602,18070,910,9080,4839,64612,4000,910,9080,4839,5130,166638,105398,151930,169090,160920,165161,12292,0
310000,2,1,2,-1,-1,-1,-1,-1,-1,63908,64224,4595,636,72955,-18,1867,1023,641,73319,0,150,246092,245776,305405,309364,237045,310018,129300,0
20000,1,1,4,-1,-1,-2,-2,-2,-2,9164,0,0,0,0,0,0,50000,0,1300,0,0,10836,20000,20000,20000,20000,20000,-42136,1
230000,1,2,2,1,-2,-2,-2,-2,-2,0,0,0,0,0,0,0,0,0,0,0,0,230000,230000,230000,230000,230000,230000,0,1
50000,1,2,2,-1,-1,-1,-1,-1,-1,4560,7302,9011,11540,14180,15307,3000,2000,3000,3000,2000,5000,45440,42698,40989,38460,35820,34693,43900,0
260000,1,4,1,-1,-1,-1,-1,-1,-1,39105,45868,44567,37437,41321,43970,8000,8000,9000,13000,12000,10000,220895,214132,215433,222563,218679,216030,192268,0
110000,2,4,4,2,-1,-1,-1,-1,-1,89595,126322,59115,57149,54180,51796,2437,3804,1857,1840,1832,1648,20405,-16322,50885,52851,55820,58204,424739,0
210000,1,4,2,1,-2,-2,-2,-2,-2,0,0,0,0,0,0,0,0,0,0,0,0,210000,210000,210000,210000,210000,210000,0,1
260000,2,2,2,-1,-1,-1,-1,-1,-1,62446,54074,46407,38874,31324,24031,2000,2000,2000,2000,2000,72000,197554,205926,213593,221126,228676,235969,175156,0
400000,3,1,4,-1,-1,-1,-1,-1,-1,373702,343591,352484,338823,283288,185288,13000,15000,14000,11500,8000,7000,26298,56409,47516,61177,116712,214712,1808676,0
20000,2,1,4,-1,-1,2,2,-1,-1,21116,21470,200,0,28740,1295,21654,0,0,28740,1565,0,-1116,-1470,19800,20000,-8740,18705,20862,0
180000,2,2,3,-2,-2,-2,-2,-2,-2,390,1260,598,2056,4300,1802,1260,598,2056,4300,1802,3691,179610,178740,179402,177944,175700,178198,-3301,0
180000,2,2,1,3,2,2,-1,-1,2,129728,132185,126527,126407,131572,127154,6006,5,5008,10006,10,5004,50272,47815,53473,53593,48428,52846,747534,0
30000,3,2,3,2,2,2,-1,-1,-1,28290,30728,29701,29121,29715,0,3600,0,600,594,0,0,1710,-728,299,879,285,30000,142761,0
50000,2,2,2,-1,-1,-1,-1,-1,-1,40798,38937,34737,18702,15604,16333,2000,2000,1000,578,1000,1000,9202,11063,15263,31298,34396,33667,157533,0
150000,1,2,1,-1,-1,2,2,2,2,131490,145714,147332,149199,151978,148131,16441,5500,5800,5400,5000,0,18510,4286,2668,801,-1978,1869,835703,0
30000,1,4,1,4,4,3,2,3,2,29944,29399,28632,30363,29594,30932,206,0,2500,0,2000,0,56,601,1368,-363,406,-932,174158,0
60000,1,2,1,-1,-1,-1,-1,-1,-1,8169,11027,27469,150,262,3467,3000,17000,0,262,3467,11250,51831,48973,32531,59850,59738,56533,15565,0
500000,1,1,3,2,2,2,-1,-1,2,267116,271396,265433,270868,285667,290318,10100,0,9932,19502,9600,10031,232884,228604,234567,229132,214333,209682,1591633,1
180000,1,2,2,2,2,-2,-2,-2,-1,1310,0,0,0,0,1350,0,0,0,0,1350,1210,178690,180000,180000,180000,180000,178650,100,1
180000,3,1,2,-1,-1,-1,-1,-1,-1,111752,54470,48311,38221,33947,24731,2258,1734,1183,1174,1000,537,68248,125530,131689,141779,146053,155269,303546,0
60000,2,2,3,-1,-1,-1,-1,-1,-1,46578,39085,18628,19002,19715,18900,1308,1290,664,1003,693,759,13422,20915,41372,40998,40285,41100,156191,1
200000,1,2,2,1,-2,-2,-2,-2,-1,0,0,0,0,0,5659,0,0,0,0,5659,0,200000,200000,200000,200000,200000,194341,0,0
150000,2,2,1,-1,-1,-1,-1,-1,-1,147476,140352,110722,98874,65258,58027,6640,4100,4000,2675,2500,1500,2524,9648,39278,51126,84742,91973,599294,1
190000,2,1,4,2,-1,-1,-1,-1,-1,135184,139664,142293,113086,115433,117789,6586,5881,3292,3399,3469,5000,54816,50336,47707,76914,74567,72211,735822,0
170000,2,2,3,-1,-1,-1,-1,-1,-1,102141,100600,103156,94090,95922,99324,4002,5107,3600,3500,5000,3000,67859,69400,66844,75910,74078,70676,571024,0
280000,1,2,1,-1,-1,-1,-1,-1,-1,135056,130889,127768,130339,133035,135715,4547,4584,3647,3757,3799,3912,144944,149111,152232,149661,146965,144285,768556,0
290000,3,2,3,-1,-1,-1,-1,-1,-1,1994,390,390,390,390,780,390,390,390,390,780,568,288006,289610,289610,289610,289610,289220,1426,0
240000,2,1,3,-1,-1,-1,-1,-1,-1,21643,19743,20298,15475,15852,16208,1400,1300,1000,1000,1000,1000,218357,220257,219702,224525,224148,223792,102519,0
110000,2,2,1,-1,-1,-1,-1,-1,2,42667,43734,43495,43504,45987,44274,2600,1667,1525,4000,0,3000,67333,66266,66505,66496,64013,65726,250869,0
140000,1,4,1,-1,-1,-1,-1,-1,-1,126785,129752,132554,268084,137061,129250,6500,6500,5000,5000,5568,3600,13215,10248,7446,-128084,2939,10750,891318,0
250000,2,1,2,2,-1,-1,-1,-1,-1,67788,22453,13683,22970,5409,4490,5080,5028,15127,8028,5021,6032,182212,227547,236317,227030,244591,245510,92477,1
100000,3,2,2,2,2,-1,-1,-1,-1,103540,98205,12605,10437,7920,7350,254,1418,250,306,524,23910,-3540,1795,87395,89563,92080,92650,213395,0
20000,3,2,4,-1,-1,2,-1,-1,2,6268,8221,6997,8028,9510,8815,3000,0,3000,2000,0,5363,13732,11779,13003,11972,10490,11185,34476,0
120000,2,4,1,2,-1,-1,-1,-1,-1,51244,51819,53375,54620,56170,57240,2000,2000,1700,2000,1700,1656,68756,68181,66625,65380,63830,62760,313412,0
120000,1,2,2,1,-2,-1,-1,-2,-2,0,0,1990,0,0,0,0,1990,0,0,0,0,120000,120000,118010,120000,120000,120000,0,0
130000,2,4,1,1,2,2,2,-1,-1,4393,4178,10018,5353,5465,4559,0,6000,0,173,326,80,125607,125822,119982,124647,124535,125441,27387,0
10000,2,2,1,-1,-1,2,2,-1,-1,6933,9301,9000,0,10500,10674,2500,0,1000,10500,368,184,3067,699,1000,10000,-500,-674,31856,0
100000,1,2,2,-1,-1,2,2,-1,-1,27163,29408,29395,28895,105,955,3000,1000,0,1000,1000,1000,72837,70592,70605,71105,99895,99045,108921,0
70000,2,2,2,2,2,2,2,2,2,16965,17398,18310,18611,18966,19403,1000,1500,900,800,900,2000,53035,52602,51690,51389,51034,50597,102553,1
360000,1,1,2,-1,-1,-1,-1,-1,-1,25078,20970,14407,6820,10099,7806,21006,14430,6820,10099,7806,7862,334922,339030,345593,353180,349901,352194,17157,0
130000,1,4,1,-2,-2,-2,-2,-2,-1,0,0,0,402,0,2054,0,0,402,0,2054,0,130000,130000,130000,129598,130000,127946,0,0
240000,2,1,2,-1,-1,-1,-1,-1,-1,132090,143966,155632,162379,156655,157536,20030,20000,10070,10037,13137,10052,107910,96034,84368,77621,83345,82464,824932,0
20000,2,2,2,1,-2,-2,-2,-2,-1,0,0,0,0,0,8081,0,0,0,0,8081,0,20000,20000,20000,20000,20000,11919,0,1
60000,1,2,3,-1,3,2,-1,-1,-1,495,330,495,330,165,340,0,330,0,0,340,0,59505,59670,59505,59670,59835,59660,1485,0
20000,2,1,3,4,3,2,-1,-1,-1,21605,20987,20200,19600,19600,20000,0,0,0,0,400,0,-1605,-987,-200,400,400,0,121592,0
50000,2,4,1,-1,-1,-1,-1,-1,-1,45013,43995,39478,19865,19388,19792,2007,1358,680,845,871,1000,4987,6005,10522,30135,30612,30208,180770,0
230000,1,4,2,-1,-1,-1,-1,-1,-1,20356,21504,21729,23113,22936,23378,1676,1700,2007,1000,1000,1000,209644,208496,208271,206887,207064,206622,124633,0
60000,1,2,1,-1,-1,-1,-1,2,2,40851,41891,44788,47728,48617,49669,2000,3600,3700,1800,2000,0,19149,18109,15212,12272,11383,10331,260444,0
100000,2,1,3,-1,-1,-1,-1,-1,-1,100699,94528,89010,81545,75592,68715,3368,3995,2800,3267,2919,334,-699,5472,10990,18455,24408,31285,493406,1
340000,1,2,3,1,-2,-2,-1,-1,-1,-11,-11,-11,2894,0,530,0,0,2905,0,530,0,340011,340011,340011,337106,340000,339470,-44,1
260000,1,2,2,-1,-1,-1,-1,-1,-1,14096,15558,16986,17700,19401,21067,2000,2000,1000,2000,2000,2000,245904,244442,243014,242300,240599,238933,93808,0
220000,1,4,3,-1,-1,-2,-2,-2,-2,2500,0,0,0,0,0,0,0,0,0,0,0,217500,220000,220000,220000,220000,220000,2500,0
130000,1,4,1,-2,-2,-2,-2,-2,-2,5188,-26,3955,0,708,2773,0,3981,0,708,2773,860,124812,130026,126045,130000,129292,127227,4276,0
300000,1,2,1,-1,-1,-1,-1,-1,-1,298072,305851,245210,204845,190840,165498,13636,10633,7016,10058,7125,5035,1928,-5851,54790,95155,109160,134502,1356813,0
50000,3,1,3,1,2,-1,-1,-1,-1,66978,65198,48951,17744,36230,37128,0,2600,635,657,750,501,-16978,-15198,1049,32256,13770,12872,267086,1
30000,2,4,1,1,2,2,2,2,2,26568,27456,27915,27185,28806,28208,1600,1200,0,2200,0,2500,3432,2544,2085,2815,1194,1792,158638,0
280000,1,2,2,1,-2,-1,-1,-1,-2,0,0,3508,3508,-200,-200,0,3508,0,0,0,0,280000,280000,276492,276492,280200,280200,3108,1
50000,3,2,1,2,2,2,-1,-1,-1,22578,23720,23046,23314,23801,24354,1800,0,950,862,947,814,27422,26280,26954,26686,26199,25646,135440,0
200000,3,2,3,-1,-1,-1,-1,2,-1,1554,1645,1408,1800,819,886,1345,1108,669,0,886,2415,198446,198355,198592,198200,199181,199114,1689,0
360000,2,1,2,-1,-1,-1,-1,-1,-1,7230,9835,8217,2963,15437,15722,5017,2041,2980,16038,8032,10095,352770,350165,351783,357037,344563,344278,15201,0
50000,2,2,1,-1,-1,-1,-1,-1,-1,47038,51310,49956,19485,13925,15706,10020,2170,1200,4000,15706,10000,2962,-1310,44,30515,36075,34294,154324,0
280000,1,4,2,-2,-2,-2,-2,-2,-2,1558,0,940,0,699,0,0,940,0,699,0,399,278442,280000,279060,280000,279301,280000,1159,0
50000,1,4,3,-1,-1,-1,-1,-1,-1,42627,39610,26538,20818,19759,17907,1610,1279,687,690,671,506,7373,10390,23462,29182,30241,32093,161816,0
180000,3,2,2,-2,-2,-2,-2,-2,-2,247,1562,1548,768,0,0,1562,1548,768,0,0,0,179753,178438,178452,179232,180000,180000,247,0
140000,2,2,2,1,-1,-1,-1,-1,-2,0,177,1460,1460,0,0,177,1460,0,0,0,0,140000,139823,138540,138540,140000,140000,1460,1
120000,1,4,2,2,-1,-1,-1,-1,-1,18653,19844,20908,21560,22214,22845,1500,1400,1000,1000,1000,2000,101347,100156,99092,98440,97786,97155,118124,1
20000,2,2,2,-1,-1,-1,-1,-1,-1,20001,20041,20205,19998,20367,20399,1400,1290,694,869,2102,1214,-1,-41,-205,2,-367,-399,113442,0
130000,1,4,2,3,2,2,-1,-1,-1,8830,9533,10220,10353,10636,10711,1000,1000,600,600,400,600,121170,120467,119780,119647,119364,119289,56083,1
60000,2,4,1,-1,-1,-1,-1,-1,-1,54932,85672,41483,19394,18893,19043,1900,1572,1000,700,668,6000,5068,-25672,18517,40606,41107,40957,227577,1
360000,1,4,4,-1,-1,-1,-1,-1,-1,11530,11753,0,2855,1730,0,11763,0,2855,1730,0,11150,348470,348247,360000,357145,358270,360000,370,0
360000,1,2,2,-1,-1,-1,-1,-1,-1,26833,23626,20571,15423,15001,14917,1722,2636,1006,1003,1011,2003,333167,336374,339429,344577,344999,345083,106990,0
260000,3,2,3,-1,-1,-1,2,2,-1,137614,137133,134970,88806,86858,89970,5700,9000,4500,0,5000,3700,122386,122867,125030,171194,173142,170030,647451,1
50000,3,2,2,-1,-1,-1,-1,-1,-1,50612,43616,43339,29735,30360,29697,1879,1863,1042,1081,1081,1072,-612,6384,6661,20265,19640,20303,219341,0
20000,2,2,3,-1,-1,-1,-1,-1,-1,54,54,54,54,54,54,0,0,0,0,0,2966,19946,19946,19946,19946,19946,19946,-2642,1
80000,1,1,2,-1,-1,2,2,2,-1,73839,78934,76649,81845,80021,82334,6700,0,7500,0,4200,3000,6161,1066,3351,-1845,-21,-2334,452222,1
210000,1,4,2,-1,-1,-1,-1,-1,-1,1993,2722,2753,291,582,291,1062,1000,0,582,0,2682,208007,207278,207247,209709,209418,209709,3306,1
500000,2,2,2,-1,-1,-2,-2,-2,-2,380417,377866,-3634,-3634,-3634,-3634,9027,3634,0,1907,0,210000,119583,122134,503634,503634,503634,503634,519179,0
50000,2,1,2,-1,-1,-1,-1,-1,-1,51319,52214,50260,32502,27697,25940,5000,2300,1100,1000,1000,1500,-1319,-2214,-260,17498,22303,24060,228032,1
30000,2,4,1,2,-1,-1,-2,-2,-2,29810,1651,0,0,0,0,1000,0,0,0,0,0,190,28349,30000,30000,30000,30000,30461,0
260000,2,1,2,-1,-1,-1,-1,-1,-1,17949,5693,28669,1207,2654,1441,5722,28811,1313,2667,1447,2588,242051,254307,231331,258793,257346,258559,15065,0
200000,1,1,3,-1,-1,-1,-1,-1,-1,4394,3366,9379,4253,4403,4326,3405,9436,4274,4424,4347,10741,195606,196634,190621,195747,195597,195674,-6506,0
290000,2,4,3,-1,-1,-1,-1,-1,-1,6959,6891,980,4059,2473,3332,6891,980,4059,2473,3332,3203,283041,283109,289020,285941,287527,286668,3756,0
30000,2,2,1,-1,-1,-1,-1,-1,-1,10410,11431,12439,12530,12790,12891,1495,1503,594,610,462,478,19590,18569,17561,17470,17210,17109,67349,0
260000,2,6,2,-1,-1,-1,-1,-1,-1,8000,8000,8000,8000,24406,18043,8000,8000,8000,24406,2000,389,252000,252000,252000,252000,235594,241957,23654,0
500000,2,1,2,-1,-1,-1,-1,-1,-1,88832,90687,84613,89944,80339,77214,6047,5016,10055,2513,3009,14542,411168,409313,415387,410056,419661,422786,470447,0
180000,2,4,2,-2,-2,-2,-1,-1,-2,0,0,0,2072,-28,-28,0,0,2072,0,0,0,180000,180000,180000,177928,180028,180028,-56,0
50000,3,2,2,2,-1,-1,-1,-1,-1,50110,50322,27078,19107,19506,20024,1500,1620,1000,707,841,657,-110,-322,22922,30893,30494,29976,179822,1
450000,1,4,3,-1,-1,-1,-1,-2,-2,9612,19253,6665,0,0,0,19293,6665,0,0,0,8768,440388,430747,443335,450000,450000,450000,804,0
110000,3,2,1,-1,-1,-1,-1,-1,-1,78453,48208,8882,47695,48461,48903,1500,1900,40000,2000,1800,1400,31547,61792,101118,62305,61539,61097,232002,0
340000,1,2,1,-1,-1,-1,-1,-1,-1,191426,190339,148694,150872,149218,152598,8200,6500,6000,6000,6000,5000,148574,149661,191306,189128,190782,187402,945447,0
20000,2,4,1,-1,2,2,-1,-1,-1,496,496,-4,400,2800,17333,0,0,404,2800,17333,346,19504,19504,20004,19600,17200,2667,638,0
50000,2,2,2,1,-2,-2,-2,-2,-2,0,0,0,0,0,0,0,0,0,0,0,0,50000,50000,50000,50000,50000,50000,0,1
140000,3,2,2,-1,-1,-1,-1,-1,-1,46915,115681,110827,113078,98901,100466,70000,4130,4600,3600,3600,3708,93085,24319,29173,26922,41099,39534,496230,0
400000,1,2,2,-1,-1,-1,-1,-1,-1,5581,2833,1162,325,325,325,2833,1162,325,325,325,325,394419,397167,398838,399675,399675,399675,5256,0
50000,2,4,3,-1,-1,-1,-2,-2,-2,15584,4377,0,0,0,0,4377,0,0,0,0,0,34416,45623,50000,50000,50000,50000,15584,0
130000,3,2,4,-1,-1,-1,-2,-2,-2,7477,6519,1403,5773,2464,2108,6540,1411,5790,2571,2214,4172,122523,123481,128597,124227,127536,127892,3046,0
70000,2,2,1,-1,-1,-1,-1,-1,-1,34449,35009,21307,8840,8131,7535,1600,1300,500,1000,1000,1500,35551,34991,48693,61160,61869,62465,108371,1
40000,1,4,1,-1,-1,-2,-2,-2,-2,19133,0,0,0,0,0,0,0,0,0,0,0,20867,40000,40000,40000,40000,40000,19133,0
130000,1,4,1,-1,-1,-1,-1,-1,-1,390,99235,98080,97224,97940,99170,99235,4368,3449,3713,3610,3531,129610,30765,31920,32776,32060,30830,374133,0
70000,2,2,3,-1,-1,-1,-1,-1,-1,43045,44088,45102,45861,47951,49252,2036,2050,1809,3000,2251,1627,26955,25912,24898,24139,22049,20748,262526,0
250000,1,2,2,-1,-1,-1,-1,-1,-1,6476,10023,12947,16095,23343,26028,5000,5000,4000,10000,4000,5000,243524,239977,237053,233905,226657,223972,61912,0
150000,4,2,1,2,-1,-1,-1,-1,-1,156252,121999,28119,100540,88865,88526,3468,1867,92920,3578,3000,2200,-6252,28001,121881,49460,61135,61474,477268,0
300000,2,2,2,-1,-1,-1,-1,-1,-1,285038,291480,298378,131103,128742,124882,12507,15056,5027,5007,5063,3039,14962,8520,1622,168897,171258,175118,1213924,0
20000,2,2,1,-2,-2,-2,-2,-2,-1,-331,19398,1238,5300,0,16100,19729,1000,5300,0,16100,0,20331,602,18762,14700,20000,3900,-424,0
20000,2,4,1,-1,-1,-1,-1,-1,-1,6872,7805,8801,18601,18909,39156,1204,1200,10000,538,10000,600,13128,12195,11199,1399,1091,-19156,76602,0
20000,1,4,1,2,2,-1,-1,-1,2,14750,14229,16438,16770,17995,17556,0,2773,605,1500,0,1456,5250,5771,3562,3230,2005,2444,91404,1
210000,3,2,3,1,-1,-1,-1,-1,-1,0,1200,12466,16870,17741,13049,1200,12466,6004,6000,7282,9731,210000,208800,197534,193130,192259,196951,18643,1
220000,1,2,2,-2,-2,-2,-2,-2,-2,332,332,328,1024,1888,1132,333,329,1029,1897,1137,1499,219668,219668,219672,218976,218112,218868,-1188,0
300000,1,2,2,-1,-1,-1,-1,-1,-1,2144,2085,2431,2198,14487,725,2085,2431,2198,14487,725,7818,297856,297915,297569,297802,285513,299275,-5674,0
120000,1,2,2,-1,-1,-1,-1,-1,-1,52234,39644,19920,9155,14155,3867,1575,1800,1500,14000,4000,2850,67766,80356,100080,110845,105845,116133,113250,0
50000,2,4,1,-1,2,-1,-1,-1,-1,6806,6552,7561,7712,7936,47743,0,1125,276,348,40000,1151,43194,43448,42439,42288,42064,2257,41410,1
210000,2,2,3,-1,-1,-1,-2,-2,-2,4221,336,0,0,0,0,336,0,0,0,0,0,205779,209664,210000,210000,210000,210000,4221,0
170000,2,4,4,-1,-1,-1,-1,-1,-1,4767,0,451,0,424,1482,0,451,0,424,1482,688,165233,170000,169549,170000,169576,168518,4079,1
60000,1,4,1,-1,-1,-1,-1,-1,-1,27369,27961,28509,28628,28785,28921,1466,1452,1009,1040,1048,856,32631,32039,31491,31372,31215,31079,163302,0
20000,2,1,3,2,2,3,2,2,2,17213,19041,18449,17857,18735,19277,2400,0,0,1320,1000,0,2787,959,1551,2143,1265,723,105852,1
50000,2,2,1,2,-1,-1,-1,-1,2,41932,38411,30659,30963,30505,28696,1600,1712,1016,2500,0,2848,8068,11589,19341,19037,19495,21304,191490,1
180000,3,2,3,1,-1,-1,-1,-2,-2,0,8016,1200,0,0,0,8016,1200,0,0,0,0,180000,171984,178800,180000,180000,180000,0,0
20000,2,2,1,2,2,2,-1,-1,-1,20574,21041,19055,15335,10812,6483,1100,0,550,288,400,0,-574,-1041,945,4665,9188,13517,90962,1
310000,1,4,2,1,-2,-1,-1,-1,-2,0,0,326,326,-235,-235,0,326,0,0,0,1200,310000,310000,309674,309674,310235,310235,-1344,0
130000,3,1,3,-1,-1,2,-1,-1,-1,11926,18095,5552,3038,11094,8670,10840,3,3041,11202,8671,6485,118074,111905,124448,126962,118906,121330,18133,0
160000,2,4,1,-1,-1,-1,-1,-1,-1,153392,143297,140984,120742,115637,111354,8000,7000,5000,5000,5000,10500,6608,16703,19016,39258,44363,48646,744906,0
500000,1,4,2,-1,-1,-1,-1,-1,-1,48206,45445,43875,34003,33079,28257,2100,1800,1500,1500,2000,10200,451794,454555,456125,465997,466921,471743,213765,0
20000,2,2,1,-1,-1,-1,-1,-1,-1,18920,20302,19477,20210,20077,20022,1700,1300,1000,800,700,750,1080,-302,523,-210,-77,-22,112758,0
70000,3,2,4,-1,-1,-1,-1,-1,-1,14054,15078,15787,16100,16437,16764,1554,1263,576,596,600,622,55946,54922,54213,53900,53563,53236,89009,0
130000,2,2,1,-1,-1,-1,-1,-1,-1,792,0,396,485,46773,47313,0,396,485,46684,1700,1712,129208,130000,129604,129515,83227,82687,44782,0
310000,2,2,3,-1,-1,-1,-1,-1,-1,180225,85799,103459,80237,74627,52057,10000,20000,10000,6000,5000,5000,129775,224201,206541,229763,235373,257943,520404,0
20000,3,4,1,-1,-1,-1,-1,-1,-2,12547,14699,900,900,0,0,14745,900,0,0,0,0,7453,5301,19100,19100,20000,20000,13401,1
180000,3,2,3,-1,-1,-1,-1,-2,-1,3600,5184,5719,0,0,7632,5184,5719,0,0,7632,0,176400,174816,174281,180000,180000,172368,3600,0
30000,3,2,3,1,2,2,2,2,2,12603,13103,13785,13911,13548,14465,1000,1200,646,0,1300,1000,17397,16897,16215,16089,16452,15535,76269,0
50000,2,2,2,-1,-1,-1,-1,2,-1,10960,12030,13125,14104,13735,14307,1250,1300,1200,0,800,600,39040,37970,36875,35896,36265,35693,73111,0
210000,1,4,1,-1,-1,-1,-1,-1,-1,272,894,2168,762,660,3140,902,2168,762,660,3140,0,209728,209106,207832,209238,209340,206860,264,0
90000,1,4,3,2,-1,-1,-1,-1,-1,88346,85975,86302,67592,69518,68228,3500,3500,3000,3000,3000,2800,1654,4025,3698,22408,20482,21772,447161,1
20000,2,2,4,-1,-1,-1,-1,-1,-1,19698,19224,18690,17392,16408,16343,1315,1254,596,592,594,553,302,776,1310,2608,3592,3657,102851,0
130000,1,1,1,1,2,-1,-1,-1,-1,162757,143233,130477,99119,101535,89883,5,6000,5000,5000,100207,1622,-32757,-13233,-477,30881,28465,40117,609170,1
60000,2,4,1,1,-2,-2,-2,-1,-1,0,0,0,0,150,560,0,0,0,150,560,1170,60000,60000,60000,60000,59850,59440,-1170,0
310000,2,2,2,-1,-1,-1,-1,-1,-1,14332,8257,11505,17264,10919,3185,1041,11512,7271,5000,3215,15558,295668,301743,298495,292736,299081,306815,21865,0
80000,2,2,3,-1,-1,-1,-1,-1,-1,81511,65605,62779,634,892,412,3200,3000,1000,1000,412,3542,-1511,14395,17221,79366,79108,79588,199679,0
200000,2,2,3,-1,-1,-1,-1,-1,-1,7261,32333,12610,7850,977,9205,32543,13587,7850,0,9205,0,192739,167667,187390,192150,199023,190795,7051,0
180000,1,2,1,-1,-1,-1,-1,-1,-1,94450,96632,99127,100581,102800,104931,4600,5000,4000,4000,4000,4200,85550,83368,80873,79419,77200,75069,572721,0
200000,1,2,2,1,-2,-2,-2,-2,-2,0,0,0,0,0,0,0,0,0,0,0,0,200000,200000,200000,200000,200000,200000,0,1
180000,3,2,5,-1,-1,-2,-2,-2,-2,1344,0,0,0,0,0,0,0,0,0,0,0,178656,180000,180000,180000,180000,180000,1344,1
10000,2,2,1,-1,-1,-1,-1,-1,-1,17834,8511,1651,9984,10096,9847,1033,1651,9984,415,358,114,-7834,1489,8349,16,-96,153,44368,0
50000,2,2,2,-1,-1,-1,-1,-1,-1,51396,52908,7456,7608,7978,10400,2481,1000,152,370,11000,511,-1396,-2908,42544,42392,42022,39600,122232,0
210000,3,1,2,-1,-1,-1,-1,-1,-1,44249,45146,30089,30400,24236,22002,8130,3027,10018,6,66,4008,165751,164854,179911,179600,185764,187998,170867,0
20000,4,4,1,-1,-1,-1,-1,-1,-1,17576,17632,18385,18657,8539,0,1500,1200,1000,1000,0,0,2424,2368,1615,1343,11461,20000,76089,0
50000,2,2,2,-1,-1,-1,-1,-1,-2,47709,47838,49597,43885,0,0,3007,5230,1927,0,0,0,2291,2162,403,6115,50000,50000,178865,0
290000,1,2,3,-1,-1,-1,-1,-1,-1,197175,210932,217394,221950,228203,233974,17000,10000,10000,10000,10000,5000,92825,79068,72606,68050,61797,56026,1247628,0
360000,1,4,2,-1,-1,-1,-1,-1,-1,16600,19190,20384,23255,22495,380,3194,2384,3271,2509,381,2469,343400,340810,339616,336745,337505,359620,88096,0
500000,2,2,2,-1,-1,-1,-1,-1,-1,2343,4666,3492,3008,16871,19188,4695,2506,2015,16883,5013,8031,497657,495334,496508,496992,483129,480812,10425,0
50000,2,2,3,-1,-1,-1,-1,-1,-1,25395,26421,27741,27982,28589,29157,1440,1760,1001,1057,1063,5699,24605,23579,22259,22018,21411,20843,153265,0
180000,2,2,1,-1,-1,-1,-1,-1,-1,4236,5230,6570,7192,6437,12499,2001,2000,1018,6154,12527,5016,175764,174770,173430,172808,173563,167501,13448,0
200000,2,2,3,1,-2,-2,-2,-2,-2,0,0,0,0,0,0,0,0,0,0,0,0,200000,200000,200000,200000,200000,200000,0,0
140000,2,1,3,-1,-1,-1,-1,-1,-1,80740,82439,84125,85968,88679,99558,3000,3060,3241,4264,12400,0,59260,57561,55875,54032,51321,40442,495544,0
360000,2,2,3,-1,-1,-1,-1,-1,-1,6402,13301,3762,7483,6399,9145,13389,3785,7527,6418,9187,15762,353598,346699,356238,352517,353601,350855,-9576,1
60000,2,4,2,-1,-1,-1,-1,-1,-1,59291,60720,59503,49305,28903,28577,3000,2267,1000,1100,1300,1025,709,-720,497,10695,31097,31423,276607,0
110000,2,2,1,-1,-1,-1,-1,-1,-1,91915,92168,90705,40086,41449,42260,3800,3818,1426,2000,2000,3261,18085,17832,19295,69914,68551,67740,382278,0
50000,2,2,1,-1,-1,-1,-1,-1,-1,17868,18028,38126,18690,19082,19505,1711,20809,668,692,740,632,32132,31972,11874,31310,30918,30495,106047,0
130000,2,4,1,-1,-1,-1,-1,-1,-1,390,390,390,390,390,380,390,390,390,390,380,400,129610,129610,129610,129610,129610,129620,-10,0
20000,1,2,1,-1,-1,-1,-1,-1,-1,8693,10045,11776,11776,10886,-1000,1500,2000,0,0,0,0,11307,9955,8224,8224,9114,21000,48676,0
200000,1,2,2,-1,2,-1,-1,-1,-1,1972,582,1891,0,1908,290,0,1891,0,1908,290,3100,198028,199418,198109,200000,198092,199710,-546,1
10000,3,2,3,2,2,2,-1,-1,2,3983,4764,5528,7420,8298,8019,1000,1000,2000,1000,0,1390,6017,5236,4472,2580,1702,1981,31622,1
330000,1,4,2,-1,-1,-2,-2,-2,-2,5014,59970,18585,13835,45476,25125,60207,18585,13835,45476,25125,21370,324986,270030,311415,316165,284524,304875,-16593,0
360000,2,2,2,-1,-1,-1,-1,-2,-2,9561,5866,1297,0,0,0,1166,1297,0,0,0,444,350439,354134,358703,360000,360000,360000,13817,0
230000,2,2,3,-1,-1,-1,-1,-1,-1,3503,3354,858,5505,2263,10352,3970,858,5505,2263,10352,13000,226497,226646,229142,224495,227737,219648,-10113,0
140000,2,1,2,-1,2,-1,-1,-1,-1,2081,991,1982,991,1091,1420,0,1982,0,1091,1420,7351,137919,139009,138018,139009,138909,138580,-3288,1
50000,1,1,2,-1,-1,-1,-1,-1,-1,2536,3147,8321,4453,4038,4764,3147,8321,4453,4038,4764,3662,47464,46853,41679,45547,45962,45236,-1126,0
30000,2,2,2,2,-1,-1,-1,-1,-1,23559,23381,540,150,-30,170,1000,500,0,600,200,5183,6441,6619,29460,29850,30030,29830,40287,0
170000,1,2,1,1,-2,-2,-2,-1,-1,0,0,0,0,1015,0,0,0,0,1015,0,0,170000,170000,170000,170000,168985,170000,0,0
50000,2,4,2,1,2,-1,-1,-1,-1,49340,48297,49255,8838,9011,9872,0,3000,1000,1000,1000,1000,660,1703,745,41162,40989,40128,167613,0
290000,1,2,2,-1,-1,-2,-2,-1,-1,703,-20,-20,-20,2663,-677,0,0,0,2800,0,0,289297,290020,290020,290020,287337,290677,-171,1
140000,1,2,3,-1,-1,-1,-1,-1,-1,138859,141393,135784,136258,137747,138593,5100,4779,6000,6000,6000,5200,1141,-1393,4216,3742,2253,1407,795555,1
110000,2,1,2,-1,-1,-1,-1,-1,-1,49464,40359,34533,36819,32467,35806,3007,3000,3000,3000,4000,3000,60536,69641,75467,73181,77533,74194,210441,0
170000,1,2,1,-1,-1,-1,-1,-1,-1,127902,131631,133090,130937,134043,137023,5631,5090,4937,5043,5023,11939,42098,38369,36910,39063,35957,32977,756963,0
390000,2,2,2,-1,-1,-1,-1,-1,-2,49667,33900,33545,16666,0,0,1700,17000,333,0,16666,13807,340333,356100,356455,373334,390000,390000,84272,0
160000,1,1,3,-2,-2,-2,-2,-2,-2,1562,1499,-3,-3,1274,0,1503,0,0,1277,0,0,158438,158501,160003,160003,158726,160000,1549,0
20000,2,2,2,4,3,2,-1,-1,-1,20460,19860,19100,18500,18500,18500,0,0,0,0,0,4500,-460,140,900,1500,1500,1500,110420,0
40000,1,2,1,-1,-1,-1,2,-1,-1,36904,34372,38496,37580,38820,39693,1600,6700,0,2000,1700,1400,3096,5628,1504,2420,1180,307,212465,0
400000,2,1,2,-1,-1,-1,-1,-1,-1,7011,9639,8102,8585,12633,20338,10000,8501,9003,13000,20500,11000,392989,390361,391898,391415,387367,379662,-5696,0
260000,2,4,1,-2,-2,-2,-2,-2,-2,4400,942,1058,2106,2282,2531,942,1058,2106,2282,2531,0,255600,259058,258942,257894,257718,257469,4400,0
260000,3,2,4,-1,-1,-1,-1,-1,-1,207627,212821,214885,219204,223899,228279,8535,6430,6495,6849,6799,32430,52373,47179,45115,40796,36101,31721,1239177,0
240000,1,2,3,1,3,4,3,2,-1,180189,191054,192447,188156,183299,180090,15281,6000,0,0,9013,6183,59811,48946,47553,51844,56701,59910,1078758,0
230000,2,2,2,-2,-2,-2,-2,-2,-2,12696,9883,2035,6337,3388,2132,9883,2035,6337,3388,2132,2204,217304,220117,227965,223663,226612,227868,10492,0
50000,2,1,3,-1,-1,-1,-1,-2,-2,4900,7222,3150,0,0,0,7222,3150,0,0,0,2977,45100,42778,46850,50000,50000,50000,1923,0
400000,1,2,2,-1,-1,-1,-1,-1,-1,1783,1251,629,0,303,219,1251,629,0,303,219,1640,398217,398749,399371,400000,399697,399781,143,0
30000,2,1,2,-1,-1,-1,-1,-1,-1,29285,29390,30300,29463,29531,29901,1820,1730,1154,1034,1212,1054,715,610,-300,537,469,99,169866,0
300000,1,2,2,-1,-1,-1,-1,-1,-1,52268,53440,54615,47146,47486,16937,3000,3011,582,602,627,587,247732,246560,245385,252854,252514,283063,263483,0
100000,1,4,1,-1,-1,2,-1,-1,2,7576,15532,7626,11896,15520,7156,15532,0,11896,11008,0,23164,92424,84468,92374,88104,84480,92844,3706,0
130000,1,2,1,-1,-1,-1,-1,-1,-1,4417,93163,90056,69832,46645,11869,105072,5000,3000,12000,10000,3500,125583,36837,39944,60168,83355,118131,177410,0
180000,1,4,3,-1,-1,-1,-1,-1,-2,6734,7752,8763,8938,8568,9357,1124,1135,310,378,1000,0,173266,172248,171237,171062,171432,170643,46165,0
130000,3,2,1,1,2,-1,-1,-1,-1,101767,41823,33740,17009,11580,0,12,1407,347,11,0,0,28233,88177,96260,112991,118420,130000,204142,1
130000,1,4,1,1,-2,-2,-2,-2,-2,0,0,0,0,0,0,0,0,0,0,0,0,130000,130000,130000,130000,130000,130000,0,0
50000,2,2,4,-1,-1,-1,-2,-2,-2,173,274,0,0,0,0,274,0,0,0,0,2590,49827,49726,50000,50000,50000,50000,-2417,0
230000,2,2,2,-2,-2,-2,-2,-2,-1,198,29430,22925,6120,6519,12051,29439,22993,6167,6519,12086,5948,229802,200570,207075,223880,223481,217949,-5909,1
140000,3,1,2,-1,-1,-1,-2,-2,-2,136324,138438,0,0,0,0,5407,0,0,0,0,0,3676,1562,140000,140000,140000,140000,269355,0
60000,2,2,2,-1,-1,-1,-1,-1,-1,41540,390,390,0,15666,15915,390,390,0,16056,1000,390,18460,59610,59610,60000,44334,44085,55675,0
30000,2,1,1,-1,-1,-1,-1,-1,-1,390,390,390,0,780,0,390,390,0,780,0,0,29610,29610,29610,30000,29220,30000,390,0
40000,3,2,2,-1,-1,2,2,2,2,34378,37584,38072,37160,39628,40428,3768,1400,0,3081,1600,0,5622,2416,1928,2840,372,-428,217401,1
250000,2,2,3,1,2,2,-2,-2,-1,7067,998,0,0,0,1604,4,0,0,0,1604,0,242933,249002,250000,250000,250000,248396,8061,0
20000,2,1,4,-2,-2,-2,-2,-2,-2,35419,31195,26849,23060,23060,-129,0,0,0,0,129,18143,-15419,-11195,-6849,-3060,-3060,20129,121182,0
120000,2,1,1,2,3,2,-1,-1,3,110162,107008,103800,106075,115747,113999,0,0,4000,11000,0,0,9838,12992,16200,13925,4253,6001,641791,1
210000,2,4,1,-1,-1,-1,-1,-1,-1,86598,88304,90648,93164,94167,97672,4000,4000,4000,10000,5000,3000,123402,121696,119352,116836,115833,112328,520553,0
380000,1,2,2,-1,-1,-2,-2,-2,-2,2500,0,0,0,0,0,0,0,0,0,0,0,377500,380000,380000,380000,380000,380000,2500,1
130000,2,2,1,-1,-1,-1,-1,-2,-2,381,550,547,226,73,-121,551,548,226,105,89,0,129619,129450,129453,129774,129927,130121,137,0
80000,2,2,3,-1,-1,-1,-1,-1,-1,79545,80932,22320,22765,23393,23470,3708,1364,809,989,930,1216,455,-932,57680,57235,56607,56530,243409,1
80000,2,2,2,-1,-1,-1,-1,-1,-1,3601,-876,6440,2802,1290,4547,9,9242,0,1290,4547,1850,76399,80876,73560,77198,78710,75453,866,1
140000,2,2,2,-1,-1,-1,-1,-1,2,59693,61732,62411,64372,70015,68745,3000,2300,3000,6700,0,3000,80307,78268,77589,75628,69985,71255,368968,0
220000,2,6,4,-1,-1,-1,-1,-1,-1,127571,116768,55863,57079,51202,53195,5200,2000,2000,2000,3200,2001,92429,103232,164137,162921,168798,166805,445277,0
20000,2,4,1,1,2,2,2,2,2,6218,6959,8635,8350,9063,8771,1000,1800,0,1000,0,1000,13782,13041,11365,11650,10937,11229,43196,1
200000,2,2,3,2,2,2,2,-1,-1,150,150,150,150,2500,0,0,0,0,2500,0,0,199850,199850,199850,199850,197500,200000,600,1
50000,2,2,1,-1,-1,-1,-1,-1,-1,37159,30814,27382,28081,28578,29450,1500,1500,1153,1100,1346,960,12841,19186,22618,21919,21422,20550,173905,0
20000,2,2,2,-1,-1,-1,-1,-1,-1,20027,18971,19339,19733,19799,10400,1395,1153,547,611,600,0,-27,1029,661,267,201,9600,103963,0
230000,3,2,2,-1,-1,-1,-1,-1,-1,36571,35484,41862,21655,64645,44627,1700,10010,5000,64667,5003,3016,193429,194516,188138,208345,165355,185373,155448,0
230000,2,4,1,2,2,2,-1,-1,-1,232044,236365,229553,190525,192974,186407,9500,0,6829,7300,7000,7000,-2044,-6365,447,39475,37026,43593,1230239,1
60000,2,4,1,1,-2,-1,-1,-2,-2,0,0,1668,844,200,2930,0,1668,844,1044,2930,3783,60000,60000,58332,59156,59800,57070,-4627,0
50000,3,1,4,2,2,2,-1,-1,-1,18691,21072,20039,20042,20097,20288,3000,0,700,750,900,692,31309,28928,29961,29958,29903,29712,114187,1
130000,3,1,3,-1,-1,-1,-1,-2,-2,3015,2620,1330,0,0,0,1000,1330,0,0,0,0,126985,127380,128670,130000,130000,130000,4635,0
20000,2,4,1,-1,-1,-1,2,2,2,17304,0,26373,26644,26079,27941,0,26373,1000,0,2300,1200,2696,20000,-6373,-6644,-6079,-7941,93468,0
440000,2,4,2,-1,-1,-1,-1,-1,-1,49803,25781,18400,10978,1175,32857,1390,4375,271,497,34255,1048,390197,414219,421600,429022,438825,407143,97158,0
150000,1,4,1,-1,-1,-1,-1,-1,-2,227,6686,11609,3234,1414,5281,6692,11609,3623,1414,5281,2822,149773,143314,138391,146766,148586,144719,-2990,0
410000,2,2,3,-1,-1,-1,-1,-1,-1,7114,8223,6557,16128,7539,5300,8309,6645,16141,0,5300,5600,402886,401777,403443,393872,402461,404700,8866,0
320000,2,1,2,-1,-1,-1,-1,-1,-1,43265,28007,24986,23844,20650,0,1528,3019,2022,2000,0,82600,276735,291993,295014,296156,299350,320000,49583,0
30000,2,2,1,-1,-1,-1,-1,2,-1,26990,24706,25022,26405,25861,27778,4900,2000,2100,0,2500,1840,3010,5294,4978,3595,4139,2222,143422,0
80000,2,2,1,1,2,-1,-1,-1,-1,75234,76417,76916,51070,52727,54847,3007,5090,2001,3000,3000,3000,4766,3583,3084,28930,27273,25153,368113,0
50000,3,2,3,1,3,2,2,2,5,28164,27432,28668,29191,35551,34420,0,2000,1300,7000,0,0,21836,22568,21332,20809,14449,15580,173126,1
50000,2,2,2,1,2,-1,-1,-1,-1,50468,48621,49987,19663,16769,16550,0,2600,650,752,596,578,-468,1379,13,30337,33231,33450,196882,1
140000,1,4,4,-1,-1,-1,-1,-2,-2,1388,0,980,0,0,0,0,980,0,0,0,0,138612,140000,139020,140000,140000,140000,1388,0
500000,1,2,2,-1,-1,-1,-1,-1,-1,7789,9656,7477,8370,8890,6424,9666,7488,8370,8890,6424,21032,492211,490344,492523,491630,491110,493576,-13264,0
60000,3,2,3,-1,-1,-1,-1,-1,-1,59063,53377,37418,37543,35447,35641,2000,1900,1500,1300,1300,1300,937,6623,22582,22457,24553,24359,249189,0
150000,1,2,2,-1,-1,-2,-1,-1,-1,5888,0,0,11310,11310,0,0,0,11310,0,0,0,144112,150000,150000,138690,138690,150000,17198,0
130000,4,2,3,2,-1,-1,-1,-1,-1,79705,59716,38343,37834,37429,36991,2475,1600,1300,1400,1400,2000,50295,70284,91657,92166,92571,93009,279843,0
20000,2,2,3,-1,-1,-1,-1,-1,-1,18577,18961,18126,16557,17519,17111,2000,2000,1000,3000,2000,3000,1423,1039,1874,3443,2481,2889,93851,0
310000,2,1,3,-1,-1,-1,-1,-1,-1,4943,2691,2060,2004,2503,814,2691,2060,2018,2505,816,3052,305057,307309,307940,307996,307497,309186,1873,0
90000,2,1,3,-1,-1,-2,-2,-2,-2,780,0,0,0,0,0,0,0,0,0,0,0,89220,90000,90000,90000,90000,90000,780,0
210000,1,4,3,-1,-1,-1,-1,-1,-1,15655,3918,29881,24247,21664,1556,4854,30366,0,433,1556,14047,194345,206082,180119,185753,188336,208444,45665,1
10000,2,4,1,1,2,-1,-1,-1,-2,7194,6934,8786,8014,0,0,0,2000,430,0,0,0,2806,3066,1214,1986,10000,10000,28498,1
30000,3,1,4,-1,-1,-1,-1,-1,-1,29272,29096,22088,21624,21833,18174,1404,1268,694,866,695,838,728,904,7912,8376,8167,11826,136322,0
30000,2,2,1,2,2,-1,-1,-1,2,28574,14220,14188,7058,7976,7734,0,1230,1000,1000,0,2000,1426,15780,15812,22942,22024,22266,74520,1
30000,1,4,1,-1,-1,-1,-1,-1,-1,28885,27924,27709,27457,26848,26407,1459,1414,952,1002,832,2698,1115,2076,2291,2543,3152,3593,156873,0
220000,2,2,3,1,-1,-1,-1,-1,-1,0,6010,7069,43957,30693,13264,6010,1229,43957,614,13264,700,220000,213990,212931,176043,189307,206736,35219,0
20000,3,1,3,-1,2,-1,-1,-1,-1,1340,950,1560,1170,780,780,0,1000,0,0,0,0,18660,19050,18440,18830,19220,19220,5580,1
300000,1,1,2,-1,-1,-1,-1,-1,-1,649,949,1938,81,671,8067,949,1938,81,671,8067,1513,299351,299051,298062,299919,299329,291933,-864,0
160000,2,2,2,-1,-1,-1,-2,-2,-2,5331,6020,1194,694,1800,186,1153,1202,694,1800,186,3573,154669,153980,158806,159306,158200,159814,6617,0
10000,2,2,1,-1,-1,-1,-1,-1,-1,5378,6482,7308,5736,6236,-764,1200,1000,115,500,180,5000,4622,3518,2692,4264,3764,10764,22381,0
20000,2,4,1,2,-1,-1,-1,-1,-1,16235,17857,18862,18931,19624,20049,2200,1610,679,1000,900,599,3765,2143,1138,1069,376,-49,104570,1
20000,1,2,1,3,2,2,2,-1,-1,16330,15784,18200,17613,18371,19865,0,3000,0,1200,1800,0,3670,4216,1800,2387,1629,135,100163,1
70000,2,1,1,-1,-1,-1,-1,-1,-1,66866,27072,26744,28087,27393,26646,2000,1396,3000,980,955,941,3134,42928,43256,41913,42607,43354,193536,1
50000,2,2,2,-1,-1,-1,-1,-1,-1,43334,41935,14854,14125,12176,13827,1986,1040,1000,1000,3000,1000,6666,8065,35146,35875,37824,36173,131225,0
130000,1,4,1,-1,-1,2,-1,-1,-1,10274,10750,8699,7199,5699,6275,2352,0,199,199,2275,1699,119726,119250,121301,122801,124301,123725,42172,0
180000,1,2,2,-1,-1,-1,-1,-1,-1,27959,13855,16277,0,28743,8210,13855,16277,0,28743,8210,14004,152041,166145,163723,180000,151257,171790,13955,0
50000,2,2,1,1,2,2,2,-1,-1,9500,7913,9572,9281,8835,9038,0,1800,0,400,350,400,40500,42087,40428,40719,41165,40962,51189,1
500000,1,1,3,-1,-1,-1,-2,-2,-2,35755,72000,0,0,0,0,40000,0,0,0,0,11621,464245,428000,500000,500000,500000,500000,56134,0
340000,1,4,1,-1,-1,-1,-1,-1,-1,30452,36919,24268,3210,3240,11095,6919,4322,3210,3240,11095,3345,309548,303081,315732,336790,336760,328905,77053,0
150000,2,4,1,-2,-2,-2,-2,-2,-2,3303,125,7351,1279,0,0,125,7424,1279,0,0,0,146697,149875,142649,148721,150000,150000,3230,0
150000,2,2,3,-1,-1,-1,-1,-1,-1,32117,3502,2056,7756,4993,918,3505,2056,7756,0,918,22200,117883,146498,147944,142244,145007,149082,14907,0
100000,2,2,3,-1,-1,-1,-1,-1,-1,27555,29798,31028,33544,35328,41835,3000,2028,3354,2328,7300,0,72445,70202,68972,66456,64672,58165,181078,0
100000,1,4,1,-1,-1,-1,-1,-1,-1,16601,14414,11307,11139,11361,9816,1539,1124,495,500,758,0,83399,85586,88693,88861,88639,90184,70222,0
30000,1,4,1,2,2,2,2,2,2,25487,26513,27026,27871,29017,28403,1738,1251,1596,1742,0,1374,4513,3487,2974,2129,983,1597,156616,1
150000,2,2,2,2,-1,-1,-1,-1,-1,30821,33009,34867,24438,18883,14737,3000,3000,1000,2000,4500,0,119179,116991,115133,125562,131117,135263,143255,0
10000,1,2,1,-1,-1,-1,-1,-1,-1,7684,8685,8557,7319,7650,8862,1300,1500,500,600,1500,0,2316,1315,1443,2681,2350,1138,43357,0
190000,1,4,2,-1,-1,-1,-1,-1,-1,77720,79417,81326,81650,83354,85163,3774,3799,2874,2970,3138,3054,112280,110583,108674,108350,106646,104837,469021,0
70000,1,4,2,-1,-1,-1,-1,-1,-1,39416,40784,42791,43797,44938,47177,2000,3000,1718,2000,3000,1630,30584,29216,27209,26203,25062,22823,245555,0
360000,1,2,3,-1,-1,-1,-1,-1,-1,8243,10742,3300,0,1270,0,10752,3300,0,1270,0,889,351757,349258,356700,360000,358730,360000,7344,0
500000,2,2,2,-1,-1,-1,-1,-1,-1,71455,79079,73583,79481,115741,168319,10004,10104,10000,40000,10000,10000,428545,420921,426417,420519,384259,331681,497550,0
210000,2,1,3,-1,-1,-1,-1,-1,-1,82902,84897,56023,57137,58333,59373,3814,2931,2045,2117,2010,1853,127098,125103,153977,152863,151667,150627,383895,0
320000,2,1,2,-1,-1,-1,-1,-1,-1,188106,178067,178018,172200,164032,165857,6496,6343,6003,5967,6525,5167,131894,141933,141982,147800,155968,154143,1009779,0
50000,2,2,1,-1,-1,-1,-1,-1,2,39843,40662,41971,43020,46150,45288,1762,2000,2020,3800,0,2000,10157,9338,8029,6980,3850,4712,245352,0
500000,1,4,2,-1,-1,-1,-1,-1,-1,4590,4218,5090,2043,8479,236,1128,1000,0,8479,236,2990,495410,495782,494910,497957,491521,499764,10823,0
320000,2,1,3,-2,-2,-2,-2,-2,-2,730,1550,0,2000,700,760,1550,0,2000,700,760,810,319270,318450,320000,318000,319300,319240,-80,0
80000,2,2,1,-1,-1,-1,-1,-1,-1,76304,78680,79897,27950,28579,29138,4203,3900,1200,1230,1230,1000,3696,1320,103,52050,51421,50862,307785,0
250000,1,1,3,1,1,1,1,2,2,352016,341600,321232,307354,285901,272322,15210,8273,8100,100,8942,254000,-102016,-91600,-71232,-57354,-35901,-22322,1585800,1
250000,1,1,3,-1,-1,-1,-1,-1,-1,396,396,396,396,396,109,396,396,396,396,109,0,249604,249604,249604,249604,249604,249891,396,0
220000,1,1,2,-2,-1,-1,-2,-2,-2,0,2500,0,0,0,0,2500,0,0,0,0,0,220000,217500,220000,220000,220000,220000,0,0
250000,1,4,2,-1,-1,-1,-1,-1,-1,1391,3498,8963,0,14660,62832,3498,8963,0,14660,62832,4620,248609,246502,241037,250000,235340,187168,-3229,0
50000,2,2,1,-1,-1,-1,-1,-1,2,42120,41444,33933,28945,28131,27531,1921,1490,1148,2370,0,1179,7880,8556,16067,21055,21869,22469,193996,0
360000,1,4,3,1,-1,-1,-1,-1,-1,0,10121,390,2809,390,390,10121,780,2809,390,390,390,360000,349879,359610,357191,359610,359610,-780,1
260000,1,2,2,1,-2,-2,-2,-2,-2,0,0,0,0,0,0,0,0,0,0,0,0,260000,260000,260000,260000,260000,260000,0,0
50000,2,1,3,-1,-1,-1,-1,-1,-2,9659,10610,6525,3660,0,0,1155,1000,73,0,0,0,40341,39390,43475,46340,50000,50000,28226,0
20000,2,2,1,-1,-1,-1,-1,-1,-2,390,5548,7001,6695,0,0,5548,2000,2000,0,3300,0,19610,14452,12999,13305,20000,20000,6786,0
10000,2,2,1,-1,-1,-1,-1,-1,-2,2068,6000,6457,6177,0,0,4400,1000,500,0,0,0,7932,4000,3543,3823,10000,10000,14802,0
500000,2,2,2,1,2,-1,-1,-1,-1,523618,483244,459273,386722,366421,241182,0,16004,15004,15004,9814,31004,-23618,16756,40727,113278,133579,258818,2373630,0
330000,2,4,2,1,-2,-2,-1,-1,-1,-271,-1648,-2437,95131,46017,46470,0,0,102680,1728,1695,2000,330271,331648,332437,234869,283983,283530,75159,0
170000,2,2,2,-1,-1,-1,-1,-1,-1,113270,112012,114535,115448,117426,115675,6000,6000,4106,4312,5097,3800,56730,57988,55465,54552,52574,54325,659051,0
20000,2,2,5,2,2,4,4,4,4,1650,1650,1650,1650,1650,1650,0,0,0,0,0,0,18350,18350,18350,18350,18350,18350,9900,0
80000,2,1,1,-1,-1,2,-1,-1,-1,37822,40900,39944,40744,42084,42923,3700,0,1462,2000,1536,2001,42178,39100,40056,39256,37916,37077,233718,0
240000,2,2,2,-1,-1,-1,-1,-1,-1,4101,7101,5500,5500,5500,5463,8500,5500,5500,5500,5463,5500,235899,232899,234500,234500,234500,234537,-2798,0
150000,2,4,1,-1,-1,-1,-1,-1,-1,46576,43583,45569,46533,47653,49729,2500,3000,2000,2000,3000,2000,103424,106417,104431,103467,102347,100271,265143,0
200000,2,1,2,-1,-1,-1,-1,-1,-1,135654,173946,176894,170754,172332,175960,66022,6101,5898,6053,6288,8000,64346,26054,23106,29246,27668,24040,907178,0
300000,1,2,2,-1,-1,-1,-1,-1,-1,1617,7785,3420,814,-494,8006,7785,3000,0,0,8500,0,298383,292215,296580,299186,300494,291994,1863,0
100000,2,1,2,4,4,3,2,2,2,82348,82156,83318,81380,83710,88057,1700,3100,0,3800,5900,3200,17652,17844,16682,18620,16290,11943,483269,1
290000,2,4,2,-1,-1,-1,-1,-1,-1,14026,9154,2778,9981,23989,22667,9000,2000,9000,23000,22000,1797,275974,280846,287222,280019,266011,267333,15798,0
100000,3,1,4,-1,-1,-1,-1,-1,-1,10882,11952,13047,13330,14112,14477,1250,1300,500,1000,600,600,89118,88048,86953,86670,85888,85523,72550,0
10000,1,3,3,-1,-1,-1,-1,-1,-1,6772,7790,8799,8974,9162,9375,1128,1137,312,323,356,268,3228,2210,1201,1026,838,625,47348,1
420000,1,4,3,-1,-1,-1,-1,-1,-1,79899,82012,84079,85614,87053,88657,3391,3427,2909,2877,2976,2686,340101,337988,335921,334386,332947,331343,489048,0
20000,2,2,3,-1,-1,-1,-1,-1,-1,19185,18621,19605,19717,19203,19871,1323,1307,691,705,995,722,815,1379,395,283,797,129,110459,0
300000,1,2,2,-1,-1,-1,-1,-1,-1,616,1370,916,316,898,748,1370,916,316,898,748,748,299384,298630,299084,299684,299102,299252,-132,0
50000,3,2,1,-1,-1,-1,-1,-1,-1,42040,30427,17818,17028,16387,15728,2000,2000,1000,1000,1000,1000,7960,19573,32182,32972,33613,34272,131428,0
180000,2,2,3,-1,-1,-2,-2,-1,-1,33800,0,0,0,1972,0,0,0,0,1972,0,1800,146200,180000,180000,180000,178028,180000,32000,0
420000,2,1,3,-1,-1,-1,-1,-1,-1,16657,2578,523,1855,14539,7647,2590,525,1864,14611,7685,26477,403343,417422,419477,418145,405461,412353,-9953,0
100000,2,2,3,-1,-1,-1,-1,-1,-1,10430,3313,490,6974,8018,8441,3313,490,6974,8018,8441,11461,89570,96687,99510,93026,91982,91559,-1031,0
80000,2,4,2,2,-1,-1,2,-1,-1,18733,20081,17245,13507,14479,14083,2000,2500,0,2000,2000,3000,61267,59919,62755,66493,65521,65917,86628,0
210000,1,1,3,-1,-1,-1,-1,-1,-1,103772,95228,87678,79254,71836,63675,4000,4000,3000,4000,3000,3000,106228,114772,122322,130746,138164,146325,480443,0
80000,3,1,3,1,-2,-2,-2,-2,-1,0,0,0,0,0,7010,0,0,0,0,6204,1000,80000,80000,80000,80000,80000,72990,-194,0
240000,1,4,2,-1,-1,-1,-1,-1,2,65220,68155,70184,71784,78659,81212,4000,3167,2767,8233,4000,4000,174780,171845,169816,168216,161341,158788,409047,0
500000,1,1,3,-1,-1,-1,-1,-1,-1,37875,150573,32413,193427,21978,38102,162003,32611,200967,22074,38272,3491,462125,349427,467587,306573,478022,461898,14950,0
100000,2,2,1,-1,-1,-1,-1,-1,-1,10458,9899,6618,3895,4037,12959,2500,1162,3000,159,11845,200,89542,90101,93382,96105,95963,87041,29000,0
610000,1,4,2,-2,-2,-2,-2,-2,-2,874,-256,-255,-538,107592,168966,0,1,0,108130,30695,179,609126,610256,610255,610538,502408,441034,137378,0
170000,2,2,1,-1,-1,-1,-1,-1,-1,416,416,416,416,416,416,416,416,416,416,416,416,169584,169584,169584,169584,169584,169584,0,0
320000,1,1,3,-2,-2,-2,-2,-2,-2,37361,21796,10798,9198,2314,14497,21903,10832,9244,2325,14568,29249,282639,298204,309202,310802,317686,305503,7843,0
200000,3,2,2,-1,-1,-1,-1,-1,2,60473,151786,109495,13785,22173,10482,101796,29894,13943,21865,0,26218,139527,48214,90505,186215,177827,189518,174478,0
360000,1,2,2,1,-1,-1,-2,-2,-2,0,1010,0,0,0,0,1010,0,0,0,0,0,360000,358990,360000,360000,360000,360000,0,1
200000,2,1,2,1,-2,-1,-1,-2,-2,0,0,188,0,0,0,0,188,0,0,0,0,200000,200000,199812,200000,200000,200000,0,0
150000,2,2,2,1,-2,-2,-2,-2,-2,0,0,0,0,0,0,0,0,0,0,0,0,150000,150000,150000,150000,150000,150000,0,1
100000,1,1,3,-1,-1,-2,-2,-2,-2,48850,0,0,0,0,0,0,0,0,0,0,0,51150,100000,100000,100000,100000,100000,48850,0
200000,1,2,1,-1,-1,-1,-1,-1,-1,45841,37221,34718,32148,25380,22701,4000,7000,7000,7000,7000,295,154159,162779,165282,167852,174620,177299,165714,0
30000,2,1,1,-2,-2,-2,-2,-1,-1,-201,349,-199,0,199,199,550,0,199,199,0,3915,30201,29651,30199,30000,29801,29801,-4516,0
260000,1,1,2,-1,-1,-1,-1,-1,-1,239206,212271,191813,193555,197090,200841,9029,9000,7100,7509,8000,6888,20794,47729,68187,66445,62910,59159,1187250,1
300000,2,2,2,-1,-1,-1,-1,-1,-1,1000,1000,1000,1000,2000,1000,1000,1000,1000,2000,1000,1000,299000,299000,299000,299000,298000,299000,0,1
110000,2,1,2,-1,-1,-1,-1,-1,-1,73772,75299,72978,67877,60444,61737,2765,2404,2292,2196,2300,2200,36228,34701,37022,42123,49556,48263,397950,0
50000,1,4,1,-2,-2,-2,-2,-2,-2,780,0,580,-200,300,0,0,580,0,500,0,0,49220,50000,49420,50200,49700,50000,380,0
500000,3,2,3,-1,-1,-1,-1,-1,-1,16179,1520,2031,2593,45858,161299,2029,5262,3023,45868,130586,5024,483821,498480,497969,497407,454142,338701,37688,0
60000,1,4,2,-1,-1,-1,-1,-1,-1,24396,25463,27036,27074,25911,26431,1463,2036,937,1911,951,2056,35604,34537,32964,32926,34089,33569,146957,0
80000,1,2,2,-1,-1,-1,-1,-1,-1,49171,50376,51536,52782,53781,55389,2000,2000,2100,2000,2500,2500,30829,29624,28464,27218,26219,24611,299935,1
370000,1,1,3,1,-2,-2,-2,-2,-2,0,0,0,0,0,0,0,0,0,0,0,0,370000,370000,370000,370000,370000,370000,0,0
150000,2,2,2,-1,-1,-1,-1,-1,2,476,476,476,476,1102,476,476,476,476,1102,0,476,149524,149524,149524,149524,148898,149524,476,0
210000,1,2,2,1,-2,-2,-2,-2,-2,-36,-18,-18,-18,-18,-18,0,0,0,0,0,0,210036,210018,210018,210018,210018,210018,-126,0
500000,2,4,2,-1,-1,-1,-1,-1,-1,175570,141773,132747,94651,73734,62519,8734,40000,3912,2101,34000,32000,324430,358227,367253,405349,426266,437481,560247,0
150000,1,1,3,8,7,6,5,4,3,161569,159190,155821,153075,151269,149723,0,0,0,0,0,15,-11569,-9190,-5821,-3075,-1269,277,930632,1
110000,2,1,2,-1,-1,-1,-1,-1,-1,54806,54544,55357,56281,56483,56685,2000,2200,2200,2149,2170,2000,55194,55456,54643,53719,53517,53315,321437,0
60000,1,2,3,-1,-1,-1,-1,-1,-1,61618,61382,34958,33760,32946,0,2800,1400,675,659,0,3353,-1618,-1382,25042,26240,27054,60000,215777,0
480000,1,4,2,-1,-1,-1,-1,-1,-1,621749,550102,475386,384078,397682,399659,22024,21008,17134,400046,17003,4436,-141749,-70102,4614,95922,82318,80341,2347005,0
30000,1,2,2,2,2,2,2,2,2,14489,15460,15514,14968,16026,15619,1500,600,0,1300,0,1300,15511,14540,14486,15032,13974,14381,87376,0
240000,2,2,1,1,2,2,2,-1,-1,210333,206332,214981,194817,186895,168541,0,12014,0,5307,5001,4505,29667,33668,25019,45183,53105,71459,1155072,1
350000,1,4,3,1,-2,-1,-1,-2,-2,-644,-644,5170,-1496,-2366,-2366,0,6033,1500,4,0,1500,350644,350644,344830,351496,352366,352366,-11383,0
240000,2,2,2,1,-2,-2,-2,-2,-2,0,0,0,0,0,0,0,0,0,0,0,0,240000,240000,240000,240000,240000,240000,0,1
80000,1,4,1,-1,-1,-1,-1,-1,-1,77967,79561,61018,36084,13693,79701,3565,1752,1105,1499,78000,0,2033,439,18982,43916,66307,299,262103,0
100000,1,1,3,-1,-1,-1,-1,-1,-1,42451,43564,45522,46832,37683,28680,2100,3000,2500,2000,2000,2000,57549,56436,54478,53168,62317,71320,231132,0
30000,2,2,2,-2,-1,-1,-2,-1,-1,3165,13538,390,1050,1251,962,13538,390,1050,1851,962,0,26835,16462,29610,28950,28749,29038,2565,0
290000,1,2,3,-2,-2,-2,-2,-2,-2,3394,-186,37392,6106,14839,11209,0,37578,6136,14913,11264,2296,286606,290186,252608,283894,275161,278791,567,0
200000,1,1,2,-1,-1,-1,-1,-1,-2,3692,-16,1886,4700,0,0,0,1902,4723,0,0,0,196308,200016,198114,195300,200000,200000,3637,0
360000,1,2,2,-1,-1,-1,-1,-1,-1,39587,17900,5307,23102,64617,10542,18011,5307,23102,64617,10542,9702,320413,342100,354693,336898,295383,349458,29774,0
430000,2,1,3,-1,-1,-1,-1,-1,-1,52930,960,354716,361373,368484,365148,510,358689,15066,14126,13065,12908,377070,429040,75284,68627,61516,64852,1089247,1
150000,1,2,3,-1,-1,-1,-1,-1,-1,13786,14418,15429,15094,15525,0,1232,1243,688,825,0,0,136214,135582,134571,134906,134475,150000,70264,0
200000,2,2,2,-2,-2,-2,-2,-2,-2,48492,49934,24753,123439,132269,129224,20294,24891,125171,17816,26269,4349,151508,150066,175247,76561,67731,70776,289321,1
50000,3,1,2,1,-2,-2,-2,-2,-2,0,0,0,0,0,0,0,0,0,0,0,0,50000,50000,50000,50000,50000,50000,0,0
240000,3,2,2,1,-1,-1,-1,2,-1,-608,1966,4421,8521,8323,16620,5000,5000,10112,0,13000,10000,240608,238034,235579,231479,231677,223380,-3869,0
20000,1,4,1,-1,-1,2,-1,-1,-1,3634,6568,7307,8027,8892,9739,3000,1000,1000,1000,1000,1000,16366,13432,12693,11973,11108,10261,36167,0
150000,1,2,2,-2,-2,-2,-2,-2,-2,10427,-20,-20,-20,-20,-20,0,0,0,0,0,0,139573,150020,150020,150020,150020,150020,10327,0
230000,1,1,2,-1,-1,-1,-1,-1,-1,18835,22319,18732,11986,13596,7469,10005,8737,4000,8000,3000,5891,211165,207681,211268,218014,216404,222531,53304,0
20000,2,1,2,-1,-1,-1,-1,-1,-1,836,390,780,390,390,0,390,780,0,390,0,780,19164,19610,19220,19610,19610,20000,446,1
100000,2,2,2,1,2,2,2,2,2,23384,22722,24909,24210,26103,27554,0,2569,0,2287,2028,0,76616,77278,75091,75790,73897,72446,141998,0
280000,2,2,2,-1,-1,-1,-1,-1,-1,71770,74066,75907,77723,79550,81801,4000,3000,3000,3000,3500,4000,208230,205934,204093,202277,200450,198199,440317,1
90000,3,2,2,-1,-1,-1,-1,-1,-1,4968,4713,2290,1764,1728,1954,1203,1005,1764,1728,1954,1416,85032,85287,87710,88236,88272,88046,8347,0
240000,1,4,1,-1,-1,-1,-1,-1,-1,23094,18951,18977,12055,7878,5531,2009,2000,300,1000,2000,2000,216906,221049,221023,227945,232122,234469,77177,0
80000,3,1,1,2,-1,-1,-1,-1,-1,40846,3099,1950,1170,780,780,1149,1000,0,0,0,2440,39154,76901,78050,78830,79220,79220,44036,1
160000,2,2,2,-1,-1,-1,-1,-1,-1,51721,46381,25254,10740,50207,10298,2037,1000,10740,50207,10298,17413,108279,113619,134746,149260,109793,149702,102906,0
280000,1,2,2,-1,-1,-1,-1,-1,-1,1908,12699,7819,7831,5428,2295,12763,7819,12,27,2309,13004,278092,267301,272181,272169,274572,277705,2046,0
170000,1,2,2,2,2,2,2,2,2,158819,161487,157577,168094,170922,166972,6500,0,13000,5500,1000,7000,11181,8513,12423,1906,-922,3028,950871,0
90000,2,2,3,2,2,2,-1,-1,2,61066,62999,61388,64376,67347,74960,3500,0,4000,4000,8900,0,28934,27001,28612,25624,22653,15040,371736,1
160000,1,4,1,-1,2,-1,-1,-1,2,2599,1302,1852,736,3542,1852,0,1852,0,3542,0,1116,157401,158698,158148,159264,156458,158148,5373,0
420000,3,2,2,-2,-2,-1,-1,-1,-1,0,0,277510,279493,285447,291183,0,277510,10000,10000,10000,10500,420000,420000,142490,140507,134553,128817,815623,0
280000,2,2,2,-1,-1,-1,-1,-1,-1,651,1650,651,651,651,651,1650,651,651,651,651,0,279349,278350,279349,279349,279349,279349,651,0
30000,2,2,1,1,2,2,2,2,2,17989,17417,19807,20186,19725,22225,0,3000,1000,0,3000,0,12011,12583,10193,9814,10275,7775,110349,1
140000,1,4,2,2,-1,-1,2,-1,-1,125623,128592,137440,126342,130295,132945,5000,11000,0,6000,5000,7000,14377,11408,2560,13658,9705,7055,747237,0
220000,1,1,3,2,-1,-1,-1,-1,-1,1480,9202,26390,13007,7387,20018,9202,26390,13007,0,20018,14661,218520,210798,193610,206993,212613,199982,-5794,0
260000,1,4,1,-1,-1,-1,-1,-1,-1,399,399,399,798,399,399,399,399,798,0,399,399,259601,259601,259601,259202,259601,259601,399,0
170000,2,4,1,1,-1,-1,-1,-1,-1,-1020,25607,23922,24399,24919,26884,27107,1500,863,903,3000,6186,171020,144393,146078,145601,145081,143116,85152,0
190000,2,2,2,-1,-1,-1,-2,-2,-2,40173,41150,0,0,0,0,2200,0,0,0,0,0,149827,148850,190000,190000,190000,190000,79123,0
50000,2,2,2,-1,-1,-1,-1,-1,-1,40754,41588,43409,45919,48530,0,2000,2000,3000,3000,0,0,9246,8412,6591,4081,1470,50000,210200,0
200000,1,4,2,-1,-1,-1,-1,-1,-1,4938,2277,1209,0,1440,0,2286,2712,0,1440,0,0,195062,197723,198791,200000,198560,200000,3426,0
300000,1,4,3,-2,-2,-2,-1,-1,-1,9799,299,0,800,800,180,299,0,800,0,180,0,290201,299701,300000,299200,299200,299820,10599,0
230000,1,2,2,-1,-1,-1,-1,-1,-1,3394,8338,11744,9359,19002,8443,8338,9359,0,19002,8740,0,226606,221662,218256,220641,210998,221557,14841,0
50000,2,1,4,-1,-1,-1,-1,-1,-1,53320,52754,27231,26852,27820,25529,1300,50499,1000,1500,1500,1000,-3320,-2754,22769,23148,22180,24471,156707,0
150000,3,2,1,-1,-1,-1,-1,-1,-1,9240,386,12870,11173,1719,413,386,12884,251,39,414,6556,140760,149614,137130,138827,148281,149587,15271,0
150000,3,2,2,-1,-1,-1,-1,-1,-1,89604,97129,98795,98925,100017,99607,10000,4275,3550,3750,3600,3100,60396,52871,51205,51075,49983,50393,555802,1
10000,1,1,4,-1,-1,-1,-1,-1,-1,10043,9616,9718,9916,9250,7461,1194,1076,274,370,472,375,-43,384,282,84,750,2539,52243,0
240000,3,2,3,-1,-1,-1,-1,-1,-1,61190,62506,63864,65130,66494,67441,2300,2400,2329,2411,2050,2000,178810,177494,176136,174870,173506,172559,373135,0
230000,2,4,1,-1,-1,-1,-1,-1,-1,47520,46256,32029,31397,27834,28153,2000,2500,1200,2000,18000,5000,182480,183744,197971,198603,202166,201847,182489,0
170000,2,2,2,-1,-1,-1,-1,-1,-1,326,326,326,326,652,326,326,326,326,652,0,326,169674,169674,169674,169674,169348,169674,326,0
460000,1,2,2,-1,-1,-1,-1,-1,-1,21203,21828,13776,8226,12497,4503,21833,13779,8226,12497,4503,5844,438797,438172,446224,451774,447503,455497,15351,0
240000,2,2,3,-2,-2,-2,-2,-2,-2,2995,3808,5736,3328,3901,3413,4028,7266,3422,5020,3517,57,237005,236192,234264,236672,236099,236587,-129,0
80000,2,2,3,1,2,-1,-1,2,-1,24621,23948,24751,26493,25936,26304,0,1500,2150,0,944,2000,55379,56052,55249,53507,54064,53696,145459,0
290000,2,2,1,-1,-1,-1,-1,-1,-1,1199,2528,3781,6076,6336,10570,2000,2000,3000,1000,5000,1000,288801,287472,286219,283924,283664,279430,16490,0
30000,2,2,1,-1,-1,-1,-1,-1,-1,30455,30403,30454,29227,28929,29484,1515,1455,1028,1044,1420,1111,-455,-403,-454,773,1071,516,171379,0
240000,2,4,2,-1,-1,-1,-1,-1,-1,227457,232729,223431,226361,223508,238587,9000,10000,8000,9000,19000,9000,12543,7271,16569,13639,16492,1413,1308073,0
80000,2,2,3,-2,-2,-2,-2,-2,-2,10593,41217,8815,24012,0,2229,41217,8815,24012,1153,2229,2190,69407,38783,71185,55988,80000,77771,7250,0
30000,2,2,2,-1,-1,-1,-1,-1,-2,28949,30319,29400,30000,0,0,2233,1000,600,0,0,0,1051,-319,600,0,30000,30000,114835,0
180000,2,6,4,-2,-2,-2,-2,-2,-2,0,0,145,0,0,0,0,145,0,0,0,0,180000,180000,179855,180000,180000,180000,0,0
50000,2,4,1,-1,-1,-1,-1,-1,-2,390,390,0,780,0,0,390,0,780,0,0,0,49610,49610,50000,49220,50000,50000,390,1
30000,3,4,4,3,2,2,2,2,2,26494,26675,29111,28325,28840,5450,900,3974,0,600,0,0,3506,3325,889,1675,1160,24550,139421,1
110000,1,2,2,-1,-1,-1,2,2,2,112380,113369,113214,108350,109072,106848,6200,9900,0,8007,0,5000,-2380,-3369,-3214,1650,928,3152,634126,1
180000,2,4,2,1,-2,-2,-2,-2,-2,5931,2294,900,0,0,0,2294,900,0,0,0,788,174069,177706,179100,180000,180000,180000,5143,0
50000,2,1,3,-1,-1,-1,-1,-1,-1,46693,14453,6701,3581,0,6000,1158,1010,3581,0,6000,3261,3307,35547,43299,46419,50000,44000,62418,0
140000,2,4,1,-1,-1,-1,-1,-1,-1,141740,138128,128812,131374,135353,137238,7001,4700,4706,6100,5300,4806,-1740,1872,11188,8626,4647,2762,780032,0
90000,2,2,2,-1,-1,-1,-1,-1,-1,92481,90698,80720,69788,63868,40136,3507,3328,2100,2542,3000,93245,-2481,-698,9280,20212,26132,49864,329969,1
90000,2,4,1,-1,-1,-1,2,3,2,23662,25970,28531,30072,29323,28709,3000,3000,2300,0,0,4860,66338,64030,61469,59928,60677,61291,153107,1
180000,2,2,2,-1,-1,-1,-2,-2,-2,130171,12666,0,0,0,0,1110,0,0,0,0,0,49829,167334,180000,180000,180000,180000,141727,0
360000,1,4,1,-1,-1,-1,-1,-1,-1,92693,87415,69552,38898,31222,55801,20595,20200,10063,1897,30278,83275,267307,272585,290448,321102,328778,304199,209273,0
140000,2,2,1,2,2,2,2,2,2,12642,13740,13818,13994,14222,14537,1600,600,700,600,700,600,127358,126260,126182,126006,125778,125463,78153,1
90000,3,4,1,-1,-1,-1,-1,-1,-1,119836,21836,11036,29836,986,21615,30000,11036,19836,986,21615,5885,-29836,68164,78964,60164,89014,68385,115787,0
150000,1,4,1,-1,-1,-1,-1,-1,-2,222,3,3359,2924,0,0,3,3461,261,0,0,0,149778,149997,146641,147076,150000,150000,2783,0
200000,2,1,4,-1,-1,-1,-1,-1,-1,195456,199692,171784,175197,179069,189686,8007,6300,6276,6701,13800,0,4544,308,28216,24803,20931,10314,1069800,0
110000,2,2,3,-1,-1,-1,-1,-1,-1,216582,110865,74340,47152,48138,49171,8788,3152,1687,1745,1831,1732,-106582,-865,35660,62848,61862,60829,527313,0
410000,1,4,1,-1,-1,-1,-1,-1,-1,4151,4357,10513,9137,7781,28870,4357,10513,9137,7781,28870,15000,405849,405643,399487,400863,402219,381130,-10849,0
50000,3,1,4,-1,-1,-1,-1,-1,-1,31236,30141,18683,19055,19462,19343,3088,1500,651,682,680,595,18764,19859,31317,30945,30538,30657,130724,0
170000,2,2,3,-1,-1,-1,-1,-1,-1,78429,81991,81688,100841,23528,32579,5000,3000,20000,5000,10000,10000,91571,88009,88312,69159,146472,137421,346056,0
210000,2,2,2,-1,-1,-1,-1,-1,-1,836,4247,17162,12949,12023,7324,4278,17213,6015,2083,7360,12142,209164,205753,192838,197051,197977,202676,5450,0
290000,1,2,2,-1,-1,-1,-1,-1,-1,247280,250007,261236,223092,185522,170190,30000,29000,10000,8000,30000,48000,42720,39993,28764,66908,104478,119810,1182327,0
160000,1,4,1,-1,-1,-1,-1,-1,-1,2431,5026,3720,3465,4218,2913,5030,3722,4300,5000,2500,5400,157569,154974,156280,156535,155782,157087,-4179,0
50000,2,2,1,-1,-1,-1,-1,-1,-1,48603,48338,45090,19031,19534,19301,1963,1972,672,800,700,1000,1397,1662,4910,30969,30466,30699,192790,1
50000,2,2,1,-1,-1,-1,-1,-1,-1,33094,47035,44384,45267,46215,47949,17012,2300,1618,1675,2500,2139,16906,2965,5616,4733,3785,2051,236700,0
30000,2,4,1,-1,-1,-1,-1,-1,-2,10406,5068,2023,1163,0,0,1000,1002,23,0,0,0,19594,24932,27977,28837,30000,30000,16635,0
30000,3,4,1,1,2,-1,-1,-1,-1,18103,18418,19270,19810,19583,20231,900,1215,755,639,1200,243,11897,11582,10730,10190,10417,9769,110463,1
80000,2,4,1,-1,-1,-1,-1,-1,-1,55647,57737,58577,60169,58426,58204,3000,3923,2500,2100,2200,2075,24353,22263,21423,19831,21574,21796,332962,0
20000,1,2,2,2,-1,-1,-1,-1,-1,16869,17895,18939,19150,19549,20073,1606,1650,823,857,1000,400,3131,2105,1061,850,451,-73,106139,1
130000,3,2,2,-1,-1,2,-1,-1,-1,1755,1890,735,1575,316,5039,1890,0,1575,316,5039,1156,128245,128110,129265,128425,129684,124961,1334,0
80000,1,2,2,-1,2,2,2,2,3,4269,4057,5326,5092,6008,5618,0,1500,0,1000,0,1000,75731,75943,74674,74908,73992,74382,26870,1
80000,2,1,3,-1,-1,-1,-1,-1,-1,45747,40851,35933,30605,25189,19766,1618,1533,1038,852,765,627,34253,39149,44067,49395,54811,60234,191658,0
180000,3,4,2,1,-1,-1,-1,-1,-1,0,4835,2220,11303,9359,9041,4835,2200,11303,187,181,3050,180000,175165,177780,168697,170641,170959,15002,0
150000,1,1,2,-1,-1,-1,-1,-1,-1,49112,48450,19790,50123,45987,46555,1510,1850,101123,1650,1700,0,100888,101550,130210,99877,104013,103445,152184,0
100000,2,2,1,-1,-1,-1,-1,-1,-1,73070,74847,97369,98232,97752,0,10000,43000,5000,3000,0,0,26930,25153,2631,1768,2248,100000,380270,0
50000,3,2,3,-1,-1,-1,-1,2,-1,29336,30502,31161,25294,24843,19576,1641,1300,1629,0,1000,1007,20664,19498,18839,24706,25157,30424,154135,0
290000,2,1,3,-2,-2,-2,-2,-2,-2,730,4426,820,0,2653,0,4426,820,0,2653,0,0,289270,285574,289180,290000,287347,290000,730,1
490000,1,1,4,-2,-2,-2,-2,-2,-2,0,0,0,0,0,0,0,0,0,0,0,0,490000,490000,490000,490000,490000,490000,0,1
130000,1,4,2,1,-2,-2,-2,-2,-2,-915,-915,-915,-915,-915,-1070,0,0,0,0,0,0,130915,130915,130915,130915,130915,131070,-5645,0
20000,1,2,1,1,-1,-1,-1,-1,-1,0,150,0,597,0,4740,150,0,597,0,4740,0,20000,19850,20000,19403,20000,15260,0,0
30000,1,4,1,1,2,-1,-1,-1,-1,10764,10454,11862,12104,12351,8000,0,2000,242,247,2000,0,19236,19546,18138,17896,17649,22000,61046,1
230000,1,4,1,-1,-1,-1,-1,-1,-1,52906,54454,53457,55128,52788,53671,3000,2000,2500,2500,2000,2000,177094,175546,176543,174872,177212,176329,308404,0
260000,1,2,4,-1,-1,-1,-1,-1,-1,582,0,582,291,4471,5394,0,582,291,4471,1000,1000,259418,260000,259418,259709,255529,254606,3976,0
290000,1,1,2,-2,-2,-2,-2,-2,-2,2500,0,0,0,0,0,0,0,0,0,0,0,287500,290000,290000,290000,290000,290000,2500,0
220000,2,4,4,-1,-1,-1,-1,-1,-1,2742,3131,2664,891,1927,4250,1500,1500,891,1927,4250,3000,217258,216869,217336,219109,218073,215750,2537,0
60000,2,2,1,3,2,-1,-1,-1,-1,61014,59473,56912,47513,42945,45648,0,2100,1500,1700,3500,1341,-1014,527,3088,12487,17055,14352,303364,1
150000,3,2,3,-1,-1,-1,-1,-1,-1,59885,59054,60254,59604,60707,61988,2200,2200,2300,2213,2300,2245,90115,90946,89746,90396,89293,88012,348034,0
80000,2,2,2,3,2,-1,-1,2,2,13683,13178,13853,14823,14443,15802,0,1200,1200,0,1600,2200,66317,66822,66147,65177,65557,64198,79582,1
30000,2,4,1,2,-1,-1,2,2,2,16089,17127,19108,18503,20100,19629,1300,2272,0,1900,0,1000,13911,12873,10892,11497,9900,10371,104084,1
210000,2,2,2,-1,-1,-1,-1,-1,-1,86792,88106,89419,88758,85239,81723,3319,3892,3184,3128,2944,2870,123208,121894,120581,121242,124761,128277,500700,0
50000,3,2,1,2,2,2,2,2,2,27358,28422,28858,29289,28685,30847,1800,1200,1200,0,2800,1200,22642,21578,21142,20711,21315,19153,165259,0
250000,1,2,3,-1,-1,-1,-1,-1,-1,43098,10606,49815,19857,56064,45427,10615,49825,19866,56074,45443,29916,206902,239394,200185,230143,193936,204573,13128,0
200000,2,4,2,-1,-1,-1,-1,-1,-1,12842,9490,6955,28300,13227,11202,13805,6797,28314,13291,11258,11912,187158,190510,193045,171700,186773,188798,-3361,1
150000,2,1,3,1,2,-1,-1,2,-1,144837,141815,143704,151572,149807,153088,0,5000,9500,0,5005,6010,5163,8185,6296,-1572,193,-3088,859308,1
30000,2,2,1,-1,-1,-1,-1,-1,2,29072,29276,30204,28501,29687,29497,1600,1500,1000,4000,1900,0,928,724,-204,1499,313,503,166237,0
50000,2,4,1,-1,-1,-1,-1,-1,-1,35454,33824,28528,28102,25574,26524,1901,1900,1050,1000,2000,2500,14546,16176,21472,21898,24426,23476,167655,0
210000,1,2,2,-1,-1,-1,-1,-1,2,124838,102995,17383,172065,181981,174744,5000,1400,155000,12700,0,6300,85162,107005,192617,37935,28019,35256,593606,0
20000,2,1,2,-1,-1,-1,-1,-1,-1,18490,25404,19789,19985,19676,6971,1500,2393,1000,494,139,19710,1510,-5404,211,15,324,13029,85079,0
110000,1,1,4,3,2,2,3,2,2,46335,45319,50030,48940,48026,55979,0,5800,0,0,8774,0,63665,64681,59970,61060,61974,54021,280055,1
140000,1,2,1,-1,-1,-1,-1,-1,-1,84729,102693,41266,39634,115440,133580,26894,1500,11888,115440,23900,10586,55271,37307,98734,100366,24560,6420,327134,0
50000,3,1,4,-1,-1,-1,-1,-1,-1,24729,20285,26026,12059,9765,10097,1338,1011,482,228,365,1261,25271,29715,23974,37941,40235,39903,98276,0
230000,2,4,1,-1,-1,-1,-1,-1,-1,79872,85538,77063,40102,52454,12314,10033,5010,5,45000,8000,35660,150128,144462,152937,189898,177546,217686,243635,0
200000,1,4,1,-1,-1,-1,-1,-1,2,184602,187145,190983,188714,196262,198059,7000,7000,9000,10700,10600,0,15398,12855,9017,11286,3738,1941,1101465,0
120000,2,2,2,-1,-1,-2,-1,-1,-2,2706,161,250,2561,-295,-295,569,250,3265,0,0,0,117294,119839,119750,117439,120295,120295,1004,0
50000,2,1,3,-1,-1,-1,-1,-1,-1,49046,49221,46505,6991,4809,1890,2185,2938,6996,4809,1890,6890,954,779,3495,43009,45191,48110,132754,0
140000,3,2,2,-1,-1,-1,-1,-1,-1,108028,104626,101376,80840,75462,75957,3889,4412,3000,3000,3000,4000,31972,35374,38624,59160,64538,64043,524988,0
100000,3,4,3,-1,-1,-1,-1,-1,-1,16584,16009,64886,66202,72526,74323,16137,64886,2353,10000,3000,2670,83416,83991,35114,33798,27474,25677,211484,0
80000,3,1,3,-1,-1,-1,-1,-1,-1,231550,223337,206390,0,1257,33592,5067,12290,0,1257,35238,1145,-151550,-143337,-126390,80000,78743,46408,641129,0
100000,2,2,1,2,2,3,2,2,2,86974,98246,95884,93528,96397,96258,12700,0,0,6050,1600,3400,13026,1754,4116,6472,3603,3742,543537,1
120000,2,4,1,-1,-1,-1,-1,-1,-1,38609,41992,36607,38828,38325,39222,5000,4000,4017,3000,3000,3000,81391,78008,83393,81172,81675,80778,211566,0
50000,2,1,4,-2,-2,-2,-2,-2,-2,3526,-4,1473,2517,1217,4459,0,1477,2524,1320,4572,2206,46474,50004,48527,47483,48783,45541,1089,1
30000,2,4,1,-1,-1,-1,-2,-2,-2,784,4184,0,0,0,0,4200,1000,0,0,0,0,29216,25816,30000,30000,30000,30000,-232,0
330000,2,4,1,-1,-1,-1,-1,-1,-1,237515,230471,233421,201240,186444,158521,11012,11012,6548,6497,6037,5141,92485,99529,96579,128760,143556,171479,1201365,0
240000,1,1,4,-1,-1,-1,-1,-1,-1,232943,236437,133385,136654,136639,123951,9700,5000,5500,5500,5000,5000,7057,3563,106615,103346,103361,116049,964309,0
290000,2,4,2,-1,-1,-1,-1,-1,-1,228342,235380,240049,107993,110691,50143,10600,10200,4000,4534,2670,700,61658,54620,49951,182007,179309,239857,939894,1
60000,2,2,3,-1,-1,-1,-1,-1,2,60660,57718,38144,29542,30700,30064,3500,1731,2009,4121,0,1000,-660,2282,21856,30458,29300,29936,234467,0
360000,1,4,1,-1,-1,-1,-1,-1,-1,5751,1501,624,0,1000,1866,1501,624,0,1000,1866,252,354249,358499,359376,360000,359000,358134,5499,0
200000,1,4,2,-2,-2,-1,-1,-2,-2,0,0,798,0,307,497,0,798,0,307,497,0,200000,200000,199202,200000,199693,199503,0,0
450000,1,2,2,-1,-1,-1,-1,-1,-1,67139,60995,62728,63223,63011,43156,3000,3000,2000,8110,2600,2000,382861,389005,387272,386777,386989,406844,339542,0
80000,1,1,3,1,2,-1,-1,-1,-1,102383,92704,87338,46927,80194,0,0,4000,939,80000,0,0,-22383,-12704,-7338,33073,-194,80000,324607,0
230000,2,2,2,-2,-2,-2,-2,-2,-2,750,0,0,790,0,2803,0,0,790,0,2803,0,229250,230000,230000,229210,230000,227197,750,0
160000,2,2,2,-1,-1,-1,-1,-1,-1,390,390,1560,1170,780,390,390,1560,0,0,0,390,159610,159610,158440,158830,159220,159610,2340,0
20000,3,4,4,-1,-1,-2,-2,-1,-1,4400,-220,-220,-610,390,0,0,0,0,1390,0,780,15600,20220,20220,20610,19610,20000,1570,0
200000,3,2,1,-1,-1,2,-1,-1,-1,188,2791,188,376,188,6884,2791,0,376,0,6884,4187,199812,197209,199812,199624,199812,193116,-3623,1
240000,2,2,2,-1,-1,-1,-1,-1,-1,1473,1473,1473,1473,1473,1473,1473,1473,1473,1473,1473,390,238527,238527,238527,238527,238527,238527,1083,1
80000,3,4,2,-1,-1,-1,-1,-1,-1,4762,6712,1814,4811,1379,6136,6734,1817,4817,1381,6137,6251,75238,73288,78186,75189,78621,73864,-1523,0
20000,2,1,4,-1,-1,-1,-1,-1,-2,12278,13209,7215,1520,0,0,1500,1060,30,0,0,0,7722,6791,12785,18480,20000,20000,31632,0
120000,1,4,1,-1,-1,-1,-1,-1,-1,120568,122285,123294,81042,81225,79777,5224,5427,2830,3000,2900,2818,-568,-2285,-3294,38958,38775,40223,585992,0
130000,3,4,1,2,2,3,2,2,2,49583,53275,51960,49723,47120,46188,5100,0,0,4500,0,1500,80417,76725,78040,80277,82880,83812,286749,1
200000,3,1,3,-1,-1,-1,-1,-1,-1,97933,78409,58998,60219,61748,64220,3200,2200,2200,2500,3500,90000,102067,121591,141002,139781,138252,135780,317927,0
330000,1,2,2,-2,-2,-2,-2,-2,-2,-10,-10,-10,-10,-10,-10,0,0,0,0,0,0,330010,330010,330010,330010,330010,330010,-60,0
30000,3,2,1,1,2,-1,-1,4,4,21508,20881,23217,28498,28060,29999,0,3000,6000,1200,3000,0,8492,9119,6783,1502,1940,1,138963,1
20000,2,2,1,2,2,3,3,3,3,1050,1050,1050,1050,1050,1050,0,0,0,0,0,0,18950,18950,18950,18950,18950,18950,6300,0
170000,1,1,3,-1,-1,-1,-1,-1,-1,10540,0,9871,9739,66,230,0,9871,0,0,230,23709,159460,170000,160129,160261,169934,169770,-3364,1
150000,2,4,1,1,2,-1,-1,-1,-1,170971,165806,146001,113907,115578,111863,39,6000,3937,4077,4504,23066,-20971,-15806,3999,36093,34422,38137,782503,0
20000,2,2,1,-1,-1,2,2,2,2,15859,18486,18686,18983,18540,19775,3200,800,900,0,1700,0,4141,1514,1314,1017,1460,225,103729,0
160000,1,4,1,1,-1,-1,-1,-1,-1,-146,15414,1857,550,2602,10381,17833,2252,9694,10000,11797,7289,160146,144586,158143,159450,157398,149619,-28207,0
140000,2,4,2,-1,-1,2,-1,-1,2,15438,12140,11225,6688,6908,6438,2620,0,310,400,0,1435,124562,127860,128775,133312,133092,133562,54072,0
150000,2,2,1,-1,-1,-1,-1,-1,-1,61606,61950,200,51099,24487,17624,5000,200,52399,5063,1500,2200,88394,88050,149800,98901,125513,132376,150604,0
120000,3,4,3,1,2,2,2,2,2,121400,123055,118030,122443,120370,123766,7352,0,8990,0,9000,0,-1400,-3055,1970,-2443,-370,-3766,703722,0
50000,2,2,1,-1,-1,-1,-1,2,2,13192,14668,15614,17155,16741,19131,2000,1500,1800,0,2843,0,36808,35332,34386,32845,33259,30869,88358,1
180000,1,4,2,1,2,2,-1,-1,-2,17816,18247,33230,5168,0,0,1000,0,103,0,0,0,162184,161753,146770,174832,180000,180000,73358,0
60000,1,2,1,-1,-1,-1,-1,2,-1,18996,20806,22447,24337,23808,24610,2120,2000,2269,0,1200,2269,41004,39194,37553,35663,36192,35390,125146,1
100000,2,2,2,2,2,2,2,2,2,54126,57919,57778,59227,58151,61966,5300,1400,3000,0,4800,2500,45874,42081,42222,40773,41849,38034,332167,1
120000,2,2,1,-1,-1,-1,-1,-1,-1,4310,3905,2411,1925,2943,6249,3905,2411,1925,2943,6249,1780,115690,116095,117589,118075,117057,113751,2530,1
20000,1,2,1,1,-2,-2,-2,-2,-1,0,0,0,0,0,1273,0,0,0,0,1273,0,20000,20000,20000,20000,20000,18727,0,1
70000,1,4,1,2,2,2,2,2,2,44594,45588,46540,47378,46490,47758,2000,2000,1900,0,2200,3600,25406,24412,23460,22622,23510,22242,266648,1
200000,2,1,4,2,2,-1,-1,2,-1,190672,186230,188391,199101,185247,165232,0,6784,13788,14,6021,5099,9328,13770,11609,899,14753,34768,1083167,0
500000,1,2,3,-1,-1,-1,-1,-1,-1,273430,268256,262467,254307,249106,242741,9704,10851,9005,9074,8501,8985,226570,231744,237533,245693,250894,257259,1494187,0
460000,1,1,3,-1,-1,-1,-1,-1,-2,81848,7653,47633,1296,0,0,8877,47830,1296,0,0,0,378152,452347,412367,458704,460000,460000,80427,0
160000,2,2,4,-1,-1,-1,-1,-1,-1,152689,148126,144978,141639,138383,134951,5500,5300,5053,5010,4850,5000,7311,11874,15022,18361,21617,25049,830053,0
20000,4,2,1,-1,-1,-1,-1,-1,-2,19189,19226,18371,18400,0,0,1376,1206,2222,0,0,0,811,774,1629,1600,20000,20000,70382,0
300000,2,2,3,-1,-1,-1,-1,-1,-1,1188,3071,7854,10426,16784,4334,2000,5000,5000,10000,4334,3578,298812,296929,292146,289574,283216,295666,13745,1
40000,2,1,3,-1,-1,-1,-1,-1,-1,36917,38260,32680,23472,25436,34309,2000,2000,1000,3000,10000,1142,3083,1740,7320,16528,14564,5691,171932,0
130000,3,2,1,-1,-1,-1,-1,-1,-1,131724,130186,124530,115800,98268,83729,5510,8970,5239,5234,4000,4000,-1724,-186,5470,14200,31732,46271,651284,1
120000,1,4,1,-1,-1,-1,-1,-1,-1,11431,6857,6865,8209,4825,4322,6000,3147,12000,4000,5000,1759,108569,113143,113135,111791,115175,115678,10603,0
20000,2,4,1,-1,-1,-1,-1,-1,-1,18062,18374,19222,18014,18627,15811,1700,1500,1000,1000,1000,1000,1938,1626,778,1986,1373,4189,100910,0
200000,1,4,3,-2,-1,-1,-1,-1,-1,23905,10163,20426,15592,12541,8667,12020,21008,16026,60,8667,18500,176095,189837,179574,184408,187459,191333,15013,0
20000,2,1,4,-1,-1,-1,-1,-1,-1,18321,18446,18285,18235,16259,10640,1355,1136,646,381,337,1251,1679,1554,1715,1765,3741,9360,95080,0
10000,2,2,2,-1,-1,-1,-1,2,-1,7231,7497,9355,9594,8535,8713,1142,2000,758,0,313,1000,2769,2503,645,406,1465,1287,45712,0
400000,1,4,1,-1,-1,-1,-1,-1,-1,10430,24979,29925,25423,7064,15920,24030,14062,1824,40,15673,16694,389570,375021,370075,374577,392936,384080,41418,0
180000,1,4,1,1,2,2,2,2,2,65054,57314,54485,59415,57110,19339,1568,4,8000,387,0,0,114946,122686,125515,120585,122890,160661,302758,0
60000,2,4,1,-1,-1,-1,-1,-1,-1,21295,22629,23338,23810,25418,26050,1679,1388,860,2000,1055,2000,38705,37371,36662,36190,34582,33950,133558,0
260000,1,4,1,-1,-1,-1,-1,-1,-1,187068,193245,204730,246985,240543,227725,10360,60000,100008,10000,11700,5000,72932,66755,55270,13015,19457,32275,1103228,1
50000,3,1,2,-1,-1,-1,-1,-1,-1,36809,24248,18588,18958,19355,19788,1601,1309,679,703,755,396,13191,25752,31412,31042,30645,30212,132303,0
120000,2,2,2,2,-1,-1,-1,2,2,87199,89008,90834,95499,93857,99504,4110,4203,7100,0,7396,3700,32801,30992,29166,24501,26143,20496,529392,1
300000,1,2,3,2,2,2,2,2,2,5000,5000,5000,5000,5000,5000,0,0,0,0,0,0,295000,295000,295000,295000,295000,295000,30000,1
20000,2,2,2,-1,-1,-2,-2,-2,-2,18400,0,0,0,0,0,0,0,0,0,0,0,1600,20000,20000,20000,20000,20000,18400,1
180000,2,1,1,-1,-1,-1,-1,-1,-1,396,396,396,396,396,396,396,396,396,396,396,396,179604,179604,179604,179604,179604,179604,0,0
30000,2,4,1,-1,-1,-1,-1,-1,-1,27141,25125,27835,24743,28020,25607,3000,5000,1000,20000,3000,8000,2859,4875,2165,5257,1980,4393,118471,0
70000,2,2,2,-1,-1,2,2,3,2,5942,8176,8891,9522,9084,8792,2500,1000,923,0,0,400,64058,61824,61109,60478,60916,61208,45584,0
220000,1,2,4,-1,-1,-1,-1,-1,-1,20730,-270,53895,-105,20895,20835,0,54165,0,21000,20940,33460,199270,220270,166105,220105,199105,199165,-13585,1
110000,1,2,2,-1,-1,-1,-1,-1,-1,2610,54223,57299,50418,48093,3389,54300,6600,400,4000,1771,0,107390,55777,52701,59582,61907,106611,148961,1
180000,1,2,2,-1,-1,-1,-1,-1,-2,37711,40102,78400,3000,0,0,3000,40129,3000,0,0,0,142289,139898,101600,177000,180000,180000,113084,0
80000,1,4,2,-1,-1,-1,-1,-1,-1,5759,8395,1768,4284,7202,2014,8414,1775,4284,7202,2014,5218,74241,71605,78232,75716,72798,77986,515,0
100000,1,2,2,1,2,2,2,2,2,46092,45074,48287,49091,50149,51176,0,3978,1900,2000,2000,0,53908,54926,51713,50909,49851,48824,279991,0
50000,2,2,3,-1,-1,2,2,2,2,46248,50893,48854,50901,50015,48179,5750,0,3800,1890,0,1850,3752,-893,1146,-901,-15,1821,281800,1
50000,2,4,1,-1,-1,-1,-1,-1,-1,59321,56454,53278,19437,19845,19911,2329,2353,39886,704,730,656,-9321,-6454,-3278,30563,30155,30089,181588,0
130000,1,2,2,-1,-1,-1,-2,-2,-2,5190,649,0,0,0,0,649,0,0,0,0,0,124810,129351,130000,130000,130000,130000,5190,1
290000,2,6,3,-1,-1,-1,-1,-1,-1,52547,53829,53841,54486,55198,55878,2542,1926,1931,1989,2002,2028,237453,236171,236159,235514,234802,234122,313361,0
240000,1,2,2,-1,-1,-1,-1,-1,-1,124105,127593,130474,134296,139117,143634,7000,5000,6000,7000,7000,5445,115895,112407,109526,105704,100883,96366,761774,0
160000,2,4,1,1,-2,-1,-1,-1,-2,0,0,6204,6204,0,0,0,6204,0,0,0,0,160000,160000,153796,153796,160000,160000,6204,0
50000,2,2,2,-1,-1,-1,-1,-1,-1,48973,50601,49805,27605,29447,30045,91000,1200,600,29057,1076,1300,1027,-601,195,22395,20553,19955,112243,0
30000,2,3,3,-1,-1,-1,-1,-1,-2,3390,390,780,780,0,0,390,780,0,0,0,0,26610,29610,29220,29220,30000,30000,4170,0
60000,2,2,2,1,-2,-2,-2,-2,-2,0,0,0,0,0,0,0,0,0,0,0,0,60000,60000,60000,60000,60000,60000,0,0
60000,2,4,4,-1,-1,-1,-1,-1,-1,53584,41935,30077,30246,30257,29768,2000,2000,2300,2000,3000,1500,6416,18065,29923,29754,29743,30232,203067,0
100000,3,2,4,-1,-1,-1,-1,-1,-1,98918,96916,98492,89961,93971,85526,4523,4213,3100,10000,3220,3130,1082,3084,1508,10039,6029,14474,535598,0
140000,1,1,1,1,-2,-2,-2,-2,-2,-488,-488,-488,-488,-488,-488,0,0,0,0,0,0,140488,140488,140488,140488,140488,140488,-2928,0
150000,2,1,2,-1,-1,-1,-1,-1,-1,125063,118843,137751,141330,146389,132617,10050,30000,5000,6088,5150,10000,24937,31157,12249,8670,3611,17383,735705,0
500000,2,2,1,-1,-1,-1,-1,-1,-1,47399,48711,48642,49062,149034,181876,2361,1500,1128,100330,100486,2114,452601,451289,451358,450938,350966,318124,316805,0
20000,2,1,2,-1,-1,-1,-1,-1,-1,4128,5550,6599,6839,7228,7457,1500,1300,500,500,500,1000,15872,14450,13401,13161,12772,12543,32501,1
240000,2,4,2,-2,-2,-2,-2,-2,-2,500,0,0,0,0,0,0,0,0,0,0,0,239500,240000,240000,240000,240000,240000,500,0
90000,3,3,2,-2,-2,-2,-2,-2,-2,33957,4976,176,21601,7423,9252,4990,176,21665,8213,9279,16445,56043,85024,89824,68399,82577,80748,16617,0
160000,1,2,5,2,2,-2,-2,-2,-2,498,135,0,0,0,508,135,0,0,0,508,1287,159502,159865,160000,160000,160000,159492,-789,0
280000,2,4,2,-2,-2,-1,-1,-1,-1,167,3690,1735,1735,1714,843,3700,1735,0,1700,1000,22000,279833,276310,278265,278265,278286,279157,-20251,1
260000,2,4,1,-1,-1,-1,-1,-1,-1,25419,19045,19270,11915,114479,24511,3000,3017,11915,114479,2000,2500,234581,240955,240730,248085,145521,235489,77728,0
130000,4,1,3,-1,-1,-1,-1,-1,-1,75472,75095,59335,54668,22780,13417,2452,2140,1093,13706,500,100,54528,54905,70665,75332,107220,116583,280776,1
500000,3,2,4,-1,-1,-1,-1,-1,-1,5310,5484,14539,13291,3645,4763,2703,10043,6065,3648,2003,1004,494690,494516,485461,486709,496355,495237,21566,0
120000,2,1,2,2,-1,-1,-1,-1,-1,435,435,1887,435,435,435,435,1887,435,435,435,435,119565,119565,118113,119565,119565,119565,0,0
210000,1,2,2,-1,-1,-1,-1,-1,-1,1060,3229,4107,5931,4665,6607,2200,1005,3208,2000,2000,49980,208940,206771,205893,204069,205335,203393,-34794,0
50000,2,1,3,-1,-1,-1,-1,-1,-1,48905,49764,36535,32428,15313,16057,1800,1430,1000,1000,1000,1000,1095,236,13465,17572,34687,33943,191772,0
210000,2,1,2,-1,-1,-1,-1,-2,-2,1060,777,7971,-8,-8,-8,779,7994,0,0,0,1704,208940,209223,202029,210008,210008,210008,-693,0
10000,2,4,1,1,2,2,-1,-1,-1,8944,9882,9538,9808,8650,0,1230,0,500,450,0,0,1056,118,462,192,1350,10000,44642,1
70000,2,4,2,2,2,2,-1,-1,2,64913,63387,58840,56431,56859,54449,3000,0,2000,4219,1700,323,5087,6613,11160,13569,13141,15551,343637,0
150000,2,2,2,-1,-1,2,-1,-1,-1,8839,18814,14776,15582,7722,10156,11394,0,13000,7722,11000,21191,141161,131186,135224,134418,142278,139844,11582,0
60000,3,2,4,-1,-1,-1,-1,-1,-1,15602,16629,17638,17989,18383,21781,1284,1293,644,684,3721,761,44398,43371,42362,42011,41617,38219,99635,0
120000,2,2,1,-1,2,2,2,-2,-2,5521,2197,1010,0,0,0,1010,0,0,0,0,0,114479,117803,118990,120000,120000,120000,7718,1
80000,1,4,2,-1,-1,-1,-1,-1,-1,48006,48159,46099,47039,48286,48974,2100,3000,2000,2000,2000,2000,31994,31841,33901,32961,31714,31026,273463,0
490000,1,2,2,-2,-2,-2,-2,-2,-2,5310,2691,3367,-46,9285,-14,2711,3384,0,9331,0,2960,484690,487309,486633,490046,480715,490014,2207,0
450000,1,1,3,-2,-2,-2,-2,-2,-2,32000,3417,4700,20916,9695,6361,3423,4700,20916,9695,6361,6447,418000,446583,445300,429084,440305,443639,25547,0
20000,4,4,1,-1,-1,-1,-1,-1,-2,16371,17801,18256,18425,0,0,2000,1200,369,0,0,0,3629,2199,1744,1575,20000,20000,67284,0
10000,1,2,1,-1,-1,2,2,4,5,3035,5802,5561,8455,9730,8999,3000,0,3000,2000,0,0,6965,4198,4439,1545,270,1001,33582,0
20000,3,2,3,-2,-2,-2,-2,-1,-1,836,390,390,390,1487,3560,390,390,390,1487,3560,15000,19164,19610,19610,19610,18513,16440,-14164,0
50000,2,2,1,-1,-1,-1,-1,-1,-1,6105,7347,8000,8000,10000,0,1500,1000,0,2000,0,2556,43895,42653,42000,42000,40000,50000,32396,0
300000,1,1,4,-1,-1,-1,-1,-1,-1,18961,4371,3391,34282,12983,0,4387,3472,47371,64,0,33588,281039,295629,296609,265718,287017,300000,-14894,1
80000,1,2,1,-2,-2,-2,-2,-2,-2,2049,805,1672,12205,3487,24764,2003,2019,12241,3510,24843,4001,77951,79195,78328,67795,76513,55236,-3635,0
310000,1,1,2,-1,-1,-2,-1,-1,2,360,0,91059,155,28100,4544,0,91059,155,28490,0,1041,309640,310000,218941,309845,281900,305456,3473,0
50000,3,2,3,-1,-1,-1,-1,-1,-1,48403,49448,50125,9717,9549,9840,2550,2227,339,500,600,500,1597,552,-125,40283,40451,40160,170366,0
500000,2,1,2,-1,-1,-1,-1,-1,-1,23800,297,9342,3518,5597,717,297,9342,3518,5597,717,25349,476200,499703,490658,496482,494403,499283,-1549,0
80000,3,2,3,-1,-1,-1,-1,-1,-2,22747,16260,6500,15525,0,0,3002,6500,15525,0,0,0,57253,63740,73500,64475,80000,80000,36005,0
30000,3,6,1,1,2,-1,-1,-1,-1,30698,29034,28317,27872,28456,28230,0,1442,986,1021,1015,1143,-698,966,1683,2128,1544,1770,167000,1
10000,2,2,3,1,2,-1,-1,-1,-1,9980,9178,7912,4838,10096,10112,1000,1517,194,6700,1000,1500,20,822,2088,5162,-96,-112,40205,1
390000,1,2,2,-1,-1,-1,-1,-1,-1,31825,56333,70133,63177,63670,22407,56613,70159,1264,493,22505,1162,358175,333667,319867,326823,326330,367593,155349,0
290000,2,1,3,-2,-2,-2,-2,-2,-2,167,616,640,526,336,527,619,643,528,337,529,696,289833,289384,289360,289474,289664,289473,-540,1
120000,2,2,2,-1,-1,-1,-1,-1,-1,46640,50865,54401,57873,61917,63880,5000,5000,5000,5000,3000,3000,73360,69135,65599,62127,58083,56120,309576,0
50000,1,4,1,-1,-1,-1,-1,-1,-1,28387,36276,17445,15575,8075,-589,10000,1031,4050,4000,0,0,21613,13724,32555,34425,41925,50589,86088,0
280000,1,1,2,-2,-2,-2,-2,-2,-2,2624,-26,5214,17187,2848,5287,0,5240,17273,2861,5313,0,277376,280026,274786,262813,277152,274713,2447,0
20000,1,4,1,-1,-1,-1,-1,-1,-1,18556,19162,19293,19298,19198,0,1805,1400,405,400,0,0,1444,838,707,702,802,20000,91497,0
20000,2,4,1,-1,-1,-2,-1,-1,-1,8392,-100,0,1828,2800,0,0,1000,1828,1500,0,3000,11608,20100,20000,18172,17200,20000,5592,0
90000,1,4,1,2,-1,-1,-1,-1,2,27459,28514,29733,30138,33248,32564,1800,2000,1200,3600,0,2000,62541,61486,60267,59862,56752,57436,171056,1
90000,2,2,2,2,2,-1,-1,-1,-1,64937,63240,51426,37872,33780,47367,0,1798,1426,1450,40000,711,25063,26760,38574,52128,56220,42633,253237,0
120000,2,4,2,1,-2,-1,-1,-1,-1,0,0,554,4131,930,0,0,554,4131,930,0,2581,120000,120000,119446,115869,119070,120000,-2581,0
80000,3,2,3,-1,-1,-1,-1,-1,-1,12171,11554,7830,4305,5427,6180,1500,1218,311,1351,1000,2000,67829,68446,72170,75695,74573,73820,40087,1
180000,2,2,5,-1,-1,-1,-1,-1,-1,127933,133279,127636,138164,142921,153691,15000,12000,20000,10000,20000,5000,52067,46721,52364,41836,37079,26309,741624,0
200000,1,4,2,-1,-1,-1,-1,-1,-1,326,6914,2343,23834,11000,1315,6914,2343,23834,11000,1315,1934,199674,193086,197657,176166,189000,198685,-1608,1
50000,3,2,4,-1,-1,-1,-1,2,-1,46300,10849,8857,9658,9359,9554,1200,1147,1222,0,350,338,3700,39151,41143,40342,40641,40446,90320,0
360000,1,2,2,-1,-1,-1,-1,-1,-1,14409,3540,500,500,0,1191,3540,500,500,0,1191,0,345591,356460,359500,359500,360000,358809,14409,0
30000,2,2,1,-1,-1,-1,-1,-1,-1,23134,23302,22844,22101,19535,19580,1712,1400,442,391,500,0,6866,6698,7156,7899,10465,10420,126051,0
50000,2,4,1,-1,-1,-1,-1,-1,-1,50062,34819,48909,15033,3198,0,2000,15412,870,3198,0,0,-62,15181,1091,34967,46802,50000,130541,0
80000,2,2,2,-2,-2,-2,-2,-2,-2,1324,1087,0,5963,1280,1243,1087,0,5963,1280,1243,1216,78676,78913,80000,74037,78720,78757,108,0
120000,2,2,2,1,2,2,3,2,-1,45755,46725,49653,48571,47664,48720,2000,4000,0,0,2000,2000,74245,73275,70347,71429,72336,71280,277088,1
30000,1,4,1,-1,-1,-1,-1,-1,-1,8326,557,8557,8400,20966,13638,557,8000,43,20109,222,62,21674,29443,21443,21600,9034,16362,31451,0
260000,2,4,2,-1,-1,-1,-1,-1,-1,165,165,274,165,333,165,165,274,165,333,165,293,259835,259835,259726,259835,259667,259835,-128,0
50000,2,1,5,-1,-1,-1,-1,-1,-1,51350,50350,49289,49058,47512,48930,50908,1800,1800,1800,2200,1774,-1350,-350,711,942,2488,1070,236207,0
30000,2,2,1,2,2,2,2,2,2,26795,29654,28879,30892,30500,0,3300,0,2500,0,0,0,3205,346,1121,-892,-500,30000,140920,0
50000,3,1,4,-1,-1,-2,-2,-2,-2,51400,0,0,0,0,0,0,0,0,0,0,0,-1400,50000,50000,50000,50000,50000,51400,0
340000,3,2,3,-1,-1,-1,-1,-1,-1,183139,179156,170491,158370,151685,143623,9000,9000,7000,6000,5400,5000,156861,160844,169509,181630,188315,196377,945064,0
170000,2,2,2,-1,-1,2,-1,-1,-1,2600,5234,2394,7794,5920,2798,5234,0,8000,1500,2798,2600,167400,164766,167606,162206,164080,167202,6608,0
20000,2,2,1,1,2,-1,-1,-1,-1,20415,18266,18921,19297,18926,17717,1264,1249,625,700,1000,1000,-415,1734,1079,703,1074,2283,107704,0
230000,1,2,2,-1,-1,-1,-1,-1,-1,1246,3284,4283,3476,3283,426,3312,4309,3549,3297,426,1390,228754,226716,225717,226524,226717,229574,-285,0
460000,1,2,1,-1,-1,-1,-1,-1,-1,460609,427584,373370,285926,264644,247298,18138,15481,10000,9072,8945,8567,-609,32416,86630,174074,195356,212702,1989228,0
20000,2,2,4,1,2,2,2,-1,-1,17819,18239,19094,12393,13037,13817,1000,1500,0,1000,1000,1000,2181,1761,906,7607,6963,6183,88899,0
210000,1,2,2,1,-2,-2,-2,-2,-2,0,0,0,0,0,0,0,0,0,0,0,0,210000,210000,210000,210000,210000,210000,0,1
30000,2,2,1,2,2,2,-1,-1,-1,29894,31423,30392,28314,29076,30065,2300,0,784,984,1400,0,106,-1423,-392,1686,924,-65,173696,0
50000,2,4,2,1,3,2,2,2,2,47629,46592,47517,48439,49418,50326,0,2000,2000,1900,1900,1900,2371,3408,2483,1561,582,-326,280221,1
130000,1,2,1,1,-1,2,2,-1,-1,-888,5806,888,0,5087,3103,6694,0,0,5087,3103,2490,130888,124194,129112,130000,124913,126897,-3378,0
30000,3,4,1,2,2,2,2,2,3,15335,14804,16546,15985,17869,17291,0,2300,0,2300,0,0,14665,15196,13454,14015,12131,12709,93230,1
60000,2,1,2,-1,-1,-1,2,2,2,10560,11312,13050,12578,14008,13179,1200,1900,0,1600,0,500,49440,48688,46950,47422,45992,46821,69487,1
160000,2,4,1,-1,-1,-1,-1,-1,2,1426,326,1976,810,2165,1997,326,1976,810,2165,0,28377,158574,159674,158024,159190,157835,158003,-24954,0
180000,2,4,2,-1,-1,-1,-1,-1,-1,54797,56909,57466,58609,59828,59842,3000,2100,2100,2163,1000,2203,125203,123091,122534,121391,120172,120158,334885,0
460000,3,4,2,-1,-1,-1,-1,-1,-1,89747,89175,102350,134878,162715,203451,5000,15000,35000,30000,43451,20000,370253,370825,357650,325122,297285,256549,633865,0
30000,3,2,4,2,-1,-1,-1,-1,-1,34775,35946,37685,33305,28305,20371,1733,2452,1072,1089,3101,5000,-4775,-5946,-7685,-3305,1695,9629,175940,0
280000,2,1,2,-1,-1,-2,-2,-2,-2,143650,0,0,0,0,0,0,0,0,0,0,0,136350,280000,280000,280000,280000,280000,143650,0
100000,2,2,2,1,-2,-2,-2,-1,-1,0,0,0,0,79679,79691,0,0,0,79679,3300,3210,100000,100000,100000,100000,20321,20309,73181,0
30000,2,2,1,6,5,4,3,2,-1,32875,32101,31071,30136,28496,29675,0,0,0,0,1642,0,-2875,-2101,-1071,-136,1504,325,182712,1
150000,1,4,1,-1,-1,-1,-1,-1,-1,39215,49300,53030,65006,50515,0,11200,16000,12376,1109,0,0,110785,100700,96970,84994,99485,150000,216381,0
200000,2,2,3,-1,-1,-1,-1,-1,-1,11418,2541,10599,13865,6177,5519,2541,10599,13865,0,5519,2358,188582,197459,189401,186135,193823,194481,15237,0
150000,1,2,1,-1,-1,-1,-1,-1,-1,123767,18479,7672,1736,82188,67578,20732,7672,1736,82178,5000,2600,26233,131521,142328,148264,67812,82422,181502,0
370000,2,2,3,-1,-1,-1,-1,2,2,162526,168389,338660,221808,222304,217704,10000,10000,114000,10000,0,9000,207474,201611,31340,148192,147696,152296,1178391,0
200000,1,4,2,-1,-1,-1,-1,-1,-2,2603,11381,0,1000,0,0,11381,0,1000,0,0,0,197397,188619,200000,199000,200000,200000,2603,0
200000,1,2,2,-1,-1,-1,-1,-1,-1,10760,11945,14562,22457,15569,9819,2000,5000,10000,5000,602,10000,189240,188055,185438,177543,184431,190181,52510,0
30000,1,4,1,2,2,6,6,5,4,1800,1800,1800,1800,1200,600,0,0,0,0,0,0,28200,28200,28200,28200,28800,29400,9000,0
210000,2,4,1,-1,-1,-1,-1,-1,-1,190,-310,1527,1901,0,2706,0,3054,2189,0,2706,0,209810,210310,208473,208099,210000,207294,-1935,0
120000,2,2,3,-1,-1,-1,-1,-1,-1,94218,95129,172957,85332,87103,71237,3415,3002,3177,3271,2702,2620,25782,24871,-52957,34668,32897,48763,587789,0
470000,2,2,2,-1,-1,-1,-1,-1,-1,218675,225519,230011,234639,239502,244328,8717,8000,6671,6882,6960,8751,251325,244481,239989,235361,230498,225672,1346693,0
60000,4,2,2,-1,-1,-1,-1,-1,-1,183,1419,3541,2248,0,449,1419,3541,2248,0,449,0,59817,58581,56459,57752,60000,59551,183,0
260000,1,1,4,-1,3,2,-1,-1,-1,1361,1188,792,792,396,2289,0,0,396,0,2289,164047,258639,258812,259208,259208,259604,257711,-159914,0
80000,2,1,1,-1,-1,-1,-1,-1,-1,390,390,390,540,540,540,390,390,540,540,540,390,79610,79610,79610,79460,79460,79460,0,1
100000,3,2,3,-1,-1,-1,-1,-1,-1,46104,47146,48162,48806,49910,51400,2086,2102,1746,1890,2400,0,53896,52854,51838,51194,50090,48600,281304,0
200000,1,1,2,1,-2,-1,-1,-1,-1,-57,-382,1293,968,643,318,0,2000,0,0,0,1370,200057,200382,198707,199032,199357,199682,-587,0
360000,3,1,2,1,1,-1,-1,-1,-1,277040,-22960,338600,22960,22960,0,0,361560,22960,0,0,0,82960,382960,21400,337040,337040,360000,254080,0
70000,2,2,1,2,2,2,2,2,-1,31455,34623,34757,35888,35180,35941,4000,1000,2000,0,1500,3000,38545,35377,35243,34112,34820,34059,196344,1
420000,3,1,3,2,-1,-1,-1,-1,-1,520453,520643,517746,428655,352793,350036,18500,20000,16000,11717,12000,12000,-100453,-100643,-97746,-8655,67207,69964,2600109,0
150000,1,2,2,1,2,2,-2,-2,-2,4605,4390,-25,-25,-25,-25,22,0,0,0,0,0,145395,145610,150025,150025,150025,150025,8873,0
240000,2,1,3,-1,-1,-1,-2,-1,-1,8421,14201,-28,-401,5109,7001,14230,0,0,7000,2000,3919,231579,225799,240028,240401,234891,232999,7154,0
360000,1,4,3,1,-1,-1,-1,-1,-1,0,7221,26194,0,3550,2511,7221,26194,0,3550,2511,6895,360000,352779,333806,360000,356450,357489,-6895,0
390000,2,2,2,-1,-1,-1,-1,-1,-1,98984,102158,96446,87912,89991,91470,5700,4000,3200,3500,3100,3000,291016,287842,293554,302088,300009,298530,544461,0
180000,2,2,1,-1,-1,-1,-1,-1,-1,11599,644,644,29944,644,264,644,644,29944,644,264,1024,168401,179356,179356,150056,179356,179736,10575,0
50000,1,4,1,-1,-1,-1,-1,-1,-1,2058,287,3423,0,3198,0,287,3423,0,3198,0,0,47942,49713,46577,50000,46802,50000,2058,0
180000,2,4,1,-1,-1,-1,-1,-1,-1,88846,89730,93682,103273,104492,109818,3279,6428,13669,3816,8048,3501,91154,90270,86318,76727,75508,70182,551100,1
200000,2,1,3,1,2,-1,-1,-1,-1,69963,67223,69167,69289,70333,70610,0,2943,2301,2374,2500,5300,130037,132777,130833,130711,129667,129390,401167,0
50000,2,1,2,1,-2,-2,-2,-2,-1,0,0,0,0,0,4473,0,0,0,0,4473,1650,50000,50000,50000,50000,50000,45527,-1650,0
280000,2,2,1,-1,-1,-1,-2,-2,-1,330,9500,0,0,0,261,9500,0,0,0,261,0,279670,270500,280000,280000,280000,279739,330,0
90000,2,4,3,-2,-2,-2,-2,-2,-1,9663,69279,59483,3065,854,2328,69616,59483,26665,854,2334,10825,80337,20721,30517,86935,89146,87672,-25105,0
420000,1,1,3,2,2,-1,-1,-1,-1,436968,428712,425345,354852,353113,353720,0,16100,13000,14064,111170,11300,-16968,-8712,-5345,65148,66887,66280,2187076,0
70000,2,2,2,1,2,-1,-1,-1,2,7204,5326,5954,1069,4711,4514,0,5954,0,4514,0,0,62796,64674,64046,68931,65289,65486,18310,0
170000,2,2,2,-1,-1,-1,-1,-1,-1,1837,1328,321,0,3857,0,1328,324,0,3857,0,253,168163,168672,169679,170000,166143,170000,1581,0
210000,1,4,3,1,-2,-2,-1,-1,-1,0,0,0,486,836,836,0,0,486,836,0,0,210000,210000,210000,209514,209164,209164,836,1
80000,1,1,2,-1,-1,-1,-1,-1,-1,75593,71643,49481,38427,34683,159,2503,1508,1500,1600,279,0,4407,8357,30519,41573,45317,79841,262596,0
70000,1,4,3,-1,-1,-1,-1,-1,-1,62319,65102,63529,61778,42092,36751,6000,4000,3000,5000,5000,2000,7681,4898,6471,8222,27908,33249,306571,0
100000,2,1,1,2,2,2,3,3,2,82781,85536,90018,91151,89429,91185,5000,6800,3500,0,3400,3500,17219,14464,9982,8849,10571,8815,507900,0
60000,3,2,2,2,2,2,-1,-1,-1,30841,34336,33489,35615,38027,39239,4000,0,3000,3000,2000,3000,29159,25664,26511,24385,21973,20761,196547,0
350000,2,2,1,-1,-1,-1,-1,-1,-1,36151,37624,38568,39569,41162,41961,2056,2000,2000,2004,2067,2060,313849,312376,311432,310431,308838,308039,222848,0
180000,2,4,2,1,-2,-2,-2,-1,-1,0,0,0,0,1482,0,0,0,0,1482,0,9262,180000,180000,180000,180000,178518,180000,-9262,0
200000,2,2,2,-1,-1,-1,-1,-1,-1,67825,70193,64997,60907,62452,62191,10000,3000,2154,2500,2400,2300,132175,129807,135003,139093,137548,137809,366211,0
120000,1,4,1,-1,-1,-1,-1,-1,-1,67519,110908,46025,43887,36207,24612,3000,2100,2700,2000,1127,2202,52481,9092,73975,76113,83793,95388,316029,0
70000,2,4,1,-1,-1,-2,-1,-1,-1,16366,15500,9660,6208,702,4320,1000,9660,6208,702,4320,1650,53634,54500,60340,63792,69298,65680,29216,0
200000,1,2,1,-1,-1,-1,-1,-1,2,21326,30928,124497,126854,139660,145455,10000,95000,4552,15002,8000,0,178674,169072,75503,73146,60340,54545,456166,0
200000,1,4,2,-1,-1,-1,-1,-1,-1,10140,9956,16636,38409,8958,4573,9984,16754,38522,8983,4585,4549,189860,190044,183364,161591,191042,195427,5295,0
50000,1,1,2,-1,-1,-1,-1,-1,-1,21912,22939,23647,24118,24729,25267,1685,1393,864,1000,950,936,28088,27061,26353,25882,25271,24733,135784,0
290000,1,1,3,-1,-1,-1,-1,-1,-1,4599,28420,7051,20356,17803,2722,28420,7051,20000,17803,2722,14979,285401,261580,282949,269644,272197,287278,-10024,0
120000,2,2,1,-1,-1,-1,-1,-1,-1,74831,78082,80333,82497,84438,86332,4000,3062,3000,2773,3000,1899,45169,41918,39667,37503,35562,33668,468779,0
220000,2,4,2,-1,-1,-1,-1,-1,-1,1918,4626,5602,769,5595,2538,4626,5602,769,5595,2538,1686,218082,215374,214398,219231,214405,217462,232,0
50000,3,2,4,-1,-1,-1,-2,-2,-2,43140,43496,0,0,0,0,2500,0,0,0,0,0,6860,6504,50000,50000,50000,50000,84136,0
360000,1,2,2,1,-1,2,-1,-1,-1,0,2819,2600,2800,2800,0,2819,0,200,0,0,0,360000,357181,357400,357200,357200,360000,8000,0
140000,2,2,3,-1,-1,-1,-1,-1,-1,36856,27919,24865,22892,50652,47334,1500,1273,607,41774,1712,1563,103144,112081,115135,117108,89348,92666,162089,0
30000,2,4,1,-2,-2,-2,-2,-2,-2,0,0,0,0,0,0,0,0,0,0,0,0,30000,30000,30000,30000,30000,30000,0,0
130000,2,4,1,-2,-2,-2,-2,-2,-2,136,0,0,0,0,0,0,0,0,0,0,0,129864,130000,130000,130000,130000,130000,136,0
140000,1,4,2,-1,2,-1,-1,-1,-1,2736,1276,2552,1276,1276,1276,0,2552,0,1276,1276,1276,137264,138724,137448,138724,138724,138724,4012,0
260000,2,2,2,-1,-1,-1,2,2,2,3689,3992,503,503,503,503,3993,503,0,0,0,1200,256311,256008,259497,259497,259497,259497,3997,0
50000,3,4,4,-1,-1,-1,-1,-1,-1,22136,23165,24178,24659,25175,25832,1388,1401,882,913,1075,782,27864,26835,25822,25341,24825,24168,138704,0
60000,2,1,2,-1,-1,-1,-1,-1,-1,56228,56861,58152,58615,54338,55915,2147,4740,1926,2597,2638,2478,3772,3139,1848,1385,5662,4085,323583,0
20000,1,2,2,-1,-1,-1,-2,-2,-2,7075,7860,0,0,0,0,1000,0,0,0,0,0,12925,12140,20000,20000,20000,20000,13935,0
250000,3,4,1,-1,-1,-1,-1,-1,-1,188526,188454,176634,159655,139273,117986,7002,6500,6000,5500,4000,3847,61474,61546,73366,90345,110727,132014,937679,0
20000,3,2,1,-1,-1,-1,-1,-1,2,20443,19038,38730,-210,690,150,1558,1400,400,1290,0,780,-443,962,-18730,20210,19310,19850,73413,0
200000,3,4,1,-1,-1,-1,-1,-1,-1,1945,995,2234,3678,32405,30943,1000,2244,3678,31996,1097,1579,198055,199005,197766,196322,167595,169057,30606,0
50000,3,4,1,-1,-1,-1,-1,-1,-1,6954,6032,6529,7533,7857,4424,2161,1000,1004,3004,1005,2006,43046,43968,43471,42467,42143,45576,29149,0
210000,2,2,2,1,-2,-2,-2,-2,-2,0,0,0,0,0,0,0,0,0,0,0,0,210000,210000,210000,210000,210000,210000,0,0
110000,1,2,1,1,-2,-2,-1,-1,-1,0,0,0,9150,1960,3930,0,0,9150,0,3930,0,110000,110000,110000,100850,108040,106070,1960,0
20000,2,2,1,1,2,2,2,-1,-1,2013,1837,3831,2825,1970,1735,0,2212,0,0,175,0,17987,18163,16169,17175,18030,18265,11824,0
250000,1,2,2,-1,-1,-1,-1,-1,-1,61331,42741,43214,36847,23230,21139,3000,2000,1048,1006,1507,10000,188669,207259,206786,213153,226770,228861,209941,0
10000,2,2,1,-1,-1,-2,-2,-2,-2,9900,0,0,0,0,0,0,0,0,0,0,0,100,10000,10000,10000,10000,10000,9900,1
140000,1,4,2,-1,-1,-1,-1,-1,-1,4717,5329,5445,5328,6243,21030,5329,5445,5328,6243,21030,10266,135283,134671,134555,134672,133757,118970,-5549,0
100000,2,4,1,-1,-1,2,-1,-1,-1,87401,93476,91077,92885,94831,96907,7497,0,3324,3442,3653,4449,12599,6524,8923,7115,5169,3093,534212,1
130000,3,2,3,3,2,2,2,2,2,19085,18491,20579,19950,21625,21129,0,2400,0,2000,0,1800,110915,111509,109421,110050,108375,108871,114659,1
80000,1,4,1,-1,-1,-1,-1,-1,-1,78358,826,-507,3129,1956,4246,826,0,4969,4990,2500,4000,1642,79174,80507,76871,78044,75754,70723,0
350000,3,2,2,-2,-2,-1,-1,-1,-1,362,792,3015,6980,8762,7532,792,3019,4580,4000,284,1000,349638,349208,346985,343020,341238,342468,13768,0
140000,3,1,3,-1,-1,-2,-2,-2,-2,1553,0,0,0,0,0,0,0,0,0,0,0,138447,140000,140000,140000,140000,140000,1553,0
120000,2,2,2,1,-2,-2,-2,-1,-1,0,0,0,0,197,0,0,0,0,197,0,0,120000,120000,120000,120000,119803,120000,0,0
480000,3,1,3,-1,-1,-1,-1,-1,2,277803,287770,296399,314867,331653,324093,16000,15000,25000,22000,5000,10000,202197,192230,183601,165133,148347,155907,1739585,0
20000,2,4,1,-1,-1,-1,-1,3,2,3980,5075,5979,6796,6463,2255,1318,1183,1000,0,0,2440,16020,14925,14021,13204,13537,17745,24607,1
30000,2,1,3,-1,-1,-1,-1,-1,-1,24643,24963,24428,23598,23696,23147,2496,1357,1000,843,993,853,5357,5037,5572,6402,6304,6853,136933,0
500000,2,4,3,-1,-1,-1,-1,-1,-1,185627,182655,180782,194893,93416,94255,8000,9387,20000,3525,3338,3450,314373,317345,319218,305107,406584,405745,883928,0
360000,3,1,4,-1,-1,-1,-1,-1,-2,23439,19112,10730,20530,987,837,5000,1200,10000,987,0,1017,336561,340888,349270,339470,359013,359163,57431,0
90000,2,2,2,1,-1,-1,-2,-2,-1,0,2098,0,0,0,501,2098,0,0,0,501,0,90000,87902,90000,90000,90000,89499,0,0
90000,3,2,3,-1,-1,-1,-1,-1,-1,94393,93361,91820,48220,45766,43343,3820,3785,1721,1651,1661,2147,-4393,-3361,-1820,41780,44234,46657,402118,0
150000,1,4,2,-1,-1,-2,-2,-2,-2,717,-959,-959,-959,-959,-959,0,0,0,0,0,0,149283,150959,150959,150959,150959,150959,-4078,0
130000,3,2,3,1,-1,2,-1,-1,-1,0,10152,9840,11671,11914,12155,10152,0,2000,431,438,244,130000,119848,120160,118329,118086,117845,42467,0
10000,1,2,1,-1,2,-1,-1,-1,-2,10252,5677,2735,4564,0,0,0,2735,4564,0,0,0,-252,4323,7265,5436,10000,10000,15929,0
70000,2,1,2,-1,-1,-1,-1,-1,-1,32507,29775,31273,33739,34632,33746,3000,2000,3000,1600,1500,1600,37493,40225,38727,36261,35368,36254,182972,0
220000,1,2,2,-1,-1,-1,-1,-1,-1,207384,213290,219202,222114,173898,166686,9252,11000,8769,6678,6053,6235,12616,6710,798,-2114,46102,53314,1154587,0
150000,1,4,1,-2,-2,-2,-2,-2,-2,23414,23349,0,3180,0,13649,1000,0,3180,0,13649,1000,126586,126651,150000,146820,150000,136351,44763,0
140000,3,3,3,-1,-1,-1,-1,-1,-1,75883,67073,57233,52295,49047,38796,2536,5017,10012,10013,3010,6015,64117,72927,82767,87705,90953,101204,303724,0
160000,2,2,2,2,2,-1,-1,-1,-1,160285,156328,159322,124363,126802,129365,0,7661,4607,4602,4671,4780,-285,3672,678,35637,33198,30635,830144,0
80000,1,4,1,-1,-1,-1,-2,-2,-1,825,825,-6042,-6867,-8692,54375,825,0,0,0,150000,10000,79175,79175,86042,86867,88692,25625,-126401,0
50000,3,1,2,-1,-1,-2,-2,-2,-2,44574,0,0,0,0,0,0,0,0,0,0,0,5426,50000,50000,50000,50000,50000,44574,0
20000,2,1,2,-1,-1,-1,2,2,-1,9622,10974,14963,15123,14741,15340,1511,4500,700,0,1000,1500,10378,9026,5037,4877,5259,4660,71552,0
10000,4,4,1,-1,-1,-1,-1,-1,-2,7691,8107,8036,8099,0,0,1192,1000,162,0,0,0,2309,1893,1964,1901,10000,10000,29579,0
320000,2,4,2,-1,-1,-1,-1,-1,-1,7806,2944,11755,52566,36658,42332,2944,11768,52592,0,42332,27435,312194,317056,308245,267434,283342,277668,16990,0
290000,1,2,3,-1,-1,-1,-1,-1,-1,550,550,550,550,550,550,550,550,550,550,550,0,289450,289450,289450,289450,289450,289450,550,0
50000,1,2,3,-1,-1,-1,-1,2,-1,49390,50612,29975,30559,29433,30045,2449,1778,2382,0,1251,1051,610,-612,20025,19441,20567,19955,211103,0
140000,2,2,4,-2,-2,-2,-2,-2,-2,4885,649,-9,-9,3177,-10,650,0,0,3186,0,0,135115,139351,140009,140009,136823,140010,4847,0
140000,1,2,2,-1,-1,-1,-1,-1,-1,132629,135901,138858,97585,95447,91717,5406,5700,3600,13500,3466,3333,7371,4099,1142,42415,44553,48283,657132,0
50000,2,2,3,-1,-1,-1,-1,-1,-1,3126,25362,23683,22833,1352,20791,25368,1237,457,1354,20794,540,46874,24638,26317,27167,48648,29209,47397,0
360000,1,2,2,-1,2,-1,-1,-1,-2,9,9,2009,1029,0,0,0,2000,0,0,0,399,359991,359991,357991,358971,360000,360000,657,1
140000,3,1,3,-1,-1,-1,-1,-1,-1,139445,137950,133250,98147,98924,95100,5500,5000,3500,3510,3500,3500,555,2050,6750,41853,41076,44900,678306,1
280000,2,2,3,-2,-2,-2,-2,-2,-2,9517,36527,14899,18374,13369,8854,36527,14927,18410,13369,8854,17863,270483,243473,265101,261626,266631,271146,-8410,0
410000,1,2,2,-1,-1,-1,-1,-1,-1,59728,66109,67396,70701,74590,78380,8000,3000,4400,5000,5033,345,350272,343891,342604,339299,335410,331620,391126,0
30000,1,4,1,-1,-1,-1,-1,-1,-1,125,125,125,4671,25871,15222,125,125,4671,25000,3000,2256,29875,29875,29875,25329,4129,14778,10962,0
50000,3,2,4,1,2,2,-2,-2,-2,4446,4166,0,0,0,0,0,0,0,0,0,0,45554,45834,50000,50000,50000,50000,8612,0
60000,2,4,1,-1,-1,-1,-1,-1,-1,57171,58656,53271,54331,55513,56898,2464,1932,1944,2057,2351,1963,2829,1344,6729,5669,4487,3102,323129,0
170000,2,4,1,-1,-1,-1,-1,-1,-1,47742,45529,42805,38017,39239,39411,2105,2447,1200,3000,2000,1500,122258,124471,127195,131983,130761,130589,240491,0
230000,2,2,1,-1,-1,-1,-1,-1,-1,651,651,651,0,651,1496,651,651,0,651,1496,1953,229349,229349,229349,230000,229349,228504,-1302,0
30000,2,2,1,-1,-1,-1,2,2,2,29883,27523,31010,30207,31203,30554,2000,4273,0,2640,0,1500,117,2477,-1010,-207,-1203,-554,169967,1
360000,1,2,3,-1,-1,-1,-1,-1,-1,5658,4164,2469,0,5724,7334,4164,2469,0,5724,7334,5221,354342,355836,357531,360000,354276,352666,437,0
360000,1,1,2,-1,-1,-1,-1,-1,-1,98048,69568,22030,498,3150,1074,4000,5000,498,3150,1074,2416,261952,290432,337970,359502,356850,358926,178230,0
150000,1,2,2,-1,-1,-2,-2,-2,-2,421504,299860,300000,0,0,0,17000,17000,0,0,0,0,-271504,-149860,-150000,150000,150000,150000,987364,0
110000,3,2,2,-1,-1,-1,-1,-1,-2,2309,3238,250,3100,0,0,1002,450,3100,0,0,0,107691,106762,109750,106900,110000,110000,4345,0
280000,1,2,2,-1,-1,-1,-1,-1,-1,32068,31915,34433,31236,0,500,5000,5000,5000,0,500,4800,247932,248085,245567,248764,280000,279500,109852,0
200000,1,1,2,-1,-1,-1,-1,-1,-1,2896,10706,10323,8440,4963,10222,10720,3014,1027,2022,10017,2030,197104,189294,189677,191560,195037,189778,18720,1
50000,3,2,2,1,-2,-2,-1,-1,-2,0,0,0,1000,0,0,0,0,1000,0,0,0,50000,50000,50000,49000,50000,50000,0,0
150000,2,2,1,-1,-1,-1,-1,-1,-1,79426,71364,71219,56277,54231,55243,3003,2503,1880,1875,2666,1396,70574,78636,78781,93723,95769,94757,374437,1
360000,1,2,2,-1,-1,-1,-1,-1,-1,331365,338400,493,0,2030,2112,15000,493,0,2030,2112,750,28635,21600,359507,360000,357970,357888,654015,0
130000,3,1,3,-1,-1,-1,-1,-1,-1,119466,116833,106524,89412,86993,87433,5044,5067,5013,5002,4002,5009,10534,13167,23476,40588,43007,42567,577524,0
230000,3,2,3,-1,-1,-1,-1,-2,-1,500,14883,33151,0,0,469,14883,20757,0,0,469,716,229500,215117,196849,230000,230000,229531,12178,0
480000,2,4,3,-1,-1,-1,-1,-1,-1,2475,995,3647,7621,1735,302818,1000,3652,7626,1740,302823,19608,477525,479005,476353,472379,478265,177182,-17158,0
30000,3,2,2,2,-1,-1,-1,-1,-1,28852,29777,29478,30290,27803,25762,1700,1700,1500,1500,1500,1500,1148,223,522,-290,2197,4238,162562,1
150000,2,4,3,-1,-1,-1,-1,-1,-1,89341,79904,72182,61014,49502,46055,5000,6000,3000,2000,10000,5000,60659,70096,77818,88986,100498,103945,366998,0
500000,1,1,3,-1,-1,-1,-1,-1,-1,29365,94120,36511,18323,7865,7960,94135,36575,18323,13445,9016,7077,470635,405880,463489,481677,492135,492040,15573,0
220000,2,2,3,1,-2,-2,-2,-2,-2,0,0,0,0,0,0,0,0,0,0,0,0,220000,220000,220000,220000,220000,220000,0,1
360000,1,4,4,-2,-2,-2,-2,-2,-2,437,241,0,0,0,2628,241,0,0,0,2628,163,359563,359759,360000,360000,360000,357372,274,1
160000,2,2,3,-1,-1,-1,-1,-1,-1,165686,169969,170142,119529,122059,111378,8450,5289,4022,4195,3986,3958,-5686,-9969,-10142,40471,37941,48622,828863,1
270000,2,4,3,-1,-1,-1,-2,-2,-2,12263,10025,0,0,0,0,10025,0,0,0,0,0,257737,259975,270000,270000,270000,270000,12263,0
610000,1,2,2,-1,-1,-1,-1,-1,-1,269672,274882,276887,260761,266747,271886,10000,11000,10000,11000,10000,10000,340328,335118,333113,349239,343253,338114,1558835,0
20000,3,2,1,-1,-1,-1,-1,-1,-1,4453,7997,6573,7422,4381,11718,8019,6779,7547,4589,12000,7556,15547,12003,13427,12578,15619,8282,-3946,0
70000,2,2,1,1,3,2,-1,-1,2,9192,8905,8611,8879,9746,8710,0,0,400,1000,0,700,60808,61095,61389,61121,60254,61290,51943,1
260000,1,2,2,-1,-1,-1,-1,-1,-1,51133,60247,63615,71839,75506,78647,10000,5000,10000,5000,5000,10000,208867,199753,196385,188161,184494,181353,355987,0
30000,2,1,3,-1,-1,-1,-1,-1,-1,778,5898,8610,8402,10878,10790,5900,3000,299,3000,608,274,29222,24102,21390,21598,19122,19210,32275,1
20000,2,2,2,1,2,-1,-1,-1,-1,20690,20075,19492,19859,19232,15608,0,1500,805,7000,542,242,-690,-75,508,141,768,4392,104867,1
160000,3,4,1,-1,-1,-1,-1,-1,-1,141,-756,11520,1520,5171,3716,201,13040,0,5171,3716,107,159859,160756,148480,158480,154829,156284,-923,0
20000,2,4,1,-1,-1,-1,-1,-1,-1,16575,17629,18552,15562,16308,17034,1327,1250,800,1000,1000,1000,3425,2371,1448,4438,3692,2966,95283,0
330000,1,1,5,-2,-2,-2,-2,-2,-2,14897,19364,906,2342,1702,882,19364,906,2342,1702,882,1940,315103,310636,329094,327658,328298,329118,12957,0
70000,2,2,1,-1,-1,-1,2,2,2,50224,58639,11512,10586,20389,17369,10000,10000,0,10000,0,33000,19776,11361,58488,59414,49611,52631,105719,0
300000,1,2,1,-2,-2,-2,-2,-2,-2,0,0,0,0,0,0,0,0,0,0,0,0,300000,300000,300000,300000,300000,300000,0,0
280000,2,4,2,2,2,2,2,2,-1,254307,257669,226452,215692,194206,185854,9100,5509,7604,0,9200,6400,25693,22331,53548,64308,85794,94146,1296367,0
180000,2,2,2,-1,-1,-1,-1,-1,-1,47050,49282,50159,51336,54332,56249,3000,2000,2011,4000,3000,3000,132950,130718,129841,128664,125668,123751,291397,0
50000,1,4,4,-1,-1,-1,-1,-1,-1,51016,49000,20356,20241,20304,20119,2098,1303,698,719,716,833,-1016,1000,29644,29759,29696,29881,174669,0
230000,3,4,2,-2,-2,-2,-1,2,-1,122344,115723,44178,4221,4009,8990,5492,2600,7797,0,5180,4606,107656,114277,185822,225779,225991,221010,273790,1
200000,2,2,4,-1,-1,-1,-1,-1,-1,9754,55904,8720,4410,1186,28679,56243,8860,4410,1186,28679,0,190246,144096,191280,195590,198814,171321,9275,1
250000,2,2,2,-1,-1,-1,-1,2,-1,5724,6729,4973,9693,799,4295,2000,2305,4720,0,4305,0,244276,243271,245027,240307,249201,245705,18883,0
100000,1,2,2,1,2,-1,-1,2,-1,104395,101736,106101,54707,54924,52141,1867,1867,5026,2800,2800,2800,-4395,-1736,-6101,45293,45076,47859,456844,0
470000,1,4,2,-2,-1,-1,-2,-1,-1,1689,499,350,2277,41523,2175,499,350,2277,41523,2175,6351,468311,469501,469650,467723,428477,467825,-4662,1
80000,1,4,1,-1,-1,-1,-1,-1,-1,3900,331,9970,4250,4574,0,331,9970,4250,4574,0,0,76100,79669,70030,75750,75426,80000,3900,0
250000,2,1,2,-1,-1,-1,-1,-1,-1,20461,22813,24063,24886,26446,20301,3000,2000,1500,2000,2000,3000,229539,227187,225937,225114,223554,229699,125470,0
20000,3,1,2,2,2,3,3,3,3,1050,1050,1050,1050,1050,1050,0,0,0,0,0,0,18950,18950,18950,18950,18950,18950,6300,1
360000,1,4,2,1,-2,-2,-1,-1,-1,0,0,0,499,1113,392,0,0,499,1113,392,455,360000,360000,360000,359501,358887,359608,-455,0
80000,2,2,1,-1,-1,-1,-1,-1,-1,35897,30090,29299,12406,1308,-52,1510,2085,248,26,52,0,44103,49910,50701,67594,78692,80052,105027,0
100000,2,2,1,1,1,-1,-1,-1,-1,3856,-1278,7571,5386,1133,4143,2,9586,1014,500,3010,1,96144,101278,92429,94614,98867,95857,6698,0
50000,1,1,3,1,-2,-2,-2,-2,-2,0,0,0,0,0,0,0,0,0,0,0,200,50000,50000,50000,50000,50000,50000,-200,0
620000,1,1,2,-1,-1,-1,-1,-1,-1,346927,90849,90493,90025,88406,89111,5200,5400,3173,3200,3500,3164,273073,529151,529507,529975,531594,530889,772174,0
100000,3,2,1,2,-1,-1,2,2,2,29770,30485,32434,32592,33102,33860,1825,3100,1300,1500,1771,0,70230,69515,67566,67408,66898,66140,182747,0
30000,1,2,1,-1,-1,-1,3,2,-1,18796,23153,27439,26708,26141,26823,5000,5000,0,0,1115,2500,11204,6847,2561,3292,3859,3177,135445,0
180000,1,2,1,-1,-1,-1,-1,-1,-1,2619,1839,2544,1134,1313,1332,1839,2544,1134,1313,1332,2444,177381,178161,177456,178866,178687,178668,175,1
330000,1,2,2,-1,-1,2,-1,-1,-1,2964,36,36,24699,2912,14231,36,0,24863,2912,14231,6976,327036,329964,329964,305301,327088,315769,-4140,0
90000,2,2,2,1,2,-1,-1,-1,-1,50281,14033,12628,20172,73512,72588,0,2000,20172,73512,3000,4000,39719,75967,77372,69828,16488,17412,140530,0
280000,1,1,3,-1,-1,-1,-1,-1,-1,718,3910,1906,837,360,350,3927,1913,841,360,350,2095,279282,276090,278094,279163,279640,279650,-1405,0
20000,2,2,2,1,2,-1,-1,-1,-2,18231,34558,17363,17569,0,0,0,1200,406,0,0,0,1769,-14558,2637,2431,20000,20000,86115,1
120000,1,2,2,-1,2,-1,-1,-1,-1,1235,316,316,16885,46929,69521,0,316,16885,54629,77046,4499,118765,119684,119684,103115,73071,50479,-18173,0
240000,1,4,1,-1,-1,-1,-1,-1,-1,176829,174143,165755,166291,141380,130742,7058,6800,4050,6084,8028,4267,63171,65857,74245,73709,98620,109258,918853,0
80000,3,2,4,1,-1,-1,-2,-2,-1,0,1710,0,0,0,496,1710,0,0,0,496,2560,80000,78290,80000,80000,80000,79504,-2560,1
30000,2,1,2,1,-2,-2,-1,3,2,-2221,-8152,-4220,30821,30071,28767,0,0,35821,0,0,1000,32221,38152,34220,-821,-71,1233,38245,0
70000,1,2,1,-1,-1,-1,-1,-1,-2,20596,24911,28346,12170,-1686,-3594,5000,4000,12,0,0,0,49404,45089,41654,57830,71686,73594,71731,0
20000,2,1,3,1,2,-1,-1,-1,-2,19866,19257,18901,18210,0,0,0,1200,9,1000,0,0,134,743,1099,1790,20000,20000,74025,1
180000,1,2,2,2,-1,-1,-1,-1,-1,183939,176737,179787,181918,169664,173169,8000,7900,6900,6200,6700,6700,-3939,3263,213,-1918,10336,6831,1022814,1
140000,2,2,5,-1,-1,-1,-1,-1,-1,143107,138581,123491,118886,117059,117405,4839,5000,5000,7500,7000,5029,-3107,1419,16509,21114,22941,22595,724161,0
20000,1,4,1,-1,-1,-1,-1,-1,-1,17147,18264,19145,17322,16989,12699,1700,1500,822,1000,1000,500,2853,1736,855,2678,3011,7301,95044,0
230000,1,2,2,-2,-2,-2,-2,-2,-2,0,0,0,0,0,0,0,0,0,0,0,0,230000,230000,230000,230000,230000,230000,0,1
90000,2,4,2,2,2,2,2,2,2,82326,82827,87070,87961,86445,91520,2700,6500,3200,0,6500,0,7674,7173,2930,2039,3555,-1520,499249,0
170000,2,2,2,-1,-1,-1,-1,-1,-1,263,641,0,638,0,362,641,0,638,0,362,1079,169737,169359,170000,169362,170000,169638,-816,0
80000,2,2,2,-1,-1,-1,-1,-1,-1,79949,65416,45991,47229,48468,49490,2500,2000,2000,2000,1826,2000,51,14584,34009,32771,31532,30510,324217,0
80000,2,1,2,-1,-1,-1,-1,-1,-1,9097,31091,34651,26569,20082,25535,31091,20000,5000,10000,10000,0,70903,48909,45349,53431,59918,54465,70934,0
80000,1,2,2,-1,-1,-1,-1,-1,-1,68553,69191,71918,71534,73344,75218,3000,3310,2200,2400,2500,2400,11447,10809,8082,8466,6656,4782,413948,0
100000,2,2,2,1,2,2,2,-1,-1,79695,77855,83945,81702,83232,84947,0,7400,0,3000,3100,3400,20305,22145,16055,18298,16768,15053,474476,1
120000,2,4,1,-1,-1,-1,-2,-2,-1,4787,6190,0,0,0,4800,1500,0,0,0,4800,0,115213,113810,120000,120000,120000,115200,9477,0
50000,2,2,3,2,-1,-1,2,2,2,10992,12047,15257,15410,15917,15514,1540,3750,700,900,0,600,39008,37953,34743,34590,34083,34486,77647,1
260000,2,1,5,2,2,2,2,2,2,2500,2500,2500,2500,2500,2500,0,0,0,0,0,0,257500,257500,257500,257500,257500,257500,15000,1
180000,1,1,2,-1,-1,-1,-1,-1,-1,170128,172258,138807,132806,135603,137803,7187,5000,4749,5141,4916,4000,9872,7742,41193,47194,44397,42197,856412,0
30000,2,2,1,-1,-1,-1,-1,-1,-1,27141,28297,29012,29754,30211,29853,1900,1500,1200,1300,1500,1180,2859,1703,988,246,-211,147,165688,0
80000,3,1,4,1,2,2,2,2,2,13701,13034,4119,2705,2855,1411,0,1200,0,1411,0,390,66299,66966,75881,77295,77145,78589,34824,1
50000,2,1,2,-1,-1,2,-1,-1,-1,14668,17194,13948,12165,10242,8428,2800,0,500,360,500,125,35332,32806,36052,37835,39758,41572,72360,0
50000,3,1,3,-1,-1,-1,-1,-1,-1,13868,13060,11151,7921,6949,4716,1227,1073,230,241,138,1191,36132,36940,38849,42079,43051,45284,53565,0
90000,2,4,1,2,-1,-1,-1,2,-1,48177,49563,47750,47169,46284,47519,2500,2500,3700,0,2200,1800,41823,40437,42250,42831,43716,42481,273762,1
180000,3,2,2,-1,-1,-1,-1,-1,-1,133733,92955,90159,68789,26614,27528,3514,3569,3204,1000,1310,4459,46267,87045,89841,111211,153386,152472,422722,0
20000,2,6,4,-1,-1,-1,-1,-1,-1,19773,18459,19398,18561,18949,17426,1331,1270,633,655,759,547,227,1541,602,1439,1051,2574,107371,1
460000,2,2,2,-1,-1,-1,2,-1,-1,15950,13101,22551,21851,22214,80132,13101,10000,0,10000,80132,4882,444050,446899,437449,438149,437786,379868,57684,0
80000,1,2,2,1,2,2,-1,-1,-1,61241,62155,56049,50829,50687,47362,2515,16,2003,2013,5007,113,18759,17845,23951,29171,29313,32638,316656,0
50000,2,2,2,1,2,2,-1,-1,2,40624,41381,40416,41395,44063,44587,1700,0,1650,3505,1400,1700,9376,8619,9584,8605,5937,5413,242511,1
50000,2,2,2,-1,-1,-1,-1,-1,-1,50581,47990,33276,28507,28709,29793,2020,2010,2000,2000,2000,2000,-581,2010,16724,21493,21291,20207,206826,1
240000,1,1,2,1,-2,-2,-2,-2,-2,-18,-18,-18,-18,-18,-18,0,0,0,0,0,0,240018,240018,240018,240018,240018,240018,-108,0
360000,2,1,3,-1,-1,-1,-1,-1,-1,6146,945,5497,4162,1724,1569,1000,5500,4182,1800,1570,1180,353854,359055,354503,355838,358276,358431,4811,0
150000,4,4,1,-1,-1,-1,-1,-1,-1,27338,23410,24410,27007,28585,27827,1403,1403,3000,2000,1155,2000,122662,126590,125590,122993,121415,122173,147616,0
20000,2,2,1,-1,-1,-1,-1,-2,-2,18186,19086,19618,0,0,0,1500,1000,0,0,0,0,1814,914,382,20000,20000,20000,54390,0
30000,3,2,3,4,3,2,7,7,7,2646,2646,2646,2646,2646,2646,0,0,0,0,0,0,27354,27354,27354,27354,27354,27354,15876,0
200000,1,4,3,-2,-2,-2,-2,-2,-2,0,0,0,7800,30223,10715,0,0,7800,30223,10715,1354,200000,200000,200000,192200,169777,189285,-1354,0
80000,4,4,4,-1,-1,-1,-1,-1,-1,9747,7592,7420,1467,7505,3837,1203,1020,1467,7505,135,61,70253,72408,72580,78533,72495,76163,26177,0
260000,2,4,1,-1,-1,-1,-1,-1,-1,154489,143383,132873,122528,111409,100032,6000,5000,5000,4000,3600,5005,105511,116617,127127,137472,148591,159968,736109,0
20000,2,2,3,2,-1,-1,-1,-1,-1,7823,8691,9701,9894,10102,10534,1151,1161,354,367,600,600,12177,11309,10299,10106,9898,9466,52512,1
240000,1,4,2,-1,-1,-1,-1,-1,-1,123704,125133,128856,131620,134413,137188,4905,5800,4900,4900,5000,4515,116296,114867,111144,108380,105587,102812,750894,0
120000,1,4,3,1,2,2,2,-1,-1,27500,28565,29003,28241,28933,30956,1800,1200,0,1300,2500,0,92500,91435,90997,91759,91067,89044,166398,0
20000,2,4,1,-1,-1,-1,-1,-1,-1,20117,18784,19538,17958,4968,780,1466,2000,1000,600,0,0,-117,1216,462,2042,15032,19220,77079,0
20000,3,2,4,-1,-1,2,-1,-1,-1,9410,11840,11260,11260,11260,0,2600,0,0,0,0,0,10590,8160,8740,8740,8740,20000,52430,0
430000,1,2,2,-1,-1,-1,-1,-1,-1,1669,412,23547,5064,13258,2249,416,23547,5064,13258,2249,3686,428331,429588,406453,424936,416742,427751,-2021,0
80000,2,2,3,-1,-1,-1,-1,-1,-1,76270,77376,38556,34345,36020,38420,3400,3000,3000,3000,3000,3000,3730,2624,41444,45655,43980,41580,282587,0
50000,2,2,1,-1,-1,-1,-1,-1,-1,47809,49040,29662,28360,28831,29487,2141,1763,1161,1077,1167,1004,2191,960,20338,21640,21169,20513,204876,0
140000,3,2,2,-1,-1,2,-1,-1,-1,47422,52831,51345,49734,50476,50751,6800,8,1718,4000,2001,1879,92578,87169,88655,90266,89524,89249,286153,0
50000,2,1,2,1,2,-1,-1,-1,-1,51203,50110,51066,50737,50827,50856,0,2100,1800,1900,2100,1800,-1203,-110,-1066,-737,-827,-856,295099,0
50000,1,2,1,-1,-1,-1,-1,-1,-1,45079,45741,47561,39482,40066,38994,1773,3528,2002,2005,1398,908,4921,4259,2439,10518,9934,11006,245309,0
80000,3,6,2,-2,-2,-2,-2,-2,-2,7070,3087,5210,3882,4785,1000,3087,5215,3882,4785,1968,0,72930,76913,74790,76118,75215,79000,6097,0
50000,2,2,1,1,2,2,2,2,2,16919,17854,18265,20455,19986,21747,1500,1000,2500,0,2100,0,33081,32146,31735,29545,30014,28253,108126,0
80000,2,2,2,-1,-1,-1,-1,-1,-1,39839,40596,41914,42618,43525,44433,1700,1996,1700,1745,1800,2500,40161,39404,38086,37382,36475,35567,241484,0
50000,3,1,4,2,-1,-1,-1,-1,-1,42166,43687,44121,43360,40555,31309,2200,1632,1113,1336,3142,2126,7834,6313,5879,6640,9445,18691,233649,1
80000,2,2,5,1,-1,-1,-1,-1,-1,-2,759,596,-4,1426,1300,761,597,0,1430,1309,1844,80002,79241,79404,80004,78574,78700,-1866,1
360000,1,2,4,-1,-1,-1,-1,-1,-1,7542,6302,4719,1577,1577,21220,6302,4719,1577,1577,21220,10744,352458,353698,355281,358423,358423,338780,-3202,0
60000,2,4,3,-1,-1,-1,-1,-1,-1,60672,58929,60335,59384,60861,59241,2741,3000,2300,2600,2200,2665,-672,1071,-335,616,-861,759,343916,0
290000,1,4,2,-1,-1,-1,-1,-1,-1,1170,0,83289,82889,82889,1964,0,83289,0,0,0,7951,288830,290000,206711,207111,207111,288036,160961,0
50000,1,2,4,-1,-1,-1,-1,-1,-1,47076,48427,49317,50855,18177,18823,2110,2000,2376,709,998,535,2924,1573,683,-855,31823,31177,223947,0
360000,4,4,1,-1,-1,-1,-1,-1,-1,243114,46734,12558,0,730,500,1587,1028,0,730,500,0,116886,313266,347442,360000,359270,359500,299791,0
440000,2,2,3,-1,-1,-1,-1,-1,-1,3278,2028,981,873,873,840,2035,982,874,874,841,7453,436722,437972,439019,439127,439127,439160,-4186,0
500000,1,1,2,-1,-1,-1,-1,-1,-1,396,1043,19230,116696,194483,195454,1043,19230,100062,94503,10000,40000,499604,498957,480770,383304,305517,304546,262464,0
240000,2,2,1,1,-2,-2,-2,-2,-2,0,0,0,0,0,0,0,0,0,0,0,0,240000,240000,240000,240000,240000,240000,0,0
100000,2,2,2,-1,-1,-1,-1,-1,-1,21345,26288,23386,25362,26318,42484,6363,4386,5362,4344,20000,4382,78655,73712,76614,74638,73682,57516,120346,0
200000,1,2,3,1,2,2,-2,-2,-2,4503,3350,-2209,-2209,-3607,1069,0,630,0,200,10000,2800,195497,196650,202209,202209,203607,198931,-12733,0
260000,1,1,3,1,-1,2,-1,-1,-1,-10,5172,2800,3804,5009,3035,5182,9,2998,5034,3050,2965,260010,254828,257200,256196,254991,256965,572,0
70000,3,2,4,2,2,2,2,2,2,54251,55402,53925,56814,58053,59246,2600,0,4400,2300,2300,2100,15749,14598,16075,13186,11947,10754,323991,1
20000,3,1,4,-1,-1,2,-1,-1,-1,17614,19323,19694,20004,20159,20059,2000,1000,1000,1000,1000,800,2386,677,306,-4,-159,-59,110053,1
180000,1,2,2,1,2,-1,-1,-1,-1,124233,125768,126202,127677,99764,0,5000,4200,3000,5000,2000,0,55767,54232,53798,52323,80236,180000,584444,1
80000,2,2,3,-1,-1,-1,-1,-1,-1,47102,24470,25614,21053,18531,19051,1473,1617,856,672,828,910,32898,55530,54386,58947,61469,60949,149465,0
140000,1,2,3,-1,-1,-1,-1,-1,-1,142129,130705,99736,80445,81005,79387,15126,9064,4009,5014,5011,7006,-2129,9295,40264,59555,58995,60613,568177,1
50000,2,2,1,-1,-1,-1,-1,-1,2,22915,22247,22493,660,1979,836,1411,1650,0,1979,0,1320,27085,27753,27507,49340,48021,49164,64770,0
120000,1,1,2,2,-1,-1,-1,2,-1,117492,104895,58743,60469,57532,55702,3985,3000,5000,0,2000,1600,2508,15105,61257,59531,62468,64298,439248,1
320000,1,2,3,-1,-1,-1,-1,-1,-1,197352,201913,103278,62891,64948,66961,9000,6000,3000,3000,3000,3000,122648,118087,216722,257109,255052,253039,670343,0
70000,2,1,2,-1,-1,-1,-1,-1,-1,6056,7292,8663,9018,9222,9568,1500,1500,500,500,500,1000,63944,62708,61337,60982,60778,60432,44319,0
120000,2,2,3,-1,-1,-1,-1,-1,-1,499,499,499,499,499,1148,499,499,499,499,1148,0,119501,119501,119501,119501,119501,118852,499,0
150000,2,4,1,-1,-1,-1,-1,-1,-1,100165,102327,101572,103062,83567,85098,5000,3500,3000,3000,3100,3100,49835,47673,48428,46938,66433,64902,555091,0
230000,2,2,2,-1,-1,-1,-1,-1,-2,1560,1766,2720,3720,0,0,1046,1000,1000,0,0,44752,228440,228234,227280,226280,230000,230000,-38032,0
30000,3,6,3,1,2,2,2,2,2,20143,19532,22194,21542,24022,25473,0,3000,0,3000,2000,0,9857,10468,7806,8458,5978,4527,124906,0
290000,2,2,2,-1,-1,-1,-1,-1,-1,38027,23036,129433,117500,113149,102593,6000,120000,5000,5000,5000,3500,251973,266964,160567,172500,176851,187407,379238,0
50000,2,2,2,-1,-1,-2,-2,-2,-2,4782,0,0,0,0,0,0,0,0,0,0,0,45218,50000,50000,50000,50000,50000,4782,0
360000,1,2,2,-1,-1,-1,-1,-1,-1,14867,14612,13739,7995,9480,9952,1079,14598,1017,5022,5049,3304,345133,345388,346261,352005,350520,350048,40576,0
160000,3,2,4,-1,-1,-1,-1,-1,-1,2992,4562,-928,1619,928,0,4562,0,2547,0,0,0,157008,155438,160928,158381,159072,160000,2064,0
30000,2,4,3,3,2,2,-1,-1,-1,2231,3048,2845,1630,12037,12933,1000,12,0,12037,1100,0,27769,26952,27155,28370,17963,17067,20575,1
60000,1,2,1,-1,-1,-1,-1,-1,2,21387,22416,23444,26038,28607,27997,1378,1406,3000,3000,0,923,38613,37584,36556,33962,31393,32003,140182,1
420000,2,1,2,-1,-1,-1,-1,-1,-1,226007,226465,205276,206521,209775,194883,10000,9600,6700,7000,7042,7112,193993,193535,214724,213479,210225,225117,1221473,1
50000,1,1,3,-1,-1,-1,-1,-1,-1,49887,49515,38680,29664,29057,29083,1850,1507,1100,1200,1116,2900,113,485,11320,20336,20943,20917,216213,0
360000,2,4,2,1,-2,-2,-2,-2,-2,0,0,0,0,0,0,0,0,0,0,0,0,360000,360000,360000,360000,360000,360000,0,0
250000,3,1,3,-1,-1,-1,-1,-1,-1,55891,59152,20615,13896,79740,70097,21343,1238,1235,79788,2148,18253,194109,190848,229385,236104,170260,179903,175386,0
160000,1,2,2,-1,-1,2,2,2,3,82345,91345,92444,93715,97451,97477,9000,3500,3700,5400,1900,0,77655,68655,67556,66285,62549,62523,531277,0
50000,2,2,2,1,2,-1,-1,-1,-1,52419,51309,51135,48371,56294,61259,0,2500,2271,50000,10100,3000,-2419,-1309,-1135,1629,-6294,-11259,252916,0
160000,1,2,1,1,-1,-1,-1,-1,-1,-113,18887,2323,9032,5630,9141,19000,3000,9000,0,9596,10284,160113,141113,157677,150968,154370,150859,-5980,0
220000,1,2,2,-1,-1,-1,-1,-1,-1,5254,5868,8708,4078,5365,4055,5000,3040,3520,5371,20,0,214746,214132,211292,215922,214635,215945,16377,0
70000,3,2,3,2,2,2,2,2,2,26193,26977,27733,27982,27396,28341,1500,1500,1000,0,1400,2000,43807,43023,42267,42018,42604,41659,157222,0
50000,3,1,3,-1,-1,-1,-1,-1,-1,10898,8754,0,16475,16821,17220,1000,0,16475,611,679,344,39102,41246,50000,33525,33179,32780,51059,0
120000,1,2,1,-1,-1,-1,-1,-1,-1,25602,30156,33632,36574,38985,40339,5000,4000,3500,3000,2000,5036,94398,89844,86368,83426,81015,79661,182752,0
50000,3,3,4,2,-1,-1,-1,-1,-1,47067,48410,49218,18937,19183,19761,2400,2200,824,700,900,852,2933,1590,782,31063,30817,30239,194700,0
210000,2,2,2,-1,-1,-1,-1,-1,-1,132082,131015,133815,134585,127282,125338,6500,6500,4400,5000,7000,6000,77918,78985,76185,75415,82718,84662,748717,0
120000,1,4,1,-1,2,-1,-1,2,2,594,594,15611,7628,7361,9200,0,15611,3000,0,2000,0,119406,119406,104389,112372,112639,110800,20377,0
260000,2,2,3,-1,-1,-1,-1,-1,-1,138602,135999,133752,135053,133888,132486,4870,6307,5007,5015,4773,4770,121398,124001,126248,124947,126112,127514,779038,0
120000,2,1,3,1,2,2,2,2,2,39606,40679,39730,42148,44509,45643,2000,0,3400,3200,2000,2000,80394,79321,80270,77852,75491,74357,239715,0
250000,1,2,2,1,-2,-2,-1,-1,-1,0,0,0,700,150,200,0,0,700,150,200,0,250000,250000,250000,249300,249850,249800,0,0
30000,2,2,2,-1,-1,-1,-1,-1,-1,29956,30536,30162,29819,14071,0,29000,1200,637,2000,0,0,44,-536,-162,181,15929,30000,101707,0
50000,2,1,1,-2,-2,-2,-2,-2,-2,2862,20499,9555,4807,14429,9872,20637,9588,4821,14472,10002,3254,47138,29501,40445,45193,35571,40128,-750,0
70000,3,4,1,-1,-1,2,-1,-1,-1,16103,17185,16581,14106,14427,11689,2800,0,650,650,570,450,53897,52815,53419,55894,55573,58311,84971,0
200000,1,4,4,-1,-1,-1,-1,-1,-1,180887,166921,155945,109271,36753,78079,10000,30000,7,7000,73000,700,19113,33079,44055,90729,163247,121921,607149,0
100000,2,2,1,-1,-1,-1,-1,-1,-1,48065,49189,50746,51158,49226,51211,1900,2400,1800,1800,2800,2100,51935,50811,49254,48842,50774,48789,286795,0
200000,2,1,2,-1,-1,-1,-1,-1,-1,4670,4670,4670,4670,4670,4670,4670,4670,4670,4670,4670,4670,195330,195330,195330,195330,195330,195330,0,1
280000,1,4,1,-1,-1,-1,-1,-1,-1,3009,3437,4132,2693,659,3277,3454,4170,2703,659,3297,423,276991,276563,275868,277307,279341,276723,2501,0
420000,1,1,4,-1,-1,-1,-1,-1,-1,12349,6545,6377,18801,22180,13211,6576,6420,18892,22285,13270,10683,407651,413455,413623,401199,397820,406789,1337,0
400000,1,4,2,-1,-1,-1,-1,-1,-1,35383,33892,22071,18161,14669,686,12119,9177,90,14709,686,18444,364617,366108,377929,381839,385331,399314,69637,0
180000,2,4,1,-1,-1,-1,-1,-1,-1,28978,25271,19917,22659,16114,15587,5029,12000,12659,10000,9000,9000,151022,154729,160083,157341,163886,164413,70838,0
340000,1,4,1,-1,-1,-1,-1,-1,-1,182441,181085,179607,177506,176233,173279,6550,6500,5830,6053,5200,5076,157559,158915,160393,162494,163767,166721,1034942,0
500000,1,2,2,-1,-1,-1,-1,-1,-1,3109,34228,7981,695,1130,41026,34241,7993,695,1130,41026,25880,496891,465772,492019,499305,498870,458974,-22796,0
420000,2,4,2,1,-1,-1,-1,-1,-1,6277,30512,17516,8773,15437,26376,31326,1150,205,15442,22292,1003,413723,389488,402484,411227,404563,393624,33473,0
180000,1,4,2,-2,-2,-2,-2,-2,-2,10989,228,1540,0,0,0,228,1541,0,0,0,0,169011,179772,178460,180000,180000,180000,10988,0
120000,3,1,3,-1,-1,-1,-1,-1,-1,94953,116914,89799,89913,88484,90477,120656,3520,2931,3180,3432,1116,25047,3086,30201,30087,31516,29523,435705,0
50000,2,2,3,-1,-1,2,-1,-1,-1,48501,51105,39094,19476,19483,19634,3500,0,680,693,851,700,1499,-1105,10906,30524,30517,30366,190869,0
150000,2,4,1,-1,-1,-1,-1,-1,-1,36302,33060,33988,35112,36532,36345,2070,3995,3113,2540,3348,2029,113698,116940,116012,114888,113468,113655,194244,0
20000,1,4,1,1,2,2,-1,-1,2,11087,11712,11164,11395,11927,9186,1100,0,289,594,0,50,8913,8288,8836,8605,8073,10814,64438,0
150000,3,1,1,2,2,2,2,-1,-1,183405,188959,192342,189717,195670,198611,10000,8000,2000,9000,8000,110000,-33405,-38959,-42342,-39717,-45670,-48611,1001704,0
40000,2,2,1,6,5,4,3,2,-1,42055,41146,40114,38797,38244,38478,0,0,0,0,871,116,-2055,-1146,-114,1203,1756,1522,237847,1
180000,1,2,2,-1,-1,-1,-1,-1,-1,116218,124296,128002,127286,119733,116705,10000,6007,4304,4241,4200,4250,63782,55704,51998,52714,60267,63295,699238,0
120000,2,4,3,2,2,-1,-1,-1,-1,124613,121211,120920,47951,41563,36779,0,3507,2000,2500,2000,1500,-4613,-1211,-920,72049,78437,83221,481530,1
420000,1,2,3,-1,-1,-1,-1,-1,-1,155814,155282,116385,106961,92331,89566,5397,5678,3577,3023,3026,3012,264186,264718,303615,313039,327669,330434,692626,0
20000,1,4,1,1,2,-1,-1,-1,2,6345,6098,7107,7401,7826,7552,0,1118,412,694,0,300,13655,13902,12893,12599,12174,12448,39805,0
120000,2,4,1,-1,-1,-1,-1,-1,-1,29161,29891,30893,32804,32213,31891,1500,1500,2401,1155,1460,1086,90839,90109,89107,87196,87787,88109,177751,0
230000,2,2,1,-1,-1,-1,-1,-1,-1,25947,26998,25825,25908,26341,27898,1800,1500,1500,1000,2000,2000,204053,203002,204175,204092,203659,202102,149117,0
50000,2,3,3,-1,-1,-1,-1,-1,-1,49776,50405,49099,19125,18504,19197,2056,1300,669,671,1000,684,224,-405,901,30875,31496,30803,199726,1
50000,2,2,2,-1,-1,-1,-1,-1,-1,52136,50942,49715,21332,20096,18883,2218,2519,712,706,740,600,-2136,-942,285,28668,29904,31117,205609,0
320000,1,1,3,-1,-1,-1,-1,-1,-1,151222,135038,108924,109710,116813,118984,6500,8000,4000,9000,4000,5000,168778,184962,211076,210290,203187,201016,704191,0
70000,2,4,1,2,-1,-1,-1,2,-1,69074,70811,67397,50126,47604,43429,2875,2327,3533,0,1367,1322,926,-811,2603,19874,22396,26571,337017,1
280000,1,4,1,-1,-1,-1,-1,-1,-1,160889,165400,166712,170059,154387,157832,9000,6000,6000,6000,6000,6000,119111,114600,113288,109941,125613,122168,936279,0
180000,1,1,3,-1,-1,-1,-1,-1,-1,66092,65236,65912,66523,67020,67259,2370,3000,3000,2588,2500,3500,113908,114764,114088,113477,112980,112741,381084,0
50000,1,4,1,-1,-1,-1,-1,-1,-1,2000,5743,1134,3067,5496,1194,5934,1134,3067,5496,1194,6499,48000,44257,48866,46933,44504,48806,-4690,0
340000,2,4,1,1,-2,-2,-1,-1,-1,0,0,0,1888,4777,4752,0,0,1888,4777,4752,1888,340000,340000,340000,338112,335223,335248,-1888,0
200000,2,4,1,-1,-1,-1,-1,-1,-1,41357,22770,23231,6979,2428,2099,3262,3346,3034,2440,2109,0,158643,177230,176769,193021,197572,197901,84673,0
180000,2,4,1,-1,-1,-1,-1,-1,-1,10479,11793,12500,13383,14760,15472,1410,1117,1000,1500,1000,1000,169521,168207,167500,166617,165240,164528,71360,0
50000,1,4,1,-1,-1,-1,-1,-1,-1,42056,46024,45452,45450,41154,39034,5000,2000,1500,2000,4000,1364,7944,3976,4548,4550,8846,10966,243306,1
120000,2,4,2,-1,-1,-1,-1,-1,-1,115573,117767,115918,116918,118698,121372,5700,4172,4168,4770,5119,2954,4427,2233,4082,3082,1302,-1372,679363,0
360000,3,1,3,-2,-2,-2,-2,-2,-2,0,0,0,0,0,0,0,0,0,0,0,9451,360000,360000,360000,360000,360000,360000,-9451,0
240000,2,1,4,-1,-1,-1,-1,-1,-1,419,419,419,419,419,419,419,419,419,419,419,419,239581,239581,239581,239581,239581,239581,0,0
70000,2,4,1,4,3,2,-1,-1,-1,30542,29780,28968,29540,29505,29428,0,0,2032,1069,1066,1002,39458,40220,41032,40460,40495,40572,172594,1
20000,3,6,3,-2,-2,-2,-2,-2,-2,2795,198,2310,973,406,1317,941,3637,973,406,2228,1923,17205,19802,17690,19027,19594,18683,-2109,0
190000,2,1,2,1,2,2,2,2,-1,13041,13936,13415,14590,14216,14823,1400,0,1400,0,1000,1000,176959,176064,176585,175410,175784,175177,79221,0
200000,2,2,2,-1,-1,-1,-1,-1,-1,780,0,390,390,390,390,0,390,390,390,390,390,199220,200000,199610,199610,199610,199610,390,0
410000,2,1,3,-2,-2,-2,-2,-2,-2,597,2326,7670,1761,6930,0,2329,7670,1761,6930,0,2675,409403,407674,402330,408239,403070,410000,-2081,0
110000,1,2,1,-1,-1,-1,-1,-1,-1,34314,33538,37448,34963,28197,30331,5000,5000,3000,3150,3000,3000,75686,76462,72552,75037,81803,79669,176641,0
210000,2,4,1,-1,-1,-1,-1,-1,-1,87909,86769,85001,83811,82399,81434,4100,3500,3113,3000,3331,2546,122091,123231,124999,126189,127601,128566,487733,0
300000,1,1,3,1,2,2,2,2,2,32643,33427,32591,34943,35536,36403,1600,0,2900,1300,1600,0,267357,266573,267409,265057,264464,263597,198143,0
390000,1,4,1,-1,-1,-1,-1,-1,-1,283965,278793,275339,268728,271979,272076,8724,8445,8103,8324,9198,8365,106035,111207,114661,121272,118021,117924,1599721,0
30000,2,1,4,-1,-1,-1,-1,-1,-2,28916,29451,27779,28340,0,0,11592,1500,959,0,0,0,1084,549,2221,1660,30000,30000,100435,1
20000,2,4,1,-1,-1,-1,-1,-1,-1,2004,3193,4050,4129,4367,4613,1211,1068,147,304,467,0,17996,16807,15950,15871,15633,15387,19159,1
70000,2,4,1,-1,-1,-1,-1,-1,-1,1823,326,6598,6405,7248,8090,326,6598,227,1270,1296,271,68177,69674,63402,63595,62752,61910,20502,0
70000,1,2,2,4,4,3,2,-1,-1,77021,73268,70275,46045,42357,41026,0,2001,0,1666,1505,2079,-7021,-3268,-275,23955,27643,28974,342741,0
50000,1,2,1,-1,3,2,-1,-1,-1,1304,978,652,326,0,1454,0,0,0,0,1454,0,48696,49022,49348,49674,50000,48546,3260,1
30000,3,2,4,-1,-1,-1,-1,2,2,25358,26447,26946,28957,29408,29840,1800,1300,2400,1000,1000,0,4642,3553,3054,1043,592,160,159456,0
130000,1,2,2,1,2,2,2,-1,-1,36672,35807,40851,39526,41346,40630,0,6000,0,3000,1000,1100,93328,94193,89149,90474,88654,89370,223732,0
130000,2,1,2,-1,-1,-1,-1,-1,-1,1240,0,1138,1138,2478,-3040,0,1138,0,2500,0,0,128760,130000,128862,128862,127522,133040,-684,0
20000,2,1,2,1,-2,-2,-2,-2,-2,0,0,0,0,0,0,0,0,0,0,0,0,20000,20000,20000,20000,20000,20000,0,1
30000,2,2,2,-1,-1,2,-1,-1,-1,411,995,579,1430,1414,1398,1000,0,1420,400,400,0,29589,29005,29421,28570,28586,28602,3007,0
170000,2,4,1,-1,-1,-1,-1,-1,-1,30005,30621,30308,30163,29999,29973,1842,1708,1163,1199,1173,952,139995,139379,139692,139837,140001,140027,173032,0
120000,2,1,2,2,2,2,2,2,2,53672,56495,57455,58127,59367,60333,4300,2500,2200,2300,2114,1,66328,63505,62545,61873,60633,59667,332034,1
50000,1,2,3,1,2,2,2,2,2,44350,43360,45892,46886,48037,47551,0,3300,2000,2000,396,1600,5650,6640,4108,3114,1963,2449,266780,0
130000,3,2,3,-1,-1,-1,-1,-1,-1,131728,132063,128599,131454,126621,126724,7000,4700,5013,4601,4525,4800,-1728,-2063,1401,-1454,3379,3276,746550,0
110000,3,4,2,-1,-1,-1,-1,-1,-1,50433,42098,42753,42428,43740,44858,2200,2000,2500,2300,2300,2000,59567,67902,67247,67572,66260,65142,253010,0
80000,1,4,1,-1,-1,-1,-1,-1,-1,53301,55444,60738,62818,45413,44793,3525,10000,7296,3000,3000,4500,26699,24556,19262,17182,34587,35207,291186,0
500000,2,4,2,-1,-1,-1,-1,2,-1,33763,43081,44277,46605,35766,26175,10000,2200,3500,0,1100,800,466237,456919,455723,453395,464234,473825,212067,0
180000,2,2,3,-2,-2,-2,-2,-2,-2,0,12103,2250,899,0,1375,12103,2250,899,0,1375,0,180000,167897,177750,179101,180000,178625,0,0
120000,3,2,4,1,-1,-1,-2,-2,-1,0,2228,0,0,0,672,2228,0,0,0,672,2507,120000,117772,120000,120000,120000,119328,-2507,1
20000,2,2,1,-1,-1,-1,-1,-1,-1,14313,4256,200,0,18844,12052,1000,200,0,18844,241,0,5687,15744,19800,20000,1156,7948,29380,0
370000,2,2,2,-1,-1,-1,-1,-1,-1,25588,1259,1259,3661,4484,24233,2096,1263,3665,4488,24262,11175,344412,368741,368741,366339,365516,345767,13535,1
50000,2,2,1,-1,-1,-1,-1,-1,-1,49551,42517,35458,19778,19929,19790,1707,1321,687,705,811,874,449,7483,14542,30222,30071,30210,180918,0
150000,1,1,4,-1,-1,-1,-1,-1,-1,92766,94732,96940,46349,47360,48717,4000,4000,1482,1577,2000,1500,57234,55268,53060,103651,102640,101283,412305,0
80000,1,2,1,-1,-1,-1,-2,-2,-2,1567,20175,0,0,0,0,20175,0,0,0,0,900,78433,59825,80000,80000,80000,80000,667,1
460000,1,4,1,-1,-1,-1,-1,-1,-1,16560,12570,19403,10063,8628,0,2500,9456,10063,0,0,13182,443440,447430,440597,449937,451372,460000,32023,0
50000,3,1,4,2,2,2,2,2,2,45870,46944,45874,48326,47440,50426,2100,0,3500,0,3758,5,4130,3056,4126,1674,2560,-426,275517,1
80000,2,4,1,-1,-1,-1,-1,-1,-1,62242,28610,29425,29990,29153,19863,19885,1700,1169,1044,717,1000,17758,51390,50575,50010,50847,60137,173768,0
260000,1,2,2,-1,-1,-1,-1,-1,-1,89420,86716,82868,80715,76377,44627,3578,2400,2000,2000,1464,1188,170580,173284,177132,179285,183623,215373,448093,0
320000,1,2,2,-1,-1,-1,-1,-1,-1,488,2290,14080,9931,7590,9685,2301,14109,11,38,9733,20444,319512,317710,305920,310069,312410,310315,-2572,0
50000,2,4,3,-1,-1,-1,-1,-1,-1,44808,44899,46346,47273,48357,50393,2100,2500,2000,2000,3000,1600,5192,5101,3654,2727,1643,-393,268876,0
360000,1,2,4,-1,-1,-1,-1,-1,-1,2334,37570,5102,15701,7771,10615,37570,5102,15701,7771,10615,10068,357666,322430,354898,344299,352229,349385,-7734,0
50000,2,4,4,-1,-1,-1,-1,-1,-1,20001,15345,37420,18151,4823,6574,2000,32009,1500,1000,3012,1503,29999,34655,12580,31849,45177,43426,61290,0
150000,2,1,2,-2,-2,-2,-2,-2,-1,9248,6831,2902,6468,1883,1519,6871,2918,6506,1893,1527,5330,140752,143169,147098,143532,148117,148481,3806,0
70000,2,2,2,-1,-1,-1,-1,-1,-1,67417,63334,61578,63061,64403,64948,2303,2400,2500,2500,2300,2400,2583,6666,8422,6939,5597,5052,370338,0
150000,1,4,1,-1,-1,-1,-1,-1,-1,5561,4141,7714,9772,13539,5819,4141,7725,9772,13539,5819,4302,144439,145859,142286,140228,136461,144181,1248,0
50000,2,2,3,-1,-1,-1,-1,-1,-1,48842,49709,30628,30993,29802,29253,2576,1495,1250,4732,1100,1100,1158,291,19372,19007,20198,20747,206974,0
90000,2,4,1,-1,-1,-1,-1,-1,-1,13808,4300,2748,1048,450,450,4335,4448,6980,0,0,711,76192,85700,87252,88952,89550,89550,6330,0
100000,2,1,2,-1,-1,-1,-1,-1,-1,57998,60063,63925,68058,69273,56101,3000,5000,5305,3000,6600,0,42002,39937,36075,31942,30727,43899,352513,1
440000,1,4,2,-1,-1,-1,-1,-2,-1,3290,4949,10065,2500,0,11560,4949,6020,0,0,11560,258,436710,435051,429935,437500,440000,428440,9577,0
250000,1,2,2,-1,-1,-1,-1,-1,-1,2746,1666,3572,76552,100566,0,1666,3597,76552,100566,0,0,247254,248334,246428,173448,149434,250000,2721,0
10000,3,2,4,2,2,4,4,4,4,420,420,420,420,420,420,0,0,0,0,0,780,9580,9580,9580,9580,9580,9580,1740,1
80000,2,2,2,1,2,-1,-1,-1,2,55595,54142,55247,55738,59829,58715,0,2600,2006,5000,0,5000,24405,25858,24753,24262,20171,21285,324660,0
220000,1,2,4,1,-2,-1,-1,-1,-1,0,0,788,0,349,600,0,788,0,349,600,0,220000,220000,219212,220000,219651,219400,0,0
40000,1,2,1,-1,-1,-1,-1,-1,-1,1946,17810,2872,396,2462,396,17810,2872,0,2462,0,17188,38054,22190,37128,39604,37538,39604,-14450,1
150000,2,2,1,2,-1,-1,-1,-1,-1,148095,143845,132677,86265,88390,90599,8000,5300,3500,5000,4000,3000,1905,6155,17323,63735,61610,59401,661071,0
20000,2,2,2,4,3,2,2,2,2,17936,17368,16792,18013,17583,18998,0,0,1500,0,1708,0,2064,2632,3208,1987,2417,1002,103482,1
240000,2,2,3,1,2,-1,-1,-1,-1,137327,133724,136539,137487,141291,20143,0,6702,5000,6019,6099,14762,102673,106276,103461,102513,98709,219857,667929,1
200000,1,2,1,-1,-1,-1,-1,-1,-1,170707,159654,162208,162357,144236,127362,6017,8000,5800,5200,5000,5000,29293,40346,37792,37643,55764,72638,891507,0
50000,1,4,1,-1,-1,-1,-1,-1,-1,4821,15898,16862,16110,18458,19112,12000,1551,579,3000,954,570,45179,34102,33138,33890,31542,30888,72607,0
180000,2,2,3,-1,-1,-2,-2,-2,-2,184650,0,0,0,0,0,0,0,0,0,9000,0,-4650,180000,180000,180000,180000,180000,175650,0
50000,2,1,1,-1,-1,2,2,2,2,21397,24233,23551,24848,26298,28112,3500,0,2000,2000,2400,0,28603,25767,26449,25152,23702,21888,138539,1
20000,1,2,2,-1,-1,-1,-1,-1,-1,1261,390,390,390,0,780,390,390,390,0,780,0,18739,19610,19610,19610,20000,19220,1261,0
210000,1,2,2,-1,-1,-1,-1,-1,-1,35639,42091,27751,30418,23180,68842,10000,1372,5000,1304,60000,3000,174361,167909,182249,179582,186820,141158,147245,0
500000,1,1,3,-1,-1,-1,-1,-1,-1,4125,5840,4464,8722,4137,4123,5864,4465,8724,0,4123,7124,495875,494160,495536,491278,495863,495877,1111,0
240000,1,4,2,1,1,-2,-2,-2,-2,9028,-1868,-1868,-1868,-1868,-1868,0,0,0,0,0,0,230972,241868,241868,241868,241868,241868,-312,1
30000,2,1,2,1,3,2,5,4,3,18811,18225,22630,21988,21057,25412,0,5000,0,0,5000,0,11189,11775,7370,8012,8943,4588,118123,0
190000,1,1,3,-1,-1,-1,-1,-1,-1,7776,3706,7517,2168,4918,5300,3706,7523,2168,5300,3000,0,182224,186294,182483,187832,185082,184700,9688,0
10000,2,2,3,-1,-1,-1,-1,-1,-1,492,9017,9787,9897,9707,-173,10300,1000,500,200,0,10200,9508,983,213,103,293,10173,16527,0
360000,2,2,2,-1,-1,-1,-1,-1,-1,1978,8583,993,26454,10456,31581,8625,998,26561,10456,21738,0,358022,351417,359007,333546,349544,328419,11667,0
80000,2,2,2,-1,-1,-1,-1,-1,-1,46401,39456,30712,29629,28241,28030,1560,1421,1001,1000,1008,964,33599,40544,49288,50371,51759,51970,195515,0
60000,2,1,3,-1,-1,-1,-1,-1,-1,18875,20064,21227,22564,24191,25778,1500,1500,2000,2000,2000,2000,41125,39936,38773,37436,35809,34222,121699,1
100000,3,2,3,-1,-1,-1,-1,-1,-1,1480,916,1238,916,1444,1450,916,1238,916,1444,1450,1143,98520,99084,98762,99084,98556,98550,337,0
100000,1,4,1,-1,-1,-1,-1,-1,-1,557,1033,3667,2300,1132,2072,1033,3667,2300,1132,2072,2692,99443,98967,96333,97700,98868,97928,-2135,0
10000,3,1,3,-1,-1,-1,-1,-1,-2,7170,8240,8050,10400,0,0,1200,1000,150,0,0,0,2830,1760,1950,-400,10000,10000,31510,0
180000,2,2,1,-1,-1,-1,-1,-1,-1,182545,177885,182341,126946,127013,122277,9000,9300,4600,5000,5000,5000,-2545,2115,-2341,53054,52987,57723,881107,0
280000,2,2,2,2,3,2,2,2,2,186838,190570,194189,189806,201410,205479,8000,8000,0,14500,7300,7500,93162,89430,85811,90194,78590,74521,1122992,1
50000,2,4,2,-1,-1,2,-1,-1,-1,49078,51063,40371,19522,19140,17912,3800,0,805,818,1000,592,922,-1063,9629,30478,30860,32088,190071,0
380000,1,1,4,-1,-1,-1,-1,-1,-1,126880,130324,152869,137442,82800,42083,7000,25390,10000,20000,1659,1600,253120,249676,227131,242558,297200,337917,606749,0
50000,2,2,3,-1,-1,-1,-1,-1,-1,27901,24898,23702,18327,17996,15938,1770,1194,564,1500,1000,2000,22099,25102,26298,31673,32004,34062,120734,0
150000,1,2,2,-1,-1,-1,-1,-1,-1,147471,151713,130107,78623,79743,78745,20000,5000,2000,7000,15000,5000,2529,-1713,19893,71377,70257,71255,612402,0
210000,1,4,2,-1,-1,-1,-1,-1,-1,44125,39465,23908,5088,792,150,1732,1000,5484,0,150,396,165875,170535,186092,204912,209208,209850,104766,0
30000,1,2,2,3,2,-1,-1,-1,-1,26851,26136,30391,13150,18504,6699,0,5334,39,18559,6821,26275,3149,3864,-391,16850,11496,23301,64703,1
70000,3,4,3,-1,-1,-1,-1,-1,-1,72770,69438,69776,51450,26516,27044,4108,2500,928,2000,969,1002,-2770,562,224,18550,43484,42956,305487,1
80000,2,2,1,3,2,-1,-1,-1,-1,79425,77223,75075,76348,77798,79843,107,2563,2356,2296,2800,910,575,2777,4925,3652,2202,157,454680,1
50000,2,2,3,-1,-1,-1,-1,-1,-1,19091,20179,21190,21838,22485,23110,1400,1352,1000,1000,1000,1000,30909,29821,28810,28162,27515,26890,121141,0
480000,2,2,2,-1,-1,-1,-1,-1,-1,227221,243942,244961,248394,253596,211055,51000,10000,8000,8200,23000,8000,252779,236058,235039,231606,226404,268945,1320969,0
500000,2,2,2,-1,-1,-1,-1,-1,-1,9889,24911,71852,18155,32201,39668,24920,50290,5002,15001,17028,778,490111,475089,428148,481845,467799,460332,83657,0
170000,1,4,1,-1,-1,-1,-1,-1,-1,22138,23227,18894,7695,4777,3517,1808,1054,207,151,147,100,147862,146773,151106,162305,165223,166483,76781,0
330000,1,4,1,-1,-1,-1,-1,-1,-1,9894,11877,14949,34292,8832,11304,3000,5001,22000,1000,11304,275,320106,318123,315051,295708,321168,318696,48568,0
30000,2,1,2,-1,-1,-1,2,2,2,19625,20673,23702,23026,27798,27219,1671,3700,0,5335,0,2054,10375,9327,6298,6974,2202,2781,129283,0
120000,2,2,2,-1,-1,-1,-1,-1,-1,326,0,652,326,326,476,0,978,0,326,476,326,119674,120000,119348,119674,119674,119524,0,0
80000,1,4,1,-1,-1,-1,-1,-1,-1,66426,55334,53738,49021,45494,44218,2657,1800,1799,1616,1697,1737,13574,24666,26262,30979,34506,35782,302925,0
160000,2,1,2,-1,-1,-1,-1,2,-1,54835,46575,7169,9036,8749,9447,3500,2000,2000,0,1000,500,105165,113425,152831,150964,151251,150553,126811,0
110000,2,1,2,-1,-1,2,-1,-1,-1,100908,105371,52113,53317,54040,54805,7000,0,2053,2500,2200,2156,9092,4629,57887,56683,55960,55195,404645,1
20000,2,2,2,2,-1,-1,-1,2,-1,17638,17058,17541,19338,17889,18486,1666,1149,1946,0,1007,0,2362,2942,2459,662,2111,1514,102182,1
140000,1,1,3,2,-1,-1,-1,-1,-1,136128,98337,60627,39760,40045,40865,4756,3600,1500,1300,1318,1307,3872,41663,79373,100240,99955,99135,401981,1
50000,1,2,2,4,3,2,2,2,2,37570,36705,37215,37718,38584,37829,0,1400,1400,1601,0,2500,12430,13295,12785,12282,11416,12171,218720,0
20000,2,4,1,-1,-1,-1,-1,-1,-2,11999,3617,4165,6323,0,0,1062,1000,10488,0,0,0,8001,16383,15835,13677,20000,20000,13554,1
200000,2,4,1,-1,-1,-1,-1,-1,-1,170964,174509,176523,180295,184104,195976,7788,6400,6700,6907,20163,1000,29036,25491,23477,19705,15896,4024,1033413,1
320000,2,2,4,-1,-1,-1,2,-1,-1,271305,268368,275804,261312,245234,243238,9703,20303,12,8303,10029,8010,48695,51632,44196,58688,74766,76762,1508901,0
400000,3,2,3,-1,-1,-1,-1,-1,-1,10132,16932,13088,28540,11860,3978,16932,13088,28540,11860,3978,2390,389868,383068,386912,371460,388140,396022,7742,0
250000,2,4,2,-1,-1,-1,-1,-1,-1,241711,205944,210513,214696,219218,228900,7481,8000,7682,7979,13350,3000,8289,44056,39487,35304,30782,21100,1273490,0
550000,1,4,2,-1,-1,-1,-1,-1,-1,42132,44045,45392,48244,36206,38021,3005,3004,4010,3002,3000,10010,507868,505955,504608,501756,513794,511979,228009,1
300000,1,1,2,-1,-1,-1,-1,-1,-1,105932,100815,103744,103422,111152,110811,5137,30022,5006,10014,4016,4013,194068,199185,196256,196578,188848,189189,577668,0
50000,2,2,2,-1,-1,-1,-1,-1,-1,46337,47384,48382,49392,50608,50722,1792,1790,1800,2000,1835,3628,3663,2616,1618,608,-608,-722,279980,0
160000,1,2,2,-1,-1,-1,-1,-1,-1,1072,3297,5923,158,11030,158,3297,5939,158,11030,158,158,158928,156703,154077,159842,148970,159842,898,0
80000,1,2,1,-1,-1,-1,-1,-1,-1,20708,26286,18209,5471,6896,9506,6545,8807,5500,4000,3500,1000,59292,53714,61791,74529,73104,70494,57724,0
280000,3,2,2,-2,-1,-1,-1,-1,-1,192080,197796,314042,116480,118270,124742,5716,117698,3884,3376,7503,3591,87920,82204,-34042,163520,161730,155258,921642,0
500000,3,4,2,-1,-1,-1,-1,-1,-1,1900,1489,1989,1200,1451,548,1489,1989,1200,1451,548,1048,498100,498511,498011,498800,498549,499452,852,1
340000,2,2,2,-2,-2,-2,-2,-2,-2,93767,65758,353,5674,3344,3406,65758,359,5674,3692,3406,2622,246233,274242,339647,334326,336656,336594,90791,0
160000,2,2,3,-2,-2,-2,-2,-2,-2,0,0,0,0,0,0,0,0,0,0,0,0,160000,160000,160000,160000,160000,160000,0,0
120000,1,4,1,-1,-1,2,-1,-1,-1,942,780,390,390,390,150,780,0,390,390,150,780,119058,119220,119610,119610,119610,119850,552,0
150000,1,2,1,-1,-1,-1,-1,-1,-1,28416,37392,44547,52871,57877,64020,10000,10008,10012,10002,8006,7005,121584,112608,105453,97129,92123,85980,230090,0
110000,1,2,2,-1,-1,2,-1,-1,-1,15908,18873,890,3420,4309,733,4013,2,3430,4319,2,1905,94092,91127,109110,106580,105691,109267,30462,0
120000,2,4,1,-1,2,-1,-1,-1,-1,2049,1579,590,3617,2001,0,0,590,3617,2001,0,204,117951,118421,119410,116383,117999,120000,3424,1
110000,1,4,2,-1,-1,-1,-1,-1,-1,141670,138542,120439,113273,81261,76051,6278,5485,3396,2844,3005,2510,-31670,-28542,-10439,-3273,28739,33949,647718,0
320000,2,2,2,-2,-2,-2,-2,-2,-2,-20,-20,-20,-20,-20,-20,0,0,0,0,0,0,320020,320020,320020,320020,320020,320020,-120,0
50000,3,1,3,-1,-1,-1,-1,-1,-1,29224,23807,17623,17974,18350,18721,2000,1293,644,666,676,681,20776,26193,32377,32026,31650,31279,119739,0
50000,2,2,2,-1,-1,-1,-1,-1,-1,1226,1226,1226,1226,1765,1066,1226,1226,1226,1765,1066,170,48774,48774,48774,48774,48235,48934,1056,0
90000,2,4,1,2,4,4,3,4,3,37639,38743,37825,40299,39093,38167,2000,0,3400,0,0,1000,52361,51257,52175,49701,50907,51833,225366,0
270000,1,2,3,-1,-1,-1,-1,-1,-1,19769,34813,43852,29677,33341,28413,34813,43856,29682,33341,28413,1351,250231,235187,226148,240323,236659,241587,18409,0
50000,2,2,1,1,2,-1,-1,-1,-1,19454,18856,19590,18861,4581,2158,0,1200,477,121,22,0,30546,31144,30410,31139,45419,47842,81680,0
50000,2,1,3,2,-1,-1,-1,-1,-1,27143,27349,26568,26414,26263,27076,1700,1500,1000,1000,2000,2500,22857,22651,23432,23586,23737,22924,151113,0
360000,2,2,1,1,-2,-2,-2,-2,-2,0,0,0,0,0,0,0,0,0,0,0,0,360000,360000,360000,360000,360000,360000,0,0
120000,2,2,1,-1,-1,-1,-1,-1,-1,4317,5240,5283,5444,6412,5121,2000,1000,1000,1000,1825,1272,115683,114760,114717,114556,113588,114879,23720,0
290000,3,4,2,-1,-1,-1,-1,-1,-1,396,396,396,396,396,396,396,396,396,396,396,396,289604,289604,289604,289604,289604,289604,0,0
200000,3,1,2,-1,-1,-1,-1,-1,-1,5308,3959,13868,4094,2247,17794,3981,13909,4106,2253,17847,2123,194692,196041,186132,195906,197753,182206,3051,0
110000,2,4,1,2,-1,-1,-1,-1,-1,109924,111805,108207,75808,78490,81238,6000,4380,3000,5000,10000,3000,76,-1805,1793,34192,31510,28762,534092,1
50000,2,2,2,-1,-1,-1,-1,-1,-1,23540,16980,16908,17327,17895,18346,2010,1500,1000,1000,900,1000,26460,33020,33092,32673,32105,31654,103586,0
150000,1,1,3,-1,-1,-1,-1,-1,-1,2716,0,1106,1323,2098,0,0,1106,1323,2098,0,0,147284,150000,148894,148677,147902,150000,2716,0
280000,1,4,2,-1,-1,-1,-1,-1,-1,13532,3312,14907,3008,8988,11547,23871,14907,0,8988,11547,19826,266468,276688,265093,276992,271012,268453,-23845,0
310000,1,4,1,-1,-1,-1,-1,-1,-1,44592,40110,39805,36823,38987,32304,2000,1620,1332,2772,1500,1500,265408,269890,270195,273177,271013,277696,221897,0
450000,2,2,2,-2,-2,-2,-2,-2,-2,-3768,-3938,-5738,-5738,-5738,-5738,179,1800,0,0,0,0,453768,453938,455738,455738,455738,455738,-32637,0
40000,2,4,1,2,2,2,-1,-1,-1,33313,34086,33239,33938,34694,35389,1600,0,1250,1300,1270,2800,6687,5914,6761,6062,5306,4611,196439,1
50000,2,4,2,-1,-1,-1,-1,-1,-1,41724,92054,50120,19587,10577,7533,5000,5120,10292,5577,7533,1000,8276,-42054,-120,30413,39423,42467,187073,0
290000,2,2,2,-1,-1,-1,-2,-2,-1,17397,11754,28874,77790,8142,9547,12556,29020,78178,8572,9590,151945,272603,278246,261126,212210,281858,280453,-136357,0
60000,3,1,2,-1,-1,-1,-1,-1,-1,36343,27996,25656,16907,15837,11195,5140,3008,3000,6000,2000,3000,23657,32004,34344,43093,44163,48805,111786,0
20000,3,1,3,-1,-1,2,2,2,2,7384,9356,9400,10085,9785,10481,2108,352,837,0,855,0,12616,10644,10600,9915,10215,9519,52339,1
80000,2,2,1,-1,-1,-1,-1,-1,-1,1995,0,680,2862,5539,0,0,680,2862,5539,0,5775,78005,80000,79320,77138,74461,80000,-3780,0
100000,2,1,2,1,2,2,2,4,3,9670,9371,11705,12919,12139,11653,0,2500,1700,0,0,0,90330,90629,88295,87081,87861,88347,63257,0
50000,1,1,2,2,-1,-1,-1,2,-1,48716,49504,44127,22053,20129,19262,2213,1804,2700,0,700,1000,1284,496,5873,27947,29871,30738,195374,1
250000,2,2,2,1,-1,-1,-1,-1,-1,-26,8966,4559,3110,0,664,8992,4563,24,0,664,698,250026,241034,245441,246890,250000,249336,2332,0
210000,1,4,2,-1,-1,-1,-1,-1,-1,1262,33414,1828,0,11854,30949,33414,1828,0,11854,30288,1460,208738,176586,208172,210000,198146,179051,463,1
280000,1,4,2,-2,-2,-2,-2,-1,-1,6302,4618,183,2568,2371,7610,4663,0,4953,12,7647,1676,273698,275382,279817,277432,277629,272390,4701,0
110000,2,4,2,-1,-1,-1,-1,-1,-1,125719,121523,116319,116082,111141,110854,4316,4120,4001,4173,4103,3888,-15719,-11523,-6319,-6082,-1141,-854,677037,0
60000,2,2,2,2,2,2,2,2,-1,80709,76179,71219,67687,61691,57626,2300,2000,3000,0,3000,2000,-20709,-16179,-11219,-7687,-1691,2374,402811,0
200000,1,1,3,-1,-1,-1,-2,-1,-1,540,454,0,0,990,0,454,0,0,990,0,0,199460,199546,200000,200000,199010,200000,540,0
30000,2,2,2,-1,-1,2,2,-2,-2,22583,25067,23237,0,0,0,3026,0,0,0,0,0,7417,4933,6763,30000,30000,30000,67861,0
80000,1,2,1,-1,-1,-1,-1,-1,-1,79565,78617,79229,77858,79566,74746,3481,3000,3000,3000,3000,1656,435,1383,771,2142,434,5254,452444,0
50000,2,2,2,-1,-1,-1,-1,-1,-1,17698,16533,17636,16956,17532,19078,2005,4000,1000,1000,2000,1000,32302,33467,32364,33044,32468,30922,94428,0
160000,1,2,2,1,-1,-1,-1,-1,-1,-16,1955,2047,15848,16848,0,1971,2047,15848,1000,0,0,160016,158045,157953,144152,143152,160000,15816,0
130000,2,4,1,-1,-1,-1,-1,-1,-2,110922,113974,126194,17832,-3000,0,5000,15066,5007,0,3000,825,19078,16026,3806,112168,133000,130000,337024,1
230000,2,4,2,-1,-1,-1,-1,-1,-1,2873,29488,65868,58171,56033,47192,29525,50014,8242,7032,5030,8007,227127,200512,164132,171829,173967,182808,151775,0
260000,2,2,2,-1,-1,-1,-1,-1,-1,213,213,203,2571,187,5469,214,204,2582,1,5496,427,259787,259787,259797,257429,259813,254531,-68,0
200000,2,1,4,-1,-1,-1,-1,-1,-1,177664,183236,183493,146143,144339,140340,10000,7000,5000,6000,6000,5000,22336,16764,16507,53857,55661,59660,936215,0
420000,1,1,2,-1,-1,-1,-1,-1,-1,45060,25056,24751,24984,24983,23751,1407,1332,963,877,1000,908,374940,394944,395249,395016,395017,396249,162098,1
100000,1,4,1,2,-1,-1,-1,2,-1,36891,38498,39185,39867,39696,7594,2201,1888,1500,96,300,432,63109,61502,60815,60133,60304,92406,195314,1
100000,1,4,1,1,-1,-1,-1,-1,-1,0,460,0,85,60,520,460,0,85,60,520,0,100000,99540,100000,99915,99940,99480,0,0
390000,1,2,2,-2,-2,-2,-2,-1,-1,5053,-9,1906,0,2258,7028,0,1915,0,2258,5001,5000,384947,390009,388094,390000,387742,382972,2062,0
80000,2,4,1,-2,-2,-2,-2,-2,-2,0,0,641,658,2019,0,0,641,658,2019,0,0,80000,80000,79359,79342,77981,80000,0,0
50000,3,1,3,1,2,2,2,-1,-1,46166,42253,46794,44995,45934,48796,0,5600,0,1800,4000,0,3834,7747,3206,5005,4066,1204,263538,0
90000,3,4,2,1,2,2,2,-2,-2,8144,7102,1170,0,0,0,2034,0,0,0,0,0,81856,82898,88830,90000,90000,90000,14382,1
240000,2,2,4,-1,-1,-1,-1,-1,2,138785,141894,143270,201082,215709,204302,6500,5000,60000,17464,6516,20002,101215,98106,96730,38918,24291,35698,929560,0
50000,3,2,3,-1,-1,-1,-1,-1,-1,12785,19971,5095,14867,8037,2642,19982,5095,14867,8037,2642,7023,37215,30029,44905,35133,41963,47358,5751,0
30000,2,4,1,-1,-1,-1,-1,-1,-1,290,12115,11306,3562,1621,1307,20002,1101,1,1724,1408,0,29710,17885,18694,26438,28379,28693,5965,0
200000,2,2,2,-1,-1,-1,-1,-1,-2,25483,31537,34114,29982,-18,-18,6541,5351,200,0,0,0,174517,168463,165886,170018,200018,200018,108988,0
320000,3,4,3,1,2,2,2,2,-1,298343,304421,298042,315502,310308,306056,12300,0,24000,0,11000,14000,21657,15579,21958,4498,9692,13944,1771372,1
90000,2,2,2,-1,-1,-1,-1,-1,-1,22672,21212,20662,20715,21149,20078,1339,1315,867,896,728,577,67328,68788,69338,69285,68851,69922,120766,0
20000,3,2,1,-1,-1,-1,-1,-1,-1,17589,18387,19157,19308,19486,19785,1313,1308,684,707,848,790,2411,1613,843,692,514,215,108062,1
80000,1,4,1,-1,-1,-1,-1,-1,-1,24215,30798,30350,32469,32663,34909,10000,2000,2500,2000,3000,1000,55785,49202,49650,47531,47337,45091,164904,0
380000,2,2,2,-1,-1,-1,-1,-1,-1,52956,63002,71599,80377,84113,86612,25000,11000,10000,5000,7000,11000,327044,316998,308401,299623,295887,293388,369659,0
300000,1,4,2,-2,-1,-1,-1,-1,-1,0,51,12351,12351,12363,9974,51,12300,0,12,49,11767,300000,299949,287649,287649,287637,290026,22911,0
110000,2,2,4,-1,-1,-1,-1,-1,-1,69564,51264,51584,49601,50485,50565,2500,1800,1800,2000,2000,2000,40436,58736,58416,60399,59515,59435,310963,0
100000,2,2,1,-1,-1,-1,-1,-1,-1,53840,43503,43417,43872,42215,42917,1748,1662,1670,1525,2000,1660,46160,56497,56583,56128,57785,57083,259499,0
250000,1,2,2,-1,-1,2,-1,-1,-1,1000,4070,3629,1570,248,1247,3629,3,1575,248,1247,621,249000,245930,246371,248430,249752,248753,4441,0
250000,1,2,2,-1,-1,-1,-1,-2,-1,22824,6540,6686,-14795,-23003,4017,6573,6793,41,42,35602,3,227176,243460,243314,264795,273003,245983,-46785,0
220000,1,2,2,-1,-1,-1,-1,-1,-1,87604,89687,90889,91892,93815,96466,5000,4200,4000,4000,5000,5000,132396,130313,129111,128108,126185,123534,523153,0
20000,1,4,1,3,2,2,-1,-1,2,16732,17866,17276,17514,18462,18036,1700,0,800,1361,0,800,3268,2134,2724,2486,1538,1964,101225,1
240000,4,2,2,-1,-1,-1,-1,-1,-1,1731,6763,0,5717,10134,1045,6763,5717,0,10134,1045,6585,238269,233237,240000,234283,229866,238955,-4854,0
210000,1,1,3,-1,-1,2,-1,-1,2,130868,138909,135322,136339,143681,140425,11760,0,4546,9524,2,4756,79132,71091,74678,73661,66319,69575,794956,0
200000,2,4,1,-1,-1,-1,2,2,-1,105433,108408,116094,116289,112011,106313,5498,11084,3800,0,4005,2911,94567,91592,83906,83711,87989,93687,637250,0
120000,2,4,1,1,-2,-1,-1,-1,-2,0,0,12162,1553,0,0,0,12162,1553,0,0,0,120000,120000,107838,118447,120000,120000,0,1
140000,3,2,1,-1,-1,-1,-1,-1,-1,18648,19561,13902,14183,13207,12996,1309,1139,420,418,816,0,121352,120439,126098,125817,126793,127004,88395,0
30000,1,2,1,-1,-1,-1,-1,-1,-1,28495,29632,30629,29357,30143,30419,1900,1800,1045,1250,1100,1100,1505,368,-629,643,-143,-419,170480,0
50000,3,2,4,-1,-1,-1,-1,-1,-1,16033,17360,18068,18426,18812,19275,1593,1301,659,682,775,584,33967,32640,31932,31574,31188,30725,102380,0
240000,1,4,1,-1,-1,-1,-1,-1,-1,133230,136579,139281,132487,107437,109237,5500,5036,4000,6200,5500,5000,106770,103421,100719,107513,132563,130763,727015,0
200000,2,2,3,1,-2,-2,-2,-2,-2,0,0,0,0,0,0,0,0,0,0,0,0,200000,200000,200000,200000,200000,200000,0,0
490000,1,1,4,-1,-1,-1,-1,-1,-1,354782,348786,349958,340602,303047,331606,17035,20059,12943,15049,50017,20021,135218,141214,140042,149398,186953,158394,1893657,0
60000,1,4,2,-1,2,-1,-1,-1,-1,2130,1940,7801,1308,3058,2190,0,7801,1158,1900,2190,2153,57870,58060,52199,58692,56942,57810,3225,1
300000,2,1,2,1,-1,2,-1,-1,-1,-165580,324392,296931,30355,26771,23737,505000,331,1070,17771,18000,16079,465580,-24392,3069,269645,273229,276263,-21645,0
310000,1,4,2,1,-1,-1,-1,-1,-2,-8,1703,-8,1624,0,0,1711,0,1632,0,0,173,310008,308297,310008,308376,310000,310000,-205,0
360000,2,1,3,-2,-2,-2,-2,-2,-2,0,751,327,0,0,234,751,327,0,0,234,455,360000,359249,359673,360000,360000,359766,-455,0
60000,2,4,1,-1,-1,-1,-1,-1,-1,60380,55367,111334,19358,19760,20223,2296,2510,838,862,1015,400,-380,4633,-51334,40642,40240,39777,278501,1
120000,1,4,1,-1,-1,-1,-1,-1,-1,390,390,390,390,390,0,390,390,390,390,0,780,119610,119610,119610,119610,119610,120000,-390,0
210000,2,2,1,-1,-1,-1,-1,-1,-1,206714,197252,140440,122678,120215,112973,7868,5000,5004,4500,3950,3800,3286,12748,69560,87322,89785,97027,870150,0
50000,2,1,2,-1,-1,-1,-1,-1,-1,22178,21976,21697,20683,19283,19965,1700,1650,850,700,1000,1000,27822,28024,28303,29317,30717,30035,118882,0
510000,4,2,2,-2,-2,-1,-1,-1,-1,10554,568,22058,23205,11571,12179,1074,22657,11586,24637,12719,20798,499446,509432,487942,486795,498429,497821,-13336,0
10000,1,4,1,-1,-1,-1,-1,-1,-1,6709,7895,8751,8925,9111,9360,1300,1146,320,330,400,1000,3291,2105,1249,1075,889,640,46255,0
250000,1,4,2,-1,-1,-1,-1,-1,-1,6378,72173,6341,174,1676,388,72534,6456,174,1682,2,0,243622,177827,243659,249826,248324,249612,6282,0
210000,1,4,1,-1,-1,-1,-1,-1,-1,3292,6399,2085,3000,6634,1298,3399,2085,3000,3634,1300,2000,206708,203601,207915,207000,203366,208702,7290,0
160000,4,2,3,-1,-1,-1,-1,-2,-2,169746,159376,162998,0,0,0,4318,4000,0,0,0,73175,-9746,624,-2998,160000,160000,160000,410627,0
80000,2,4,1,-1,-1,-1,-2,-2,-2,3278,4000,0,0,0,0,1000,0,0,0,0,0,76722,76000,80000,80000,80000,80000,6278,0
230000,1,2,1,-1,-1,-1,-1,-1,-1,29108,29240,30062,31253,31965,36782,1587,1409,10000,1193,6782,1026,200892,200760,199938,198747,198035,193218,166413,0
30000,2,2,4,1,3,2,3,2,-1,18663,18080,18986,18390,17954,18654,0,1500,0,0,1000,692,11337,11920,11014,11610,12046,11346,107535,1
50000,2,2,1,2,3,2,-1,-1,-1,50136,50044,46543,19359,17850,18203,1000,5,661,770,800,763,-136,-44,3457,30641,32150,31797,198136,1
190000,1,4,1,2,2,2,2,2,2,159438,163684,166163,168592,171923,169165,8150,6500,6500,6000,0,6200,30562,26316,23837,21408,18077,20835,965615,1
130000,2,2,3,-1,-1,-1,-2,-2,-2,125557,124900,0,0,0,0,2498,0,0,0,0,0,4443,5100,130000,130000,130000,130000,247959,0
140000,3,2,3,-1,-1,-1,-1,-1,-1,132586,135165,125427,128016,127323,130020,4800,4500,4600,4800,4800,4500,7414,4835,14573,11984,12677,9980,750537,0
110000,2,2,1,-1,-1,-1,-1,-1,-1,112533,109515,48917,46765,40212,39690,4101,3000,2000,3000,5000,3000,-2533,485,61083,63235,69788,70310,377531,0
20000,2,2,1,-1,-1,-1,-2,-2,-2,19030,19783,0,0,0,0,1500,0,0,0,0,0,970,217,20000,20000,20000,20000,37313,0
250000,1,2,2,-1,-1,-1,-1,-1,-1,255413,253019,240332,244688,240221,224740,10500,12000,10000,10000,9000,9000,-5413,-3019,9668,5312,9779,25260,1397913,0
360000,2,2,2,-1,-1,-1,-1,-1,-1,106010,24892,10772,21847,21835,9255,24976,10786,21916,21904,9261,22127,253990,335108,349228,338153,338165,350745,83641,1
30000,1,4,1,2,2,-1,-1,-1,-2,30769,29559,29197,29488,0,0,0,1000,590,0,0,0,-769,441,803,512,30000,30000,117423,0
50000,3,2,4,-1,-1,-1,-1,-1,-1,43099,44233,35147,12236,11013,11388,2212,2126,415,401,559,554,6901,5767,14853,37764,38987,38612,150849,0
100000,2,2,1,-1,-1,-1,-1,-1,-1,49707,48657,49699,47635,48664,49578,2000,2000,1691,1782,1739,1400,50293,51343,50301,52365,51336,50422,283328,0
150000,4,4,2,-1,-1,-1,-1,-1,-1,232327,237150,239410,39584,32815,35626,5877,5419,1009,1120,5000,7128,-82327,-87150,-89410,110416,117185,114374,791359,0
150000,1,4,2,-2,-2,-2,-2,-2,-2,12516,5568,6106,4357,0,0,5568,6106,4357,0,0,0,137484,144432,143894,145643,150000,150000,12516,0
200000,1,2,3,-1,-1,-1,-1,-1,-1,4533,8756,3539,5529,10332,6894,8756,3539,5529,10332,6894,3188,195467,191244,196461,194471,189668,193106,1345,0
20000,1,2,3,-1,-1,-1,-1,-1,-1,13639,14711,15462,16004,16203,16916,1600,1300,800,605,1000,2000,6361,5289,4538,3996,3797,3084,85630,0
310000,2,2,2,-2,-2,-1,-1,-1,-1,0,0,5365,6274,7017,8893,0,5365,1000,1000,2000,2000,310000,310000,304635,303726,302983,301107,16184,0
100000,1,4,1,1,2,2,2,2,2,93295,95108,96662,94216,99732,101737,4200,4000,0,7400,3800,0,6705,4892,3338,5784,268,-1737,561350,0
50000,2,4,2,-1,-1,2,2,2,2,41114,44131,43121,45795,44929,48179,4000,0,3400,0,4000,0,8886,5869,6879,4205,5071,1821,255869,1
130000,2,4,1,-1,-1,-1,-1,-1,-1,48764,27347,37528,2793,28865,14986,1034,37559,2805,28865,300,11083,81236,102653,92472,127207,101135,115014,78637,0
100000,3,6,3,-1,-1,2,-1,-1,-1,836,1859,1672,836,836,836,2695,0,0,836,836,836,99164,98141,98328,99164,99164,99164,1672,0
280000,1,2,1,-1,-1,-1,-1,-1,-1,4468,11517,1973,11028,14261,17097,11525,2149,11030,4008,7106,1193,275532,268483,278027,268972,265739,262903,23333,0
200000,1,1,2,-1,-1,-1,-1,-1,-1,173867,139769,132534,116331,111178,105907,7000,5000,4500,5000,5000,4300,26133,60231,67466,83669,88822,94093,748786,0
90000,1,1,2,2,-1,-1,-1,-1,-1,54933,55460,56599,58155,60058,61250,2009,2057,2500,3000,2189,2282,35067,34540,33401,31845,29942,28750,332418,1
150000,2,2,3,-2,-2,-2,-1,-1,-1,1906,4983,12029,13821,1493,2229,5002,12040,13821,1493,2229,2057,148094,145017,137971,136179,148507,147771,-181,0
20000,2,4,3,2,2,2,2,2,2,18155,17595,19355,19554,19795,19342,0,2344,800,683,0,1500,1845,2405,645,446,205,658,108469,1
360000,1,4,2,-1,-1,-1,-1,-1,-1,11193,332,272,1465,18503,5151,332,272,1465,18503,5151,0,348807,359668,359728,358535,341497,354849,11193,0
40000,2,2,1,1,2,2,2,2,-1,27746,23209,22040,23396,20430,20763,2000,0,2000,0,1000,1000,12254,16791,17960,16604,19570,19237,131584,1
240000,2,2,4,-1,-1,-1,2,-1,-1,74270,75959,80473,78883,80625,79334,3200,6100,0,2900,3000,3100,165730,164041,159527,161117,159375,160666,451244,0
500000,1,2,2,-1,-1,-1,-1,-1,-1,7297,12349,26488,6534,9788,25314,12349,26488,6534,9788,25314,103508,492703,487651,473512,493466,490212,474686,-96211,0
20000,2,4,2,4,3,2,-1,-1,-1,11553,11081,11021,11240,11476,11708,0,420,402,417,423,1472,8447,8919,8979,8760,8524,8292,64945,1
140000,2,2,3,-1,-1,-1,-1,-1,-1,85119,86901,89583,90432,92332,94197,3153,4126,3231,3351,3400,3494,54881,53099,50417,49568,47668,45803,517809,1
100000,2,2,1,-1,-1,-1,-1,-1,-1,100442,96018,97453,99407,95600,981,5000,8000,3500,3500,981,0,-442,3982,2547,593,4400,99019,468920,0
120000,1,4,2,-1,-1,-1,-1,-1,-1,18955,18973,18204,17344,13246,26781,1315,1169,2472,453,500,8494,101045,101027,101796,102656,106754,93219,99100,0
100000,2,2,3,1,2,-1,-1,-1,-1,97581,94594,44145,46148,43750,44771,0,2000,3000,2000,2000,2000,2419,5406,55855,53852,56250,55229,359989,0
140000,2,4,2,-1,-1,-1,-1,-1,-1,4882,4882,4876,4666,4884,4666,4882,4876,4666,4884,4666,4666,135118,135118,135124,135334,135116,135334,216,0
210000,1,4,1,-1,-1,-1,-1,-1,-1,99050,17924,19123,20650,0,1136,1301,1500,2000,0,1136,67412,110950,192076,190877,189350,210000,208864,84534,0
500000,1,4,2,1,-1,-1,-1,-1,-1,0,640,31762,42935,2464,2532,640,31764,51986,55000,2532,5717,500000,499360,468238,457065,497536,497468,-67306,1
110000,1,4,1,-1,-1,-2,-2,-2,-2,2280,0,0,0,0,0,0,0,0,0,0,4650,107720,110000,110000,110000,110000,110000,-2370,0
340000,1,4,2,-1,-1,-1,-1,-1,-1,2943,3352,3738,1794,1339,10673,3375,3759,1803,1345,10726,869,337057,336648,336262,338206,338661,329327,1962,0
330000,1,4,1,-1,-1,-1,-1,2,2,322464,325625,323182,325197,327750,321936,13248,13120,12833,14344,8567,7060,7536,4375,6818,4803,2250,8064,1876982,1
50000,2,4,2,-1,-1,-1,-1,-1,-1,45504,46223,12761,7477,8372,9240,2000,2043,1000,1000,1390,1150,4496,3777,37239,42523,41628,40760,120994,0
10000,1,2,2,1,-2,-1,2,-1,-1,0,0,9996,9689,9747,10328,0,9996,0,363,752,0,10000,10000,4,311,253,-328,28649,1
70000,3,1,3,-1,-1,2,2,2,2,26550,28208,28642,30670,31133,31965,2400,1200,2820,1100,1500,1300,43450,41792,41358,39330,38867,38035,166848,0
450000,2,2,2,-1,-1,-1,-1,-1,-1,1212,791,2663,783,1730,-51443,1032,2663,783,1730,0,70803,448788,449209,447337,449217,448270,501443,-121275,1
30000,2,2,2,-1,-1,-1,-1,-1,-1,12051,13101,14413,14476,14792,15145,1250,1537,600,550,600,800,17949,16899,15587,15524,15208,14855,78641,0
150000,2,4,2,5,4,3,2,2,2,79529,77757,75841,73678,77273,56577,0,0,0,4874,1000,0,70471,72243,74159,76322,72727,93423,434781,0
230000,2,2,2,2,2,2,-1,-1,-1,72514,74421,71201,72029,71923,72020,5118,0,4000,2607,2732,2482,157486,155579,158799,157971,158077,157980,417169,1
30000,3,2,3,2,2,2,2,2,2,28073,28515,27150,28100,28104,28181,1800,0,2300,1200,1300,0,1927,1485,2850,1900,1896,1819,161523,1
30000,1,2,2,-1,-1,-1,-1,-1,-1,29965,28841,28278,28770,29432,28949,2000,1700,2008,2000,7600,2000,35,1159,1722,1230,568,1051,156927,0
20000,3,2,3,1,2,2,2,2,2,15748,16497,16928,17354,16934,18347,1300,1000,1000,0,1700,600,4252,3503,3072,2646,3066,1653,96208,1
70000,3,6,4,-1,-1,-1,-1,-1,-1,32485,30527,13407,13643,12722,13515,1267,1191,427,957,1000,14001,37515,39473,56593,56357,57278,56485,97456,0
50000,2,2,3,-1,-1,-1,-1,-1,-1,2618,1969,20771,20231,19485,18280,2007,20275,1204,1001,1003,1210,47382,48031,29229,29769,30515,31720,56654,0
360000,1,2,3,1,-1,-1,-1,-1,-1,723,17392,-8,32170,680,6205,17392,0,32178,680,6205,18814,359277,342608,360008,327830,359320,353795,-18107,0
400000,1,4,1,1,2,-1,-1,-1,-1,77970,70557,71867,72137,72955,76467,0,3200,2750,3000,5800,2800,322030,329443,328133,327863,327045,323533,424403,0
130000,3,2,2,-1,-1,-1,-1,-1,-1,2342,2951,596,1520,700,3688,2951,596,1520,700,3688,2803,127658,127049,129404,128480,129300,126312,-461,0
130000,1,2,1,-1,-1,2,-1,-1,-2,2207,2499,1248,922,-693,-2292,3747,0,0,0,0,10000,127793,127501,128752,129078,130693,132292,-9856,0
340000,1,2,3,-1,-1,-1,-1,-1,-1,1600,93661,41533,15711,1338,6800,93661,41634,15711,1338,6800,3750,338400,246339,298467,324289,338662,333200,-2251,0
270000,2,2,3,-1,-1,-1,-1,-1,-1,26183,24181,19543,17160,14818,12702,1826,1469,514,581,612,312,243817,245819,250457,252840,255182,257298,109273,1
60000,2,4,2,-1,-1,-1,-1,-1,-1,13138,22389,16586,5516,16378,2670,20000,5000,3000,16000,3000,980,46862,37611,43414,54484,43622,57330,28697,1
130000,2,4,2,-1,-1,-1,-1,-1,-1,80533,42126,44370,85115,69011,70460,1816,3060,69000,2578,2671,2888,49467,87874,85630,44885,60989,59540,309602,0
10000,3,2,1,-1,-1,-1,-1,-1,-1,9240,9131,9601,9797,9997,7497,1230,1000,196,200,0,0,760,869,399,203,3,2503,52637,0
160000,1,4,2,2,2,2,2,2,2,132510,128981,138289,134773,142913,146003,0,13000,200,10500,5600,5200,27490,31019,21711,25227,17087,13997,788969,1
270000,1,2,2,-1,-1,-1,-2,-1,-1,22604,26906,0,0,4448,5667,5000,0,0,4448,1300,2443,247396,243094,270000,270000,265552,264333,46434,0
80000,2,1,2,2,-1,-1,-1,2,2,38370,39448,58788,62814,61682,65644,2000,20000,5000,0,5010,2500,41630,40552,21212,17186,18318,14356,292236,1
340000,1,2,2,-1,-1,-1,-1,-1,-1,4676,3806,526,36374,32413,12092,3806,526,36374,32413,12092,13743,335324,336194,339474,303626,307587,327908,-9067,0
360000,1,1,4,-1,-1,-1,-1,-1,-1,14432,15329,13062,41977,24354,25948,15329,13062,41977,0,25948,21318,345568,344671,346938,318023,335646,334052,17468,0
240000,1,2,3,-2,-2,-2,-2,-2,-2,5740,0,0,0,0,0,0,0,0,0,0,0,234260,240000,240000,240000,240000,240000,5740,0
50000,2,4,1,-1,-1,-1,-1,-2,-2,3475,-25,2500,0,0,0,0,2525,0,0,0,0,46525,50025,47500,50000,50000,50000,3425,0
50000,3,1,1,-1,-1,-1,-2,-2,-2,13352,14111,0,0,0,0,1066,0,0,0,0,1000,36648,35889,50000,50000,50000,50000,25397,0
180000,2,2,1,-1,-1,-1,-1,-1,-1,1206,661,1503,1379,1216,1440,661,1512,1379,1216,1440,316,178794,179339,178497,178621,178784,178560,881,0
370000,1,2,2,-2,-1,-1,-1,-1,-1,0,229818,234379,239082,244124,243986,229818,8409,8500,8800,8800,14100,370000,140182,135621,130918,125876,126014,912962,0
60000,2,2,1,1,2,2,2,2,2,10401,11770,10957,11480,10851,11365,2000,0,1000,0,1000,0,49599,48230,49043,48520,49149,48635,62824,1
50000,2,2,1,-1,-1,-1,-1,-1,-1,1355,1355,1386,1442,3798,1599,1355,1386,1442,3798,1599,1694,48645,48645,48614,48558,46202,48401,-339,0
50000,3,1,4,-2,-1,2,-1,-1,-1,-11,46501,24458,37778,39124,38585,46512,159,37778,2000,2000,13144,50011,3499,25542,12222,10876,11415,84842,0
130000,1,4,1,-1,-1,-1,-1,-1,-1,41224,45136,48970,52740,56467,60119,4500,4500,4500,4500,4500,4500,88776,84864,81030,77260,73533,69881,277656,0
500000,1,2,3,-1,-1,-1,-1,-1,-1,4007,9933,14557,53328,58052,37435,10021,14576,53850,58332,37616,46591,495993,490067,485443,446672,441948,462565,-43674,0
300000,1,2,1,1,-1,-1,-2,-1,-1,0,11174,0,0,3330,3330,11174,0,0,3330,3330,3330,300000,288826,300000,300000,296670,296670,-3330,0
120000,2,4,1,-1,-1,-1,-1,-1,-2,75913,78060,64074,64074,0,0,4501,2562,0,0,0,0,44087,41940,55926,55926,120000,120000,275058,0
110000,2,2,1,1,2,2,2,2,-1,102884,100388,104529,81319,76549,77433,0,6000,4000,0,4000,2730,7116,9612,5471,28681,33451,32567,526372,0
220000,3,2,2,-1,-1,-1,-1,-1,-1,35258,17740,4698,5036,8269,3681,1066,4723,5051,8293,3692,3087,184742,202260,215302,214964,211731,216319,48770,0
140000,2,4,1,-1,-1,-1,-1,-1,-1,8178,3776,3776,3776,4173,4287,1000,3776,3776,4173,1000,5049,131822,136224,136224,136224,135827,135713,9192,0
30000,2,4,1,-1,-1,-1,-1,-1,-1,20069,21148,22185,22551,23223,24837,1700,1700,1000,1000,2000,1400,9931,8852,7815,7449,6777,5163,125213,0
200000,2,4,2,-1,-1,-1,-1,-1,-1,11409,1222,3308,481,-19,3821,1228,3324,483,0,3840,0,188591,198778,196692,199519,200019,196179,11347,0
350000,1,2,2,-1,-1,-1,-1,-1,-1,1314,5133,1667,9737,363,1112,5249,1667,9839,363,1112,1981,348686,344867,348333,340263,349637,348888,-885,0
150000,2,2,3,-2,-2,-2,-2,-2,-2,6407,-6,-3,-3,-3,1040,0,0,0,0,1043,0,143593,150006,150003,150003,150003,148960,6389,0
20000,2,2,1,2,2,4,4,4,4,1650,1650,1650,1650,1650,1650,0,0,0,0,0,0,18350,18350,18350,18350,18350,18350,9900,1
200000,1,2,4,-1,-1,-1,-1,-1,-1,15603,16842,18556,19247,19935,21098,1500,2000,1000,1000,1500,3000,184397,183158,181444,180753,180065,178902,101281,0
20000,2,2,1,2,2,4,4,4,4,1650,1650,1650,1650,1650,1650,0,0,0,0,0,0,18350,18350,18350,18350,18350,18350,9900,0
320000,1,1,2,-1,-1,-1,-2,-2,-2,2695,500,0,0,0,0,505,368,0,0,0,0,317305,319500,320000,320000,320000,320000,2322,0
100000,1,4,1,-1,-1,-1,-1,-1,-1,170,3224,78671,60430,60647,61153,3224,78671,3000,2500,3000,3000,99830,96776,21329,39570,39353,38847,170900,0
280000,1,4,1,-1,-1,-1,-1,-1,-1,7370,3395,1860,2368,3343,5110,3420,1865,2375,3353,5124,9028,272630,276605,278140,277632,276657,274890,-1719,1
50000,1,1,3,-1,-1,-1,-1,-1,-1,11066,15539,17274,19975,23632,25242,5000,2000,3000,4000,2000,0,38934,34461,32726,30025,26368,24758,96728,0
20000,1,2,1,-1,-1,-1,-1,-1,-1,18311,19598,20154,20132,20129,20226,2000,1307,701,717,834,674,1689,402,-154,-132,-129,-226,112317,0
160000,1,4,2,-1,-1,-1,-1,-1,-1,5256,3290,1140,559,2065,450,3290,1140,559,2065,450,825,154744,156710,158860,159441,157935,159550,4431,0
60000,3,2,1,-1,-1,-1,-1,-1,-1,15592,16643,15557,15526,16273,17001,2000,1400,1000,1000,1000,1000,44408,43357,44443,44474,43727,42999,89192,0
150000,3,1,3,-1,-1,-1,-1,-1,-1,32866,37293,36772,4521,6452,6742,5028,3000,3000,2000,378,3306,117134,112707,113228,145479,143548,143258,107934,0
460000,1,2,2,-1,-1,-1,-1,-1,-1,362816,372284,380257,386847,301231,325831,15325,16000,15000,11000,30000,20004,97184,87716,79743,73153,158769,134169,2021937,0
500000,3,2,4,-1,-1,-1,-1,-1,-1,2362,575,360,964,957,176,575,361,978,958,176,310,497638,499425,499640,499036,499043,499824,2036,0
320000,2,1,2,-1,-1,-1,-1,-1,-1,14237,26123,28637,24385,8559,3207,15031,8081,5072,6591,1223,0,305763,293877,291363,295615,311441,316793,69150,0
200000,1,4,1,1,-2,-2,-2,-2,-2,0,0,0,0,0,0,0,0,0,0,0,0,200000,200000,200000,200000,200000,200000,0,1
430000,2,2,1,-1,-1,-1,-1,-1,-1,25968,22938,18753,14734,17572,18784,1313,5002,1000,5000,5000,2000,404032,407062,411247,415266,412428,411216,99434,0
150000,2,1,4,-2,-2,-2,-2,-2,-2,4473,3273,2473,1473,1473,1473,3273,2473,1473,1473,1473,1473,145527,146727,147527,148527,148527,148527,3000,0
100000,2,4,1,2,-1,-1,-1,-1,-1,95197,87478,89245,90247,91979,94450,4050,4114,3379,3338,4000,5373,4803,12522,10755,9753,8021,5550,524342,0
30000,1,2,2,-1,-1,2,-1,-1,-1,13216,15003,15461,16204,16642,17067,2000,1000,1000,700,700,700,16784,14997,14539,13796,13358,12933,87493,0
260000,3,2,2,-1,-1,-2,-2,-2,-2,20000,0,0,0,0,0,0,0,0,0,0,7287,240000,260000,260000,260000,260000,260000,12713,0
40000,1,4,1,-1,-1,-1,2,2,-1,29782,32298,34610,35326,23489,11762,3000,3000,1500,0,1000,500,10218,7702,5390,4674,16511,28238,158267,1
290000,2,2,2,1,-2,-1,-1,-1,-1,0,0,4524,8440,10300,0,0,4524,4000,2000,0,0,290000,290000,285476,281560,279700,290000,12740,1
140000,1,2,1,-1,-1,-1,-1,-1,-1,776,0,776,380,1157,768,0,1552,380,1157,783,388,139224,140000,139224,139620,138843,139232,-403,0
60000,2,4,1,1,2,2,-1,-1,-1,52126,52707,47939,29351,28128,27811,2030,0,1014,1001,1020,1142,7874,7293,12061,30649,31872,32189,231855,1
210000,1,2,3,-1,-1,-1,-2,-2,-2,62261,6615,0,0,0,0,6615,0,0,0,0,0,147739,203385,210000,210000,210000,210000,62261,0
170000,1,4,1,1,-2,-2,-2,-2,-2,0,0,0,0,0,0,0,0,0,0,0,0,170000,170000,170000,170000,170000,170000,0,0
370000,3,2,2,-2,-2,-2,-2,-2,-2,0,0,0,0,0,0,0,0,0,0,0,0,370000,370000,370000,370000,370000,370000,0,1
30000,1,2,1,-1,-1,-1,-1,-1,-1,30235,28246,30395,29962,30360,29899,3000,3000,2468,1700,2500,1046,-235,1754,-395,38,-360,101,165383,0
360000,1,2,2,-1,-1,-2,-2,-2,-2,2500,0,0,0,0,0,0,0,0,0,0,0,357500,360000,360000,360000,360000,360000,2500,0
290000,2,2,3,-1,-1,-1,-1,-1,-1,124362,111594,58039,3818,1318,0,5100,2507,1500,2000,0,1333,165638,178406,231961,286182,288682,290000,286691,0
50000,3,2,2,-1,-1,-1,-1,-1,-1,13572,10805,8623,8799,8468,8768,1188,3000,176,169,300,1200,36428,39195,41377,41201,41532,41232,53002,0
210000,3,2,1,1,-2,-1,-1,-2,-2,0,0,1008,0,0,0,0,1008,0,0,0,1114,210000,210000,208992,210000,210000,210000,-1114,0
170000,3,1,2,2,-1,-1,-1,-1,-1,170485,229805,167524,185414,121092,117320,8000,8000,5000,5000,4500,5000,-485,-59805,2476,-15414,48908,52680,956140,0
360000,1,1,3,-1,-1,2,-1,-1,-1,76584,85400,17295,8331,2643,6008,21358,86,8372,2656,6038,3325,283416,274600,342705,351669,357357,353992,154426,0
90000,1,4,1,-1,-1,-1,-1,-1,-1,9359,-5,1881,7638,4464,26224,0,1886,7650,1005,23773,1000,80641,90005,88119,82362,85536,63776,14247,0
210000,3,1,3,1,2,2,-2,-2,-2,19131,18447,0,0,0,0,0,0,0,0,0,0,190869,191553,210000,210000,210000,210000,37578,1
160000,2,2,4,-2,-2,-2,-2,-2,-2,3440,3208,3315,2645,1049,1469,3219,3322,2645,1049,1469,3490,156560,156792,156685,157355,158951,158531,-68,0
30000,2,4,1,-1,-1,2,-1,-1,-1,10094,14870,13329,7275,26804,29362,5300,0,607,20000,3000,0,19906,15130,16671,22725,3196,638,72827,0
80000,2,2,1,2,2,-1,-1,-1,-1,71528,69817,70719,39288,40500,41668,0,2131,2000,2000,2000,3000,8472,10183,9281,40712,39500,38332,322389,0
250000,2,2,2,-1,-1,-1,-1,-1,-1,126751,129559,132714,135829,138959,140779,4559,5000,5000,5000,3779,4709,123249,120441,117286,114171,111041,109221,776544,0
60000,1,4,1,1,2,2,-1,-1,-1,7169,8396,8113,8971,10824,11646,1500,0,1000,2000,1000,1500,52831,51604,51887,51029,49176,48354,48119,0
130000,1,2,2,-1,-1,2,-1,-1,2,127253,135822,127930,127762,134010,133548,12207,0,5000,10100,4500,0,2747,-5822,2070,2238,-4010,-3548,754518,0
180000,1,2,2,-1,-1,-1,-1,-1,-1,174297,152251,96399,87026,78137,58332,22000,4000,2000,5000,3000,3000,5703,27749,83601,92974,101863,121668,607442,0
200000,1,2,1,-2,-2,-2,-2,-2,-2,5105,7261,15191,8991,8986,8609,7261,15220,8991,8986,8609,8299,194895,192739,184809,191009,191014,191391,-3223,0
210000,1,1,1,-1,-1,-1,-1,-1,-1,124667,201007,144968,134975,136469,139866,145273,5065,5012,5000,5078,5000,85333,8993,65032,75025,73531,70134,711524,0
240000,1,4,2,-1,-1,-1,-1,-1,-1,12876,4420,4508,8064,4520,4476,1905,3632,7100,0,3500,3600,227124,235580,235492,231936,235480,235524,19127,0
460000,2,4,3,-1,-1,-1,-1,-1,-1,305814,315479,328208,320056,326599,337552,15000,20065,12000,12070,17000,12400,154186,144521,131792,139944,133401,122448,1845173,0
400000,1,2,2,-1,-1,-1,-1,-1,-1,16195,10713,11340,10390,620,10390,10713,11340,10390,620,10390,727,383805,389287,388660,389610,399380,389610,15468,0
20000,3,2,1,-1,-1,-1,-1,-1,-1,13701,14413,15781,15939,16271,16590,1241,1609,717,738,740,789,6299,5587,4219,4061,3729,3410,86861,0
60000,2,2,2,-1,-1,-1,-1,-1,-1,60655,60281,59968,40377,40679,40493,2410,2203,1500,1600,1500,1400,-655,-281,32,19623,19321,19507,291840,0
110000,2,4,2,-1,-1,-1,-1,-1,-1,93039,81169,82800,107986,99627,80610,4500,4100,67606,4100,3100,2861,16961,28831,27200,2014,10373,29390,458964,0
80000,3,4,1,2,2,2,2,2,-1,41586,44690,43671,49683,48757,49782,3775,0,6768,0,1834,1744,38414,35310,36329,30317,31243,30218,264048,1
50000,1,2,2,-1,-1,-1,-1,-1,-1,390,390,390,390,390,23269,390,390,390,390,23269,1500,49610,49610,49610,49610,49610,26731,-1110,0
360000,1,4,1,-1,-1,-1,-1,-1,-1,2386,3166,2776,2386,3166,2983,3166,2776,7158,3166,2983,2386,357614,356834,357224,357614,356834,357017,-4772,0
70000,2,1,1,-1,-1,-1,-1,-1,-1,49169,48960,49864,48481,46946,47958,1840,1744,2001,2000,1800,1706,20831,21040,20136,21519,23054,22042,280287,0
20000,2,4,1,-1,-1,-1,-1,-1,2,16072,17205,17903,18321,19680,18292,1700,1300,700,1643,0,1000,3928,2795,2097,1679,320,1708,101130,0
200000,3,2,4,-1,-1,-1,-1,-1,-1,141886,141771,141129,134295,135962,112870,7000,8000,4100,4200,4300,4500,58114,58229,58871,65705,64038,87130,775813,0
90000,3,2,3,-2,-2,-2,-2,-2,-2,1609,686,3904,686,686,686,1372,3904,686,686,686,686,88391,89314,86096,89314,89314,89314,237,0
30000,1,1,2,-1,2,2,-1,2,2,1123,543,153,1495,955,1735,200,0,1495,0,1170,0,28877,29457,29847,28505,29045,28265,3139,0
260000,1,2,3,-1,-1,-1,-1,-1,-2,2772,6675,-3098,11377,0,0,6675,20,50000,0,0,0,257228,253325,263098,248623,260000,260000,-38969,1
50000,2,2,2,-1,-1,-1,-1,-1,-1,7900,8922,9926,9970,10339,11009,1309,1313,357,530,1000,622,42100,41078,40074,40030,39661,38991,52935,1
30000,2,2,1,-1,2,2,-1,-1,-1,30119,31240,30311,30270,28958,30974,1900,0,957,7000,4530,0,-119,-1240,-311,-270,1042,-974,167485,0
20000,3,2,2,-1,-1,-1,-1,-1,-1,2909,3537,4120,3802,3484,3152,1224,1197,269,269,261,227,17091,16463,15880,16198,16516,16848,17557,0
30000,2,1,2,2,2,-1,-1,-1,-1,42646,30060,28391,26156,25377,27422,2159,1500,1000,1000,3800,0,-12646,-60,1609,3844,4623,2578,170593,1
290000,1,6,1,-1,-1,-1,-1,-1,-1,221626,190440,118163,110728,106426,15300,6530,4200,4938,10000,2420,221000,68374,99560,171837,179272,183574,274700,513595,1
50000,1,2,1,2,2,-1,-1,-1,-1,2467,-368,1465,2282,2397,2470,0,2000,1000,300,300,2000,47533,50368,48535,47718,47603,47530,5113,1
60000,1,4,2,-1,-1,2,2,2,2,3610,855,111,411,261,6695,900,0,300,0,6500,0,56390,59145,59889,59589,59739,53305,4243,0
200000,1,2,2,-1,-1,-1,2,2,2,156449,162377,174501,155355,129942,118202,10000,15000,0,10000,0,11000,43551,37623,25499,44645,70058,81798,850826,1
50000,3,1,3,-1,-1,-1,-1,-1,-1,45600,12404,7857,3181,2430,780,1800,1506,6,2430,780,0,4400,37596,42143,46819,47570,49220,65730,0
190000,1,4,1,-1,-1,-1,-1,-1,-1,188463,179419,165858,159374,158040,159833,6536,6031,20036,5732,5648,6011,1537,10581,24142,30626,31960,30167,960993,0
70000,2,2,2,1,2,2,2,2,2,30175,31289,31678,32255,32890,33595,1900,1200,1400,1300,1400,1400,39825,38711,38322,37745,37110,36405,183282,0
300000,1,2,2,1,-1,-1,-1,-1,-1,-122,22953,3565,19869,26249,1332,23075,3583,19969,26380,1338,0,300122,277047,296435,280131,273751,298668,-499,0
400000,1,2,1,-1,-1,2,2,2,2,58995,63064,60984,61034,60881,46569,5000,0,500,39,707,0,341005,336936,339016,338966,339119,353431,345281,0
200000,1,2,3,1,-2,-2,-2,-1,-1,9367,0,0,0,9400,13039,0,0,0,9400,13039,0,190633,200000,200000,200000,190600,186961,9367,1
560000,2,1,3,-1,-1,-1,-1,-1,-1,168211,139873,142391,145345,148177,139831,5060,4827,4974,4942,4573,4074,391789,420127,417609,414655,411823,420169,855378,0
150000,2,2,2,-1,-1,-1,-1,-1,-1,40680,44960,45976,46890,47873,48833,4960,1765,1679,1739,1757,1795,109320,105040,104024,103110,102127,101167,261517,0
300000,1,2,2,-1,-1,-1,-2,-2,-1,2072,2654,0,0,0,380,2654,0,0,0,380,0,297928,297346,300000,300000,300000,299620,2072,0
80000,2,2,1,-1,-1,-1,2,2,2,48578,50789,54936,55735,56699,55632,3000,5000,2300,2000,0,2500,31422,29211,25064,24265,23301,24368,307569,0
150000,1,2,4,-1,3,2,-1,-1,-1,3391,3227,1129,2034,2140,6731,20,802,1705,1806,6427,16,146609,146773,148871,147966,147860,143269,7876,1
20000,2,2,1,-1,-1,-1,-1,-1,-2,8624,9972,9799,9999,0,0,1500,1000,200,0,0,0,11376,10028,10201,10001,20000,20000,35694,0
50000,2,2,1,-1,-1,-1,-1,-1,-1,43583,35245,27520,25928,26470,27077,3100,1723,1100,1111,1200,1130,6417,14755,22480,24072,23530,22923,176459,0
150000,2,4,1,-1,-1,-1,2,-1,-1,41408,40958,39934,8433,6741,7586,2074,1926,0,408,3000,8275,108592,109042,110066,141567,143259,142414,129377,0
140000,1,2,2,1,-2,-2,-2,-2,-1,0,401,3930,3951,0,12555,401,3930,3951,0,12555,0,140000,139599,136070,136049,140000,127445,0,0
500000,1,2,4,-1,-1,-1,-2,-2,-2,1323,1725,0,0,0,0,1725,0,0,0,0,0,498677,498275,500000,500000,500000,500000,1323,0
90000,2,4,1,-1,-1,-1,-1,-1,-1,89068,83890,77489,46544,48266,49926,4073,5021,3000,3000,3000,2000,932,6110,12511,43456,41734,40074,375089,0
30000,2,2,1,-1,-1,-1,-1,-1,-1,27368,23023,27428,28720,780,0,3000,5000,2000,780,0,0,2632,6977,2572,1280,29220,30000,96539,1
50000,3,4,4,-1,-1,2,-1,-1,-1,47405,50138,25768,26142,26771,27175,4130,0,1100,1200,1000,1100,2595,-138,24232,23858,23229,22825,194869,1
280000,2,4,2,-2,-2,-2,-2,-2,-2,0,0,0,0,0,0,0,0,0,0,0,0,280000,280000,280000,280000,280000,280000,0,0
390000,1,2,1,2,-1,-1,-1,-1,-1,112320,106156,95039,85806,76981,69641,5073,3950,2627,2044,2344,3036,277680,283844,294961,304194,313019,320359,526869,1
100000,2,4,1,2,3,3,2,2,3,97156,97634,96461,96975,101280,101935,2900,1300,3000,5450,2000,0,2844,2366,3539,3025,-1280,-1935,576791,1
200000,1,2,2,-1,-1,-1,-1,2,-1,197272,196700,194403,197746,190198,192015,8600,7700,11100,0,5600,5640,2728,3300,5597,2254,9802,7985,1129694,1
230000,2,4,3,-1,-1,-1,-1,-1,-1,38975,35294,39295,38459,40242,42495,5000,5000,5000,3000,5000,3000,191025,194706,190705,191541,189758,187505,208760,0
20000,2,2,3,-1,-1,2,2,2,2,11492,15791,15806,29542,15484,15046,4500,550,0,1445,0,400,8508,4209,4194,-9542,4516,4954,96266,0
180000,1,2,3,-1,-1,-1,-1,-1,-1,123705,126429,20650,7751,1630,0,6019,1074,2038,819,0,0,56295,53571,159350,172249,178370,180000,270215,0
10000,2,2,1,3,2,2,-1,-1,-1,4256,5113,4883,5155,5275,0,1081,0,353,375,0,0,5744,4887,5117,4845,4725,10000,22873,0
327680,3,2,3,-1,-1,-1,-1,-1,-1,344011,336175,333048,277250,256365,243600,11219,11461,9100,8345,7783,9200,-16331,-8495,-5368,50430,71315,84080,1733341,1
100000,2,2,3,-1,-1,-1,-1,-1,-1,976,5476,10303,11007,11254,5934,4500,5000,1000,5200,1052,4000,99024,94524,89697,88993,88746,94066,24198,1
80000,2,2,3,-2,-2,-2,-2,-2,-2,0,0,0,0,0,0,0,0,0,0,0,0,80000,80000,80000,80000,80000,80000,0,0
250000,1,2,2,-1,-1,-1,-1,-1,-1,13504,13486,14261,7019,7062,7242,1267,1310,232,238,279,122,236496,236514,235739,242981,242938,242758,59126,0
440000,1,4,2,-2,-2,-2,-2,-2,-2,4196,10121,32921,22680,13711,11074,10137,32921,15701,5711,5074,14825,435804,429879,407079,417320,426289,428926,10334,0
140000,1,4,1,-1,-1,-1,-1,-1,-1,13408,97396,92990,93960,96724,91539,97396,4070,3225,4137,3100,2300,126592,42604,47010,46040,43276,48461,371789,0
20000,2,4,4,-1,-1,-1,-1,-1,-2,5100,2940,6050,3100,0,0,2940,6050,3100,0,0,1035,14900,17060,13950,16900,20000,20000,4065,0
50000,2,2,1,2,2,2,2,-1,-1,46191,44808,38605,32455,15865,23753,3800,1500,0,628,10362,786,3809,5192,11395,17545,34135,26247,184601,0
30000,2,2,1,-1,-1,-1,-1,-1,-2,2405,390,2476,3055,0,0,390,2476,3059,0,0,0,27595,29610,27524,26945,30000,30000,2401,0
210000,2,2,2,-1,-1,-1,-1,-1,-1,140272,115922,105875,97873,90872,72969,6018,6029,3000,3500,3000,3000,69728,94078,104125,112127,119128,137031,599236,0
20000,2,2,1,-1,-1,-1,2,2,2,6866,8246,10101,9790,10632,10312,1500,2000,0,1000,0,1000,13134,11754,9899,10210,9368,9688,50447,0
150000,3,2,1,-2,-2,-2,-2,-2,-2,6479,1670,4330,8036,1505,974,1670,4330,8040,1505,974,0,143521,148330,145670,141964,148495,149026,6475,1
50000,1,2,1,-1,-1,-1,-1,2,-1,51175,47514,23927,20162,19342,18347,2500,2280,2157,0,660,638,-1175,2486,26073,29838,30658,31653,172232,0
210000,2,2,3,-1,-1,-1,-1,-1,-1,17952,18894,20296,21704,24086,26414,1500,2000,2000,3000,3000,1000,192048,191106,189704,188296,185914,183586,116846,0
250000,3,2,3,-2,-2,-2,-2,-2,-2,632,316,316,316,316,316,0,316,316,316,316,316,249368,249684,249684,249684,249684,249684,632,1
130000,1,2,2,-1,-1,-1,-1,-1,-1,109383,106149,44841,45451,46564,47516,5300,1700,1300,1500,1500,1400,20617,23851,85159,84549,83436,82484,387204,0
290000,1,1,2,2,2,-1,-1,-1,-1,324016,294976,297386,243558,241765,236413,0,12139,80000,10000,8443,10000,-34016,-4976,-7386,46442,48235,53587,1517532,1
150000,2,4,1,-1,-1,-1,-1,-1,-1,19020,7717,9858,9188,7518,23574,1500,5000,2000,1000,33054,704,130980,142283,140142,140812,142482,126426,33617,0
80000,3,4,1,-1,-1,-1,-1,-1,-1,77450,78100,76204,66876,66182,67199,3500,2600,2400,2500,2700,2300,2550,1900,3796,13124,13818,12801,416011,0
50000,2,1,2,-1,-1,-1,-1,-1,-1,11665,12405,13355,13622,11550,11713,1232,1182,449,565,504,233,38335,37595,36645,36378,38450,38287,70145,0
240000,2,1,3,-2,-2,-2,-2,-2,-2,4639,1825,973,-110,-110,-110,1838,976,110,0,0,0,235361,238175,239027,240110,240110,240110,4183,0
90000,2,2,1,-1,-1,2,2,2,2,20249,44731,43712,52966,51988,56117,25000,0,10000,0,5000,3150,69751,45269,46288,37034,38012,33883,226613,0
220000,1,2,2,1,2,-1,-1,-1,-1,7311,5590,1066,2404,1338,19082,0,1066,2404,0,19082,4421,212689,214410,218934,217596,218662,200918,9818,0
170000,2,2,2,-1,-1,-1,-1,-1,-1,2164,165,165,0,4841,95,165,165,0,4841,95,531,167836,169835,169835,170000,165159,169905,1633,0
70000,1,2,1,1,-2,-2,-2,-2,-2,0,0,0,0,0,0,0,0,0,0,0,313,70000,70000,70000,70000,70000,70000,-313,0
160000,1,2,4,2,2,-1,-1,-2,-1,1309,0,4582,0,0,2191,0,4582,0,0,2191,4825,158691,160000,155418,160000,160000,157809,-3516,1
250000,1,4,1,-1,-1,-1,-1,-1,-1,17949,9863,6942,2779,2497,2830,9863,6955,2517,2497,2830,10809,232051,240137,243058,247221,247503,247170,7389,0
70000,1,1,3,-1,-1,-1,-1,-1,-1,71255,71338,71267,69813,71324,71268,2800,2800,2900,2800,2800,2990,-1255,-1338,-1267,187,-1324,-1268,409175,1
90000,2,4,1,-1,-1,-1,-1,-1,-1,509,511,4451,4104,8993,5382,511,4451,82,5161,108,0,89491,89489,85549,85896,81007,84618,13637,1
50000,2,2,1,-1,-1,-1,-1,-1,-1,49103,44351,38726,28598,29277,27310,1800,2128,1000,1100,1000,999,897,5649,11274,21402,20723,22690,209338,0
150000,1,4,2,-1,-1,-1,-1,-1,-1,150311,138240,138887,144170,149970,145262,5500,3400,5883,5800,2905,2799,-311,11760,11113,5830,30,4738,840553,1
20000,2,2,1,1,-2,-1,-1,-2,-2,0,0,289,0,0,0,0,289,0,0,0,0,20000,20000,19711,20000,20000,20000,0,1
20000,1,4,1,-1,-1,-1,-1,-1,-1,16841,17676,18804,19037,20137,20160,1642,2000,1000,1730,587,208,3159,2324,1196,963,-137,-160,105488,0
50000,4,2,1,-1,-1,-1,-1,-1,-1,85305,86152,56250,57603,19336,18964,4000,2257,2000,2000,700,600,-35305,-36152,-6250,-7603,30664,31036,312053,0
200000,1,1,2,-1,-1,-1,-1,-1,-1,179063,159466,162739,163555,166452,168398,5000,5100,5000,6000,4500,20000,20937,40534,37261,36445,33548,31602,954073,0
200000,3,4,1,-1,-1,-1,-1,-1,-1,1676,3122,2991,390,1211,390,4595,2991,0,1211,390,1112,198324,196878,197009,199610,198789,199610,-519,0
120000,2,4,4,-1,-1,-1,-1,-1,-1,119796,117229,239224,91231,90184,90072,4700,5590,4000,3600,3700,32696,204,2771,-119224,28769,29816,29928,693450,0
270000,3,2,2,-1,-1,-1,-1,-1,-1,384,2197,186,0,173,0,2197,186,0,173,0,433,269616,267803,269814,270000,269827,270000,-49,1
300000,1,4,2,-1,-1,-1,-1,-1,-1,11158,1616,3658,658,662,0,1000,2700,658,662,0,0,288842,298384,296342,299342,299338,300000,12732,0
400000,2,2,1,-1,-1,-1,-1,-1,-1,41008,42351,43146,44227,45062,46012,2005,1800,1800,1700,1700,1800,358992,357649,356854,355773,354938,353988,251001,1
120000,3,1,1,-1,-1,-1,-2,-2,-2,79172,61300,0,0,0,0,2500,0,0,0,0,0,40828,58700,120000,120000,120000,120000,137972,0
130000,2,2,1,-1,-1,-1,-1,-1,-1,4841,6750,7559,5198,5198,5198,2000,1000,2200,0,0,0,125159,123250,122441,124802,124802,124802,29544,0
150000,2,1,2,-2,-2,-2,-2,-2,-2,116778,59731,89742,116067,97725,76466,60367,100483,116567,50156,10383,316,33222,90269,60258,33933,52275,73534,218237,0
200000,1,4,3,1,-2,-2,-2,-2,-2,0,0,0,0,0,0,0,0,0,0,0,0,200000,200000,200000,200000,200000,200000,0,1
130000,2,1,3,-1,-1,-1,-1,-1,-1,130558,131939,100513,35288,34359,33488,5311,2502,1512,1612,2000,1000,-558,-1939,29487,94712,95641,96512,452208,0
120000,1,4,1,-1,-1,-1,-1,-1,-1,1026,1026,1026,1026,1026,1026,1026,1026,1026,1026,1026,1026,118974,118974,118974,118974,118974,118974,0,0
230000,2,4,2,-2,-2,-2,-2,-2,-2,1168,698,2371,4524,299,395,698,2371,4524,299,395,0,228832,229302,227629,225476,229701,229605,1168,0
50000,1,2,1,-1,-1,-1,-1,-1,-1,11550,11368,138,1022,316,450,1000,200,1200,600,600,600,38450,38632,49862,48978,49684,49550,20644,0
10000,3,2,3,-1,-1,-2,-1,2,2,32,-358,-748,1690,1138,930,0,0,2828,0,182,0,9968,10358,10748,8310,8862,9070,-326,1
360000,1,2,1,-2,-2,-2,-2,-2,-2,14433,15157,8564,1495,5977,1211,2394,8606,1502,6006,4217,2228,345567,344843,351436,358505,354023,358789,21884,0
140000,1,4,1,-1,-1,-1,-1,-1,-1,124722,77682,77870,19353,8966,14300,3645,2322,387,1000,14300,2900,15278,62318,62130,120647,131034,125700,298339,0
50000,2,4,1,3,2,2,-1,-1,-1,49081,50074,48610,17857,18369,19011,2063,0,800,800,1000,1000,919,-74,1390,32143,31631,30989,197339,1
120000,2,2,3,-1,-1,-1,-1,-1,-1,16407,17433,18444,18810,19218,21385,1296,1307,673,711,2500,793,103593,102567,101556,101190,100782,98615,104417,0
500000,1,1,4,-1,-1,-1,-1,-1,-1,22981,97007,32109,56370,36918,35017,97345,32189,56436,36918,35017,23547,477019,402993,467891,443630,463082,464983,-1050,0
500000,1,2,2,-1,-1,-1,-1,-1,-1,49981,45803,43838,25588,24648,23773,2200,2000,3000,2000,2657,85500,450019,454197,456162,474412,475352,476227,116274,0
10000,2,2,1,-1,2,-1,-1,-1,-1,7786,8512,9290,9480,388,10000,1000,1000,190,388,10000,0,2214,1488,710,520,9612,0,32878,0
160000,3,2,2,-1,-1,-1,-1,-1,-1,40892,42416,43367,44344,45486,50520,2500,3000,2000,1856,6000,2000,119108,117584,116633,115656,114514,109480,249669,0
60000,2,4,2,-1,-1,2,-1,-1,-1,326,1152,826,22662,38211,19671,1152,0,22662,38211,19671,12245,59674,58848,59174,37338,21789,40329,-11093,0
60000,2,2,3,-1,-1,-1,-1,-1,-1,25158,18473,7506,4790,6388,5816,5000,1508,4790,6388,6046,17806,34842,41527,52494,55210,53612,54184,26593,0
160000,2,4,3,1,-1,-1,-1,-1,-1,0,372,-7,3298,455,-325,372,0,3305,455,0,0,160000,159628,160007,156702,159545,160325,-339,0
500000,1,4,3,-1,-1,-1,-1,-2,-1,5158,5514,14199,1537,1537,5517,5514,14220,1537,1537,5517,550,494842,494486,485801,498463,498463,494483,4587,0
360000,1,2,3,-1,-1,-1,-1,-1,-1,250180,141206,64277,32727,13004,0,4428,2017,305,1240,0,0,109820,218794,295723,327273,346996,360000,493404,0
10000,2,2,1,2,2,2,-1,-1,2,6743,9060,8768,9465,10212,10198,2600,0,1000,900,300,0,3257,940,1232,535,-212,-198,49646,1
30000,3,2,3,2,2,2,2,-1,-1,33382,34547,35100,32859,32041,31262,2000,1500,0,1112,1175,2200,-3382,-4547,-5100,-2859,-2041,-1262,191204,1
60000,2,4,1,-1,-1,-1,-1,-1,-1,3724,5782,24653,25831,27483,28085,5600,20000,2500,3000,2000,1500,56276,54218,35347,34169,32517,31915,80958,0
80000,2,2,3,-1,-1,-1,-1,-1,-1,1719,1732,1250,175,175,175,1000,1250,175,175,175,175,78281,78268,78750,79825,79825,79825,2276,0
410000,2,1,2,-2,-2,-2,-2,-2,-2,4339,1695,17106,9600,2052,3829,1815,17106,9600,2052,3829,3400,405661,408305,392894,400400,407948,406171,819,0
70000,2,2,1,3,2,3,2,-1,-1,70084,71379,69264,26547,24173,24620,3000,0,0,2000,1000,1000,-84,-1379,736,43453,45827,45380,279067,1
60000,3,4,3,-1,-1,-1,-1,-1,-1,696,696,696,696,696,696,696,696,696,696,696,380,59304,59304,59304,59304,59304,59304,316,1
80000,2,1,3,-1,-1,-1,-1,-1,-1,12781,9994,10704,9201,6275,2678,2000,4000,1000,1000,1000,1000,67219,70006,69296,70799,73725,77322,41633,0
30000,3,2,2,-1,-1,-1,-1,-1,-1,14095,15117,16130,16462,16808,17140,1255,1268,600,611,612,1000,15905,14883,13870,13538,13192,12860,90406,0
110000,3,2,3,-1,-1,-1,-1,-1,-1,52775,52687,53403,56028,57996,59839,3000,3000,5000,3000,3000,2000,57225,57313,56597,53972,52004,50161,313728,0
150000,2,2,2,-1,-1,2,-1,-1,-1,696,1392,696,696,873,1392,1392,0,696,873,1392,696,149304,148608,149304,149304,149127,148608,696,1
30000,2,2,2,1,2,-1,-1,-1,2,9033,8136,8339,8730,9386,3014,0,1000,1000,1300,0,1000,20967,21864,21661,21270,20614,26986,42338,0
150000,3,1,2,-1,-1,-1,-1,-1,-1,40441,38497,39552,40393,41243,42157,2000,2000,1500,1500,1600,1600,109559,111503,110448,109607,108757,107843,232083,0
50000,3,1,4,-1,-1,2,-1,-1,2,42067,45127,44106,44839,47634,46718,4055,0,1767,3683,0,1817,7933,4873,5894,5161,2366,3282,259169,0
40000,2,3,3,-1,-1,-1,-1,-1,-1,39295,38490,38224,37764,38029,32179,1786,1890,2000,1104,948,337,705,1510,1776,2236,1971,7821,215916,0
70000,2,4,1,-1,-1,-1,-1,-1,-1,54428,25085,25282,21858,19171,8443,2002,1819,509,539,2000,1000,15572,44915,44718,48142,50829,61557,146398,0
100000,1,1,3,2,-1,-1,-1,-1,-1,98482,89958,78533,75568,63637,50711,3517,2700,19782,2063,3000,1400,1518,10042,21467,24432,36363,49289,424427,1
10000,3,4,1,1,2,-1,-1,2,-1,8846,8560,9706,10406,10109,10057,0,1300,1000,0,1000,1000,1154,1440,294,-406,-109,-57,53384,0
60000,3,2,1,-1,-1,-1,-1,-1,-1,4262,11674,6281,7920,8472,8735,7662,1269,1908,1000,727,0,55738,48326,53719,52080,51528,51265,34778,0
100000,1,2,1,-1,-1,-1,-1,-1,-2,2927,831,1226,330,0,0,831,1226,330,0,0,0,97073,99169,98774,99670,100000,100000,2927,1
50000,2,4,1,-1,-1,-1,-1,-1,-1,9730,9067,9816,9889,8765,9136,1500,1091,1000,1000,1000,2000,40270,40933,40184,40111,41235,40864,48812,0
10000,2,1,2,-1,-1,-1,-1,-2,-2,390,0,780,0,0,0,0,780,0,0,0,0,9610,10000,9220,10000,10000,10000,390,1
50000,1,2,4,2,2,2,-1,-1,-1,47927,50421,17637,17680,18091,18750,4090,0,633,696,1000,1000,2073,-421,32363,32320,31909,31250,163087,1
10000,3,4,2,-1,-1,-1,-1,-1,-1,4945,6157,7172,8048,8318,8679,1300,1124,1000,400,500,200,5055,3843,2828,1952,1682,1321,38795,0
80000,2,2,2,-1,-1,-1,-1,-1,-1,75345,77112,78707,38084,38910,39691,4419,4000,2000,2000,2000,3232,4655,2888,1293,41916,41090,40309,330198,0
50000,2,2,3,-1,-1,-1,-1,-1,-1,37486,35996,36679,16707,17057,17423,1800,2021,650,619,650,1000,12514,14004,13321,33293,32943,32577,154608,0
470000,1,2,1,-1,-1,-1,-1,-1,-1,4007,3201,14509,21168,14501,8726,3201,14509,21168,0,1528,6970,465993,466799,455491,448832,455499,461274,18736,0
530000,2,4,2,-1,-1,-1,-1,-1,-1,398763,396324,355438,317549,290182,292602,17016,14102,11100,11005,11102,9060,131237,133676,174562,212451,239818,237398,1977473,0
200000,1,2,2,-2,-2,-2,-2,-1,-1,12322,25851,35691,-24303,38674,30784,13871,74000,882,124264,14692,8640,187678,174149,164309,224303,161326,169216,-117330,1
20000,1,2,1,-1,-1,-1,-1,-1,-1,18055,2059,2576,1834,1092,942,1100,1500,200,200,942,19840,1945,17941,17424,18166,18908,19058,2776,0
80000,3,4,1,-1,-1,-1,-1,-1,-1,80235,81960,79121,59165,60084,59920,3626,3862,2056,2200,2130,2213,-235,-1960,879,20835,19916,20080,404398,0
150000,2,4,2,-1,-1,-1,-1,-1,-1,5219,0,5200,1561,1633,230,0,5200,0,72,460,4487,144781,150000,144800,148439,148367,149770,3624,0
30000,2,2,3,2,2,-1,-1,-1,-1,25594,21485,22320,23933,22742,2500,0,1300,5000,945,1850,1060,4406,8515,7680,6067,7258,27500,108419,1
170000,4,2,2,-2,-2,-1,-1,-1,-1,743,0,16474,4650,2359,0,0,16474,4650,2359,0,1977,169257,170000,153526,165350,167641,170000,-1234,0
230000,3,2,2,-1,-1,-1,-1,-1,-1,190919,191785,164602,136569,139522,132239,7214,6264,10000,5028,5000,5000,39081,38215,65398,93431,90478,97761,917130,0
170000,2,2,2,2,-1,-1,2,2,2,135419,138547,148175,149758,147262,156808,6800,13500,5500,0,12000,0,34581,31453,21825,20242,22738,13192,838169,1
290000,3,1,3,-1,-1,-2,-2,-2,-2,1200,0,0,0,0,0,0,0,0,0,0,4634,288800,290000,290000,290000,290000,290000,-3434,0
170000,2,4,1,-1,-1,-1,-1,-1,-1,64195,66163,67856,38803,40259,41541,3000,3000,2308,3000,3000,1800,105805,103837,102144,131197,129741,128459,302709,0
200000,1,4,1,-1,-1,-1,-1,-1,-1,118267,103114,85698,64423,49432,34814,3263,5114,1613,1402,3055,7043,81733,96886,114302,135577,150568,165186,434258,0
80000,3,1,4,-1,-1,-1,-1,-1,-1,82567,84221,80041,19000,15178,14717,3121,8443,1582,548,531,479,-2567,-4221,-41,61000,64822,65283,281020,0
340000,2,4,2,-2,-2,-2,-2,-2,-2,0,0,2500,2500,0,0,0,5000,0,0,0,0,340000,340000,337500,337500,340000,340000,0,1
110000,1,4,1,-1,-1,2,-1,-1,-1,112953,225099,221798,111960,111636,111733,12500,0,4400,4218,4323,4550,-2953,-115099,-111798,-1960,-1636,-1733,865188,0
10000,2,2,2,-1,-1,2,-1,-1,-1,6672,8405,8869,8901,9838,6771,2000,800,240,1000,771,1100,3328,1595,1131,1099,162,3229,43545,0
80000,2,4,1,-1,-1,-1,-1,-1,-1,64561,47041,25439,26140,28833,28459,2176,1299,1000,3000,981,2000,15439,32959,54561,53860,51167,51541,210017,0
60000,2,6,1,-1,-1,-1,-1,-1,-1,34580,15924,18124,28644,18656,15952,1300,2500,1000,1688,1000,1000,25420,44076,41876,31356,41344,44048,123392,0
340000,2,4,1,-1,-1,-1,-1,-1,-1,14745,9318,4794,7819,332,16516,9318,5343,7819,332,16516,5000,325255,330682,335206,332181,339668,323484,9196,0
20000,1,1,4,-1,-1,-1,-1,-1,-1,10618,12135,16878,19624,20036,18309,2000,5000,3000,689,1000,2000,9382,7865,3122,376,-36,1691,83911,0
500000,2,1,3,-2,-1,-1,-1,-1,-1,5157,77667,94159,95209,97952,202991,77677,20000,3500,4371,107500,0,494843,422333,405841,404791,402048,297009,360087,0
250000,1,2,4,-1,-1,-1,-1,-1,-1,252916,251830,245429,186620,193003,191867,9011,8146,6000,13003,11867,17186,-2916,-1830,4571,63380,56997,58133,1256452,0
50000,2,4,1,1,-2,-1,-1,-1,-1,0,0,51400,11330,12144,12938,0,51400,11330,1000,1000,1519,50000,50000,-1400,38670,37856,37062,21563,0
100000,1,3,3,-1,-1,-1,-1,-1,-1,525,1022,897,897,319,2757,1100,1000,0,0,2800,5400,99475,98978,99103,99103,99681,97243,-3883,1
280000,1,2,2,-1,-1,-2,-1,-1,-1,2158,-2,-2,5823,2900,42128,0,0,5825,2915,42338,2419,277842,280002,280002,274177,277100,237872,-492,1
500000,1,1,3,-1,-1,-1,-1,-1,-1,505128,500867,489856,356583,289398,274590,19295,18694,12271,9699,9420,8818,-5128,-867,10144,143417,210602,225410,2338225,0
20000,2,2,1,-1,-1,-1,-1,-1,-1,16793,18215,18679,16264,17119,10550,1700,1150,467,1000,1200,400,3207,1785,1321,3736,2881,9450,91703,0
140000,2,4,1,1,-2,-1,-1,2,-1,0,0,167,80644,146651,55776,0,167,80677,0,2500,28,140000,140000,139833,59356,-6651,84224,199866,0
250000,2,4,2,-1,-1,-1,-1,-1,-1,43694,33357,44167,19806,22231,6852,15284,20087,5093,10000,6876,0,206306,216643,205833,230194,227769,243148,112767,0
50000,1,2,1,-2,-2,-2,-2,-2,-2,0,0,0,0,0,0,0,0,0,0,0,0,50000,50000,50000,50000,50000,50000,0,0
70000,2,2,2,2,-1,-1,-1,-1,-1,49307,48214,27572,26810,20541,19234,1500,1300,1505,1000,1000,2000,20693,21786,42428,43190,49459,50766,183373,1
230000,2,2,1,-1,-1,-1,-1,-1,-1,228863,227814,218694,191956,191741,176784,8862,8933,6956,7845,6784,7471,1137,2186,11306,38044,38259,53216,1189001,0
500000,3,2,2,-2,-2,-2,-2,-2,-2,453,16577,40489,39744,26765,2837,16783,40496,1075,2133,2851,85327,499547,483423,459511,460256,473235,497163,-21800,0
280000,1,2,3,-1,-1,-1,-1,-1,-1,212617,207478,211850,209651,214520,213520,7297,7584,7416,8000,7639,7312,67383,72522,68150,70349,65480,66480,1224388,0
160000,2,2,3,1,-2,-2,-2,-2,-2,0,0,0,0,0,0,0,0,0,0,0,0,160000,160000,160000,160000,160000,160000,0,0
50000,2,2,2,1,-2,-1,-1,-1,-1,0,0,530,26530,26574,26289,0,530,26000,951,943,970,50000,50000,49470,23470,23426,23711,50529,0
500000,1,2,2,-1,-1,-1,-1,-1,-1,105587,105478,100026,86265,67539,53676,3627,3059,2670,2331,2406,1645,394413,394522,399974,413735,432461,446324,502833,0
290000,2,4,1,-1,-1,-1,-1,-1,-1,230014,219207,215223,216261,217537,216014,8411,8600,7000,7300,7000,6000,59986,70793,74777,73739,72463,73986,1269945,0
100000,3,2,1,-1,-1,-1,-1,-1,-2,47919,30820,28503,6810,-3,-3,2000,1000,1039,12920,0,0,52081,69180,71497,93190,100003,100003,97087,0
480000,1,1,5,-1,-1,-1,-1,-1,-1,91524,94123,95336,97645,92109,79795,5000,4000,7172,4000,2500,3000,388476,385877,384664,382355,387891,400205,524860,0
110000,3,4,2,-1,-1,-1,-1,-1,-1,110704,55885,56779,56580,57509,58715,2056,2100,2100,2076,2400,2100,-704,54115,53221,53420,52491,51285,383340,0
350000,1,4,1,2,2,-1,-1,2,-1,86342,84103,86179,91608,86705,90208,0,3500,6800,0,5100,105000,263658,265897,263821,258392,263295,259792,404745,1
70000,2,3,2,-2,-2,-1,-1,-1,-1,58875,0,72772,39980,40126,39788,0,72772,1400,1500,1500,1600,11125,70000,-2772,30020,29874,30212,172769,0
290000,2,1,2,-1,-1,-1,-1,-1,-1,118801,99370,84836,82168,80299,77324,3530,3019,2818,3000,3199,2350,171199,190630,205164,207832,209701,212676,524882,0
210000,2,4,2,-2,-1,-1,-2,-2,-2,6769,12656,5570,2285,0,0,12660,5570,2285,0,0,0,203231,197344,204430,207715,210000,210000,6765,0
240000,1,1,2,-1,-1,-1,-1,-1,-1,4890,4157,14342,11411,3006,13268,4164,14371,11411,3006,13336,0,235110,235843,225658,228589,236994,226732,4786,0
260000,2,2,3,1,-2,-2,-2,-2,-2,0,0,0,0,0,0,0,0,0,0,0,0,260000,260000,260000,260000,260000,260000,0,0
80000,2,2,1,-1,-1,-1,-1,-1,-1,38220,33962,31297,27679,7689,8802,3000,1000,730,2015,1000,2000,41780,46038,48703,52321,72311,71198,137904,0
50000,2,1,2,-1,-1,-1,-1,-1,-1,50748,48626,20712,17834,18248,19390,1500,1200,2500,618,4000,3000,-748,1374,29288,32166,31752,30610,162740,0
10000,3,2,1,2,-1,-1,-1,-1,-1,6302,6390,0,1170,9956,9992,1000,1600,1170,9956,282,91,3698,3610,10000,8830,44,8,19711,1
50000,4,2,3,-1,-1,-1,-1,-1,-1,48984,49878,47024,29194,27146,28506,2000,1500,2000,2000,2000,1500,1016,122,2976,20806,22854,21494,219732,0
200000,2,2,2,1,-2,-1,-1,-1,-2,0,0,12888,2075,0,0,0,12888,2075,0,0,5051,200000,200000,187112,197925,200000,200000,-5051,0
400000,2,2,2,-2,-2,-2,-2,-1,-1,91170,55588,14037,20356,90159,79053,55974,14079,20417,90180,79176,34790,308830,344412,385963,379644,309841,320947,55747,0
210000,1,2,2,-1,-1,-1,-1,-1,-1,24547,48302,4549,3085,7300,6583,4519,9098,3085,7300,6583,5060,185453,161698,205451,206915,202700,203417,58721,1
500000,1,2,3,-2,-2,-2,-2,-2,-2,0,0,0,0,0,0,0,0,0,0,0,0,500000,500000,500000,500000,500000,500000,0,1
60000,3,1,4,-2,-2,-2,-2,-2,-2,0,0,0,0,0,0,0,0,0,0,0,0,60000,60000,60000,60000,60000,60000,0,0
150000,2,4,1,-1,-1,-1,-1,-1,-1,151761,149060,151308,152576,152368,142030,5752,6308,16644,12381,9320,5977,-1761,940,-1308,-2576,-2368,7970,842721,0
60000,1,4,1,1,-1,-1,-1,-1,-1,0,23040,28266,43296,44307,43550,23040,8000,20000,1669,1549,15000,60000,36960,31734,16704,15693,16450,113201,0
450000,4,1,2,-1,-1,-1,-1,-1,-1,254679,179510,212496,51953,74870,-2313,10000,205004,52000,74896,500,110124,195321,270490,237504,398047,375130,452313,318671,0
430000,2,2,3,2,2,2,2,2,2,289358,296219,300873,294527,308523,318274,13000,11000,0,19000,15000,0,140642,133781,129127,135473,121477,111726,1749774,1
50000,2,4,2,-1,-1,-1,-1,-1,-1,1383,1383,4149,2766,1383,1383,1383,4149,0,0,1383,5419,48617,48617,45851,47234,48617,48617,113,0
80000,2,4,1,-2,-2,-2,-2,-2,-2,0,2946,390,390,390,780,4419,390,390,390,780,0,80000,77054,79610,79610,79610,79220,-1473,0
200000,3,1,2,-1,-1,-1,2,2,2,25469,26663,28509,27381,29054,28052,2000,3000,0,2500,0,1500,174531,173337,171491,172619,170946,171948,156128,1
60000,2,4,1,-1,-1,-1,-1,-1,-1,18280,19468,20986,23783,25548,21811,1482,2000,3000,3000,1500,2000,41720,40532,39014,36217,34452,38189,116894,0
50000,2,1,3,2,-1,-1,-1,-1,-1,49913,50588,50245,19424,19829,20386,2077,1311,689,712,879,799,87,-588,-245,30576,30171,29614,203918,0
150000,1,2,2,-1,-1,-1,-1,-1,-1,38484,43489,48194,32264,25579,0,8000,5175,3000,10000,0,0,111516,106511,101806,117736,124421,150000,161835,0
200000,1,4,1,-1,-1,-1,-1,-1,-1,980,2980,3438,2102,38,0,2000,3438,50,38,0,0,199020,197020,196562,197898,199962,200000,4012,0
80000,2,1,1,-1,-1,-1,-1,-1,-1,78265,79364,73622,75092,75976,77511,3070,2623,2644,2743,2783,2909,1735,636,6378,4908,4024,2489,443058,1
30000,2,6,3,1,-1,-1,-1,-1,-1,8247,16463,7090,10000,18438,17068,16463,1314,10000,18438,733,11796,21753,13537,22910,20000,11562,12932,18562,0
200000,2,4,2,-1,-1,-1,-1,-2,-2,47132,27179,13457,-387,-387,-387,1917,1000,0,0,0,0,152868,172821,186543,200387,200387,200387,83690,0
170000,1,4,2,-1,-1,-1,-1,-1,-1,30552,29342,30544,30477,2609,1359,2500,2500,780,1100,400,918,139448,140658,139456,139523,167391,168641,116685,0
130000,2,1,4,-1,-1,2,2,-1,-1,82399,89003,90160,87817,89746,98655,7931,3500,0,3499,10648,0,47601,40997,39840,42183,40254,31345,512202,0
180000,2,4,1,-1,-1,-1,-1,-1,-1,103203,108032,109741,112907,115924,118832,6500,5000,5000,5000,5000,5000,76797,71968,70259,67093,64076,61168,637139,0
160000,1,2,1,-1,-1,-1,-1,-1,-1,11924,0,4477,2682,29011,4000,0,4477,2682,29011,4000,5459,148076,160000,155523,157318,130989,156000,6465,0
20000,3,4,1,-1,2,2,-1,-1,-1,957,738,356,356,4616,728,356,0,356,4616,728,449,19043,19262,19644,19644,15384,19272,1246,0
250000,1,2,3,-1,-1,-1,-1,-1,-1,255473,256003,254970,209124,213392,205180,11300,12177,7200,8000,7700,8003,-5473,-6003,-4970,40876,36608,44820,1339762,0
150000,1,2,1,-1,-1,-1,-2,-2,-2,252,6514,-31,-31,-31,-31,6546,0,0,0,0,0,149748,143486,150031,150031,150031,150031,96,0
180000,1,1,2,-1,-1,-1,-1,-1,-1,574,396,395,846,1027,381,396,395,848,1027,381,5819,179426,179604,179605,179154,178973,179619,-5247,0
120000,1,2,1,-1,-1,-1,-1,-1,-1,60109,44206,38083,36728,36952,35475,2415,1816,1381,1264,1228,1217,59891,75794,81917,83272,83048,84525,242232,0
430000,1,2,3,-2,-2,-2,-2,-2,-2,1580,1526,806,2792,3010,-200,1526,806,2792,3010,200,0,428420,428474,429194,427208,426990,430200,1180,0
200000,1,1,2,2,-1,-1,-1,-1,-1,194281,188638,190824,133233,115882,117534,7332,5818,4451,4472,3850,3602,5719,11362,9176,66767,84118,82466,910867,0
20000,3,4,2,-1,-1,2,-1,-1,-1,12193,11242,8015,3668,3508,5278,5015,0,0,3508,5278,780,7807,8758,11985,16332,16492,14722,29323,0
370000,1,2,3,-1,-1,-1,-1,-1,-1,271452,256269,200761,125646,111185,45816,11295,8300,5000,4600,10000,280000,98548,113731,169239,244354,258815,324184,691934,0
30000,3,4,1,-1,-1,-1,-1,-1,-1,25366,27626,22034,16312,14614,0,5000,1000,326,292,0,0,4634,2374,7966,13688,15386,30000,99334,0
180000,1,4,1,-1,-1,2,-1,-1,2,7026,10080,3254,1443,7105,2929,10080,0,1443,7105,0,5253,172974,169920,176746,178557,172895,177071,7956,0
360000,1,1,3,-1,-1,-1,-1,-2,-1,5518,2532,5504,-4,-4,881,2548,5536,0,0,885,1595,354482,357468,354496,360004,360004,359119,3863,0
260000,1,4,2,-1,-1,-1,-1,-1,-1,248034,241535,174423,46654,202945,180891,11381,7256,2312,200128,7175,5612,11966,18465,85577,213346,57055,79109,860618,0
200000,1,4,1,-1,-1,-1,-1,-1,-1,190123,194059,194464,76223,77822,80598,8487,5105,3000,2828,4073,1794,9877,5941,5536,123777,122178,119402,788002,0
50000,2,2,2,-1,-1,-1,-1,-1,-1,30049,30147,28703,28918,29126,28643,1800,1500,1142,1200,1200,1200,19951,19853,21297,21082,20874,21357,167544,0
50000,2,4,1,3,2,-1,-1,-1,-1,50953,49363,49243,46382,47261,48219,8,3011,1264,2000,1159,1244,-953,637,757,3618,2739,1781,282735,1
270000,1,2,2,-1,-1,-1,-1,-1,-1,9711,9363,13951,8938,15280,18002,9391,13999,8964,15325,18028,211,260289,260637,256049,261062,254720,251998,9327,0
10000,2,4,1,2,-1,-1,-1,-1,-1,7582,8502,9479,9669,9978,9928,1200,1136,326,444,199,0,2418,1498,521,331,22,72,51833,1
390000,1,1,2,-1,-1,-1,-1,-1,-1,9610,6090,18119,15220,7658,7547,6090,18119,304,416,7547,897,380390,383910,371881,374780,382342,382453,30871,0
350000,1,2,4,-1,-1,-1,-1,-1,-1,50376,20717,10133,28858,8693,9194,20717,10173,28858,8693,9194,17436,299624,329283,339867,321142,341307,340806,32900,0
350000,1,1,3,-1,-1,-1,-1,-1,-1,63200,6470,630,20682,20902,16754,4150,630,20902,5000,2000,3000,286800,343530,349370,329318,329098,333246,92956,0
300000,2,2,2,-1,-1,-1,-1,-1,-1,306623,296304,295855,201842,201309,200695,12000,11504,8500,8000,8000,11000,-6623,3696,4145,98158,98691,99305,1443624,0
50000,2,2,2,-1,-1,-1,-1,-1,-1,42856,29248,17775,17833,18246,18642,1300,1600,650,700,700,700,7144,20752,32225,32167,31754,31358,138950,0
250000,1,2,2,-1,-1,-1,-1,-1,-1,88132,81826,71488,69145,68680,70047,3500,3070,2372,2413,2428,2507,161868,168174,178512,180855,181320,179953,433028,0
360000,1,2,2,-1,2,-1,-1,2,-1,5971,5732,6465,9465,9290,4209,0,1000,3000,0,5000,3780,354029,354268,353535,350535,350710,355791,28352,0
180000,1,2,3,1,-2,-2,-2,-2,-2,0,0,0,0,0,1031,0,0,0,0,1031,0,180000,180000,180000,180000,180000,178969,0,0
150000,4,1,3,-1,-1,-1,-1,-1,-1,78354,69250,69790,71535,73131,72502,2507,3001,3001,3013,3133,3000,71646,80750,80210,78465,76869,77498,416907,0
250000,2,2,2,1,2,2,2,2,2,196192,191745,205681,200988,217830,223254,0,17000,0,20000,9078,8500,53808,58255,44319,49012,32170,26746,1181112,0
200000,3,2,1,-1,-1,-1,-1,-1,-1,41151,21132,482,482,462,446,1650,482,482,462,466,0,158849,178868,199518,199518,199538,199554,60613,0
260000,1,2,3,-1,-1,-1,-1,-1,-1,451,268,604,664,734,1076,268,604,664,734,1076,1220,259549,259732,259396,259336,259266,258924,-769,1
150000,1,4,4,-1,-1,-1,-1,-1,-1,135450,137647,141046,143490,146060,149861,4771,4952,4019,4132,5037,3500,14550,12353,8954,6510,3940,139,827143,1
400000,1,4,2,-1,-1,-1,-1,-1,-1,39601,21357,30689,2514,4215,827,21357,10689,2514,4215,827,10827,360399,378643,369311,397486,395785,399173,48774,0
20000,2,1,2,-1,-1,-1,-1,-1,-1,14662,10305,11127,12928,13721,14492,1500,1300,2000,1000,1000,1000,5338,9695,8873,7072,6279,5508,69435,0
90000,3,4,1,-1,-1,-1,-1,2,-1,43519,44677,45868,47535,40920,38622,1861,2052,2719,0,1600,890,46481,45323,44132,42465,49080,51378,252019,0
200000,3,1,2,-1,-1,-1,-1,-1,2,73494,82253,179964,-36,5654,804,10000,100000,0,5690,0,4421,126506,117747,20036,200036,194346,199196,222022,0
70000,1,4,1,1,2,2,2,2,2,61401,62712,63586,64440,65761,67128,2900,2500,2500,2500,2600,1000,8599,7288,6414,5560,4239,2872,371028,0
80000,2,1,3,-1,-1,-1,-1,-1,-1,5885,7001,8632,10316,316,2523,2000,2000,2000,316,2523,316,74115,72999,71368,69684,79684,77477,25518,0
240000,1,2,3,-1,-1,-1,-1,-1,-2,73462,82677,76248,79684,58231,7100,65361,30646,70204,10000,7100,8318,166538,157323,163752,160316,181769,232900,185773,0
200000,1,4,1,-1,-1,-1,-1,-1,-1,339,5322,7756,4792,3107,17423,5322,7756,0,38700,16724,6393,199661,194678,192244,195208,196893,182577,-36156,0
270000,1,4,1,-1,-1,-1,-1,-1,-1,125120,102046,91426,93262,96104,98374,4000,2969,3000,4000,3500,3450,144880,167954,178574,176738,173896,171626,585413,0
210000,1,2,2,1,-2,-2,-2,-2,-2,0,0,0,0,0,0,0,0,0,0,0,0,210000,210000,210000,210000,210000,210000,0,0
140000,2,2,1,-1,-1,-1,-1,-1,-1,16343,1462,4326,6380,48866,23797,1462,4326,6398,48866,3500,2000,123657,138538,135674,133620,91134,116203,34622,1
120000,3,1,2,-1,-1,-1,-1,-1,-1,31218,32319,32687,32972,33559,34604,2000,1600,1200,1500,2000,1500,88782,87681,87313,87028,86441,85396,187559,0
130000,1,2,2,2,2,2,2,-1,-1,65767,74474,78652,76790,78400,79996,9813,6000,0,3001,3058,2866,64233,55526,51348,53210,51600,50004,429341,1
70000,3,6,2,1,2,2,2,2,2,16354,17295,16720,18438,18004,19546,1500,0,2000,0,2000,0,53646,52705,53280,51562,51996,50454,100857,0
80000,2,2,1,-1,-1,-1,-1,-1,-1,35926,32813,22638,18805,6058,0,5041,4238,5051,3118,0,0,44074,47187,57362,61195,73942,80000,98792,0
170000,1,1,2,1,-2,-2,-2,-2,-2,0,0,0,0,0,0,0,0,0,0,0,0,170000,170000,170000,170000,170000,170000,0,1
300000,1,4,2,-2,-2,-2,-2,-2,-2,920,1592,0,0,0,0,1592,0,0,0,0,0,299080,298408,300000,300000,300000,300000,920,0
380000,1,1,2,-1,-1,-1,-1,-1,-1,15019,4162,2107,0,1630,0,4472,2107,0,1630,0,0,364981,375838,377893,380000,378370,380000,14709,0
110000,1,4,1,-1,-1,-1,-1,-1,-1,58716,50943,46942,47935,49083,49603,2500,2100,2000,2000,2500,2000,51284,59057,63058,62065,60917,60397,290122,0
80000,1,4,1,-1,-1,-1,-2,-2,-2,30985,44300,0,0,0,0,14300,0,0,0,0,0,49015,35700,80000,80000,80000,80000,60985,0
20000,2,2,2,-1,-1,-1,-1,-1,-2,28674,15491,16299,16428,0,0,1392,1200,329,0,0,8644,-8674,4509,3701,3572,20000,20000,65327,0
200000,1,2,1,-2,-2,-2,-2,-2,-2,972,-1,-1,299,299,293,0,0,300,300,294,0,199028,200001,200001,199701,199701,199707,967,0
360000,3,1,5,-1,-1,-1,-1,-1,2,234825,242378,235716,171573,95455,91687,15000,12000,10000,10000,0,10000,125175,117622,124284,188427,264545,268313,1014634,0
170000,2,4,4,-1,-1,-1,-1,-1,-1,10072,2417,199,1628,0,4968,2417,199,1628,0,4968,0,159928,167583,169801,168372,170000,165032,10072,0
500000,1,2,3,-2,-2,-1,-1,-1,-1,28412,72222,248807,179086,160121,52190,72234,248902,3582,3202,52190,53710,471588,427778,251193,320914,339879,447810,307018,0
50000,2,4,1,-1,-1,-1,-1,-1,-1,16090,50912,34027,9568,9913,10132,36027,1807,1000,500,400,500,33910,-912,15973,40432,40087,39868,90408,0
50000,3,1,4,2,2,2,4,3,3,37530,38630,41774,40806,41357,41380,2000,4086,0,1500,1000,1800,12470,11370,8226,9194,8643,8620,231091,0
80000,3,2,1,-1,-1,-1,-1,-1,-1,46802,33357,32883,29425,30117,30492,1903,1397,5000,1300,1400,1300,33198,46643,47117,50575,49883,49508,190776,0
50000,1,2,2,-1,-1,-1,-1,-1,-1,50758,49517,49528,44768,40295,33088,2501,2005,1312,1614,1706,0,-758,483,472,5232,9705,16912,258816,0
30000,2,4,1,-1,-1,-1,-1,-1,-1,28420,27929,28920,27997,28378,29321,1482,1703,1001,1500,1845,1001,1580,2071,1080,2003,1622,679,162433,1
30000,2,1,3,-1,-1,-1,-1,-1,-1,5413,13938,8448,8620,8000,0,9200,1000,172,160,0,0,24587,16062,21552,21380,22000,30000,33887,0
20000,3,2,1,1,2,-1,-1,-1,3,14034,13524,14983,16197,18932,18271,0,2000,1780,3000,0,0,5966,6476,5017,3803,1068,1729,89161,1
500000,1,2,1,-1,-1,-1,-1,-1,-1,499452,455071,359940,345238,274743,250930,30483,15773,10393,10580,120081,10996,548,44929,140060,154762,225257,249070,1987068,0
170000,3,2,3,-1,-1,-1,-1,-1,-1,552,552,552,552,552,0,552,552,552,552,0,33290,169448,169448,169448,169448,169448,170000,-32738,0
20000,1,4,1,1,-1,-1,-1,-1,-1,0,342,1342,1372,2037,1068,342,1000,30,2037,1218,462,20000,19658,18658,18628,17963,18932,1072,0
90000,3,2,4,-1,-1,-1,-1,-1,-1,76495,71616,60177,54440,45788,41874,3243,2390,1840,1690,1954,1497,13505,18384,29823,35560,44212,48126,337776,0
230000,1,1,2,-1,-1,-2,-2,-2,-2,3454,0,0,0,0,0,0,0,0,0,0,0,226546,230000,230000,230000,230000,230000,3454,1
210000,2,4,2,-1,-1,-1,-1,-1,-1,209802,208421,190737,142271,137171,130687,8800,8023,4809,5001,5000,5000,198,1579,19263,67729,72829,79313,982456,0
20000,2,2,1,-1,-1,-1,-1,-1,-1,17728,18835,38099,18471,16408,17135,1700,1262,1244,595,1000,1000,2272,1165,-18099,1529,3592,2865,119875,0
60000,2,2,3,-1,-1,-1,-1,-1,-1,9015,14700,438,2575,0,4532,14700,438,2575,0,4532,3566,50985,45300,59562,57425,60000,55468,5449,0
300000,2,2,1,-1,-1,-1,-1,-1,-1,1825,2017,2476,5797,1542,1256,2017,2476,5797,0,1256,23265,298175,297983,297524,294203,298458,298744,-19898,0
50000,1,2,2,-1,-1,2,2,2,2,44572,48361,47192,50588,40009,43685,4500,0,4000,0,5000,0,5428,1639,2808,-588,9991,6315,260907,0
50000,2,2,2,-1,-1,-1,-1,-1,-1,50000,37891,8434,8604,8865,9058,1150,1200,310,400,340,301,0,12109,41566,41396,41135,40942,119151,1
500000,1,1,5,-1,-1,-1,-1,-1,-1,11430,29015,25364,19550,21096,23491,29205,25428,9575,11116,15063,217,488570,470985,474636,480450,478904,476509,39342,0
490000,1,2,2,-1,-1,-1,-1,-1,-1,250637,254499,254762,253583,232878,236555,11032,10000,10000,9012,10000,10000,239363,235501,235238,236417,257122,253445,1422870,0
110000,3,2,1,1,2,-1,-1,-1,2,109636,96380,56414,56677,109583,107981,0,3000,2000,53700,0,3000,364,13620,53586,53323,417,2019,474971,0
360000,2,2,1,-1,-1,-1,-1,-1,-1,6449,3885,3113,1347,2179,5575,1108,1024,1353,2188,5602,776,353551,356115,356887,358653,357821,354425,10497,1
80000,2,2,3,-1,-1,-1,-1,-1,-1,43024,9821,600,53900,55000,65000,5098,600,53900,1100,10000,0,36976,70179,79400,26100,25000,15000,156647,0
180000,1,4,1,2,2,-1,-1,2,2,153198,151128,152785,168657,165872,173667,1813,5667,18483,0,11000,1842,26802,28872,27215,11343,14128,6333,926502,1
180000,1,4,1,-1,-1,-1,-1,-1,-1,581,5394,1485,4778,23350,583,5396,1485,4778,23350,583,5883,179419,174606,178515,175222,156650,179417,-5304,0
70000,2,4,1,-1,-1,-1,-1,-1,-1,9232,68209,66087,50716,48862,49850,68209,2081,2000,2000,1828,1518,60768,1791,3913,19284,21138,20150,215320,0
140000,2,2,1,-1,-1,-1,-1,-1,-1,105930,59125,54636,51407,12016,60890,3029,2000,2059,1019,55317,2015,34070,80875,85364,88593,127984,79110,278565,0
340000,1,4,2,-2,-2,-2,-2,-2,-2,24400,27791,6097,2272,4336,2581,27800,6097,2272,4336,2581,1865,315600,312209,333903,337728,335664,337419,22526,0
70000,2,4,2,-1,2,2,2,2,2,1156,2254,2044,4152,3023,4014,2044,0,4000,0,2000,0,68844,67746,67956,65848,66977,65986,8599,1
300000,1,2,2,-1,-1,-1,-1,-1,-1,271928,274915,279570,241030,228125,215438,10230,9483,8172,8081,7707,7981,28072,25085,20430,58970,71875,84562,1459352,1
20000,2,4,1,2,2,2,2,4,3,18495,20194,18880,22215,20638,19342,3000,0,4613,0,0,0,1505,-194,1120,-2215,-638,658,112151,1
170000,2,2,3,-1,-1,-1,-1,-1,-1,415,415,415,415,1215,1390,415,415,415,1215,1390,1215,169585,169585,169585,169585,168785,168610,-800,0
280000,1,2,3,-1,-1,-1,-1,-1,-1,146390,148737,151000,152538,154291,155955,5111,5100,4300,4500,4500,4500,133610,131263,129000,127462,125709,124045,880900,0
90000,3,4,4,-1,-1,-1,-1,-1,-1,83939,86583,87014,46293,47576,46663,4000,2500,2000,2000,2000,2000,6061,3417,2986,43707,42424,43337,383568,0
160000,2,4,1,1,-1,-1,-2,-2,-2,0,418,0,0,0,0,418,0,0,0,0,0,160000,159582,160000,160000,160000,160000,0,1
300000,1,4,3,1,-2,-2,-2,-2,-2,0,0,0,0,0,0,0,0,0,0,0,0,300000,300000,300000,300000,300000,300000,0,1
60000,1,1,2,1,2,-1,-1,2,2,49808,48736,49525,57564,56517,81397,0,1900,8900,0,26000,2100,10192,11264,10475,2436,3483,-21397,304647,1
210000,1,1,3,-1,-1,-1,-1,-1,-1,3035,5764,46884,80514,391,1487,5790,46915,80871,391,1497,10194,206965,204236,163116,129486,209609,208513,-7583,0
130000,2,2,1,-1,-1,-1,-1,-1,-1,132214,132361,128904,101785,101849,99296,5500,5904,4785,3849,4296,3139,-2214,-2361,1096,28215,28151,30704,668936,0
160000,1,4,2,-1,-1,-2,-2,-2,-2,11988,-890,-890,-890,-890,-890,0,0,0,0,0,0,148012,160890,160890,160890,160890,160890,7538,0
20000,1,4,2,-1,-1,-1,-1,-1,-2,8400,2000,0,2000,0,0,1000,0,2000,0,0,0,11600,18000,20000,18000,20000,20000,9400,1
240000,2,2,3,-1,-1,-1,-1,-1,-1,4480,1725,10062,8662,4566,3915,1735,10096,8675,4566,3927,2529,235520,238275,229938,231338,235434,236085,1882,0
340000,1,2,2,-1,-1,-1,-1,-1,-1,15065,41951,86114,82049,57667,80767,41951,50000,30000,5000,80767,10000,324935,298049,253886,257951,282333,259233,145895,0
150000,1,1,3,-1,-1,-1,-1,-1,2,136518,146249,147624,138636,146609,149438,13571,7500,10600,11200,5400,0,13482,3751,2376,11364,3391,562,816803,0
180000,1,1,3,-1,-1,-1,-2,-2,-2,142826,61650,0,0,0,0,3000,0,0,0,0,0,37174,118350,180000,180000,180000,180000,201476,0
300000,1,4,1,-1,-1,-1,-1,-1,-1,48729,47798,57390,36766,38586,84950,7500,18340,1000,3000,57543,64629,251271,252202,242610,263234,261414,215050,162207,0
180000,2,1,3,-1,-1,-1,-1,-1,-1,1110,1110,1110,1110,1110,1110,1110,1110,1110,1110,1110,1110,178890,178890,178890,178890,178890,178890,0,0
50000,2,4,1,-1,-1,-1,-1,-1,-1,44320,45884,47104,48205,17555,7809,2280,2500,1401,0,3000,2110,5680,4116,2896,1795,32445,42191,199586,0
50000,3,2,4,-1,-1,-1,-1,-1,2,46731,47439,41493,19129,20561,20083,1810,1614,700,1745,0,1000,3269,2561,8507,30871,29439,29917,188567,0
340000,1,1,2,-1,-1,-1,-1,-1,-1,8480,21524,12247,651,12105,7661,21631,12308,654,12164,7699,13379,331520,318476,327753,339349,327895,332339,-5167,0
190000,1,2,2,-2,-2,-1,-1,-1,-1,-579,0,400,579,579,-421,579,400,579,0,421,0,190579,190000,189600,189421,189421,190421,-1421,1
180000,1,2,3,-1,-1,-1,-1,-1,-1,4824,1001,13413,8577,8596,24297,1001,13413,8577,8596,24297,26134,175176,178999,166587,171423,171404,155703,-21310,0
20000,3,2,1,1,2,-1,-1,-1,-1,5653,5419,6365,6608,7001,7233,0,1200,350,500,500,300,14347,14581,13635,13392,12999,12767,35429,1
450000,2,2,1,-1,-1,-1,-1,-1,-1,51686,54224,49606,43803,62914,81529,10068,10075,10000,20000,20000,5200,398314,395776,400394,406197,387086,368471,268419,0
100000,1,4,2,1,2,-1,-1,-1,-1,105033,102513,100693,71253,70206,71060,0,3509,3047,3500,3000,2500,-5033,-2513,-693,28747,29794,28940,505202,0
80000,2,2,1,-1,-1,-1,-1,-1,-1,68194,24956,22145,33675,3047,77511,2000,3000,18000,3047,77511,4000,11806,55044,57855,46325,76953,2489,121970,0
10000,3,2,2,-1,-1,-1,-1,2,-1,6470,7404,8415,9075,8785,8959,1200,1440,800,0,320,900,3530,2596,1585,925,1215,1041,44448,1
20000,2,4,1,-1,-1,-1,-1,-1,-1,5099,5835,6763,7283,7370,7371,1200,1257,1000,420,502,500,14901,14165,13237,12717,12630,12629,34842,0
260000,2,2,4,1,2,2,2,2,2,118107,121763,133107,133107,148107,148107,3656,15000,0,15000,0,15000,141893,138237,126893,126893,111893,111893,753642,1
150000,3,1,4,-1,-1,-1,-1,-1,-1,88812,90649,92499,94364,97589,99921,2564,2616,2647,4000,3158,2215,61188,59351,57501,55636,52411,50079,546634,1
500000,1,4,2,-2,-2,-2,-2,-2,-2,19656,65732,14611,23169,6738,0,65732,14643,23169,6738,2159,0,480344,434268,485389,476831,493262,500000,17465,0
110000,1,2,3,-1,-1,-1,-1,-1,-1,734,9455,1277,2170,16070,1760,9483,1338,2176,16070,1760,927,109266,100545,108723,107830,93930,108240,-288,0
160000,2,1,2,-1,-1,-1,-1,-1,-1,93174,95274,97291,98768,101016,103176,4500,4500,4000,4000,4000,4000,66826,64726,62709,61232,58984,56824,563699,0
200000,2,4,2,-1,-1,-1,-1,-1,-1,131694,122349,112715,102542,92335,81667,4269,3891,3488,3250,2755,2530,68306,77651,87285,97458,107665,118333,623119,0
190000,1,2,3,1,2,-1,-1,-1,-1,75758,73989,75760,76899,78761,80883,0,3600,3000,3100,3600,3500,114242,116011,114240,113101,111239,109117,445250,0
180000,1,4,1,-1,-1,-1,-1,-1,-2,8366,16912,9199,4745,0,0,16912,9211,4758,0,0,2771,171634,163088,170801,175255,180000,180000,5570,1
50000,1,4,1,1,3,2,2,2,2,27796,27069,27324,29561,28952,31307,0,1000,3000,0,3000,0,22204,22931,22676,20439,21048,18693,165009,1
100000,3,1,4,-1,-1,-1,5,4,3,46041,59526,72823,71105,69424,68006,15000,15000,0,0,0,2700,53959,40474,27177,28895,30576,31994,354225,0
130000,2,4,1,1,3,2,2,2,2,129094,125616,126531,127571,121365,125368,0,4500,4500,900,7200,4980,906,4384,3469,2429,8635,4632,733465,1
120000,2,1,4,-1,-1,-1,-1,-1,-1,396,396,396,396,396,396,396,396,396,396,396,396,119604,119604,119604,119604,119604,119604,0,0
340000,3,4,2,-1,-1,-1,-1,-1,-1,289995,269901,267494,265058,263658,256621,10015,10019,10025,10052,10011,9014,50005,70099,72506,74942,76342,83379,1553591,0
20000,2,2,1,-1,-1,-1,-1,-1,-1,19844,19929,18775,13854,10718,0,1369,1162,524,606,0,0,156,71,1225,6146,9282,20000,79459,0
30000,2,1,2,-1,-1,-1,-1,-1,-1,28893,26807,27942,27179,27385,28943,2000,2000,940,1000,2000,2000,1107,3193,2058,2821,2615,1057,157209,1
250000,2,1,3,-1,-1,-1,-1,-1,-2,4602,18382,15450,1867,-1,-1,5000,16000,0,1,0,0,245398,231618,234550,248133,250001,250001,19298,0
70000,2,4,1,-1,-1,-1,2,2,-1,70488,51152,35122,28633,28039,28621,2000,4500,1200,0,1200,1185,-488,18848,34878,41367,41961,41379,231970,0
50000,2,6,3,2,2,2,2,2,-1,37277,38383,38954,39618,38852,39553,2000,1500,1600,0,1500,3000,12723,11617,11046,10382,11148,10447,223037,0
280000,1,1,5,-2,-2,-2,-2,-2,-2,792,0,192,396,0,396,0,192,996,0,396,396,279208,280000,279808,279604,280000,279604,-204,0
500000,2,2,3,-1,-1,-1,-1,-1,-1,886,21803,90182,79310,68380,58772,21831,90182,2500,2380,2772,3000,499114,478197,409818,420690,431620,441228,196668,0
140000,2,2,4,1,2,2,2,2,2,136183,139121,140047,141215,142019,137251,6901,4800,5006,5507,5,5308,3817,879,-47,-1215,-2019,2749,808309,0
200000,2,4,2,-1,-1,-1,-1,-1,-1,192698,196484,177001,100908,98873,95548,8135,7163,3783,3766,3500,4000,7302,3516,22999,99092,101127,104452,831165,0
50000,2,1,2,2,2,7,7,7,7,2400,2400,2400,2400,2400,2400,0,0,0,0,0,0,47600,47600,47600,47600,47600,47600,14400,1
320000,1,1,4,-1,2,-1,-1,-1,-1,380,64,948,632,316,316,0,1200,0,0,316,316,319620,319936,319052,319368,319684,319684,824,0
50000,3,2,4,1,2,-1,-1,-1,-1,44977,43981,44996,45736,46748,47816,0,2045,1785,1900,2000,2210,5023,6019,5004,4264,3252,2184,264314,0
30000,2,3,3,-1,-1,-1,-1,-1,-1,12939,14128,15354,5023,5275,54,1405,1631,300,375,54,1000,17061,15872,14646,24977,24725,29946,48008,0
100000,1,4,1,2,2,-2,-2,-2,-2,100000,0,0,0,0,-150953,0,0,0,0,0,150400,0,100000,100000,100000,100000,250953,-201353,0
340000,2,2,3,-1,-1,-1,-1,-1,-1,327058,335584,330510,272220,269629,266723,16004,312723,9748,9800,9569,12500,12942,4416,9490,67780,70371,73277,1431380,1
350000,2,2,2,-1,-1,-1,-1,-1,-1,7633,7600,21405,6390,6076,9610,7638,21511,6421,6106,9657,5731,342367,342400,328595,343610,343924,340390,1650,0
20000,2,2,1,2,-1,-1,2,2,2,4127,5557,7458,7192,7923,7647,1500,2000,0,1000,0,1000,15873,14443,12542,12808,12077,12353,34404,1
110000,1,2,1,-1,-1,-1,-1,-1,-1,110925,110909,111851,153551,75749,77217,5607,4400,2683,5466,5000,2000,-925,-909,-1851,-43551,34251,32783,615046,0
290000,2,4,1,-1,-1,-1,-1,-1,-1,264929,261675,263204,263612,259786,208000,12324,10508,8530,8777,7421,8002,25071,28325,26796,26388,30214,82000,1465644,0
40000,2,2,1,1,2,2,2,2,2,11318,10845,12655,12156,20897,20411,0,2000,0,9000,0,1850,28682,29155,27345,27844,19103,19589,75432,1
120000,4,1,2,2,-1,-1,-1,-1,-1,114647,114645,72188,42840,19860,390,5000,10000,4000,5000,390,780,5353,5355,47812,77160,100140,119610,339400,1
190000,1,1,4,-1,-1,-1,-1,-1,-1,5928,9770,8032,30,240,540,9770,8034,0,600,690,742,184072,180230,181968,189970,189760,189460,4704,0
150000,2,4,1,-1,-1,-1,-1,-1,-1,115206,111447,103317,96140,87455,87601,6000,3306,3412,3500,3500,3300,34794,38553,46683,53860,62545,62399,578148,0
300000,1,4,3,-1,-1,-1,-1,-1,-2,6349,668,9737,367,-23,-413,668,9800,0,0,0,0,293651,299332,290263,299633,300023,300413,6217,0
240000,2,2,2,-1,-1,-1,-1,-1,-1,53286,16920,12869,14497,12262,8331,8000,1500,5000,1000,3000,2666,186714,223080,227131,225503,227738,231669,96999,0
60000,2,2,2,2,-1,-1,-1,-1,-1,60099,60983,55595,54940,47959,29763,2500,2006,5000,2000,2000,0,-99,-983,4405,5060,12041,30237,295833,1
150000,2,2,1,-1,-1,-1,-1,-1,-1,51620,9070,117140,89524,36772,16157,9070,117146,1793,959,343,28763,98380,140930,32860,60476,113228,133843,162209,0
80000,3,4,3,-2,-2,-2,-2,-2,-1,194843,197581,202150,0,0,48855,5501,6150,0,0,48855,1832,-114843,-117581,-122150,80000,80000,31145,581091,0
160000,2,2,3,-1,-1,-1,-1,-1,-1,5617,267,509,15695,515,515,267,509,15695,515,515,515,154383,159733,159491,144305,159485,159485,5102,0
200000,1,1,2,-1,-1,-1,-1,-1,-1,182338,123079,124075,99440,104685,54038,4653,5000,5000,6000,5000,10000,17662,76921,75925,100560,95315,145962,652002,0
90000,2,1,3,2,2,2,2,2,-1,95773,95489,94681,93965,90545,90529,4000,3500,3500,0,3500,4200,-5773,-5489,-4681,-3965,-545,-529,542282,0
360000,2,1,2,1,-2,-2,-2,-2,-2,0,0,0,0,0,0,0,0,0,0,0,0,360000,360000,360000,360000,360000,360000,0,0
350000,2,2,2,-1,-1,-1,-1,-1,-1,4482,4985,4322,4992,4295,5952,4998,4333,5005,4305,5963,6015,345518,345015,345678,345008,345705,344048,-1591,0
30000,3,2,4,-1,-1,-1,-1,-1,-1,17454,18964,20442,21592,23079,24529,1800,1800,1801,2001,2000,2001,12546,11036,9558,8408,6921,5471,114657,0
40000,3,2,1,-1,-1,-1,-1,-1,-2,15045,15899,16700,17500,0,0,1400,1200,1000,0,0,0,24955,24101,23300,22500,40000,40000,61544,0
160000,2,2,1,-1,-1,-1,-1,-1,-1,4449,5316,5711,6003,3527,127,1283,3008,6023,71,0,0,155551,154684,154289,153997,156473,159873,14748,0
200000,2,2,3,-1,-1,-1,-1,-1,2,16816,17852,18562,18965,24424,23883,1610,1310,713,5800,0,3000,183184,182148,181438,181035,175576,176117,108069,0
330000,1,2,2,-1,-1,-1,-1,-1,-1,223445,122096,125969,127044,127027,129945,5005,6000,3614,4000,4000,4000,106555,207904,204031,202956,202973,200055,828907,0
500000,1,1,3,-1,2,-1,-1,-1,-1,7233,2321,18261,16456,11225,36770,0,18261,0,0,40270,0,492767,497679,481739,483544,488775,463230,33735,0
500000,2,2,1,-2,-2,-2,-1,-1,-1,67763,47746,28148,24377,15421,11239,2244,4625,24448,2028,2009,1710,432237,452254,471852,475623,484579,488761,157630,0
460000,1,2,4,-1,-1,-1,-1,-1,-1,7623,9483,18511,80877,45369,56789,9495,18513,80877,45369,56789,17540,452377,450517,441489,379123,414631,403211,-9931,0
120000,1,4,1,-1,2,-1,-1,-1,-1,6553,2752,10834,2016,3589,1569,0,10834,280,3589,1569,2527,113447,117248,109166,117984,116411,118431,8514,0
130000,2,2,3,2,-1,-1,-1,-1,-1,990,990,990,990,1130,990,990,990,990,1130,1000,9880,129010,129010,129010,129010,128870,129010,-8900,0
20000,1,2,1,-1,-1,-1,-1,-1,-1,7268,12946,8811,9638,11740,11047,11500,6074,9000,5000,6047,1000,12732,7054,11189,10362,8260,8953,22829,0
170000,1,1,3,-1,-1,-1,-1,-1,-1,149941,68912,72741,76149,84474,92400,3200,6000,5000,10000,10000,780,20059,101088,97259,93851,85526,77600,509637,0
50000,1,2,1,-1,-1,-1,-1,-1,-1,48305,49726,50389,30410,30364,30063,2500,2109,1100,1100,1100,1100,1695,274,-389,19590,19636,19937,230248,0
50000,2,1,2,-1,-1,-1,-1,-1,-1,3580,4597,5757,5869,5838,5971,1084,1244,356,212,230,205,46420,45403,44243,44131,44162,44029,28281,1
50000,3,1,3,-1,-1,-1,-1,-1,-1,17113,17751,18332,18301,18639,18516,1303,1274,633,1000,724,1000,32887,32249,31668,31699,31361,31484,102718,0
220000,1,4,2,-1,-1,2,-1,-1,-1,13043,4111,1522,5198,3974,-38,2190,1,3980,20,0,7762,206957,215889,218478,214802,216026,220038,13857,0
260000,3,4,2,-1,-1,-1,-1,-1,-1,30845,20395,17902,18258,18640,18956,1275,1279,635,657,669,668,229155,239605,242098,241742,241360,241044,119813,0
500000,1,2,4,-1,-1,-1,-1,-1,-1,428841,432871,436858,432945,338417,318436,15703,12000,15236,98363,11000,9000,71159,67129,63142,67055,161583,181564,2227066,0
20000,2,4,1,-1,-1,-1,-1,-1,-1,20195,19638,17198,14253,18475,13878,1376,1121,460,6000,624,2000,-195,362,2802,5747,1525,6122,92056,0
20000,3,2,3,-1,-1,2,-1,-1,-2,5945,8184,7839,7999,0,0,2345,0,160,0,0,0,14055,11816,12161,12001,20000,20000,27462,1
80000,2,2,1,-1,-1,-1,-1,-1,-1,45113,26796,19100,14600,9000,2000,1456,1200,0,0,2000,5500,34887,53204,60900,65400,71000,78000,106453,0
500000,2,1,2,-2,-2,-2,-2,-2,-2,2295,1384,1384,1384,5590,4542,1384,1384,1384,5590,4542,1000,497705,498616,498616,498616,494410,495458,1295,0
160000,1,2,1,-1,-1,-2,-2,-2,-2,165,0,0,0,0,0,0,0,0,0,0,0,159835,160000,160000,160000,160000,160000,165,1
200000,2,2,1,-1,-1,-1,-1,-2,-2,7934,16140,9043,-1136,-1136,-1136,16140,1000,0,0,0,0,192066,183860,190957,201136,201136,201136,12569,0
50000,1,2,2,-1,-1,-1,-1,-1,-1,42980,44015,45284,46186,47440,48453,1731,2000,1655,2000,1800,2000,7020,5985,4716,3814,2560,1547,263172,0
20000,2,2,1,-1,-1,-1,-1,-1,-1,19791,19591,15788,14911,11699,12224,1917,1000,1000,1000,1068,0,209,409,4212,5089,8301,7776,88019,1
170000,2,2,2,-1,-1,-1,-1,-1,-1,146518,142954,134372,84558,86538,88299,7031,6026,3200,3500,3200,4000,23482,27046,35628,85442,83462,81701,656282,0
10000,1,2,1,-1,2,-1,-1,-1,-2,780,390,390,780,0,0,0,390,780,0,0,0,9220,9610,9610,9220,10000,10000,1170,1
20000,3,4,1,1,3,6,5,4,3,19109,23788,23154,22520,21596,20962,5000,0,0,0,0,0,891,-3788,-3154,-2520,-1596,-962,126129,1
150000,2,4,1,-1,-1,2,-1,-1,2,2501,6845,4592,8617,2190,1369,4400,0,4025,407,0,1845,147499,143155,145408,141383,147810,148631,15437,0
470000,1,2,3,-1,-1,-1,-1,-1,2,447057,450070,451090,442237,450924,428239,17600,17400,15360,31000,0,28900,22943,19930,18910,27763,19076,41761,2559357,0
200000,1,2,2,-1,-1,-1,-1,-1,-1,36154,23885,24718,25213,68126,9636,9216,7013,15000,10000,10000,10000,163846,176115,175282,174787,131874,190364,126503,0
130000,1,4,1,-1,-1,-1,-1,-1,-1,26868,28429,29710,34310,21900,780,2000,2000,5000,438,780,0,103132,101571,100290,95690,108100,129220,131779,0
70000,3,4,3,-1,-1,2,-1,-1,-1,12924,14615,14692,14784,15175,16360,2600,1000,1000,1000,2000,2000,57076,55385,55308,55216,54825,53640,78950,0
270000,2,2,2,-1,-1,-1,-1,-1,-1,160006,163338,166672,170000,173547,177013,5420,5532,5572,5763,5804,5996,109994,106662,103328,100000,96453,92987,976489,0
150000,3,2,1,-1,-1,2,-1,-1,-1,57386,58531,56544,48153,49288,36872,5000,422,2000,2041,2039,751,92614,91469,93456,101847,100712,113128,294521,1
240000,1,2,3,1,2,-1,-1,-1,-2,8827,6993,7094,3227,-18,-18,0,1200,0,0,0,0,231173,233007,232906,236773,240018,240018,24905,0
100000,2,2,5,-2,-1,-1,-1,-1,-1,0,198,198,324,171,0,198,198,324,171,0,144,100000,99802,99802,99676,99829,100000,-144,0
200000,1,1,3,-1,-1,-1,-1,-1,-1,6750,4501,6360,2620,5900,37084,5007,7096,2620,6000,17703,4914,193250,195499,193640,197380,194100,162916,19875,1
220000,1,2,2,-1,-1,-1,-1,-1,-1,22708,24330,25918,27479,28877,30237,2000,2000,2000,2000,2000,2000,197292,195670,194082,192521,191123,189763,147549,0
70000,3,1,5,1,2,-1,-1,-1,-1,11572,11095,12109,12905,14683,15435,0,1204,1000,2000,1000,1500,58428,58905,57891,57095,55317,54565,71095,1
260000,2,2,3,-1,-1,-1,-1,-1,-1,99176,63497,51524,52681,53852,55967,2259,2000,2000,2000,3000,1681,160824,196503,208476,207319,206148,204033,363757,0
180000,1,4,1,-1,-1,-1,-1,-1,-1,134797,134041,132295,130166,129158,127963,5000,4600,4600,4700,4972,5000,45203,45959,47705,49834,50842,52037,759548,0
210000,3,4,2,-2,-2,-2,-2,-2,-2,1983,-17,9000,7905,1434,1008,0,9017,7905,1434,1008,660,208017,210017,201000,202095,208566,208992,1289,0
130000,2,2,2,1,2,-1,-1,-1,-1,98469,96054,97910,96744,97444,95630,0,4400,4000,3500,3600,10000,31531,33946,32090,33256,32556,34370,556751,0
320000,2,2,2,-1,-1,-1,-1,-1,-1,147440,137938,131816,120761,120375,120897,5009,6125,4001,4013,5000,4015,172560,182062,188184,199239,199625,199103,751064,0
30000,2,4,1,2,-1,-1,-1,-1,-1,1473,2998,2946,1473,1473,28058,2998,1473,0,1473,28058,1100,28527,27002,27054,28527,28527,1942,3319,1
50000,2,4,1,-1,-1,-1,-1,-1,-1,50485,50397,49167,45077,36815,38203,2000,3045,1660,1500,2000,10000,-485,-397,833,4923,13185,11797,249939,0
380000,2,4,1,-1,-1,-1,-1,-1,-1,4400,0,270219,3641,3717,3791,0,270219,131,135,136,76,375600,380000,109781,376359,376283,376209,15071,0
20000,2,4,1,2,-1,-1,-1,3,2,6643,7872,9077,10989,10529,10213,1500,1500,2225,0,0,202,13357,12128,10923,9011,9471,9787,49896,1
50000,2,2,2,2,-1,-1,-1,-1,-1,49804,28662,29476,4011,1000,0,2000,1500,1000,1000,0,0,196,21338,20524,45989,49000,50000,107453,0
140000,1,4,1,-1,-1,-1,-1,-2,-2,8483,9526,33788,-18,-18,-18,9532,33788,0,0,0,0,131517,130474,106212,140018,140018,140018,8423,0
150000,3,2,3,1,-2,-2,-2,-2,-2,0,0,0,0,0,0,0,0,0,0,0,0,150000,150000,150000,150000,150000,150000,0,1
370000,1,2,2,-1,-1,-1,-1,-1,-1,297678,306455,307734,225974,231720,222733,12033,12015,7035,15037,7066,8000,72322,63545,62266,144026,138280,147267,1531108,1
100000,1,2,3,-1,-1,-1,-1,-1,-1,96832,2590,-11925,21289,17236,1238,2592,12,38525,0,1238,0,3168,97410,111925,78711,82764,98762,84893,0
100000,3,2,1,-1,-1,-1,-1,-1,-1,98746,99118,66147,64691,49332,50366,4146,2556,2802,1786,1850,2000,1254,882,33853,35309,50668,49634,413260,0
50000,2,1,1,3,2,2,-1,-1,-1,32750,33532,32597,19576,19034,19525,1600,7,900,700,800,800,17250,16468,17403,30424,30966,30475,152207,1
400000,1,4,2,-1,2,-1,-1,-1,-1,565,565,11471,1779,0,3470,0,11495,1779,0,3470,24096,399435,399435,388529,398221,400000,396530,-22990,0
250000,1,2,3,-2,-2,-2,-2,-2,-2,34200,0,110801,0,18805,0,0,110801,0,18805,0,0,215800,250000,139199,250000,231195,250000,34200,0
150000,3,2,3,1,-1,-1,-1,-1,-1,-141,10987,12733,6908,6713,8048,11254,2000,1225,1244,1447,7000,150141,139013,137267,143092,143287,141952,21078,0
120000,3,2,2,2,2,2,2,2,2,117681,119513,120990,121795,113328,120615,5200,5000,4200,0,9200,0,2319,487,-990,-1795,6672,-615,690322,1
260000,1,4,2,-1,-1,-1,-1,-1,-1,117271,121442,121805,127594,110146,112364,7000,4150,8000,4000,4000,5000,142729,138558,138195,132406,149854,147636,678472,0
90000,2,4,1,-1,-1,-1,-1,-1,-1,80551,11066,2408,57167,57700,58817,2028,1007,57113,2092,2400,1800,9449,78934,87592,32833,32300,31183,201269,0
130000,1,1,2,2,-1,-1,-1,-1,-1,390,390,390,1068,3169,390,390,390,1068,3169,390,390,129610,129610,129610,128932,126831,129610,0,0
50000,2,4,1,1,2,2,2,-1,-1,46376,45354,49086,48027,49037,48032,0,4500,0,1751,1736,2971,3624,4646,914,1973,963,1968,274954,1
120000,2,2,1,1,2,-1,-1,-1,-1,126412,120812,121895,121208,121678,122067,0,4600,4512,4600,4600,5200,-6412,-812,-1895,-1208,-1678,-2067,710560,1
140000,3,2,2,-1,-1,-1,-1,-1,-1,473,-27,3788,0,9386,722,0,3815,0,9386,722,1468,139527,140027,136212,140000,130614,139278,-1049,0
170000,1,4,2,-1,-1,-1,-1,-1,-1,172095,160914,103021,99219,99179,99902,6317,3632,3494,3620,3800,4000,-2095,9086,66979,70781,70821,70098,709467,0
330000,3,4,2,-1,-1,-1,-1,-1,-1,5480,30630,6350,6033,2205,0,30630,6350,6033,5649,0,173,324520,299370,323650,323967,327795,330000,1863,0
210000,2,1,2,-2,-2,-1,-1,-1,-1,0,0,106669,13333,12780,18472,0,106669,13333,12780,19136,18660,210000,210000,103331,196667,197220,191528,-19324,1
300000,1,1,2,-1,-1,2,-1,-1,2,27459,34405,3283,3961,24306,22644,8000,0,3961,24306,0,7651,272541,265595,296717,296039,275694,277356,72140,1
130000,2,2,2,-1,-1,-1,-1,-1,-1,93797,91523,88331,81192,78774,77117,3339,2892,2733,2752,3159,3000,36203,38477,41669,48808,51226,52883,492859,0
360000,1,4,1,-1,-1,-1,-1,-1,-1,27370,20750,14898,7524,7524,0,1328,2000,150,0,0,0,332630,339250,345102,352476,352476,360000,74588,0
150000,2,2,1,2,2,-1,-1,-1,-1,37594,30432,20346,19447,8420,8631,0,1150,664,500,500,1000,112406,119568,129654,130553,141580,141369,121056,0
90000,2,4,2,2,2,-1,-1,2,2,61367,59814,61816,65180,63979,63733,0,3000,5010,0,5000,0,28633,30186,28184,24820,26021,26267,362879,1
260000,1,2,5,1,-2,-2,-2,-2,-2,-551,16449,-20320,-20320,-20320,-20320,17000,2631,0,0,0,0,260551,243551,280320,280320,280320,280320,-85013,0
30000,3,2,1,4,3,2,-1,-1,-1,32179,31397,30358,29758,29758,23036,0,0,0,0,1000,0,-2179,-1397,-358,242,242,6964,175486,1
80000,2,2,3,-1,-1,-1,-1,-1,-1,79552,81392,80966,79295,81142,80672,3130,3107,2847,3134,3072,3010,448,-1392,-966,705,-1142,-672,464719,0
500000,1,2,2,-2,-2,-2,-2,-2,-2,363,2089,4822,48741,92978,0,2089,4822,48741,92978,0,39037,499637,497911,495178,451259,407022,500000,-38674,0
20000,2,2,2,-1,-1,-1,-1,-1,-2,13864,14534,9662,8091,0,0,1242,1020,2000,0,0,0,6136,5466,10338,11909,20000,20000,41889,0
60000,3,2,2,-1,-1,-1,-1,-1,-1,34364,34246,13266,19876,19274,17923,5000,1029,19507,1000,358,3045,25636,25754,46734,40124,40726,42077,109010,0
210000,2,2,2,-1,-1,-1,-1,-1,-1,15637,17560,16765,18641,18654,16229,3017,3023,5014,5012,2012,2010,194363,192440,193235,191359,191346,193771,83398,0
50000,1,2,1,-1,-1,2,2,2,2,29595,31798,32979,32152,34668,33961,3000,2000,0,3200,0,1600,20405,18202,17021,17848,15332,16039,185353,1
350000,2,2,2,-1,-1,-1,-1,-1,-1,228009,220450,190173,192649,197269,201360,9000,8700,7000,7600,7800,8500,121991,129550,159827,157351,152731,148640,1181310,0
200000,2,2,2,1,-2,-2,-2,-2,-2,0,0,0,0,0,0,0,0,0,0,0,0,200000,200000,200000,200000,200000,200000,0,0
280000,1,4,1,-1,-1,-1,-1,-1,-1,51439,44605,45426,38563,29669,24892,20000,10000,0,0,24892,106941,228561,235395,234574,241437,250331,255108,72761,0
230000,1,1,3,-2,-2,-2,-2,-2,-2,1552,792,19272,1172,1172,2246,792,19272,1172,1172,2246,1172,228448,229208,210728,228828,228828,227754,380,0
200000,1,2,2,2,-1,-1,-1,-1,-1,195441,192803,304997,188504,189527,192851,8597,8583,6880,7235,6839,6600,4559,7197,-104997,11496,10473,7149,1219389,1
220000,1,2,2,1,2,2,2,2,2,202792,198157,211340,209612,219064,222672,0,16501,3200,13000,7500,0,17208,21843,8660,10388,936,-2672,1223436,0
160000,2,4,2,-1,-1,-1,-1,-1,-1,584,4572,7379,669,21381,200,4572,7379,669,21581,0,1100,159416,155428,152621,159331,138619,159800,-516,0
200000,2,4,1,-1,-1,-1,-1,-1,-1,180016,166678,128324,128334,131104,133762,6073,6100,5000,5000,5000,5100,19984,33322,71676,71666,68896,66238,835945,0
60000,2,2,3,-1,-1,-1,-1,-1,-1,56965,2495,57899,30345,30244,25474,3000,61000,3000,3000,3000,9000,3035,57505,2101,29655,29756,34526,121422,0
60000,3,2,2,-1,-1,-1,-1,-1,-1,57561,57766,49351,28549,29063,28863,2100,3000,1500,1500,1100,1100,2439,2234,10649,31451,30937,31137,240853,0
380000,1,1,2,-1,-1,-1,-1,-1,-1,28057,14266,22101,24038,41215,35010,14412,22211,24159,41417,35184,2109,351943,365734,357899,355962,338785,344990,25195,0
240000,1,1,2,1,-2,-2,-2,-2,-1,0,0,0,0,0,690,0,0,0,0,690,0,240000,240000,240000,240000,240000,239310,0,0
70000,2,4,2,-1,-1,-1,-1,-1,-1,19758,8960,9949,10298,10511,9764,1162,1151,500,513,424,195,50242,61040,60051,59702,59489,60236,65295,0
180000,3,2,2,-1,-1,-1,-1,-1,-1,170126,171247,156803,159342,10400,20650,5950,7133,7369,600,20650,21650,9874,8753,23197,20658,169600,159350,625216,0
150000,2,4,3,-1,-1,-1,-2,-1,-1,2800,67568,0,0,6674,0,67568,0,0,6674,0,0,147200,82432,150000,150000,143326,150000,2800,0
140000,1,2,2,2,2,2,2,2,2,124640,131032,132065,129307,131154,134470,9900,4700,800,4012,9800,1,15360,8968,7935,10693,8846,5530,753455,1
200000,2,2,1,-1,-1,-1,-1,-1,-1,107001,108619,110149,110333,85201,84809,5000,5000,5000,3000,5000,10000,92999,91381,89851,89667,114799,115191,573112,1
130000,1,4,1,2,-1,-1,-1,-1,-1,126874,129837,131332,97878,99594,98667,6500,5400,3446,3561,4000,3700,3126,163,-1332,32122,30406,31333,657575,1
180000,2,2,2,-1,-1,-1,-1,-1,-1,4747,4221,9065,5016,5931,6826,1200,5000,1000,1000,1000,2000,175253,175779,170935,174984,174069,173174,24606,0
50000,2,4,2,-1,-1,-1,-1,-1,-1,4166,2859,1452,1190,543,920,2859,1452,1190,543,920,534,45834,47141,48548,48810,49457,49080,3632,0
80000,2,4,1,1,-2,-2,-2,-2,-2,0,0,0,0,0,0,0,0,0,0,0,0,80000,80000,80000,80000,80000,80000,0,0
40000,2,2,1,2,3,2,2,2,-1,31772,30983,33168,33527,32854,33947,0,3000,1200,0,1641,1362,8228,9017,6832,6473,7146,6053,189048,0
210000,1,2,2,-2,-2,-2,-2,-2,-2,167,0,0,0,0,0,0,0,0,0,0,0,209833,210000,210000,210000,210000,210000,167,0
150000,1,4,1,-1,-1,-1,-1,-1,-1,560,290,549,204,16048,0,390,649,145,16048,0,0,149440,149710,149451,149796,133952,150000,419,0
280000,1,4,5,2,2,2,2,2,2,2500,2500,2500,2500,2500,2500,0,0,0,0,0,0,277500,277500,277500,277500,277500,277500,15000,1
100000,2,2,1,-1,-1,-1,-1,-2,-1,180765,64653,10388,3762,1434,12609,3018,1400,3786,1774,12714,38665,-80765,35347,89612,96238,98566,87391,212254,0
100000,2,1,2,2,-1,-1,-1,-1,-1,66393,67827,69202,70153,71468,72930,3100,3100,2700,2600,2650,2800,33607,32173,30798,29847,28532,27070,401023,1
50000,3,2,1,2,-1,-1,-1,-1,-1,11744,10935,11664,10872,9392,9456,1507,1500,300,500,500,118,38256,39065,38336,39128,40608,40544,59638,1
150000,3,2,1,-1,-1,-1,-1,-1,-1,29823,25968,24823,22908,19325,12854,1630,7000,5000,3000,257,40825,120177,124032,125177,127092,130675,137146,77989,0
20000,1,2,3,-1,-1,-1,-1,-1,-1,20324,18509,20076,20035,14057,0,1500,20000,909,1000,0,0,-324,1491,-76,-35,5943,20000,69592,0
270000,1,2,4,-1,-1,-1,-1,-1,-1,1363,0,6098,3500,7324,9466,0,6098,3500,7324,9466,2296,268637,270000,263902,266500,262676,260534,-933,0
20000,2,2,1,2,-1,-1,-1,-1,-1,390,390,390,390,390,0,390,390,390,390,0,780,19610,19610,19610,19610,19610,20000,-390,1
50000,1,4,1,2,-1,-1,-1,-1,-1,34018,35165,36076,37478,38173,39012,2000,1800,2000,1000,1000,1000,15982,14835,13924,12522,11827,10988,211122,1
250000,2,1,4,-1,-1,2,-1,-1,-1,177537,198017,192962,156134,161603,166631,25000,0,7000,8000,8000,5000,72463,51983,57038,93866,88397,83369,999884,0
80000,1,4,2,-1,-1,-1,-1,-1,-1,60156,60309,30640,15917,35608,23470,5027,3000,3000,20000,767,1000,19844,19691,49360,64083,44392,56530,193306,0
400000,2,1,3,7,6,5,4,3,2,405366,397754,389903,384981,381863,359314,0,0,0,106,2281,42617,-5366,2246,10097,15019,18137,40686,2274177,1
50000,1,2,2,1,2,-1,-1,-1,-1,20579,19948,19521,19247,19816,20015,4,2000,807,1000,1000,681,29421,30052,30479,30753,30184,29985,113634,0
50000,2,2,4,-1,-1,-1,-1,-1,-1,7061,2229,10939,12575,1341,998,2233,10939,12575,1341,998,820,42939,47771,39061,37425,48659,49002,6237,0
50000,1,2,2,-1,-1,-1,-1,2,-1,49135,49209,36372,30305,29742,30556,1971,2000,3342,0,1400,1000,865,791,13628,19695,20258,19444,215606,0
280000,2,2,3,-1,-1,-1,-1,-1,-1,286706,272243,203744,203520,207878,211812,10480,8041,7200,7500,7093,5702,-6706,7757,76256,76480,72122,68188,1339887,0
240000,1,4,1,-1,-1,-1,-1,-1,-1,59,548,208,0,44,19,548,208,0,44,0,643,239941,239452,239792,240000,239956,239981,-565,1
30000,2,2,1,2,2,2,2,-1,-1,19193,20084,20460,19836,20266,21568,1500,1000,0,900,1800,900,10807,9916,9540,10164,9734,8432,115307,1
250000,1,2,1,-1,-1,-1,-1,-1,-1,520,2047,1155,3582,580,1398,2047,1155,3582,580,1398,1660,249480,247953,248845,246418,249420,248602,-1140,0
150000,1,6,4,-1,-1,-1,-1,-1,2,280,280,759,754,480,165,280,759,754,480,0,1235,149720,149720,149241,149246,149520,149835,-790,0
60000,2,4,1,-1,-1,-1,-1,-1,-1,28406,28781,29219,29036,29493,29776,1790,1760,1200,1500,1367,1000,31594,31219,30781,30964,30507,30224,166094,0
50000,2,1,2,1,-1,-1,-1,-2,-2,0,1118,667,0,0,0,1118,673,0,0,0,0,50000,48882,49333,50000,50000,50000,-6,0
160000,2,1,2,-1,-1,-1,-1,2,-1,102292,105536,110390,122358,120714,124145,4500,6200,15000,0,5000,3800,57708,54464,49610,37642,39286,35855,650935,0
100000,2,1,3,-1,-1,2,-1,-1,-1,11119,12376,4419,2946,1473,3230,3000,0,0,0,3230,0,88881,87624,95581,97054,98527,96770,29333,0
70000,1,2,2,-1,-1,-1,2,-1,-1,67270,67807,70410,68248,47910,48820,3400,4602,63,1800,1731,1702,2730,2193,-410,1752,22090,21180,357167,0
200000,2,4,2,-1,-1,-1,-1,-2,-2,1709,2400,675,0,0,0,2400,675,0,0,0,0,198291,197600,199325,200000,200000,200000,1709,0
500000,1,4,4,-1,-1,-1,-1,-1,-1,187,369,535,-13,20807,20897,370,537,0,20911,21001,88,499813,499631,499465,500013,479193,479103,-125,0
180000,1,4,1,1,2,2,-1,-1,-1,3775,5570,4722,8643,7783,12398,2005,31,5000,1000,5000,5000,176225,174430,175278,171357,172217,167602,24855,0
30000,1,2,2,-1,-1,-1,-1,-1,-1,28398,18550,13198,13222,14620,17376,2081,1196,1000,2000,3000,5000,1602,11450,16802,16778,15380,12624,91087,0
360000,1,1,4,-1,-1,-1,-1,-1,-1,353200,337593,341528,350949,355869,210989,13806,12303,15005,13729,7700,8000,6800,22407,18472,9051,4131,149011,1879585,0
150000,1,2,2,-1,-1,-1,-1,-1,-1,95716,96181,99933,102278,104710,107148,3226,4959,5000,2790,5083,0,54284,53819,50067,47722,45290,42852,584908,0
80000,2,2,1,2,-1,-1,-1,-1,-1,81268,78311,79915,81371,79916,79227,3450,3508,3405,3359,3108,3400,-1268,1689,85,-1371,84,773,459778,1
150000,1,4,1,-1,-1,-1,-1,-1,-2,25484,26726,27810,172,0,0,1726,1810,172,0,0,0,124516,123274,122190,149828,150000,150000,76484,0
230000,2,1,4,-2,-2,-2,-2,-2,-2,21570,4700,0,0,0,0,4700,0,0,0,0,0,208430,225300,230000,230000,230000,230000,21570,0
100000,2,4,2,-1,-1,-2,-2,-2,-2,14891,-709,-1813,-2011,1751,2238,0,0,0,3989,946,154,85109,100709,101813,102011,98249,97762,9258,0
60000,3,2,2,1,2,2,2,-1,-1,57285,61118,61947,60353,4980,2160,5336,2550,16,0,0,0,2715,-1118,-1947,-353,55020,57840,239941,1
50000,1,2,1,-1,-1,-1,-1,-1,-1,29772,17515,10483,4697,4793,4891,1229,1000,94,96,98,2330,20228,32485,39517,45303,45207,45109,67304,0
20000,2,2,1,3,2,2,2,-1,-1,12553,14551,15016,14480,15093,17077,2500,1000,0,1000,2400,0,7447,5449,4984,5520,4907,2923,81870,1
290000,1,4,2,-1,-1,-1,-1,-1,-1,560,463,100,0,100,0,463,100,0,100,0,0,289440,289537,289900,290000,289900,290000,560,0
110000,1,2,1,-1,-1,-1,-1,-1,-1,109241,109833,108778,74692,77912,49264,5209,3009,1494,3220,2004,72677,759,167,1222,35308,32088,60736,442107,0
50000,2,4,1,-1,-1,-1,-1,-1,-1,22458,22571,22309,22315,22934,23243,1513,1500,1000,978,839,1800,27542,27429,27691,27685,27066,26757,128200,0
230000,2,2,3,2,2,2,-1,-1,-1,222819,232264,227054,196356,199525,201836,14300,158,7100,7400,7500,7820,7181,-2264,2946,33644,30475,28164,1235576,1
50000,2,2,2,2,2,2,2,2,-2,200,200,200,200,-200,0,0,0,0,0,200,0,49800,49800,49800,49800,50200,50000,400,1
150000,2,4,1,-1,-1,-1,-1,-2,-1,9189,4359,4880,0,0,2250,2000,4880,0,0,2250,0,140811,145641,145120,150000,150000,147750,11548,0
20000,2,1,3,-1,-1,-1,-1,-1,-1,836,836,390,390,390,390,836,390,390,390,390,30500,19164,19164,19610,19610,19610,19610,-29664,1
90000,3,2,3,1,2,-1,-1,-1,-1,83760,80136,76823,47008,32358,33318,0,3365,2051,1200,1500,1500,6240,9864,13177,42992,57642,56682,343787,1
60000,1,4,1,-2,-2,-2,-2,-2,-2,0,-108,-216,-324,-432,-540,108,108,108,108,108,0,60000,60108,60216,60324,60432,60540,-2160,0
80000,1,2,1,-1,-1,-1,-1,-1,-1,67229,24772,20000,20000,20000,0,2089,6000,200,0,0,0,12771,55228,60000,60000,60000,80000,143712,0
280000,2,1,1,-1,-1,-1,-1,-1,-1,3863,84601,67765,63628,60860,60316,89295,2192,1899,1673,2125,1511,276137,195399,212235,216372,219140,219684,242338,0
230000,1,2,2,-2,-2,-2,-2,-2,-2,3240,0,0,0,0,0,0,0,0,0,0,0,226760,230000,230000,230000,230000,230000,3240,0
100000,3,4,4,-1,-1,-1,-1,-1,-1,43386,44686,45634,46576,47519,51404,2000,2000,2000,2000,5000,30000,56614,55314,54366,53424,52481,48596,236205,0
80000,1,4,1,-1,-1,-1,-1,-1,-1,390,1063,390,741,390,765,1063,390,741,390,765,390,79610,78937,79610,79259,79610,79235,0,0
60000,2,2,3,-1,-1,-1,-1,-1,-1,60255,58374,48442,53444,27705,28291,2000,2500,1000,2400,1200,2000,-255,1626,11558,6556,32295,31709,265411,0
70000,2,1,2,-1,-1,-1,-1,-1,-1,70480,66646,69641,46458,50679,50061,3237,4938,1693,5000,2200,1718,-480,3354,359,23542,19321,19939,335179,0
110000,2,2,3,-2,-2,-2,-2,-2,-2,115672,109892,67912,50994,40652,5785,5085,2044,2026,2097,1011,48179,-5672,108,42088,59006,69348,104215,330465,0
60000,2,2,1,-1,-1,2,-1,-1,2,1396,1653,392,502,962,422,1700,0,500,1000,0,20417,58604,58347,59608,59498,59038,59578,-18290,0
110000,2,2,1,-1,-1,-1,-1,-1,2,34949,35686,37086,37967,40551,39749,1600,2000,1500,3200,0,1500,75051,74314,72914,72033,69449,70251,216188,0
120000,3,1,4,-1,3,2,-1,-1,-1,632,632,316,316,316,316,0,0,316,316,316,316,119368,119368,119684,119684,119684,119684,1264,0
280000,2,4,3,-1,2,2,-2,-2,-2,4172,3560,-40,-40,8160,657,0,40,0,8200,657,3,275828,276440,280040,280040,271840,279343,7569,0
50000,2,4,1,-1,-1,-1,-1,-1,-1,47598,40714,38124,19893,20314,18810,2559,1969,684,713,672,670,2402,9286,11876,30107,29686,31190,178186,0
20000,1,4,1,-1,-1,-1,-1,-1,-1,2654,0,8369,433,1669,7800,0,8369,433,1669,7800,9817,17346,20000,11631,19567,18331,12200,-7163,0
240000,1,4,2,-1,-1,-1,-1,-1,-1,498,-2,20517,0,11423,0,0,20519,0,11423,0,0,239502,240002,219483,240000,228577,240000,494,0
50000,2,2,1,-1,-1,-1,-1,-1,-1,22616,21415,20769,21339,19382,18577,1668,1283,853,1000,758,475,27384,28585,29231,28661,30618,31423,118061,0
200000,2,4,1,-1,-1,-1,-1,-1,-1,65489,41413,40400,25570,10060,8619,4013,2684,5625,1020,3044,39777,134511,158587,159600,174430,189940,191381,135388,0
320000,2,2,1,-1,-1,-1,-1,-1,-1,11639,7508,5591,2371,4754,4932,2552,2016,0,12,5036,10306,308361,312492,314409,317629,315246,315068,16873,0
20000,2,1,4,3,2,2,2,2,2,17740,17166,19148,18542,20122,19400,0,2273,0,1882,0,0,2260,2834,852,1458,-122,600,107963,1
50000,2,2,3,-1,-1,-1,-1,-1,-1,47505,48471,44301,19052,17569,17976,2100,2100,800,1000,700,818,2495,1529,5699,30948,32431,32024,187356,1
180000,2,1,3,-1,-1,-1,-1,-1,-1,859,1811,1335,366,1811,1828,1811,1335,366,1811,1828,366,179141,178189,178665,179634,178189,178172,493,1
80000,1,1,1,-1,-1,-2,-2,-2,-2,78429,0,0,0,0,0,0,0,0,0,0,0,1571,80000,80000,80000,80000,80000,78429,0
240000,2,2,3,-2,-2,-2,-2,-2,-2,-5,-5,1056,-4,950,158,0,1061,0,954,158,1796,240005,240005,238944,240004,239050,239842,-1819,1
260000,2,4,1,-1,-1,-1,-1,-1,-1,500,10500,10500,10500,10500,10500,10500,10500,10500,10500,10500,10500,259500,249500,249500,249500,249500,249500,-10000,0
80000,1,2,3,1,-1,-1,-1,-1,-2,0,1027,1273,174,-156,-156,2054,1273,174,0,0,1000,80000,78973,78727,79826,80156,80156,-2339,0
80000,2,1,3,-1,-1,-1,-1,-1,-1,64120,63656,63023,60237,60263,59180,2438,3000,2100,2200,2400,2200,15880,16344,16977,19763,19737,20820,356141,1
100000,2,1,3,-1,-1,2,-1,-1,2,66539,71766,69111,64287,67838,66135,7000,0,2500,5500,0,3000,33461,28234,30889,35713,32162,33865,387676,0
20000,2,1,5,-1,-1,-1,-1,-1,-1,528,0,264,264,255,678,0,264,264,255,687,0,19472,20000,19736,19736,19745,19322,519,1
130000,2,4,2,-1,-1,-1,-1,-1,-1,97544,99208,102946,103750,105818,98401,4000,5300,3700,3600,3700,3500,32456,30792,27054,26250,24182,31599,583867,0
120000,2,2,1,1,-2,-2,-2,-2,-2,0,0,0,0,0,0,0,0,0,0,0,0,120000,120000,120000,120000,120000,120000,0,0
90000,2,2,2,-1,-1,-1,-1,-1,-1,84681,81491,81003,68764,67957,69313,3666,3914,2774,2620,2640,3000,5319,8509,8997,21236,22043,20687,434595,0
180000,2,4,1,-1,-1,-1,-1,-1,-1,3231,12513,-628,4940,1740,390,15000,0,10000,6000,6000,1567,176769,167487,180628,175060,178260,179610,-16381,0
80000,1,4,2,-1,-1,-1,-1,-1,-1,60542,61715,60582,61453,61858,61104,3000,2100,2349,2200,2200,2200,19458,18285,19418,18547,18142,18896,353205,0
130000,2,1,3,-1,-1,-1,-1,-1,-1,390,390,390,390,390,0,390,390,390,390,0,780,129610,129610,129610,129610,129610,130000,-390,1
230000,1,4,1,-1,-1,-1,-1,-1,-1,17532,13033,2688,2688,2688,6393,10000,2688,2688,2688,6393,6504,212468,216967,227312,227312,227312,223607,14061,0
130000,1,4,1,-1,-1,-1,-1,-1,-1,3597,4398,3738,1396,13069,1285,4398,3746,1396,13069,1285,1034,126403,125602,126262,128604,116931,128715,2555,1
190000,2,2,2,-1,-1,-1,-1,-1,-1,176028,166336,162100,155584,157988,154366,7063,8004,5500,7000,6000,5000,13972,23664,27900,34416,32012,35634,933835,0
210000,1,4,2,-1,-1,-1,-1,-1,-1,182501,187796,190227,127436,129714,131440,9000,8000,5000,5000,5000,5000,27499,22204,19773,82564,80286,78560,912114,0
20000,3,2,4,-1,-1,2,-1,-1,3,11271,13513,12999,14456,16313,15766,2743,0,1686,2089,0,0,8729,6487,7001,5544,3687,4234,77800,0
20000,1,2,1,-1,-1,-1,-1,-1,-1,15196,16373,17590,18107,18756,19949,1428,1500,800,936,2000,797,4804,3627,2410,1893,1244,51,98510,0
280000,2,4,2,-1,-1,-1,-1,-1,-1,61282,53394,17644,0,5468,0,7900,4157,0,5468,0,330,218718,226606,262356,280000,274532,280000,119933,0
500000,1,2,3,-1,-1,-1,-1,-1,2,12943,4814,18365,8728,28521,27920,5025,18571,5000,20000,0,5000,487057,495186,481635,491272,471479,472080,47695,0
230000,1,1,2,-1,-1,-1,-1,-1,-1,1319,770,3465,0,486,634,770,3465,0,486,634,0,228681,229230,226535,230000,229514,229366,1319,1
130000,2,1,2,2,2,-1,-1,-1,-1,131635,126548,127748,100291,93552,95521,0,5100,4100,3392,3521,3724,-1635,3452,2252,29709,36448,34479,655458,1
660000,1,2,3,-1,-1,-1,-1,2,-1,142417,122122,104284,113345,111423,119349,6500,6000,15000,0,10000,6000,517583,537878,555716,546655,548577,540651,669440,0
350000,3,2,4,-1,-1,-1,-1,-1,-1,41069,312,34034,1157,8584,2076,315,34034,1157,8584,2076,6265,308931,349688,315966,348843,341416,347924,34801,0
40000,3,2,1,2,-1,-1,-1,-1,-1,39149,39189,40543,38922,39901,40746,1658,2012,1392,1605,1668,1201,851,811,-543,1078,99,-746,228914,1
50000,3,2,2,1,2,-1,-1,-1,-1,51421,50322,49741,28442,28597,29375,0,1379,945,2002,2008,1002,-1421,-322,259,21558,21403,20625,230562,1
20000,2,1,3,2,-1,-1,-1,-1,-1,18908,19232,20087,19874,19963,14879,1700,1530,700,700,600,1000,1092,768,-87,126,37,5121,106713,1
80000,2,2,2,-1,-1,-2,-2,-2,-2,76978,0,0,0,0,0,0,0,0,0,0,0,3022,80000,80000,80000,80000,80000,76978,0
50000,2,4,1,-1,-1,-1,-1,-1,-1,49100,47910,32842,19748,19403,19536,15000,2024,5004,1000,1000,1000,900,2090,17158,30252,30597,30464,163511,0
290000,2,1,3,-1,-1,-1,2,-1,-1,273270,272944,286497,279146,179536,79060,12022,24000,3,10023,10000,5000,16730,17056,3503,10854,110464,210940,1309405,0
80000,1,4,1,-1,-1,-1,-2,-1,2,1152,7900,0,0,333,183,7900,0,0,333,0,1500,78848,72100,80000,80000,79667,79817,-165,0
230000,3,2,1,1,2,2,2,2,2,237332,236068,236702,236309,237399,229421,8000,10000,9000,9000,0,9100,-7332,-6068,-6702,-6309,-7399,579,1368131,0
30000,2,2,1,2,2,-1,-1,-1,-1,26414,27189,28235,28669,29355,29913,1500,1800,1200,1300,1200,600,3586,2811,1765,1331,645,87,162175,0
200000,1,4,1,-1,-1,-1,-1,-1,-2,2704,4959,5800,6000,0,0,4959,1000,200,0,0,0,197296,195041,194200,194000,200000,200000,13304,0
50000,2,4,1,2,-1,-1,2,2,-1,26023,27054,29458,29737,29123,29854,1453,2857,1058,0,1216,1097,23977,22946,20542,20263,20877,20146,163568,1
50000,2,1,4,4,3,2,-1,-1,-1,51187,50106,48608,19600,20000,0,0,0,392,400,0,0,-1187,-106,1392,30400,30000,50000,188709,0
200000,1,2,3,-2,-2,-2,-2,-2,-2,8000,7919,4684,2992,7559,4967,7919,4687,3051,7559,4967,4134,192000,192081,195316,197008,192441,195033,3804,0
20000,2,2,1,-1,-1,-1,-1,-1,2,17821,19099,0,1728,1953,1780,2000,0,1728,225,0,0,2179,901,20000,18272,18047,18220,38428,0
50000,3,4,3,-1,-1,-1,-1,-1,-1,45163,25870,28027,28007,28770,28929,1500,3000,1200,1200,1162,1000,4837,24130,21973,21993,21230,21071,175704,0
90000,1,2,2,-1,-1,-1,-1,-1,-1,79397,77962,73870,58792,58402,59633,2950,3000,2205,2300,2300,3000,10603,12038,16130,31208,31598,30367,392301,1
30000,2,4,1,-1,-1,-1,-1,2,-1,22517,24148,25437,28391,27801,28684,2000,2000,3700,0,1500,1500,7483,5852,4563,1609,2199,1316,146278,0
80000,2,4,2,-1,-1,-1,-1,-1,-1,79194,80575,76782,48643,49263,49869,3077,2291,1723,1775,1802,1763,806,-575,3218,31357,30737,30131,371895,0
20000,2,2,2,1,-1,2,-1,-1,-1,0,184,184,5932,7725,7679,184,0,5924,2000,2451,0,20000,19816,19816,14068,12275,12321,11145,0
50000,1,4,2,-1,-1,-1,2,2,2,19930,36105,29604,27764,28656,29087,28019,13000,0,2000,1000,5000,30070,13895,20396,22236,21344,20913,122127,0
100000,1,2,2,-1,-1,-1,-1,-1,-1,84647,87369,88489,83639,80893,81643,4085,3505,3479,3097,3259,3253,15353,12631,11511,16361,19107,18357,486002,0
210000,1,4,1,-2,-2,-2,-2,-2,-2,18755,6122,54832,2233,0,0,6122,54832,2351,0,0,0,191245,203878,155168,207767,210000,210000,18637,0
500000,1,2,2,1,-2,-1,-1,-2,-1,0,0,2331,0,0,2199,0,2331,0,0,2199,0,500000,500000,497669,500000,500000,497801,0,0
30000,2,2,1,-1,-1,2,-1,-1,2,7527,9705,9009,9333,9505,8699,2700,0,1000,700,0,784,22473,20295,20991,20667,20495,21301,48594,1
160000,2,2,3,2,2,2,-1,-1,-2,24674,23583,22983,22983,0,0,2800,0,200,0,0,0,135326,136417,137017,137017,160000,160000,91223,1
180000,1,4,1,-2,-2,-2,-2,-2,-1,168318,127111,74197,-19,-19,142176,4163,1898,0,0,142195,5100,11682,52889,105803,180019,180019,37824,358408,0
490000,1,2,2,-1,-1,-1,-1,-1,-1,36518,77996,274442,233793,49461,12207,77996,274526,4693,989,12207,93707,453482,412004,215558,256207,440539,477793,220299,0
50000,1,2,1,-1,-1,-1,-1,-1,-1,1162,37702,32617,28814,16478,25349,37719,1095,2000,10000,13352,10000,48838,12298,17383,21186,33522,24651,67956,0
130000,1,2,1,-1,-1,-1,-1,-1,-1,87685,89577,91199,89446,91336,84756,3300,3130,3100,3200,3100,3100,42315,40423,38801,40554,38664,45244,515069,0
50000,2,4,2,1,-2,-1,-1,-1,-1,0,0,400,0,600,600,0,400,0,600,0,4275,50000,50000,49600,50000,49400,49400,-3675,1
200000,1,2,4,-1,-1,-1,-1,-1,-2,283,5361,6309,385,0,0,5361,6309,385,0,0,3390,199717,194639,193691,199615,200000,200000,-3107,0
50000,1,4,1,1,2,2,-1,-1,2,42764,42459,37166,31989,33587,32514,732,1200,1300,2651,0,1400,7236,7541,12834,18011,16413,17486,213196,1
180000,1,4,2,-1,-1,-1,-1,-1,-1,18205,22876,26930,29530,47722,2500,5000,5000,3000,0,0,2598,161795,157124,153070,150470,132278,177500,132165,0
500000,1,4,2,-2,-2,-2,-1,-1,-1,1950,2900,1950,2739,2739,170,2900,2000,2739,0,170,205,498050,497100,498050,497261,497261,499830,4434,1
210000,2,2,3,-1,-1,-1,-1,-1,-1,3095,2768,5536,2768,1075,2006,2768,5536,0,1075,2006,1344,206905,207232,204464,207232,208925,207994,4519,1
20000,1,2,2,3,2,2,2,-1,-1,10216,10653,11371,10906,11588,12416,900,1200,0,1000,1400,0,9784,9347,8629,9094,8412,7584,62650,1
190000,2,6,1,1,-2,-1,-1,-1,-1,0,0,306,306,306,0,0,306,0,0,0,0,190000,190000,189694,189694,189694,190000,612,0
140000,3,2,1,-1,-1,-1,-1,-1,-1,142132,142239,142140,142111,194934,95484,5600,6150,5900,4000,4000,50000,-2132,-2239,-2140,-2111,-54934,44516,783390,0
20000,3,2,4,-2,-2,-2,-2,-2,-2,21353,20736,20000,0,0,0,0,38,0,0,0,0,-1353,-736,0,20000,20000,20000,62051,1
420000,1,4,1,-1,-1,-1,-1,-1,-1,57707,133661,135987,134719,135426,111697,86000,7000,4500,5000,4000,3500,362293,286339,284013,285281,284574,308303,599197,0
180000,1,4,1,-1,-1,-1,-1,-1,-1,10447,18006,4815,10060,49264,5983,18006,5860,11470,49613,5983,7133,169553,161994,175185,169940,130736,174017,510,0
290000,2,2,1,-1,-1,-1,-1,-1,-1,240745,216678,205930,209010,213471,217561,9323,9000,8000,8000,7800,8238,49255,73322,84070,80990,76529,72439,1253034,0
190000,1,4,3,-1,-1,-1,-1,-1,-1,78388,80740,83134,96310,98411,107391,3600,4000,14000,3000,10000,4000,111612,109260,106866,93690,91589,82609,505774,0
360000,1,1,2,-1,2,-1,-1,-1,-1,1139,264,2193,528,264,264,0,2193,528,0,264,264,358861,359736,357807,359472,359736,359736,1403,0
20000,2,1,4,2,-1,-1,-1,-1,-1,15794,16515,17827,17874,18288,18557,1281,1593,640,702,612,1000,4206,3485,2173,2126,1712,1443,99027,1
260000,2,2,2,-1,-1,-1,-1,-1,-1,200581,196761,78041,55871,28775,27497,7651,1765,1304,772,930,901,59419,63239,181959,204129,231225,232503,574203,0
20000,3,1,4,1,2,-1,-1,-1,-1,19420,19810,20037,19640,15378,7284,1000,1400,393,308,1000,0,580,190,-37,360,4622,12716,97468,0
50000,3,1,4,-1,-1,-1,-1,-1,-1,19438,20696,19533,17328,14614,15573,2003,2003,1500,1000,2000,2000,30562,29304,30467,32672,35386,34427,96676,0
250000,1,1,4,1,-2,-2,-2,-2,-2,0,0,0,0,0,0,0,0,0,0,0,3861,250000,250000,250000,250000,250000,250000,-3861,0
30000,2,2,1,-2,-2,-2,-2,-2,-2,-32,5588,1200,2444,2309,0,11208,1211,2444,2615,0,0,30032,24412,28800,27556,27691,30000,-5969,0
460000,2,2,2,-1,-1,-1,-1,-1,-1,396155,367501,257836,388058,324478,313547,15299,7524,324097,12039,12006,12272,63845,92499,202164,71942,135522,146453,1664338,0
80000,2,2,1,-1,-1,-1,-1,-1,-1,80233,79849,77796,30300,29922,29120,4000,2300,1300,1300,1500,1500,-233,151,2204,49700,50078,50880,315320,0
60000,2,2,2,1,2,2,2,2,3,5601,5366,6772,6515,7906,7487,0,1500,0,1500,0,0,54399,54634,53228,53485,52094,52513,36647,0
80000,2,4,1,-1,-1,-1,-1,-1,-1,67798,69206,70057,71886,73724,75498,3100,2600,3000,3000,3000,6500,12202,10794,9943,8114,6276,4502,406969,0
90000,2,2,1,-1,-1,-1,-1,-1,-1,10962,13244,7097,6624,6806,6266,4512,2500,2397,2150,709,22000,79038,76756,82903,83376,83194,83734,16731,1
50000,2,4,2,-1,-1,-1,-1,-1,-1,27080,23365,24962,25557,26156,26032,1500,2000,1000,1000,1000,1000,22920,26635,25038,24443,23844,23968,145652,0
50000,3,2,4,-1,-1,-1,-1,-1,-1,50693,43217,32829,26811,24477,24177,1900,1677,900,1023,1024,1016,-693,6783,17171,23189,25523,25823,194664,0
360000,1,2,3,1,-1,-1,-2,-1,-1,0,105,0,0,71,77,105,0,0,71,77,100,360000,359895,360000,360000,359929,359923,-100,1
360000,1,2,3,1,-2,-2,-2,-2,-2,0,0,0,0,0,0,0,0,0,0,0,0,360000,360000,360000,360000,360000,360000,0,0
230000,1,4,1,-1,-1,-1,-1,-1,-1,106984,102650,0,30866,32332,30480,4650,0,30866,2000,2000,2000,123016,127350,230000,199134,197668,199520,261796,0
240000,2,2,2,-1,-1,-1,-1,-1,-1,9000,2831,68105,95615,123931,151559,2831,68116,30800,30000,30000,10000,231000,237169,171895,144385,116069,88441,279294,0
110000,2,2,1,-1,-1,-1,-1,-1,-1,81700,84584,60379,64369,66400,68294,5000,3000,5000,4000,3000,3000,28300,25416,49621,45631,43600,41706,402726,0
210000,2,2,1,-2,-2,-2,-2,-2,-2,1412,1194,404,2851,2959,693,1194,404,2851,2959,782,2657,208588,208806,209596,207149,207041,209307,-1334,1
300000,1,4,1,-1,-1,-1,-1,-1,-1,4553,4042,2060,0,78794,80385,1033,1000,0,78794,2900,3000,295447,295958,297940,300000,221206,219615,83107,0
200000,3,1,5,-1,-1,-1,-1,-1,-1,183653,167157,144218,137975,132600,121028,7130,6611,4282,4367,4079,3664,16347,32843,55782,62025,67400,78972,856498,0
220000,2,2,1,-1,-1,-1,-1,-1,-1,223773,223304,221631,182629,165314,161971,8391,9000,6901,6000,6000,6435,-3773,-3304,-1631,37371,54686,58029,1135895,0
90000,3,2,3,-1,-1,-1,-1,-1,-1,2579,2516,0,298,659,636,2514,0,298,659,636,1012,87421,87484,90000,89702,89341,89364,1569,0
210000,2,2,3,-1,-1,-1,-1,-1,-1,89755,90031,70660,71172,71844,69923,3600,3100,2900,2600,2700,4000,120245,119969,139340,138828,138156,140077,444485,0
500000,1,2,2,-2,-2,-1,-1,-1,-1,81252,14979,26089,13333,13256,106200,16527,27243,1000,13256,106354,213405,418748,485021,473911,486667,486744,393800,-122676,0
160000,1,4,2,-1,-1,-1,-1,-2,-2,6113,980,11140,2659,14336,16533,980,11490,2673,14558,16615,1787,153887,159020,148860,157341,145664,143467,3658,0
140000,1,2,3,-1,-1,-1,-1,-1,-1,141530,130248,133547,134346,133933,137585,7000,7004,5013,5000,6000,5000,-1530,9752,6453,5654,6067,2415,776172,0
120000,1,2,3,-1,-1,-1,-1,-1,-1,23331,12125,13903,13858,14777,46061,5000,5000,5000,5000,10000,6000,96669,107875,106097,106142,105223,73939,88055,0
80000,2,2,3,-1,-1,-1,-1,-1,-1,44302,45311,46321,47259,48230,49351,1192,1202,1135,1165,1326,2204,35698,34689,33679,32741,31770,30649,272550,0
240000,2,2,2,-1,-1,-1,-2,-2,-2,56331,13594,0,0,0,0,3004,0,0,0,0,0,183669,226406,240000,240000,240000,240000,66921,0
170000,1,4,2,-1,-1,-1,-1,-1,-1,49341,49227,51798,53332,56303,59198,4000,4000,3000,4000,4000,4000,120659,120773,118202,116668,113697,110802,296199,0
30000,2,2,2,-1,-1,-1,-1,-1,-1,26825,18401,18432,17844,18237,10900,2100,2500,1000,1000,3000,7002,3175,11599,11568,12156,11763,19100,94037,0
260000,1,2,2,-1,-1,-1,-1,-1,2,8078,27201,27879,28420,39206,37705,20000,2000,2000,12000,0,2000,251922,232799,232121,231580,220794,222295,130489,0
400000,1,1,2,-2,-2,-2,-2,-2,-2,0,0,0,0,0,0,0,0,0,0,0,0,400000,400000,400000,400000,400000,400000,0,0
500000,2,2,2,-1,-1,-1,-1,-1,-1,21008,17863,15219,14044,14191,13650,1500,2000,1100,505,700,2000,478992,482137,484781,485956,485809,486350,88170,0
100000,1,4,2,1,-1,-1,-1,-1,-1,0,325,650,325,647,7706,650,650,0,647,7706,1679,100000,99675,99350,99675,99353,92294,-1679,1
240000,1,1,2,-1,-1,-1,-1,-1,-1,236229,222103,221963,181559,173023,156115,8019,7218,10060,5893,7008,25043,3771,17897,18037,58441,66977,83885,1127751,0
10000,3,1,4,-1,-1,-1,-1,-1,-1,1772,8304,9506,9702,9999,10344,8304,1500,500,600,800,0,8228,1696,494,298,1,-344,37923,0
80000,2,2,2,-1,-1,-1,-1,-1,-1,2741,9266,1125,4380,2210,1150,9266,1125,4401,2210,1150,390,77259,70734,78875,75620,77790,78850,2330,0
60000,2,2,1,-1,-1,-1,-1,-1,-1,55731,57239,57183,24564,24155,25023,3000,1800,1000,1100,1200,1500,4269,2761,2817,35436,35845,34977,234295,0
200000,1,4,2,-2,-2,-2,-2,-2,-2,0,0,0,0,0,0,0,0,0,0,0,0,200000,200000,200000,200000,200000,200000,0,0
260000,2,4,3,-1,-1,-1,-1,-1,-1,252582,253302,254767,190432,105466,2312,9725,10617,8555,4722,2146,199485,7418,6698,5233,69568,154534,257688,823611,1
260000,2,2,2,-1,-1,-1,-1,-1,-1,255674,260778,124739,126892,131160,133400,10663,4520,4537,6308,6000,0,4326,-778,135261,133108,128840,126600,1000615,1
260000,1,2,2,-1,-1,-1,-1,-1,-1,496,496,992,992,496,1488,496,992,496,0,1488,496,259504,259504,259008,259008,259504,258512,992,0
300000,1,1,2,-1,-1,-1,-1,-1,-1,1257,6467,7655,7507,7659,-574,5600,1500,0,300,0,6600,298743,293533,292345,292493,292341,300574,15971,0
310000,2,4,1,-1,-1,-1,-1,-1,-1,44834,35597,34161,38689,32710,24343,2015,2000,5034,1045,776,389,265166,274403,275839,271311,277290,285657,199075,0
140000,1,2,2,-1,-1,-1,-1,-1,-1,129371,131025,39505,40894,39229,40679,5650,1650,2007,1500,2100,1500,10629,8975,100495,99106,100771,99321,406296,0
200000,2,2,4,-1,-1,-2,-1,-1,-2,4608,-200,0,12141,0,0,0,200,12141,0,0,0,195392,200200,200000,187859,200000,200000,4208,1
230000,2,1,2,-1,-1,-1,-1,-1,-1,326,326,326,326,326,326,326,326,326,326,326,324,229674,229674,229674,229674,229674,229674,2,0
50000,2,2,1,-1,-1,-1,-1,-1,-1,91493,47836,47360,48296,47790,49045,3749,2500,2000,2000,2069,2000,-41493,2164,2640,1704,2210,955,317502,0
180000,2,2,1,-1,-1,-1,-1,-1,-1,3783,2813,839,1557,51680,53115,2000,839,718,50824,2242,1100,176217,177187,179161,178443,128320,126885,56064,0
100000,1,2,1,-1,-1,-1,-1,-1,-1,50848,51118,48443,50352,51399,53078,3000,3000,3000,3000,3000,3000,49152,48882,51557,49648,48601,46922,287238,0
80000,2,2,3,-1,2,-1,-1,-1,-1,2222,390,390,390,721,331,0,390,390,721,0,461,77778,79610,79610,79610,79279,79669,2482,1
350000,1,4,2,-1,-1,-1,-1,-1,-1,3860,648,11094,4041,4485,9364,648,11198,4057,4523,9407,3948,346140,349352,338906,345959,345515,340636,-289,0
140000,2,4,2,-1,-1,-1,-2,-1,-1,3003,3134,0,0,1186,0,3134,0,0,1186,0,1047,136997,136866,140000,140000,138814,140000,1956,1
360000,1,4,1,-1,-1,-1,-1,-1,-1,148582,96639,82386,50887,52249,35311,90044,10090,50006,20000,5000,20000,211418,263361,277614,309113,307751,324689,270914,0
10000,4,2,3,-1,-1,-1,-1,-1,-1,7968,8800,0,2640,695,738,1000,0,2640,695,738,0,2032,1200,10000,7360,9305,9262,15768,0
130000,1,4,1,-1,-1,-1,-1,-1,-1,37112,34653,9522,3939,6939,950,2009,2000,2000,3000,900,0,92888,95347,120478,126061,123061,129050,83206,0
320000,1,1,3,-1,-1,-1,-1,-1,-1,321281,324449,254293,206521,202697,203332,27000,17000,7030,7000,10000,30000,-1281,-4449,65707,113479,117303,116668,1414543,0
180000,2,2,2,1,2,2,2,2,2,142024,144790,146552,142714,152219,149618,6500,5600,0,12000,0,11800,37976,35210,33448,37286,27781,30382,842017,1
180000,1,2,2,-1,-1,-1,-1,-2,-2,43507,44282,23946,0,0,0,2000,2000,0,0,0,0,136493,135718,156054,180000,180000,180000,107735,0
150000,2,2,2,2,2,-1,-1,-1,-1,156713,152744,150785,140166,143125,151741,0,5694,5014,5215,11016,0,-6713,-2744,-785,9834,6875,-1741,868335,1
80000,2,2,1,1,-2,-2,-1,-1,-1,0,0,0,23374,24836,26412,0,0,23374,2000,2000,13000,80000,80000,80000,56626,55164,53588,34248,0
70000,1,2,4,-1,-1,-1,-1,-1,-1,56551,34489,32669,31429,31749,21385,1900,1630,890,1300,762,1000,13449,35511,37331,38571,38251,48615,200790,0
150000,2,1,5,-1,-1,-1,-1,-1,-1,190790,167666,145132,148054,146358,145253,4942,4875,4085,4113,4074,4820,-40790,-17666,4868,1946,3642,4747,916344,0
480000,3,2,2,-1,-1,-1,-1,-1,-1,19311,13368,7000,7331,7000,7000,1368,1000,7331,7000,7000,7000,460689,466632,473000,472669,473000,473000,30311,0
50000,3,4,3,-1,-1,-2,-2,-2,-2,51400,0,0,0,0,0,0,0,0,0,0,0,-1400,50000,50000,50000,50000,50000,51400,0
100000,1,4,1,1,-2,-2,-2,-2,-1,0,0,0,0,0,281,0,0,0,0,281,0,100000,100000,100000,100000,100000,99719,0,1
50000,3,4,1,-1,-1,-1,-1,-1,-1,26708,25230,26999,27748,28351,28864,2000,3000,1500,1200,1136,1032,23292,24770,23001,22252,21649,21136,154032,0
280000,1,2,1,-1,-1,-1,-1,-1,-1,139719,136052,118076,101457,81124,42347,6000,4000,4000,4000,3000,1000,140281,143948,161924,178543,198876,237653,596775,0
20000,2,2,3,-1,2,2,-1,-1,-1,780,780,390,780,390,1735,390,0,780,0,1735,0,19220,19220,19610,19220,19610,18265,1950,0
30000,3,1,4,-1,2,-1,-1,-2,-2,3607,2644,3895,0,0,0,0,1309,0,0,0,0,26393,27356,26105,30000,30000,30000,8837,1
70000,2,2,2,-1,-1,-1,-1,-1,-1,40271,41126,21125,6197,4560,0,3000,7000,1100,1000,0,0,29729,28874,48875,63803,65440,70000,101179,0
30000,3,2,4,-1,-1,-1,-1,-1,-1,28372,29152,29643,29593,27952,0,2010,1500,788,559,0,0,1628,848,357,407,2048,30000,139855,0
200000,1,2,5,1,-2,-2,-2,-1,-1,0,0,0,0,67052,0,0,0,0,67052,0,0,200000,200000,200000,200000,132948,200000,0,0
210000,1,2,2,1,-1,2,-1,-1,-1,0,855,855,855,855,599,855,0,0,0,599,0,210000,209145,209145,209145,209145,209401,2565,0
210000,1,2,5,-1,-1,-1,-1,-1,-1,132797,135581,138644,141679,92170,93998,4921,5317,5631,3345,3360,3483,77203,74419,71356,68321,117830,116002,708812,0
470000,1,1,2,-1,-1,-1,-1,-1,-1,79455,74993,48344,45433,45853,21158,2348,1542,1041,2019,789,5013,390545,395007,421656,424567,424147,448842,302484,0
50000,2,2,2,-1,-1,-1,-1,-1,-1,44620,49641,46396,19673,17083,17694,10000,2014,1000,1000,3000,4000,5380,359,3604,30327,32917,32306,174093,0
240000,2,2,2,-1,-1,-1,-1,-1,-1,12365,92184,86507,89138,91118,93229,90500,3000,3000,2500,2500,3000,227635,147816,153493,150862,148882,146771,360041,0
60000,3,1,2,2,2,2,-1,-1,-1,32232,25086,24404,25212,28147,30152,4000,0,1500,3500,2600,0,27768,34914,35596,34788,31853,29848,153633,1
100000,2,2,2,2,-1,-1,-1,-1,-1,96547,97120,95375,54612,30306,60897,5305,3590,1118,720,50000,4200,3453,2880,4625,45388,69694,39103,369924,0
200000,2,4,1,-1,-1,-1,-1,-1,-1,194202,197220,130930,130775,128752,122695,8000,4500,4532,5451,5000,4500,5798,2780,69070,69225,71248,77305,872591,0
130000,1,1,4,-1,-1,-1,-1,-1,-1,137671,139089,50093,49303,14772,150,4300,1500,0,0,1233,870,-7671,-9089,79907,80697,115228,129850,383175,0
50000,2,2,1,-1,-1,-1,-1,-1,-1,50628,50705,50328,19542,19439,19683,2235,1858,823,838,702,687,-628,-705,-328,30458,30561,30317,203182,0
300000,1,4,2,2,2,2,2,-2,-2,2500,2500,2500,0,0,0,0,0,0,0,0,0,297500,297500,297500,300000,300000,300000,7500,1
210000,1,2,2,-1,2,2,-1,-1,-1,2869,2639,0,6299,0,197,0,0,6299,0,197,0,207131,207361,210000,203701,210000,209803,5508,0
70000,1,2,1,-1,-1,-1,-1,-1,-1,71201,70686,70195,71005,71135,69846,2691,21000,2500,2800,2800,2700,-1201,-686,-195,-1005,-1135,154,389577,0
100000,3,4,3,-1,-1,-1,-1,-1,-1,85438,89125,93751,13700,15474,17211,5105,10000,2000,2000,2000,2000,14562,10875,6249,86300,84526,82789,291594,0
30000,2,2,1,-1,-1,-1,-1,-1,-1,18757,19419,19341,12459,12244,11550,1475,1000,249,600,201,0,11243,10581,10659,17541,17756,18450,90245,0
200000,1,2,2,-1,-1,-1,-1,-1,-1,1528,4179,1689,1851,34808,-30895,4191,1200,1893,42804,10,85820,198472,195821,198311,198149,165192,230895,-122758,0
360000,2,1,2,-1,-1,-1,-1,-1,-1,6783,2337,10990,74562,-28,5677,2347,11046,74934,0,5705,8503,353217,357663,349010,285438,360028,354323,-2214,0
20000,2,2,1,3,2,-1,-1,-1,-1,18585,18003,19012,19100,19506,20037,0,1612,700,714,861,393,1415,1997,988,900,494,-37,109963,1
150000,1,4,2,1,-1,-1,-1,-1,-1,0,258,44476,18547,32581,95780,258,44476,18547,17000,95780,99983,150000,149742,105524,131453,117419,54220,-84402,1
750000,1,4,1,1,-1,-1,-1,-1,-1,9500,9655,401003,399493,400993,409483,250000,401003,7990,11000,417990,3080,740500,740345,348997,350507,349007,340517,539064,0
100000,2,2,1,-1,-1,-1,-1,-1,-1,91572,95201,94977,97332,74637,77386,5100,3000,3139,27000,4000,4000,8428,4799,5023,2668,25363,22614,484866,0
300000,2,1,2,1,2,2,2,2,2,54977,56189,56663,57428,58455,57556,2500,1800,2100,1900,0,3500,245023,243811,243337,242572,241545,242444,329468,1
90000,2,4,4,-1,-1,-1,-1,-1,-1,82901,64530,33550,34216,34933,35628,1544,3114,1223,1267,1275,1320,7099,25470,56450,55784,55067,54372,276015,0
50000,2,2,1,-1,-1,-1,-1,-1,-1,21510,23357,32197,12595,13445,13803,2200,10000,3000,1000,1500,0,28490,26643,17803,37405,36555,36197,99207,0
120000,2,2,3,-1,-1,-1,-1,-1,-1,78384,77085,73326,72594,72008,74622,4000,3505,3005,3008,7253,12,41616,42915,46674,47406,47992,45378,427236,0
120000,2,2,2,-1,-1,-1,-1,-1,-1,44630,37772,27827,3228,3294,0,1999,1040,265,66,0,0,75370,82228,92173,116772,116706,120000,113381,0
30000,2,1,3,-1,-1,2,-1,-1,-1,18583,20940,20306,20965,21625,22055,2975,0,1000,1000,790,816,11417,9060,9694,9035,8375,7945,117893,1
220000,2,1,3,-1,-1,-1,-1,-1,-1,84466,84356,84151,83591,83789,83885,4000,4000,3500,3500,3500,3500,135534,135644,135849,136409,136211,136115,482238,0
180000,2,4,2,1,-2,-2,-2,-2,-2,0,0,0,0,0,0,0,0,0,0,0,0,180000,180000,180000,180000,180000,180000,0,1
20000,3,2,4,2,-1,-1,-1,-1,-1,14038,13568,14630,27408,13984,0,1338,1400,274,560,0,0,5962,6432,5370,-7408,6016,20000,80056,1
140000,2,4,1,-1,-1,-1,-1,-1,2,135294,137425,134487,135945,131296,139207,7462,6487,5025,6101,10601,2,4706,2575,5513,4055,8704,793,777976,0
400000,2,2,3,-1,-1,-1,-1,-1,-1,30018,19735,26181,134967,52991,163837,19753,26245,135000,53000,163837,37345,369982,380265,373819,265033,347009,236163,-7451,0
180000,1,4,1,-1,-1,-1,-1,-1,-1,11168,6496,9733,4088,5428,13138,6678,9740,4088,5428,13138,12174,168832,173504,170267,175912,174572,166862,-1195,0
340000,2,2,2,1,-2,-2,-1,-1,-1,0,0,0,150,920,0,0,0,150,920,0,17386,340000,340000,340000,339850,339080,340000,-17386,0
250000,3,2,3,-1,-1,-1,-1,-1,-1,244563,248218,70004,64953,51507,50338,10925,2351,1886,1616,1756,1182,5437,1782,179996,185047,198493,199662,709867,0
50000,2,2,4,-1,-1,-1,-1,-1,-1,8925,9208,10238,10700,10762,11587,1200,1200,1000,1000,1000,1000,41075,40792,39762,39300,39238,38413,55020,0
220000,1,4,1,-1,-1,-1,-1,-1,-1,51908,53087,54167,55267,56586,57993,2017,1965,2000,2210,2500,2339,168092,166913,165833,164733,163414,162007,315977,0
400000,2,2,2,-1,-1,-2,-1,-1,-1,11052,0,0,53826,55061,71541,0,0,53826,1642,20000,1256,388948,400000,400000,346174,344939,328459,114756,0
320000,1,2,2,-2,-2,-2,-2,-2,-2,14536,2935,3019,4179,4256,2675,2949,3034,4200,4277,2688,3651,305464,317065,316981,315821,315744,317325,10801,0
260000,2,2,3,-1,-1,-1,-1,-1,-1,148,359,397,208,790,2788,360,398,208,792,2788,3675,259852,259641,259603,259792,259210,257212,-3531,0
350000,1,1,3,-1,-1,-1,-1,-1,-1,1134,2985,240,1041,-12,6449,2995,240,1051,0,6461,18,348866,347015,349760,348959,350012,343551,1072,0
30000,2,2,2,-1,-1,-1,-1,-1,-1,28509,29739,29372,29514,27226,25408,2003,1504,2017,2000,1000,1100,1491,261,628,486,2774,4592,160144,0
10000,2,2,1,-1,-1,-1,2,-1,-1,11035,12349,13598,9378,4883,5001,1500,1528,0,730,199,100,-1035,-2349,-3598,622,5117,4999,52187,1
50000,2,4,1,-1,-1,-2,-1,-1,-2,5961,0,0,700,0,0,0,0,700,0,0,0,44039,50000,50000,49300,50000,50000,5961,0
30000,3,4,1,-1,-1,2,2,-1,-1,26280,28952,29482,28712,29311,30065,3420,1300,0,1210,1391,665,3720,1048,518,1288,689,-65,164816,0
350000,1,2,2,2,-1,-1,-1,-1,-1,105,3298,50064,8003,8293,23080,3308,50206,40,8334,23102,5004,349895,346702,299936,341997,341707,326920,2849,0
410000,1,1,2,-1,-1,-1,-1,-1,-1,5770,2290,2756,3560,6661,3877,2290,2756,3560,6661,3877,1249,404230,407710,407244,406440,403339,406123,4521,0
130000,3,2,2,-1,-1,-1,-1,-1,-1,65743,63724,63163,386,1770,384,2606,3174,386,1778,384,1446,64257,66276,66837,129614,128230,129616,185396,0
80000,3,4,1,-1,-1,-1,-1,-1,-1,70194,71912,69776,70985,72444,69685,3500,3000,2500,2500,2500,2500,9806,8088,10224,9015,7556,10315,408496,0
380000,2,2,4,1,-2,-2,-2,-1,-1,0,0,0,0,630,1297,0,0,0,630,1613,1618,380000,380000,380000,380000,379370,378703,-1934,0
320000,1,2,3,1,2,2,-1,-1,-1,318844,324589,320622,252323,253557,256525,10000,450,7025,7161,8000,6883,1156,-4589,-622,67677,66443,63475,1686941,0
20000,1,2,1,2,-1,-1,2,2,2,3206,4093,5514,5277,5791,5550,1100,1500,0,600,0,600,16794,15907,14486,14723,14209,14450,25631,1
50000,2,2,2,-1,-1,-1,-1,-1,-1,48536,41045,41532,18646,19183,19214,3030,2124,646,828,1097,612,1464,8955,8468,31354,30817,30786,179819,0
30000,2,2,1,-1,-1,-1,-1,-1,-1,19955,20348,18339,18794,23530,23531,1338,1500,1000,5000,2000,24,10045,9652,11661,11206,6470,6469,113635,0
50000,2,2,1,1,2,2,2,2,2,41974,43210,42368,44553,45679,46275,2200,150,3200,2000,1500,2000,8026,6790,7632,5447,4321,3725,253009,0
50000,2,2,3,-1,-1,-1,-1,-1,-1,40709,37503,18086,18545,15453,15847,3000,2000,1000,1000,800,3000,9291,12497,31914,31455,34547,34153,135343,0
50000,2,1,4,-1,-1,-1,-1,-1,-1,49083,49462,50004,17751,17725,17688,2238,2170,617,631,635,614,917,538,-4,32249,32275,32312,194808,0
200000,1,2,1,-1,-1,-1,-1,-1,-1,4770,5983,9018,7380,7042,2583,1300,3138,500,2000,1000,1000,195230,194017,190982,192620,192958,197417,27838,0
80000,2,2,1,-1,-1,-1,-1,-1,-1,50695,53476,46685,35760,33853,35708,10010,3000,5000,5000,3000,5000,29305,26524,33315,44240,46147,44292,225167,0
20000,3,6,4,-1,-1,-1,-1,-1,-1,9677,9578,12102,1473,18177,18046,4578,2795,1473,18177,2046,2615,10323,10422,7898,18527,1823,1954,37369,0
180000,2,4,1,-2,-2,-2,-2,-2,-2,2177,1175,0,2530,0,0,1175,0,2530,0,0,0,177823,178825,180000,177470,180000,180000,2177,0
230000,1,4,2,-1,-1,-1,-1,-1,-1,228639,226778,184466,157857,131706,62237,10075,10135,6034,10000,3000,5000,1361,3222,45534,72143,98294,167763,947439,0
180000,2,4,2,-1,-1,-1,-1,-1,-1,6314,1795,1190,1079,659,90,1795,1190,0,659,90,8856,173686,178205,178810,178921,179341,179910,-1463,0
90000,2,4,1,-1,-1,-1,-1,-1,-1,42105,43919,46812,44976,46406,47625,2500,3970,2500,2500,2500,1700,47895,46081,43188,45024,43594,42375,256173,1
20000,2,2,1,2,2,7,7,6,5,2400,2400,2400,2400,1800,1200,0,0,0,0,0,0,17600,17600,17600,17600,18200,18800,12600,1
100000,2,2,2,1,-2,-2,-2,-2,-2,0,0,0,0,0,0,0,0,0,0,0,0,100000,100000,100000,100000,100000,100000,0,1
60000,3,2,3,-1,-1,-1,-1,-1,-1,57694,58749,38110,38525,38346,37416,2800,1900,1300,1363,1500,1466,2306,1251,21890,21475,21654,22584,258511,0
130000,2,4,2,-1,-1,-1,-1,-1,2,42950,44293,45004,46257,49312,50252,2036,1747,2000,3800,1900,1900,87050,85707,84996,83743,80688,79748,264685,1
50000,2,2,4,-1,-1,2,-1,-1,-1,37984,41234,37701,28181,28711,29368,3900,0,1300,1100,1100,1000,12016,8766,12299,21819,21289,20632,194779,1
70000,1,4,1,-1,-1,-1,-1,-1,-1,8878,10077,11203,11320,11487,11895,1500,1600,600,500,600,2600,61122,59923,58797,58680,58513,58105,57460,0
360000,2,4,4,-1,-1,-1,-1,-1,-1,5583,495,1862,230,661,658,495,1862,230,661,658,532,354417,359505,358138,359770,359339,359342,5051,0
20000,1,2,1,1,2,2,-1,-1,-1,19438,20528,19464,18604,18172,14444,1700,0,700,620,800,300,562,-528,536,1396,1828,5556,106530,1
20000,3,2,2,-1,-1,2,2,-2,-2,390,780,780,0,0,0,780,0,0,0,0,0,19610,19220,19220,20000,20000,20000,1170,1
440000,3,4,2,-1,-1,-1,-1,-1,-1,7887,2516,5252,13192,29029,27812,2516,5252,13192,20000,1179,623,432113,437484,434748,426808,410971,412188,42926,0
400000,1,1,3,-1,-1,-1,-1,-1,-1,1630,816,1617,875,917,5434,816,1617,875,917,5434,14115,398370,399184,398383,399125,399083,394566,-12485,0
170000,1,4,1,-1,-1,-1,-1,-1,-1,90450,82581,81703,66496,36000,25167,3600,3000,4710,1500,1000,1000,79550,87419,88297,103504,134000,144833,367587,0
200000,2,1,2,-1,2,-1,-1,-1,-1,9864,5114,499,499,499,0,0,499,0,0,0,0,190136,194886,199501,199501,199501,200000,15976,0
220000,1,2,3,-1,-1,-1,-1,-1,-2,30038,22411,7141,3070,2609,10273,1089,7161,4072,2613,10322,511,189962,197589,212859,216930,217391,209727,49774,0
280000,2,2,2,-1,-1,-1,-1,-1,-1,207966,209146,213900,5202,4282,1000,5078,5069,109,97,25,145,72034,70854,66100,274798,275718,279000,630973,0
360000,1,2,1,-1,-1,-1,-1,-1,-1,90071,83204,75869,58219,45605,32245,3032,2311,1570,1500,983,3000,269929,276796,284131,301781,314395,327755,372817,0
20000,2,1,4,1,2,2,-1,-1,-1,18462,18175,16184,16913,17640,18688,300,1000,1000,1000,1500,1200,1538,1825,3816,3087,2360,1312,100062,0
290000,1,2,3,-2,-2,-2,-2,-2,-2,301,768,531,22058,468,681,768,531,22058,468,681,446,289699,289232,289469,267942,289532,289319,-145,0
380000,2,2,2,1,-1,-1,-1,-1,-1,0,73,32510,474,25877,45038,73,32789,474,25877,20000,10000,380000,379927,347490,379526,354123,334962,14759,0
180000,1,2,1,-1,-1,2,-1,-1,-1,2569,2834,394,904,2514,4054,2834,0,900,2000,4000,2000,177431,177166,179606,179096,177486,175946,1535,0
120000,1,4,1,-1,-1,-1,-1,-1,-1,1379,9839,4390,850,850,831,9000,4390,0,0,831,6000,118621,110161,115610,119150,119150,119169,-2082,0
50000,2,4,1,-1,-1,-1,-1,-1,-1,162865,167086,169217,18056,18179,18563,5000,3703,1000,660,686,638,-112865,-117086,-119217,31944,31821,31437,542279,0
20000,1,1,3,2,2,-1,-1,-1,-1,14246,13727,14725,15018,15338,15242,0,1238,531,555,547,533,5754,6273,5275,4982,4662,4758,84892,1
20000,2,2,1,1,2,2,5,4,3,10515,11548,13863,13369,12582,12088,1500,2800,0,0,0,0,9485,8452,6137,6631,7418,7912,69665,0
170000,2,4,1,-1,-1,-1,-1,-1,-1,161581,163500,166003,167287,165510,168507,6000,8000,6300,6000,6500,6100,8419,6500,3997,2713,4490,1493,953488,0
180000,2,4,1,-1,-1,-1,-1,-1,-1,54357,19435,11718,5265,3950,270,1260,1000,105,79,270,0,125643,160565,168282,174735,176050,179730,92281,0
200000,1,2,2,1,-2,-2,-2,-1,-1,0,0,0,0,3774,0,0,0,0,3774,0,686,200000,200000,200000,200000,196226,200000,-686,0
200000,2,1,4,1,2,2,2,2,-1,181339,177233,188461,191363,188683,196057,0,14000,7000,0,10000,5000,18661,22767,11539,8637,11317,3943,1087136,1
360000,1,4,1,-2,-2,-2,-2,-2,-2,145,3526,8510,7831,8864,10845,3600,8510,4000,5000,5000,5398,359855,356474,351490,352169,351136,349155,8213,1
10000,2,4,1,-1,-1,-1,-1,-1,-1,6346,7364,8374,8540,8719,8905,1129,1139,305,316,331,303,3654,2636,1626,1460,1281,1095,44725,0
60000,2,2,5,8,7,6,5,4,3,69183,68216,66616,65016,63449,62149,0,0,0,0,0,0,-9183,-8216,-6616,-5016,-3449,-2149,394629,0
40000,2,2,1,2,-1,-1,2,2,2,25618,26701,30421,29633,31548,30889,1800,4500,0,2400,0,3000,14382,13299,9579,10367,8452,9111,163110,1
100000,2,2,2,-1,-1,-1,-1,-1,-1,4530,4921,4560,4290,6670,8844,4921,4569,4290,5000,5000,3000,95470,95079,95440,95710,93330,91156,7035,0
50000,2,4,1,-1,-1,-1,-1,2,2,38333,40401,42897,44388,46528,44986,3000,3500,2500,3000,0,3500,11667,9599,7103,5612,3472,5014,242033,0
300000,1,2,1,-2,-2,-2,-2,-2,-2,22391,3637,1705,-4,36581,332,4018,1809,0,36583,334,0,277609,296363,298295,300004,263419,299668,21898,0
110000,3,2,1,-1,-1,-1,-1,-1,2,64351,64739,75697,86483,97054,105553,1415,12182,12201,12403,10350,3000,45649,45261,34303,23517,12946,4447,442326,1
120000,1,1,2,-1,-1,-1,-1,-1,-1,19020,17570,16907,14920,10866,8788,1363,1564,528,494,3000,3000,100980,102430,103093,105080,109134,111212,78122,0
150000,2,1,3,-1,-1,-1,-1,-1,2,64869,57318,35970,26727,71112,63889,3049,2049,0,63889,0,4000,85131,92682,114030,123273,78888,86111,246898,0
230000,2,4,2,-1,-1,-1,-1,-1,-1,1243,113,7978,2831,3518,846,113,8178,500,1000,846,0,228757,229887,222022,227169,226482,229154,5892,0
180000,2,2,2,-1,-1,-2,-2,-2,-2,43068,316,316,316,316,316,316,316,316,316,316,314,136932,179684,179684,179684,179684,179684,42754,0
320000,2,4,2,-1,-1,-1,-1,-1,-1,7444,5755,34909,16313,9279,5824,5783,35069,4341,46,5849,48366,312556,314245,285091,303687,310721,314176,-19930,0
80000,1,4,1,1,-1,2,-1,-1,-1,-12,2321,60,5182,2792,189,2333,0,5182,0,0,2597,80012,77679,79940,74818,77208,79811,420,0
160000,1,4,1,-1,-1,-1,-1,-1,-1,1289,2089,5464,2079,1908,1394,2106,5500,2000,2000,1350,700,158711,157911,154536,157921,158092,158606,567,0
50000,2,4,1,-1,-1,-1,-1,-1,-1,34997,36030,36740,37469,38254,39014,1900,1610,1339,1387,1395,1452,15003,13970,13260,12531,11746,10986,213421,1
180000,2,2,1,-1,-1,-1,-1,-1,-1,316,692,316,692,316,859,692,316,692,316,859,1008,179684,179308,179684,179308,179684,179141,-692,0
110000,3,2,1,-1,-1,-1,-1,-1,-1,44089,29251,30454,33100,34727,36823,3002,2500,3000,2000,2500,1500,65911,80749,79546,76900,75273,73177,193942,0
150000,1,2,2,-1,-1,-1,-1,2,-1,994,10168,-4,5515,3673,6106,10290,0,5519,3,6134,3779,149006,139832,150004,144485,146327,143894,727,0
210000,3,2,4,-1,-1,-1,-1,-1,-1,65265,38627,142285,22092,35141,56188,39000,150109,180,58000,56200,20000,144735,171373,67715,187908,174859,153812,36109,0
10000,2,2,3,2,-1,-1,-1,-1,-1,654,608,654,5954,0,1308,608,700,5954,0,1308,0,9346,9392,9346,4046,10000,8692,608,1
30000,2,4,1,-2,-1,2,-1,-1,-1,0,2343,126,4462,0,150,2343,0,4462,0,150,860,30000,27657,29874,25538,30000,29850,-734,0
450000,1,4,2,-1,-1,-1,-1,-1,-1,3893,522,2218,99,99,412,600,2300,0,0,412,3146,446107,449478,447782,449901,449901,449588,785,1
110000,1,4,1,1,2,2,-1,-1,-1,60491,61874,56386,44181,35538,25417,3000,31,3000,1500,2000,1000,49509,48126,53614,65819,74462,84583,273356,0
270000,2,2,2,-1,-1,-1,-1,-1,-1,110593,102486,94362,86861,78538,70158,4500,3500,4000,3000,3000,2200,159407,167514,175638,183139,191462,199842,522798,0
50000,3,2,3,-1,-1,-1,-1,-1,2,51207,47915,49073,47889,51139,49000,2162,2284,2100,4200,0,4200,-1207,2085,927,2111,-1139,1000,281277,0
100000,3,6,3,-1,-1,-1,-1,-1,-1,62300,63759,64448,38500,39469,40653,2464,1902,1378,1589,2000,1506,37700,36241,35552,61500,60531,59347,298290,0
360000,2,4,2,-2,-2,-2,-2,-2,-2,2500,0,0,0,0,0,0,0,0,0,0,0,357500,360000,360000,360000,360000,360000,2500,0
110000,2,2,2,1,2,-1,-1,-1,-1,75505,73740,75231,76265,77860,79251,0,3313,2879,2976,2839,2935,34495,36260,34769,33735,32140,30749,442910,1
180000,3,4,4,-1,-1,-1,-1,-1,-1,6770,103101,104834,44452,41810,42641,164163,3877,1535,1517,1526,1580,173230,76899,75166,135548,138190,137359,169410,0
230000,1,2,2,2,2,2,2,2,2,190784,195724,198707,201634,205949,210077,9300,7500,7500,7500,7500,7600,39216,34276,31293,28366,24051,19923,1155975,0
20000,3,2,3,-1,-1,-1,2,2,2,7478,8497,10162,9852,10418,10102,1146,1811,0,876,0,374,12522,11503,9838,10148,9582,9898,52302,0
50000,1,4,1,2,2,2,2,2,2,46035,46620,47341,45527,48358,47442,2000,1800,0,4100,0,2500,3965,3380,2659,4473,1642,2558,270923,1
10000,3,2,2,-1,-1,-1,-1,-1,-1,5062,5687,6132,5851,5735,6087,1259,1100,197,362,1000,1000,4938,4313,3868,4149,4265,3913,29636,0
320000,1,1,3,-1,-1,-1,-1,-1,-1,3337,9061,7809,5238,8594,3743,9061,7935,5238,8594,3743,12820,316663,310939,312191,314762,311406,316257,-9609,0
280000,1,4,1,-1,-1,-1,-1,-1,-1,36395,35945,36381,36594,37010,36334,1700,1600,1300,1500,2000,99334,243605,244055,243619,243406,242990,243666,111225,0
20000,2,1,1,-1,-1,-1,-1,-1,-1,18537,19205,19687,19684,19842,19965,1358,1230,617,776,1000,4000,1463,795,313,316,158,35,107939,0
70000,2,2,2,-1,-1,-1,-1,-1,-1,66888,69306,24348,24744,25195,25777,4000,1704,1100,1000,1000,1000,3112,694,45652,45256,44805,44223,226454,0
80000,2,4,2,-1,-1,2,2,2,2,47502,50423,49311,52584,53589,54748,4000,0,4100,2000,2200,2200,32498,29577,30689,27416,26411,25252,293657,0
200000,1,4,1,-1,-1,-2,-1,-1,-1,92400,0,0,92384,13180,1194,0,0,92384,13196,1200,0,107600,200000,200000,107616,186820,198806,92378,0
30000,2,2,1,-1,-1,-1,-1,-1,-1,27306,28312,29327,27836,28423,29813,1747,1800,1136,1178,2430,0,2694,1688,673,2164,1577,187,162726,0
100000,2,2,3,1,3,2,2,2,2,51345,50249,51421,52684,51400,0,0,2300,2400,0,0,0,48655,49751,48579,47316,48600,100000,252399,1
110000,1,2,1,-1,-1,-1,-1,-1,-1,64767,67724,49104,51202,50289,50528,6000,2000,3000,2000,2000,3000,45233,42276,60896,58798,59711,59472,315614,0
300000,1,2,2,-1,-1,-1,-1,-1,-1,356,1313,5273,4345,1106,1322,1320,5273,4598,0,2620,5956,299644,298687,294727,295655,298894,298678,-6052,0
300000,2,2,2,-1,-1,-1,-1,-1,-1,89240,92016,92971,94817,96756,98325,4214,3377,3395,3468,3133,3307,210760,207984,207029,205183,203244,201675,543231,0
340000,1,4,1,-1,-1,-1,-1,-1,-1,82770,54523,30874,34939,40537,41658,10000,5874,5000,10000,2000,1400,257230,285477,309126,305061,299463,298342,251027,0
270000,1,1,2,-1,-1,-1,-1,-1,-1,396,396,792,396,396,396,396,792,0,396,396,396,269604,269604,269208,269604,269604,269604,396,1
100000,2,2,1,-1,-1,-1,-1,-1,-1,80117,46939,17841,15317,12630,11750,2683,2500,3000,6000,2500,1000,19883,53061,82159,84683,87370,88250,166911,0
50000,1,1,2,1,2,-1,-1,-1,-1,46745,45727,45515,45470,4220,4220,0,1200,155,3000,0,0,3255,4273,4485,4530,45780,45780,187542,0
360000,2,2,3,-1,-1,-1,-1,-1,-1,352583,343476,279728,264189,271688,288740,10461,10212,8000,10000,20000,10000,7417,16524,80272,95811,88312,71260,1731731,0
90000,2,2,3,-1,-1,-1,-1,-1,-1,91263,70251,45385,46331,47494,48433,3100,1800,1700,2000,1746,1941,-1263,19749,44615,43669,42506,41567,336870,0
140000,2,1,3,-1,-1,-1,-1,-1,-1,127939,100372,84587,65589,69117,65911,5059,14659,5000,8000,5000,10000,12061,39628,55413,74411,70883,74089,465797,0
150000,1,4,1,-1,-1,2,-1,-1,2,1159,2468,1159,1159,11476,10249,2468,0,1159,11476,0,2034,148841,147532,148841,148841,138524,139751,10533,0
50000,3,2,2,-2,-2,-2,-2,-2,-2,17095,18261,19313,19304,19725,5770,1448,1500,419,455,115,19627,32905,31739,30687,30696,30275,44230,75904,0
30000,3,4,1,2,3,2,2,2,2,28189,27467,26729,27291,28819,29201,0,0,1300,2123,1000,2000,1811,2533,3271,2709,1181,799,161273,1
230000,2,2,4,-2,-2,-2,-2,-2,-2,0,880,0,0,0,0,880,0,0,0,0,1740,230000,229120,230000,230000,230000,230000,-1740,0
240000,2,2,3,-2,-2,-2,-2,-2,-2,0,0,0,0,0,1306,0,0,0,0,1306,0,240000,240000,240000,240000,240000,238694,0,1
200000,1,2,3,-1,-1,-2,-2,-2,-1,65520,0,0,0,0,17480,0,0,0,0,17480,76220,134480,200000,200000,200000,200000,182520,-10700,0
330000,2,1,3,-1,-1,-1,-1,-1,-1,118601,4101,133359,138959,102279,106172,4101,133359,6000,2046,106172,63750,211399,325899,196641,191041,227721,223828,288043,0
110000,1,1,1,-1,-1,-1,-1,-1,-1,51499,50405,49156,46426,43765,41295,1887,1601,1500,1696,1658,1179,58501,59595,60844,63574,66235,68705,273025,0
200000,3,2,4,-1,-1,-1,-1,-1,-1,114643,115828,116585,116005,118334,117902,6000,4200,4252,4300,4500,4000,85357,84172,83415,83995,81666,82098,672045,0
50000,2,6,3,-1,-1,-1,-1,-1,-1,44076,44406,45320,38446,36748,36827,1810,2500,2000,2000,1465,2000,5924,5594,4680,11554,13252,13173,234048,0
70000,1,4,1,-1,-1,-1,-1,-1,-1,69972,69528,67622,68922,1223,70027,5000,1900,2000,1223,70027,2600,28,472,2378,1078,68777,-27,264544,0
360000,2,2,4,1,-2,-2,-2,-2,-2,0,0,0,0,0,0,0,0,0,0,0,0,360000,360000,360000,360000,360000,360000,0,1
50000,2,4,4,-1,-1,-1,-1,-1,-1,4625,4832,10010,9357,8714,9733,1121,6135,308,316,2000,500,45375,45168,39990,40643,41286,40267,36891,1
80000,3,4,1,-1,-1,-1,-2,-2,-2,4280,2800,0,0,0,0,2800,0,0,0,0,0,75720,77200,80000,80000,80000,80000,4280,0
200000,2,2,5,-1,-1,-1,-1,-1,-1,106878,100879,102998,105090,107718,88964,4000,3800,3802,4363,3500,3303,93122,99121,97002,94910,92282,111036,589759,0
50000,2,2,1,-1,-1,-1,-1,-1,-1,47261,48054,47434,20099,18682,18538,2055,1935,675,662,650,666,2739,1946,2566,29901,31318,31462,193425,1
30000,1,2,1,-1,-1,-1,-1,-1,-1,18239,17963,18425,1183,2000,0,2000,3000,300,3000,0,0,11761,12037,11575,28817,28000,30000,49510,0
390000,1,4,2,-1,-1,-1,-1,-1,-1,252109,252401,180074,178025,198721,162444,12009,7508,6000,39604,6341,5000,137891,137599,209926,211975,191279,227556,1147312,1
380000,1,2,3,2,-1,-1,-1,-1,-1,326,326,326,652,326,29326,326,326,652,0,29326,326,379674,379674,379674,379348,379674,350674,326,1
20000,2,2,3,-1,-1,-1,-1,-1,3,16294,17327,18335,18935,20624,20702,1600,1600,1200,2600,700,0,3706,2673,1665,1065,-624,-702,104517,1
80000,2,4,2,-1,-1,-1,-1,-1,-1,28190,27045,22843,20578,19049,16221,1751,1500,1000,779,545,500,51810,52955,57157,59422,60951,63779,127851,1
50000,2,2,3,-1,-1,-1,-1,-1,-1,47649,49100,50380,19144,17625,17246,2220,2500,644,628,642,1500,2351,900,-380,30856,32375,32754,193010,0
50000,1,2,1,-1,-1,-1,-1,2,-1,11324,11811,13008,12540,10746,8482,1500,1433,1465,0,500,1000,38676,38189,36992,37460,39254,41518,62013,0
200000,2,2,3,-1,-1,-1,-1,-1,-1,541,541,1082,541,541,541,541,1082,0,541,541,541,199459,199459,198918,199459,199459,199459,541,0
100000,3,2,1,-1,-1,-1,-1,-1,-1,103728,104908,65800,18300,33336,31558,3184,3000,18300,33336,984,63000,-3728,-4908,34200,81700,66664,68442,235826,1
180000,1,2,2,-1,-1,-1,-2,-2,-2,300,253,0,0,0,0,253,0,0,0,0,3642,179700,179747,180000,180000,180000,180000,-3342,0
120000,2,4,1,-1,-1,2,-1,-1,-1,1066,5079,2528,4007,7457,2819,5079,0,4007,7457,2819,8638,118934,114921,117472,115993,112543,117181,-5044,0
390000,2,4,2,1,2,-1,-1,-1,-1,20852,18376,15229,18229,9290,1826,0,1000,3000,9290,1826,3706,369148,371624,374771,371771,380710,388174,64980,0
250000,2,2,2,-1,-1,-1,-1,-1,-1,25366,36567,24079,13141,22728,9300,36655,24104,13144,12000,9300,14154,224634,213433,225921,236859,227272,240700,21824,0
350000,2,1,3,1,2,2,2,2,-1,301553,287780,295141,291422,279294,276594,0,21300,10000,0,9500,9500,48447,62220,54859,58578,70706,73406,1681484,1
70000,2,4,2,-1,-1,-1,-1,-1,-1,71856,71916,71442,68144,68671,68863,3377,3504,2620,2791,2639,2859,-1856,-1916,-1442,1856,1329,1137,403102,0
210000,1,4,2,-2,-2,-2,-2,-2,-2,0,0,0,0,0,0,0,0,0,0,0,0,210000,210000,210000,210000,210000,210000,0,0
180000,1,2,1,-1,-1,-1,-1,-1,-1,85069,85434,116352,55698,37315,16696,5344,3013,3034,4069,3018,3069,94931,94566,63648,124302,142685,163304,375017,0
80000,1,2,1,-1,-1,-1,-1,-1,-1,390,390,390,390,390,390,390,390,390,390,390,390,79610,79610,79610,79610,79610,79610,0,1
120000,3,4,1,-1,-1,-1,-1,-1,-1,1467,975,246,246,246,884,975,246,246,246,884,1000,118533,119025,119754,119754,119754,119116,467,0
210000,1,2,1,-2,-2,-2,-1,-1,-1,0,0,0,29337,30362,31356,0,0,29337,1500,1500,1500,210000,210000,210000,180663,179638,178644,57218,1
20000,2,1,2,-1,-1,-1,-1,-1,-1,18669,19304,19905,20302,20133,20000,1326,1317,714,925,400,0,1331,696,95,-302,-133,0,113631,0
150000,1,2,2,-1,-1,-2,-2,-2,-1,750,0,0,0,0,2040,0,0,0,0,2040,13061,149250,150000,150000,150000,150000,147960,-12311,1
390000,1,1,2,-1,-1,-1,-1,-1,-1,30642,31843,32860,33511,34271,35040,2000,1548,1199,1300,1337,13000,359358,358157,357140,356489,355729,354960,177783,0
310000,1,4,2,-1,-1,-1,-1,-1,-1,6514,8619,6204,2905,7944,13125,8619,6206,2905,7944,13524,16233,303486,301381,303796,307095,302056,296875,-10120,0
230000,1,4,1,-1,-1,-1,-1,-1,-1,10941,12058,13348,14620,15877,16611,1300,1500,1500,1500,1000,1500,219059,217942,216652,215380,214123,213389,75155,0
90000,2,2,4,-1,-1,-1,-1,-1,-1,12822,10944,12255,12192,12448,12895,1188,1499,436,452,654,455,77178,79056,77745,77808,77552,77105,68872,0
140000,1,2,1,-1,-1,-1,2,2,2,11693,13490,16747,16183,17762,17327,2000,3500,0,2000,0,5000,128307,126510,123253,123817,122238,122673,80702,0
150000,1,4,1,-1,-1,-1,-1,-1,-1,105035,103502,92810,74078,75564,79941,4500,3137,2700,3000,6000,3500,44965,46498,57190,75922,74436,70059,508093,0
130000,2,2,1,-1,-1,-1,-2,-2,-2,92043,61650,0,0,0,0,2850,0,0,0,0,0,37957,68350,130000,130000,130000,130000,150843,0
210000,1,4,1,-1,-1,-1,-1,-1,-1,1441,2557,3655,0,41257,35432,3000,3626,0,41257,709,0,208559,207443,206345,210000,168743,174568,35750,0
100000,1,4,1,1,-1,-1,-1,-1,-2,0,3473,0,1012,0,0,3473,0,1012,0,0,0,100000,96527,100000,98988,100000,100000,0,0
150000,4,1,2,-1,-1,-1,-1,-1,-1,220889,133616,136378,139219,142172,145065,3800,3900,4000,4100,4100,5500,-70889,16384,13622,10781,7828,4935,891939,0
200000,1,4,1,-1,-1,-1,-1,-1,-1,1467,439,2257,43720,43968,45182,439,2000,42000,1700,2000,1700,198533,199561,197743,156280,156032,154818,87194,0
80000,2,4,1,-1,-1,2,-1,-1,-1,78672,83807,81833,79673,79735,81271,7018,0,3000,3100,3000,3100,1328,-3807,-1833,327,265,-1271,465773,0
230000,1,2,1,-1,-1,-1,-1,-1,-1,5652,7652,2062,2007,2104,394,7662,2066,2007,2108,394,3214,224348,222348,227938,227993,227896,229606,2420,0
50000,2,3,2,-1,-1,-1,-1,-1,-1,49642,48381,44113,8522,17948,9390,2060,1014,170,17948,188,390,358,1619,5887,41478,32052,40610,156226,0
260000,2,4,2,-2,-1,-1,-1,-1,-1,4141,131000,129698,120375,118847,120361,133280,4813,4039,4095,4271,3701,255859,129000,130302,139625,141153,139639,470223,0
110000,2,2,1,-1,-1,-1,2,2,2,43027,44340,48959,49672,50758,49676,2000,5700,1800,2500,0,2000,66973,65660,61041,60328,59242,60324,272432,0
20000,3,1,4,-1,-1,2,-1,-1,-1,14231,16074,14212,14694,13807,14412,2100,1000,1000,700,1000,500,5769,3926,5788,5306,6193,5588,81130,0
360000,2,2,3,1,-1,-1,-1,-1,-1,0,6815,0,1000,6344,2408,6815,0,1000,6344,2408,0,360000,353185,360000,359000,353656,357592,0,0
160000,1,1,2,-1,-1,-1,-1,-1,-1,67879,36865,47986,0,15655,0,2500,15000,0,15655,0,1674,92121,123135,112014,160000,144345,160000,133556,0
10000,2,2,2,-1,-1,-1,-1,-1,-1,8857,8661,9055,9665,9297,5555,2300,1000,1000,1000,2000,3094,1143,1339,945,335,703,4445,40696,0
150000,1,1,2,2,2,2,2,2,2,159734,160247,131511,129369,123191,132072,4800,4006,3669,0,11781,0,-9734,-10247,18489,20631,26809,17928,811868,1
500000,1,1,2,-2,-2,-2,-2,-2,-2,0,0,0,0,0,0,0,0,0,0,0,0,500000,500000,500000,500000,500000,500000,0,1
500000,1,1,5,-1,-1,-1,-1,-1,-1,1200,5652,271,1234,1015,3579,5652,271,1234,1015,3579,2053,498800,494348,499729,498766,498985,496421,-853,0
360000,2,4,1,-1,-1,-1,-1,-1,-1,63352,58601,19567,16658,17249,247,6010,4000,0,2000,247,12000,296648,301399,340433,343342,342751,359753,151417,0
50000,1,4,1,-1,-1,-1,-1,-1,2,48726,48261,39336,10142,10174,9904,2406,2000,462,736,0,147,1274,1739,10664,39858,39826,40096,160792,0
270000,1,2,2,2,-1,-1,-1,-1,-1,128442,131185,134297,208396,106524,104447,6300,6800,4000,4200,7000,3000,141558,138815,135703,61604,163476,165553,781991,0
10000,3,2,4,-1,-1,-1,-1,-1,-1,7569,8598,9590,9782,9986,9173,1158,1150,335,346,336,1323,2431,1402,410,218,14,827,50050,0
30000,2,2,1,-1,-1,-1,-1,-1,-1,15455,6570,11000,12460,28778,24244,2000,5000,2000,17000,1500,2000,14545,23430,19000,17540,1222,5756,69007,0
80000,3,2,2,1,-1,2,2,-2,-2,0,1684,1509,-357,-357,-357,1684,0,0,0,0,0,80000,78316,78491,80357,80357,80357,438,0
360000,2,2,1,-1,-1,-1,-1,-1,-1,896,778,-192,38469,7449,156,782,0,38661,7486,156,12508,359104,359222,360192,321531,352551,359844,-12037,0
120000,1,4,1,-1,-1,-1,-1,-1,-1,112774,115733,91961,94433,97787,87413,5000,3500,4000,5000,3500,3500,7226,4267,28039,25567,22213,32587,575601,0
400000,2,4,2,-1,-1,-1,-1,-1,-1,109943,222085,223350,213831,210563,211925,120018,10071,8037,8018,8809,5022,290057,177915,176650,186169,189437,188075,1031722,1
500000,2,4,1,-1,-1,-1,-1,-1,-1,59039,58262,54586,29280,31284,29371,4028,2077,1001,3008,1305,1007,440961,441738,445414,470720,468716,470629,249396,0
140000,3,1,4,-1,-1,-1,-1,-1,-1,1045,1947,998,955,1976,1895,1952,1001,957,1981,1900,1822,138955,138053,139002,139045,138024,138105,-797,0
110000,2,2,1,-1,-1,-1,-1,-1,-1,29734,31743,33202,34656,38596,40970,2500,2000,2000,4500,4000,1500,80266,78257,76798,75344,71404,69030,192401,0
30000,2,2,2,-1,-1,-1,-1,-1,-1,29949,24653,29779,29749,30053,29674,6000,12000,6000,6000,5000,5000,51,5347,221,251,-53,326,133857,0
140000,1,2,4,-1,-1,-1,-1,-1,-1,138468,93802,94531,96264,98135,100062,4300,3500,3600,3881,4200,3521,1532,46198,45469,43736,41865,39938,598260,0
150000,3,2,2,-1,-1,-1,-1,-1,-1,108755,112554,113583,115846,118369,121786,5163,4000,3764,4000,5000,5030,41245,37446,36417,34154,31631,28214,663936,0
280000,3,1,2,-1,-1,-1,-1,-1,-1,271276,275970,280276,188923,192333,195774,16991,10447,6006,6006,6147,5001,8724,4030,-276,91077,87667,84226,1353954,1
20000,3,1,3,-1,2,-1,-1,2,-1,5577,5346,9984,19089,18356,17203,0,5000,10089,0,2000,4166,14423,14654,10016,911,1644,2797,54300,0
340000,3,2,2,-1,2,2,-1,-1,2,2566,1689,-11,35947,83360,82516,8,0,35958,50000,0,10000,337434,338311,340011,304053,256640,257484,110101,0
60000,2,2,1,2,2,2,-1,-1,-1,36090,22083,15444,13695,17598,17472,2017,5,1000,5000,1000,603,23910,37917,44556,46305,42402,42528,112757,1
20000,1,1,5,-1,-1,-1,-1,-1,-1,17607,18711,9540,10540,11540,0,1500,1000,1000,1000,0,0,2393,1289,10460,9460,8460,20000,63438,0
50000,1,4,1,-1,-1,-1,-1,-1,-1,23794,22588,20376,10203,9868,9700,1398,1136,483,340,368,300,26206,27412,29624,39797,40132,40300,92504,0
200000,2,2,2,-1,-1,-1,-1,-1,-1,71561,74084,74770,75826,77741,79597,4000,3010,2600,3000,3000,3000,128439,125916,125230,124174,122259,120403,434969,0
180000,1,4,2,-1,-1,-1,-1,-1,-1,40311,43847,50763,69026,32030,33679,10000,10000,23000,5000,4000,3500,139689,136153,129237,110974,147970,146321,214156,0
240000,1,2,2,-1,-1,-1,-1,-1,-1,41484,42522,43538,44402,45333,46551,1709,1725,1589,1646,1972,1263,198516,197478,196462,195598,194667,193449,253926,0
360000,2,2,2,-1,-1,-1,2,-1,-1,33215,28683,16989,12751,10272,9631,1331,6478,14,443,6093,190,326785,331317,343011,347249,349728,350369,96992,0
50000,2,2,1,-1,-1,-1,-1,-1,-1,49744,40859,20706,-1166,19133,19127,1500,1206,0,20689,697,641,256,9141,29294,51166,30867,30873,123670,0
100000,3,2,4,-1,-1,-1,-1,-1,-1,95889,96791,97414,69166,53270,-1465,4200,2785,2291,1965,1465,62121,4111,3209,2586,30834,46730,101465,336238,0
80000,3,4,1,1,-2,-2,-2,-2,-2,0,0,0,0,0,0,0,0,0,0,0,0,80000,80000,80000,80000,80000,80000,0,1
50000,3,2,2,2,2,2,2,2,2,46364,47429,46345,49231,48537,46774,2100,0,3600,1900,0,3285,3636,2571,3655,769,1463,3226,273795,1
420000,3,4,1,-2,-2,-1,-1,-1,-1,1486,-3341,116659,119808,122181,130976,2679,120000,5003,5000,10979,5016,418514,423341,303341,300192,297819,289024,339092,1
190000,1,2,2,-1,-1,-1,-1,-1,-1,980,68738,105265,126905,150953,153223,68738,50000,26905,30000,7000,10000,189020,121262,84735,63095,39047,36777,413421,0
180000,2,2,2,1,-1,-1,-1,-1,-1,-84,482,6566,6905,7385,7847,982,6500,1000,1000,1000,1000,180084,179518,173434,173095,172615,172153,17619,0
40000,1,4,1,-1,-1,-1,-1,-1,-1,34521,35662,36918,37478,20650,0,2000,2000,1071,1500,0,0,5479,4338,3082,2522,19350,40000,158658,1
50000,2,2,3,1,2,2,-1,-1,-1,44344,45363,44326,44901,45844,48385,2021,0,1596,1655,3684,0,5656,4637,5674,5099,4156,1615,264207,1
10000,2,2,1,2,2,7,7,7,7,2400,2400,2400,2400,2400,2400,0,0,0,0,0,0,7600,7600,7600,7600,7600,7600,14400,1
200000,1,4,2,-1,-1,-1,-1,-1,-1,155693,158710,133245,131906,135533,137809,6000,5000,4871,5905,5491,5000,44307,41290,66755,68094,64467,62191,820629,0
120000,3,1,2,-1,-1,-1,-1,-1,-1,7764,10721,30607,25005,19771,34315,10730,30629,0,0,27000,18125,112236,109279,89393,94995,100229,85685,41699,0
100000,2,2,3,2,2,2,-1,-1,-1,44050,44508,42925,45596,46022,46785,1800,0,3548,1668,1677,1668,55950,55492,57075,54404,53978,53215,259525,0
100000,1,4,1,-1,-1,-1,-2,-2,-2,93411,4081,0,0,0,0,11645,0,0,0,0,0,6589,95919,100000,100000,100000,100000,85847,0
360000,1,2,1,-1,-1,-1,-2,-1,-1,229928,32890,-10,-10,2150,0,4905,0,0,2160,0,0,130072,327110,360010,360010,357850,360000,257883,0
100000,2,2,1,-1,-1,-1,-1,-1,-1,316,316,316,316,2588,782,316,316,316,2588,1098,0,99684,99684,99684,99684,97412,99218,0,1
290000,2,2,3,-1,-1,-1,-1,-1,-1,5287,2323,704,2135,1591,5392,2334,707,2145,1599,5419,5039,284713,287677,289296,287865,288409,284608,189,1
240000,1,2,2,1,2,-1,-1,-1,-1,40286,38008,9497,9124,7128,2745,14,9497,9124,2000,1200,1000,199714,201992,230503,230876,232872,237255,83953,0
290000,2,2,2,-1,-1,-1,-1,-1,-1,48978,58858,36129,20369,29521,59219,20078,5017,509,29526,35000,93600,241022,231142,253871,269631,260479,230781,69344,0
500000,2,4,2,-2,-1,-1,-1,-2,-2,11058,18578,84087,50058,35036,4757,18641,75207,5100,5089,118,1647,488942,481422,415913,449942,464964,495243,97772,0
50000,2,1,2,1,3,2,2,2,2,14949,14424,15888,15335,16485,16070,0,2000,0,1400,0,1600,35051,35576,34112,34665,33515,33930,88151,1
220000,2,4,2,-1,-1,-1,-1,-1,-1,18598,24781,22901,23815,37748,16657,10000,2015,5000,20000,3000,1210,201402,195219,197099,196185,182252,203343,103275,0
20000,2,1,3,-1,-1,-1,-1,-1,-1,17441,17696,18672,18654,19584,19390,1309,1285,657,2000,388,390,2559,2304,1328,1346,416,610,105408,1
420000,2,2,2,-1,-1,-1,-1,-1,-1,185882,172613,134188,121983,111256,103481,10000,10000,10000,11256,13841,15059,234118,247387,285812,298017,308744,316519,759247,0
100000,1,4,1,2,2,2,2,2,2,74032,75557,76434,74611,79292,80945,3300,2700,0,5900,3100,0,25968,24443,23566,25389,20708,19055,445871,0
230000,1,2,3,-1,-1,-1,-1,-1,3,3245,1855,5776,1332,5342,3162,1867,5816,1340,5342,4,0,226755,228145,224224,228668,224658,226838,6343,1
50000,2,2,4,-1,-1,-1,-1,-1,2,46940,48372,48184,3736,2003,380,2188,1000,75,2003,0,0,3060,1628,1816,46264,47997,49620,144349,1
70000,1,1,3,-1,-1,2,2,-1,-1,119687,127218,128391,125183,124527,125255,11100,4551,9,4230,4253,4545,-49687,-57218,-58391,-55183,-54527,-55255,721573,0
180000,1,2,2,-1,-1,-1,-1,-1,-1,914,907,900,923,922,900,907,900,923,922,900,946,179086,179093,179100,179077,179078,179100,-32,0
90000,1,2,1,-1,-1,-1,-1,-1,-1,3382,4983,3396,1457,750,3091,4983,3396,1464,750,3091,5943,86618,85017,86604,88543,89250,86909,-2568,0
50000,2,2,1,-1,-1,-1,-1,-1,-1,44193,44790,29397,29157,29765,29941,1806,1752,1168,1205,1207,1199,5807,5210,20603,20843,20235,20059,198906,0
50000,3,4,1,2,2,2,-1,-1,-1,42717,51319,50245,9246,18992,9697,9289,300,332,400,358,350,7283,-1319,-245,40754,31008,40303,171187,0
60000,1,4,1,1,-2,-1,-1,-1,-1,0,0,539,37970,39354,40048,0,539,37970,2000,1500,1481,60000,60000,59461,22030,20646,19952,74421,0
50000,3,4,3,2,2,-1,-1,-1,-1,23203,23534,24838,25429,26020,26541,1000,2000,1000,1000,955,1500,26797,26466,25162,24571,23980,23459,142110,1
300000,1,2,4,-2,-2,-2,-2,-2,-2,1257,2851,0,4319,0,0,2851,0,4319,0,0,6860,298743,297149,300000,295681,300000,300000,-5603,0
30000,1,4,2,-1,-1,2,-1,-1,-1,14254,16598,15908,16029,6501,0,2890,0,321,6501,0,0,15746,13402,14092,13971,23499,30000,59578,1
10000,1,2,1,-1,-1,-1,-1,-1,-1,9501,5794,7109,9082,7165,6951,1300,2000,3000,234,284,1149,499,4206,2891,918,2835,3049,37635,0
70000,1,2,2,-1,-1,-1,-1,-1,-1,36201,25510,11402,8464,6464,-1000,1586,1000,0,0,0,0,33799,44490,58598,61536,63536,71000,84455,0
160000,2,2,2,-1,-1,-1,-1,-1,-1,22506,24135,25418,28196,29961,49404,2000,2000,3000,2000,20000,2000,137494,135865,134582,131804,130039,110596,148620,0
260000,2,2,2,-1,-1,-1,-1,-1,-1,434442,443629,452727,48238,19335,7093,10000,10031,2141,3074,3000,3000,-174442,-183629,-192727,211762,240665,252907,1374218,0
360000,1,2,2,-1,-1,-1,-1,-1,-1,163150,150666,173353,156875,64965,36290,50122,50181,20609,30291,30121,30092,196850,209334,186647,203125,295035,323710,533883,0
60000,3,2,2,1,2,-1,-1,-1,-1,15442,16091,17512,18413,19951,21454,1200,2000,1500,2000,2000,1300,44558,43909,42488,41587,40049,38546,98863,0
180000,2,4,2,-1,-1,-1,-1,-1,-1,57500,785,47392,0,460,0,785,47822,0,460,0,2070,122500,179215,132608,180000,179540,180000,55000,0
40000,2,4,1,2,2,2,2,2,2,33699,34766,33903,36266,36935,33441,1900,0,3200,1350,0,1400,6301,5234,6097,3734,3065,6559,201160,1
160000,2,2,2,-1,-1,-1,-1,-1,-1,836,836,1672,836,836,836,836,1672,0,836,836,836,159164,159164,158328,159164,159164,159164,836,0
610000,1,4,2,-1,-1,-1,-1,-1,-1,389335,388150,392776,399343,402432,409912,14117,14100,14144,17100,17500,3600,220665,221850,217224,210657,207568,200088,2301387,0
50000,3,4,2,-1,-1,-1,-1,-1,-1,9999,11020,12027,12109,12360,12602,1489,1496,578,594,596,613,40001,38980,37973,37891,37640,37398,64751,0
320000,1,1,3,2,2,2,2,2,2,201932,215392,218370,220977,225021,221730,18300,8000,7700,7700,0,7900,118068,104608,101630,99023,94979,98270,1253822,1
150000,1,2,1,-1,-1,-1,-1,-1,-1,108756,152194,105290,149530,146455,141711,46980,64890,122080,106625,141711,138195,41244,-2194,44710,470,3545,8289,183455,0
170000,1,1,2,-1,-1,-1,-1,-1,-1,2015,2015,2015,2015,2015,1925,2015,2015,2015,2015,1925,2105,167985,167985,167985,167985,167985,168075,-90,0
500000,2,1,4,-2,-2,-2,-2,-2,-2,37979,9482,6058,7859,126683,7440,9482,6058,7859,126683,7440,8259,462021,490518,493942,492141,373317,492560,29720,0
200000,2,1,4,-1,-1,-1,-1,-1,-1,780,0,780,390,0,390,0,780,390,0,390,390,199220,200000,199220,199610,200000,199610,390,0
290000,1,4,1,-1,-1,-1,-1,-1,-1,110359,108371,102628,100000,92238,90447,5000,6039,4000,4000,4000,3000,179641,181629,187372,190000,197762,199553,578004,0
40000,2,4,4,3,2,2,-1,-1,2,14186,15264,14708,14704,16997,16568,1600,0,500,2500,0,209,25814,24736,25292,25296,23003,23432,87618,0
300000,1,4,2,-1,-1,-1,-1,-1,-1,6045,7151,4790,3145,4274,0,7157,4790,3145,4274,0,2215,293955,292849,295210,296855,295726,300000,3824,0
50000,3,2,2,2,-1,-1,-1,-1,-1,40486,41526,42539,43532,42858,43481,1691,1704,1697,1558,1727,1446,9514,8474,7461,6468,7142,6519,244599,1
20000,2,2,1,-1,-1,-1,-1,2,-1,10321,11348,12359,13730,13371,13491,1200,1208,1579,0,608,2000,9679,8652,7641,6270,6629,6509,68025,0
30000,2,2,1,1,2,2,-1,-1,-1,28933,30175,29383,29823,30379,29686,2000,0,1200,1162,1097,3846,1067,-175,617,177,-379,314,169074,0
140000,2,2,2,1,2,2,-1,-1,-1,94153,100214,97720,98997,101439,103840,8500,0,3800,4200,4250,4100,45847,39786,42280,41003,38561,36160,571513,0
80000,2,1,2,-1,-1,-1,-1,-1,-1,1253,4091,4111,940,1550,4030,4091,4120,949,1550,4030,6030,78747,75909,75889,79060,78450,75970,-4795,0
260000,2,4,2,1,-2,-2,-1,-1,-1,0,0,0,8500,2890,210,0,0,8500,2890,210,48000,260000,260000,260000,251500,257110,259790,-48000,0
130000,1,4,1,1,-2,-1,-1,-1,-1,-24,-350,30656,29426,29100,-1410,326,32100,0,0,0,0,130024,130350,99344,100574,100900,131410,54972,1
380000,3,4,2,-1,-1,-1,-1,-1,-1,55241,49773,81365,87341,87358,103740,10000,60218,10076,15012,20667,15000,324759,330227,298635,292659,292642,276260,333845,0
200000,2,1,2,1,-2,-2,-2,-1,-1,0,0,0,0,1680,0,0,0,0,1680,0,0,200000,200000,200000,200000,198320,200000,0,0
50000,3,2,3,-1,-1,-1,-1,-1,-1,21453,22365,12874,13341,10556,9396,1634,1143,610,509,500,1000,28547,27635,37126,36659,39444,40604,84589,0
50000,1,2,1,-1,-1,-1,-1,-1,-1,49654,49917,25239,10228,10107,9178,1600,2310,303,369,331,4,346,83,24761,39772,39893,40822,149406,0
90000,2,2,1,-1,-1,-1,-1,-1,-1,47121,49332,47590,50000,780,0,3000,2000,3000,780,0,2808,42879,40668,42410,40000,89220,90000,183235,0
20000,1,2,1,1,-2,-2,-2,-2,-1,0,0,0,0,0,1000,0,0,0,0,1000,0,20000,20000,20000,20000,20000,19000,0,1
140000,2,2,1,-1,-1,-1,2,2,2,75289,90613,54597,31734,27211,23784,20000,3011,0,3000,0,5000,64711,49387,85403,108266,112789,116216,272217,0
30000,3,3,3,-1,-1,2,-1,-1,2,21325,24355,23670,24002,26373,25798,3376,0,1023,2925,0,1000,8675,5645,6330,5998,3627,4202,137199,0
230000,1,2,1,-1,-1,-1,2,-1,-1,6289,10112,8637,7277,2818,2455,5112,7283,0,3000,2455,1285,223711,219888,221363,222723,227182,227545,18453,0
100000,3,1,2,2,-1,-1,2,-1,-1,8674,10520,13337,12829,15446,17178,2000,3000,0,3000,2000,2000,91326,89480,86663,87171,84554,82822,65984,1
240000,1,4,3,2,2,-2,-1,-1,-1,456,0,0,2240,1681,2267,0,0,2240,0,2267,3074,239544,240000,240000,237760,238319,237733,-937,0
200000,1,1,2,-2,-2,-2,-2,-2,-2,0,0,0,0,0,0,0,0,0,0,0,0,200000,200000,200000,200000,200000,200000,0,1
80000,1,2,1,-1,-1,-1,-1,-1,-1,83593,72883,67337,60807,59088,47829,2727,3170,1940,2200,1700,1708,-3593,7117,12663,19193,20912,32171,378092,0
360000,1,1,4,-1,-1,-2,-1,-1,-1,1094,0,0,1149,2386,5103,0,0,1149,2386,5103,0,358906,360000,360000,358851,357614,354897,1094,0
150000,2,2,2,-1,-1,-1,-1,-1,-1,71341,62432,56091,58919,60363,40448,4117,4002,5000,1925,5316,5000,78659,87568,93909,91081,89637,109552,324234,0
130000,2,2,1,-1,-1,-1,-1,-1,-1,29078,30110,31119,31891,32429,33035,1506,1515,1287,1200,1341,1663,100922,99890,98881,98109,97571,96965,179150,0
30000,2,2,4,-1,-1,2,-1,-1,2,11564,14099,13580,13657,16356,16540,3042,0,600,2942,600,0,18436,15901,16420,16343,13644,13460,78612,0
250000,1,2,2,-1,-1,-1,-1,-1,-1,28306,20367,19509,42394,46739,55573,10000,1504,25000,10000,10002,5200,221694,229633,230491,207606,203261,194427,151182,0
500000,1,1,3,-2,-2,-2,-2,-1,-1,38525,6281,12855,18041,286939,286836,6283,12859,18041,292462,10593,12200,461475,493719,487145,481959,213061,213164,297039,1
30000,2,3,3,2,2,2,2,2,2,14870,16327,16762,17182,17760,17327,2000,1000,1000,1000,0,1000,15130,13673,13238,12818,12240,12673,94228,1
390000,1,1,3,2,2,2,2,2,2,167795,171245,167317,175283,179140,182864,7299,0,12000,6500,6500,0,222205,218755,222683,214717,210860,207136,1011345,1
390000,1,4,1,-1,-1,-1,-1,-1,-1,78549,81775,82963,84236,84971,87112,4500,4000,3500,4000,3500,10000,311451,308225,307037,305764,305029,302888,470106,0
360000,2,2,2,1,-2,-1,-1,-1,-1,-490,-870,390,-710,260,10,0,2000,0,1500,1000,1000,360490,360870,359610,360710,359740,359990,-6910,0
90000,2,2,1,-1,-1,-1,-1,-1,-1,57846,50663,45515,42599,38559,36337,2018,2033,2016,2010,2010,1114,32154,39337,44485,47401,51441,53663,260318,0
100000,3,2,2,-1,-1,-1,-1,-1,-1,47843,48885,49904,50774,51957,52991,2111,2130,2000,2000,1898,2000,52157,51115,50096,49226,48043,47009,290215,0
30000,3,1,2,2,-1,-1,-1,-1,-1,390,390,390,0,780,0,390,390,0,780,0,0,29610,29610,29610,30000,29220,30000,390,0
160000,3,2,1,-1,-1,-2,-2,-2,-2,31400,0,0,0,0,0,0,0,0,0,0,0,128600,160000,160000,160000,160000,160000,31400,0
20000,1,2,1,1,2,-1,-1,-1,-1,15397,10403,7207,7351,7512,8380,0,1500,264,280,1000,813,4603,9597,12793,12649,12488,11620,52393,0
240000,1,4,2,-1,-1,-1,-1,-1,-1,7283,5266,5113,7113,7113,4178,1263,1000,2000,2500,2000,5000,232717,234734,234887,232887,232887,235822,22303,0
80000,1,2,1,2,3,2,2,2,2,61851,62271,63154,63519,64351,67122,2000,2500,2000,2000,4000,2700,18149,17729,16846,16481,15649,12878,367068,1
30000,2,4,1,-1,-1,-1,-1,-1,-1,29668,29744,29068,29567,29144,29541,1555,2165,3002,1005,3000,2000,332,256,932,433,856,459,164005,0
150000,2,1,3,-1,-1,-1,-1,-1,-1,44832,46939,57181,49453,86869,79150,6020,15043,5021,46034,5002,5000,105168,103061,92819,100547,63131,70850,282304,0
160000,2,4,1,-1,-1,-1,-1,-1,-1,84668,88294,91784,108310,103166,104677,5000,5000,20000,5000,5400,6100,75332,71706,68216,51690,56834,55323,534399,0
20000,1,2,4,-1,-1,-1,-1,-1,-1,17241,18463,19640,19114,18679,15000,1500,1626,100,600,300,0,2759,1537,360,886,1321,5000,104011,0
230000,1,1,3,-1,-1,-1,-1,-1,-1,26071,27937,28774,29202,29683,30277,2200,2000,1100,1000,980,1012,203929,202063,201226,200798,200317,199723,163652,0
100000,2,2,3,-1,-1,-1,-1,-1,-1,98200,74247,71635,72809,74100,75316,3228,3000,2743,3000,3000,3000,1800,25753,28365,27191,25900,24684,448336,0
420000,2,2,2,-1,-1,-1,-1,-1,-1,204984,209929,190689,173547,176980,180109,8006,7000,6000,6500,6500,10000,215016,210071,229311,246453,243020,239891,1092232,0
480000,2,2,2,-1,-1,-1,-1,-1,-1,24887,27984,82870,52263,19518,14785,27994,82979,52263,19518,14785,7931,455113,452016,397130,427737,460482,465215,16837,0
10000,3,1,2,-1,-1,-1,-1,-1,-1,678,500,381,2977,1000,0,602,381,2986,1203,0,0,9322,9500,9619,7023,9000,10000,364,1
180000,3,2,3,2,2,2,-1,-1,-1,100094,101204,98680,100644,102750,104792,3582,0,3605,3731,3752,4038,79906,78796,81320,79356,77250,75208,589456,1
200000,1,2,2,-2,-2,-2,-2,-1,-1,47244,92754,57928,523,223,7037,62330,57928,523,223,7037,11000,152756,107246,142072,199477,199777,192963,66668,0
140000,2,2,2,1,2,2,2,2,2,44570,45563,46115,47053,48150,49009,2000,1600,2000,2000,1800,0,95430,94437,93885,92947,91850,90991,271060,1
20000,1,2,1,-1,-1,-1,-1,-1,-1,11862,11259,12482,10528,9293,17099,1300,1446,500,500,8000,1000,8138,8741,7518,9472,10707,2901,59777,0
80000,1,4,2,-2,-1,-1,-1,-1,-1,-224,1357,3446,4969,0,2650,1581,3466,4969,0,2650,935,80224,78643,76554,75031,80000,77350,-1403,0
10000,2,2,1,-1,-1,-1,-1,-1,-1,7170,8158,9593,10104,9923,8032,1500,2000,1000,313,356,3000,2830,1842,407,-104,77,1968,44811,1
50000,2,1,2,-1,2,-1,-1,-1,-1,15609,14686,15831,16884,18070,19218,0,2100,2000,2000,2000,2000,34391,35314,34169,33116,31930,30782,90198,1
340000,3,2,2,-2,-2,-2,-2,-2,-2,660,1131,291,291,291,291,1131,291,291,291,291,8048,339340,338869,339709,339709,339709,339709,-7388,0
330000,2,4,2,-1,-1,-1,-1,-1,-1,156853,139687,120586,123152,115105,85737,5757,3923,4108,3632,3779,3672,173147,190313,209414,206848,214895,244263,716249,0
230000,1,2,3,-1,-1,-1,-1,-1,-1,740,740,10860,10120,7050,740,740,10860,0,0,740,0,229260,229260,219140,219880,222950,229260,17910,0
360000,1,2,3,1,-2,-2,-2,-2,-2,0,0,0,0,0,0,0,0,0,0,0,0,360000,360000,360000,360000,360000,360000,0,0
30000,3,6,3,-1,-1,2,-1,-1,-1,18385,20422,18905,24817,29220,17260,4000,0,10000,5000,1700,0,11615,9578,11095,5183,780,12740,108309,0
500000,1,2,3,2,-1,-1,-1,-1,-1,419352,428101,436809,443840,452841,468305,17008,17326,16101,16634,23501,20623,80648,71899,63191,56160,47159,31695,2538055,1
200000,1,1,3,-1,-1,-1,-1,-1,-1,3664,718,2946,390,390,390,718,2946,390,390,0,1313,196336,199282,197054,199610,199610,199610,2741,0
50000,2,2,4,-1,-1,-1,-1,-1,-1,41768,42561,42871,7606,11267,14453,2079,2001,500,4423,4000,2000,8232,7439,7129,42394,38733,35547,145523,1
240000,3,4,2,-1,-1,-1,-1,-1,-1,236267,239009,193335,194976,197168,196918,9000,7500,7000,6622,17150,20000,3733,991,46665,45024,42832,43082,1190401,1
290000,1,2,3,-1,-1,-1,-1,-1,-1,664,0,632,0,3152,316,0,632,0,3152,316,0,289336,290000,289368,290000,286848,289684,664,0
20000,3,4,1,1,-1,-1,-2,-2,-2,-8,4485,0,0,0,0,13148,433,0,0,0,0,20008,15515,20000,20000,20000,20000,-9104,1
60000,3,4,3,1,2,-1,-1,-1,-1,28763,25470,24125,22597,20784,15599,0,1301,1000,600,600,763,31237,34530,35875,37403,39216,44401,133074,0
160000,2,2,1,-1,-1,-1,-1,-1,-1,76054,73992,73246,71321,141494,72913,3275,3000,3000,3000,3500,2500,83946,86008,86754,88679,18506,87087,490745,0
200000,1,4,2,-1,-1,-1,-1,-1,-1,1041,1053,3042,1381,1381,27106,2000,2011,0,0,27106,35200,198959,198947,196958,198619,198619,172894,-31313,0
70000,2,2,2,-1,-1,-1,-1,-1,-1,43981,33439,24926,10681,7431,4705,1683,3160,3000,3000,5060,5032,26019,36561,45074,59319,62569,65295,104228,0
140000,1,2,2,-1,-1,-1,-1,-1,-1,10339,18276,25852,14390,13728,2905,10006,10048,5008,2018,2005,1005,129661,121724,114148,125610,126272,137095,55400,0
460000,1,1,3,-1,-1,-1,-1,-1,-1,15264,51372,103119,68541,28269,75942,51383,103142,68541,28269,76056,52143,444736,408628,356881,391459,431731,384058,-37027,0
160000,2,4,2,-2,-2,-1,-1,-1,-1,2992,1300,8899,6257,-1197,12151,1300,12038,10696,613,14262,0,157008,158700,151101,153743,161197,147849,-8507,0
200000,2,2,3,-1,-1,-1,-2,-2,-2,6699,4856,-3,-3,-3,-3,4880,0,0,0,0,0,193301,195144,200003,200003,200003,200003,6663,0
80000,3,4,4,-1,-1,-1,-1,-1,-1,78009,78616,49662,48867,48278,46773,2420,2000,1656,1693,1767,1581,1991,1384,30338,31133,31722,33227,339088,0
310000,1,2,3,-2,-2,-2,-2,-2,-2,5202,6495,5781,7754,12315,14099,3000,1000,4000,5000,5000,5000,304798,303505,304219,302246,297685,295901,28646,0
290000,2,2,1,2,2,-1,-1,-1,-1,63872,62290,63624,64427,62853,63923,0,3000,2406,2431,2433,2434,226128,227710,226376,225573,227147,226077,368285,1
120000,1,2,1,-1,-1,2,-1,-1,-1,11472,13485,11649,11435,11400,12661,2652,0,342,521,2000,3000,108528,106515,108351,108565,108600,107339,63587,0
20000,3,2,2,2,2,2,2,2,2,13335,15617,15090,16859,16472,21819,2800,0,2001,0,5782,0,6665,4383,4910,3141,3528,-1819,88609,0
90000,1,2,1,-1,-1,-1,-1,-1,-1,140,0,280,140,133,2506,0,420,0,133,2513,910,89860,90000,89720,89860,89867,87494,-777,0
60000,1,1,5,-1,-1,-1,-1,-1,-1,390,390,2840,390,390,769,390,2840,390,390,769,390,59610,59610,57160,59610,59610,59231,0,0
260000,2,1,2,2,-1,-1,2,-1,-1,110529,113505,114531,111037,95454,96370,7010,7004,15,3000,3000,3000,149471,146495,145469,148963,164546,163630,618397,1
180000,2,4,2,-1,-1,-1,-1,-1,-1,167539,171133,173037,170470,174373,163873,7782,6352,5883,6427,6500,5029,12461,8867,6963,9530,5627,16127,982452,0
50000,3,2,3,-1,-1,-1,-1,-1,-1,15502,14446,10339,10766,10945,11214,1500,1500,600,500,600,500,34498,35554,39661,39234,39055,38786,68012,0
50000,3,1,3,-1,-1,-1,-1,-1,-1,34582,25281,15264,12465,13262,13523,2000,2000,1000,1000,482,2000,15418,24719,34736,37535,36738,36477,105895,0
50000,3,2,4,-1,-1,-1,-1,-1,-1,48019,49127,43711,33626,19371,19808,2279,1902,1000,841,900,692,1981,873,6289,16374,30629,30192,206048,0
200000,1,4,2,-1,-1,-1,-1,-1,-1,14254,19902,17822,15022,13051,10790,10000,2000,1000,2000,1790,1000,185746,180098,182178,184978,186949,189210,73051,0
170000,2,1,2,-1,-1,-1,-1,-1,-1,3995,6300,15291,9085,5801,6603,6380,15291,182,116,6603,4000,166005,163700,154709,160915,164199,163397,14503,0
50000,1,4,1,-1,-1,-1,-1,-1,-1,49086,48614,44211,27415,26630,8551,2047,1539,633,634,433,25586,914,1386,5789,22585,23370,41449,173635,0
440000,3,1,3,-1,-1,-1,-1,-1,-1,98161,1238,1238,1238,1238,2165,1238,1238,1238,1238,2165,150000,341839,438762,438762,438762,438762,437835,-51839,1
100000,2,1,1,-1,-1,-2,-2,-2,-2,10000,0,0,0,0,0,0,0,0,0,0,0,90000,100000,100000,100000,100000,100000,10000,0
50000,3,2,3,-1,-1,-1,2,-1,-1,26116,27192,29535,28761,29298,30111,1500,2803,0,1000,1300,1200,23884,22808,20465,21239,20702,19889,163210,1
220000,1,1,3,-1,-1,-1,-1,-1,-1,85224,69475,69651,68255,61183,60982,3209,2913,2435,2300,2378,2266,134776,150525,150349,151745,158817,159018,399269,0
150000,3,4,3,-2,-2,-2,-2,-2,-2,1622,12946,0,0,1761,18304,13016,0,0,1761,18306,4275,148378,137054,150000,150000,148239,131696,-2725,0
20000,1,2,1,1,-2,-2,-2,-1,-1,0,0,0,0,12723,30000,0,0,0,12723,18000,32200,20000,20000,20000,20000,7277,-10000,-20200,0
160000,2,2,2,1,2,2,-2,-2,-2,40712,29920,0,0,0,0,0,0,0,0,0,0,119288,130080,160000,160000,160000,160000,70632,0
50000,1,2,1,-1,-1,-1,-1,-1,-1,44476,45984,20972,16359,1340,0,2869,1527,16408,1444,0,0,5524,4016,29028,33641,48660,50000,106883,0
130000,3,2,3,-1,-1,-2,-2,-2,-2,102650,0,0,0,0,0,0,0,0,0,0,0,27350,130000,130000,130000,130000,130000,102650,0
20000,2,2,2,-1,-1,-1,-1,-1,-2,15198,19590,18514,30382,0,0,5000,2000,1000,6000,0,0,4802,410,1486,-10382,20000,20000,69684,1
200000,2,2,2,-2,-2,-2,-2,-2,-2,28484,3440,8795,13676,-1282,-1282,3440,8795,13676,1282,0,0,171516,196560,191205,186324,201282,201282,24638,0
20000,1,4,1,-2,-2,-2,-2,-2,-2,483,480,390,390,390,390,487,390,390,390,390,390,19517,19520,19610,19610,19610,19610,86,0
300000,1,2,2,-1,-1,-1,-2,-1,-1,1134,611,0,0,706,0,613,0,0,706,0,0,298866,299389,300000,300000,299294,300000,1132,0
120000,1,4,1,-1,-1,2,-1,-1,-1,105169,109456,105810,98712,84856,70059,8000,3000,4100,4000,3600,2000,14831,10544,14190,21288,35144,49941,549362,1
360000,1,4,1,-1,-1,-1,-1,-1,-1,949,40,175512,74334,46985,50276,40,175539,1372,0,50276,13460,359051,359960,184488,285666,313015,309724,107409,0
140000,1,3,4,-1,-1,-1,-1,-1,-1,141148,139572,86612,62906,83167,83315,4900,3340,1931,22444,2441,1657,-1148,428,53388,77094,56833,56685,560007,0
210000,2,4,1,-1,-1,-1,-1,-1,-1,79453,61742,65068,73934,74752,82638,3000,5000,10000,2800,10000,5000,130547,148258,144932,136066,135248,127362,401787,1
200000,1,2,2,-2,-2,-2,-2,-2,-2,0,0,0,0,0,0,0,0,0,0,0,0,200000,200000,200000,200000,200000,200000,0,0
130000,1,4,1,-1,-1,-1,-1,-1,-1,31283,32045,28974,23386,23958,24740,1900,1500,1000,1100,1337,1500,98717,97955,101026,106614,106042,105260,156049,1
240000,2,2,3,-1,-1,-2,-2,-2,-2,101,0,0,0,0,0,0,0,0,0,0,0,239899,240000,240000,240000,240000,240000,101,1
80000,3,1,5,-1,-1,-1,-1,-1,-1,25043,17472,8922,3932,2900,0,1374,1026,3944,3208,0,0,54957,62528,71078,76068,77100,80000,48717,0
500000,1,4,2,1,-2,-2,-2,-2,-2,0,0,0,0,0,0,0,0,0,0,0,0,500000,500000,500000,500000,500000,500000,0,1
320000,1,1,3,2,4,3,2,2,2,339202,337495,325700,313988,327542,317129,5000,0,0,23800,0,12165,-19202,-17495,-5700,6012,-7542,2871,1920091,1
210000,1,4,4,-1,-1,-1,-2,-2,-2,203653,23520,0,0,0,0,5000,0,0,0,0,0,6347,186480,210000,210000,210000,210000,222173,0
200000,2,2,3,-2,-2,-2,-2,-2,-2,0,0,0,0,0,0,0,0,0,0,0,0,200000,200000,200000,200000,200000,200000,0,1
50000,1,2,2,2,-1,-1,-1,-1,2,11533,12951,22339,22669,24121,23540,1612,10000,1000,1820,0,696,38467,37049,27661,27331,25879,26460,102025,0
340000,1,2,2,-1,-1,-1,-1,-1,-1,4397,13840,10780,8201,7675,5653,13847,10780,0,2000,5653,1976,335603,326160,329220,331799,332325,334347,16290,0
240000,2,1,5,-1,-1,-1,-1,-1,2,1901,3855,3802,1901,2165,1965,3855,1901,0,2165,0,108,238099,236145,236198,238099,237835,238035,7560,0
240000,1,4,1,-1,-1,-1,-1,-1,-1,46746,36935,29718,22828,19808,12606,1868,1683,1500,5000,2606,5000,193254,203065,210282,217172,220192,227394,150984,0
50000,2,1,3,-1,-1,-1,-1,-1,-1,30211,48389,52230,18887,17693,18074,21190,5144,591,577,609,505,19789,1611,-2230,31113,32307,31926,156868,0
50000,3,1,4,2,2,2,-1,-1,-1,19056,18586,17418,15004,15804,17443,1000,1000,1000,1000,4024,2000,30944,31414,32582,34996,34196,32557,93287,0
20000,2,4,3,-1,-1,-1,2,2,2,13521,4964,882,882,914,930,1000,900,0,182,16,0,6479,15036,19118,19118,19086,19070,19995,1
510000,1,1,2,-2,-1,-1,-1,-2,-1,0,2754,3700,0,0,102097,2754,1000,0,0,102097,3509,510000,507246,506300,510000,510000,407903,-809,0
220000,1,4,1,1,-2,-1,-1,-1,-1,0,0,2598,640,168,1579,0,2598,790,168,1579,7203,220000,220000,217402,219360,219832,218421,-7353,0
220000,2,4,2,-1,-1,-1,-1,-1,-1,596,892,7681,11642,23030,22449,892,7681,20000,20000,0,0,219404,219108,212319,208358,196970,197551,17717,0
60000,1,2,2,-1,-1,-1,-1,-1,-1,42372,35580,28330,28136,26752,27357,1500,1800,1088,1200,1200,1000,17628,24420,31670,31864,33248,32643,180739,0
40000,2,4,1,2,2,2,2,2,2,5678,9900,9592,10433,10521,10203,4500,0,1000,400,0,2200,34322,30100,30408,29567,29479,29797,48227,1
50000,1,2,5,-1,-1,-1,-1,-1,-1,46351,20055,18725,17848,14610,11314,1377,1165,522,1000,485,426,3649,29945,31275,32152,35390,38686,123928,0
360000,1,2,3,-1,-1,2,2,-2,-2,600,2462,2274,0,0,0,2462,0,0,0,0,0,359400,357538,357726,360000,360000,360000,2874,1
120000,1,1,4,1,-2,-2,-1,-1,-1,0,-416,-1248,832,416,1398,0,0,2080,0,1398,0,120000,120416,121248,119168,119584,118602,-2496,1
20000,3,2,1,-1,-1,-1,-1,-1,-1,17010,-820,19970,19580,20180,20000,0,21490,600,600,600,0,2990,20820,30,420,-180,0,72630,0
30000,2,1,2,-1,-1,-1,-2,-2,-2,34914,35000,0,0,0,0,1000,18000,0,0,0,0,-4914,-5000,30000,30000,30000,30000,50914,0
110000,1,4,1,-1,-1,-1,-1,-1,-1,316,316,316,316,466,316,316,316,316,466,316,632,109684,109684,109684,109684,109534,109684,-316,0
170000,2,4,2,-1,-1,-1,-1,-1,-1,165987,169790,115786,72309,73812,75149,8400,4000,2210,2282,2159,1800,4013,210,54214,97691,96188,94851,651982,0
180000,2,1,3,-1,2,2,-2,-2,-2,919,919,0,0,0,0,0,0,0,0,0,0,179081,179081,180000,180000,180000,180000,1838,0
50000,2,4,1,1,2,2,-1,-1,2,42586,43813,42779,38180,40685,37662,2200,0,1600,3300,0,1600,7414,6187,7221,11820,9315,12338,237005,0
180000,1,4,1,-1,-1,-1,-1,-1,-1,47815,8473,950,13408,3819,1107,8480,957,13408,3819,1107,20679,132185,171527,179050,166592,176181,178893,27122,0
80000,2,2,4,-1,-1,-1,-1,-1,-1,56602,14233,15729,3000,1500,1500,5000,5000,3000,0,1500,4473,23398,65767,64271,77000,78500,78500,73591,0
20000,1,2,2,-1,-1,-1,-1,-1,-1,5048,6797,9489,11349,14176,15616,2000,3000,2000,3000,3000,3000,14952,13203,10511,8651,5824,4384,46475,0
30000,3,2,4,-1,-1,-1,-1,-1,-1,17779,19097,19816,18471,16305,0,2000,1500,1000,841,0,1030,12221,10903,10184,11529,13695,30000,85097,0
80000,2,2,1,-1,-1,-1,-1,-1,-1,10394,86115,77955,49955,47700,48689,77900,3694,1694,1454,1499,1711,69606,-6115,2045,30045,32300,31311,232856,0
200000,1,1,4,-2,-1,-1,-1,-1,-1,513,974,4271,3696,0,2099,974,4271,3696,0,2099,7784,199487,199026,195729,196304,200000,197901,-7271,0
120000,2,2,3,-1,-1,-1,-1,-1,-1,117059,117000,116955,109973,108693,104890,5026,4541,4100,4100,4000,4000,2941,3000,3045,10027,11307,15110,648803,0
160000,4,2,4,-1,-1,-1,-1,-1,-1,202638,208706,210143,75166,68355,69602,7638,6263,2394,2274,2172,2291,-42638,-48706,-50143,84834,91645,90398,811578,0
500000,1,2,3,-1,-1,-1,-1,-1,-1,301,11057,58508,57855,134,11421,11063,49019,134,0,11421,0,499699,488943,441492,442145,499866,488579,67639,0
50000,2,4,1,-1,-1,-1,-1,-1,2,45675,41712,29756,32418,34983,18175,3630,2000,3500,2713,0,193,4325,8288,20244,17582,15017,31825,190683,0
50000,2,2,2,-1,-1,-1,-1,-1,-1,43724,45017,46106,28381,29546,29573,2000,2000,2000,2000,1000,1000,6276,4983,3894,21619,20454,20427,212347,0
200000,1,2,3,-1,-1,2,-1,-1,-1,24720,20982,20398,19888,22713,19405,3000,0,8000,5000,3000,0,175280,179018,179602,180112,177287,180595,109106,0
30000,2,2,1,-1,-1,-1,2,-1,-1,7298,8322,9826,9519,10362,11187,1147,1651,0,1000,1000,1000,22702,21678,20174,20481,19638,18813,50716,1
190000,2,2,2,1,-2,-2,-2,-2,-2,-2500,-3000,-3000,-3000,-3000,-3000,0,0,0,0,0,0,192500,193000,193000,193000,193000,193000,-17500,0
120000,2,2,3,-1,-1,-1,-1,2,-1,14792,20084,0,6849,6598,16205,10000,0,6849,0,10000,2000,105208,99916,120000,113151,113402,103795,35679,0
30000,3,4,2,-1,-1,-1,-1,-1,-1,27782,5585,29572,26387,11207,0,2023,27887,2000,1000,0,0,2218,24415,428,3613,18793,30000,67623,0
30000,3,4,1,-1,-1,-1,-1,-1,-1,5334,697,12791,12490,13990,300,3565,12591,490,1500,300,0,24666,29303,17209,17510,16010,29700,27156,0
310000,1,2,2,-1,-1,2,-1,-1,-1,47224,51442,51531,51375,29069,29895,4900,1500,1000,1200,1200,1200,262776,258558,258469,258625,280931,280105,249536,0
30000,2,2,2,-1,-1,-1,-1,-1,-1,28405,29639,30246,23774,24384,15855,4000,1555,631,769,317,0,1595,361,-246,6226,5616,14145,145031,1
440000,1,2,4,2,-1,-1,-1,-1,-1,424606,418158,410821,403658,412248,456264,15010,14660,14500,15089,51000,27000,15394,21842,29179,36342,27752,-16264,2388496,1
50000,1,4,1,3,2,2,2,2,2,33202,34370,34806,35433,36216,36969,2000,1300,1500,1500,1500,1100,16798,15630,15194,14567,13784,13031,202096,1
70000,2,2,2,-1,-1,-1,-1,-1,-1,71586,59856,15379,2985,29351,29977,1308,15006,3000,29100,1100,1100,-1586,10144,54621,67015,40649,40023,158520,0
260000,1,4,2,-1,-1,-1,-1,-1,-1,180891,165412,108223,108860,80757,79073,8250,5500,5000,3500,3000,4000,79109,94588,151777,151140,179243,180927,693966,0
320000,1,1,3,-1,-1,-1,-1,-1,-1,10836,19751,72623,61459,44390,29773,19799,73706,1692,1023,761,67235,309164,300249,247377,258541,275610,290227,74616,0
210000,2,2,2,-1,-1,-1,-1,-1,-1,128553,109234,87567,83716,69925,64108,3762,3808,4177,2594,2442,2319,81447,100766,122433,126284,140075,145892,524001,0
280000,1,2,1,-1,-1,-1,-1,-1,-1,58308,61024,62665,63730,57916,59122,4000,3000,2315,2103,2500,2000,221692,218976,217335,216270,222084,220878,346847,0
140000,1,2,2,-1,-1,-1,-1,-1,-1,83768,79736,76167,66410,71150,75781,5000,6029,8000,6000,6000,3000,56232,60264,63833,73590,68850,64219,418983,0
20000,3,4,1,-1,-1,-1,-1,-1,-1,14218,13573,14137,13737,12680,12067,1700,1500,0,0,1067,392,5782,6427,5863,6263,7320,7933,75753,0
340000,1,2,1,-1,-1,-1,-1,-1,-1,239715,421651,203784,181490,154478,135259,10469,6618,5168,5014,5398,2738,100285,-81651,136216,158510,185522,204741,1300972,1
70000,3,6,2,-1,-1,-1,-1,-1,-1,34244,32193,10803,15133,3148,4699,3000,11000,5000,3150,2000,4000,35756,37807,59197,54867,66852,65301,72070,0
120000,1,2,4,1,-1,-1,-2,-1,-1,-110,16390,0,0,660,0,16500,0,0,660,0,0,120110,103610,120000,120000,119340,120000,-220,0
60000,2,4,1,-1,-1,-1,-1,-1,-1,57771,53334,0,41645,41833,41481,2336,1414,0,2000,1503,3200,2229,6666,60000,18355,18167,18519,225611,0
30000,3,2,1,-1,-1,-1,-1,-1,-1,28547,29398,29864,30115,15818,13813,1700,1500,1010,1000,1000,1200,1453,602,136,-115,14182,16187,140145,0
30000,2,2,1,-1,-1,-1,-1,-1,-1,12174,13309,13874,15304,8588,4873,1635,1200,1630,4000,1000,300,17826,16691,16126,14696,21412,25127,58357,0
80000,1,1,1,-1,-1,2,2,-1,-1,48470,52374,52889,51520,50741,50322,4700,2000,0,1800,1850,1800,31530,27626,27111,28480,29259,29678,294166,1
50000,2,1,3,-1,-1,-1,-1,-1,-1,28788,21485,18800,17272,14226,14991,1377,1500,500,2000,1000,2000,21212,28515,31200,32728,35774,35009,107185,0
100000,3,2,2,-1,-1,-1,-1,-1,-1,20116,19319,16356,10144,8095,10140,4000,2000,4000,3095,5140,4122,79884,80681,83644,89856,91905,89860,61813,0
60000,2,1,2,-1,-1,-1,-1,-1,-1,60130,60655,56106,29270,29412,29798,3007,3015,5000,2000,3000,3000,-130,-655,3894,30730,30588,30202,246349,0
10000,2,4,1,-1,5,4,3,2,2,4205,4003,3800,3597,3395,4187,0,0,0,0,1000,0,5795,5997,6200,6403,6605,5813,22187,1
280000,1,2,3,-2,-1,-1,-1,-2,-2,939,8188,36670,0,1455,3023,8188,30000,0,1455,3023,24668,279061,271812,243330,280000,278545,276977,-17059,0
250000,3,4,3,-2,-2,-2,-2,-2,-2,7363,27415,0,1930,1643,1687,27474,0,1930,1643,1687,0,242637,222585,250000,248070,248357,248313,7304,0
40000,2,1,3,-1,-1,-1,-1,-1,-1,1672,0,836,836,571,1735,0,836,836,571,2000,0,38328,40000,39164,39164,39429,38265,1407,0
30000,1,4,1,1,2,2,2,-1,-1,29628,30453,30082,28933,25255,25344,1600,1000,7,880,3028,0,372,-453,-82,1067,4745,4656,163180,0
50000,1,1,4,-1,-1,-1,-1,-1,-1,42624,39943,7218,6946,6808,6542,2173,1248,366,500,384,500,7376,10057,42782,43054,43192,43458,104910,0
70000,3,4,1,-1,-1,-1,-1,-1,-1,70780,67741,40195,48568,49039,50387,3088,1787,50314,1768,2541,1588,-780,2259,29805,21432,20961,19613,265624,0
130000,2,2,1,-1,-1,-1,-1,-1,-1,86914,85558,77163,80240,46637,51409,6134,3100,5000,3000,6000,13031,43086,44442,52837,49760,83363,78591,391656,0
60000,2,4,1,-1,-1,-1,-1,-1,-1,60839,59316,59707,18490,19505,20197,3400,1705,1200,1300,1003,1000,-839,684,293,41510,40495,39803,228446,0
200000,2,2,1,-1,-1,-1,-1,-1,-1,81568,81876,82617,83284,64520,54178,3500,3000,2500,3000,2000,2000,118432,118124,117383,116716,135480,145822,432043,0
100000,1,4,2,-1,-1,2,-1,-1,-1,90825,97242,94407,95124,96354,64168,8800,0,2951,2300,7174,2700,9175,2758,5593,4876,3646,35832,514195,0
190000,2,4,2,-1,-1,-1,-1,-1,-1,194724,190781,191861,155967,153193,156494,8900,6200,5500,5600,5800,5600,-4724,-781,-1861,34033,36807,33506,1005420,1
20000,3,1,2,8,7,6,5,4,3,24166,23845,23214,22583,21662,21031,0,0,0,0,0,0,-4166,-3845,-3214,-2583,-1662,-1031,136501,1
230000,1,2,3,-2,-2,-2,-2,-2,-2,380,380,380,380,380,380,380,380,380,380,380,380,229620,229620,229620,229620,229620,229620,0,1
90000,2,4,1,-1,-1,2,-1,-1,-1,87561,92996,89866,48574,41746,38486,8548,0,1527,1617,1490,659,2439,-2996,134,41426,48254,51514,385388,0
240000,1,4,1,-1,-1,-1,-1,-1,-1,191059,197548,203823,216971,223048,228755,10000,10000,17000,10000,10000,8000,48941,42452,36177,23029,16952,11245,1196204,0
20000,2,4,1,2,-1,-1,-1,-1,-1,11995,13324,14029,14308,14625,18245,1528,1233,512,547,3880,0,8005,6676,5971,5692,5375,1755,78826,1
20000,3,4,1,2,2,-1,-1,-1,-2,19393,18801,19077,11993,0,0,0,1023,240,0,0,0,607,1199,923,8007,20000,20000,68001,1
50000,1,4,1,-1,-1,-1,-1,-1,-1,2757,3776,4785,5031,5134,5138,1070,1079,325,332,238,1180,47243,46224,45215,44969,44866,44862,22397,0
230000,2,4,3,-1,-1,-1,-1,-1,-1,72742,73256,66321,66271,62401,61510,5000,4023,5000,5000,5267,3000,157258,156744,163679,163729,167599,168490,375211,0
430000,2,2,3,-2,-2,-2,-2,-2,-2,2830,21419,15555,6705,6705,5673,21419,0,6705,0,5673,7791,427170,408581,414445,423295,423295,424327,17299,0
50000,2,1,2,-1,-1,-1,-1,-1,-1,48976,47404,46338,14234,19545,20173,2023,3105,3119,11000,909,3000,1024,2596,3662,35766,30455,29827,173514,0
230000,2,2,2,-1,-1,-1,-1,-1,-1,143345,134344,116691,116220,112746,108653,6000,5000,5000,5000,5000,5038,86655,95656,113309,113780,117254,121347,700961,0
240000,4,4,2,-2,-1,2,-1,-1,-2,-235,1765,871,871,-155,-155,2000,0,0,155,0,0,240235,238235,239129,239129,240155,240155,807,0
120000,1,4,2,-1,2,-1,-1,-1,-1,330,165,165,0,165,0,0,165,0,165,0,0,119670,119835,119835,120000,119835,120000,495,1
280000,2,2,1,-1,-1,-1,-1,-1,-1,256455,245712,231025,182159,80747,51689,8354,5501,4293,2079,1892,20012,23545,34288,48975,97841,199253,228311,1005656,0
500000,1,2,1,-1,-1,-1,-1,-1,-1,8898,1276,24031,41305,5405,32310,1283,24174,41306,5455,36914,12457,491102,498724,475969,458695,494595,467690,-8364,0
260000,2,1,4,-2,-2,-2,-2,-2,-2,-1,-1,-1,-1,-1,-1,0,0,0,0,0,0,260001,260001,260001,260001,260001,260001,-6,0
140000,1,4,2,-1,-1,-1,-1,-1,-1,727,829,550,1045,432,898,829,550,1045,432,898,208,139273,139171,139450,138955,139568,139102,519,0
310000,3,4,1,-1,-1,-1,-1,-1,-1,220845,179260,116798,109647,114745,103646,7809,10000,10000,10334,10000,5000,89155,130740,193202,200353,195255,206354,791798,0
50000,3,2,2,2,2,2,2,-1,-1,45557,46732,46589,30949,29857,30322,2200,1100,0,1224,1105,1400,4443,3268,3411,19051,20143,19678,222977,0
50000,3,2,2,-1,-1,-1,-1,-1,-1,48829,49789,19726,20074,20121,17021,2046,3000,1500,1000,1600,1500,1171,211,30274,29926,29879,32979,164914,0
30000,3,4,1,2,2,2,2,2,-1,15070,17509,17923,18134,17704,18256,3000,1000,800,0,1000,700,14930,12491,12077,11866,12296,11744,98096,1
200000,1,1,3,-1,-1,2,-1,-1,-1,142291,152679,148682,146505,150963,146553,14200,0,7000,7000,6500,11000,57709,47321,51318,53495,49037,53447,841973,0
80000,3,4,2,-1,-1,-1,-1,-1,-1,73132,74668,77427,80700,15525,81621,2710,4000,5000,15525,81621,2493,6868,5332,2573,-700,64475,-1621,291724,0
310000,3,4,2,-1,-1,-1,-1,-1,-1,6282,5835,912,1688,5590,1649,5864,919,1696,5617,1657,4510,303718,304165,309088,308312,304410,308351,1693,0
220000,2,4,1,-1,-1,-1,-1,-1,-1,57222,160712,210445,74138,1808,95818,107789,54539,1483,1808,94020,2581,162778,59288,9555,145862,218192,124182,337923,0
80000,2,4,1,-1,-1,-2,-2,-1,-1,35997,0,0,0,2345,2330,0,0,0,2345,2330,0,44003,80000,80000,80000,77655,77670,35997,0
500000,1,4,2,-1,-1,-1,-1,-1,-1,56197,55246,62402,42594,43652,38254,5000,10004,8000,3000,5000,8000,443803,444754,437598,457406,456348,461746,259341,0
100000,1,2,2,-1,-1,-1,-1,-1,-1,70113,71567,72410,73846,75556,77742,3181,2628,2640,2897,3600,2500,29887,28433,27590,26154,24444,22258,423788,0
200000,1,1,2,-1,-1,-1,-1,-1,-1,4052,4503,0,1115,1336,1878,4520,0,1115,1336,1878,0,195948,195497,200000,198885,198664,198122,4035,1
20000,2,2,2,-1,-1,-1,-1,-2,-2,8799,9671,11500,0,0,0,1171,2000,0,0,0,0,11201,10329,8500,20000,20000,20000,26799,0
20000,2,2,1,-1,-1,-1,-1,-1,-1,74510,75262,49919,43303,27929,15530,2734,1200,1077,3000,633,8000,-54510,-55262,-29919,-23303,-7929,4470,269809,0
80000,2,2,2,-1,-1,-1,-1,-1,-1,54809,55944,57075,57745,59099,60489,2612,2655,2214,2435,2669,16981,25191,24056,22925,22255,20901,19511,315595,0
110000,2,2,1,-1,-1,-2,-2,-2,-2,41300,0,0,0,0,0,0,0,0,0,0,0,68700,110000,110000,110000,110000,110000,41300,0
100000,2,1,2,-1,-1,-1,-1,-1,-1,99660,99908,98052,94423,96056,97320,4600,3500,3400,3500,5000,3500,340,92,1948,5577,3944,2680,561919,0
400000,4,1,2,-1,-1,-1,-1,-1,-1,3443,69,188,188,177,2378,69,188,188,177,2400,11320,396557,399931,399812,399812,399823,397622,-7899,0
320000,1,1,3,-1,-1,-1,-1,-1,-1,430,430,430,430,430,430,430,430,430,430,430,430,319570,319570,319570,319570,319570,319570,0,0
180000,2,2,1,-1,-1,-1,-1,-1,-1,139097,131157,128342,122345,109228,101428,5699,4300,4023,3785,3684,4000,40903,48843,51658,57655,70772,78572,706106,0
180000,2,4,1,-1,-1,2,-1,-1,-1,5319,6531,5446,4853,3965,3310,2300,0,288,143,246,33,174681,173469,174554,175147,176035,176690,26414,0
30000,2,4,1,-1,-1,-1,-1,-1,-1,30123,30299,27758,22720,19136,14452,1600,2000,2000,614,924,0,-123,-299,2242,7280,10864,15548,137350,1
30000,2,2,2,1,3,2,2,2,2,14320,13808,13289,14068,14596,14212,0,0,1000,900,0,1431,15680,16192,16711,15932,15404,15788,80962,1
240000,1,4,3,-1,-1,-1,-1,-1,-1,238107,242159,225695,210199,208307,203779,12067,10009,10000,10000,10000,30296,1893,-2159,14305,29801,31693,36221,1245874,0
100000,1,4,1,2,-1,-1,-1,-1,-1,76831,72100,66575,68499,69584,71247,4037,3000,3000,3000,3000,2600,23169,27900,33425,31501,30416,28753,406199,0
90000,2,1,4,-1,-1,-1,-1,-1,-1,85241,86576,86914,28698,29722,29400,3600,2196,1027,1486,588,352,4759,3424,3086,61302,60278,60600,337302,0
20000,2,1,1,-1,-1,-1,-1,-1,-1,19356,19754,20279,19887,19887,0,1485,1400,398,0,0,0,644,246,-279,113,113,20000,95880,0
60000,2,2,1,-1,-1,2,2,2,2,37788,39366,41531,42048,41241,44056,2500,3114,1496,0,3500,0,22212,20634,18469,17952,18759,15944,235420,1
90000,3,1,2,2,2,2,-1,-1,-1,28774,29420,28502,30162,17274,15243,1400,0,2041,1007,1015,330,61226,60580,61498,59838,72726,74757,143582,0
80000,2,2,3,-1,-1,-1,-1,-1,-1,5143,8351,3234,1819,1909,1909,6458,3917,1819,2299,1909,3069,74857,71649,76766,78181,78091,78091,2894,0
500000,1,2,2,-1,-1,-1,-1,-1,-1,174246,149600,83320,79359,57549,44994,6371,5000,10051,7549,2102,50000,325754,350400,416680,420641,442451,455006,507995,0
430000,1,2,2,-1,-1,-1,-1,-1,-1,81963,93893,100177,-3849,304425,293920,15000,70000,3116,313094,10300,15000,348037,336107,329823,433849,125575,136080,444019,0
130000,1,2,1,-1,-1,-1,-1,-1,-1,339,339,339,339,339,339,339,339,339,339,339,339,129661,129661,129661,129661,129661,129661,0,0
500000,2,2,5,-1,-1,-1,-1,-1,-1,3718,1755,2988,11645,13237,303512,1755,2988,11645,13237,303512,0,496282,498245,497012,488355,486763,196488,3718,0
350000,2,2,2,-1,-1,-1,-1,-1,-1,282,2728,1606,1015,24555,185,2750,1612,1017,24560,1000,917,349718,347272,348394,348985,325445,349815,-1485,0
320000,1,2,2,-1,-1,-1,-1,-1,-1,744,2291,2197,3934,5541,3141,2297,2203,3957,5557,3150,3056,319256,317709,317803,316066,314459,316859,-2372,0
160000,2,4,1,-1,-1,-1,-1,-1,-1,142214,145225,149812,151426,154688,158511,5300,7000,5600,5700,6400,6400,17786,14775,10188,8574,5312,1489,865476,0
110000,1,2,1,2,-1,-1,-1,2,-1,109887,99030,89317,80674,79311,81246,3500,6748,5700,0,3200,5700,113,10970,20683,29326,30689,28754,514617,1
60000,3,6,4,-1,-1,-1,-1,-1,-1,57605,48877,39689,27736,28420,29002,2088,1900,962,1100,1023,963,2395,11123,20311,32264,31580,30998,223293,0
260000,4,4,2,-1,-1,-1,-1,-1,-1,18457,22815,27086,27821,30767,29890,5000,5000,1137,5000,1085,5000,241543,237185,232914,232179,229233,230110,134614,0
50000,1,1,3,-1,-1,-1,-1,-1,-1,49550,51636,53561,53283,53057,52908,2743,2668,1712,1762,1894,1670,450,-1636,-3561,-3283,-3057,-2908,301546,0
270000,2,2,3,-1,-1,-1,-1,-1,-1,274610,274870,258759,225454,225032,225698,10556,10050,8370,8510,8250,10671,-4610,-4870,11241,44546,44968,44302,1428016,0
210000,1,1,4,-1,-1,-1,-1,-1,-1,44933,38542,39332,11140,8463,10406,1793,8242,12000,8534,11000,7500,165067,171458,170668,198860,201537,199594,103747,0
20000,2,2,1,-1,-1,2,3,3,2,16196,17825,20234,20510,19897,19900,2200,3000,900,0,500,0,3804,2175,-234,-510,103,100,107962,0
30000,2,4,3,2,2,2,2,2,2,28859,28116,30226,29454,31775,30743,0,2900,0,2787,0,1445,1141,1884,-226,546,-1775,-743,172041,0
500000,1,2,4,-1,-1,-1,-1,-1,-1,881,1035,29944,10528,17907,3147,1035,29944,10528,17907,3147,5011,499119,498965,470056,489472,482093,496853,-4130,0
360000,1,4,2,-1,-1,-1,-1,-1,-1,24500,2251,7714,4502,1896,5117,2251,5463,2251,1896,5117,7172,335500,357749,352286,355498,358104,354883,21830,0
90000,2,2,2,-1,-1,-1,-1,-1,-1,2629,1076,1613,993,7881,1516,1079,1617,996,7904,1521,413,87371,88924,88387,89007,82119,88484,2178,0
10000,2,4,1,-1,-1,-1,-1,-1,-1,7797,8893,9665,9862,4854,1430,1228,1000,197,1597,1430,1184,2203,1107,335,138,5146,8570,35865,0
200000,2,4,2,-1,-1,-1,-1,-1,-1,93863,93893,90837,85520,84945,81431,4762,3856,2753,2900,3000,2800,106137,106107,109163,114480,115055,118569,510418,0
60000,2,2,2,1,-2,-2,-1,-1,-1,-391,-781,-781,389,389,609,0,0,1950,0,1000,0,60391,60781,60781,59611,59611,59391,-3516,0
80000,2,1,3,-1,-1,-1,-1,-1,-1,5810,216,5741,6143,7039,26799,216,7741,500,1000,20000,1500,74190,79784,74259,73857,72961,53201,20791,0
500000,1,2,2,-2,-1,-1,-1,-1,-1,11086,22919,35937,31227,21135,2632,23008,20046,5075,5103,2646,20642,488914,477081,464063,468773,478865,497368,48416,0
50000,2,1,1,-1,-1,-1,-1,-1,-1,47285,47807,48371,48629,49410,49568,2108,2062,1710,1923,1512,1000,2715,2193,1629,1371,590,432,280755,0
50000,2,4,1,-1,-1,-1,-1,-1,-1,45404,38383,39851,27258,27679,28619,1700,2156,1200,1010,1400,970,4596,11617,10149,22742,22321,21381,198758,0
200000,1,4,2,-1,-1,-1,-1,-1,-1,4520,10382,4447,126476,700,0,10382,4447,126476,700,0,860,195480,189618,195553,73524,199300,200000,3660,0
470000,2,1,3,-1,-1,-1,-1,-1,-1,293261,279104,220728,198425,182826,130586,18000,10018,10000,10000,4771,6000,176739,190896,249272,271575,287174,339414,1246141,0
180000,3,2,3,-1,-1,-1,-1,-1,-1,6092,3576,13920,11112,3182,1985,4198,13935,11112,3182,1985,3276,173908,176424,166080,168888,176818,178015,2179,0
240000,2,1,2,-1,-1,-1,-1,-1,-1,23486,19867,14653,8626,0,1128,3000,2000,0,1790,1128,0,216514,220133,225347,231374,240000,238872,59842,0
200000,1,1,2,2,2,2,2,2,2,2500,2500,2500,2500,2500,2500,0,0,0,0,0,0,197500,197500,197500,197500,197500,197500,15000,1
20000,2,2,3,8,7,6,5,4,3,20753,20496,19930,19434,18577,18011,0,0,70,0,0,0,-753,-496,70,566,1423,1989,117131,1
80000,2,4,2,-1,-1,2,-1,-1,-1,11572,14038,14207,14643,14856,15160,2670,700,672,600,550,570,68428,65962,65793,65357,65144,64840,78714,1
30000,2,2,4,-1,-1,2,2,2,2,10568,13075,13565,13055,13525,0,3000,1000,0,1000,2000,0,19432,16925,16435,16945,16475,30000,56788,0
200000,1,4,2,-1,-1,-2,-1,-1,-1,816,0,0,3240,3240,0,0,0,3240,0,0,0,199184,200000,200000,196760,196760,200000,4056,0
100000,2,2,2,1,2,-1,-1,-1,-1,66459,43930,25762,27848,66537,57506,0,1700,3000,40000,2500,2560,33541,56070,74238,72152,33463,42494,238282,0
70000,3,2,2,2,2,2,2,2,2,56448,57550,58008,58957,60367,61617,2600,2000,2500,2500,2400,2500,13552,12450,11992,11043,9633,8383,338447,1
140000,2,1,2,1,-2,-2,-2,-2,-2,0,0,0,0,0,0,0,0,0,0,0,0,140000,140000,140000,140000,140000,140000,0,0
30000,2,2,1,2,2,2,3,3,4,26648,27536,28203,29048,29903,30431,1600,1400,1600,1600,1600,1000,3352,2464,1797,952,97,-431,162969,0
100000,2,4,1,-1,-1,-1,-1,-1,2,96191,96908,97565,98561,103039,95803,3504,3500,3800,7500,0,3600,3809,3092,2435,1439,-3039,4197,566163,1
60000,2,2,2,-1,-1,-1,-1,-1,-1,42184,42108,41300,40840,40366,39737,2014,1616,1566,1700,1600,1400,17816,17892,18700,19160,19634,20263,236639,0
50000,1,4,1,-1,-1,2,-1,-1,-1,8225,2763,2545,1170,2480,8047,5308,0,1170,2480,8047,4428,41775,47237,47455,48830,47520,41953,3797,0
120000,1,2,2,-2,-2,-2,-2,-2,-2,0,0,0,0,0,150,0,0,0,0,150,974,120000,120000,120000,120000,120000,119850,-974,0
50000,3,2,1,-1,-1,-1,-1,-1,-1,42821,6609,1600,5087,4270,7881,1008,1600,5087,4270,7881,1000,7179,43391,48400,44913,45730,42119,47422,0
300000,2,2,1,-1,-1,-1,-1,-1,-1,293498,299066,295173,286885,287816,294383,13007,11067,10026,10500,11080,10500,6502,934,4827,13115,12184,5617,1690641,0
360000,1,2,2,-1,-1,-1,-1,-1,-2,2471,467,10947,9594,0,0,1000,11000,0,0,0,37704,357529,359533,349053,350406,360000,360000,-26225,0
40000,2,2,2,-1,-1,-1,-1,-1,-1,24230,25840,27556,27447,26254,29645,2000,2500,1500,1500,4000,0,15770,14160,12444,12553,13746,10355,149472,0
190000,2,4,3,-1,-1,-1,-2,-2,-2,18255,18779,0,0,0,0,19241,0,0,0,0,0,171745,171221,190000,190000,190000,190000,17793,0
30000,1,4,1,-1,-1,-1,-1,-1,-1,14294,15253,2142,29288,26579,25972,1300,2000,28000,800,501,553,15706,14747,27858,712,3421,4028,80374,0
280000,3,4,3,2,2,-1,-1,2,-1,1792,0,2292,1153,607,3076,0,2292,1153,0,3076,4983,278208,280000,277708,278847,279393,276924,-2584,1
30000,2,4,1,-1,-1,-1,-1,-1,-1,25287,26501,30300,25806,26149,25478,2011,5000,868,1092,3000,1500,4713,3499,-300,4194,3851,4522,146050,0
500000,1,2,2,-1,-1,-1,-1,-1,-1,185419,10573,0,282562,288459,293233,10573,0,282562,11000,9572,8928,314581,489427,500000,217438,211541,206767,737611,0
260000,1,4,2,-1,-1,-1,-1,-1,-1,1694,5499,1384,2085,5351,3179,5525,1390,2095,5361,15,1894,258306,254501,258616,257915,254649,256821,2912,0
60000,2,2,3,-1,-1,-1,-1,-1,-1,20351,21395,22388,22431,22324,22601,2000,2000,1000,1000,2000,0,39649,38605,37612,37569,37676,37399,123490,0
70000,3,2,2,-1,-1,-1,2,-1,-1,28518,29558,32054,31239,31935,32602,1504,3000,0,1200,1200,1300,41482,40442,37946,38761,38065,37398,177702,1
30000,2,2,1,2,2,2,2,2,-1,25465,29058,28236,29383,24131,26979,4000,0,2000,0,5000,2000,4535,942,1764,617,5869,3021,150252,0
300000,3,1,2,-1,-1,-1,-1,-1,-1,4926,2847,3351,1961,4409,2503,2855,3357,1965,4419,2509,1139,295074,297153,296649,298039,295591,297497,3753,0
30000,2,4,1,2,2,2,2,2,2,26163,26449,27915,27170,29071,29446,1000,2201,0,2500,1001,6,3837,3551,2085,2830,929,554,159506,0
40000,3,2,3,2,2,7,7,7,7,2400,2400,2400,2400,2400,2400,0,0,0,0,0,0,37600,37600,37600,37600,37600,37600,14400,1
80000,1,2,1,-1,-1,-1,-1,-1,-1,65734,58048,53012,53571,56721,57312,3000,3404,2000,4000,3000,5000,14266,21952,26988,26429,23279,22688,323994,0
50000,1,2,2,-1,-1,-1,-1,-1,-1,48264,19142,18188,18397,18161,18383,1565,7240,795,1000,673,647,1736,30858,31812,31603,31839,31617,128615,1
90000,1,2,2,-1,-1,-1,-1,-1,-1,2346,15271,16360,41936,538,2716,15271,2000,30000,538,2716,652,87654,74729,73640,48064,89462,87284,27990,0
260000,1,2,1,2,2,2,2,2,2,2497,2497,2497,2497,2497,2497,0,0,0,0,0,0,257503,257503,257503,257503,257503,257503,14982,1
100000,1,2,4,1,2,2,2,2,2,27044,26325,30882,30090,34419,33714,0,5000,0,5000,0,5000,72956,73675,69118,69910,65581,66286,167474,1
280000,1,2,2,1,-2,-2,-2,-2,-2,0,0,0,0,0,0,0,0,0,0,0,0,280000,280000,280000,280000,280000,280000,0,0
80000,2,2,1,-1,-1,-1,-1,-2,-2,17087,15576,16361,0,0,0,1500,1049,0,0,0,0,62913,64424,63639,80000,80000,80000,46475,0
150000,2,4,1,-1,-1,-1,-1,-1,-1,143596,147891,147248,139846,142808,150770,6241,5000,4400,4500,9600,0,6404,2109,2752,10154,7192,-770,842418,0
90000,2,4,2,-1,-1,-1,-2,-1,-1,2618,8489,371,385,13273,20971,7639,11336,1501,13278,10022,14045,87382,81511,89629,89615,76727,69029,-11714,0
130000,1,2,2,-1,2,-1,-1,-1,-1,10653,7439,15206,12446,7047,5472,13,12454,30,21,5488,1725,119347,122561,114794,117554,122953,124528,38532,0
210000,2,2,2,-1,-1,-1,-1,-1,-1,5491,8398,14307,17891,8517,23960,8406,14307,6000,0,23960,1000,204509,201602,195693,192109,201483,186040,24891,0
420000,1,4,3,-1,-1,-1,-1,-1,-1,559,1560,3360,3343,3091,3578,1001,2400,100,62,1276,1500,419441,418440,416640,416657,416909,416422,9152,0
500000,1,2,2,-1,-1,-1,-1,-1,-1,128068,143227,52196,43180,1095,856,20000,12000,0,1095,856,50000,371932,356773,447804,456820,498905,499144,284671,0
180000,1,2,2,1,-2,-2,-2,-1,-1,-203,-698,-193,-688,817,1157,0,1000,0,2000,1000,2000,180203,180698,180193,180688,179183,178843,-5808,1
150000,2,2,2,-1,-1,2,-1,-1,-1,141460,145408,142139,137453,139827,136320,8021,5066,6000,5029,5016,5100,8540,4592,7861,12547,10173,13680,808375,0
440000,1,2,2,-1,-1,-1,-1,-1,-1,50735,52938,54190,45962,47421,49512,3000,3000,2000,2150,3000,3000,389265,387062,385810,394038,392579,390488,284608,0
50000,1,2,1,-1,-1,-1,-1,-1,-1,49114,49907,38376,19595,19851,20256,2005,1323,840,713,727,701,886,93,11624,30405,30149,29744,190790,0
140000,2,1,1,-1,-1,-1,-1,-1,-2,3300,1300,3074,594,0,0,1300,3668,0,0,0,0,136700,138700,136926,139406,140000,140000,3300,1
150000,1,2,1,-1,-1,-1,-1,-1,-1,119613,115349,109765,101179,99940,96190,5900,5019,4588,4500,5000,5000,30387,34651,40235,48821,50060,53810,612029,0
150000,2,4,1,2,2,-1,-1,-1,-2,573,0,220,693,0,0,0,220,693,0,0,0,149427,150000,149780,149307,150000,150000,573,0
480000,4,2,3,-2,-2,-2,-2,-2,-2,7174,0,0,0,0,0,0,0,0,0,0,0,472826,480000,480000,480000,480000,480000,7174,0
100000,1,4,2,-1,-1,-1,-1,-1,-1,99031,90779,84891,76232,77833,74885,3300,4300,3000,2626,2913,2600,969,9221,15109,23768,22167,25115,484912,0
310000,1,4,2,-1,-1,-1,-1,-1,-1,71855,72440,63399,59912,45740,44325,5000,5000,3000,25000,3000,2000,238145,237560,246601,250088,264260,265675,314671,0
280000,1,4,1,-1,-1,-1,-1,-1,-1,56144,58180,34855,36000,37684,22478,5000,5000,2000,2000,2000,2000,223856,221820,245145,244000,242316,257522,227341,0
60000,2,2,4,-1,-1,-1,-1,-1,-1,10304,11330,12334,13319,14447,15549,1500,1500,1500,1500,1500,1500,49696,48670,47666,46681,45553,44451,68283,1
160000,1,4,2,1,-2,-2,-2,-1,-1,-200,-200,-200,0,10199,0,0,0,200,10199,303,0,160200,160200,160200,160000,149801,160000,-1103,0
90000,2,1,3,-1,-1,-1,-1,-1,-1,51666,52385,51790,50346,48745,46842,2919,3005,1700,1722,1414,1061,38334,37615,38210,39654,41255,43158,289953,0
50000,1,4,1,-1,-1,-1,-1,-1,-1,2926,1252,435,1309,589,1210,1254,435,1309,589,1210,1065,47074,48748,49565,48691,49411,48790,1859,0
200000,2,2,1,-1,-1,-1,-1,-1,-1,45487,47247,48160,49361,50564,51572,2800,2000,2000,2000,2000,2000,154513,152753,151840,150639,149436,148428,279591,0
240000,2,2,5,-1,-1,-1,-1,-1,-1,508581,471796,468202,442401,419209,425061,17389,80167,15167,16000,13133,196084,-268581,-231796,-228202,-202401,-179209,-185061,2397310,0
200000,1,2,2,-1,-1,-1,-1,-1,-1,846,810,1198,6081,4203,3044,864,1198,6081,4203,3044,0,199154,199190,198802,193919,195797,196956,792,0
100000,2,4,1,-2,-2,-2,-1,-1,-1,101771,102878,79618,4370,78453,80063,3800,7,971,79681,2861,2698,-1771,-2878,20382,95630,21547,19937,357135,1
50000,1,4,1,2,-1,-1,-1,-1,-1,45367,46815,10099,8686,8614,6977,2335,1629,500,500,1000,1000,4633,3185,39901,41314,41386,43023,119594,1
240000,1,4,2,-1,-1,-1,-1,-1,-1,1749,1087,3503,1003,1003,1003,1099,6430,1003,1003,1003,203,238251,238913,236497,238997,238997,238997,-1393,0
300000,1,4,1,1,-2,-1,-1,-1,-1,-4,-231,10610,10520,120,0,227,10841,0,100,0,0,300004,300231,289390,289480,299880,300000,9847,0
350000,3,2,3,-1,2,-1,-1,-1,-1,14103,5397,54554,92400,3520,3330,0,54554,83288,3520,3330,21852,335897,344603,295446,257600,346480,346670,6760,0
50000,3,2,1,1,2,-1,-1,-1,-1,48421,42779,34992,25916,27207,26192,0,1424,1500,1677,1500,1500,1579,7221,15008,24084,22793,23808,197906,1
50000,2,2,2,-1,-1,-1,-1,-1,-1,46801,38296,28923,29254,29313,29661,2839,1438,1159,1035,1196,1007,3199,11704,21077,20746,20687,20339,193574,0
30000,2,4,1,2,2,2,2,2,2,24022,25038,25429,25714,26353,26868,1700,1100,1000,1200,1100,1200,5978,4962,4571,4286,3647,3132,146124,1
50000,2,1,3,-2,-2,-2,-2,-2,-2,-2640,0,2640,0,1000,4702,2640,2640,1500,1000,4702,36015,52640,50000,47360,50000,49000,45298,-42795,0
20000,2,2,2,-1,-1,-1,2,3,2,6827,7759,9618,10313,9863,9558,1200,2000,1000,0,0,508,13173,12241,10382,9687,10137,10442,49230,1
270000,2,4,2,-1,-1,-1,-1,-1,-1,280435,276971,225836,219426,210514,180129,13600,8000,7000,10000,7000,10000,-10435,-6971,44164,50574,59486,89871,1337711,0
380000,1,1,3,2,-1,-1,-1,-1,-1,380933,380703,356474,308948,547880,309322,14651,12238,13479,13532,12015,11525,-933,-703,23526,71052,-167880,70678,2206820,1
10000,2,4,1,5,4,3,2,2,2,8541,8270,7995,7720,8224,7944,0,0,0,778,0,158,1459,1730,2005,2280,1776,2056,47758,1
80000,2,4,1,-1,-1,-1,-1,-1,-1,7880,8316,4761,5964,5697,2590,3034,3002,2093,1023,1000,1000,72120,71684,75239,74036,74303,77410,24056,0
240000,2,2,2,2,2,2,2,2,2,32463,33444,33996,34539,35238,35910,1800,1400,1400,1400,1400,0,207537,206556,206004,205461,204762,204090,198190,1
280000,1,4,2,-1,-1,-1,-1,-1,-1,211645,213513,106539,106361,108590,110915,6445,5245,3800,3881,4069,4035,68355,66487,173461,173639,171410,169085,830088,0
160000,1,2,3,-1,-1,-1,-1,2,2,42863,43874,44843,50072,49142,52336,2000,2000,6000,0,4200,2000,117137,116126,115157,109928,110858,107664,266930,0
180000,1,4,1,-1,-1,-1,-1,-1,-1,112403,83515,71259,66661,62770,58067,3500,3500,3000,3000,2300,2400,67597,96485,108741,113339,117230,121933,436975,0
50000,2,2,2,-1,-1,-1,2,-1,-1,4555,5764,6974,5315,4645,3955,1290,1500,0,1000,1000,1500,45445,44236,43026,44685,45355,46045,24918,0
50000,2,1,2,-1,-1,-1,-1,-1,-1,33105,31113,26669,29876,29257,28071,10005,5000,4800,1002,2000,2000,16895,18887,23331,20124,20743,21929,153284,0
20000,2,2,1,1,2,2,2,-1,-1,14380,13536,15040,14174,14472,14763,0,2040,0,526,532,1585,5620,6464,4960,5826,5528,5237,81682,0
20000,2,2,2,-1,-1,-1,-1,-1,-1,18357,18668,19597,19589,19275,0,1471,1400,392,386,0,0,1643,1332,403,411,725,20000,91837,0
140000,1,2,1,-1,-1,-1,-1,-1,-1,72274,70098,60180,43920,42670,41584,3231,2290,3499,1800,2000,2000,67726,69902,79820,96080,97330,98416,315906,0
360000,2,2,1,-2,-2,-2,-2,-1,-1,0,0,0,0,1090,8788,0,0,0,1090,7910,170027,360000,360000,360000,360000,358910,351212,-169149,0
180000,2,1,3,-1,-1,-1,-1,-1,-1,26660,660,660,660,36906,1470,660,660,660,36906,1320,0,153340,179340,179340,179340,143094,178530,26810,0
390000,1,1,2,-2,-2,-2,-2,-1,-1,3931,3625,1600,3815,8330,4765,3625,1600,3315,11645,4765,2171,386069,386375,388400,386185,381670,385235,-1055,1
30000,3,2,2,1,2,2,2,-1,-1,39995,38049,35435,31976,29704,27687,1700,1100,0,1030,1000,3330,-9995,-8049,-5435,-1976,296,2313,194686,0
210000,1,2,2,-1,-1,-2,-2,-2,-2,3805,0,0,0,0,0,0,0,0,0,0,0,206195,210000,210000,210000,210000,210000,3805,0
20000,2,2,1,-1,-1,-1,2,-1,-1,6128,7171,9582,9282,9977,10812,1300,2700,0,1000,1000,0,13872,12829,10418,10718,10023,9188,46952,0
450000,1,1,3,2,2,-2,-2,-2,-2,1000,0,0,0,0,0,0,0,0,0,0,0,449000,450000,450000,450000,450000,450000,1000,0
50000,3,1,1,1,-2,-2,-2,-2,-2,0,0,0,0,0,0,0,0,0,0,0,0,50000,50000,50000,50000,50000,50000,0,0
50000,3,2,3,1,2,-1,-1,-1,-1,49220,48161,49310,49725,49910,48694,0,2000,1900,2007,2000,2012,780,1839,690,275,90,1306,285101,1
20000,2,2,2,2,2,2,-1,-1,-1,19518,20202,19082,18890,19287,19751,1299,0,667,692,776,3730,482,-202,918,1110,713,249,109566,1
200000,1,4,2,-1,-1,-1,-1,-1,-1,7475,15540,3889,10496,31948,33016,15617,3927,10549,32108,33181,8910,192525,184460,196111,189504,168052,166984,-1928,0
230000,1,4,1,-1,-1,-1,-1,-1,-1,70327,66310,54176,42944,40391,35820,2963,1941,1534,1532,1565,1330,159673,163690,175824,187056,189609,194180,299103,0
50000,2,1,3,2,-1,-1,-1,-1,-1,48958,48293,48999,7470,6406,3679,2572,2602,349,706,500,1000,1042,1707,1001,42530,43594,46321,156076,1
50000,2,4,1,-1,-1,2,2,2,2,44883,47349,47475,46730,27204,9662,3189,1500,101,1590,0,194,5117,2651,2525,3270,22796,40338,216729,0
50000,1,2,4,-1,-1,-1,-1,-1,-1,51102,50484,49175,21944,20142,18728,2500,2158,927,696,1000,374,-1102,-484,825,28056,29858,31272,203920,0
20000,2,2,1,-1,-1,2,2,-1,-1,9811,15726,15723,15173,15925,16245,6097,547,0,1000,585,1000,10189,4274,4277,4827,4075,3755,79374,0
40000,1,1,3,2,2,2,2,2,2,11084,12605,13102,12595,14386,14005,2000,1000,0,2000,0,2000,28916,27395,26898,27405,25614,25995,70777,0
100000,1,2,1,-1,-1,-1,-1,-1,-1,567,390,508,0,4580,2274,390,508,0,4580,2274,0,99433,99610,99492,100000,95420,97726,567,0
150000,2,2,3,-1,-1,-1,-1,-1,-1,158844,149298,157537,162697,113925,116382,10004,10009,8014,5008,5012,5000,-8844,702,-7537,-12697,36075,33618,815636,0
240000,1,1,2,-1,-1,-1,-1,2,2,14559,15513,17242,18450,18013,19406,1500,2000,1500,0,1700,700,225441,224487,222758,221550,221987,220594,95783,0
360000,2,1,2,-2,-1,-1,-1,-1,-2,-5,3584,2280,2280,0,0,3589,2280,0,0,0,0,360005,356416,357720,357720,360000,360000,2270,0
130000,1,2,3,-1,-1,-1,-1,-1,-1,130874,132743,131862,101971,101689,101303,5500,6000,4000,4000,4000,3800,-874,-2743,-1862,28029,28311,28697,673142,0
50000,2,4,1,-1,-1,2,2,-1,-1,10587,25768,12218,13656,15918,10771,3500,2500,1980,3500,1000,0,39413,24232,37782,36344,34082,39229,76438,0
160000,2,1,5,-1,-1,-1,-1,-1,-1,18056,19385,20093,20643,20920,21336,1626,1334,884,758,763,942,141944,140615,139907,139357,139080,138664,114126,0
340000,2,2,2,-1,-1,-1,-1,-1,-1,34228,96716,74983,43557,15559,0,75113,2047,766,77,0,394,305772,243284,265017,296443,324441,340000,186646,0
20000,3,2,1,-1,-1,-1,-1,-1,-1,2331,3544,3064,1587,-193,3107,2700,2300,2100,0,5000,0,17669,16456,16936,18413,20193,16893,1340,1
60000,3,2,4,-1,-1,-1,-1,-1,-1,22460,23592,24665,26305,23756,25353,1500,1500,2000,1500,2000,2000,37540,36408,35335,33695,36244,34647,135631,0
220000,2,2,2,-1,-1,-1,-1,-1,-1,223150,226034,227153,174717,171145,174076,10000,9200,6300,6200,6600,9000,-3150,-6034,-7153,45283,48855,45924,1148975,0
280000,1,2,2,-1,-1,-1,-1,-1,-1,1280,2816,10802,23323,17041,282,2816,10802,13000,10041,282,7501,278720,277184,269198,256677,262959,279718,11102,1
60000,2,1,2,-1,-1,-1,-1,-1,-1,58920,60069,54853,59509,30565,30031,2319,1887,1500,1500,1300,1200,1080,-69,5147,491,29435,29969,284241,0
230000,1,1,3,2,-1,-1,-1,-1,-1,222059,161817,160270,60604,60986,62195,7300,4160,2308,2300,2223,2304,7941,68183,69730,169396,169014,167805,707336,1
120000,3,6,3,-1,-1,-2,-2,-1,-1,3307,0,0,0,1344,881,258,0,0,1344,929,599,116693,120000,120000,120000,118656,119119,2402,0
240000,1,4,2,-1,-1,-1,-1,-1,-1,325,18428,32384,22749,7804,290,18428,15000,0,0,300,350,239675,221572,207616,217251,232196,239710,47902,0
420000,1,2,1,-2,-1,-1,-1,-1,-1,3020,2916,1985,6850,1822,4249,2916,1985,6860,1822,4249,444,416980,417084,418015,413150,418178,415751,2566,0
230000,2,4,2,-1,-1,-2,-1,-1,-1,47906,0,0,1255,80158,81775,0,0,1255,80158,3107,2857,182094,230000,230000,228745,149842,148225,123717,0
30000,1,4,1,1,2,-1,-1,-1,-1,30739,29586,29412,18587,1558,4681,0,1331,49,5,5363,8,-739,414,588,11413,28442,25319,107807,1
210000,2,2,2,-1,-1,-1,-1,-1,-1,134664,136326,135173,124843,125294,104545,6006,5005,8500,4392,4000,4000,75336,73674,74827,85157,84706,105455,728942,0
250000,1,2,1,-1,-1,-1,-1,-1,-1,51268,52542,53779,54503,55685,57985,2500,2500,2000,2000,3000,4100,198732,197458,196221,195497,194315,192015,309662,0
70000,2,2,2,-1,-1,-1,-1,-1,-1,58053,53334,54448,55700,51511,52652,2000,1999,2181,1900,2000,2142,11947,16666,15552,14300,18489,17348,313476,0
20000,2,4,3,-1,-1,-1,-1,-1,-1,20212,20749,19930,15961,20107,19275,1415,1400,421,6000,3000,13000,-212,-749,70,4039,-107,725,90998,0
130000,3,1,3,-1,-1,-1,-1,-1,-1,123770,122189,118909,84865,86846,88069,4600,4871,3500,3500,3500,3100,6230,7811,11091,45135,43154,41931,601577,0
460000,1,1,3,-1,-1,-1,-1,-1,-1,321987,318546,316330,325874,325857,327232,12000,12850,16700,11200,12000,11080,138013,141454,143670,134126,134143,132768,1859996,0
170000,2,4,1,-1,-1,-2,-2,-2,-2,5155,0,0,0,0,0,0,0,0,0,0,0,164845,170000,170000,170000,170000,170000,5155,0
200000,2,2,2,-1,-1,-1,-1,-1,-1,7179,7626,3802,1271,1489,1260,7631,3803,1271,1489,1260,1373,192821,192374,196198,198729,198511,198740,5800,0
70000,3,1,3,-1,-1,-1,-1,-1,6,31796,32786,34242,35668,50052,51651,1500,2000,2000,15000,3000,0,38204,37214,35758,34332,19948,18349,212695,1
200000,1,2,2,-1,2,-1,-1,-1,-1,220,110,110,11946,32836,110,0,110,11946,21000,110,0,199780,199890,199890,188054,167164,199890,12166,1
20000,2,4,2,1,-2,-2,-2,-2,-2,0,0,0,0,0,0,0,0,0,0,0,0,20000,20000,20000,20000,20000,20000,0,1
200000,3,2,4,-1,-1,-1,-1,-1,-1,195507,182942,176158,159556,162943,156612,7048,6000,6000,5800,6000,6000,4493,17058,23842,40444,37057,43388,996870,0
250000,2,2,3,2,-1,-1,-1,-1,-1,237510,241605,240337,242803,240521,245310,9076,9007,9031,9000,10011,9008,12490,8395,9663,7197,9479,4690,1392953,1
50000,2,1,2,-1,-1,-1,-1,-1,-1,37699,35203,15360,15031,12173,11728,2000,2000,1150,2000,1000,1000,12301,14797,34640,34969,37827,38272,118044,0
30000,2,4,1,-1,-1,-1,2,2,2,25664,26693,28456,29687,30690,31093,1448,2211,2000,1626,1049,11,4336,3307,1544,313,-690,-1093,163938,0
50000,1,1,3,-1,-1,-1,-1,-1,-1,50404,50782,49019,20208,19677,20153,2300,1440,1000,1000,2000,560,-404,-782,981,29792,30323,29847,201943,0
90000,3,1,3,-1,-1,-1,-1,-1,-1,13366,14394,16044,16080,16569,16744,1250,1900,600,747,599,775,76634,75606,73956,73920,73431,73256,87326,0
360000,1,2,2,2,2,-2,-2,-2,-2,2500,0,0,0,0,0,0,0,0,0,0,0,357500,360000,360000,360000,360000,360000,2500,0
290000,2,2,3,2,2,-2,-2,-2,-2,95,-6,-6,1217,1055,176,6,0,1223,1276,0,1190,289905,290006,290006,288783,288945,289824,-1164,0
170000,1,2,1,-1,-1,-1,-1,-1,2,169883,171851,158426,96704,101555,97884,6808,4625,3510,9100,0,3500,117,-1851,11574,73296,68445,72116,768760,0
290000,1,2,4,-1,-1,-1,-1,-1,-1,33765,2682,470,119955,119685,9780,2682,470,119685,0,9780,2412,256235,287318,289530,170045,170315,280220,151308,0
30000,3,2,2,1,2,-1,-1,-1,-1,27934,27206,28404,24865,24528,25011,0,2000,1100,1100,1042,917,2066,2794,1596,5135,5472,4989,151789,1
250000,1,2,1,-1,-1,-1,-1,-1,-1,4769,6720,23393,13214,8162,5138,6720,23393,6000,0,3000,18148,245231,243280,226607,236786,241838,244862,4135,0
210000,3,2,2,-1,-1,-1,-1,-1,-1,104558,105661,108462,69037,71416,73425,4268,5000,3000,3500,3500,3000,105442,104339,101538,140963,138584,136575,510291,0
360000,1,2,2,1,-2,-2,-2,-2,-2,0,0,0,0,0,0,0,0,0,0,0,0,360000,360000,360000,360000,360000,360000,0,1
120000,2,2,2,-1,-1,-1,-1,-1,-1,78233,53236,35222,72861,74429,60783,2015,2200,39000,2500,2400,2250,41767,66764,84778,47139,45571,59217,324399,0
170000,1,2,1,-2,-2,-2,-2,-2,-2,0,0,0,0,0,0,0,0,0,0,0,0,170000,170000,170000,170000,170000,170000,0,1
20000,3,2,4,-1,3,2,-1,-1,-1,3413,3206,2250,1500,750,1650,0,0,0,0,1650,0,16587,16794,17750,18500,19250,18350,11119,0
80000,2,1,1,-1,-1,-1,-1,-1,-1,77199,79640,48977,49369,49778,50404,3700,1600,1600,1610,1866,1200,2801,360,31023,30631,30222,29596,343791,0
200000,2,2,3,-1,-1,-1,-1,-1,-1,1875,2239,316,2681,3486,2296,2239,316,2681,3486,2296,3413,198125,197761,199684,197319,196514,197704,-1538,0
150000,1,4,2,-1,-1,-1,-1,2,2,35601,36488,35729,38117,37259,33010,2003,2000,3419,13,2088,9,114399,113512,114271,111883,112741,116990,206672,0
110000,3,2,3,-1,-1,-1,-1,-1,-1,13348,70263,67431,64534,65873,66974,67431,2378,2458,2530,2338,1473,96652,39737,42569,45466,44127,43026,269815,1
180000,2,4,1,-1,-1,-1,-1,-1,-1,390,390,5248,4167,780,467,390,5248,5,780,467,3513,179610,179610,174752,175833,179220,179533,1039,0
520000,3,2,3,-2,-2,-1,-1,-1,-1,7322,2728,385425,387189,395445,402289,2728,415552,14000,14005,14000,15200,512678,517272,134575,132811,124555,117711,1104913,0
20000,3,1,3,2,2,2,2,-1,-1,12436,12943,15428,14883,15494,16086,1000,2700,0,850,850,850,7564,7057,4572,5117,4506,3914,81020,1
180000,2,4,3,-1,-1,-1,-1,-1,-1,7432,7433,7184,7184,7344,7184,7433,7184,7184,7344,7184,7184,172568,172567,172816,172816,172656,172816,248,0
30000,3,1,2,-1,-1,-1,-1,-1,-1,1493,1555,390,780,390,390,1858,390,780,0,390,0,28507,28445,29610,29220,29610,29610,1580,0
380000,1,2,2,-1,-1,-1,-1,2,-1,225905,225515,227387,197959,194710,199300,11000,9000,15000,0,8000,8000,154095,154485,152613,182041,185290,180700,1219776,0
160000,1,4,3,-1,-1,-2,-2,-2,-2,4980,0,0,0,0,0,0,0,0,0,0,0,155020,160000,160000,160000,160000,160000,4980,0
220000,1,2,2,-1,-1,-1,-1,-1,-1,17715,316,632,632,316,316,316,632,316,0,316,632,202285,219684,219368,219368,219684,219684,17715,0
250000,1,2,1,-1,-1,-1,-1,-1,-1,124442,93302,92934,94002,92826,88001,5000,5000,3500,4000,4000,5000,125558,156698,157066,155998,157174,161999,559007,0
330000,1,1,4,1,-2,-1,-1,-1,-1,-317,-2066,-3283,3542,7643,9584,569,817,6976,7645,2188,7,330317,332066,333283,326458,322357,320416,-3099,0
50000,2,2,1,2,-1,-1,-1,-1,-1,24724,49102,49885,25773,25544,26264,25000,2010,796,957,1175,0,25276,898,115,24227,24456,23736,171354,0
340000,1,4,2,-1,-1,-1,-1,-1,-1,484,15904,44852,41971,81011,38472,15904,30000,20000,50000,20000,10000,339516,324096,295148,298029,258989,301528,76790,0
180000,2,2,3,-1,-1,-1,-1,-1,-1,99925,102359,96462,96846,95549,94131,5024,4300,3500,4000,4000,3650,80075,77641,83538,83154,84451,85869,560798,0
30000,1,2,2,-1,-1,-1,-1,-1,-1,26974,28144,28280,25990,25999,26425,2000,1339,849,1125,1043,0,3026,1856,1720,4010,4001,3575,155456,1
10000,3,2,3,1,2,2,2,-1,-1,9503,7238,9407,8126,8838,9039,0,2310,0,1000,500,335,497,2762,593,1874,1162,961,48006,0
120000,2,2,2,-1,-1,-1,-1,-1,-1,396,396,396,2707,3247,396,396,396,2707,3247,396,595,119604,119604,119604,117293,116753,119604,-199,0
250000,2,4,2,1,-2,-2,-2,-2,-2,0,0,0,0,0,0,0,0,0,0,0,0,250000,250000,250000,250000,250000,250000,0,1
200000,1,4,2,-1,-1,-1,-1,-1,-1,2277,16002,13207,8738,6471,2723,16021,1005,185,6482,2731,3974,197723,183998,186793,191262,193529,197277,19020,0
500000,1,4,2,-1,-1,-1,-1,-1,-1,298809,304686,307591,312314,318647,325369,12475,12650,11354,11545,12000,11000,201191,195314,192409,187686,181353,174631,1796392,1
90000,1,4,1,1,2,-1,-1,-1,-1,9370,9078,10267,10350,10564,10771,0,1500,550,529,531,550,80630,80922,79733,79650,79436,79229,56740,1
80000,3,2,2,-1,-1,-1,-1,-1,-1,7790,9123,10656,11474,13117,15899,1467,2000,1000,2000,3000,0,72210,70877,69344,68526,66883,64101,58592,0
740000,2,2,2,2,-1,-1,-1,-1,-1,960,8154,1477,15713,8988,25449,8229,1487,15754,9012,25596,7003,739040,731846,738523,724287,731012,714551,-6340,1
300000,1,2,2,1,-2,-2,-2,-2,-2,0,0,0,0,0,0,0,0,0,0,0,0,300000,300000,300000,300000,300000,300000,0,1
210000,3,1,3,-2,-2,-2,-2,-2,-2,1525,800,850,2340,2380,2694,800,850,2340,2380,2694,1530,208475,209200,209150,207660,207620,207306,-5,0
230000,1,1,2,-1,-1,-1,-1,-1,-1,3102,30428,5711,5770,7652,17825,30580,5739,5799,7690,17914,360,226898,199572,224289,224230,222348,212175,2406,0
270000,3,2,4,-1,-1,-1,-1,-1,-1,152979,101616,105562,6102,6741,65672,3500,4000,1000,1000,63000,3000,117021,168384,164438,263898,263259,204328,363172,0
270000,1,4,2,-1,-1,-1,-1,-1,-1,54914,55423,57875,57456,33334,31723,3000,5000,3300,1337,1500,1000,215086,214577,212125,212544,236666,238277,275588,0
180000,1,4,2,-2,-1,-1,-1,-1,-1,0,2647,735,2414,256,3858,2647,735,2414,256,3858,275,180000,177353,179265,177586,179744,176142,-275,0
280000,2,4,2,-1,-1,-1,-1,-1,-1,1478,-3,12353,22633,7666,10260,0,12356,11079,1447,10310,290,278522,280003,267647,257367,272334,269740,18905,0
50000,2,2,3,-1,-1,-1,-1,-1,-1,29254,26289,21751,20154,16784,17352,1737,1300,668,8000,1000,3100,20746,23711,28249,29846,33216,32648,115779,0
20000,2,4,1,2,2,2,-1,-1,-1,19017,20018,19384,19405,19978,19791,1600,0,600,847,670,483,983,-18,616,595,22,209,113393,1
170000,3,2,4,-1,-1,-1,-1,-1,-1,139211,136982,130585,127013,126635,127093,7020,7005,7000,6000,6000,6000,30789,33018,39415,42987,43365,42907,748494,0
300000,2,2,2,-1,-1,-1,-1,-1,-1,145138,148586,151878,123417,104922,107005,5785,6163,4728,3811,3830,3970,154862,151414,148122,176583,195078,192995,752659,0
20000,2,1,4,1,2,-1,-1,2,-1,1065,675,1285,1895,1340,950,0,1000,1000,0,0,450,18935,19325,18715,18105,18660,19050,4760,1
110000,2,4,2,2,-1,-1,-1,-1,2,1472,2785,5496,7496,9298,3340,1500,3000,2000,2000,0,93665,108528,107215,104504,102504,100702,106660,-72278,1
80000,2,1,4,1,3,2,2,2,-1,47339,47270,46037,48457,47722,48678,967,0,3012,0,1569,1396,32661,32730,33963,31543,32278,31322,278559,0
80000,1,4,1,-1,-1,-1,-1,-1,-1,69584,66342,60514,48965,29648,28737,2519,1838,1434,1015,1505,663,10416,13658,19486,31035,50352,51263,294816,0
60000,2,2,3,-1,-1,-1,-1,-1,-1,58794,59987,33908,19513,17281,16802,7296,1903,19513,759,851,390,1206,13,26092,40487,42719,43198,175573,0
30000,2,2,1,-1,-1,-1,-1,-1,-1,18951,17298,14793,15566,15014,15413,1270,1300,1000,1000,800,1000,11049,12702,15207,14434,14986,14587,90665,0
40000,1,2,1,-1,-1,2,2,2,-1,39723,12302,9369,22949,11188,13306,10000,92,15000,0,3000,4000,277,27698,30631,17051,28812,26694,76745,0
180000,3,2,3,1,-1,-1,-1,-1,-1,0,2602,498,498,1835,11337,2602,498,498,1835,10000,380,180000,177398,179502,179502,178165,168663,957,1
290000,2,1,4,1,-2,-2,-2,-2,-2,0,0,0,0,0,0,0,0,0,0,0,0,290000,290000,290000,290000,290000,290000,0,0
50000,1,4,1,3,2,2,2,2,-1,27056,27031,28317,28568,27302,28171,700,2062,969,700,1500,1500,22944,22969,21683,21432,22698,21829,159014,1
150000,1,4,2,-1,-1,-1,-1,-1,-1,1663,14045,13155,15183,11498,2392,14045,1030,5183,0,2392,7007,148337,135955,136845,134817,138502,147608,28279,0
50000,2,1,3,-1,-1,-1,-1,-1,-1,50220,50756,49966,523,18450,18478,2055,1000,523,18868,806,968,-220,-756,34,49477,31550,31522,164173,0
20000,2,1,2,-1,-1,-1,-1,-1,-1,20710,21790,21017,19772,15628,12501,1739,1453,691,512,1430,0,-710,-1790,-1017,228,4372,7499,105593,0
180000,1,4,1,2,2,2,2,2,2,158245,161695,163620,165604,169075,172401,7400,6000,6100,6200,6200,6300,21755,18305,16380,14396,10925,7599,952440,0
360000,1,2,2,-1,-1,-1,-1,-1,-1,30627,4297,2720,2040,2722,5057,4318,2740,2050,2736,5273,5105,329373,355703,357280,357960,357278,354943,25241,0
90000,3,2,2,-1,-1,-1,-1,-1,-1,86960,85585,87235,84511,84488,86184,3200,3114,3000,3100,3100,3500,3040,4415,2765,5489,5512,3816,495949,1
450000,1,1,3,-2,-2,-2,-2,-2,-2,20938,80176,37417,22048,20926,13187,80191,37417,22080,20926,13337,88744,429062,369824,412583,427952,429074,436813,-68003,0
140000,1,2,1,1,-2,-2,-2,-2,-2,0,0,0,0,0,0,0,0,0,0,0,0,140000,140000,140000,140000,140000,140000,0,0
400000,1,4,1,-1,-1,-1,-1,-1,-1,2691,426,426,27926,0,430,426,426,27926,27500,430,3504,397309,399574,399574,372074,400000,399570,-28313,0
50000,2,2,2,-1,2,-1,-1,-1,-1,4959,423,3139,2464,6170,0,0,6024,5428,6170,0,0,45041,49577,46861,47536,43830,50000,-467,0
420000,2,2,4,-1,-1,-1,-1,-1,-1,405779,412684,411394,277995,249697,258353,16000,15000,182781,99000,13000,35000,14221,7316,8606,142005,170303,161647,1655121,0
390000,1,4,2,-1,-1,-1,-1,-1,-1,245997,243904,244361,243287,247613,246330,10800,9110,10000,9200,9000,15000,144003,146096,145639,146713,142387,143670,1408382,1
200000,2,2,3,-2,-2,-2,-2,-2,-2,39929,32910,17965,9846,13621,10466,33000,18000,9900,13650,10500,9900,160071,167090,182035,190154,186379,189534,29787,0
130000,1,2,1,-1,-1,-1,-1,-1,-1,110524,108204,99784,71451,67024,62655,10000,5000,4000,4000,7500,8200,19476,21796,30216,58549,62976,67345,480942,0
360000,1,4,2,-1,-1,-1,-1,-1,-1,1365,2703,863,390,390,3540,3000,1000,1000,390,3540,390,358635,357297,359137,359610,359610,356460,-69,0
290000,2,1,3,-1,-1,-1,-1,-1,-1,196566,168372,171699,133147,135147,127087,7800,7839,4706,5400,4604,4900,93434,121628,118301,156853,154853,162913,896769,0
120000,2,4,1,-1,-1,-1,-1,-1,2,112336,113351,115515,113948,122127,121962,4200,4100,4100,10000,4560,0,7664,6649,4485,6052,-2127,-1962,672279,0
40000,1,4,1,-1,-1,-1,-1,2,-1,35225,35939,36606,38687,37296,38181,1933,1600,3000,0,1500,1500,4775,4061,3394,1313,2704,1819,212401,1
500000,1,1,3,-2,-1,-1,-1,-2,-2,5121,29478,43892,6420,49240,6772,31305,43864,6453,49470,3723,103686,494879,470522,456108,493580,450760,493228,-97578,0
150000,1,2,2,-2,-2,-2,-2,-2,-2,16228,29414,4975,3960,2914,1068,30745,4975,5017,2914,1250,4734,133772,120586,145025,146040,147086,148932,8924,0
240000,1,4,1,-1,2,-1,-1,-1,-1,1611,1435,2236,3166,1925,3326,14,2236,3166,0,3326,490,238389,238565,237764,236834,238075,236674,4467,1
80000,3,2,3,-1,-1,-1,-1,-1,-1,10350,10993,11865,11549,11549,11231,1199,1461,535,700,500,0,69650,69007,68135,68451,68451,68769,63142,0
220000,1,2,3,-1,-1,-2,-2,-2,-2,3467,3327,839,-3,1856,1528,3340,840,3,1859,2134,1648,216533,216673,219161,220003,218144,218472,1190,0
110000,1,2,2,-2,-2,-2,-2,-2,-1,0,0,0,0,163,63755,0,0,0,163,63755,2000,110000,110000,110000,110000,109837,46245,-2000,0
220000,2,2,4,-1,-1,-1,-1,-1,-1,52536,53624,43462,36222,19055,3098,4151,16992,5225,2000,1000,83020,167464,166376,176538,183778,200945,216902,95609,0
100000,2,4,2,1,-2,-1,-1,-1,-1,0,0,1531,0,1799,0,0,1531,4886,1799,0,0,100000,100000,98469,100000,98201,100000,-4886,0
70000,3,2,3,-1,-1,-1,-1,-1,-1,6489,9372,11179,8688,8295,10147,3000,2000,295,1000,2000,1000,63511,60628,58821,61312,61705,59853,44875,0
50000,2,2,1,1,2,2,2,2,2,15345,14812,16696,16134,17380,16958,0,2137,0,1503,0,800,34655,35188,33304,33866,32620,33042,92885,0
200000,1,4,2,-1,-1,-1,-1,-1,-1,34500,10706,3835,12559,6764,7700,36659,3835,12559,6764,7700,4,165500,189294,196165,187441,193236,192300,8543,0
220000,3,1,3,-1,-1,-1,-1,-1,-1,285,825,0,1230,3227,3820,825,0,1230,3227,3820,3650,219715,219175,220000,218770,216773,216180,-3365,0
200000,3,2,3,2,-1,-1,-1,-1,-1,203340,205172,198577,141141,144216,144027,8064,9474,4944,5240,5214,10314,-3340,-5172,1423,58859,55784,55973,993223,0
350000,1,2,3,-1,-1,-1,-1,-1,-1,6337,4300,16229,56929,7082,4640,4300,16229,45000,108501,4640,638,343663,345700,333771,293071,342918,345360,-83791,0
80000,3,4,1,2,-1,-1,-1,-1,-1,58850,59867,47925,23642,21707,20544,2700,4500,1000,933,5000,500,21150,20133,32075,56358,58293,59456,217902,0
50000,2,4,4,-1,-1,-1,-1,-1,-1,48316,34161,33751,22467,19927,20352,1700,1760,898,864,900,998,1684,15839,16249,27533,30073,29648,171854,0
200000,1,2,2,-1,-1,-1,-1,-1,-1,396,396,396,396,396,396,396,396,396,396,396,396,199604,199604,199604,199604,199604,199604,0,0
60000,3,2,2,-1,-1,-1,-1,-1,-1,27347,22915,22243,20938,22486,21394,5000,7243,5000,5000,5394,16000,32653,37085,37757,39062,37514,38606,93686,0
50000,3,1,3,-1,-1,-1,-2,-2,-2,50180,51400,0,0,0,0,2400,0,0,0,0,0,-180,-1400,50000,50000,50000,50000,99180,1
360000,1,4,2,-1,-1,-2,-1,-1,-2,7831,0,0,764,0,2844,0,0,764,0,2844,2219,352169,360000,360000,359236,360000,357156,5612,0
30000,3,4,4,-1,-1,2,-1,-1,-2,178,1860,940,1110,0,0,1860,0,1110,0,0,0,29822,28140,29060,28890,30000,30000,1118,1
90000,2,4,2,2,3,2,3,2,2,76442,76633,78174,78800,77417,82369,2000,3400,2500,0,6250,3100,13558,13367,11826,11200,12583,7631,452585,0
200000,1,2,2,1,-2,-2,-2,-2,-2,0,0,0,0,0,0,0,0,0,0,0,0,200000,200000,200000,200000,200000,200000,0,0
100000,4,2,4,2,-1,-1,-1,-1,-1,101658,97937,98893,101044,96045,97227,4134,3952,3611,3298,3401,3415,-1658,2063,1107,-1044,3955,2773,570993,0
200000,3,4,3,-1,-1,2,-1,-1,-1,196272,209034,203592,194238,192451,196355,17500,0,7000,7350,7300,11500,3728,-9034,-3592,5762,7549,3645,1141292,0
300000,1,2,1,-1,-1,-1,-1,-1,-1,1946,2612,3408,1908,1108,530,2612,1914,0,1108,530,100,298054,297388,296592,298092,298892,299470,5248,1
10000,3,1,2,-1,-1,3,2,-1,-1,8315,11267,10626,10160,10052,9635,3258,0,0,357,400,300,1685,-1267,-626,-160,-52,365,55740,0
400000,2,2,3,-1,-1,-1,-1,-1,-1,6902,7904,7566,7716,7722,7890,1216,1213,363,219,234,159,393098,392096,392434,392284,392278,392110,42296,0
130000,3,2,2,1,2,2,2,2,-1,126701,129388,130768,131858,125874,127988,6200,5000,4732,0,5000,5000,3299,612,-768,-1858,4126,2012,746645,1
180000,2,2,4,-1,-1,-1,-1,-1,-1,1156,396,776,776,1552,776,396,776,776,1552,0,776,178844,179604,179224,179224,178448,179224,1156,0
370000,3,4,1,-1,-1,-1,-1,-1,-1,63412,159542,160885,162368,165591,121614,100000,6000,6000,8000,4500,3000,306588,210458,209115,207632,204409,248386,705912,0
60000,1,4,3,-1,-1,-1,-1,-1,2,30073,18385,20732,21196,23175,22724,3000,3000,1000,3000,0,3500,29927,41615,39268,38804,36825,37276,122785,0
210000,1,4,1,-1,-1,-1,-1,-1,-1,205131,197019,196021,103522,145487,141876,10000,4720,50075,110000,10000,10000,4869,12981,13979,106478,64513,68124,794261,0
70000,3,2,3,-1,-1,-1,2,2,2,11332,12093,13891,13371,14654,14271,1250,2000,0,1500,0,600,58668,57907,56109,56629,55346,55729,74262,1
20000,1,4,2,1,3,3,2,2,2,16180,16635,16082,15529,16525,16110,1000,0,0,1400,0,1504,3820,3365,3918,4471,3475,3890,93157,0
200000,1,4,2,-1,-1,-1,-1,-1,-1,99291,87757,82417,83877,82814,35484,2742,3000,2018,2743,1578,9013,100709,112243,117583,116123,117186,164516,450546,0
130000,2,2,2,-1,-1,-1,-1,-1,-2,21996,19730,20456,20783,-290,-680,3000,3000,2000,0,0,1000,108004,110270,109544,109217,130290,130680,72995,0
120000,2,1,2,1,2,2,2,2,2,116344,111960,115804,92542,83581,61650,0,6781,0,5550,0,0,3656,8040,4196,27458,36419,58350,569550,0
330000,1,2,2,-1,-1,-1,-1,-1,-1,21576,24226,15577,89851,86005,121319,5002,15579,89851,5000,50000,100000,308424,305774,314423,240149,243995,208681,93122,0
30000,3,2,4,2,2,2,-1,-1,2,23498,26400,25682,26155,27972,27374,3600,0,1200,2400,0,2300,6502,3600,4318,3845,2028,2626,147581,1
480000,2,4,2,-1,-1,-1,-1,-1,-1,502904,481990,476680,402695,362128,347271,180000,17000,12638,12058,11101,9567,-22904,-1990,3320,77305,117872,132729,2331304,0
100000,1,2,2,-1,-1,-1,-1,-1,-1,1442,1261,1411,1411,1075,1139,1261,1411,1411,1075,1500,0,98558,98739,98589,98589,98925,98861,1081,0
270000,1,2,3,-2,-2,-2,-2,-2,-2,1626,1443,1443,1443,9629,1773,1443,1443,1443,9629,1773,14524,268374,268557,268557,268557,260371,268227,-12898,0
40000,3,2,4,2,2,7,7,7,7,2400,2400,2400,2400,2400,2400,0,0,0,0,0,0,37600,37600,37600,37600,37600,37600,14400,1
180000,2,4,2,1,2,-1,-1,-1,-1,180373,176063,175324,177197,181041,180044,0,7632,6083,6671,7515,6413,-373,3937,4676,2803,-1041,-44,1035728,0
240000,2,2,1,2,-1,-1,-1,-1,-1,178878,181717,165662,144277,112210,116047,6095,4729,5682,5500,5000,16290,61122,58283,74338,95723,127790,123953,855495,1
210000,1,2,2,-1,-1,-1,-2,-2,-2,4868,13118,16114,3353,10775,2938,13174,16114,3353,10775,3000,16520,205132,196882,193886,206647,199225,207062,-11770,0
50000,2,4,1,1,-1,-1,2,2,-1,3,34361,44804,44800,43576,44315,34361,10443,2001,1,2001,2001,49997,15639,5196,5200,6424,5685,161051,0
230000,3,2,3,-1,-1,-1,-1,-1,-1,1424,6534,3733,1443,1443,1435,6553,3756,1443,1443,1435,2965,228576,223466,226267,228557,228557,228565,-1583,0
50000,2,4,1,-1,-1,-2,-2,-2,-2,2675,0,0,0,0,0,0,0,0,0,0,0,47325,50000,50000,50000,50000,50000,2675,1
250000,1,4,3,1,3,2,-1,-1,-1,4649,3964,3281,934,467,12871,0,10,0,0,12871,0,245351,246036,246719,249066,249533,237129,13285,0
120000,3,2,3,-2,-2,-2,-2,-2,-2,0,0,0,0,0,0,0,0,0,0,0,0,120000,120000,120000,120000,120000,120000,0,0
160000,2,1,2,-2,-2,-1,-1,-2,-2,1822,2229,7110,1539,-1,1238,2229,7116,1539,0,1240,598,158178,157771,152890,158461,160001,158762,1215,0
210000,2,1,1,-1,-1,-1,-1,-1,-1,1685,6644,3584,1756,732,730,6715,5800,6256,732,730,3050,208315,203356,206416,208244,209268,209270,-8152,0
260000,1,4,1,-1,-1,-1,-1,-1,-1,203896,196219,188608,172722,159826,146891,7282,6486,5712,5647,5386,5000,56104,63781,71392,87278,100174,113109,1032649,0
310000,2,2,2,-1,-1,-1,-1,-1,-1,73491,76452,78736,80590,82453,84252,4000,4000,3000,3000,3000,5000,236509,233548,231264,229410,227547,225748,453974,0
50000,3,2,3,-1,-1,-1,-1,-1,-1,50427,48115,46991,47276,47870,47865,6506,2607,3312,13107,2648,0,-427,1885,3009,2724,2130,2135,260364,1
360000,1,4,2,-2,-2,-2,-2,-2,-2,750,1166,398,0,418,1840,1166,398,0,418,1840,0,359250,358834,359602,360000,359582,358160,750,0
50000,1,4,1,-1,-1,-1,-1,-1,-1,49144,48202,43656,29466,29936,30350,1837,1462,1038,1086,1069,1034,856,1798,6344,20534,20064,19650,223228,0
240000,2,1,3,-1,-1,-1,-1,-1,-1,199446,200899,205084,194800,183962,188496,7500,10006,7000,7000,8000,7000,40554,39101,34916,45200,56038,51504,1126181,0
500000,3,1,3,-1,-1,-1,-1,-2,-2,74919,70287,10546,-4729,-10505,-14433,1862,1074,4753,5475,3751,28598,425081,429713,489454,504729,510505,514433,80572,0
150000,1,2,3,-1,-1,-1,-1,-1,-1,152880,151333,151264,146328,148012,151014,6000,10031,4630,4918,9000,5104,-2880,-1333,-1264,3672,1988,-1014,861148,0
160000,2,2,2,-1,-1,-1,-1,-1,-1,316,316,316,316,316,316,316,316,316,316,316,316,159684,159684,159684,159684,159684,159684,0,0
410000,2,4,3,-1,-1,-1,-1,-1,-1,37492,33535,7267,14190,132106,289397,1625,1031,14224,132116,163020,10014,372508,376465,402733,395810,277894,120603,191957,0
50000,3,4,5,2,2,2,2,-1,-1,51432,50316,50866,48194,47233,50224,0,3600,0,3000,5001,2000,-1432,-316,-866,1806,2767,-224,284664,0
50000,3,2,2,-1,-1,-1,-1,-1,-1,47350,44948,40326,19576,19565,19531,1772,1301,835,856,854,672,2650,5052,9674,30424,30435,30469,185006,0
170000,1,4,1,-1,-1,-1,-1,-1,-1,115194,111991,22499,25015,34343,53403,10000,10000,25015,10000,20000,20000,54806,58009,147501,144985,135657,116597,267430,0
100000,1,4,3,-1,-1,-2,-2,-2,-2,22970,0,0,0,0,0,0,0,0,0,0,0,77030,100000,100000,100000,100000,100000,22970,0
230000,1,1,3,2,2,2,2,2,-1,193112,197039,200300,203018,199689,202833,8500,8000,7500,0,6622,20200,36888,32961,29700,26982,30311,27167,1145169,1
20000,2,2,2,1,2,-1,-1,2,-1,17819,17244,18938,19836,19390,19664,0,2000,1500,0,1000,1500,2181,2756,1062,164,610,336,106891,1
170000,1,2,4,-2,-2,-2,-2,-2,-2,3955,5269,1986,1611,316,1608,5269,1986,1611,316,1608,2957,166045,164731,168014,168389,169684,168392,998,0
160000,1,4,2,-1,3,2,-1,2,-1,598,598,168,1449,916,2133,0,0,1449,0,2133,0,159402,159402,159832,158551,159084,157867,2280,1
400000,3,2,2,-1,-1,-1,-2,-2,-1,92,101,-42,-42,-42,1058,101,0,0,0,1100,1100,399908,399899,400042,400042,400042,398942,-1176,0
340000,1,4,1,-1,-1,-1,-1,-1,-1,82922,81084,74530,66897,64699,35540,3600,2962,2500,1800,1000,1000,257078,258916,265470,273103,275301,304460,392810,0
90000,3,1,2,1,2,2,3,5,5,63276,61693,75670,83772,83401,81487,0,15000,10000,1500,0,1500,26724,28307,14330,6228,6599,8513,421299,1
140000,1,4,2,-2,-1,-1,-1,-1,-1,0,10626,11579,10165,13067,92743,10626,1154,1000,3067,80000,3015,140000,129374,128421,129835,126933,47257,39318,0
280000,2,2,1,-2,-2,-2,-2,-2,-2,747,0,5737,922,107,980,0,5737,922,107,980,648,279253,280000,274263,279078,279893,279020,99,0
180000,2,2,3,-1,-1,-1,-1,-1,2,632,316,166,6988,6822,466,316,166,6822,466,0,632,179368,179684,179834,173012,173178,179534,6988,0
500000,1,1,4,1,1,-1,-1,-1,-1,7196,-1189,4639,2800,854,10854,0,7439,0,854,10000,13313,492804,501189,495361,497200,499146,489146,-6452,0
360000,1,2,2,-2,-2,-2,-2,-2,-2,9100,15658,1874,6330,-200,-200,15658,1874,6330,0,0,0,350900,344342,358126,353670,360200,360200,8700,0
50000,1,2,1,-1,-1,-1,-1,-1,-1,8003,9025,9868,9406,9605,9805,1310,1153,400,350,360,350,41997,40975,40132,40594,40395,40195,51789,0
220000,1,1,4,-1,-1,-2,-1,-1,-1,1782,0,0,80737,5381,2232,0,0,80737,5381,2232,121953,218218,220000,220000,139263,214619,217768,-120171,0
500000,1,1,2,-1,-1,-1,-1,2,-1,143839,117883,100809,104716,101568,92150,4844,5095,7229,0,2843,1200,356161,382117,399191,395284,398432,407850,639754,0
100000,2,2,3,-1,-1,-2,-2,-2,-2,780,0,0,0,0,0,0,0,0,0,0,0,99220,100000,100000,100000,100000,100000,780,0
20000,1,4,1,-1,-1,-2,-1,-1,-1,3417,-802,-1282,1718,1238,1831,4,0,3000,0,1831,1500,16583,20802,21282,18282,18762,18169,-215,1
80000,3,2,1,-1,-1,-1,-1,-1,-1,76118,78451,55339,25374,20054,20249,4196,3569,26022,504,1000,133,3882,1549,24661,54626,59946,59751,240161,0
160000,1,2,2,-1,-1,-1,-1,-1,-1,827,827,827,827,827,827,827,827,827,827,827,827,159173,159173,159173,159173,159173,159173,0,0
240000,2,1,2,1,-1,-1,-1,-1,-2,0,1263,-13,1667,-300,-300,1263,0,1680,0,0,1442,240000,238737,240013,238333,240300,240300,-2068,0
450000,3,1,2,-1,-1,-2,-2,-2,-2,550,0,0,0,0,0,0,0,0,0,0,0,449450,450000,450000,450000,450000,450000,550,0
50000,3,2,2,-1,-1,-1,2,-1,-1,34390,810,19009,18035,18364,18670,810,51000,0,1000,1000,1000,15610,49190,30991,31965,31636,31330,54468,0
150000,2,1,2,-1,-1,-1,-1,-1,-1,27707,28434,29356,30777,32193,32589,1477,1489,2000,2000,1169,1194,122293,121566,120644,119223,117807,117411,171727,1
290000,2,2,2,-1,-1,-1,-1,-1,-1,154336,125684,111298,82204,82792,83832,3600,3010,3000,2500,3000,2500,135664,164316,178702,207796,207208,206168,622536,0
50000,2,4,1,-1,-1,-1,-1,-1,-1,29632,9856,9541,5411,4782,3192,6016,9021,6000,4000,2500,5000,20368,40144,40459,44589,45218,46808,29877,0
80000,3,1,2,-1,-1,2,2,-2,-1,197,2348,1260,0,0,16640,4568,352,0,0,16640,0,79803,77652,78740,80000,80000,63360,-1115,0
50000,2,2,3,3,2,3,2,4,3,25867,29133,28371,31208,30149,29375,4000,0,3600,0,0,0,24133,20867,21629,18792,19851,20625,166503,1
50000,2,1,2,-1,-1,-1,-1,-1,-1,14040,14903,7288,6662,4920,6060,1152,1032,166,149,2000,68,35960,35097,42712,43338,45080,43940,49306,0
500000,2,1,3,-1,-1,-1,-1,-1,-1,114374,130999,153648,172515,178758,192589,50012,51343,70000,70000,80000,50000,385626,369001,346352,327485,321242,307411,571528,0
500000,1,2,2,-2,-2,-2,-2,-2,-2,3220,0,15040,35498,19508,21199,0,15040,35498,19508,21199,10894,496780,500000,484960,464502,480492,478801,-7674,1
200000,3,2,3,-1,-1,-1,2,-1,-1,44600,42954,44318,32010,33271,34297,3000,6032,0,3000,3000,3000,155400,157046,155682,167990,166729,165703,213418,0
30000,3,2,1,2,2,-1,-1,-1,-1,30678,29893,29086,25352,25096,24920,1,1957,678,684,776,235,-678,107,914,4648,4904,5080,160694,0
80000,3,2,4,-2,-2,-2,-2,-2,-2,387,2120,15094,4140,747,1053,2126,15094,4173,747,1053,0,79613,77880,64906,75860,79253,78947,348,0
50000,1,2,4,1,2,-1,-1,-1,-1,50175,48275,49646,44051,45912,45383,0,7775,3000,3000,5000,3000,-175,1725,354,5949,4088,4617,261667,0
50000,2,1,2,-1,-1,-1,2,2,2,42159,43172,46450,45402,48677,47740,2000,4000,0,4000,0,2300,7841,6828,3550,4598,1323,2260,261300,1
280000,2,4,2,-1,-1,-1,-1,-1,-1,94451,96041,98301,74624,75173,77419,4000,4033,3000,3300,3500,6259,185549,183959,181699,205376,204827,202581,491917,0
260000,2,2,3,1,-2,-2,-2,-2,-2,0,0,0,0,0,0,0,0,0,0,0,0,260000,260000,260000,260000,260000,260000,0,0
30000,2,4,1,1,-1,-1,-1,-1,-1,-802,19786,20517,13167,10686,10074,21286,1154,413,372,500,1225,30802,10214,9483,16833,19314,19926,48478,0
210000,1,2,1,1,-2,-2,-2,-2,-2,0,0,0,0,0,0,0,0,0,0,0,0,210000,210000,210000,210000,210000,210000,0,0
50000,2,2,2,-1,-1,-1,2,-1,-1,45074,46546,48945,47994,48704,41189,2201,3600,0,1500,1500,1531,4926,3454,1055,2006,1296,8811,268120,1
20000,2,2,1,-1,-1,-1,-1,-1,-1,10747,11558,9961,10310,10372,9838,1317,1150,499,361,573,193,9253,8442,10039,9690,9628,10162,58693,0
310000,1,2,3,-1,-1,2,-1,-1,-1,131559,135970,121016,111214,101957,92805,17839,0,5000,4000,4000,3000,178441,174030,188984,198786,208043,217195,660682,0
100000,2,2,3,1,-2,-2,-1,-1,-1,0,0,0,1054,1230,1054,0,0,1054,1230,1054,1054,100000,100000,100000,98946,98770,98946,-1054,0
180000,2,4,2,-1,-1,-1,-1,-1,2,161159,151558,154648,156584,166960,164012,7000,7100,6000,13100,0,6000,18841,28442,25352,23416,13040,15988,915721,1
100000,1,2,1,-1,-1,-1,-1,-1,-1,18999,23699,9390,5781,8065,17277,5129,1227,1000,5914,10000,0,81001,76301,90610,94219,91935,82723,59941,0
20000,2,2,1,-1,3,2,2,-2,-2,11657,11045,2160,0,0,0,0,21,10800,0,0,0,8343,8955,17840,20000,20000,20000,14041,1
240000,2,4,3,-1,-1,-1,-1,-1,-1,128272,131718,135075,134705,143883,145643,5500,6004,3000,10500,4000,2000,111728,108282,104925,105295,96117,94357,788292,0
200000,2,2,3,-1,-1,-1,-1,-1,-1,200996,194699,183344,153880,155359,158776,9200,9000,8000,6000,6000,6000,-996,5301,16656,46120,44641,41224,1002854,0
30000,2,4,1,-1,-1,2,-1,-1,-1,1104,1162,774,386,-4,16305,1164,2,2,0,16309,0,28896,28838,29226,29614,30004,13695,2250,0
500000,2,4,2,-1,-1,-1,-1,-1,-1,18410,-10,1429,-601,120195,976,0,1439,0,120796,981,4829,481590,500010,498571,500601,379805,499024,12354,0
230000,3,2,3,-2,-2,-2,-2,-2,-2,1099,2508,976,416,416,416,2508,976,416,416,416,416,228901,227492,229024,229584,229584,229584,683,0
110000,3,4,1,-1,-1,-1,2,-1,-1,28686,32765,27864,25691,28257,24161,5000,7000,0,10000,4161,5000,81314,77235,82136,84309,81743,85839,136263,1
230000,1,4,2,1,-1,-1,-1,-1,-1,1103,16234,68813,4427,13882,41463,16286,65280,4446,13949,41660,9005,228897,213766,161187,225573,216118,188537,-4704,0
80000,1,2,3,1,2,-1,-1,2,-1,74081,72329,74409,78180,76831,79570,0,3300,5600,0,4000,4000,5919,7671,5591,1820,3169,430,438500,1
200000,1,2,2,1,-2,-2,-2,-2,-2,0,0,0,0,0,0,0,0,0,0,0,0,200000,200000,200000,200000,200000,200000,0,0
80000,3,4,4,-1,-1,-1,-1,-1,-1,77499,77838,77790,80528,23567,25171,3000,3013,4000,2000,2000,2000,2501,2162,2210,-528,56433,54829,346380,0
170000,2,1,2,-1,-1,-1,-1,-1,-1,150693,154424,148564,105858,105075,107358,7000,7000,4000,4000,4000,4000,19307,15576,21436,64142,64925,62642,741972,0
120000,1,2,2,-1,-1,2,-1,-1,-2,413,4480,2080,2280,0,0,4269,0,200,0,0,0,119587,115520,117920,117720,120000,120000,4784,0
100000,1,2,3,1,-1,-1,-2,-2,-2,0,5220,0,0,0,0,5220,0,0,0,0,0,100000,94780,100000,100000,100000,100000,0,1
210000,1,4,2,-1,-1,-1,-2,-1,-1,300878,2250,0,0,692,1560,2250,0,0,692,1560,1838,-90878,207750,210000,210000,209308,208440,299040,0
300000,1,4,1,-1,-1,-1,-1,-1,-1,3853,1946,790,3569,657,0,1946,790,3569,657,0,3412,296147,298054,299210,296431,299343,300000,441,0
70000,2,4,3,-1,-1,-1,-1,-1,-1,390,390,772,390,780,390,390,772,8,780,0,989,69610,69610,69228,69610,69220,69610,173,0
30000,2,4,3,-1,-1,-2,-2,-1,-1,944,-764,-1202,-2230,6770,9579,0,0,0,9000,4653,0,29056,30764,31202,32230,23230,20421,-556,0
30000,2,2,4,-1,-1,-1,-1,-1,-1,10874,11896,12906,13162,13438,13705,1205,1215,471,488,491,508,19126,18104,17094,16838,16562,16295,71603,0
80000,2,2,2,-1,-1,-1,-1,-1,-1,83093,78682,77416,53338,53749,51026,3204,3060,3000,2000,2000,8500,-3093,1318,2584,26662,26251,28974,375540,0
180000,1,2,2,-1,-1,-1,-1,-1,-1,29206,16231,8392,25062,13088,23174,16231,8405,25062,13088,23174,8556,150794,163769,171608,154938,166912,156826,20637,0
360000,1,2,1,-1,-1,-1,-1,-1,-2,164857,192513,178030,117997,0,0,30650,9300,6000,0,0,0,195143,167487,181970,242003,360000,360000,607447,0
50000,2,1,3,-1,-1,-1,-1,-1,-1,48885,48793,34440,30889,30182,29912,2000,2500,2000,1500,5000,1500,1115,1207,15560,19111,19818,20088,208601,0
170000,4,1,2,-1,-1,-1,-1,-1,-1,91109,88263,89620,90797,47200,47707,6006,4400,3827,2200,2500,2331,78891,81737,80380,79203,122800,122293,433432,0
230000,2,2,3,-2,-2,-2,-2,-2,-2,0,0,0,144,225,0,0,0,144,225,0,0,230000,230000,230000,229856,229775,230000,0,0
500000,1,1,3,-1,-1,-1,-1,-1,-1,6723,17385,32046,32530,18896,17049,17410,32077,32579,18914,17069,16738,493277,482615,467954,467470,481104,482951,-10158,0
30000,2,2,1,3,3,2,2,2,2,12894,12404,12408,11912,13707,14328,0,500,0,2000,1000,1000,17106,17596,17592,18088,16293,15672,73153,1
120000,1,2,2,-1,-1,-1,-1,-1,-1,1316,1316,1316,533,4116,9834,1316,1316,533,4116,9834,7100,118684,118684,118684,119467,115884,110166,-5784,1
200000,1,2,2,-2,-2,-2,-2,-2,-2,3388,-12,1081,1884,2089,7097,0,1093,1893,2097,7132,488,196612,200012,198919,198116,197911,192903,2824,1
60000,3,2,2,-1,-1,-1,-1,-1,-1,26583,24825,23027,12947,390,700,1864,1206,259,390,700,13628,33417,35175,36973,47053,59610,59300,70425,0
140000,2,2,2,1,2,2,-1,-1,-1,143673,146921,143084,142011,136431,128118,7000,0,6000,5200,5000,5000,-3673,-6921,-3084,-2011,3569,11882,812038,0
50000,3,2,3,-1,-1,-1,-1,-1,-2,40151,38951,28984,29422,0,0,2000,2000,2000,0,0,0,9849,11049,21016,20578,50000,50000,131508,0
90000,2,2,2,-1,-1,-1,-1,-1,-1,6574,3997,5740,27384,3665,26721,4192,5743,27391,3667,26724,1799,83426,86003,84260,62616,86335,63279,4565,0
150000,1,4,1,-1,-1,-1,-2,-1,-1,893,2300,0,0,2222,0,2300,0,0,2222,0,0,149107,147700,150000,150000,147778,150000,893,0
250000,3,4,1,-2,-2,-1,-1,-1,-1,686,0,947,7385,3806,22319,0,947,7385,5301,46660,2964,249314,250000,249053,242615,246194,227681,-28114,0
100000,2,4,1,2,-1,-1,2,2,-1,17938,20486,21644,9209,6495,78080,2842,3000,0,6000,80900,0,82062,79514,78356,90791,93505,21920,61110,1
320000,1,1,3,-1,-1,-1,-1,-1,-1,18625,28143,32159,31851,3105,-45,10000,5000,0,0,0,0,301375,291857,287841,288149,316895,320045,98838,1
50000,3,2,2,-1,-1,-1,-1,-1,-1,49415,49547,15464,15701,12192,12515,1278,1195,432,443,526,291,585,453,34536,34299,37808,37485,150669,0
90000,1,4,1,1,2,2,2,2,-1,56889,55407,64428,64767,65579,67328,0,10000,2000,2000,3000,3000,33111,34593,25572,25233,24421,22672,354398,1
250000,2,2,3,-1,-1,-1,-1,-1,-1,212787,218035,223068,228051,233072,237879,9000,9000,9000,9000,9000,9000,37213,31965,26932,21949,16928,12121,1298892,0
120000,2,4,1,-1,-1,-1,-1,-1,-1,110686,103869,90809,67313,16040,116654,7000,5000,5000,4000,110000,4593,9314,16131,29191,52687,103960,3346,369778,0
140000,3,4,1,-1,-1,-1,-1,-1,-1,126546,124926,111220,75706,69278,58589,4922,3910,4604,4000,3000,4000,13454,15074,28780,64294,70722,81411,541829,0
330000,1,4,2,-1,-1,-1,-1,-1,-1,203,1558,39927,53430,44798,40341,1503,40003,15000,0,0,25017,329797,328442,290073,276570,285202,289659,98734,0
500000,1,1,2,-1,-1,-1,-1,-1,-1,1901,3800,5239,5239,1559,2680,3800,5239,0,0,2680,299,498099,496200,494761,494761,498441,497320,8400,0
30000,2,2,1,1,2,-1,-1,-1,-1,2706,1261,390,390,390,390,0,390,390,390,390,780,27294,28739,29610,29610,29610,29610,3187,0
80000,1,1,3,2,2,2,2,2,2,79950,82956,83656,84457,83897,80159,4900,3000,3000,3100,0,11000,50,-2956,-3656,-4457,-3897,-159,470075,1
320000,1,1,3,1,-1,-1,-1,-1,-1,14,1200,2987,-13,2670,-4,1205,3002,0,2683,0,0,319986,318800,317013,320013,317330,320004,-36,0
600000,2,1,4,-1,-1,-1,-1,-1,-1,225274,230414,237135,241033,246081,250971,8773,10561,8629,8934,8984,9306,374726,369586,362865,358967,353919,349029,1375721,1
200000,2,4,2,2,2,2,2,2,2,76308,78669,75995,79781,81533,80243,4000,0,5500,3000,0,6100,123692,121331,124005,120219,118467,119757,453929,1
240000,2,4,2,1,2,-1,-1,-1,-1,228610,182982,150022,151787,154922,159113,0,7000,5000,5000,6000,6000,11390,57018,89978,88213,85078,80887,998436,0
30000,2,1,4,-1,-1,-1,-1,3,2,6551,8482,10184,12408,11922,12167,2049,1851,2400,0,587,0,23449,21518,19816,17592,18078,17833,54827,0
20000,2,2,2,-1,-1,-1,-1,-1,-1,14765,6371,4150,988,390,1935,1000,4150,988,390,1935,1316,5235,13629,15850,19012,19610,18065,18820,0
130000,1,4,2,-1,-1,-1,-1,-1,2,132105,130973,97006,60608,62065,60842,8000,4559,5000,5000,0,6000,-2105,-973,32994,69392,67935,69158,515040,0
190000,3,1,2,-1,-1,-1,-1,-1,-1,94921,97397,99789,102131,104491,106755,4000,4000,4000,4000,4000,4000,95079,92603,90211,87869,85509,83245,581484,0
470000,1,2,3,-1,-1,-1,2,-1,-1,42974,45277,54321,52932,46712,45537,3000,10000,0,6000,5000,10000,427026,424723,415679,417068,423288,424463,253753,0
50000,1,4,1,-1,-1,2,2,-1,-1,15416,17392,18446,17852,18236,20524,2233,1639,0,672,2602,2000,34584,32608,31554,32148,31764,29476,98720,0
250000,2,2,2,-1,-1,-1,-1,-1,-1,3694,4716,6126,7514,8883,12860,1090,1500,1500,1500,4200,1500,246306,245284,243874,242486,241117,237140,32503,0
500000,1,2,3,-1,-1,-1,-1,-1,-1,193083,210013,218508,230776,245546,255905,21507,15020,20007,20007,15912,26402,306917,289987,281492,269224,254454,244095,1234976,0
500000,1,2,1,2,-1,-1,-1,-1,-1,216657,174694,165203,136067,16120,93532,8508,4699,623,1590,93469,2554,283343,325306,334797,363933,483880,406468,690830,0
60000,1,4,1,-1,-1,-1,-1,-1,-1,16006,16840,18001,18048,12583,12754,1400,1500,500,700,500,1000,43994,43160,41999,41952,47417,47246,88632,0
20000,2,1,5,1,2,2,2,3,2,12961,13668,13145,15023,14510,13854,1209,0,2087,0,550,0,7039,6332,6855,4977,5490,6146,79315,1
50000,2,1,4,1,1,-2,-2,-2,-2,36750,0,0,0,0,0,5000,0,0,0,0,0,13250,50000,50000,50000,50000,50000,31750,0
20000,2,1,3,2,2,-1,-1,-1,-1,21136,20043,20192,19459,36290,19774,11,2505,2000,3000,1203,500,-1136,-43,-192,541,-16290,226,127675,1
140000,1,2,1,-1,-1,-1,-1,-1,-1,7845,12338,13919,14019,4347,4729,5000,3000,300,500,4000,6000,132155,127662,126081,125981,135653,135271,38397,0
80000,2,2,4,-1,-1,-1,-1,-1,-1,31333,32365,33380,34043,34756,35448,1541,1556,1219,1262,1270,1314,48667,47635,46620,45957,45244,44552,193163,0
110000,2,2,1,-1,-1,-1,-1,2,-1,106302,108590,107414,108887,107145,102075,5500,5224,7641,0,3785,3668,3698,1410,2586,1113,2855,7925,614595,0
360000,1,4,2,-2,-2,-2,-2,-2,-2,3377,37305,5721,11379,7939,7081,37500,5749,11436,7978,3566,6109,356623,322695,354279,348621,352061,352919,464,0
50000,4,4,1,-1,-1,-1,-1,-1,-1,1211,3173,7076,7729,9442,9887,2000,4000,2000,2000,1000,2000,48789,46827,42924,42271,40558,40113,25518,0
380000,1,1,4,1,-1,-1,-1,-1,-2,0,2879,1395,3261,0,0,742,1395,3261,0,0,0,380000,377121,378605,376739,380000,380000,2137,0
50000,2,2,2,-2,-2,-1,-1,-1,2,18750,0,31288,27335,30626,29921,0,95000,1000,3700,16,518,31250,50000,18712,22665,19374,20079,37686,0
300000,2,2,3,-1,-1,-1,-1,-1,-1,300,97,6497,5897,6005,0,97,6500,0,408,0,30000,299700,299903,293503,294103,293995,300000,-18209,0
360000,1,1,1,-1,-1,-1,-1,-1,-1,55104,52585,45914,8835,3421,2391,2094,1760,204,17,2403,0,304896,307415,314086,351165,356579,357609,161772,0
60000,2,4,1,-1,-1,-1,2,2,-1,27104,28179,30586,30885,30268,30103,1500,2867,1080,0,1319,2200,32896,31821,29414,29115,29732,29897,168159,0
30000,2,2,1,-1,-1,-1,-1,-1,-1,7965,3101,3126,7365,3245,828,1000,3126,7365,0,828,8511,22035,26899,26874,22635,26755,29172,4800,0
120000,1,2,1,-1,-1,2,2,-1,-1,9383,16571,16607,16043,16379,16706,7703,600,0,595,599,619,110617,103429,103393,103957,103621,103294,81573,0
50000,1,4,1,-1,-1,-1,-1,-1,-1,1389,722,179,10100,13285,5489,722,179,10100,13285,5489,0,48611,49278,49821,39900,36715,44511,1389,0
150000,2,2,3,-1,-1,-1,-1,-1,-1,4083,10193,12620,13027,17760,83146,6248,4620,3027,7050,75415,6056,145917,139807,137380,136973,132240,66854,38413,0
50000,2,4,1,2,2,-2,-2,-2,-1,4338,0,0,0,0,74,0,0,0,0,74,390,45662,50000,50000,50000,50000,49926,3948,1
50000,2,4,1,-1,-1,-1,-1,-1,-1,50105,51099,50269,28553,30196,30208,2205,2204,1000,2013,5004,2009,-105,-1099,-269,21447,19804,19792,225995,0
50000,2,2,2,-1,-1,-1,-1,-1,-1,390,390,390,390,390,390,390,390,390,390,390,390,49610,49610,49610,49610,49610,49610,0,1
550000,1,4,1,-1,-1,-1,-1,-1,-1,257553,251236,246572,240595,237968,220199,12036,9071,8022,6797,7095,6469,292447,298764,303428,309405,312032,329801,1404633,0
190000,2,1,2,1,2,-1,-1,-1,-2,49541,48458,46423,38493,0,0,0,1400,770,0,0,0,140459,141542,143577,151507,190000,190000,180745,0
310000,2,2,2,-1,-1,-1,-1,-1,-1,44981,42940,43449,44925,42725,34303,1942,1460,1936,1742,1303,1249,265019,267060,266551,265075,267275,275697,243691,0
110000,3,2,3,-1,-1,-1,-1,-1,-1,113928,112775,110399,48532,44703,47869,4915,4379,12466,5000,5307,5000,-3928,-2775,-399,61468,65297,62131,441139,0
160000,2,2,1,-1,-1,-1,-1,-1,-1,86772,71275,54769,39137,26971,3426,2805,1487,958,539,1000,390,73228,88725,105231,120863,133029,156574,275171,0
200000,1,4,2,-1,-1,-1,-1,2,-1,219146,212111,206307,204787,195475,191626,7950,7700,11800,4000,10000,10000,-19146,-12111,-6307,-4787,4525,8374,1178002,0
300000,1,2,1,-1,-1,-1,-1,-1,-1,696,696,696,696,696,696,696,696,696,696,696,696,299304,299304,299304,299304,299304,299304,0,0
150000,2,4,1,-1,-1,-1,-1,-1,-1,86787,89610,86738,75859,74108,75898,5120,4021,2500,3000,2800,1700,63213,60390,63262,74141,75892,74102,469859,0
90000,4,1,4,-2,-2,-2,-2,-2,-1,0,0,0,0,0,585,0,0,0,0,585,0,90000,90000,90000,90000,90000,89415,0,0
210000,1,4,1,-1,-1,-1,-1,-1,-1,6608,3582,63527,32088,16731,62561,3582,63000,20000,5000,52343,15000,203392,206418,146473,177912,193269,147439,26172,0
360000,1,2,2,-1,-1,-1,-1,-1,-1,10571,11174,10000,10000,18335,18889,11174,10000,10000,18335,18889,19775,349429,348826,350000,350000,341665,341111,-9204,0
150000,1,2,1,-1,-1,-1,-1,-1,-2,6065,9606,3425,3425,0,0,5000,1000,0,0,0,53082,143935,140394,146575,146575,150000,150000,-36561,1
100000,2,2,2,-1,2,-1,-1,-1,-1,296,148,620,296,148,0,0,620,296,0,0,563,99704,99852,99380,99704,99852,100000,29,0
180000,1,4,1,-2,-2,-2,-2,-2,-2,4312,2117,5944,2102,10214,0,2117,5944,2102,10214,0,0,175688,177883,174056,177898,169786,180000,4312,0
270000,2,1,2,-1,-1,-1,-1,-1,-1,110917,114809,113771,103023,108340,96962,7005,6039,3367,20033,3486,3566,159083,155191,156229,166977,161660,173038,604326,0
60000,2,2,4,-1,-1,-1,-1,-1,-1,56765,57849,57432,27126,27579,29085,3000,4000,2000,2000,2000,2000,3235,2151,2568,32874,32421,30915,240836,0
220000,2,2,2,2,2,-1,-1,-1,-1,223904,211137,197721,181231,182649,182644,0,8240,6549,6605,6490,6319,-3904,8863,22279,38769,37351,37356,1145083,1
200000,1,2,5,-1,-1,-1,-1,-1,-1,12716,12453,21910,12474,17785,12500,12453,21957,12474,17811,12500,0,187284,187547,178090,187526,182215,187500,12643,0
120000,2,4,4,-1,-1,-1,-1,-1,-1,20157,19295,13531,10129,11581,12782,2000,1500,1500,2000,1782,2000,99843,100705,106469,109871,108419,107218,76693,0
500000,1,2,3,-1,-1,-1,-1,-1,-1,37575,105652,51072,77094,77669,42059,107243,52090,78372,78949,42985,62793,462425,394348,448928,422906,422331,457941,-31311,0
50000,4,2,1,1,-2,-2,-2,-2,-2,0,0,0,0,0,0,0,0,0,0,0,0,50000,50000,50000,50000,50000,50000,0,0
30000,4,2,2,-1,-1,-2,-2,-2,-2,30000,-720,-720,-1500,0,0,0,0,0,1500,0,0,0,30720,30720,31500,30000,30000,25560,0
50000,2,1,2,-1,-1,-1,-1,-1,-1,49008,49198,34239,14448,28799,29199,2171,2021,930,31074,1503,1030,992,802,15761,35552,21201,20801,166162,0
20000,2,2,4,2,-1,2,-1,-1,2,390,780,390,549,1320,780,780,0,549,1320,0,0,19610,19220,19610,19451,18680,19220,1560,1
240000,1,4,1,1,2,-1,-1,-1,-1,21260,20643,38552,18580,12773,5423,0,19000,437,1000,1000,5503,218740,219357,201448,221420,227227,234577,90291,0
30000,1,2,1,-1,-1,-1,-1,2,-1,10480,11503,12513,13804,13442,14066,1199,1209,1500,0,1000,1500,19520,18497,17487,16196,16558,15934,69400,1
70000,3,2,3,-1,-1,-1,-1,-1,-1,69877,68751,69744,50190,49603,49469,2600,2215,2000,1800,2000,2000,123,1249,256,19810,20397,20531,345019,0
50000,3,2,1,2,-1,-1,-1,-1,-1,49805,50654,41776,17083,9412,1038,2025,2062,2016,1022,1388,19000,195,-654,8224,32917,40588,48962,142255,1
500000,1,4,1,2,-1,-1,2,-1,-1,98541,102052,111690,78070,78376,80912,6000,13151,0,3000,5000,10000,401459,397948,388310,421930,421624,419088,512490,1
170000,1,1,3,-1,-1,-1,-1,-1,-1,56742,49176,41969,37409,36214,30798,5019,10041,5012,5024,5012,11174,113258,120824,128031,132591,133786,139202,211026,0
20000,3,4,1,-1,-1,-1,-1,-1,-2,390,390,0,780,0,0,390,0,780,0,0,0,19610,19610,20000,19220,20000,20000,390,0
100000,2,4,1,-1,-1,-1,-1,-1,-1,94656,88758,90357,89209,84983,81484,4171,4044,3420,3300,3886,2730,5344,11242,9643,10791,15017,18516,507896,0
20000,1,2,1,1,2,-1,-1,2,-1,18551,17469,18414,20234,18438,18225,0,1576,2396,0,1200,2500,1449,2531,1586,-234,1562,1775,103659,0
210000,3,2,1,-1,-1,-1,-1,-1,-1,22431,2004,45408,28138,6356,2900,2010,45408,28138,2900,0,22427,187569,207996,164592,181862,203644,207100,6354,0
50000,1,1,3,1,2,-1,-1,-1,-1,48063,46565,38617,8999,8870,5876,0,1906,500,500,300,1000,1937,3435,11383,41001,41130,44124,152784,1
20000,3,6,3,1,2,-1,-1,-1,-1,4094,1683,2924,1462,1462,6105,0,2924,0,1462,6105,0,15906,18317,17076,18538,18538,13895,7239,0
190000,2,2,2,-1,-1,-1,-1,-1,-1,58107,60172,62206,63612,65422,67334,3000,3034,2439,3000,3000,3000,131893,129828,127794,126388,124578,122666,359380,0
20000,2,1,2,-1,-1,-1,-1,-1,-1,4966,3120,2549,2696,1188,2677,1200,2549,2696,1188,2677,3241,15034,16880,17451,17304,18812,17323,3645,0
220000,1,2,2,-1,-1,-1,-1,-1,-1,75538,78315,80361,82199,84782,87284,4000,4000,4000,4000,4000,4000,144462,141685,139639,137801,135218,132716,464479,0
20000,2,4,2,-1,-1,-1,-1,-1,-1,780,0,390,390,390,12190,0,390,390,390,12190,780,19220,20000,19610,19610,19610,7810,0,0
140000,3,2,2,-1,-1,-1,-1,-1,-1,88966,39565,41284,45793,40782,32283,3000,3000,10000,1400,1660,2000,51034,100435,98716,94207,99218,107717,267613,0
20000,2,2,1,-1,-1,-1,-1,-1,-1,15526,33140,17589,18945,36552,18797,1300,1300,1650,850,1500,700,4474,-13140,2411,1055,-16552,1203,133249,0
210000,1,2,4,-1,-1,-1,-1,-1,-1,90,90,90,90,180,90,90,90,90,180,0,90,209910,209910,209910,209910,209820,209910,90,1
220000,1,4,2,-1,-1,-1,-1,-1,-1,5385,5337,5484,5342,5618,5236,5363,5511,5368,5646,5262,3894,214615,214663,214516,214658,214382,214764,1358,1
120000,1,2,2,-1,-1,-1,-1,-1,-1,980,4000,1000,0,19100,0,4000,1000,0,19100,0,0,119020,116000,119000,120000,100900,120000,980,1
50000,2,2,1,-1,3,2,-1,-1,-1,10695,10386,9993,9993,15300,0,0,0,200,5307,0,0,39305,39614,40007,40007,34700,50000,50860,1
230000,1,4,1,1,2,-1,-1,2,-1,20887,18705,17295,18335,9320,1858,0,1200,3000,0,254,1637,209113,211295,212705,211665,220680,228142,80309,0
20000,3,2,1,-1,-1,-1,-1,-1,-1,9525,16977,18546,18846,18066,17463,8000,2000,900,0,1000,0,10475,3023,1454,1154,1934,2537,87523,0
210000,1,4,2,-1,-1,-1,-1,-1,-1,140839,119171,119680,118070,111841,111716,4500,6000,5102,5000,5000,4000,69161,90829,90320,91930,98159,98284,691715,0
210000,1,2,1,-1,-1,-1,-1,-1,-1,204824,209873,214775,111893,107697,105578,10000,10000,5000,4000,4000,4000,5176,127,-4775,98107,102303,104422,917640,0
10000,1,2,2,-1,-1,-1,-1,-1,-1,8188,6780,390,390,0,780,1000,390,390,0,780,0,1812,3220,9610,9610,10000,9220,13968,0
100000,2,4,1,-1,-1,-1,-1,-1,-1,1215,1042,1042,1004,1612,622,1042,1042,1004,1650,622,622,98785,98958,98958,98996,98388,99378,555,1
30000,2,2,1,-1,-1,-1,-1,-1,-1,27044,28384,29037,29667,29669,29995,2000,1427,1291,1029,1229,549,2956,1616,963,333,331,5,166271,0
300000,1,1,3,-1,2,2,-2,-2,-2,7111,7111,0,0,0,0,0,0,0,0,0,0,292889,292889,300000,300000,300000,300000,14222,0
140000,1,2,1,-1,-1,-1,-1,-1,-1,60764,62782,63636,65570,67354,69073,3000,2500,3000,3000,3000,3000,79236,77218,76364,74430,72646,70927,371679,0
50000,2,3,2,-1,-1,-1,-1,-1,-1,4943,49411,48859,10076,8442,8610,45200,1285,332,306,308,173,45057,589,1141,39924,41558,41390,82737,1
200000,2,1,3,-1,-1,-1,-1,-1,-1,1296,2035,120921,126429,85500,81305,2564,124500,8000,3500,4000,3000,198704,197965,79079,73571,114500,118695,271922,0
260000,1,2,2,-1,-1,-1,-2,-1,-1,1025,799,-1,-1,358,492,803,0,0,359,494,0,258975,259201,260001,260001,259642,259508,1016,0
250000,2,1,4,2,2,2,-1,-1,2,29086,33288,32459,34600,36539,38287,5000,0,3000,2500,2500,0,220914,216712,217541,215400,213461,211713,191259,1
500000,1,2,4,-2,-2,-2,-2,-2,-2,144430,50001,62622,166818,78909,40268,50133,62646,166853,79331,40268,66607,355570,449999,437378,333182,421091,459732,77210,0
60000,3,2,3,2,-1,-1,-1,-1,-1,32202,29503,29538,29971,29798,28679,1802,1737,1170,1189,1230,1100,27798,30497,30462,30029,30202,31321,171463,1
360000,2,4,1,-1,-1,-1,-1,-1,-1,442,442,442,442,434,442,444,444,444,436,452,886,359558,359558,359558,359558,359566,359558,-462,0
90000,2,2,3,1,1,-2,-2,-2,-2,28636,-2364,-2364,-2364,-2364,-2364,0,0,0,0,0,0,61364,92364,92364,92364,92364,92364,16816,1
150000,2,2,1,-1,-1,-1,-1,-1,-1,151686,147474,7474,8173,87500,89731,3000,120000,823,80000,3684,4500,-1686,2526,142526,141827,62500,60269,280031,1
130000,1,2,4,1,-2,-1,-1,-1,-1,0,0,6244,11108,11428,12233,0,6244,5000,500,1000,1000,130000,130000,123756,118892,118572,117767,27269,0
120000,2,1,4,-1,-1,-1,-1,-1,-1,125022,127457,121408,119070,121696,119138,4509,9496,4252,4535,4304,4536,-5022,-7457,-1408,930,-1696,862,702159,1
160000,2,2,1,-1,-1,-1,-1,-1,-1,128809,127595,115094,111678,105336,104306,5000,4000,5000,4000,3603,4200,31191,32405,44906,48322,54664,55694,667015,0
500000,3,1,2,-1,-1,-1,-1,-1,-1,89574,91782,90989,83633,84491,85522,5053,6052,5038,7029,8018,4022,410426,408218,409011,416367,415509,414478,490779,0
130000,1,2,1,-1,-1,-1,-1,-2,-2,500,0,35660,-20,-20,-20,0,35660,0,0,0,5350,129500,130000,94340,130020,130020,130020,-4910,0
360000,1,4,1,1,-2,-1,-1,-1,-1,0,0,70010,71610,73610,317,0,70010,2000,2000,317,11892,360000,360000,289990,288390,286390,359683,129328,0
120000,2,1,4,-1,-1,-1,-1,-1,2,115771,118818,119395,108802,99988,84253,5829,5900,4100,7100,0,17400,4229,1182,605,11198,20012,35747,606698,1
240000,2,2,3,1,-1,-1,-1,-1,-1,0,40529,3211,9795,11756,12522,40529,3211,9795,11756,12522,6199,240000,199471,236789,230205,228244,227478,-6199,0
50000,2,2,2,-1,-1,-1,-1,-1,-1,41970,31319,18172,18687,19234,19552,1291,1303,818,1000,787,559,8030,18681,31828,31313,30766,30448,143176,0
30000,2,3,1,-1,-1,-1,-1,-1,-1,14935,9000,13358,19332,18149,11743,4500,13358,18154,796,484,432,15065,21000,16642,10668,11851,18257,48793,0
50000,1,2,1,-1,-1,-1,-1,-1,2,19456,20486,21241,21788,23281,22756,1645,1400,900,2000,0,1000,30544,29514,28759,28212,26719,27244,122063,0
80000,1,2,2,2,-1,-1,-1,-1,-1,389,754,1965,390,985,370,755,1800,0,985,0,399,79611,79246,78035,79610,79015,79630,914,1
230000,1,4,1,-1,-1,-1,-1,-1,-1,7701,7744,6997,1386,5578,1386,2028,6997,1386,5578,1386,3495,222299,222256,223003,228614,224422,228614,9922,0
50000,1,1,3,-1,-1,-1,-1,-1,-1,46631,46929,47393,22944,24071,24397,2100,1500,824,1500,877,2796,3369,3071,2607,27056,25929,25603,202768,0
340000,1,4,3,-1,-1,-1,-1,-1,-1,374245,357516,334316,307974,318240,289763,15917,10126,1000,10521,279000,11000,-34245,-17516,5684,32026,21760,50237,1654490,1
170000,1,2,2,-2,-2,-2,-2,-2,-2,740,740,740,740,740,740,740,740,740,740,740,740,169260,169260,169260,169260,169260,169260,0,1
450000,2,4,2,-1,-1,-1,-1,-1,-1,14237,17907,14127,15988,19747,13986,5016,1139,2000,3938,1000,0,435763,432093,435873,434012,430253,436014,82899,0
350000,1,4,2,-1,-1,-1,-1,-1,-1,655,23524,-3626,6531,4440,750,23537,5,10971,0,750,0,349345,326476,353626,343469,345560,349250,-2989,0
50000,2,1,4,-1,-1,-1,-1,-1,-1,19061,49738,49986,8771,8628,7464,52498,1906,278,352,448,200,30939,262,14,41229,41372,42536,87966,0
210000,2,4,1,-1,-1,-1,-1,-1,-1,461,6472,83589,73689,64854,66124,13966,80000,2326,2272,3661,0,209539,203528,126411,136311,145146,143876,192964,0
290000,2,4,1,1,2,2,-1,-1,-1,18099,18912,18249,20305,26615,27063,1400,0,2305,6615,1896,2358,271901,271088,271751,269695,263385,262937,114669,0
180000,1,4,2,-1,-1,2,-1,-1,-1,174847,181556,94532,22800,96940,99550,12151,0,2000,75206,4110,1807,5153,-1556,85468,157200,83060,80450,574951,1
230000,1,4,2,-1,-1,-1,-1,-1,-1,18482,22938,3569,2845,1935,6781,5000,1000,0,2000,5000,1000,211518,207062,226431,227155,228065,223219,42550,0
140000,2,2,1,-1,-1,-1,-1,-1,-1,125273,125756,111799,107375,104299,106280,6000,6000,3910,3936,3871,3841,14727,14244,28201,32625,35701,33720,653224,1
30000,1,4,1,-1,-1,2,-1,-1,-1,2880,3285,2280,248,248,-150,3285,0,248,0,0,0,27120,26715,27720,29752,29752,30150,5258,1
140000,1,4,1,-1,-1,-1,-1,-1,-1,136170,139270,137548,96340,94201,97068,6799,5100,3300,3400,7461,3498,3830,730,2452,43660,45799,42932,671039,0
50000,2,1,3,-1,-1,-1,2,-1,-1,15220,16961,19930,19328,37113,19165,2000,3258,0,679,1528,587,34780,33039,30070,30672,12887,30835,119665,0
80000,2,2,1,-1,-1,-1,-1,-1,-1,1941,2132,1667,2146,1073,2761,2132,1667,2146,0,2761,1073,78059,77868,78333,77854,78927,77239,1941,0
120000,1,2,1,-1,-1,-1,-1,-1,-1,35220,38036,38746,40107,41464,42680,3700,1640,2000,2000,2000,1800,84780,81964,81254,79893,78536,77320,223113,0
400000,2,4,2,-2,-2,-2,-2,-2,-2,8948,10306,22263,20511,27808,8342,10306,22263,20568,27808,8342,14187,391052,389694,377737,379489,372192,391658,-5296,0
70000,2,1,3,-1,-1,-1,-1,-1,-1,93025,95655,66404,31688,17317,6270,3664,2127,618,738,125,0,-23025,-25655,3596,38312,52683,63730,303087,0
190000,2,4,2,-1,-1,-1,-1,2,-1,70396,65185,53691,56997,55956,58020,5000,2000,4200,0,3000,9000,119604,124815,136309,133003,134044,131980,337045,1
60000,2,2,3,-1,-1,-1,-1,-1,-1,57030,48742,35628,31738,28217,29817,5000,2000,1022,1009,5000,1000,2970,11258,24372,28262,31783,30183,216141,0
20000,3,2,2,-1,-1,-1,-1,-1,-1,1118,12776,11417,16449,6989,2021,12783,1000,6782,670,2021,0,18882,7224,8583,3551,13011,17979,27514,0
30000,3,4,4,-1,-1,-2,-2,-2,-2,665,0,0,0,0,0,0,0,0,0,0,0,29335,30000,30000,30000,30000,30000,665,1
450000,1,1,3,-1,-1,-2,-2,-2,-2,560,0,0,0,0,0,0,0,0,0,0,2274,449440,450000,450000,450000,450000,450000,-1714,0
70000,1,2,2,-1,-1,-1,2,2,2,64839,65184,69361,69836,71179,69484,2400,5700,2600,3000,0,2800,5161,4816,639,164,-1179,516,393383,1
160000,2,2,2,-1,-1,-1,-1,-1,-1,61934,65918,67214,71604,75500,83933,5000,3000,6000,6000,10000,5000,98066,94082,92786,88396,84500,76067,391103,0
140000,2,2,2,-1,-1,-1,-1,-1,-1,2290,2290,2292,3365,1567,1707,2290,2292,3365,1567,1707,1707,137710,137710,137708,136635,138433,138293,583,0
130000,1,4,1,-1,-1,-1,-1,-1,-1,7852,8871,9883,10079,10289,10495,1152,1164,360,372,376,540,122148,121129,120117,119921,119711,119505,53505,1
70000,2,4,3,2,2,2,2,2,2,44689,45669,46621,45573,48678,47744,2000,2000,0,4000,0,2000,25311,24331,23379,24427,21322,22256,268974,1
10000,3,2,2,-1,-1,-1,-1,-1,-1,7165,8647,9247,9431,8843,9075,2000,1141,325,331,389,1000,2835,1353,753,569,1157,925,47222,0
30000,2,4,4,-1,-1,2,-1,-1,2,29230,30786,27167,27440,30117,29523,3500,0,3000,6000,0,781,770,-786,2833,2560,-117,477,160982,0
20000,1,2,3,-1,-1,-1,-2,-2,-1,15610,18250,0,0,0,1000,3000,0,0,0,1000,8024,4390,1750,20000,20000,20000,19000,22836,0
360000,2,4,3,-1,-1,-1,-1,-1,-1,10311,2758,1397,298,7950,60097,2758,1397,298,7950,60097,1200,349689,357242,358603,359702,352050,299903,9111,0
50000,3,2,1,2,2,3,3,3,3,1050,1050,1050,1050,1050,1050,0,0,0,0,0,0,48950,48950,48950,48950,48950,48950,6300,1
20000,2,2,1,1,2,-1,-1,-1,2,16981,16424,17242,18448,19495,20026,0,1400,1500,1500,1000,0,3019,3576,2758,1552,505,-26,103216,1
110000,2,2,1,-1,-1,-1,-1,-1,-1,10839,2995,2419,4219,9704,6952,2995,2419,4219,9704,6952,5038,99161,107005,107581,105781,100296,103048,5801,0
150000,1,4,3,-2,-2,-2,-2,-2,-2,-3,371,0,0,222,0,374,0,0,222,0,401,150003,149629,150000,150000,149778,150000,-407,0
140000,2,2,2,-1,-1,-1,-1,-1,-1,21593,17636,17800,14869,12895,12833,2000,2000,2000,1000,1000,600,118407,122364,122200,125131,127105,127167,89026,0
70000,3,2,3,-1,-1,-1,-1,-1,-1,70798,69923,66375,63639,64973,66391,2500,2350,2300,2360,2500,2300,-798,77,3625,6361,5027,3609,387789,1
80000,4,2,1,1,2,-1,-1,-1,-1,87377,84962,68301,32106,32776,31832,62,2145,1300,1310,1500,1215,-7377,-4962,11699,47894,47224,48168,329822,0
80000,1,2,2,-1,-1,-1,-1,-1,-1,14939,14457,2312,1156,1156,1469,1000,2000,0,1156,1469,0,65061,65543,77688,78844,78844,78531,29864,0
50000,2,2,1,1,2,-1,-1,-1,-1,51116,49042,54439,9753,9952,9352,0,2327,1072,199,9000,298,-1116,958,-4439,40247,40048,40648,170758,0
100000,1,2,1,-1,-1,-1,-1,-1,-1,14712,19142,37882,40882,45683,5765,5000,20000,3000,5000,2000,2000,85288,80858,62118,59118,54317,94235,127066,0
130000,2,4,2,-1,-1,-1,-2,-2,-2,1923,1995,0,0,0,0,1000,0,0,0,0,0,128077,128005,130000,130000,130000,130000,2918,0
400000,1,2,2,-1,-1,-1,-1,-1,-1,71991,80225,41429,25858,10219,15967,10242,10268,3000,4000,6070,2007,328009,319775,358571,374142,389781,384033,210102,0
500000,1,2,3,-1,-1,-1,-1,-1,-1,326,628,6290,11604,24679,8642,628,6290,6000,14000,8642,326,499674,499372,493710,488396,475321,491358,16283,1
450000,1,2,1,-1,-1,-1,-1,-1,-1,20571,37283,43482,5626,73516,11854,20000,20006,5676,74306,11889,13347,429429,412717,406518,444374,376484,438146,47108,0
80000,1,4,1,-1,-1,-1,-1,-1,-1,19891,20650,21002,19478,17882,5120,1576,1424,576,1000,102,300,60109,59350,58998,60522,62118,74880,99045,0
500000,1,1,3,-1,-1,-1,-1,-1,-1,10147,7358,11727,10850,9061,13017,7395,11807,10904,9106,13081,7063,489853,492642,488273,489150,490939,486983,2804,0
210000,1,4,2,-2,-2,-2,-2,-1,-1,1400,2800,1400,1400,27100,25644,2800,1400,0,27100,1543,75000,208600,207200,208600,208600,182900,184356,-48099,0
440000,1,4,1,-1,-1,-1,-1,-1,-1,67594,64042,62021,59545,48225,40049,3000,3000,5000,3000,3000,3000,372406,375958,377979,380455,391775,399951,321476,0
280000,1,2,1,-1,-1,-1,-1,-1,-1,39664,28033,27292,16567,7021,10171,9022,10006,6000,1000,10200,7900,240336,251967,252708,263433,272979,269829,84620,0
10000,2,1,4,2,2,7,7,7,7,2400,2400,2400,2400,2400,2400,0,0,0,0,0,0,7600,7600,7600,7600,7600,7600,14400,1
210000,2,2,2,-1,-1,-1,-1,-1,-1,124011,119970,68742,65557,65287,64428,5011,3000,3000,3000,3000,2500,85989,90030,141258,144443,144713,145572,488484,0
100000,1,2,1,-1,-1,-1,2,-1,-1,96644,99119,97195,69299,68030,63601,5000,5900,0,2500,2500,2600,3356,881,2805,30701,31970,36399,475388,0
210000,1,4,2,-1,-1,-2,-2,-2,-2,6309,0,0,0,0,0,0,0,0,0,0,0,203691,210000,210000,210000,210000,210000,6309,1
500000,1,2,2,-1,-1,-1,-1,-1,-1,993,1413,14123,159738,158400,160588,1413,14123,159738,4285,5001,4294,499007,498587,485877,340262,341600,339412,306401,0
150000,1,1,2,-1,-1,-1,-1,-1,-1,65627,64803,62844,61785,61136,57287,2982,2803,2019,2060,2098,2024,84373,85197,87156,88215,88864,92713,359496,0
390000,1,2,3,1,-1,-1,-1,-1,-1,30245,227123,211996,210100,206462,203201,236533,38142,15152,38097,23080,15055,359755,162877,178004,179900,183538,186799,723068,0
100000,2,2,1,2,-1,-1,-1,-1,-1,97361,96265,49380,29152,28832,29949,4732,1500,1500,1500,1500,1964,2639,3735,50620,70848,71168,70051,318243,1
300000,1,1,3,-1,-1,-1,-1,-1,-1,5045,688,6431,3645,2041,1800,688,6495,3681,2448,1910,360,294955,299312,293569,296355,297959,298200,4068,0
80000,2,1,3,-1,-1,-1,-1,-1,-1,79656,80382,61813,30457,30477,30506,3211,2800,1200,1300,1700,1700,344,-382,18187,49543,49523,49494,301380,0
50000,2,2,1,1,2,-1,-1,-1,-1,50781,45429,28927,19896,19475,19168,41,1617,816,1003,1004,912,-781,4571,21073,30104,30525,30832,178283,0
200000,2,4,2,-1,-1,-1,-1,-1,-1,30833,34322,36725,36749,40138,42459,4000,3000,3000,4000,3000,3000,169167,165678,163275,163251,159862,157541,201226,0
380000,1,2,3,-1,-1,-1,-1,-2,-2,7079,10387,2956,316,316,312,10437,2982,316,316,312,1323,372921,369613,377044,379684,379684,379688,5680,0
90000,3,4,1,-1,-1,-1,-1,-1,-1,74818,57334,49899,37251,33061,30869,2400,1502,2006,1500,1500,1500,15182,32666,40101,52749,56939,59131,272824,0
50000,1,2,1,2,2,2,2,2,2,6291,6045,7487,7218,7800,7526,0,1550,0,700,0,800,43709,43955,42513,42782,42200,42474,39317,1
30000,3,4,4,-1,-1,-1,-1,-1,-2,770,-10,390,3797,0,0,0,400,3797,0,0,0,29230,30010,29610,26203,30000,30000,750,0
300000,1,1,3,-1,-1,-1,-1,-1,-1,21507,18505,17036,12863,9597,2304,1379,1008,270,206,329,19769,278493,281495,282964,287137,290403,297696,58851,0
20000,3,1,4,-1,-1,-1,-1,-1,-1,390,390,390,21515,2942,0,390,390,10728,59,0,0,19610,19610,19610,-1515,17058,20000,14060,1
50000,1,2,3,-1,-1,-1,-1,-1,-1,390,390,390,2728,0,780,390,390,2728,0,780,0,49610,49610,49610,47272,50000,49220,390,0
50000,1,2,1,-1,-1,-1,-1,-1,-1,18771,10655,1659,6524,29949,3268,10000,1659,6546,29949,3268,399,31229,39345,48341,43476,20051,46732,19005,0
70000,2,6,3,-1,-1,-1,-1,-1,-1,69486,68650,65458,19087,10220,11913,3000,1604,1000,10220,11913,10000,514,1350,4542,50913,59780,58087,207077,0
230000,1,2,2,-1,-1,-1,-1,-1,-1,124824,102327,103506,100554,103929,107780,10001,5000,4500,5000,6500,4300,105176,127673,126494,129446,126071,122220,607619,0
290000,2,2,2,-1,-1,-1,-1,-1,-1,277449,271080,280510,198869,222558,134187,52000,40504,20000,30003,15004,4012,12551,18920,9490,91131,67442,155813,1223130,0
240000,1,1,3,-1,-1,-2,-1,-1,-2,511,-5,-5,561,0,0,0,0,566,0,0,517,239489,240005,240005,239439,240000,240000,-21,0
330000,1,2,2,-1,2,2,-1,-1,-1,2145,636,0,4009,0,2307,0,0,4009,0,2307,0,327855,329364,330000,325991,330000,327693,2781,0
300000,1,1,2,-1,-1,-1,-1,-1,-1,87118,56182,60039,52009,32862,3730,1691,10043,1065,164,3748,1132,212882,243818,239961,247991,267138,296270,274097,0
160000,1,2,3,-1,-1,-1,-1,-1,-1,326,326,326,652,326,476,326,326,652,0,476,326,159674,159674,159674,159348,159674,159524,326,1
360000,1,1,2,-1,-1,-1,-1,-1,-1,28291,31055,33788,36491,41179,45823,3000,3000,3000,5000,5000,5000,331709,328945,326212,323509,318821,314177,192627,0
60000,2,6,3,-1,-1,2,2,-1,-1,59902,61336,61792,57619,12996,2054,3400,4500,17,500,1500,1000,98,-1336,-1792,2381,47004,57946,244782,1
200000,1,2,3,-1,-1,-1,-1,-1,2,163340,168701,172074,173907,184067,180612,8000,8000,6500,13500,0,7000,36660,31299,27926,26093,15933,19388,999701,0
220000,1,4,4,-1,-1,-1,-1,-2,-2,216194,222220,225648,-2,-2,-2,11000,10050,2,0,0,0,3806,-2220,-5648,220002,220002,220002,643004,0
500000,2,2,3,-1,-1,-1,-1,-1,-1,431195,440304,341673,76519,77223,76684,17624,14783,3000,3000,2853,2385,68805,59696,158327,423481,422777,423316,1399953,0
10000,2,2,2,-1,-1,-1,-1,-1,-1,7955,7976,8985,9164,9356,9593,1140,1149,328,340,393,192,2045,2024,1015,836,644,407,49487,1
20000,2,6,3,1,2,2,-1,-1,-1,17624,18342,17750,18102,18485,19175,1300,0,647,674,1000,582,2376,1658,2250,1898,1515,825,105275,0
50000,4,2,2,2,-1,-1,2,-1,-1,24890,25440,26191,25193,25742,27171,1925,28293,0,1100,2030,0,25110,24560,23809,24807,24258,22829,121279,1
220000,2,4,1,-1,-1,-1,-1,-1,-1,1051,735,419,1470,1154,735,735,419,1470,0,735,2205,218949,219265,219581,218530,218846,219265,0,1
140000,3,1,2,2,2,2,2,2,2,110674,131306,127701,135551,135859,134687,22500,0,10000,2600,2300,5300,29326,8694,12299,4449,4141,5313,733078,1
80000,1,4,1,-1,-1,-1,-1,2,2,42414,43770,44455,47825,48220,48884,2039,1724,4094,2300,1600,0,37586,36230,35545,32175,31780,31116,263811,0
70000,1,4,1,-1,-1,-1,-1,-1,-1,69023,70601,70426,69013,58329,51271,3600,2500,2100,2128,3000,0,977,-601,-426,987,11671,18729,375335,0
390000,1,2,2,-2,-1,-1,-1,-1,-1,1714,52856,11914,14503,13407,52830,53367,11978,14572,13418,42121,709,388286,337144,378086,375497,376593,337170,11059,0
10000,2,1,3,-1,-1,-1,-1,-1,-1,8884,8689,9449,6376,6530,1506,1159,3001,350,3002,1606,6276,1116,1311,551,3624,3470,8494,26040,0
290000,1,2,2,-1,-1,-1,-1,-1,-1,22681,25980,10409,118253,111765,13294,20246,10460,118299,2794,13358,14705,267319,264020,279591,171747,178235,276706,122520,0
280000,3,1,3,-1,-1,-2,-2,-1,-1,2479,3554,4746,2377,2390,3504,3564,4792,2384,2393,3524,2851,277521,276446,275254,277623,277610,276496,-458,0
250000,2,2,1,-1,-1,-1,-1,-1,-1,180056,179349,30349,29568,30188,30786,4077,1500,1917,1097,1101,1139,69944,70651,219651,220432,219812,219214,469465,0
80000,2,2,3,3,2,2,-1,-1,-1,34282,35006,34144,34820,35553,36258,1567,0,1243,1291,1297,1500,45718,44994,45856,45180,44447,43742,203165,1
500000,2,2,2,-1,-1,-1,-1,-1,-1,207205,208827,203696,201655,202938,202136,9755,7414,6940,7299,8021,19384,292795,291173,296304,298345,297062,297864,1167644,0
50000,2,2,1,-1,-1,-1,-1,-1,-1,47974,48527,49381,9999,8793,9138,2500,2000,324,1000,1000,500,2026,1473,619,40001,41207,40862,166488,0
20000,3,2,1,-1,-1,-1,-1,-1,-1,1706,6354,6849,4113,3910,2547,6394,6849,82,78,51,16522,18294,13646,13151,15887,16090,17453,-4497,0
50000,2,4,1,-1,-1,-1,-1,2,-1,16621,8044,917,18353,35836,18320,1037,917,18436,0,699,580,33379,41956,49083,31647,14164,31680,76422,1
160000,2,2,3,1,-2,-2,-2,-2,-2,0,0,0,0,0,0,0,0,0,0,0,0,160000,160000,160000,160000,160000,160000,0,1
20000,2,2,1,2,2,4,4,4,4,1650,1650,1650,1650,1650,1650,0,0,0,0,0,0,18350,18350,18350,18350,18350,18350,9900,1
80000,3,2,1,-1,-1,2,-1,-1,-1,550,1606,1422,2685,1395,2896,1606,4,2693,1395,2906,0,79450,78394,78578,77315,78605,77104,1950,0
290000,2,2,1,-1,-1,-1,-1,-1,-1,284298,281970,276346,0,281225,288652,14013,16346,0,281225,11787,12020,5702,8030,13654,290000,8775,1348,1077100,0
20000,3,1,1,-1,-1,-1,-1,-1,-1,15706,16849,17285,18683,9121,14374,1700,1110,1500,500,300,150,4294,3151,2715,1317,10879,5626,86758,0
30000,2,2,2,-1,-1,-1,2,2,2,26168,27442,30165,29383,32739,33143,2000,3500,0,4000,1150,1000,3832,2558,-165,617,-2739,-3143,167390,0
170000,1,2,2,-1,2,-1,-1,-1,-1,69013,67397,69518,70616,79267,84140,0,3800,2800,10000,6129,0,100987,102603,100482,99384,90733,85860,417222,0
700000,1,2,2,-1,-1,-1,-1,-1,-1,450827,389039,328316,325968,271596,286805,13000,11939,10312,20004,20000,20000,249173,310961,371684,374032,428404,413195,1957296,0
50000,3,3,4,-1,-1,-1,-1,-1,-1,46199,47179,47445,17945,18165,18557,2023,1289,789,659,694,623,3801,2821,2555,32055,31835,31443,189413,0
200000,1,2,2,1,-2,-1,-1,-1,-1,0,0,50307,28281,42163,0,0,50307,28281,42163,5040,3036,200000,200000,149693,171719,157837,200000,-8076,0
20000,2,1,1,-1,-1,-1,3,2,-1,6599,9315,19067,18472,18037,18487,3000,10000,0,0,900,2000,13401,10685,933,1528,1963,1513,74077,0
60000,2,1,3,-1,-1,-1,-1,-1,-1,95648,56259,49425,16941,13349,14826,5000,4731,2000,10000,3000,5000,-35648,3741,10575,43059,46651,45174,216717,0
160000,3,1,3,1,-1,-1,-2,-1,-1,0,1564,-436,-436,436,436,1564,0,0,872,0,0,160000,158436,160436,160436,159564,159564,-872,0
370000,2,1,2,-1,-1,-1,-1,-1,-1,13854,3366,2671,13780,20652,10876,3382,2684,13795,10103,11020,10684,356146,366634,367329,356220,349348,359124,13531,0
500000,3,4,3,-1,-1,-1,-1,-1,-1,207406,207479,211508,223660,228014,223940,15000,10000,23660,20000,13940,26542,292594,292521,288492,276340,271986,276060,1192865,0
500000,2,2,3,-2,-2,-2,-2,-1,-1,240927,18676,9390,-3772,282777,288937,1093,9429,3423,291227,9011,9030,259073,481324,490610,503772,217223,211063,513722,0
50000,1,4,1,-1,-1,-1,-1,-1,-1,45107,30617,22324,18587,20316,18271,2000,2000,1000,2000,1000,2950,4893,19383,27676,31413,29684,31729,144272,1
140000,1,2,2,-1,-1,-1,-1,-1,-1,72462,75297,76441,78171,79757,81427,4000,3000,3000,3000,3000,7500,67538,64703,63559,61829,60243,58573,440055,0
210000,2,2,4,-1,-1,-1,-1,-1,-1,390,390,390,390,390,150,390,390,390,390,150,780,209610,209610,209610,209610,209610,209850,-390,1
300000,1,2,4,1,-2,-2,-2,-2,-2,0,0,0,0,0,0,0,0,0,0,0,0,300000,300000,300000,300000,300000,300000,0,1
60000,2,4,1,-1,-1,-1,-1,-1,-1,55765,56619,54636,18293,18107,18803,2600,1500,1000,1000,1000,3000,4235,3381,5364,41707,41893,41197,212123,1
80000,2,1,5,2,2,2,2,2,2,48463,49484,50372,51246,52279,53069,2100,2000,2000,2000,1800,1000,31537,30516,29628,28754,27721,26931,294013,1
50000,3,1,3,-1,-1,-1,-1,-1,-1,50899,50527,50375,46952,50343,48831,2000,2000,2000,5001,5000,5021,-899,-527,-375,3048,-343,1169,276905,0
240000,2,2,3,-1,-1,-1,-1,-1,-1,21468,15503,17812,14328,11110,7567,3000,3000,2880,306,2000,2000,218532,224497,222188,225672,228890,232433,74602,0
360000,1,4,1,-1,-1,-1,-1,-1,2,1994,5305,4960,5228,6552,3827,5317,1007,2006,2562,13,2989,358006,354695,355040,354772,353448,356173,13972,0
140000,1,4,1,-1,-1,-1,-1,-1,-1,25118,18948,16923,12103,11519,11611,2000,2001,401,1000,1000,1000,114882,121052,123077,127897,128481,128389,88820,0
310000,1,1,2,-1,-1,-1,-1,-1,-1,190704,194111,144855,149146,198027,202293,7787,6000,7000,75593,7000,7000,119296,115889,165145,160854,111973,107707,968756,0
20000,2,4,1,-1,-1,2,-1,-1,-1,14413,16474,16510,16566,17370,19905,3000,1000,1000,2000,3000,0,5587,3526,3490,3434,2630,95,91238,0
140000,2,4,1,-1,-1,-1,-1,-1,-1,46605,35797,36615,28354,18093,6723,2281,1683,929,1000,134,0,93395,104203,103385,111646,121907,133277,166160,0
440000,1,1,5,-1,-1,-1,-1,2,-1,14721,5049,649,1108,150,1075,4909,499,959,0,925,1392,425279,434951,439351,438892,439850,438925,14068,0
330000,2,1,2,-1,-1,-1,-1,-1,-1,17421,18769,17413,17769,18138,13788,1650,1200,510,524,668,300,312579,311231,312587,312231,311862,316212,98446,0
60000,1,2,1,-1,-1,-1,-1,-1,-1,29860,30576,31962,32444,32971,33721,1500,1900,1310,1200,1300,1500,30140,29424,28038,27556,27029,26279,182824,0
120000,2,4,1,-1,-1,-1,-1,-1,-1,38842,38973,37708,4293,4305,5128,2300,1200,1000,1000,888,60000,81158,81027,82292,115707,115695,114872,62861,0
290000,2,4,2,-1,-1,-1,-1,-1,-1,8690,-204,3268,302,3586,2345,0,3600,800,5228,2345,9139,281310,290204,286732,289698,286414,287655,-3125,0
20000,2,2,1,1,2,2,2,2,2,14437,15509,15498,14952,15983,15576,1600,535,0,1272,0,1463,5563,4491,4502,5048,4017,4424,87085,0
500000,2,2,5,1,-1,-1,-1,-1,-1,493,1086,731,561,618,991,1086,731,561,618,991,933,499507,498914,499269,499439,499382,499009,-440,1
20000,2,2,1,2,2,2,2,2,2,150,150,150,1150,1000,0,0,0,1000,0,0,0,19850,19850,19850,18850,19000,20000,1600,0
150000,3,2,3,2,2,2,2,2,-1,11164,11713,11759,12453,12147,12254,1000,500,850,0,400,400,138836,138287,138241,137547,137853,137746,68340,1
490000,2,2,3,-1,-1,-1,-1,-1,-1,15838,11356,25409,15926,8604,8941,11404,25458,86,8711,5034,1345,474162,478644,464591,474074,481396,481059,34036,0
170000,2,2,1,-1,-1,-1,-1,-1,-1,108717,69632,56537,113576,138419,101452,8092,20121,100071,50122,6468,278311,61283,100368,113463,56424,31581,68548,125148,0
50000,1,4,1,1,2,2,-1,-1,2,2238,3057,1879,889,2399,1225,2000,0,0,2500,0,1300,47762,46943,48121,49111,47601,48775,5887,1
150000,2,1,3,-1,-1,-1,-1,-1,-1,106396,105332,82191,77262,49851,6666,7041,3000,3116,2500,5000,0,43604,44668,67809,72738,100149,143334,407041,0
390000,1,2,3,-1,-1,-1,-1,-1,-1,6782,1466,3273,6965,4893,7777,1466,3273,6965,4893,7777,7271,383218,388534,386727,383035,385107,382223,-489,0
380000,1,2,2,-1,-1,-1,-1,-1,-1,79099,80828,82583,84687,84832,84576,3000,3100,3500,3500,3200,3000,300901,299172,297417,295313,295168,295424,477305,0
170000,2,2,2,1,-2,-1,-1,-2,-2,-270,-270,99730,-27,-27,-27,0,100000,0,0,0,0,170270,170270,70270,170027,170027,170027,-891,0
170000,2,2,1,-1,-1,-1,-1,-1,-1,55658,48292,23264,12346,28910,13837,5000,1000,375,18785,757,259,114342,121708,146736,157654,141090,156163,156131,0
390000,1,1,2,1,-1,-1,-1,-1,-1,0,250,79,79,290,106,250,79,0,290,106,66,390000,389750,389921,389921,389710,389894,13,1
30000,2,4,1,2,2,2,2,2,2,20218,19607,21778,22124,22622,23002,0,2500,1000,1000,900,900,9782,10393,8222,7876,7378,6998,123051,0
300000,2,2,3,-1,-1,-1,-2,-1,-1,440,452,0,0,3427,1098,452,0,0,3427,1098,0,299560,299548,300000,300000,296573,298902,440,0
180000,1,4,1,-1,-1,-1,-1,-1,-1,23890,2181,21073,12159,8418,6896,2181,21100,0,0,6896,0,156110,177819,158927,167841,171582,173104,44440,0
360000,2,2,1,-1,-1,-1,-1,-1,-1,241584,249687,250227,123146,101486,93700,124900,6850,4129,5000,2790,2000,118416,110313,109773,236854,258514,266300,914161,0
230000,2,2,3,-1,-1,-1,-1,2,-1,5838,6369,6790,8171,7396,7757,1300,1200,2000,0,1000,2000,224162,223631,223210,221829,222604,222243,34821,0
30000,3,2,1,1,2,2,2,-1,-1,25554,28031,28345,27591,28218,29880,3204,1068,0,1068,2136,600,4446,1969,1655,2409,1782,120,159543,1
400000,2,2,3,-1,-1,-1,-1,-1,-1,9083,12641,15377,14757,44843,6622,12658,15384,14757,44843,6622,6309,390917,387359,384623,385243,355157,393378,2750,0
20000,2,2,3,2,-1,-1,-1,-1,-1,19401,19670,19839,20236,19807,19843,1331,2000,688,1000,1500,700,599,330,161,-236,193,157,111577,1
100000,2,4,1,-1,-1,-1,-1,-1,-1,1508,6186,2208,1823,1516,3378,6186,2208,1823,1516,3378,3431,98492,93814,97792,98177,98484,96622,-1923,0
340000,2,1,3,1,-2,-2,-2,-2,-2,-15,-15,-15,-15,-15,-15,0,0,0,0,0,0,340015,340015,340015,340015,340015,340015,-90,1
30000,2,4,1,-1,-1,-1,-1,-1,-1,27849,29094,29352,29766,19933,10921,2000,1200,614,520,335,0,2151,906,648,234,10067,19079,142246,0
440000,3,1,2,2,-1,2,-1,-1,-1,775,1550,775,775,925,775,1551,1,776,926,776,776,439225,438450,439225,439225,439075,439225,769,1
100000,2,1,3,2,-1,-1,-1,-1,-1,390,390,370,-20,780,0,390,370,0,800,0,0,99610,99610,99630,100020,99220,100000,350,0
30000,3,4,1,-1,-1,-1,-1,-1,-1,25354,24826,25412,21658,980,55,1650,1200,1000,1000,55,0,4646,5174,4588,8342,29020,29945,93380,0
20000,2,2,3,1,2,-1,-1,-1,-1,20251,19637,19539,20080,18855,20130,0,2000,841,696,1600,0,-251,363,461,-80,1145,-130,113355,1
200000,2,1,3,1,2,2,-1,-1,-1,303719,268163,228720,234177,201490,190721,5133,0,5857,202076,6726,5346,-103719,-68163,-28720,-34177,-1490,9279,1201852,0
180000,2,2,2,-1,-1,-1,-1,-1,-1,167604,162774,148961,78024,72989,75454,6949,6502,3022,3000,3022,2000,12396,17226,31039,101976,107011,104546,681311,0
50000,2,4,2,-2,-1,-1,-1,-1,-2,23264,13573,13876,13789,725,0,13573,13876,276,725,0,0,26736,36427,36124,36211,49275,50000,36777,0
210000,2,4,1,-1,-1,-1,-1,-1,-1,115583,130020,133963,115989,101628,104809,25000,15103,5000,4000,5000,5000,94417,79980,76037,94011,108372,105191,642889,0
210000,2,4,1,-1,-1,-1,-1,-1,-1,94681,96920,98562,100329,103697,91408,3766,3507,3334,4723,3418,2682,115319,113080,111438,109671,106303,118592,564167,0
220000,1,2,2,-1,-1,2,-1,-1,-1,190691,206000,194930,130938,134664,140238,20000,0,5000,6000,8000,5000,29309,14000,25070,89062,85336,79762,953461,0
240000,1,1,2,2,-1,-1,-1,-1,2,183360,187637,191846,194485,206747,203388,8600,8700,7200,15500,0,8000,56640,52363,48154,45515,33253,36612,1119463,0
200000,2,2,2,-1,-1,-1,-1,-1,-1,6195,2645,3416,3916,4248,5068,1300,1000,500,500,1000,1000,193805,197355,196584,196084,195752,194932,20188,1
20000,2,2,3,-1,-1,-1,-2,-2,-2,19401,20650,0,0,0,0,1650,0,0,0,0,0,599,-650,20000,20000,20000,20000,38401,1
180000,1,2,2,-1,-1,2,-1,-1,2,13999,17829,6608,17087,17993,8662,4176,65,17087,2013,23,32852,166001,162171,173392,162913,162007,171338,25962,0
90000,1,4,1,2,-1,-1,-1,-1,-1,89526,89149,85301,65463,65923,67269,3400,3325,2300,2400,2400,2400,474,851,4699,24537,24077,22731,446406,1
130000,3,1,4,-1,-1,-1,-1,-1,-1,582,0,582,291,441,441,0,582,0,441,441,291,129418,130000,129418,129709,129559,129559,582,1
100000,1,1,4,2,2,2,2,2,2,87603,93461,95022,95972,98283,97819,8200,4000,3400,4000,1600,2000,12397,6539,4978,4028,1717,2181,544960,1
450000,1,4,4,1,-2,-2,-1,-1,-1,-237,-2400,-2400,3990,30050,9993,0,0,6390,30050,9993,0,450237,452400,452400,446010,419950,440007,-7437,0
210000,2,1,3,-1,-1,-1,-1,-1,-1,88498,168938,79989,69800,54256,48256,3555,2253,1404,1085,1652,5595,121502,41062,130011,140200,155744,161744,494193,0
380000,2,4,1,-1,-1,-1,-1,-1,-1,123880,105184,69221,46858,33060,27047,7050,6018,3000,4000,4000,250400,256120,274816,310779,333142,346940,352953,130782,0
20000,2,2,2,-1,-1,2,2,2,-1,20246,36350,18910,33500,-15306,20000,3000,3000,290,5000,35306,0,-246,-16350,1090,-13500,35306,0,67104,0
50000,1,4,1,-1,-1,-1,-1,-1,2,51076,50816,47977,34783,20570,20047,2223,1572,1700,1739,0,225,-1076,-816,2023,15217,29430,29953,217810,0
50000,1,4,1,-1,-1,-1,-1,-1,-1,1354,1050,-1,7999,-66,6784,1054,0,8000,0,6850,11000,48646,48950,50001,42001,50066,43216,-9784,1
160000,3,2,3,-1,-1,2,2,2,2,43753,46869,45856,48818,49640,48737,4100,0,4000,1700,0,2000,116247,113131,114144,111182,110360,111263,271873,0
450000,1,2,1,1,-1,-1,-1,-1,-1,-4,969,2226,1878,-25,5029,973,2243,2236,0,5054,392,450004,449031,447774,448122,450025,444971,-825,0
30000,3,1,3,2,2,2,2,2,2,19150,19149,23888,24337,23725,0,600,5229,1000,0,0,0,10850,10851,6112,5663,6275,30000,103420,0
310000,3,2,2,-1,-1,-1,-1,-1,-1,214190,178194,140681,104855,77242,74165,9000,6005,5017,3000,4000,3000,95810,131806,169319,205145,232758,235835,759305,0
50000,3,2,1,2,-1,-1,2,2,2,41827,42650,45930,44891,47654,48721,1800,4000,0,3500,2000,0,8173,7350,4070,5109,2346,1279,260373,1
160000,3,2,2,-1,-1,-1,-1,-1,-1,38486,39217,40537,41030,41891,43196,1652,1972,1465,1519,2000,1592,121514,120783,119463,118970,118109,116804,234157,0
170000,1,2,2,-1,-1,-1,-1,-1,-1,959,1898,850,6390,1958,1346,1911,850,6390,5,1358,202,169041,168102,169150,163610,168042,168654,2685,0
230000,1,4,1,-1,-1,-1,-1,-1,-1,15714,13171,24589,31111,60562,9968,13171,20015,11000,60562,8000,6059,214286,216829,205411,198889,169438,220032,36308,0
20000,3,2,1,-1,-1,-1,-1,-1,-1,3556,3271,798,798,798,408,1481,798,798,798,408,1188,16444,16729,19202,19202,19202,19592,4158,0
50000,2,4,1,-2,-2,-2,-2,-1,-1,64498,58261,401,43091,29842,30601,349,595,54061,32384,1234,1500,-14498,-8261,49599,6909,20158,19399,136571,0
140000,3,2,1,-2,-2,-2,-2,-2,-2,76910,22972,28336,30281,38339,80792,1994,18002,3001,9004,45117,40158,63090,117028,111664,109719,101661,59208,160354,0
50000,2,4,3,1,2,-1,-1,-1,-1,48777,47331,48010,24331,25553,26733,0,2000,1000,2000,2000,2000,1223,2669,1990,25669,24447,23267,211735,0
280000,2,4,2,-2,-2,-2,-2,-2,-2,2419,10499,16243,0,0,0,10517,16494,0,0,0,0,277581,269501,263757,280000,280000,280000,2150,0
360000,1,4,2,-2,-2,-2,-2,-2,-2,211,70,0,1600,0,1101,70,0,1600,0,1101,0,359789,359930,360000,358400,360000,358899,211,0
50000,3,2,1,-1,-1,-1,-1,-1,-1,45803,46696,15287,7694,7921,8041,2400,1123,500,500,400,500,4197,3304,34713,42306,42079,41959,126019,0
20000,2,2,1,-1,-1,-1,-1,-1,-1,19739,17875,19174,19158,18762,19223,1000,26299,673,680,772,851,261,2125,826,842,1238,777,83656,0
310000,2,2,2,-1,-1,-1,-1,-1,-1,87842,42594,26198,26766,27341,28891,3021,1600,1000,1000,2000,3000,222158,267406,283802,283234,282659,281109,228011,0
260000,3,4,2,-1,-1,-2,-2,-2,-1,7571,3563,2786,-14,-14,12074,1000,2786,14,0,12088,2021,252429,256437,257214,260014,260014,247926,8057,0
80000,1,1,3,3,2,2,2,2,-1,7866,8788,8498,9155,8864,9215,1200,0,800,0,500,900,72134,71212,71502,70845,71136,70785,48986,1
30000,3,2,3,1,2,-1,-1,-1,-1,13347,12843,13850,14125,14423,14516,0,1227,502,522,521,521,16653,17157,16150,15875,15577,15484,79811,1
340000,2,4,1,-1,-1,-1,-1,-1,-1,135538,113464,88629,71435,69725,69714,4093,3000,11115,2052,2500,1100,204462,226536,251371,268565,270275,270286,524645,0
260000,1,4,1,-1,-1,-1,-1,-1,-1,37003,1105,2490,17445,1795,278,1305,2690,15650,0,278,2500,222997,258895,257510,242555,258205,259722,37693,0
420000,2,2,3,-1,-1,-1,2,-1,-1,33561,38901,38710,38022,20256,22743,5900,900,101,3000,3000,5000,386439,381099,381290,381978,399744,397257,174292,0
80000,1,2,4,2,2,2,-1,-1,-1,12894,15449,14909,14915,15382,16374,3084,0,550,707,1400,200,67106,64551,65091,65085,64618,63626,83982,1
400000,1,1,2,-1,-1,-1,-1,-1,-1,44765,35776,67887,20356,12780,11625,10006,3072,72,62,11681,31071,355235,364224,332113,379644,387220,388375,137225,0
460000,1,1,4,-1,-1,-1,-1,-1,-1,30765,13883,19146,27639,38586,-260,13953,19441,27778,38780,0,0,429235,446117,440854,432361,421414,460260,29807,0
200000,2,2,2,-1,-1,-1,-1,-1,-1,31236,31996,32704,33351,34050,36184,1838,1546,1193,1236,2700,1022,168764,168004,167296,166649,165950,163816,189986,0
160000,2,1,4,-1,-1,2,-1,2,-1,390,780,390,1080,540,390,780,0,1080,0,390,390,159610,159220,159610,158920,159460,159610,930,0
70000,1,2,1,-1,-1,-1,-1,-1,-1,6121,7064,8143,8507,8869,9220,1200,1200,500,500,500,500,63879,62936,61857,61493,61131,60780,43524,1
290000,3,2,3,-2,-2,-1,-1,-1,-1,170823,174650,123514,125973,128608,127976,8050,123514,4274,4426,4859,5407,119177,115350,166486,164027,161392,162024,701014,0
120000,1,4,1,-1,-1,-1,-1,-2,-1,50150,44742,33231,-1320,-660,956,5069,2805,0,0,1616,0,69850,75258,86769,121320,120660,119044,117609,0
100000,1,4,1,-1,-1,-1,-1,-1,2,24459,26726,25669,881,57540,55038,3000,1016,2007,57500,2000,0,75541,73274,74331,99119,42460,44962,124790,0
30000,3,2,4,-1,-1,-1,-1,-1,-1,27381,27803,28170,9515,780,0,1633,1000,1190,0,0,0,2619,2197,1830,20485,29220,30000,89826,0
30000,1,4,1,2,-1,-1,-1,-1,-1,14546,15570,16882,16911,17416,17608,1265,1577,606,778,630,653,15454,14430,13118,13089,12584,12392,93424,1
50000,1,4,1,-1,-1,-1,-1,-1,-1,33959,35409,36120,36991,37744,39115,2000,1601,1472,1500,2000,5000,16041,14591,13880,13009,12256,10885,205765,0
210000,1,2,2,-1,-1,-1,-1,-1,-1,4443,3569,1737,2433,3115,3899,3569,1737,2433,3115,3899,2460,205557,206431,208263,207567,206885,206101,1983,1
10000,3,2,1,1,3,2,3,2,-1,5530,5792,6050,5808,5569,5876,500,500,0,0,400,364,4470,4208,3950,4192,4431,4124,32861,1
250000,1,2,4,-2,-2,-1,-1,-1,-2,18381,2749,5285,9138,1187,1235,2749,5674,9527,1187,1235,2678,231619,247251,244715,240862,248813,248765,14925,0
230000,2,2,2,1,-1,-1,-1,-1,-1,0,2716,3648,6648,7982,9203,2716,1000,3000,4000,2000,1000,230000,227284,226352,223352,222018,220797,16481,0
150000,1,2,1,-2,-2,-2,-2,-2,-2,0,0,0,0,0,0,0,0,0,0,0,0,150000,150000,150000,150000,150000,150000,0,0
20000,1,4,1,1,2,2,-1,-1,-2,21672,22031,21247,7475,0,0,1000,18,300,0,0,0,-1672,-2031,-1247,12525,20000,20000,71107,1
150000,2,2,3,-1,-1,-1,-1,-1,-1,80435,74826,74485,71935,71757,71844,3349,3200,2700,2711,2800,1561,69565,75174,75515,78065,78243,78156,428961,0
20000,3,2,3,-1,-1,-1,-1,2,-1,5861,6728,7739,8339,8061,8221,1119,1130,730,0,294,305,14139,13272,12261,11661,11939,11779,41371,0
400000,1,4,2,-1,-1,-1,-1,-1,-1,1919,7381,2691,1781,7123,1470,7389,2691,1781,7123,1470,37546,398081,392619,397309,398219,392877,398530,-35635,0
20000,2,2,3,2,2,4,3,2,-1,17761,21152,20508,19933,19517,20235,4000,0,0,0,1000,3000,2239,-1152,-508,67,483,-235,111106,0
440000,2,2,3,-1,-1,-1,3,2,2,600,-420,417,2217,1321,8879,0,1937,1800,0,8480,0,439400,440420,439583,437783,438679,431121,797,1
20000,2,2,1,-1,-1,-1,-1,-1,-1,1439,1261,390,540,540,540,1261,390,540,540,540,780,18561,18739,19610,19460,19460,19460,659,0
320000,1,2,1,-1,-1,-1,-1,-1,-1,316,316,316,316,316,316,316,316,316,316,316,316,319684,319684,319684,319684,319684,319684,0,0
300000,1,1,2,-1,-1,-2,-2,-2,-2,41000,0,0,0,0,0,0,0,0,0,0,0,259000,300000,300000,300000,300000,300000,41000,0
50000,3,2,1,-1,-1,2,-1,-1,-1,18965,21647,20731,13555,2338,41191,3000,15,587,2338,41191,18957,31035,28353,29269,36445,47662,8809,52339,0
210000,1,2,1,-1,-1,-1,2,2,-1,110757,113139,119812,120763,118722,121249,5650,10100,4400,0,4500,4500,99243,96861,90188,89237,91278,88751,675292,0
350000,1,4,2,-1,-1,-1,-1,-1,-1,2383,9911,12149,14774,2154,67081,9911,12149,16928,0,67081,103202,347617,340089,337851,335226,347846,282919,-100819,0
470000,1,1,2,-1,-1,-1,-1,-1,-1,1260,2516,181,3011,2891,3502,2530,181,3020,1804,1517,1958,468740,467484,469819,466989,467109,466498,2351,0
300000,1,4,1,-2,-2,-2,-2,-2,-2,0,0,0,0,0,0,0,0,0,0,0,0,300000,300000,300000,300000,300000,300000,0,0
30000,2,2,1,2,2,3,3,3,3,1050,1050,1050,1050,1050,1050,0,0,0,0,0,0,28950,28950,28950,28950,28950,28950,6300,1
210000,2,2,1,-1,-1,-1,-1,-1,-1,180004,184401,171506,133206,98885,88101,9000,7500,5503,4185,4500,3875,29996,25599,38494,76794,111115,121899,821540,0
30000,1,2,2,-1,-1,-1,-1,-1,-1,8301,9156,8983,8141,6422,5187,1191,1079,239,209,206,160,21699,20844,21017,21859,23578,24813,43106,0
200000,2,4,1,-1,-1,-1,-1,-1,-1,127843,131352,130884,132142,118084,114281,6579,4734,4368,4183,4227,4066,72157,68648,69116,67858,81916,85719,726429,0
140000,2,1,3,-1,-1,-1,-1,-1,-1,82309,92682,103265,117188,113368,119194,12682,13265,17188,10000,15000,0,57691,47318,36735,22812,26632,20806,559871,0
50000,1,4,1,-1,-1,-1,-1,-1,-1,45431,45187,34250,30276,30894,0,1811,1400,606,618,0,0,4569,4813,15750,19724,19106,50000,181603,0
10000,2,2,2,1,2,-1,-1,-1,-1,9001,8322,8630,8630,7850,8150,0,1400,0,0,1600,0,999,1678,1370,1370,2150,1850,47583,1
390000,2,4,1,-1,-1,-1,-1,-1,-1,116720,121588,121854,90634,84353,57677,7000,5000,4000,5000,10000,20000,273280,268412,268146,299366,305647,332323,541826,0
50000,3,2,4,-1,-1,-1,-1,-1,-1,48173,28233,28610,28808,29403,20260,2235,1612,1200,1057,871,897,1827,21767,21390,21192,20597,29740,175615,0
50000,2,2,1,-1,-1,-1,-1,-1,-1,16221,18965,19602,22156,22732,11378,3000,1500,4600,1000,600,258,33779,31035,30398,27844,27268,38622,100096,1
30000,3,4,2,-1,-1,-1,-1,-1,-2,5477,7314,2970,2587,0,0,8011,2970,2587,0,0,0,24523,22686,27030,27413,30000,30000,4780,0
50000,1,4,2,3,3,4,3,2,5,27166,30190,29421,28652,34032,32913,3769,0,0,6000,0,0,22834,19810,20579,21348,15968,17087,172605,1
50000,1,4,2,1,-2,-1,-1,-1,-1,0,0,12493,28365,6300,999,0,12493,16000,0,999,0,50000,50000,37507,21635,43700,49001,18665,0
260000,1,3,3,-1,-1,-1,-1,-1,-1,253795,253126,253218,249770,243277,240576,9269,9090,9034,8521,10067,8100,6205,6874,6782,10230,16723,19424,1439681,0
50000,1,4,2,1,-2,-2,-2,-2,-2,0,0,0,0,300,150,0,0,0,300,0,980,50000,50000,50000,50000,49700,49850,-830,0
140000,1,2,1,-1,-1,-1,-1,-1,-1,639,8358,2620,2073,4732,1131,8358,2620,2077,4732,1131,2114,139361,131642,137380,137927,135268,138869,-1479,0
490000,1,2,1,-1,-1,-1,-1,-1,-1,422483,430538,392670,390031,396687,404885,15358,15049,14500,14000,15021,10664,67517,59462,97330,99969,93313,85115,2352702,0
60000,2,4,1,1,2,-1,-1,-1,-1,60425,57786,55272,55925,57063,48228,28,2500,2000,2030,2100,3500,-425,2214,4728,4075,2937,11772,322541,1
80000,1,2,2,2,-1,-1,2,2,-1,62281,63774,68204,69484,68247,71110,2500,5500,3000,0,4000,2500,17719,16226,11796,10516,11753,8890,385600,1
80000,1,2,1,-1,-1,-1,-1,-1,-1,51533,45147,45921,46629,47655,48496,1800,1800,1690,1750,1887,1800,28467,34853,34079,33371,32345,31504,274654,0
290000,1,2,1,-1,-1,-1,-1,-1,-1,162118,150366,148949,141711,122755,216138,6000,6000,5000,10000,100000,7681,127882,139634,141051,148289,167245,73862,807356,0
280000,2,2,1,-1,-1,-1,-1,-1,-1,104451,105960,100542,103087,103983,105638,4470,4188,5000,3679,3703,3652,175549,174040,179458,176913,176017,174362,598969,0
130000,2,2,1,-1,-1,-1,-1,-1,2,111731,108635,108842,110236,114763,118884,6000,6000,5000,6800,6500,0,18269,21365,21158,19764,15237,11116,642791,0
20000,3,1,4,-1,-1,-1,-1,-1,-1,2912,390,780,780,780,390,390,780,780,780,390,780,17088,19610,19220,19220,19220,19610,2132,0
50000,2,2,2,-1,-1,-1,-1,2,-1,48548,49579,27496,20414,19978,18547,2032,1304,1500,0,868,1000,1452,421,22504,29586,30022,31453,177858,1
330000,1,4,1,1,-1,2,2,2,2,963,11,11,11,11,11,504,0,0,0,0,0,329037,329989,329989,329989,329989,329989,514,0
150000,3,4,3,-1,-1,-1,-1,-1,-1,95943,1473,1863,390,772,382,32153,1863,0,772,0,398,54057,148527,148137,149610,149228,149618,65637,1
150000,2,4,1,-1,-1,-1,-1,-1,-1,96739,98351,100369,101035,101982,103970,4000,4500,4000,4000,5000,5000,53261,51649,49631,48965,48018,46030,575946,0
210000,2,3,1,-1,-1,-1,-1,-1,-1,81387,82679,84014,84365,86517,87296,3883,4000,3008,3500,3139,3373,128613,127321,125986,125635,123483,122704,485355,0
10000,2,3,1,-1,-1,-1,-1,-1,-1,5757,6805,7662,8034,8256,8957,1300,1128,500,500,1000,500,4243,3195,2338,1966,1744,1043,40543,1
300000,3,2,2,-1,-1,-1,-1,-1,-2,15003,14469,15200,18000,0,0,1469,1200,3000,0,0,0,284997,285531,284800,282000,300000,300000,57003,0
140000,2,4,2,-1,-1,-1,-1,-1,-1,140387,129846,87849,84455,87287,81423,5509,7124,2866,4033,5954,3120,-387,10154,52151,55545,52713,58577,582641,0
50000,2,4,1,1,-2,-2,-2,-2,-2,0,0,0,0,0,0,0,0,0,0,0,9033,50000,50000,50000,50000,50000,50000,-9033,0
140000,1,2,2,-1,-1,-1,-1,-1,-1,1750,1003,0,440,1367,890,1003,0,440,1367,890,0,138250,138997,140000,139560,138633,139110,1750,0
50000,2,2,2,-1,-1,-1,-1,-1,-1,46610,45005,43448,15075,16534,16809,2021,1500,700,1700,700,623,3390,4995,6552,34925,33466,33191,176237,0
500000,1,2,2,-1,-1,-1,-1,-1,-1,1369,6138,20424,7840,846,790,4769,19629,157,0,790,860,498631,493862,479576,492160,499154,499210,11202,0
500000,3,2,2,-1,-1,-1,-1,-1,-1,70016,70837,63488,32050,46393,35207,2568,2000,1285,15000,1520,6994,429984,429163,436512,467950,453607,464793,288624,0
20000,2,2,2,2,-1,-1,-1,-1,-1,1442,1261,390,390,390,930,1261,390,390,390,930,0,18558,18739,19610,19610,19610,19070,1442,0
420000,1,1,3,-1,-1,-1,-1,-1,-1,10517,15571,9090,9622,10223,3942,15585,9100,9628,10223,3942,3754,409483,404429,410910,410378,409777,416058,6733,0
60000,2,1,2,1,2,3,4,4,3,22007,24360,26647,27912,26889,29140,3000,3000,2000,0,3000,3000,37993,35640,33353,32088,33111,30860,142955,1
60000,2,1,2,-1,-1,-1,-1,-1,2,30010,34169,38551,42922,47245,44208,5000,5000,5000,5000,0,10000,29990,25831,21449,17078,12755,15792,207105,0
190000,2,4,2,-1,-1,-1,-1,-1,-1,158360,113702,95214,95713,97079,97659,4800,4300,3600,3700,4000,3600,31640,76298,94786,94287,92921,92341,633727,0
220000,1,1,3,3,2,2,-2,-2,-2,2500,2500,0,0,0,0,0,0,0,0,0,0,217500,217500,220000,220000,220000,220000,5000,1
110000,2,4,1,2,2,2,2,2,2,86774,88702,89655,90593,89025,94509,4200,3300,3300,0,7000,2300,23226,21298,20345,19407,20975,15491,519158,1
290000,2,1,2,-1,-1,-1,-1,-1,-1,1300,0,500,1000,3441,2415,0,500,1000,3441,2415,1643,288700,290000,289500,289000,286559,287585,-343,0
50000,2,2,1,2,-1,-1,-1,-1,-1,50105,50802,49988,19287,19698,20228,2300,1305,1000,855,1000,1000,-105,-802,12,30713,30302,29772,202648,0
110000,2,4,2,-1,-1,-1,-1,-1,-1,210804,107572,100475,48409,47693,49018,5426,4244,1837,1713,2100,2020,-100804,2428,9525,61591,62307,60982,546631,0
230000,2,2,2,-2,-2,-2,-2,-2,-2,2132,1520,3543,3351,-4,3267,1531,3553,3351,4,3271,4649,227868,228480,226457,226649,230004,226733,-2550,0
250000,1,2,3,-1,-1,-2,-2,-2,-2,16240,0,0,0,0,0,0,0,0,0,0,0,233760,250000,250000,250000,250000,250000,16240,0
100000,1,2,1,-1,-1,-1,-1,-1,-1,7136,8515,9749,14188,16602,19575,1500,1500,4500,5000,5000,5000,92864,91485,90251,85812,83398,80425,53265,0
30000,1,4,1,-1,-1,-1,2,2,2,29064,27368,30475,27808,31208,30582,2000,5026,0,4000,0,1500,936,2632,-475,2192,-1208,-582,163979,0
230000,1,1,3,1,-2,-2,-2,-2,-2,0,0,0,0,0,0,0,0,0,0,0,0,230000,230000,230000,230000,230000,230000,0,0
50000,2,1,1,-1,-1,-1,-1,-1,-1,49660,47359,45517,29699,28877,29531,2000,1500,2000,1100,2000,12000,340,2641,4483,20301,21123,20469,210043,1
420000,1,2,2,1,-1,-1,-2,-2,-2,-190,6509,0,0,0,0,6699,0,0,0,0,0,420190,413491,420000,420000,420000,420000,-380,0
30000,2,2,2,-1,-1,-1,-1,-1,-1,30247,29118,29997,30067,26709,13836,1590,1469,929,1265,886,66,-247,882,3,-67,3291,16164,153769,0
20000,1,2,2,1,2,-1,-1,-1,-1,8834,7499,8147,7247,4617,0,1000,1000,1300,1500,1680,0,11166,12501,11853,12753,15383,20000,29864,1
200000,1,2,3,-1,-1,-1,-1,-1,-1,200898,197438,200912,145658,146351,149667,10000,9000,6000,6000,6000,6000,-898,2562,-912,54342,53649,50333,997924,0
90000,1,4,1,1,2,2,2,2,2,17374,16806,18768,18169,19682,19220,0,2251,0,1807,0,10000,72626,73194,71232,71831,70318,70780,95961,0
110000,3,1,3,-1,-1,-1,-1,-1,-1,66820,36002,37484,38935,40633,41393,4400,3900,3900,4000,3100,1600,43180,73998,72516,71065,69367,68607,240367,0
60000,2,4,1,-1,-1,-1,-1,-1,2,58452,52445,52974,54589,59518,60491,2500,2000,2500,6000,2100,0,1548,7555,7026,5411,482,-491,323369,0
80000,1,2,2,-1,-1,-1,-1,-1,-1,37642,39947,43773,31830,7848,390,4000,5000,5500,7848,390,780,42358,40053,36227,48170,72152,79610,137912,0
50000,3,1,3,1,2,2,-1,-1,-1,85579,78993,69424,64201,58110,57337,3023,23,4023,2523,7926,102,-35579,-28993,-19424,-14201,-8110,-7337,396024,0
180000,1,2,1,1,-2,-2,-2,-1,-1,0,0,0,0,383,2388,0,0,0,773,2395,847,180000,180000,180000,180000,179617,177612,-1244,0
110000,2,4,2,-1,-1,-1,-1,-1,-1,109221,111674,111867,111535,111870,110979,4230,4230,4200,4300,4150,4220,779,-1674,-1867,-1535,-1870,-979,641816,0
150000,1,2,2,-1,-1,-1,-1,-1,-1,50286,110884,113152,116097,118500,120896,61101,3210,3911,3354,3400,3500,99714,39116,36848,33903,31500,29104,551339,0
120000,2,4,2,-1,-1,-1,-1,-1,-1,104801,100502,86478,81902,78616,80307,4000,2960,3833,2855,3000,3000,15199,19498,33522,38098,41384,39693,512958,0
150000,1,2,3,-1,-1,-1,-1,-1,-1,152175,148872,145978,139791,142745,146872,5800,5245,5200,5200,6500,7200,-2175,1128,4022,10209,7255,3128,841288,0
360000,3,2,3,-1,-1,-1,-1,-1,-1,9152,6329,21830,5469,9057,312,6361,22236,5682,9147,313,6548,350848,353671,338170,354531,350943,359688,1862,0
60000,2,1,4,-1,-1,-1,-1,-1,-1,26344,26382,27046,27187,27372,27549,1446,1500,960,1000,1027,860,33656,33618,32954,32813,32628,32451,155087,1
480000,2,1,3,-1,-1,-1,-1,-1,-1,69011,69842,71857,66673,65200,65511,3000,3000,2096,2115,2089,2207,410989,410158,408143,413327,414800,414489,393587,0
400000,2,4,1,-1,-1,-1,-1,-1,-1,393159,44917,52366,29995,22722,24479,2522,17213,1000,1000,2100,154700,6841,355083,347634,370005,377278,375521,389103,0
60000,2,4,1,1,2,3,3,2,2,44238,47076,48871,47669,48135,50056,4000,3000,0,1500,3000,2750,15762,12924,11129,12331,11865,9944,271795,0
240000,2,2,1,-1,-1,2,2,2,-1,198128,211417,206386,219111,211373,211215,16500,0,16007,7,8229,7621,41872,28583,33614,20889,28627,28785,1209266,1
30000,1,4,1,-1,-1,-1,-2,-2,-2,3415,4330,0,0,0,0,1000,1000,0,0,0,0,26585,25670,30000,30000,30000,30000,5745,0
240000,1,4,2,-1,-1,-1,-1,-1,-1,138151,111189,75880,46407,12697,215281,6021,3004,4006,5000,215281,8000,101849,128811,164120,193593,227303,24719,358293,0
50000,2,4,1,-1,-1,-1,2,-1,-1,16370,15373,12065,10199,9261,6816,1524,2588,0,284,1000,1000,33630,34627,37935,39801,40739,43184,63688,1
130000,1,4,1,-1,-1,-1,-1,-1,-1,91467,68747,66372,64854,66432,46919,3247,3372,2354,2432,2919,1926,38533,61253,63628,65146,63568,83081,388541,0
30000,2,2,3,2,-1,-1,-1,2,2,23778,24507,25892,27366,26798,28321,1415,1800,2200,0,2500,0,6222,5493,4108,2634,3202,1679,148747,0
10000,2,1,2,-1,-1,-1,-1,-1,-1,9159,10004,9722,10044,9856,10285,1160,1139,1241,345,580,180,841,-4,278,-44,144,-285,54425,0
180000,2,2,1,-1,-1,-1,-1,-1,-1,51826,6699,6529,104327,105867,106806,1500,2000,100000,4500,5041,2000,128174,173301,173471,75673,74133,73194,267013,0
230000,3,4,1,-1,-1,-1,-1,-1,-1,14361,15491,16190,11849,11826,6248,1369,1068,306,457,348,500,215639,214509,213810,218151,218174,223752,71917,0
30000,1,4,1,1,2,-1,-1,2,-1,28686,27620,28164,30444,29887,29153,0,2000,3000,0,1000,1000,1314,2380,1836,-444,113,847,166954,0
50000,3,1,4,1,2,2,-1,-1,2,7839,8761,8472,8641,9298,9000,1200,0,310,797,0,333,42161,41239,41528,41359,40702,41000,49371,0
500000,1,2,2,-1,-1,-1,-1,-1,-1,1089,58665,168052,254571,59587,13398,58665,170119,156000,2000,13398,527143,498911,441335,331948,245429,440413,486602,-371963,0
360000,2,2,2,-2,-1,2,2,-2,-2,0,1000,1000,0,0,0,1000,0,0,0,0,0,360000,359000,359000,360000,360000,360000,1000,0
460000,1,2,3,-2,-2,-1,-1,-1,-1,323408,261444,309622,297039,258056,188083,5229,580464,80017,31017,27,38700,136592,198556,150378,162961,201944,271917,902198,0
10000,2,4,2,-1,-1,-1,-1,-1,-1,8509,9228,9821,9495,9469,10191,1400,1300,350,500,1650,0,1491,772,179,505,531,-191,51513,0
270000,1,4,2,-1,-1,-1,-1,-1,-1,48114,42573,55350,92141,57961,45282,20091,30128,60183,2071,2045,2791,221886,227427,214650,177859,212039,224718,224112,0
80000,2,1,3,-1,-1,-1,-1,-1,-1,43749,46330,43134,38010,38510,38427,3356,3204,2017,3515,2506,2015,36251,33670,36866,41990,41490,41573,231547,0
100000,1,2,2,-1,-1,-1,-1,-1,-1,87580,84140,86400,87275,89082,91030,3300,3881,2500,2519,2700,3004,12420,15860,13600,12725,10918,8970,507603,0
20000,3,1,3,2,2,2,-2,-2,-2,13053,4078,0,0,0,0,16,0,0,0,0,0,6947,15922,20000,20000,20000,20000,17115,1
300000,2,1,2,-1,-1,-1,-1,-1,-1,374,1685,1485,990,495,495,2000,1485,0,0,495,495,299626,298315,298515,299010,299505,299505,1049,1
30000,2,4,3,-1,-1,-1,-1,-1,-1,2436,11376,21354,28308,23346,10784,11378,11004,9003,3349,10785,8984,27564,18624,8646,1692,6654,19216,43101,0
160000,1,2,2,1,-1,2,-1,-1,-1,-77,1598,1097,772,447,797,2000,0,0,0,1000,0,160077,158402,158903,159228,159553,159203,1634,1
30000,2,4,1,-1,-1,-1,-1,-1,2,7204,7453,7098,10148,22070,23182,1200,1114,4000,13000,2000,0,22796,22547,22902,19852,7930,6818,55841,0
160000,1,4,2,-1,-1,-1,-1,-1,-1,4203,9739,15628,3666,4098,4237,9739,17751,3666,4098,4237,3007,155797,150261,144372,156334,155902,155763,-927,0
380000,1,4,2,-2,-2,-2,-1,-1,-1,276,276,0,196050,202129,295891,276,0,202129,9500,98500,17000,379724,379724,380000,183950,177871,84109,367217,0
180000,2,2,3,-1,-1,-1,-1,-1,-1,164222,169073,171820,160018,164717,151235,7500,5900,6000,7000,7000,5000,15778,10927,8180,19982,15283,28765,942685,0
100000,1,1,3,-1,-1,-1,-1,-1,-1,99626,101446,21300,20091,19299,9346,4600,1429,600,600,1000,1000,374,-1446,78700,79909,80701,90654,261879,0
260000,1,1,2,-1,-1,2,2,-1,2,263,511,248,-15,3526,263,512,1,1,3805,1,527,259737,259489,259752,260015,256474,259737,-51,0
180000,3,4,1,-1,-1,-1,-1,-1,-1,120583,97341,87773,89547,91639,93991,3507,3201,3200,3500,4000,3704,59417,82659,92227,90453,88361,86009,559762,0
240000,3,1,2,-1,-1,-1,-1,-1,-1,230131,216824,219487,151295,228276,233079,8500,6900,6000,80000,8600,9000,9869,23176,20513,88705,11724,6921,1160092,0
30000,2,3,3,-1,-1,-1,-1,-1,-1,6289,9331,12380,15158,15760,18985,3173,3222,3000,1000,3500,2000,23711,20669,17620,14842,14240,11015,62008,1
50000,2,2,1,-1,-1,-1,-1,-1,-1,20329,14244,30580,15365,15587,15940,1600,1600,1000,1000,1000,1000,29671,35756,19420,34635,34413,34060,104845,0
180000,2,2,3,-1,-1,-1,-1,-1,-1,7823,9549,1968,1800,8198,511,9549,1968,1800,8198,0,844,172177,170451,178032,178200,171802,179489,7490,0
20000,2,2,1,-1,-1,-1,-1,-1,-1,610,13222,13488,11818,12428,5965,13002,3000,0,1000,5965,0,19390,6778,6512,8182,7572,14035,34564,0
130000,2,2,2,-1,-1,2,-1,-1,-1,48628,52379,31247,40047,12450,2294,5207,0,9000,12450,2294,0,81372,77621,98753,89953,117550,127706,158094,1
240000,1,1,2,-1,-1,-2,-1,-1,-1,229,-167,-563,254,-142,344,0,0,1213,0,1032,0,239771,240167,240563,239746,240142,239656,-2290,0
160000,4,2,2,1,-2,-2,-2,-2,-2,0,0,0,0,0,0,0,0,0,0,0,0,160000,160000,160000,160000,160000,160000,0,0
60000,3,2,1,-1,-1,-1,-1,-1,-1,4511,5529,6544,7093,7973,9038,1096,1111,660,1000,1200,0,55489,54471,53456,52907,52027,50962,35621,1
100000,3,1,2,-1,-1,-1,-1,-1,-1,96521,98728,74239,75704,55704,56810,3938,2515,2516,4022,2032,2112,3479,1272,25761,24296,44296,43190,440571,0
320000,2,4,1,1,-2,-1,-1,-1,-1,0,0,2428,990,495,854,0,2428,990,0,854,495,320000,320000,317572,319010,319505,319146,0,0
110000,2,2,5,-1,-1,-1,-1,-1,-1,33536,30155,26054,22918,23216,14371,3000,2000,3000,6000,2340,111,76464,79845,83946,87082,86784,95629,133799,0
50000,1,4,2,2,2,3,2,-1,-1,48903,53997,52298,50778,48055,45704,6500,0,0,3130,2532,1700,1097,-3997,-2298,-778,1945,4296,285873,1
50000,2,1,2,2,-1,-1,2,2,2,27686,28436,31051,31542,32185,32900,1500,3100,1300,1300,1400,1300,22314,21564,18949,18458,17815,17100,173900,1
140000,2,2,2,-1,-1,-1,-1,-1,-1,139079,143816,134472,130129,133031,136919,7000,4800,4659,5000,6100,6000,921,-3816,5528,9871,6969,3081,783887,0
80000,2,1,3,-1,-1,-1,-1,-1,-1,81283,80390,79080,77850,80330,80000,2892,3000,5390,4106,3000,0,-1283,-390,920,2150,-330,0,460545,1
50000,2,2,1,-1,-1,-1,-1,-1,-1,47385,48790,19306,19857,20361,20051,2472,1234,785,900,2800,1500,2615,1210,30694,30143,29639,29949,166059,0
140000,2,2,2,1,2,-1,-1,2,2,130215,126720,128116,136956,134665,142199,0,5000,11000,0,10000,0,9785,13280,11884,3044,5335,-2199,772871,1
210000,2,2,4,-1,-1,-1,-1,-1,-1,5723,3386,8964,2241,2241,2241,1237,4482,0,2241,2241,2241,204277,206614,201036,207759,207759,207759,12354,0
130000,2,1,2,-1,-1,-1,-1,-2,-2,8010,5932,4950,-2490,-37594,-21295,1500,1012,0,0,0,80000,121990,124068,125050,132490,167594,151295,-124999,0
200000,1,4,2,-1,-1,-1,-1,-1,-1,4138,790,1230,390,390,390,790,1230,390,390,390,390,195862,199210,198770,199610,199610,199610,3748,1
110000,2,2,3,-1,-1,-1,-1,-1,-1,4202,5524,6144,7628,7111,7981,2000,2000,2000,1000,2000,0,105798,104476,103856,102372,102889,102019,29590,0
140000,2,4,1,2,2,-1,-1,-1,2,107257,104122,104742,107626,114633,116904,0,3842,4626,8933,4300,0,32743,35878,35258,32374,25367,23096,633583,0
20000,2,2,3,-1,-1,-1,-1,-1,-1,390,390,390,390,540,930,390,390,390,540,780,0,19610,19610,19610,19610,19460,19070,540,0
450000,2,2,2,-1,-1,-1,-1,-1,-1,610723,555086,497132,514249,462666,472480,20200,18000,25135,432130,17000,20000,-160723,-105086,-47132,-64249,-12666,-22480,2579871,1
170000,2,1,2,-1,-1,-1,-1,-1,-1,87076,77902,54592,56128,57469,59669,3781,2104,3208,2998,3000,2208,82924,92098,115408,113872,112531,110331,375537,0
170000,2,2,2,-1,-1,-1,-1,-1,-1,158651,143801,138145,125499,124205,123940,5428,4707,4400,4450,4650,4500,11349,26199,31855,44501,45795,46060,786106,0
180000,2,2,1,-1,-1,-1,-1,-1,-1,175773,179866,173007,168743,172275,176861,6059,5653,6488,5138,6313,4754,4227,134,6993,11257,7725,3139,1012120,0
200000,1,1,2,-1,-1,-1,-1,2,2,303347,171592,176615,185049,188375,183069,6500,8051,13000,6500,0,6700,-103347,28408,23385,14951,11625,16931,1167296,0
80000,2,2,1,-1,-1,-1,-1,-1,-1,25424,24499,25181,5187,5524,5529,2000,2150,1000,2500,1000,1000,54576,55501,54819,74813,74476,74471,81694,0
150000,2,4,3,-1,-1,-1,-1,-1,-1,15938,16128,17051,15109,13895,14236,1317,2008,1004,505,573,1003,134062,133872,132949,134891,136105,135764,85947,0
160000,1,2,2,-1,-1,-1,-1,-1,-1,157303,161498,153226,78511,9808,8358,8055,5045,2280,305,2000,2000,2697,-1498,6774,81489,150192,151642,549019,1
60000,3,2,2,-1,-1,-1,-1,-1,-1,3059,291,1131,441,443,732,291,1131,441,443,580,0,56941,59709,58869,59559,59557,59268,3211,0
240000,2,2,2,4,3,2,2,2,2,47739,46712,45660,48905,47993,52015,0,0,4000,0,5000,2000,192261,193288,194340,191095,192007,187985,278024,1
20000,2,2,1,-1,-1,2,-1,-1,-1,12549,11552,6622,6232,390,930,2319,0,0,0,930,0,7451,8448,13378,13768,19610,19070,35026,1
500000,1,2,2,-1,-1,-1,-1,-1,-1,449733,425268,489942,437809,409337,406573,20120,120063,40000,12389,12000,10000,50267,74732,10058,62191,90663,93427,2404090,0
280000,2,4,4,-1,-1,-1,-1,-1,-1,9173,11564,6781,5725,3989,2599,11574,7104,5857,3989,2599,27192,270827,268436,273219,274275,276011,277401,-18484,0
200000,1,3,4,3,2,2,2,-1,-1,176077,179769,178358,177340,181281,191644,8000,3000,3400,6800,13600,5900,23923,20231,21642,22660,18719,8356,1043769,1
290000,1,4,1,-1,-1,-1,-1,-1,-1,6649,15819,10986,8184,14936,19573,15837,11584,8184,14936,19573,6309,283351,274181,279014,281816,275064,270427,-276,0
80000,1,4,2,-1,-1,2,2,-1,-1,75517,77078,73783,68909,66308,60687,6000,2000,0,5065,6235,3000,4483,2922,6217,11091,13692,19313,399982,1
20000,3,2,5,2,2,2,2,-1,-1,2730,5461,6218,5970,8945,9896,2800,1000,0,3100,1100,0,17270,14539,13782,14030,11055,10104,31220,1
400000,1,4,3,-1,-1,-1,-1,-1,-1,48938,27703,43775,10644,42195,12246,27703,43947,10183,42195,12246,13663,351062,372297,356225,389356,357805,387754,35564,0
30000,3,2,4,-1,-1,-1,-1,-1,-1,30587,29462,28068,23362,29837,30357,1700,1288,982,32000,2000,1436,-587,538,1932,6638,163,-357,132267,0
130000,1,1,2,-1,-1,-1,-1,-1,-1,128846,130525,74745,68597,54774,53728,5170,2584,4000,2006,2000,2004,1154,-525,55255,61403,75226,76272,493451,1
60000,2,1,2,-1,-1,-1,-1,-1,-1,4843,8790,12420,14731,21508,7695,5000,5000,4000,4000,3500,3000,55157,51210,47580,45269,38492,52305,45487,0
20000,3,1,2,-1,-1,-1,-1,-1,-1,1439,1251,390,390,370,-20,1251,400,390,370,0,800,18561,18749,19610,19610,19630,20020,609,0
160000,2,1,3,1,-2,-2,-1,-1,-1,-3,-3,997,1798,800,0,0,1003,1804,202,0,50000,160003,160003,159003,158202,159200,160000,-49420,0
110000,2,4,1,1,2,2,-1,-1,-1,104871,107422,101930,102111,101521,100240,8000,0,4000,4000,3600,3500,5129,2578,8070,7889,8479,9760,594995,0
230000,1,1,3,-1,-1,-1,-1,-1,-1,87162,88801,87972,57846,57798,52071,4293,3000,1928,2000,2500,2000,142838,141199,142028,172154,172202,177929,415929,0
20000,1,4,1,-1,-1,-2,-2,-2,-2,18356,0,0,0,0,0,0,0,0,0,0,0,1644,20000,20000,20000,20000,20000,18356,0
140000,2,2,2,-1,-1,-1,-1,-1,-1,15550,17780,18226,19915,20891,21542,2500,1500,2000,1300,1000,1500,124450,122220,121774,120085,119109,118458,104104,0
130000,3,2,3,-1,-1,-1,-1,-1,-1,46206,46396,43812,42132,44190,44636,3000,3000,3000,4000,4000,3000,83794,83604,86188,87868,85810,85364,247372,0
130000,1,4,3,2,2,2,2,2,2,18454,21121,20484,22145,21652,23138,2976,0,2000,0,2000,0,111546,108879,109516,107855,108348,106862,120018,1
200000,2,1,2,-1,-1,-1,-1,-1,-1,113676,116355,117802,116296,60792,30808,6000,5000,6000,3000,1611,55000,86324,83645,82198,83704,139208,169192,479118,0
60000,3,2,3,2,2,-2,-2,-2,-1,4703,0,0,0,0,992,0,0,0,0,992,14000,55297,60000,60000,60000,60000,59008,-9297,1
20000,1,2,1,1,-1,-1,-1,-1,-1,-431,569,1769,2582,3184,3974,1000,1769,1000,800,1000,4000,20431,19431,18231,17418,16816,16026,2078,0
110000,1,4,2,1,-2,-2,-2,-2,-2,0,0,0,0,0,0,0,0,0,0,0,0,110000,110000,110000,110000,110000,110000,0,1
320000,1,4,1,1,-1,2,2,-2,-2,0,638,500,0,0,0,638,0,0,0,0,0,320000,319362,319500,320000,320000,320000,500,1
130000,3,3,3,2,-1,-1,-1,-1,-1,88222,88288,84822,85970,86644,87576,3515,3107,5003,3203,3456,4000,41778,41712,45178,44030,43356,42424,499238,0
280000,1,1,4,3,5,4,3,2,-1,327918,321476,314931,176439,154010,134334,0,0,500,0,6267,2257,-47918,-41476,-34931,103561,125990,145666,1420084,0
290000,1,2,2,-1,-1,-2,-1,-1,-1,1597,-2002,-1001,3999,0,4483,0,0,5000,0,4483,1209,288403,292002,291001,286001,290000,285517,-3616,0
30000,3,2,1,-1,-1,-1,-1,-1,-1,17897,18944,19698,17855,13784,6616,1342,1096,514,1021,151,1077,12103,11056,10302,12145,16216,23384,89593,0
80000,2,2,1,-1,-1,-1,-1,-1,-2,54475,3075,0,6150,0,0,6150,0,6150,0,0,0,25525,76925,80000,73850,80000,80000,51400,0
70000,1,4,1,-1,-1,-1,-1,-1,-1,10916,12386,9864,5201,6950,7256,2000,2063,2000,2000,421,2000,59084,57614,60136,64799,63050,62744,42089,0
80000,3,2,3,-1,-1,2,-1,-1,-1,80808,81615,79075,79604,78567,79810,6926,0,3000,3000,3300,3200,-808,-1615,925,396,1433,190,460053,0
200000,1,2,2,-1,-1,-1,-1,-2,-2,1853,5928,8789,0,0,0,5928,3000,0,0,0,0,198147,194072,191211,200000,200000,200000,7642,0
50000,2,1,1,-1,-1,2,-1,-1,-1,96393,100459,96051,18051,18767,19462,5800,300,18000,1000,1000,1000,-46393,-50459,-46051,31949,31233,30538,322083,0
120000,2,2,1,-1,-1,2,-1,-1,-1,59946,49595,35786,32651,29972,27425,4000,0,1210,1000,1035,2000,60054,70405,84214,87349,90028,92575,226130,0
80000,1,2,1,-1,-1,-1,-1,-1,-1,51630,54183,55685,58642,60533,61823,4000,3000,4500,3000,2300,6500,28370,25817,24315,21358,19467,18177,319196,0
200000,2,2,2,2,-1,-1,-1,-1,-1,51609,53165,55285,57370,59454,63461,3000,3000,3000,3000,5000,0,148391,146835,144715,142630,140546,136539,323344,1
90000,2,2,2,-2,-2,-2,-2,-2,-2,1905,1924,11855,665,0,665,1924,11855,10655,0,665,0,88095,88076,78145,89335,90000,89335,-8085,0
30000,2,2,2,1,2,2,-1,-1,-1,29803,30766,29918,29071,29527,30480,1734,0,1148,1034,2667,0,197,-766,82,929,473,-480,172982,0
30000,3,2,1,-1,-1,-1,-1,-1,-1,3489,14926,9937,8027,14709,7483,14969,9942,10,10022,384,0,26511,15074,20063,21973,15291,22517,23244,0
50000,3,4,1,-1,-1,-1,-1,-1,-1,47486,47963,33499,19227,19334,19735,1703,1304,680,696,717,677,2514,2037,16501,30773,30666,30265,181467,0
150000,2,2,2,-1,-1,-1,-1,-1,-1,148815,148090,133619,127043,112067,39901,5147,4900,4677,4707,1700,1000,1185,1910,16381,22957,37933,110099,687404,0
280000,2,2,3,-1,-1,-1,-1,-1,-1,256675,253682,260274,153516,156830,152045,13000,11000,8000,5866,8000,5616,23325,26318,19726,126484,123170,127955,1181540,0
10000,3,2,1,-1,-1,-1,-1,-1,-1,6892,7915,10086,18714,9781,9979,1294,2465,500,1000,500,0,3108,2085,-86,-8714,219,21,57608,0
160000,2,2,2,-1,-1,-1,-1,-1,-1,96515,139439,141416,112497,119511,119763,50439,6000,5000,9000,4000,4000,63485,20561,18584,47503,40489,40237,650702,0
160000,2,2,2,-1,-1,-2,-2,-2,-2,51400,0,0,0,0,0,0,0,0,0,0,0,108600,160000,160000,160000,160000,160000,51400,0
390000,1,1,3,-1,-1,-1,-1,-1,-1,6346,94921,53796,6009,9096,3267,94921,53796,6009,9096,3267,2901,383654,295079,336204,383991,380904,386733,3445,0
50000,2,2,1,-1,-1,-1,-1,-1,-1,34033,34622,19993,18852,18020,18537,1342,1500,700,651,1000,1000,15967,15378,30007,31148,31980,31463,137864,1
50000,2,2,1,-1,-1,-1,-1,-1,-1,18838,385,11500,2756,7000,12025,0,11615,2756,7000,12025,1880,31162,49615,38500,47244,43000,37975,17228,0
150000,2,2,1,-1,-1,-1,-1,-1,-1,95322,96903,94682,89207,46259,50504,3216,2338,2653,2001,5012,2058,54678,53097,55318,60793,103741,99496,455599,0
50000,3,2,1,-1,-1,-1,-1,-1,-1,47104,25555,16097,16337,16330,16708,2000,1500,800,700,650,700,2896,24445,33903,33663,33670,33292,131781,0
190000,1,4,2,-1,-1,-1,-1,-1,-1,83369,81617,83351,82989,83760,85707,3853,4000,3000,3200,3500,3500,106631,108383,106649,107011,106240,104293,479740,0
10000,3,2,1,2,2,6,6,6,6,142,142,142,142,142,142,0,0,0,0,0,0,9858,9858,9858,9858,9858,9858,852,1
210000,1,4,2,1,-2,-1,-1,-1,-1,-200,-200,199672,199272,199272,0,0,199872,0,0,0,0,210200,210200,10328,10728,10728,210000,397944,0
230000,1,2,2,-2,-2,-2,-2,-2,-2,1470,0,1470,735,419,316,0,1470,735,419,316,735,228530,230000,228530,229265,229581,229684,735,0
150000,1,2,4,-1,-1,-1,-1,-1,-1,5094,29137,25772,48635,25907,7513,29148,25000,48635,13907,1513,46798,144906,120863,124228,101365,124093,142487,-22943,0
230000,1,2,2,-1,-1,-1,-1,-1,-1,4358,6020,9938,9865,6981,12157,3000,5000,5828,6981,6157,6342,225642,223980,220062,220135,223019,217843,16011,0
80000,1,4,1,1,2,-1,-1,-1,2,4885,3482,4251,4047,3547,221,0,1000,500,1000,0,1000,75115,76518,75749,75953,76453,79779,16933,0
160000,4,4,2,-1,-1,-1,-1,-1,-1,1790,0,31568,17638,1285,2705,0,31568,353,1285,2705,0,158210,160000,128432,142362,158715,157295,19075,0
500000,1,4,1,-1,-1,-1,-2,-2,-1,33299,60857,26324,26091,9558,4242,60957,27056,26096,9605,4242,930,466701,439143,473676,473909,490442,495758,31485,0
180000,1,4,2,-1,-1,-1,-1,-1,-1,43374,38842,37895,36002,31173,30832,2100,2000,5000,1500,1500,1500,136626,141158,142105,143998,148827,149168,204518,0
30000,2,4,1,1,2,2,2,2,2,28850,28102,30324,27446,29329,29720,0,2700,0,2300,1000,0,1150,1898,-324,2554,671,280,167771,1
130000,1,2,3,-1,-1,-1,-1,-1,-1,113470,110794,65715,67523,68131,68140,4000,3000,5500,3000,3000,1700,16530,19206,64285,62477,61869,61860,473573,0
10000,3,2,3,-1,-1,-2,-2,-1,-1,10400,0,0,0,1864,1720,0,0,0,1864,50,1500,-400,10000,10000,10000,8136,8280,10570,0
20000,2,2,3,-1,-1,-1,-1,-1,-1,650,264,264,264,654,654,264,264,264,1044,654,264,19350,19736,19736,19736,19346,19346,-4,0
30000,3,2,1,-1,-1,-1,-1,-1,-1,18556,20252,22419,22075,29466,28911,2000,3008,5066,29572,1911,1000,11444,9748,7581,7925,534,1089,99122,0
30000,2,2,2,-1,-1,-1,-1,-1,-1,20996,25607,26813,25868,25418,27572,5000,2000,1089,3000,5000,0,9004,4393,3187,4132,4582,2428,136185,1
320000,1,2,2,-1,-1,-1,-1,-1,-1,206461,117168,128832,133329,53870,13185,5000,15000,5000,5000,3000,5000,113539,202832,191168,186671,266130,306815,614845,0
10000,2,2,1,3,2,2,2,2,2,10034,9239,10025,10227,9933,9884,0,1600,500,0,1000,0,-34,761,-25,-227,67,116,56242,1
350000,4,4,4,-1,-1,-1,-1,-1,-1,5095,4815,61044,22611,1385,6043,4840,61349,22687,1389,6058,1153,344905,345185,288956,327389,348615,343957,3517,0
20000,3,2,2,-1,-1,-1,-1,-1,-1,17365,19001,20269,18654,18914,20200,2618,2276,791,686,1600,0,2635,999,-269,1346,1086,-200,106432,0
50000,2,2,1,1,4,3,2,2,-1,53086,51981,50805,51518,50713,51309,0,0,1800,108,2400,1926,-3086,-1981,-805,-1518,-713,-1309,303178,0
310000,1,2,1,-1,-1,-1,-1,-1,-1,153620,147023,127390,129886,130676,127738,6603,4600,4507,4027,4025,4018,156380,162977,182610,180114,179324,182262,788553,0
80000,2,2,2,-1,-1,-1,-1,-1,-1,66122,92131,47655,43182,44332,45440,2600,4300,2000,2000,2000,2000,13878,-12131,32345,36818,35668,34560,323962,0
170000,1,2,3,-1,-1,-1,-1,-1,-1,1866,5750,200,41467,1028,2643,5750,200,41467,1328,2643,126,168134,164250,169800,128533,168972,167357,1440,0
10000,3,6,4,2,-1,-1,2,-1,-1,9970,9625,9622,7773,5968,5380,2001,1801,0,700,1300,3200,30,375,378,2227,4032,4620,39336,1
30000,3,2,3,1,-2,-2,-2,-2,-2,0,0,0,0,0,0,0,0,0,0,0,0,30000,30000,30000,30000,30000,30000,0,0
170000,3,4,3,-1,-1,-1,-1,-1,-1,1986,1050,170,2785,3128,505,1050,170,2785,3128,505,190,168014,168950,169830,167215,166872,169495,1796,0
230000,1,2,2,-2,-2,-2,-2,-2,-2,700,1428,600,0,0,0,1428,600,0,0,0,0,229300,228572,229400,230000,230000,230000,700,0
50000,2,4,1,-1,-1,-1,-1,-1,2,16139,17261,14354,8713,1781,1615,1400,1000,500,1781,0,0,33861,32739,35646,41287,48219,48385,55182,0
300000,1,2,4,1,-2,-2,-2,-2,-2,0,0,0,0,0,0,0,0,0,0,0,0,300000,300000,300000,300000,300000,300000,0,0
210000,2,1,2,1,-2,-2,-1,-1,-1,0,0,0,150,150,150,0,0,150,150,150,100,210000,210000,210000,209850,209850,209850,-100,0
20000,3,2,2,-1,-1,2,-1,-1,-1,21309,22693,20899,20014,19331,17176,3150,0,800,850,660,650,-1309,-2693,-899,-14,669,2824,115312,0
20000,2,2,2,-1,-1,-1,-2,-2,-2,16434,17191,0,0,0,0,1500,0,0,0,0,8000,3566,2809,20000,20000,20000,20000,24125,0
20000,2,4,1,2,2,2,-1,-1,-1,16923,20319,19543,19534,19320,12442,4000,0,391,386,249,0,3077,-319,457,466,680,7558,103055,0
80000,1,2,1,-1,-1,-1,-1,-1,-1,31637,27137,25986,23496,23601,24650,1734,2000,2000,2000,2000,2000,48363,52863,54014,56504,56399,55350,144773,0
30000,2,6,1,-1,-1,-1,-1,-1,-1,7928,2318,22430,20457,13964,14872,2318,22000,1000,1000,1000,1000,22072,27682,7570,9543,16036,15128,53651,0
200000,1,2,2,2,2,2,2,2,2,156558,167453,170010,172226,175918,179441,15000,6800,6500,6600,6600,5200,43442,32547,29990,27774,24082,20559,974906,1
210000,1,2,2,2,-1,-1,-1,-1,-1,1172,380,1552,776,776,1359,380,1552,0,776,1359,20302,208828,209620,208448,209224,209224,208641,-18354,0
330000,1,2,3,-1,-1,-1,-1,-1,-1,899,7445,0,3899,2707,8000,7448,0,3899,2707,8000,0,329101,322555,330000,326101,327293,322000,896,0
30000,2,2,1,2,2,2,2,2,2,14420,15390,14846,16098,15700,16784,1500,0,1500,0,1500,0,15580,14610,15154,13902,14300,13216,88738,1
280000,1,1,2,-1,-1,-1,-2,-2,-1,17489,7542,2219,3008,849,1763,7614,2226,3008,1255,152446,0,262511,272458,277781,276992,279151,278237,-133679,0
300000,1,1,2,-1,-1,-2,-2,-2,-2,1943,0,0,0,0,0,0,0,0,0,0,0,298057,300000,300000,300000,300000,300000,1943,0
10000,3,1,3,1,2,-1,-1,-1,-1,6091,6837,7666,9270,7897,8763,1000,1000,9501,500,1000,1000,3909,3163,2334,730,2103,1237,32523,0
50000,2,4,1,-1,-1,-1,-1,-1,-1,27788,19742,20672,16336,16921,17489,2000,1600,1000,1000,1000,500,22212,30258,29328,33664,33079,32511,111848,0
280000,2,1,3,-1,-1,-1,-1,-1,-1,390,390,390,390,390,150,390,390,390,390,150,780,279610,279610,279610,279610,279610,279850,-390,0
20000,2,1,4,-1,-1,-1,-1,-1,-1,14681,14777,15025,16504,17950,19558,1562,1200,2000,2000,2000,3000,5319,5223,4975,3496,2050,442,86733,0
130000,2,2,2,-1,-1,-1,-1,-1,-1,1496,1496,1496,1496,1496,1496,1496,1496,1496,1496,1496,1496,128504,128504,128504,128504,128504,128504,0,0
20000,2,2,1,-1,-1,-1,-1,-1,-1,18193,18804,19324,18692,16035,12262,1800,1200,559,532,424,620,1807,1196,676,1308,3965,7738,98175,0
120000,2,4,1,-1,-1,-1,-1,-1,-1,5820,216,3858,6849,2616,2805,216,3858,6849,2616,2805,3926,114180,119784,116142,113151,117384,117195,1894,0
400000,1,4,2,-1,-1,-1,-1,-1,-1,7768,31313,8744,11640,41432,20075,31330,8853,11816,41432,20974,44135,392232,368687,391256,388360,358568,379925,-37568,0
300000,2,4,2,-1,-1,-1,-1,-1,-1,6293,5483,990,990,990,990,5490,990,990,990,990,990,293707,294517,299010,299010,299010,299010,5296,0
30000,2,4,1,-1,-1,-1,-1,-1,-1,12775,13864,14927,15378,15978,16560,1600,1600,1000,1000,1000,1000,17225,16136,15073,14622,14022,13440,82282,0
20000,2,1,3,-1,-1,-1,-1,-1,-1,14835,16605,19160,14506,12839,8495,3000,3000,5000,5000,3000,511,5165,3395,840,5494,7161,11505,66929,1
320000,2,2,3,-1,-1,-1,-1,-1,-1,24685,27002,82271,5315,33059,908,30161,82271,5315,33059,908,6382,295315,292998,237729,314685,286941,319092,15144,0
80000,2,1,4,-1,-1,-1,-1,-1,-1,54211,55348,56477,57601,58807,60300,2007,2047,2060,2133,2469,2493,25789,24652,23523,22399,21193,19700,329535,0
160000,3,1,4,-2,-2,-2,-2,-2,-2,-220,390,170,-220,390,390,1000,170,0,1000,390,390,160220,159610,159830,160220,159610,159610,-2050,0
80000,3,4,4,-1,-1,-1,-1,-1,-1,46914,47918,47620,48571,48525,43987,2210,1700,1614,1600,1600,1600,33086,32082,32380,31429,31475,36013,273211,0
280000,3,4,3,-1,-1,-1,-1,-1,-1,27572,38918,27000,27000,0,30460,39787,29000,27000,0,30460,5983,252428,241082,253000,253000,280000,249540,18720,0
210000,1,4,1,1,-2,-2,-2,-2,-2,0,0,0,0,0,0,0,0,0,0,0,0,210000,210000,210000,210000,210000,210000,0,1
250000,1,4,1,-1,-1,-1,-2,-2,-2,8769,990,0,0,955,8175,990,0,0,955,8200,2434,241231,249010,250000,250000,249045,241825,6310,0
120000,1,4,1,-1,-1,-1,-1,-1,2,3215,700,700,10673,9671,9332,700,700,10673,2550,0,10000,116785,119300,119300,109327,110329,110668,9668,0
20000,2,4,1,-1,-1,-1,-1,-1,-1,15685,16731,18048,18102,18491,19173,1300,1600,650,681,1000,1000,4315,3269,1952,1898,1509,827,99999,0
200000,2,4,2,-1,-1,-1,-1,-1,-1,72450,52795,41861,34531,1794,-345,5556,1000,2000,1000,0,0,127550,147205,158139,165469,198206,200345,193530,0
100000,1,1,3,-1,-1,-1,-1,-1,-1,42049,43570,44601,45598,46752,48008,2200,2100,2000,2000,2010,2006,57951,56430,55399,54402,53248,51992,258262,0
80000,2,2,4,-1,-1,-1,-1,-1,-1,48688,101878,20475,20325,20276,20662,2530,3990,850,800,1100,1100,31312,-21878,59525,59675,59724,59338,221934,0
450000,1,4,2,-1,-1,-1,-1,-1,-1,242,0,2343,2313,8295,699,0,2343,2313,8295,1806,1274,449758,450000,447657,447687,441705,449301,-2139,0
200000,1,2,2,-1,-1,-1,-1,-1,-1,5221,6875,5129,14997,2996,5525,6877,5129,17653,2996,6143,3538,194779,193125,194871,185003,197004,194475,-1593,0
50000,2,4,1,-1,-1,-1,-1,-1,-2,47813,33463,29628,31230,0,0,1900,2000,2000,0,0,0,2187,16537,20372,18770,50000,50000,136234,0
500000,2,4,2,-1,-1,-1,-1,-1,-1,43818,45021,49283,66144,75191,80619,5000,5040,17604,10000,10000,10200,456182,454979,450717,433856,424809,419381,302232,0
50000,1,2,1,-1,-1,2,2,2,2,44663,48045,47306,49296,47220,49584,4100,400,3000,2,4005,6,5337,1955,2694,704,2780,416,274601,0
450000,1,2,1,-1,-1,-1,-1,-1,-1,72622,6920,7700,9700,11700,0,2000,1000,2000,2000,0,0,377378,443080,442300,440300,438300,450000,101642,0
130000,1,4,2,-1,-1,-1,-1,-1,-1,780,0,390,540,540,636,0,390,540,540,636,3636,129220,130000,129610,129460,129460,129364,-2856,0
220000,1,4,1,-2,-2,-2,-2,-2,-2,-37,5645,11731,-729,-5960,-5960,5682,11742,0,5231,0,0,220037,214355,208269,220729,225960,225960,-17965,0
210000,2,2,2,-2,-2,-2,-2,-2,-2,390,780,0,0,4853,5190,780,0,0,4853,5190,0,209610,209220,210000,210000,205147,204810,390,0
50000,1,2,4,-1,-1,-1,-1,-1,-1,50698,51030,49984,20155,19959,20194,2100,1320,704,716,733,702,-698,-1030,16,29845,30041,29806,205745,0
260000,2,2,2,-1,-1,-1,-1,-1,-1,260783,54254,24119,16887,149104,127342,1743,24145,16900,150241,5285,942,-783,205746,235881,243113,110896,132658,433233,0
70000,2,4,1,-1,-1,-1,-1,-1,-1,35867,28496,28401,22587,24361,25424,3000,3005,3000,3000,1500,1008,34133,41504,41599,47413,45639,44576,150623,0
50000,2,1,2,-1,-1,-1,-1,-1,-1,49045,50174,43647,19305,20025,18584,2000,2000,1000,1000,1000,1000,955,-174,6353,30695,29975,31416,192780,1
20000,2,2,1,2,2,2,2,2,2,12762,12272,14255,13729,14706,14320,0,2500,0,1200,0,1500,7238,7728,5745,6271,5294,5680,76844,1
170000,2,1,2,1,2,2,2,2,-1,91450,90486,86004,64363,55912,54500,3400,0,3957,0,2200,1300,78550,79514,83996,105637,114088,115500,431858,1
100000,2,4,2,-1,-1,-1,-1,-1,-1,104660,104108,102066,99186,97140,95123,4589,4516,3645,3649,3724,3236,-4660,-4108,-2066,814,2860,4877,578924,0
200000,2,4,2,-1,-1,-1,-1,-1,-1,11916,23694,26397,12674,14068,6468,12366,11000,12674,14445,6867,399,188084,176306,173603,187326,185932,193532,37466,1
30000,3,2,4,1,2,2,2,2,-1,28084,29299,28741,30467,29858,28898,1950,200,2492,0,580,0,1916,701,1259,-467,142,1102,170125,1
300000,1,4,2,-1,-1,-1,-1,2,-1,89792,91558,93741,99802,97711,99538,4500,5000,8000,0,4000,4200,210208,208442,206259,200198,202289,200462,546442,0
360000,2,4,1,3,2,2,-2,-2,-2,2500,2500,0,0,0,0,0,0,0,0,0,0,357500,357500,360000,360000,360000,360000,5000,1
140000,1,2,2,-1,-1,-1,-1,-1,-1,128891,103523,86543,68972,47268,2299,4637,2083,1503,1083,1121,67243,11109,36477,53457,71028,92732,137701,359826,0
360000,2,4,1,-1,-1,-1,-1,-1,-1,220,2755,1380,0,1999,-1,2755,1380,0,1999,0,500,359780,357245,358620,360000,358001,360001,-281,0
150000,2,2,3,-1,-1,-1,-1,-1,-1,32283,18361,9160,13596,11457,29550,18361,1000,13596,11457,18550,0,117717,131639,140840,136404,138543,120450,51443,0
280000,2,1,2,-1,-1,-1,-1,-1,-1,149227,152331,153080,156000,160000,40485,5505,3258,3120,4000,100045,10000,130773,127669,126920,124000,120000,239515,685195,0
230000,2,2,3,-1,-1,-1,-1,-1,-1,1443,1443,2886,1443,1443,1443,1443,2886,0,1443,1443,1443,228557,228557,227114,228557,228557,228557,1443,0
80000,3,2,3,-1,-1,-1,-1,-1,-1,70324,66864,32990,30059,28786,29371,3000,2003,1500,1200,1200,1500,9676,13136,47010,49941,51214,50629,247991,0
50000,1,2,2,-1,-1,-1,-1,-1,-1,20542,10858,0,777,793,26793,1411,0,777,16,26000,1000,29458,39142,50000,49223,49207,23207,30559,0
180000,1,2,2,1,-1,-1,-2,-2,-2,0,1186,0,0,0,0,1186,0,0,0,0,0,180000,178814,180000,180000,180000,180000,0,1
100000,2,2,2,2,2,2,2,2,2,32685,36546,37152,36258,38512,37741,4400,1500,0,3000,0,4000,67315,63454,62848,63742,61488,62259,205994,1
30000,1,2,2,1,2,2,2,-1,-1,21996,21356,23496,22820,23352,23963,0,2500,0,900,1000,1200,8004,8644,6504,7180,6648,6037,131383,1
80000,1,1,2,2,2,2,2,2,2,57844,59038,57501,60424,61811,63142,2700,0,4500,2500,2500,2400,22156,20962,22499,19576,18189,16858,345160,0
500000,1,2,2,-1,-1,-1,-1,-1,-1,28852,112344,26834,33120,21771,52277,90668,26834,33452,21881,52539,57159,471148,387656,473166,466880,478229,447723,-7335,0
150000,2,4,2,-2,-2,-2,-2,-2,-2,6806,2774,0,500,399,0,2779,0,500,399,0,0,143194,147226,150000,149500,149601,150000,6801,0
50000,2,4,1,1,2,-1,-1,2,-1,8566,8287,9288,9990,9694,9879,0,1300,1000,0,500,500,41434,41713,40712,40010,40306,40121,52404,0
260000,1,2,3,-2,-2,-2,-2,-2,-1,6000,4856,4328,15711,0,127395,4570,4353,17767,23209,127395,0,254000,255144,255672,244289,260000,132605,-19004,0
410000,2,2,2,-1,-1,-1,-1,-1,-1,11193,1831,13745,6033,8326,8926,1831,13745,121,8326,8926,26392,398807,408169,396255,403967,401674,401074,-9287,0
50000,3,2,2,-1,-1,-1,-1,-1,-1,39847,37561,36725,35346,33810,32788,1719,1783,1200,1200,1500,1000,10153,12439,13275,14654,16190,17212,207675,0
100000,2,2,2,-1,-1,-1,-1,-1,-1,100549,94471,57529,58070,58615,58760,3711,3155,1696,1889,1764,1714,-549,5529,42471,41930,41385,41240,414065,0
90000,3,2,2,-1,-1,-1,-1,-1,-1,62460,63354,64528,65815,67350,68605,2500,2300,2281,2519,2451,2300,27540,26646,25472,24185,22650,21395,377761,0
50000,1,2,2,2,-1,-1,2,-1,-1,16434,17550,21414,20774,21177,21612,1688,4476,0,888,788,1088,33566,32450,28586,29226,28823,28388,110033,0
200000,2,2,4,1,2,2,-1,-1,2,93215,95336,93114,94239,99428,101843,4300,0,3365,6700,4000,3500,106785,104664,106886,105761,100572,98157,555310,0
240000,1,2,2,-1,-1,-1,-1,-1,-1,6785,57953,20367,6997,15607,44412,58243,20469,7032,15685,44513,20159,233215,182047,219633,233003,224393,195588,-13980,0
360000,1,2,1,-1,2,-1,-1,-1,-1,6167,3506,10845,8336,5878,12903,17,10859,380,187,12966,1038,353833,356494,349155,351664,354122,347097,22188,1
170000,1,4,2,-1,-1,-1,-1,-1,-1,49699,32301,74152,38579,77819,47975,32305,74198,38804,66000,40970,25156,120301,137699,95848,131421,92181,122025,43092,0
80000,3,2,2,2,2,2,2,2,2,41687,42719,43018,44013,45058,46068,2000,1300,2000,1900,1900,0,38313,37281,36982,35987,34942,33932,253463,1
260000,3,1,3,-2,-2,-2,-1,-1,-2,8654,15260,6790,10070,585,435,15328,6914,10098,585,435,427,251346,244740,253210,249930,259415,259565,8007,0
70000,2,4,4,-1,-1,-1,-1,-1,-1,53214,54571,42413,42946,43843,44714,2230,2004,1537,1589,1598,1654,16786,15429,27587,27054,26157,25286,271089,0
30000,3,4,3,-1,-1,-1,-1,-1,-1,26828,25352,26553,26554,18869,12359,1588,1789,790,471,352,121,3172,4648,3447,3446,11131,17641,131404,0
290000,2,2,2,-1,-1,-1,2,-1,-1,260698,267453,278924,235368,232117,230763,11019,20326,44,10035,10034,10062,29302,22547,11076,54632,57883,59237,1443803,0
110000,2,2,3,-1,-1,-1,-1,-1,-1,110950,111750,111227,110849,110575,110394,4088,3912,3888,3975,4162,3945,-950,-1750,-1227,-849,-575,-394,641775,1
110000,2,1,2,-1,-1,3,2,2,2,57503,66128,64477,65413,66520,68270,9600,0,2600,2300,3000,5200,52497,43872,45523,44587,43480,41730,365611,1
200000,2,1,3,-1,-1,-1,-1,-1,-1,93700,95991,15040,14074,14758,15442,4512,2010,1000,1000,1000,0,106300,104009,184960,185926,185242,184558,239483,0
70000,3,4,1,-1,-1,-1,-1,-1,-1,52899,45758,37858,29660,29519,29457,1726,3028,1026,1195,1060,1031,17101,24242,32142,40340,40481,40543,216085,0
150000,2,4,1,-1,-1,-1,-1,-1,-1,84357,86398,64763,66093,62568,63828,2841,3000,1839,1773,1792,1846,65643,63602,85237,83907,87432,86172,414916,0
340000,2,4,3,-1,-1,2,-1,-1,-1,106867,117152,113312,114379,113627,112193,12002,0,4387,4634,4519,2402,233133,222848,226688,225621,226373,227807,649586,0
30000,2,4,1,2,-1,-1,-1,-1,-1,10343,11069,12082,12473,12623,27460,1200,1201,592,500,1500,0,19657,18931,17918,17527,17377,2540,81057,1
200000,1,1,3,-1,-1,-1,-1,-1,-1,390,394,388,822,386,540,400,390,830,400,550,310,199610,199606,199612,199178,199614,199460,40,0
400000,2,4,3,-1,-1,-1,-1,-1,-1,4988,2986,96868,33745,5143,1601,3003,97353,33913,5168,1611,0,395012,397014,303132,366255,394857,398399,4283,0
110000,2,2,3,-1,-1,-1,-1,-1,-1,52388,41742,43852,39840,32801,33174,1780,3306,1108,1126,1269,679,57612,68258,66148,70160,77199,76826,234529,0
420000,2,1,2,-1,-1,-1,-1,-1,-1,56068,55115,19304,22304,28465,38182,15005,10013,10000,10000,20000,20000,363932,364885,400696,397696,391535,381818,134420,0
150000,4,2,3,-1,-1,-1,-1,-1,-1,232587,259740,241615,139741,144692,124197,30032,25099,80000,120000,95000,30000,-82587,-109740,-91615,10259,5308,25803,762441,0
290000,1,2,2,-1,-1,-1,-1,-1,-1,97733,91270,79396,69925,71794,73597,3500,3000,3000,3000,3000,3000,192267,198730,210604,220075,218206,216403,465215,0
160000,1,1,4,1,-2,-2,-2,-1,-1,0,0,0,0,4816,0,0,0,0,4816,0,0,160000,160000,160000,160000,155184,160000,0,0
50000,3,2,2,-1,-1,-1,-2,-2,-2,44461,8635,-2550,-3300,-3300,-3300,1000,0,0,0,0,0,5539,41365,52550,53300,53300,53300,39646,1
150000,1,2,1,-1,-1,-1,-1,-1,-1,132684,128111,120509,74837,74391,66932,5713,12137,9005,2528,3119,2548,17316,21889,29491,75163,75609,83068,562414,0
500000,1,4,1,-1,-1,-1,-1,-1,-1,82715,29004,104650,75583,26728,78226,7057,134011,8000,10000,78226,50000,417285,470996,395350,424417,473272,421774,109612,0
140000,2,4,1,-1,-1,-1,-1,-1,-1,54868,56983,59152,67288,71674,31374,3000,4000,9500,5000,2000,1400,85132,83017,80848,72712,68326,108626,316439,0
200000,1,1,3,-1,-1,-1,-2,-1,-1,1785,750,0,0,708,15500,757,0,0,708,15699,0,198215,199250,200000,200000,199292,184500,1579,0
230000,1,1,3,-1,-1,-1,-1,-1,-1,519,518,2784,2360,1908,97,518,2784,32,0,0,0,229481,229482,227216,227640,228092,229903,4852,1
60000,2,4,1,-1,-1,-1,-1,-1,-1,53986,47413,36527,28170,28963,29456,2050,2011,1200,1400,1200,800,6014,12587,23473,31830,31037,30544,215854,0
150000,2,1,2,-1,-1,-1,-1,-1,-1,509,14310,980,1000,1132,8774,14310,980,1000,1132,8774,10867,149491,135690,149020,149000,148868,141226,-10358,0
340000,1,4,1,-1,-1,-1,2,-1,-1,2688,11432,12411,9119,29280,23093,11486,12824,10,29047,6153,3523,337312,328568,327589,330881,310720,316907,24980,0
140000,1,2,2,-1,-1,-2,-2,-1,-1,5600,0,0,0,5302,10251,0,0,0,5302,5251,0,134400,140000,140000,140000,134698,129749,10600,0
20000,1,2,3,1,3,2,-1,-1,-1,6249,5965,2417,1616,1616,3067,0,0,0,0,3067,0,13751,14035,17583,18384,18384,16933,17863,0
200000,1,4,1,-1,-1,-1,-1,-1,-1,14513,84387,87121,87857,88766,90228,84387,5000,4000,4000,4000,3000,185487,115613,112879,112143,111234,109772,348485,0
20000,3,1,3,-1,-1,-1,-1,-1,-1,2522,169,1261,1170,780,390,169,1261,1170,0,0,0,17478,19831,18739,18830,19220,19610,3692,0
300000,1,2,1,-1,-1,-1,-1,-1,-1,64437,65905,67344,69268,70647,73044,2000,2000,2500,2100,3000,2000,235563,234095,232656,230732,229353,226956,397045,0
200000,1,2,5,-1,-1,-1,-1,-1,-1,2035,1261,69048,3352,1992,1176,1261,69054,2000,0,1176,11099,197965,198739,130952,196648,198008,198824,-5726,1
180000,1,2,1,-1,-1,-1,-1,-1,-1,180387,182361,184097,177870,169767,175867,9000,8500,8500,8000,14250,8000,-387,-2361,-4097,2130,10233,4133,1014099,0
30000,3,2,1,2,-1,-1,-1,-1,-1,27896,29938,30061,29621,27956,29484,2506,1748,1003,1022,2000,1000,2104,62,-61,379,2044,516,165677,0
350000,1,1,5,-1,-1,-1,-1,-1,-1,83393,10237,14580,61024,86809,177816,10237,14580,61024,86809,177816,82610,266607,339763,335420,288976,263191,172184,783,0
160000,1,2,1,-1,-1,-1,-1,-1,-1,3236,-524,3003,737,0,894,0,3740,0,0,894,0,156764,160524,156997,159263,160000,159106,2712,0
20000,3,2,3,2,-1,-1,-1,2,2,20205,16882,18094,19592,19930,20353,1500,1500,1800,800,900,36,-205,3118,1906,408,70,-353,108520,1
130000,1,2,1,1,-1,-1,-2,-2,-2,0,3000,0,0,0,0,3000,0,0,0,0,1000,130000,127000,130000,130000,130000,130000,-1000,0
180000,1,2,3,-1,-1,-1,-1,-1,-1,166569,144637,137261,135904,127905,129465,6000,6382,5000,4649,5084,4564,13431,35363,42739,44096,52095,50535,810062,0
220000,2,2,2,2,2,2,-1,-1,-1,195725,197466,189149,187531,187856,186532,8200,0,7000,7000,7200,23700,24275,22534,30851,32469,32144,33468,1091159,1
120000,2,4,1,-1,-1,-1,-1,-1,-1,54628,55235,45025,43834,43449,44675,2200,2000,1700,2000,2100,1500,65372,64765,74975,76166,76551,75325,275346,0
500000,2,2,2,-1,-1,-1,-1,-1,-1,48415,50588,32091,19615,23084,4528,15021,1408,392,7000,4528,22021,451585,449412,467909,480385,476916,495472,127951,0
150000,1,4,1,-2,-2,-2,-2,-2,-2,2889,3469,1791,570,0,0,3469,1791,570,0,0,399,147111,146531,148209,149430,150000,150000,2490,1
180000,1,2,1,-1,-1,-1,-1,-1,-2,18213,4390,1016,4745,0,0,4390,1016,4745,0,0,1400,161787,175610,178984,175255,180000,180000,16813,0
440000,1,2,2,-2,-2,-2,-2,-2,-2,390512,200426,170209,136020,101744,78482,10063,7784,4632,3458,2671,2027,49488,239574,269791,303980,338256,361518,1046758,0
190000,2,2,2,-1,-1,-1,-1,-1,-1,189420,192058,185995,188649,190700,185912,8900,6700,6699,7400,6900,7400,580,-2058,4005,1351,-700,4088,1088735,0
160000,2,2,3,-2,-2,-2,-2,-2,-2,766,766,766,766,0,27547,766,766,766,0,27547,20238,159234,159234,159234,159234,160000,132453,-19472,1
20000,2,1,2,-1,-1,-1,-1,-1,-1,6372,2818,3734,3826,2110,2054,1100,1000,500,2110,2054,2505,13628,17182,16266,16174,17890,17946,11645,0
30000,3,1,3,-1,-1,-1,-1,-1,-1,10056,11387,12192,12986,13775,14393,1500,1300,1000,1000,1000,1000,19944,18613,17808,17014,16225,15607,67989,0
420000,1,1,2,1,-2,-2,-2,-1,-1,8120,2205,-94,6300,1047,67631,1011,0,6394,1047,67643,2005,411880,417795,420094,413700,418953,352369,7109,0
370000,1,4,1,-1,-1,-1,-1,-1,-1,68452,71014,72547,74501,76058,77572,3513,3046,3000,2589,2603,2695,301548,298986,297453,295499,293942,292428,422698,0
60000,2,2,2,1,2,-1,-1,-1,-1,62522,60932,113580,673,28976,29719,0,1680,2752,59358,1231,1200,-2522,-932,-53580,59327,31024,30281,230181,0
180000,2,2,3,-1,-1,-1,-1,-1,-1,106765,99297,69691,71234,72930,75734,10000,5000,2703,3000,4013,10000,73235,80703,110309,108766,107070,104266,460935,0
90000,3,4,1,-1,-1,-1,-1,-1,-1,16977,19612,5613,5613,10113,10113,3000,3000,0,4500,0,3440,73023,70388,84387,84387,79887,79887,54101,0
250000,2,4,1,2,-1,-1,-1,-1,-1,69770,70954,70681,69497,41367,17004,3562,1914,1517,2000,8001,295,180230,179046,179319,180503,208633,232996,321984,1
30000,1,4,1,-1,-1,-1,-1,-1,-2,25115,26287,26602,21000,0,0,1886,1620,0,0,0,0,4885,3713,3398,9000,30000,30000,95498,1
140000,1,1,3,-1,-1,-1,-2,-2,-1,4523,12171,0,0,0,10832,12171,0,0,0,10832,0,135477,127829,140000,140000,140000,129168,4523,0
180000,1,4,1,-1,-1,-1,-1,-1,-1,51699,48469,49553,49772,50829,51234,2200,2200,2000,2000,2100,1600,128301,131531,130447,130228,129171,128766,289456,0
70000,1,4,2,-1,-1,-1,-1,-1,2,12196,13291,14563,14625,15589,15189,1300,1500,600,1200,0,600,57804,56709,55437,55375,54411,54811,80253,0
320000,2,4,2,-2,-2,-2,-2,-2,-2,29862,33785,4900,15813,0,0,5000,4905,15873,0,0,21657,290138,286215,315100,304187,320000,320000,36925,1
150000,1,2,1,1,-2,-2,-1,-1,-1,0,0,0,65696,67148,68460,0,0,65696,3000,3000,4000,150000,150000,150000,84304,82852,81540,125608,0
20000,2,2,1,-1,-1,-1,-1,-1,-2,3785,4871,7817,7977,0,0,1154,3100,160,0,0,0,16215,15129,12183,12023,20000,20000,20036,1
30000,1,2,1,-1,-1,-1,-1,-1,-1,19041,20232,21293,22040,22786,23410,1500,1400,1100,1100,1003,2000,10959,9768,8707,7960,7214,6590,120699,1
500000,1,2,2,-1,-1,-1,-1,-1,-1,239824,226716,115610,89359,63609,123128,5614,118640,5841,6000,100000,5000,260176,273284,384390,410641,436391,376872,617151,0
30000,2,4,1,2,2,2,-1,-1,2,200,200,200,29847,30089,27957,0,0,29847,340,0,0,29800,29800,29800,153,-89,2043,58306,0
50000,2,3,3,-1,-1,-1,-1,-1,-1,780,12667,6713,6452,6188,4048,12667,1055,184,182,153,100,49220,37333,43287,43548,43812,45952,22507,0
20000,3,1,3,-1,-1,-1,-1,-1,-1,5855,6874,8037,8253,8427,9468,1122,1285,500,307,1182,0,14145,13126,11963,11747,11573,10532,42518,0
10000,3,2,4,2,2,-2,-2,-2,-1,103,-677,-677,-1067,-747,71,0,0,0,1100,818,1418,9897,10677,10677,11067,10747,9929,-6330,1
500000,3,2,3,-2,-2,-2,-2,-2,-2,338,338,98,522,285,950,338,98,522,285,950,285,499662,499662,499902,499478,499715,499050,53,0
20000,1,2,1,2,2,4,4,3,2,2902,6888,7638,7388,6991,33327,4200,1000,0,0,27150,900,17098,13112,12362,12612,13009,-13327,31884,1
200000,1,2,1,-1,-1,-1,-1,-1,-1,40559,44565,46815,52978,53970,56064,5000,3000,7000,2000,3000,3000,159441,155435,153185,147022,146030,143936,271951,0
10000,2,1,2,-1,-1,-1,2,-1,-1,6106,7199,10215,9943,9758,9335,1200,4442,0,1200,1200,0,3894,2801,-215,57,242,665,44514,0
50000,3,2,3,2,2,2,2,2,2,44865,46760,47390,44520,45310,44430,2923,1700,0,3500,0,2000,5135,3240,2610,5480,4690,5570,263152,1
320000,2,2,2,-1,-1,-1,-1,-1,-1,177391,182132,101849,92474,95279,77536,8200,4364,18000,4000,2576,5000,142609,137868,218151,227526,224721,242464,684521,0
50000,2,1,3,-1,-1,-1,-2,-2,-1,48729,19598,0,0,0,402,1000,402,0,0,402,19603,1271,30402,50000,50000,50000,49598,47322,0
30000,1,2,3,-1,-1,-1,-1,-1,-2,15636,4542,4075,3668,0,0,2000,1000,1000,1000,1800,0,14364,25458,25925,26332,30000,30000,21121,0
110000,3,2,2,-1,-1,-1,-2,-2,-2,2509,1260,0,0,0,0,1260,0,0,0,0,0,107491,108740,110000,110000,110000,110000,2509,1
50000,1,2,2,1,-1,-1,-1,-1,-2,0,354,134,134,0,0,354,134,0,0,0,190,50000,49646,49866,49866,50000,50000,-56,0
140000,1,4,1,1,2,-1,-1,-1,-1,112592,108669,110174,111079,113439,114983,0,5500,4900,5000,4112,4500,27408,31331,29826,28921,26561,25017,646924,0
90000,1,2,3,-1,-1,-2,-2,-2,-2,539,0,0,0,0,0,0,0,0,0,0,0,89461,90000,90000,90000,90000,90000,539,0
60000,2,1,3,-1,-1,-1,-1,-1,-1,59578,66781,65508,17677,19481,19205,22000,2188,2501,2512,4005,2604,422,-6781,-5508,42323,40519,40795,212420,1
20000,2,2,1,2,2,2,2,2,2,16276,16715,18327,17735,19446,18988,1000,2200,0,2000,0,1200,3724,3285,1673,2265,554,1012,101087,0
340000,1,2,5,-1,-1,-1,-1,-1,-1,509365,522309,534137,466565,466774,471573,20309,20137,16565,16774,21573,21000,-169365,-182309,-194137,-126565,-126774,-131573,2854365,0
30000,2,2,1,1,3,2,-1,-1,-1,31986,31189,29634,28174,27307,24449,0,4,1020,1110,989,982,-1986,-1189,366,1826,2693,5551,168634,0
170000,1,1,2,-1,-1,-1,-1,-1,-1,481,326,526,526,635,760,326,526,526,635,760,526,169519,169674,169474,169474,169365,169240,-45,1
130000,1,1,3,2,-1,-1,2,2,2,53709,55244,58716,57174,61240,61284,3000,5000,0,5000,1200,3000,76291,74756,71284,72826,68760,68716,330167,1
250000,2,2,3,-1,-1,2,2,2,-1,6107,8837,8535,10647,10352,12788,3000,0,3000,0,3000,3000,243893,241163,241465,239353,239648,237212,45266,0
200000,2,2,2,-1,-1,-1,-1,-1,-1,390,1308,1662,14490,34902,390,1308,1662,14987,34902,390,7500,199610,198692,198338,185510,165098,199610,-7607,0
10000,2,2,3,-1,-1,-1,-1,-1,-1,3100,4116,5280,5543,5605,5717,1073,1237,500,300,205,300,6900,5884,4720,4457,4395,4283,25746,1
180000,2,4,1,-1,-1,-2,-2,-1,2,13936,0,0,0,1030,440,0,0,0,1030,0,0,166064,180000,180000,180000,178970,179560,14376,0
230000,1,4,1,-1,-1,-1,-1,-1,-1,8916,318,725,2586,3198,4260,318,725,2592,3198,4260,4944,221084,229682,229275,227414,226802,225740,3966,0
200000,3,2,3,-1,-1,-1,-1,-1,-1,11025,6959,887,1462,15195,17933,6959,887,1462,15195,17933,887,188975,193041,199113,198538,184805,182067,10138,0
90000,3,4,2,-1,-1,-1,-1,-1,-1,130765,98506,94475,39368,34884,424,4800,4000,1000,698,424,26979,-40765,-8506,-4475,50632,55116,89576,360521,0
130000,3,2,1,-1,-1,-1,-1,-1,-1,3964,600,0,631,0,427,600,0,631,0,427,1747,126036,129400,130000,129369,130000,129573,2217,0
230000,1,2,1,-1,-1,-1,-1,-1,-1,1099,19686,3036,4806,-1,1699,19686,4000,4806,0,1700,3658,228901,210314,226964,225194,230001,228301,-3525,0
320000,2,2,2,-1,-1,2,-1,-1,-1,289508,302561,283356,275361,268871,256974,21041,1514,9122,9518,9209,10213,30492,17439,36644,44639,51129,63026,1616014,0
30000,3,2,2,2,2,2,-1,-1,-1,24367,28682,27922,28632,29075,30891,4723,0,1173,1056,2300,0,5633,1318,2078,1368,925,-891,160317,1
80000,2,4,1,-1,-1,2,-1,-1,-1,57994,17695,7987,2622,2449,-331,3327,44,2629,2457,0,0,22006,62305,72013,77378,77551,80331,79959,0
80000,1,2,2,-1,-1,-2,-2,-1,-1,1000,0,0,0,490,707,0,0,0,490,707,450,79000,80000,80000,80000,79510,79293,550,1
260000,2,2,3,-1,-1,-1,-1,-1,-1,7893,5923,5601,5480,5911,5963,5923,5601,5482,5911,5963,5757,252107,254077,254399,254520,254089,254037,2134,0
20000,3,2,1,2,-1,-1,-1,-1,-1,14081,15835,16985,19985,9421,9764,2000,2000,3000,1000,500,1000,5919,4165,3015,15,10579,10236,76571,1
200000,2,2,2,-1,-1,-1,-1,-1,-1,795,1795,3618,0,1496,0,1000,3618,0,1496,0,0,199205,198205,196382,200000,198504,200000,1590,1
80000,2,4,1,-1,-1,2,-1,-1,-1,54658,45978,32431,27674,23304,6586,5573,5,2000,1000,132,1998,25342,34022,47569,52326,56696,73414,179923,0
100000,1,4,3,-1,-1,-1,-1,-1,-1,60380,58567,79527,18950,19667,18531,2200,22004,656,1000,396,300,39620,41433,20473,81050,80333,81469,229066,0
150000,4,2,2,-1,-1,-1,-1,-1,-1,39708,37441,36143,33567,32447,32592,1608,1510,1170,1183,1140,1141,110292,112559,113857,116433,117553,117408,204146,0
80000,1,4,1,-1,-1,-1,-1,-1,-1,76306,75970,77468,60167,57474,58815,3600,3574,2300,2300,2300,2200,3694,4030,2532,19833,22526,21185,389926,0
20000,2,4,3,-1,-1,-1,-1,2,-1,7684,8565,4519,3520,1680,5285,1200,2008,1680,0,5285,0,12316,11435,15481,16480,18320,14715,21080,0
200000,2,2,1,-1,-1,-1,-1,-1,-1,15150,16311,16900,5000,0,282,1411,1000,5000,0,282,8423,184850,183689,183100,195000,200000,199718,37527,0
120000,2,2,3,2,-1,-1,-1,-1,2,36850,40232,41256,44063,46686,48768,4000,2000,3500,3500,3000,0,83150,79768,78744,75937,73314,71232,241855,1
30000,3,2,4,2,-1,-1,-1,-1,-1,46868,42397,38569,33570,19895,30125,1800,2200,1400,2000,30000,997,-16868,-12397,-8569,-3570,10105,-125,173027,1
200000,1,2,2,-1,-1,-1,-1,-1,-1,118134,126591,134110,139209,135902,138997,15034,20038,20019,5014,10047,10238,81866,73409,65890,60791,64098,61003,712553,0
80000,3,4,2,-1,-1,-1,-1,-1,-1,77929,77711,74525,61360,49359,48253,3006,2747,2344,1756,1758,1717,2071,2289,5475,18640,30641,31747,375809,0
280000,1,2,3,-1,-1,-1,-1,-1,-1,11967,183,1699,0,2722,0,183,1699,0,2722,0,1041,268033,279817,278301,280000,277278,280000,10926,1
500000,1,2,3,-1,-1,-1,-1,-1,-1,353356,320704,321094,317546,279250,239172,17000,11684,15000,8995,9457,10000,146644,179296,178906,182454,220750,260828,1758986,0
120000,1,2,2,-1,-1,-1,-1,-1,-1,696,-4,1878,407,247,1817,0,1882,407,247,2000,0,119304,120004,118122,119593,119753,118183,505,0
220000,2,2,3,-1,-1,-1,-1,-1,-1,4016,3962,2908,3054,3054,0,3000,2000,3200,3054,0,0,215984,216038,217092,216946,216946,220000,5740,0
360000,2,1,2,-1,-1,2,-1,-1,-1,6287,3580,2224,1206,-11,2216,2505,5,12,0,2227,0,353713,356420,357776,358794,360011,357784,10753,0
210000,1,2,2,-1,-1,-1,-2,-2,-2,142422,143650,0,0,0,0,6500,0,0,0,0,0,67578,66350,210000,210000,210000,210000,279572,0
160000,1,2,1,1,3,2,-1,-1,-1,4529,4269,1170,780,780,0,0,0,0,0,0,0,155471,155731,158830,159220,159220,160000,11528,1
100000,1,4,1,-2,-2,-2,-2,-2,-2,0,0,0,0,0,0,0,0,0,0,0,0,100000,100000,100000,100000,100000,100000,0,1
400000,1,4,2,-1,-1,-1,-1,-1,-1,4209,14858,28082,20188,68992,27613,14894,28222,20214,57060,16017,115710,395791,385142,371918,379812,331008,372387,-88175,0
110000,2,2,3,-1,-1,-1,-1,-1,-1,111301,69352,58442,55485,53539,41193,3075,3000,2000,2941,1512,2040,-1301,40648,51558,54515,56461,68807,374744,0
360000,1,1,2,1,-2,-2,-2,-2,-2,0,0,0,0,0,0,0,0,0,0,0,0,360000,360000,360000,360000,360000,360000,0,1
500000,2,2,3,-1,-1,-1,-1,-1,-1,39734,149570,137549,130893,108030,144938,117243,4500,4500,5000,50000,4578,460266,350430,362451,369107,391970,355062,524893,0
130000,2,2,1,-1,-1,-1,-1,-1,-1,116646,113851,110317,108099,106028,104253,5578,4000,3863,3831,4136,5385,13354,16149,19683,21901,23972,25747,632401,0
60000,1,4,1,-2,-2,-2,-2,-2,-2,17873,5959,2933,2933,4933,1983,3000,1000,0,2000,0,13072,42127,54041,57067,57067,55067,58017,17542,0
240000,1,1,2,-1,-1,-1,-1,-1,-1,33984,2300,6904,15980,0,9060,3000,7104,15980,0,9060,3935,206016,237700,233096,224020,240000,230940,29149,0
100000,2,2,3,-2,-2,-2,-2,-2,-2,-14,1452,4091,3011,5955,0,1466,4091,3020,5955,0,2835,100014,98548,95909,96989,94045,100000,-2872,0
150000,2,2,2,-1,-1,-1,-1,-1,-1,5195,4177,7444,19997,4095,52207,4185,7447,20013,4095,25869,0,144805,145823,142556,130003,145905,97793,31506,0
290000,2,1,2,-1,-1,-1,-1,-1,-1,209265,215887,220787,223810,228043,234257,10000,10000,8165,9000,10000,7010,80735,74113,69213,66190,61957,55743,1277874,0
50000,2,2,3,-1,-1,-1,-2,-2,-2,34110,3552,0,0,0,0,3505,0,0,0,0,0,15890,46448,50000,50000,50000,50000,34157,0
30000,2,4,3,1,-1,-1,-1,-1,-1,8891,24501,24886,25014,29356,25515,28001,1245,763,5000,1164,9114,21109,5499,5114,4986,644,4485,92876,0
210000,2,2,2,-1,-1,-1,-1,-1,-1,1338,1508,1409,1549,2454,946,1508,1409,1549,2454,946,1525,208662,208492,208591,208451,207546,209054,-187,0
100000,1,4,2,-1,2,-1,-1,-1,-1,14729,5691,11440,7470,44097,56328,0,6000,0,44097,15000,0,85271,94309,88560,92530,55903,43672,74658,0
30000,3,4,3,-1,2,-1,-1,-1,-1,780,390,650,260,370,-20,0,650,0,500,0,800,29220,29610,29350,29740,29630,30020,480,0
30000,3,4,2,-1,-1,-1,-1,-1,-2,9318,10621,15685,5476,0,0,10621,15685,5827,0,0,0,20682,19379,14315,24524,30000,30000,8967,0
80000,3,2,2,2,3,2,2,2,-1,78489,76697,74847,79620,78257,79953,0,0,6000,0,3200,3000,1511,3303,5153,380,1743,47,455663,0
30000,2,4,1,2,2,7,7,7,7,2550,2550,2550,2550,2550,2550,0,0,0,0,0,0,27450,27450,27450,27450,27450,27450,15300,1
70000,3,4,3,-1,-1,-1,-1,-1,-1,32581,32888,33481,33683,34227,34327,2000,1500,1138,1806,1383,1250,37419,37112,36519,36317,35773,35673,192110,0
470000,1,4,1,-1,-1,-1,-1,-1,-1,2981,3182,1512,3657,6556,3772,3182,1512,3657,6556,3772,957,467019,466818,468488,466343,463444,466228,2024,0
180000,1,2,2,1,-2,-2,-2,-2,-2,0,0,0,0,0,0,0,0,0,0,0,0,180000,180000,180000,180000,180000,180000,0,1
20000,2,1,2,-1,-1,-1,-1,-1,-1,17106,18282,19424,19208,19600,20000,1458,1600,384,392,400,0,2894,1718,576,792,400,0,109386,1
420000,1,1,5,-1,-1,-1,-1,-1,-1,195379,198147,200431,200252,202789,205082,8003,7529,10005,8015,10018,7715,224621,221853,219569,219748,217211,214918,1150795,0
100000,2,4,1,-1,-1,2,-1,-1,2,95205,102039,99504,94453,99711,97944,9300,0,3400,6800,0,3500,4795,-2039,496,5547,289,2056,565856,1
130000,3,2,4,-1,-1,-1,-1,-1,-1,18614,20343,22386,24296,25436,27451,2343,2386,2296,1536,2451,2659,111386,109657,107614,105704,104564,102549,124855,0
200000,1,1,2,-1,-1,-1,-1,-1,-1,780,0,390,3672,390,390,0,390,3672,390,390,390,199220,200000,199610,196328,199610,199610,390,0
150000,1,2,3,1,2,-1,-1,-1,-1,10710,4982,800,56800,54588,-7,137,15800,56800,0,7,79447,139290,145018,149200,93200,95412,150007,-24318,0
410000,1,4,2,-1,-1,-1,-1,-1,-1,6972,3188,15106,15313,10959,8341,3188,15106,6000,0,8341,17331,403028,406812,394894,394687,399041,401659,9913,0
30000,1,1,3,-1,-1,-1,-1,-1,-1,1047,447,318,258,0,318,447,318,258,0,318,1991,28953,29553,29682,29742,30000,29682,-944,1
20000,2,2,1,1,2,-1,-1,-1,-2,9352,9059,9823,10023,0,0,0,1000,200,0,0,0,10648,10941,10177,9977,20000,20000,37057,1
130000,2,4,2,-1,-1,-1,-1,-2,-2,126834,128882,15621,0,0,0,5802,1000,0,0,0,0,3166,1118,114379,130000,130000,130000,264535,0
180000,1,4,1,-2,-2,-2,-2,-2,-2,0,0,0,1430,0,0,0,0,1430,0,0,0,180000,180000,180000,178570,180000,180000,0,0
120000,1,2,2,-1,-1,-1,-1,-1,-1,45117,45607,46247,45974,45854,45191,3000,3000,2000,2000,1500,1500,74883,74393,73753,74026,74146,74809,260990,0
190000,3,2,1,-1,-1,2,-1,-1,-1,43903,53382,21811,2921,107441,108642,10882,0,2921,107441,4000,3700,146097,136618,168189,187079,82559,81358,209156,0
30000,2,2,4,-1,-1,-1,-1,-1,-1,26891,28151,28827,29412,26199,27116,2000,1500,1000,1000,1351,1000,3109,1849,1173,588,3801,2884,158745,0
170000,1,2,1,-1,-1,-1,-1,-1,-1,73254,68005,63311,57304,51663,45795,2500,3000,2200,2000,1700,1500,96746,101995,106689,112696,118337,124205,346432,0
120000,3,1,2,1,2,2,2,2,2,110826,113572,114719,115736,117729,120601,6000,4500,4400,4000,5000,4700,9174,6428,5281,4264,2271,-601,664583,0
50000,2,2,2,1,2,2,2,-1,-1,35548,31713,50319,42805,39207,50155,0,21220,13,1510,15018,21,14452,18287,-319,7195,10793,-155,211965,0
100000,2,2,4,1,-1,-1,-1,-1,-2,0,2976,44591,8910,0,0,2976,44591,0,0,0,0,100000,97024,55409,91090,100000,100000,8910,0
20000,2,4,1,2,2,2,2,2,-1,10372,12897,12393,14185,13817,14434,3000,0,2000,0,1000,3000,9628,7103,7607,5815,6183,5566,69098,1
40000,1,2,1,-1,-1,-1,-1,-1,-1,511,513,1531,1017,506,499,513,1531,0,0,499,0,39489,39487,38469,38983,39494,39501,2034,1
300000,1,1,3,-1,-1,-1,-1,-1,-2,1095,2930,2228,452,0,0,2941,2228,452,0,0,0,298905,297070,297772,299548,300000,300000,1084,0
230000,3,2,2,1,-2,-2,-2,-1,-1,0,0,0,0,2533,0,0,0,0,2533,0,500,230000,230000,230000,230000,227467,230000,-500,0
280000,1,2,2,-1,-1,2,-1,-1,-1,5165,8559,6455,544,0,4694,6455,11,5,0,4694,5292,274835,271441,273545,279456,280000,275306,8960,1
450000,1,6,2,1,-2,-2,-2,-2,-2,0,0,0,0,0,0,0,0,0,0,0,0,450000,450000,450000,450000,450000,450000,0,0
260000,2,2,2,-1,-1,-1,-1,-1,-1,7426,6887,7757,8172,8407,8681,2000,1757,2000,2000,2000,2000,252574,253113,252243,251828,251593,251319,35573,0
50000,3,2,2,-1,-1,-1,-1,-2,-2,43994,33508,37600,0,0,-5000,5000,5000,0,0,0,5000,6006,16492,12400,50000,50000,55000,95102,0
50000,2,2,1,2,2,7,7,7,6,2550,2550,2550,2550,2550,1950,0,0,0,0,0,0,47450,47450,47450,47450,47450,48050,14700,1
240000,2,2,2,-1,-1,-1,-1,-1,-1,227797,192920,185654,181350,186501,187457,10011,7722,9000,8000,7000,7000,12203,47080,54346,58650,53499,52543,1112946,0
70000,2,2,2,1,2,2,2,2,2,22914,23953,23275,24584,24051,26654,1700,0,2000,0,3000,600,47086,46047,46725,45416,45949,43346,138131,0
60000,2,4,2,-1,-1,-1,-1,-1,-1,60922,59205,60850,40548,40580,40416,3205,2850,1578,1580,1416,2512,-922,795,-850,19452,19420,19584,289380,0
230000,2,2,2,-1,-1,-1,-1,-1,-1,160413,149267,126107,105831,82694,65983,6011,5012,2000,2300,2400,1500,69587,80733,103893,124169,147306,164017,671072,0
30000,1,2,1,-1,-1,-1,-1,-1,-1,27159,27577,28838,28085,28428,29430,1500,1749,1200,1100,1465,1386,2841,2423,1162,1915,1572,570,161117,0
80000,3,2,1,1,2,-1,-1,-1,-1,80867,75615,77343,78883,79915,80296,0,3000,2744,3022,6000,2800,-867,4385,2657,1117,85,-296,455353,1
360000,2,2,3,-2,-2,-2,-2,-2,-2,0,0,0,0,0,0,0,0,0,0,0,0,360000,360000,360000,360000,360000,360000,0,0
200000,1,2,3,-1,-1,-1,-1,-1,-1,51024,27254,36052,38440,40555,49699,10000,10021,5000,6000,10000,10000,148976,172746,163948,161560,159445,150301,192003,0
150000,1,4,2,-1,2,2,-1,-1,-2,180,1582,1402,3244,-13,-13,1402,0,3244,0,0,0,149820,148418,148598,146756,150013,150013,1736,0
260000,1,2,3,-2,-2,-2,-2,-2,-2,387,616,450,773,268,402,616,450,773,268,402,334,259613,259384,259550,259227,259732,259598,53,0
180000,2,4,1,-1,-1,-1,-1,-1,-1,126420,130905,136925,56669,24610,20476,6519,10000,3000,2000,2000,1000,53580,49095,43075,123331,155390,159524,471486,0
220000,3,2,2,-1,-1,-1,-1,-1,-1,8178,9509,9110,6401,7084,5625,9140,9046,6007,5030,5019,5018,211822,210491,210890,213599,212916,214375,6647,0
180000,1,4,3,-1,-1,-1,-1,-1,-1,42790,43899,45172,46121,95432,50984,1800,2000,2000,2332,5000,1000,137210,136101,134828,133879,84568,129016,310266,0
90000,4,6,3,-1,-1,-1,-1,-1,-1,77263,26691,21066,20422,20327,13619,8333,1494,600,1000,1000,257,12737,63309,68934,69578,69673,76381,166704,0
20000,2,2,1,-1,-1,2,-1,-1,-1,14558,17212,16635,16678,17268,17563,3200,0,600,1840,800,626,5442,2788,3365,3322,2732,2437,92848,0
290000,2,4,2,-1,-1,-1,-1,-1,-1,172758,176718,181392,173856,172835,176710,8100,9000,6500,7000,6800,7000,117242,113282,108608,116144,117165,113290,1009869,0
210000,2,1,2,-1,-1,2,-1,-1,-1,396,1188,792,396,396,396,1188,0,0,396,396,396,209604,208812,209208,209604,209604,209604,1188,0
20000,1,2,2,-1,-1,-1,-1,-1,-1,18551,19595,20546,20250,19754,19833,1647,1598,692,697,777,797,1449,405,-546,-250,246,167,112321,0
310000,1,4,1,-1,-1,-1,-1,-1,-1,115126,105687,102306,93929,87681,73479,5222,5197,4000,5000,3980,3271,194874,204313,207694,216071,222319,236521,551538,0
240000,2,1,3,-1,-1,-1,-1,-1,-1,66394,63650,7117,2898,5530,67010,1273,7117,2905,5530,46275,17446,173606,176350,232883,237102,234470,172990,132053,0
330000,2,2,3,-2,-1,2,2,-2,-1,-4,8223,2996,207,-3,500,15450,0,209,3,503,0,330004,321777,327004,329793,330003,329500,-4246,1
310000,2,4,1,-1,-1,-1,-1,-1,-1,1469,1340,9794,15792,8944,88643,1340,9794,7004,1000,89137,4150,308531,308660,300206,294208,301056,221357,13557,1
30000,2,2,1,2,2,2,2,2,2,200,200,200,200,200,200,0,0,0,0,0,0,29800,29800,29800,29800,29800,29800,1200,1
470000,1,1,2,-1,-1,-1,-1,-1,-1,134561,226498,165474,120644,119006,110780,150055,7046,10000,15029,15017,10023,335439,243502,304526,349356,350994,359220,669793,0
280000,1,2,4,-1,-1,-1,-1,-1,-1,89739,73565,77944,81926,79277,78723,4000,6000,6000,7000,5000,5000,190261,206435,202056,198074,200723,201277,448174,0
120000,1,2,2,1,-2,-2,-2,-2,-2,0,0,0,0,0,0,0,0,0,0,0,0,120000,120000,120000,120000,120000,120000,0,0
240000,2,2,1,-1,-1,-1,-1,-1,-1,4882,5205,2747,4594,4092,4361,5220,2773,4614,4104,4374,2443,235118,234795,237253,235406,235908,235639,2353,1
800000,2,1,4,-1,-1,-1,-1,-1,-1,7639,5552,64535,40814,12590,9339,11145,64657,131,247,9366,63482,792361,794448,735465,759186,787410,790661,-8559,0
320000,1,4,2,-1,-1,-1,-2,-2,-1,1663,7025,1189,0,2701,2043,7025,1189,0,2701,2043,0,318337,312975,318811,320000,317299,317957,1663,1
140000,1,2,2,-1,-1,-1,-1,-1,-1,103288,98632,93615,91282,88128,87812,4500,4126,3509,3500,4000,3500,36712,41368,46385,48718,51872,52188,539622,0
20000,2,2,1,2,2,2,2,-1,-1,8880,9889,10087,9585,10082,10965,1500,700,0,1000,1400,0,11120,10111,9913,10415,9918,9035,54888,0
160000,2,4,3,1,-2,-2,-2,-2,-1,0,0,0,0,0,695,0,0,0,0,695,0,160000,160000,160000,160000,160000,159305,0,0
280000,2,2,2,-1,-1,-1,-1,-1,-1,237821,223180,237301,201226,207802,219281,11000,20000,10000,10000,15000,10000,42179,56820,42699,78774,72198,60719,1250611,0
330000,2,4,2,-1,-1,-1,-1,-1,-1,166917,159118,149325,143242,138627,139977,7400,6600,4800,5000,5400,5100,163083,170882,180675,186758,191373,190023,862906,0
230000,1,2,1,-1,-1,-1,-1,-1,-1,35000,35000,44884,10086,6905,237,35000,44884,202,405,237,3566,195000,195000,185116,219914,223095,229763,47818,0
50000,2,2,1,-1,2,2,-2,-2,-2,1170,780,0,0,0,0,0,0,0,0,0,0,48830,49220,50000,50000,50000,50000,1950,1
210000,2,4,2,1,-1,-1,-1,-1,-1,21854,17376,18796,117846,118877,121476,2269,3000,100004,4000,3687,3500,188146,192624,191204,92154,91123,88524,299765,0
170000,2,2,1,1,-2,-2,-2,-2,-2,0,0,0,0,0,0,0,0,0,0,0,0,170000,170000,170000,170000,170000,170000,0,0
220000,1,2,3,-1,-1,-1,-1,-1,-1,159351,162791,167631,169593,172967,183598,6000,7536,6231,6271,13500,0,60649,57209,52369,50407,47033,36402,976393,0
90000,1,2,2,-1,-1,-1,-1,-1,-1,1166,1918,930,930,2250,930,1918,1194,930,2250,930,930,88834,88082,89070,89070,87750,89070,-28,0
20000,2,1,1,1,2,2,2,2,2,11338,10870,12380,11884,12894,12540,0,2000,0,1203,0,1700,8662,9130,7620,8116,7106,7460,67003,0
480000,2,2,2,-1,-1,-1,-1,-1,-1,20824,21960,20885,19949,23031,27176,5004,5000,795,5000,5000,10000,459176,458040,459115,460051,456969,452824,103026,0
140000,1,1,2,-1,-1,-1,-1,-1,-1,40836,41878,42977,43960,45093,46342,2001,2100,2000,2000,2000,5000,99164,98122,97023,96040,94907,93658,245985,0
160000,1,1,3,-1,-1,-1,-1,-2,-2,97266,99466,102650,0,0,0,3769,5000,0,0,0,0,62734,60534,57350,160000,160000,160000,290613,0
80000,2,2,3,-1,-1,-1,-1,-1,-1,78337,77959,78206,72040,73733,75309,3500,3700,3000,3000,2793,3000,1663,2041,1794,7960,6267,4691,436591,1
100000,1,4,1,2,-1,-1,-1,-1,-1,72222,73859,75427,76587,78711,80510,3400,3400,3000,3500,3200,2000,27778,26141,24573,23413,21289,19490,438816,0
310000,2,4,2,-1,-1,-1,-1,-1,-1,184404,180576,175348,139525,139156,115785,6225,5808,4312,4427,4524,4263,125596,129424,134652,170475,170844,194215,905235,0
200000,2,2,2,-1,-1,-1,-1,-1,-1,371,37647,371,2977,3784,10579,37647,371,2977,3784,10579,10546,199629,162353,199629,197023,196216,189421,-10175,0
50000,2,1,4,-1,-1,-1,-1,-1,-1,25330,25894,26866,26673,26871,27009,1745,1717,914,1000,963,1112,24670,24106,23134,23327,23129,22991,151192,0
100000,2,2,2,2,2,-1,-1,-1,-1,78353,77726,79151,80249,82405,77011,1200,3400,2900,3500,3000,6100,21647,22274,20849,19751,17595,22989,454795,1
240000,1,4,1,1,-1,-1,-1,-1,-1,0,189,651,0,127,0,189,651,0,127,0,0,240000,239811,239349,240000,239873,240000,0,0
30000,2,1,4,-1,-1,-1,-1,-1,-1,18112,18456,19004,19030,24541,26305,1329,1267,683,8000,2731,0,11888,11544,10996,10970,5459,3695,111438,0
180000,3,1,3,-1,-1,-1,-1,-1,-1,3690,15618,4685,238,218,6690,15682,4699,238,218,6710,11949,176310,164382,175315,179762,179782,173310,-8357,0
40000,1,4,1,-1,-1,-1,-1,2,-1,38272,39159,40007,41973,40689,40640,2000,2000,3100,0,1500,1500,1728,841,-7,-1973,-689,-640,230640,1
70000,2,2,2,-1,-1,-1,-1,-1,-1,71065,69311,70882,68678,69030,66791,2566,2775,2381,3000,2452,2608,-1065,689,-882,1322,970,3209,399975,0
50000,2,4,1,-1,-1,2,-1,-1,-1,30631,30479,28301,26829,27173,26424,4809,0,1200,1500,943,1142,19369,19521,21699,23171,22827,23576,160243,0
500000,2,2,2,1,-1,-1,-1,-1,-1,2817,7682,47403,36067,46054,34290,5037,47221,5026,16005,2000,1000,497183,492318,452597,463933,453946,465710,98024,0
200000,1,4,2,-1,-1,-1,-1,-2,-2,390,0,780,0,0,0,0,780,0,0,0,0,199610,200000,199220,200000,200000,200000,390,0
250000,1,1,4,2,2,2,2,2,2,2487,2487,2487,2487,2487,2487,0,0,0,0,0,0,247513,247513,247513,247513,247513,247513,14922,1
50000,1,1,3,1,2,2,-1,-1,-1,48518,49244,45385,17912,31278,14818,1800,82,1500,10000,1062,549,1482,756,4615,32088,18722,35182,192162,0
180000,2,1,2,1,-2,-2,-2,-2,-2,0,0,0,0,0,0,0,0,0,0,0,0,180000,180000,180000,180000,180000,180000,0,0
160000,1,2,3,-1,-1,-1,-1,-1,-1,3607,4417,1058,2146,2534,2242,4417,1058,2146,2534,2242,2254,156393,155583,158942,157854,157466,157758,1353,0
20000,2,2,3,1,2,2,2,3,2,15476,16533,15975,17903,17336,16910,1600,0,2500,0,0,2000,4524,3467,4025,2097,2664,3090,94033,0
50000,2,2,3,-1,-1,-1,-1,-1,-1,27321,24726,22581,20192,18813,17328,1415,1500,700,700,629,488,22679,25274,27419,29808,31187,32672,125529,0
20000,1,4,1,-1,-1,-1,-1,-1,-1,17165,18387,19573,19504,19642,20128,1500,1600,700,1000,1000,1000,2835,1613,427,496,358,-128,107599,0
150000,1,4,1,-1,-1,-1,-1,-1,-1,291,291,291,658,441,1197,291,291,658,441,1197,8007,149709,149709,149709,149342,149559,148803,-7716,0
360000,2,2,3,-1,-1,-1,-1,-1,-1,29269,26763,23202,24979,26734,17956,1500,2000,2000,2000,2000,3000,330731,333237,336798,335021,333266,342044,136403,0
20000,2,2,1,-1,-1,-1,-1,-1,-1,8814,10167,21774,10707,10539,10757,1500,1200,378,389,400,600,11186,9833,-1774,9293,9461,9243,68291,0
170000,2,4,2,-1,-1,-1,-1,-1,-1,71752,73282,74707,75626,75845,25140,2687,2671,3100,3286,1100,1000,98248,96718,95293,94374,94155,144860,382508,0
30000,3,2,3,-1,-1,2,-1,-1,-1,27742,31130,29105,58840,28840,1319,4600,0,1060,1091,1319,565,2258,-1130,895,-28840,1160,28681,168341,0
80000,2,2,1,-1,-1,-1,-1,-1,-1,49528,44639,39720,34465,29488,32912,1730,1644,1222,1400,10000,1200,30472,35361,40280,45535,50512,47088,213556,0
110000,2,4,1,-1,-1,-1,-1,-1,-1,111115,113515,111815,79375,78541,79731,6000,5000,3000,3100,3000,3000,-1115,-3515,-1815,30625,31459,30269,550992,0
140000,2,2,1,-1,-1,-1,-1,-1,-1,1198,4656,1516,-660,249,-427,4660,2000,0,2200,1500,1400,138802,135344,138484,140660,139751,140427,-5228,0
50000,2,2,2,-1,-1,-1,-1,-2,-2,50713,49402,44415,0,0,0,3000,1000,0,0,0,0,-713,598,5585,50000,50000,50000,140530,0
120000,2,2,2,-1,-1,-1,-1,-1,-1,88210,86473,86353,84327,82469,82491,3300,3022,3100,3000,3100,3000,31790,33527,33647,35673,37531,37509,491801,0
10000,3,2,1,-1,-1,-1,-1,-1,-1,18289,9217,10203,9634,9857,9704,1317,1303,334,373,326,1359,-8289,783,-203,366,143,296,61892,0
20000,1,2,3,-1,-1,-1,-1,-1,-2,1716,4019,2500,1000,0,0,4027,2500,0,0,0,0,18284,15981,17500,19000,20000,20000,2708,0
180000,1,4,2,-1,-1,-1,-1,-1,-1,4582,1359,316,3072,2756,2440,1359,316,3072,0,0,316,175418,178641,179684,176928,177244,177560,9462,1
240000,2,4,1,-1,-1,-1,-1,-1,-1,50787,51524,31783,33993,36783,37102,1601,1400,3000,3180,37102,904,189213,188476,208217,206007,203217,202898,194785,0
120000,2,1,2,1,2,-1,-1,-1,-1,6305,7052,8786,8863,10763,7140,1000,2000,177,2000,1000,0,113695,112948,111214,111137,109237,112860,42732,1
150000,1,4,1,-1,-1,-1,4,3,2,8982,0,1187,1182,882,441,0,1187,0,0,0,583,141018,150000,148813,148818,149118,149559,10904,0
30000,3,1,4,2,2,7,7,7,7,2395,2395,2395,2395,2395,2395,0,0,0,0,0,0,27605,27605,27605,27605,27605,27605,14370,1
80000,1,2,2,-1,-1,-1,-1,-1,-1,17873,65585,64047,48107,48620,45280,65592,2051,2002,2013,2004,2000,62127,14415,15953,31893,31380,34720,213850,0
50000,1,1,1,-1,-1,-2,-2,-2,-2,4545,0,0,0,0,0,0,0,0,0,0,0,45455,50000,50000,50000,50000,50000,4545,1
30000,3,2,4,2,2,2,2,2,2,26580,27652,27905,27158,29239,29791,1800,1000,0,2518,1185,1200,3420,2348,2095,2842,761,209,160622,1
200000,1,1,1,-1,-1,-1,-1,-1,-1,9585,1686,820,1889,6617,3986,1735,824,1889,6617,3986,2460,190415,198314,199180,198111,193383,196014,7072,0
480000,2,4,2,-1,-1,-1,-1,-1,-1,1759,1759,1759,1759,1759,1759,1759,1759,1759,1759,1759,1759,478241,478241,478241,478241,478241,478241,0,1
50000,2,2,4,2,-1,-1,-1,-1,-1,21133,21793,19641,15848,16026,16359,1325,1506,713,582,600,607,28867,28207,30359,34152,33974,33641,105467,1
30000,2,1,1,2,2,2,2,2,2,28224,29276,28635,30127,30525,29793,1800,150,2250,1000,0,700,1776,724,1365,-127,-525,207,170680,1
300000,1,4,2,-1,-1,-1,-1,-1,-1,7834,1086,316,316,316,316,1093,316,316,316,316,316,292166,298914,299684,299684,299684,299684,7511,1
500000,2,2,2,-1,-1,-1,-1,-1,-1,4952,6607,8544,15351,5839,9192,3008,4005,8048,131,9213,111,495048,493393,491456,484649,494161,490808,25969,0
350000,1,2,2,-1,-1,-1,-1,-1,-1,18265,31619,2071,2915,1011,23620,16158,2081,2929,1016,23738,919,331735,318381,347929,347085,348989,326380,32660,0
150000,1,1,3,-2,-2,-2,-2,-2,-1,6780,10633,3260,0,0,1081,10638,3260,0,0,1081,0,143220,139367,146740,150000,150000,148919,6775,0
30000,2,1,3,-1,-1,-1,-1,-2,-2,20328,18944,3395,0,0,0,1582,1033,0,0,0,0,9672,11056,26605,30000,30000,30000,40052,0
20000,1,4,1,1,2,-1,-1,-1,-1,20420,16592,14400,17000,17000,20000,2,2000,3000,0,3000,0,-420,3408,5600,3000,3000,0,97410,0
380000,2,4,3,-1,-1,-1,-1,-1,-1,302130,266160,236316,224029,224022,225978,10018,10000,15000,30000,30251,20000,77870,113840,143684,155971,155978,154022,1363366,0
70000,1,2,3,-1,-1,-1,-1,-1,2,40466,41805,42520,43378,46664,47341,1994,1709,1567,4000,1600,2000,29534,28195,27480,26622,23336,22659,249304,1
300000,2,2,3,-1,-1,-1,-1,-1,-1,2991,1278,4043,683,172,402,1278,4045,685,172,402,4080,297009,298722,295957,299317,299828,299598,-1093,0
160000,3,2,1,1,2,-1,-1,-1,-1,80166,34775,34073,15676,99436,90927,0,142848,1800,90000,3300,3400,79834,125225,125927,144324,60564,69073,113705,1
230000,2,4,2,1,-1,-1,-1,-1,-1,328,1593,2015,1077,1479,3104,1621,2015,10,1479,3104,1152,229672,228407,227985,228923,228521,226896,215,0
260000,1,1,4,-1,-1,2,-1,-1,-1,229,674,476,2856,814,605,674,0,2880,814,605,1776,259771,259326,259524,257144,259186,259395,-1095,0
360000,2,1,2,-2,-2,-2,-2,-2,-1,194836,134296,128307,61650,0,87754,5180,5564,2850,0,87754,3159,165164,225704,231693,298350,360000,272246,502336,0
50000,2,4,1,-1,-1,-1,-1,-1,-1,49028,49740,780,390,850,18460,2400,780,0,850,18000,1000,972,260,49220,49610,49150,31540,96218,0
20000,2,2,1,-1,-1,-1,-2,-2,-2,2500,3068,-380,-380,-380,-380,3068,0,0,0,0,0,17500,16932,20380,20380,20380,20380,980,0
140000,2,4,1,-1,-1,-1,-1,-1,-1,116597,55208,47397,45860,46264,41870,3018,3000,1356,2000,2000,1500,23403,84792,92603,94140,93736,98130,340322,0
50000,2,2,1,-1,-1,-1,-1,-1,-1,44687,39137,39877,28471,29309,28409,2138,44447,2202,2004,1202,1051,5313,10863,10123,21529,20691,21591,156846,0
50000,3,2,1,-1,-1,-1,-1,-1,-1,45002,46053,45120,45870,46975,49284,2100,2100,1800,2000,3100,1300,4998,3947,4880,4130,3025,716,265904,0
50000,2,2,1,-1,-1,-1,-1,-1,-1,39103,40142,41462,42130,43011,43863,1667,1987,1655,1710,1719,1616,10897,9858,8538,7870,6989,6137,239357,0
50000,1,4,1,-1,-1,-1,-1,-1,-2,24763,33542,30455,2000,0,0,10000,1175,2000,0,0,0,25237,16458,19545,48000,50000,50000,77585,1
80000,1,4,1,-1,-1,-1,-1,-1,-1,75356,78236,77700,58025,59527,60778,5000,4176,4000,3000,2141,3000,4644,1764,2300,21975,20473,19222,388305,0
90000,2,2,1,-1,-1,-1,-1,-1,-1,24657,25743,26406,24364,19726,19166,1500,1500,1508,1000,1000,800,65343,64257,63594,65636,70274,70834,132754,0
50000,2,2,1,-1,-1,-1,-1,-1,-1,492,492,492,492,492,470,493,493,493,493,471,7739,49508,49508,49508,49508,49508,49530,-7252,0
270000,2,2,2,-1,-1,-1,-1,-1,-1,116315,119103,122249,123905,105064,105600,6500,6843,6284,3617,3716,4035,153685,150897,147751,146095,164936,164400,661241,0
60000,2,4,2,1,2,-1,-1,-1,-1,64684,63036,60031,27725,28282,30268,0,2459,1433,990,2419,0,-4684,-3036,-31,32275,31718,29732,266725,0
240000,2,2,2,-2,-2,-2,-2,-2,-2,3862,1780,0,0,0,0,1783,0,0,0,0,2500,236138,238220,240000,240000,240000,240000,1359,0
240000,1,2,2,-1,-1,-1,-1,-1,-1,131477,126941,62378,20156,157391,158991,6009,3017,1048,150004,5613,5809,108523,113059,177622,219844,82609,81009,485834,0
30000,3,1,3,1,3,2,2,2,2,22494,21845,21207,23491,22818,24321,0,0,2645,0,2029,1027,7506,8155,8793,6509,7182,5679,130475,1
50000,2,2,3,1,2,-1,-1,-1,-1,51047,47924,49053,50106,17756,18072,0,2200,2180,1000,1000,800,-1047,2076,947,-106,32244,31928,226778,0
370000,2,2,2,-1,-1,-1,2,-1,-1,72322,74758,78423,81017,81698,83562,4252,5500,4500,2926,3182,3043,297678,295242,291577,288983,288302,286438,448377,0
50000,2,1,2,1,2,-1,-1,-1,-1,49372,47420,47992,49278,28086,30196,0,2500,3500,1000,3397,0,628,2580,2008,722,21914,19804,241947,0
130000,2,2,2,-1,-1,-1,-1,-1,-1,2541,0,7609,8217,9741,8308,0,7609,2500,1600,510,299,127459,130000,122391,121783,120259,121692,23898,0
20000,2,2,3,1,4,3,2,2,2,17361,16803,16253,15695,16832,16420,0,0,0,1400,0,603,2639,3197,3747,4305,3168,3580,97361,0
410000,2,2,2,-1,-1,-1,-1,-1,-1,335938,328323,321091,274957,268891,262570,14000,13014,30000,12000,10000,9040,74062,81677,88909,135043,141109,147430,1703716,0
50000,1,1,3,-1,-1,-1,-1,-1,-1,47695,49550,51636,53561,53283,53057,2657,2743,2668,1712,1762,1894,2305,450,-1636,-3561,-3283,-3057,295346,0
30000,1,2,3,1,2,2,2,-1,-1,31217,30406,31380,30277,30028,30198,0,3600,0,1100,1050,1000,-1217,-406,-1380,-277,-28,-198,176756,0
20000,2,1,3,-1,-1,2,-1,-1,-1,16401,9620,9264,11693,11826,13242,3000,1000,3000,1000,2000,1000,3599,10380,10736,8307,8174,6758,61046,0
50000,1,1,3,-1,-1,-1,2,2,2,34384,35503,38931,38006,44357,43516,2000,4000,0,7000,0,2000,15616,14497,11069,11994,5643,6484,219697,0
360000,1,1,2,-2,-2,-2,-2,-2,-2,8162,3141,587,1647,1745,597,3144,590,1670,1748,600,11883,351838,356859,359413,358353,358255,359403,-3756,0
70000,2,2,3,1,2,2,2,2,-1,9728,9423,12251,12358,11865,11975,0,3000,600,0,450,500,60272,60577,57749,57642,58135,58025,63050,0
160000,3,2,2,-1,-1,-1,-1,-1,-1,47268,47269,45688,47690,48712,49525,2725,2767,2769,1791,1928,1960,112732,112731,114312,112310,111288,110475,272212,0
20000,2,2,2,-1,-1,-1,-1,-1,-1,19817,19751,20242,20098,20059,20513,2000,1700,1300,1008,1700,1000,183,249,-242,-98,-59,-513,111772,0
110000,2,1,2,-1,-1,-1,-1,-1,-1,64494,49464,40359,34533,36819,32467,4000,3007,3000,3000,3000,4000,45506,60536,69641,75467,73181,77533,238129,0
50000,2,1,3,1,2,-1,-1,-1,-1,20530,15843,18256,19896,19874,19248,0,3000,2000,1000,2000,0,29470,34157,31744,30104,30126,30752,105647,0
80000,2,1,2,-1,-1,-1,-1,-1,-1,75149,76786,72626,29012,28653,28398,4003,3003,2003,1146,1403,1503,4851,3214,7374,50988,51347,51602,297563,0
150000,1,1,2,-1,-1,-1,-2,-2,-1,1600,1815,0,0,0,16877,1815,0,0,0,16877,25069,148400,148185,150000,150000,150000,133123,-23469,0
290000,2,2,3,-1,-1,-1,-1,-1,-1,76063,72418,65814,60861,60901,53023,4434,3814,2861,1901,2023,3719,213937,217582,224186,229139,229099,236977,370328,0
340000,3,1,3,-1,-1,-1,-1,-1,-1,4726,5178,65826,63877,53845,51983,1379,61883,2147,1855,1774,1541,335274,334822,274174,276123,286155,288017,174856,0
110000,3,1,3,-1,-1,-1,-1,-1,-1,103225,106004,108831,79455,54971,57257,4500,5000,3043,2000,3000,5000,6775,3996,1169,30545,55029,52743,487200,0
150000,1,1,3,2,2,2,2,2,2,148364,150565,150254,64644,40150,41250,5400,5026,1722,1500,3000,108058,1636,-565,-254,85356,109850,108750,470521,1
280000,2,1,2,-2,-2,-2,-2,-2,-2,3596,959,1067,3405,1805,2153,963,1072,3422,1814,2162,1757,276404,279041,278933,276595,278195,277847,1795,0
20000,2,1,3,-1,-1,3,2,-1,-1,8168,12309,11834,11180,780,1170,4600,0,0,0,0,930,11832,7691,8166,8820,19220,18830,39911,1
180000,2,1,2,2,2,2,2,2,2,114140,115764,117426,119000,120528,123451,5000,5000,5000,5000,5000,0,65860,64236,62574,61000,59472,56549,685309,1
50000,1,2,2,-1,-1,-1,2,-1,-1,33307,38730,50694,49483,17299,17959,6000,13000,0,1000,1000,2000,16693,11270,-694,517,32701,32041,184472,1
200000,1,1,2,-2,-2,-2,-2,-2,-2,0,0,0,0,0,0,0,0,0,0,0,0,200000,200000,200000,200000,200000,200000,0,1
280000,2,2,2,-2,-2,-2,-2,-2,-2,117,1368,14027,-2,475,5038,1375,14111,0,477,5063,415,279883,278632,265973,280002,279525,274962,-418,0
100000,1,1,2,-1,-1,-1,2,2,-1,65451,72277,78115,79244,77373,78973,8000,7000,3000,0,3000,6000,34549,27723,21885,20756,22627,21027,424433,0
50000,2,2,2,-1,-1,-1,-1,-1,-1,8406,8418,8347,12321,6294,3333,3000,3000,7508,1000,1000,1500,41594,41582,41653,37679,43706,46667,30111,0
210000,1,1,2,-1,-1,-1,-2,-2,-2,81582,82768,654,628,302,476,4000,1584,300,0,500,476,128418,127232,209346,209372,209698,209524,159550,0
280000,2,1,2,-1,-1,-1,-1,-1,-1,22331,22341,23359,23647,-1353,93696,1371,1389,1175,0,95049,3308,257669,257659,256641,256353,281353,186304,81729,0
350000,1,1,2,-2,-2,-2,-2,-2,-2,3948,4368,5339,0,0,0,2184,10678,0,0,0,0,346052,345632,344661,350000,350000,350000,793,0
230000,3,2,2,-1,-1,-1,2,-1,-1,948,1156,1728,1156,1172,396,1156,1728,0,1172,0,776,229052,228844,228272,228844,228828,229604,1724,0
100000,1,2,3,-1,-1,-1,-1,2,-1,97582,99964,96270,97440,94518,24180,5000,5000,6000,0,484,0,2418,36,3730,2560,5482,75820,493470,0
390000,1,1,2,-1,-1,-1,-1,-1,-1,24297,28804,43996,47532,49414,51380,5000,20000,5006,5006,5008,3004,365703,361196,346004,342468,340586,338620,202399,0
210000,2,1,3,-1,-1,-2,-2,-2,-2,3180,0,0,0,0,0,0,0,0,0,0,0,206820,210000,210000,210000,210000,210000,3180,0
50000,3,2,3,-1,-1,-1,-1,-1,-1,29789,28699,29305,27595,27745,28086,1763,1759,1439,979,1164,1300,20211,21301,20695,22405,22255,21914,162815,0
50000,3,1,3,-1,-1,-1,-1,-1,-1,15109,16117,17217,18005,18369,18888,1263,1363,1151,515,670,780,34891,33883,32783,31995,31631,31112,97963,0
340000,1,1,3,-1,-1,-1,-1,2,-1,13454,14544,-2429,10300,3630,3577,15074,528,15303,13,3615,6765,326546,325456,342429,329700,336370,336423,1778,0
300000,2,2,2,1,-1,-1,-1,-1,-1,5256,2491,3523,6355,5055,-445,4000,2000,3000,0,0,0,294744,297509,296477,293645,294945,300445,13235,0
150000,3,1,2,-1,-1,-1,-1,-1,-1,8027,7121,10292,3141,7522,3929,7129,11000,3141,7531,3929,0,141973,142879,139708,146859,142478,146071,7302,0
200000,1,3,3,-1,-1,-1,-1,-1,-1,74416,75891,77516,79088,80141,81833,3061,3200,3196,2700,2714,8918,125584,124109,122484,120912,119859,118167,445096,0
350000,1,2,2,1,2,-1,-1,2,-1,334427,322808,254410,11423,8415,10230,332,81256,8441,6,8013,1006,15573,27192,95590,338577,341585,339770,842659,1
20000,2,2,2,-1,-1,-1,-1,-1,-1,17809,15650,16691,17903,18318,19033,1300,1300,1500,1000,1000,1000,2191,4350,3309,2097,1682,967,98304,0
470000,2,1,2,-1,-1,-1,-1,-1,-1,170812,172332,177566,182074,183417,185608,6500,8000,9000,7000,8000,8000,299188,297668,292434,287926,286583,284392,1025309,1
200000,1,1,2,-1,-1,-1,-1,-1,2,132589,135286,139725,142605,149894,153054,4900,6600,6700,11200,5700,5900,67411,64714,60275,57395,50106,46946,812153,1
20000,3,2,3,1,3,2,-1,-1,-1,9080,8790,8505,9557,10395,11227,0,0,1200,1000,1000,1000,10920,11210,11495,10443,9605,8773,53354,0
230000,1,1,2,-2,-2,-2,-2,-2,-2,211,162,155,155,75,635,162,155,155,75,635,2336,229789,229838,229845,229845,229925,229365,-2125,0
200000,2,2,2,-1,-1,-1,-1,-1,-1,154000,155392,76667,151434,49407,51636,5000,5000,88300,5000,3000,2000,46000,44608,123333,48566,150593,148364,530236,1
70000,3,1,2,-1,-1,-1,-1,-1,-1,63580,64688,66566,56942,58986,61031,3000,3002,2500,3000,3000,2502,6420,5312,3434,13058,11014,8969,354789,0
20000,3,1,2,2,-1,-1,-1,-1,-1,19868,19805,19900,390,390,0,1515,1000,390,390,0,780,132,195,100,19610,19610,20000,56278,1
10000,2,2,2,-1,-1,-1,-1,-1,-1,9178,7692,9484,10004,10084,9936,1500,2257,1200,500,500,600,822,2308,516,-4,-84,64,49821,0
100000,3,2,2,2,2,2,2,2,2,67646,69237,70638,71680,72705,74195,3300,3100,2800,2800,2800,2800,32354,30763,29362,28320,27295,25805,408501,1
130000,3,1,2,-2,-1,-1,-1,-1,-1,957,6214,1625,728,2464,1139,6220,1628,730,2466,1145,650,129043,123786,128375,129272,127536,128861,288,0
240000,1,1,3,-2,-2,-2,-2,-2,-2,7278,800,437,11624,9411,-3316,804,437,11705,9473,1405,164705,232722,239200,239563,228376,230589,243316,-162295,0
590000,1,2,2,-1,-1,-1,-1,-1,-1,42337,90090,68573,61065,30510,25887,60092,68753,10000,15033,25965,20377,547663,499910,521427,528935,559490,564113,118242,0
420000,1,2,2,-1,-1,-1,-1,-1,-1,403552,390237,368259,344875,338552,345971,13703,15581,13000,12000,13000,12013,16448,29763,51741,75125,81448,74029,2112149,0
360000,2,1,2,-1,-1,-1,-1,-1,-1,5375,0,7799,8506,0,4186,0,7799,8528,0,4186,0,354625,360000,352201,351494,360000,355814,5353,0
280000,1,1,2,-1,-1,-1,-1,-1,2,59188,146368,244092,210226,177595,153181,100000,101585,90762,50119,282,50436,220812,133632,35908,69774,102405,126819,597466,0
400000,1,1,2,-2,-2,-2,-2,-2,-2,0,2720,98,44321,1699,0,2720,98,45869,1699,0,2024,400000,397280,399902,355679,398301,400000,-3572,0
10000,2,1,2,-1,-1,-1,-1,-1,-1,5828,7717,8830,9687,10025,10400,2000,1400,1162,500,600,0,4172,2283,1170,313,-25,-400,46825,0
110000,2,1,2,1,2,-1,-1,-1,-1,112829,108073,110313,108986,48641,46982,0,6307,5093,2008,2010,3000,-2829,1927,-313,1014,61359,63018,517406,1
220000,1,2,3,-1,2,-1,-1,-1,-1,628,314,290,5134,346,427,1,291,5159,347,428,14473,219372,219686,219710,214866,219654,219573,-13560,0
130000,2,1,3,-1,-1,-1,-1,-1,-1,89634,90999,94519,97939,101299,109615,5000,5000,5000,5000,10000,5000,40366,39001,35481,32061,28701,20385,549005,0
50000,2,2,2,-1,-1,-1,-1,-1,-1,45853,44206,34713,19474,19508,19837,5435,2109,1576,1000,2000,1000,4147,5794,15287,30526,30492,30163,170471,0
520000,1,2,2,-1,-1,-1,-1,-1,-1,203647,185853,178531,170915,162864,155297,6501,7001,5989,5701,6001,6001,316353,334147,341469,349085,357136,364703,1019913,0
30000,2,2,3,1,3,2,-1,-1,-1,15783,15237,15693,16928,18299,20129,0,1000,1500,1659,2129,0,14217,14763,14307,13072,11701,9871,95781,1
50000,4,1,3,-1,-1,-1,-1,-1,-1,33634,34770,34948,-52,848,850,2000,1000,0,900,2,1749,16366,15230,15052,50052,49152,49150,99347,0
260000,2,1,2,-1,-1,-1,-1,-1,-1,29389,2981,12001,20325,43849,22820,2796,12173,20619,43968,3014,2021,230611,257019,247999,239675,216151,237180,46774,0
210000,2,1,3,-2,-2,-2,-2,-2,-2,245,245,141,-104,-104,-104,245,141,88,0,0,0,209755,209755,209859,210104,210104,210104,-155,0
500000,1,2,2,-1,-1,-1,-1,-1,-1,130700,15785,154653,450497,425957,298509,15785,154653,338394,16000,500,19999,369300,484215,345347,49503,74043,201491,930770,0
120000,1,1,2,-1,-1,-1,-1,-1,-1,119684,121113,113997,117085,117945,109855,5000,4200,5000,5000,4200,4100,316,-1113,6003,2915,2055,10145,672179,0
110000,2,2,2,-1,-1,-1,-1,-1,-1,97510,92152,94503,95571,91794,80365,3300,3838,3056,8000,3000,3200,12490,17848,15497,14429,18206,29635,527501,0
420000,1,2,2,-2,-2,-2,-2,-2,-1,11728,8860,4829,12181,7597,17772,8904,4866,12241,7635,17858,10057,408272,411140,415171,407819,412403,402228,1406,0
80000,3,1,3,-1,-1,-1,-1,-1,-1,76015,77582,60311,62471,21071,2099,3008,3000,5000,10000,2099,0,3985,2418,19689,17529,58929,77901,276442,1
300000,2,1,3,-1,-1,-1,-1,-1,-1,39260,29318,16703,16000,10154,10154,2052,3012,2048,10154,0,4589,260740,270682,283297,284000,289846,289846,99734,0
260000,1,2,2,2,2,2,-1,-1,2,139582,149124,145333,148332,160810,155683,13400,0,6910,16502,0,5847,120418,110876,114667,111668,99190,104317,856205,1
500000,1,1,3,1,-2,-2,-2,-2,-2,0,0,0,0,0,0,0,0,0,0,0,0,500000,500000,500000,500000,500000,500000,0,0
20000,2,1,2,3,2,-1,-1,-1,-1,20334,18555,3455,4359,4448,4704,0,1096,1000,89,256,0,-334,1445,16545,15641,15552,15296,53414,0
160000,1,2,2,-1,-1,-1,-1,-1,-1,156775,157941,146063,128318,96654,98694,5145,5187,5014,3000,3251,3104,3225,2059,13937,31682,63346,61306,759744,0
290000,1,2,2,-2,-2,-2,-2,-2,-2,0,0,0,0,0,0,0,0,0,0,0,0,290000,290000,290000,290000,290000,290000,0,0
360000,1,1,2,-1,-1,-1,-1,-1,-1,120533,124530,128518,134368,135626,134864,6000,6000,8000,4918,5000,3300,239467,235470,231482,225632,224374,225136,745221,0
200000,4,1,2,-2,-2,-2,-1,-1,-1,3000,5752,5028,13784,14482,11836,5752,5028,13800,2900,3100,305,197000,194248,194972,186216,185518,188164,22997,0
180000,1,2,3,-1,-1,-1,-1,-1,-1,105347,66897,49287,4130,238,0,6241,2324,1019,1,0,1452,74653,113103,130713,175870,179762,180000,214862,0
100000,1,2,2,-1,2,-1,-1,-1,-1,1818,1644,2449,-571,40342,41113,0,1020,0,41113,1000,1400,98182,98356,97551,100571,59658,58887,42262,1
500000,1,3,2,-2,-2,-2,-2,-2,-2,1523,0,0,0,0,0,0,0,0,0,0,0,498477,500000,500000,500000,500000,500000,1523,1
50000,2,1,2,-1,-1,-1,-1,-1,-1,13921,14800,16394,6198,7717,7722,1500,2000,1091,2000,500,500,36079,35200,33606,43802,42283,42278,59161,0
290000,1,2,2,-1,-1,-1,-1,-1,-1,215472,222699,213253,126952,103575,56564,11000,9500,4000,3003,2000,2000,74528,67301,76747,163048,186425,233436,907012,0
270000,1,2,2,-2,-2,-2,-2,-2,-2,0,0,0,0,0,0,0,0,0,0,0,0,270000,270000,270000,270000,270000,270000,0,0
250000,1,2,2,-2,-2,-2,-2,-2,-2,5017,22469,-29,-29,-29,-29,22581,0,0,0,0,5821,244983,227531,250029,250029,250029,250029,-1032,0
80000,3,1,3,2,-1,-1,-1,-1,-1,75222,131966,68466,68547,59339,32500,2379,6036,1763,1187,650,0,4778,-51966,11534,11453,20661,47500,424025,1
360000,1,1,2,-1,-1,-1,-1,-1,-1,1540,1099,6342,5077,1274,-6,1102,6353,5105,1277,0,2058,358460,358901,353658,354923,358726,360006,-569,0
50000,1,2,3,1,2,-1,-1,-1,-1,25667,26441,27213,28521,28458,29053,1500,1500,1771,1500,1053,1093,24333,23559,22787,21479,21542,20947,156936,0
420000,1,2,2,-1,-1,-1,-1,-1,-1,168182,163177,149406,136292,128344,120582,15000,6000,5000,10000,10000,10000,251818,256823,270594,283708,291656,299418,809983,0
180000,1,1,2,-1,-1,-1,-1,-1,-1,257579,274731,281713,242063,122295,-1005,20000,11000,145000,26000,0,101005,-77579,-94731,-101713,-62063,57705,181005,874371,0
180000,1,2,2,-2,-2,-2,-2,-1,-1,0,0,0,0,680,34704,0,0,0,680,34704,700,180000,180000,180000,180000,179320,145296,-700,0
220000,1,1,3,-1,-1,-1,-1,-1,-1,3455,11997,5874,416,416,416,12001,5874,416,416,416,416,216545,208003,214126,219584,219584,219584,3035,0
210000,4,2,3,-2,-2,-2,-2,-2,-2,2563,5854,1032,788,3499,3372,5854,1032,788,3565,3372,15381,207437,204146,208968,209212,206501,206628,-12884,0
180000,2,1,3,-1,-1,-1,-1,-1,-1,179253,95170,97338,99694,65977,67415,3700,3700,4100,2360,2500,2618,747,84830,82662,80306,114023,112585,585869,0
210000,2,1,3,1,2,-1,-1,-1,-1,236136,220847,216703,206635,96240,88040,0,9400,5000,2000,1800,10000,-26136,-10847,-6703,3365,113760,121960,1036401,0
20000,2,1,4,1,2,2,2,-1,-1,18206,18217,19930,780,780,0,1000,3000,0,0,0,0,1794,1783,70,19220,19220,20000,53913,0
50000,2,1,4,2,2,2,2,2,2,19786,19170,21864,21215,23494,22978,0,3008,0,2638,0,845,30214,30830,28136,28785,26506,27022,122016,1
250000,3,1,4,-2,-2,-2,-2,-2,-2,-18,2482,-18,-18,-18,-18,2518,0,0,0,0,0,250018,247518,250018,250018,250018,250018,-126,0
50000,1,2,4,1,-2,-2,-2,-2,-2,0,0,0,0,0,0,0,0,0,0,0,0,50000,50000,50000,50000,50000,50000,0,0
50000,2,1,4,-1,-1,-1,-1,-1,-1,46794,46836,48062,49242,18713,19456,1756,1982,2162,633,1007,627,3206,3164,1938,758,31287,30544,220936,0
50000,3,1,4,-1,-1,-1,-1,-1,-1,44147,45063,36421,18759,19131,19531,1785,1973,1311,683,707,735,5853,4937,13579,31241,30869,30469,175858,1
50000,1,3,4,-1,-1,-1,-1,-1,-1,48600,49387,49259,30864,16016,13913,1986,1638,1130,449,418,416,1400,613,741,19136,33984,36087,202002,0
50000,1,1,3,2,2,2,2,-1,-1,47009,49942,50382,49162,40973,39671,4000,1500,0,1275,1377,1882,2991,58,-382,838,9027,10329,267105,0
370000,2,1,4,-1,-1,-1,-1,-1,-1,360546,369909,370605,366054,310869,311284,15901,13603,13500,11014,12024,16027,9454,91,-605,3946,59131,58716,2007198,0
20000,3,1,4,1,2,2,2,2,-1,9453,10143,10730,12241,11748,12456,1000,900,2000,0,900,3200,10547,9857,9270,7759,8252,7544,58771,1
300000,3,1,5,-1,-1,-1,-1,-1,-1,269781,275773,282818,289012,123239,123812,10001,11001,12001,10001,5001,5001,30219,24227,17182,10988,176761,176188,1311429,0
50000,2,1,4,-1,-1,-1,-1,-1,-1,48120,47824,48954,46716,18685,19076,1818,1948,1835,669,692,707,1880,2176,1046,3284,31315,30924,221706,0
200000,1,1,4,-1,-1,-1,-1,-1,-1,2343,3943,1443,1443,1443,1443,3943,1443,1443,1443,1443,1443,197657,196057,198557,198557,198557,198557,900,0
180000,2,1,4,-1,-1,-1,-1,-1,-1,316,316,316,316,316,316,316,316,316,316,316,466,179684,179684,179684,179684,179684,179684,-150,1
490000,2,1,4,-1,-1,-1,-1,-1,-1,208353,205873,210880,215628,217883,223541,10000,10000,10000,10000,10000,8000,281647,284127,279120,274372,272117,266459,1224158,0
330000,1,2,5,-1,-1,-1,-1,-1,-1,20727,197441,184973,172124,158958,144889,194000,6710,6223,5671,5274,4657,309273,132559,145027,157876,171042,185111,656577,0
160000,2,1,4,1,2,2,2,-1,-1,142779,146635,148953,144119,48552,49770,7700,6100,0,2000,2000,2000,17221,13365,11047,15881,111448,110230,661008,1
80000,2,2,3,-1,-1,-1,-1,-1,-1,74040,74658,72885,47663,48350,47208,3500,2500,2000,2000,2000,2000,5960,5342,7115,32337,31650,32792,350804,0
30000,3,2,4,1,2,-1,-1,-1,-1,18034,16604,16635,15413,14296,9090,6,1335,2000,0,0,939,11966,13396,13365,14587,15704,20910,85792,0
150000,2,2,4,-2,-2,-2,-1,-1,-1,4966,-1390,-4661,129847,131969,134515,1406,133122,136320,5001,5000,5001,145034,151390,154661,20153,18031,15485,109396,0
50000,1,2,4,-1,-1,-1,-1,-1,-1,22551,18975,18830,19425,19414,19427,1296,1318,1303,682,703,696,27449,31025,31170,30575,30586,30573,112624,0
50000,2,1,4,-1,-1,2,-1,-1,-1,43286,47744,46706,48066,49026,49755,5500,0,2500,2000,2000,2058,6714,2256,3294,1934,974,245,270525,0
200000,3,1,4,-2,-2,-2,-2,-1,-1,17306,17380,20341,16223,17466,16613,17380,20341,16223,17466,16613,17935,182694,182620,179659,183777,182534,183387,-629,0
240000,2,1,4,-1,-1,-1,2,-1,-1,14332,16135,249258,243589,204754,201426,2000,234000,30,7046,7023,10005,225668,223865,-9258,-3589,35246,38574,669390,0
50000,2,2,4,-1,-1,-1,-1,-1,-1,41700,42858,44131,14242,14525,14830,1853,2126,1237,520,539,542,8300,7142,5869,35758,35475,35170,165469,0
150000,1,2,4,-1,-1,-1,-1,-2,-2,103720,103662,105000,0,0,0,5000,3000,0,0,0,0,46280,46338,45000,150000,150000,150000,304382,0
190000,2,1,4,1,2,-1,-1,-1,-1,147335,135184,139664,142293,113086,115433,0,6586,5881,3292,3399,3469,42665,54816,50336,47707,76914,74567,770368,0
450000,2,1,5,-2,-2,-2,-2,-2,-2,-81,15029,-1318,-9157,-20753,-22680,15110,40,258,9,23,27,450081,434971,451318,459157,470753,472680,-54427,0
30000,3,1,4,3,2,2,7,7,7,2395,2395,2395,2395,2395,2395,0,0,0,0,0,0,27605,27605,27605,27605,27605,27605,14370,1
410000,2,1,5,-1,-1,-1,-1,-1,-1,429392,425895,411492,371539,308888,240970,15120,16284,16524,10320,8525,6739,-19392,-15895,-1492,38461,101112,169030,2114664,1
50000,3,1,4,-1,-1,-1,2,2,-2,50805,50690,51393,49949,21942,19826,1750,5600,34,10600,712,729,-805,-690,-1393,51,28058,30174,225180,1
240000,2,2,4,-1,-1,-1,-1,-1,-1,1115,1211,2206,62507,63226,63517,1211,2455,64395,1917,4160,1710,238885,238789,237794,177493,176774,176483,117934,0
20000,3,4,1,-1,-1,-1,-1,-1,-1,19026,19495,19417,19159,15574,0,2302,2004,1200,1000,0,0,974,505,583,841,4426,20000,86165,0
290000,1,4,3,-2,-2,-2,-2,-2,-2,768,42863,2632,11767,4684,3685,42863,2632,11780,4684,3685,4352,289232,247137,287368,278233,285316,286315,-3597,0
330000,1,4,1,-1,-1,-1,-1,-1,-1,32316,33705,28743,28217,25432,19938,2000,2000,2000,800,687,812,297684,296295,301257,301783,304568,310062,160052,0
170000,2,4,1,-1,-1,-1,-1,-1,-1,139172,140837,139639,146931,98827,100833,4970,5300,10000,3500,3500,4000,30828,29163,30361,23069,71173,69167,734969,0
70000,1,4,1,2,2,-1,-1,-1,-1,72593,70828,74271,70467,50700,49329,0,7463,2200,2840,1781,1812,-2593,-828,-4271,-467,19300,20671,372092,1
120000,1,4,1,-2,-2,-1,-1,-1,-1,14709,8158,3529,11050,15811,14774,9326,3538,11050,5313,516,6202,105291,111842,116471,108950,104189,105226,32086,0
250000,1,1,4,-2,-2,-2,-2,-2,-2,0,0,0,0,0,0,0,0,0,0,0,0,250000,250000,250000,250000,250000,250000,0,1
290000,3,4,1,-1,-1,-1,-1,-1,-1,279804,279377,283202,283401,285291,287510,10000,11000,10000,10000,11000,11000,10196,10623,6798,6599,4709,2490,1635585,0
20000,2,4,1,-1,-1,-1,-1,-1,-1,25451,24025,21148,17767,2692,-956,3000,1500,1035,54,24056,21000,-5451,-4025,-1148,2233,17308,20956,39482,0
80000,1,4,1,2,2,2,-1,-1,2,74860,80461,78259,66068,50748,51490,6865,37,2122,3600,1600,18,5140,-461,1741,13932,29252,28510,387644,1
30000,2,4,1,1,2,-1,-1,-1,-1,27332,26600,27832,26897,27278,27851,0,2006,2000,1100,1137,1300,2668,3400,2168,3103,2722,2149,156247,0
50000,2,4,1,2,-1,-1,-2,-1,-1,8730,4388,0,0,5412,6414,1000,0,0,5412,2000,0,41270,45612,50000,50000,44588,43586,16532,1
30000,2,4,1,2,-1,-1,2,-1,-1,23243,24394,25693,25760,165,0,1704,2168,1000,165,0,0,6757,5606,4307,4240,29835,30000,94218,1
200000,2,4,1,-1,-1,-1,-1,-1,2,205736,199379,132963,145115,153040,155636,7758,5001,15000,10800,5600,0,-5736,621,67037,54885,46960,44364,947710,1
70000,2,4,1,-1,-1,-1,-1,-1,-1,32244,33549,34308,35638,36046,36958,1841,1600,1900,1300,1489,1800,37756,36451,35692,34362,33954,33042,198813,0
50000,2,2,1,-1,-1,-1,-1,-1,-1,50905,49796,50783,49776,50937,49956,2200,2100,2000,2000,2000,2300,-905,204,-783,224,-937,44,289553,0
30000,2,4,1,-1,-1,-1,-1,-1,-1,14617,17363,20430,25130,7746,10583,3000,3376,5076,8009,6017,3023,15383,12637,9570,4870,22254,19417,67368,0
70000,2,4,1,2,2,2,2,-1,-1,64838,69136,69422,65107,28736,29221,6000,2000,55,1170,1100,1170,5162,864,578,4893,41264,40779,314965,0
80000,2,4,1,2,-1,-1,-1,-1,-1,73954,77526,99205,74016,48043,48545,5400,3451,3577,2000,1800,1800,6046,2474,-19205,5984,31957,31455,403261,1
50000,2,4,1,-1,-1,-1,-1,-1,-1,33703,30857,28481,27634,26691,26329,1800,1800,1400,915,1500,1500,16297,19143,21519,22366,23309,23671,164780,0
300000,2,4,1,-1,-1,-1,-1,-1,-1,29300,18988,6893,49379,49161,50646,1214,2000,49379,1500,2000,15000,270700,281012,293107,250621,250839,249354,133274,0
30000,2,4,1,-1,-1,-1,-1,-1,-1,2006,3116,28844,25317,25885,25165,1157,25885,1500,2170,1000,1000,27994,26884,1156,4683,4115,4835,77621,0
50000,2,4,2,-1,-1,-1,-1,-1,-1,49129,49102,49049,41876,29158,29493,1833,1804,1494,1031,1062,1092,871,898,951,8124,20842,20507,239491,0
50000,3,2,2,-1,-1,-1,-1,-1,-1,50734,43406,44333,44577,44501,11614,1700,2016,1600,2100,1000,47000,-734,6594,5667,5423,5499,38386,183749,0
80000,2,4,1,-1,-1,-1,-1,-1,-1,3436,3473,10007,3584,2961,3831,3473,10020,2986,22,3835,5683,76564,76527,69993,76416,77039,76169,1273,0
50000,2,4,1,-1,-1,-1,-1,-1,-1,40760,39660,23203,18983,13466,18878,1500,1500,1100,1466,5556,598,9240,10340,26797,31017,36534,31122,143230,0
50000,2,2,1,-1,-1,-1,-1,-1,-1,50859,49808,49993,50025,29562,29786,1965,2150,2118,1045,1077,1070,-859,192,7,-25,20438,20214,250608,0
40000,2,4,1,2,2,2,-1,-1,-1,8160,9197,9895,11420,12723,14360,1327,1000,2000,1500,2000,0,31840,30803,30105,28580,27277,25640,57928,1
160000,2,4,1,-1,-1,-1,-1,-1,-1,17920,17195,17164,7175,1942,100025,2000,3181,3012,1942,100025,3000,142080,142805,142836,152825,158058,59975,48261,0
60000,1,4,1,-1,-1,-1,-1,-1,-1,21972,24612,16711,8549,7635,12258,3126,1392,5033,3601,5200,3647,38028,35388,43289,51451,52365,47742,69738,0
30000,2,4,1,-1,-1,-1,2,-1,-1,27186,27585,30398,29305,29408,28699,1451,3564,0,1174,1207,4302,2814,2415,-398,695,592,1301,160883,1
30000,1,4,1,-1,-1,2,-1,-1,2,12936,15904,15364,16798,19203,18757,3200,0,2000,3000,0,2000,17064,14096,14636,13202,10797,11243,88762,0
30000,2,4,1,-1,-1,-1,-1,-1,-1,34084,33476,32006,31672,31247,30673,1521,1573,1500,1300,1300,1329,-4084,-3476,-2006,-1672,-1247,-673,184635,0
90000,1,4,1,-1,-1,-1,-1,-1,-1,5802,4657,10967,14644,12467,4155,4657,10967,10000,249,0,0,84198,85343,79033,75356,77533,85845,26819,0
100000,2,4,1,-1,-1,-1,-1,-1,-1,85343,83855,78703,76544,75360,76507,2916,3000,3000,3000,3000,2700,14657,16145,21297,23456,24640,23493,458696,0
50000,1,4,1,-1,-1,-1,-1,-1,2,8400,9412,10433,11443,12268,11928,1160,1181,1191,1016,0,1499,41600,40588,39567,38557,37732,38072,57837,0
90000,2,4,1,-1,-1,-1,-1,-1,-1,28276,29305,30336,28800,9852,2160,1505,1536,1000,9852,2160,400,61724,60695,59664,61200,80148,87840,112276,0
90000,2,4,1,2,2,-1,-1,-1,2,65521,63869,65212,66627,70652,69397,0,2368,2500,5140,0,2600,24479,26131,24788,23373,19348,20603,388670,1
50000,2,4,1,2,-1,-1,-1,-1,-1,48668,48554,45445,38551,28056,28310,4034,2000,5008,1000,2000,1000,1332,1446,4555,11449,21944,21690,222542,1
80000,2,2,1,-1,-1,-1,-1,-1,-1,76117,76660,46137,48218,48286,48207,2300,2200,3207,2000,2000,2000,3883,3340,33863,31782,31714,31793,329918,0
60000,2,4,1,-1,-1,-1,-1,-1,-1,6234,7402,8270,9287,10076,10612,1276,1144,1161,950,700,1000,53766,52598,51730,50713,49924,49388,45650,0
80000,2,4,1,-1,-1,-1,-1,-1,-1,4418,7327,10190,13768,17748,10577,3000,3000,4000,5000,1000,1310,75582,72673,69810,66232,62252,69423,46718,0
20000,2,4,1,2,2,2,2,2,2,14549,17144,16580,18366,18766,18324,2845,0,2067,1000,0,1664,5451,2856,3420,1634,1234,1676,96153,0
30000,1,4,1,2,2,2,2,2,2,7593,9634,4476,8830,8153,6422,2379,7,7002,13,155,1,22407,20366,25524,21170,21847,23578,35551,0
80000,2,4,1,-1,-1,-1,-1,-1,-1,60423,55120,20407,18839,3810,23836,2007,2000,1014,0,23836,3000,19577,24880,59593,61161,76190,56164,150578,0
160000,2,4,1,-1,2,-1,2,-1,-1,2227,316,632,316,316,632,0,632,0,316,632,0,157773,159684,159368,159684,159684,159368,2859,0
460000,1,2,2,-1,-1,-1,-1,-1,-1,11689,12911,15418,22465,25546,36452,2000,3000,8000,4000,16000,6000,448311,447089,444582,437535,434454,423548,85481,0
90000,2,4,1,1,2,-1,-1,-1,-1,88550,78892,75808,63362,65300,67248,3000,3500,3000,3000,3000,5000,1450,11108,14192,26638,24700,22752,418660,1
30000,2,4,1,3,2,2,7,7,7,300,300,300,300,300,300,0,0,0,0,0,0,29700,29700,29700,29700,29700,29700,1800,0
220000,2,4,1,-1,-1,-1,-1,-1,-1,224166,219085,213888,215125,216543,217390,8200,7729,9207,7917,7911,8203,-4166,915,6112,4875,3457,2610,1257030,0
70000,3,4,1,-1,-1,-1,-1,-1,-1,53443,49938,39926,18648,5022,5935,3000,2500,2500,1000,1000,500,16557,20062,30074,51352,64978,64065,162412,0
110000,2,4,1,2,2,2,2,2,2,107378,109604,111661,112299,113035,109678,5500,5300,4000,4000,0,4540,2622,396,-1661,-2299,-3035,322,640315,1
50000,2,2,1,-1,-1,-1,-1,-1,-1,16092,12352,-1618,-809,46976,47618,2352,809,928,48659,1400,2000,33908,37648,51618,50809,3024,2382,64463,0
120000,1,4,1,-2,-2,-2,-2,-2,-2,316,316,316,316,316,316,316,316,316,316,316,1844,119684,119684,119684,119684,119684,119684,-1528,0
150000,2,4,1,-1,-1,-1,-1,-1,-1,127487,120586,118785,117406,106323,102179,6000,4500,5400,3900,4500,4000,22513,29414,31215,32594,43677,47821,664466,0
140000,2,4,1,-1,-1,-1,-1,-1,-1,182424,115115,120176,101065,64570,51521,10207,9120,3000,2117,2000,2000,-42424,24885,19824,38935,75430,88479,606427,0
120000,1,4,1,-1,-1,-1,-1,-1,-1,102157,103182,91442,88476,72666,74561,5367,20000,3500,2512,7500,4000,17843,16818,28558,31524,47334,45439,489605,0
40000,2,4,1,-1,-1,-1,-1,-1,-1,36835,37528,35964,34258,516,38432,2000,2000,5000,516,39235,2000,3165,2472,4036,5742,39484,1568,132782,0
90000,2,4,2,2,-1,-1,-1,-1,2,75620,75382,73980,75036,77094,75708,3300,3350,3300,5500,1600,3950,14380,14618,16020,14964,12906,14292,431820,1
50000,2,4,1,3,2,2,2,-1,-1,22613,21957,24482,24693,25283,27367,0,3200,910,1000,2500,0,27387,28043,25518,25307,24717,22633,138785,1
130000,2,4,1,-2,-2,-1,2,-1,2,90833,2774,740,740,73758,72800,2788,740,0,73758,0,2342,39167,127226,129260,129260,56242,57200,162017,0
180000,1,4,1,-2,-2,-2,-2,-2,-2,100,100,100,100,100,100,100,100,100,100,100,100,179900,179900,179900,179900,179900,179900,0,0
220000,1,4,1,-1,-1,-1,-1,-1,-1,4750,4909,3791,7982,5850,11304,2012,3791,8493,5850,11304,2067,215250,215091,216209,212018,214150,208696,5069,0
160000,2,2,1,-1,-1,-1,2,-1,-1,6252,5073,6854,3759,3164,3000,4000,2230,0,16,16,81,153748,154927,153146,156241,156836,157000,21759,0
70000,3,4,1,-1,-1,-1,2,-1,-1,20064,24336,25510,24726,25377,24818,24336,3010,0,875,600,1000,49936,45664,44490,45274,44623,45182,115010,0
60000,1,4,1,-1,-1,2,2,-1,-1,4262,7169,8396,8113,8971,10824,3000,1500,0,1000,2000,1000,55738,52831,51604,51887,51029,49176,39235,1
140000,2,4,1,-1,-1,-1,-1,2,2,120072,78166,72631,65517,59275,58208,2824,2508,4973,2300,0,3000,19928,61834,67369,74483,80725,81792,438264,0
70000,2,2,1,-1,-1,2,2,2,2,68425,71783,72616,68201,50995,48822,6800,3100,15,3850,0,1800,1575,-1783,-2616,1799,19005,21178,365277,0
320000,2,4,1,-1,-1,-1,-1,-1,-1,4114,390,944,473,1747,1193,390,944,473,5000,1200,980,315886,319610,319056,319527,318253,318807,-126,0
60000,1,4,1,-1,-1,-1,2,-1,-1,20217,8376,7139,4254,4855,5355,1116,2420,0,800,1000,0,39783,51624,52861,55746,55145,54645,44860,0
360000,1,4,1,1,-2,-2,-2,-2,-2,0,0,0,0,0,0,0,0,0,0,0,0,360000,360000,360000,360000,360000,360000,0,1
500000,1,4,1,-1,-1,-1,-1,-2,-1,3715,2862,827,-4571,-4954,1566,2013,1044,163,5,8007,1282,496285,497138,499173,504571,504954,498434,-13069,0
200000,1,4,1,1,-2,-2,-1,-1,-1,0,0,0,1545,1156,6099,0,0,1545,1156,5000,3000,200000,200000,200000,198455,198844,193901,-1901,0
160000,2,4,1,-1,-1,-1,-1,-1,-1,1049,2058,2164,3975,3720,5668,2060,2164,2000,1500,2000,1737,158951,157942,157836,156025,156280,154332,7173,0
80000,2,4,3,-1,-1,-1,-2,-2,-2,7491,2900,0,0,0,0,2900,0,0,0,0,0,72509,77100,80000,80000,80000,80000,7491,0
20000,2,4,2,-1,-1,-1,-1,-1,-1,19064,20356,18186,16524,19026,16309,2000,2000,2000,5000,1000,6000,936,-356,1814,3476,974,3691,91465,0
110000,3,4,3,1,2,-1,-1,-1,-1,105152,97804,100364,91061,65582,67002,0,5200,5000,2500,2600,2702,4848,12196,9636,18939,44418,42998,508963,0
30000,2,2,2,-1,-1,-2,-1,-1,-1,2805,0,0,48514,49300,691,0,0,48514,986,691,4645,27195,30000,30000,-18514,-19300,29309,46474,0
140000,2,2,2,1,-2,-1,-1,-2,-2,-53,-53,1117,0,0,0,0,1170,0,0,0,278,140053,140053,138883,140000,140000,140000,-437,0
150000,2,2,2,-1,-1,-1,-1,-1,-1,17594,14850,15919,10177,7954,8049,1609,2000,1000,0,8049,1000,132406,135150,134081,139823,142046,141951,60885,0
140000,2,4,2,-1,-1,-1,-1,-1,-1,54279,55991,59465,62855,63670,67464,2615,5000,5000,2455,5000,5000,85721,84009,80535,77145,76330,72536,338654,0
460000,2,4,2,-1,-1,-1,-1,-1,-1,442291,449790,450047,453770,396600,392879,16000,17610,17500,13810,14100,14520,17709,10210,9953,6230,63400,67121,2491837,1
60000,2,4,1,-1,-1,-1,-1,-1,-1,58204,56930,56616,56749,57504,58296,2030,2083,1983,2200,2500,2200,1796,3070,3384,3251,2496,1704,331303,0
90000,3,2,3,1,2,2,3,2,2,78976,84566,89609,87282,88261,90029,7500,7300,0,3300,3300,0,11024,5434,391,2718,1739,-29,497323,1
130000,4,2,3,2,2,2,2,-1,-1,112570,109131,118539,115029,115793,118335,0,11323,0,4294,4700,4260,17430,20869,11461,14971,14207,11665,664820,1
300000,2,4,1,-1,-1,-1,-1,-1,-1,25193,34242,35228,12512,12570,13022,10000,1377,1149,2000,615,9000,274807,265758,264772,287488,287430,286978,108626,0
130000,2,2,1,1,2,2,2,2,2,85342,88063,89895,87577,93136,91551,5000,4100,0,7000,0,7200,44658,41937,40105,42423,36864,38449,512264,0
160000,2,2,1,-1,-1,-1,-1,-1,-1,3617,2091,5816,5414,615,25072,2122,5822,5524,615,25139,2100,156383,157909,154184,154586,159385,134928,1303,0
20000,2,4,2,-1,-1,-1,-1,-1,2,12530,13518,14596,15550,16790,17175,1500,1600,1500,1500,800,0,7470,6482,5404,4450,3210,2825,83259,0
20000,3,2,3,2,2,2,-1,-1,-1,16478,19187,18592,19431,19993,-1000,2994,0,1238,800,0,1000,3522,813,1408,569,7,21000,86649,1
210000,1,4,2,-1,-1,-1,-1,-1,-1,5081,4053,3853,3942,2338,1767,4055,3856,3945,2338,1767,0,204919,205947,206147,206058,207662,208233,5073,0
100000,2,2,2,-1,-1,-1,2,2,2,89745,91659,96808,84528,67873,65503,3421,7728,0,5000,2600,0,10255,8341,3192,15472,32127,34497,477367,0
120000,1,2,3,-1,-1,-1,-1,-1,2,24484,26751,28999,30064,33732,5992,3000,3000,2000,5000,0,10000,95516,93249,91001,89936,86268,114008,127022,1
60000,3,2,3,-1,-1,-1,-1,-1,-1,56261,55773,55953,55562,55063,54819,1993,2627,2700,2500,2300,3000,3739,4227,4047,4438,4937,5181,318311,0
30000,2,4,1,2,2,2,2,-1,-1,30028,26208,28804,22335,17448,17448,0,3400,0,0,0,0,-28,3792,1196,7665,12552,12552,138871,1
290000,1,2,2,-1,-1,-1,-1,-1,-1,53476,52089,49979,36439,33231,32131,2009,2569,1532,987,1002,1035,236524,237911,240021,253561,256769,257869,248211,0
260000,2,4,2,-1,-1,-1,-1,-1,-1,40066,38115,38730,37947,40122,34751,2000,3030,5039,7000,3000,10000,219934,221885,221270,222053,219878,225249,199662,0
130000,3,2,2,-1,-1,2,-1,-1,-1,124777,133265,129713,129883,122349,101415,12000,0,5100,4820,3844,4500,5223,-3265,287,117,7651,28585,711138,0
180000,2,2,3,1,-2,-2,-2,-2,-2,0,0,0,0,0,0,0,0,0,0,0,0,180000,180000,180000,180000,180000,180000,0,0
80000,2,2,2,-1,-1,-1,-1,-1,-1,79407,66491,59040,49555,38185,32582,2491,2540,1566,1485,1258,3600,593,13509,20960,30445,41815,47418,312320,0
70000,2,2,2,-1,-1,-1,-1,-1,-1,59195,37953,34689,35700,36252,37008,2195,1881,1892,1444,1490,1344,10805,32047,35311,34300,33748,32992,230551,0
290000,2,4,2,-1,-1,-1,-1,-1,-1,58481,41773,40597,38441,37454,35484,2000,2000,2000,2000,2000,2000,231519,248227,249403,251559,252546,254516,240230,0
80000,2,2,2,-1,-1,-1,2,2,2,28652,29869,33071,33531,34184,33503,2000,4000,1300,1500,0,1300,51348,50131,46929,46469,45816,46497,182710,0
300000,2,2,1,-2,-2,-2,-2,-2,-2,2200,1378,1109,0,474,337,1378,1422,0,474,337,1394,297800,298622,298891,300000,299526,299663,493,0
200000,1,2,1,-1,-1,-1,-1,-1,-1,148880,151913,155170,159089,160950,164691,7000,7200,8000,6000,6500,7000,51120,48087,44830,40911,39050,35309,898993,0
30000,1,4,1,-1,-1,-1,-1,2,-1,15982,12226,13565,15526,14979,15735,2226,1539,2500,0,1000,1000,14018,17774,16435,14474,15021,14265,79748,0
240000,1,4,2,-1,-1,-1,-1,-1,-1,86508,86596,87475,89253,91128,127950,3583,2768,2817,2928,37950,4303,153492,153404,152525,150747,148872,112050,514561,0
500000,1,2,2,-1,-1,-1,-1,-1,-1,416,258,1563,21557,14802,19552,258,1563,21557,1000,8000,23762,499584,499742,498437,478443,485198,480448,2008,0
30000,2,2,3,2,-1,-1,-1,-1,-1,31548,30226,31237,13511,13781,14070,1665,1676,1223,493,511,514,-1548,-226,-1237,16489,16219,15930,128291,0
180000,1,4,1,2,2,2,2,-1,-1,2096,3775,5570,4722,8643,7783,1721,2005,31,5000,1000,5000,177904,176225,174430,175278,171357,172217,17832,0
180000,2,2,2,-2,-2,-2,-2,-2,-2,384,0,0,0,503,2156,0,0,0,503,2343,1988,179616,180000,180000,180000,179497,177844,-1791,1
180000,1,4,2,-1,-1,-1,-1,-1,-1,34607,43623,46667,31931,33928,35235,10000,5000,15000,5000,2000,5000,145393,136377,133333,148069,146072,144765,183991,0
260000,2,4,1,-1,-1,-1,-1,-1,-1,217735,222109,220219,206666,185282,167161,9553,7893,9241,7106,6506,6240,42265,37891,39781,53334,74718,92839,1172633,0
80000,2,4,2,-1,-1,-2,-1,-1,-1,1305,-789,-789,1042,1042,0,0,0,2000,0,0,193,78695,80789,80789,78958,78958,80000,-382,0
400000,2,4,2,-2,-2,-2,-2,-1,-1,0,0,0,0,45374,46306,0,0,0,45374,1113,1129,400000,400000,400000,400000,354626,353694,44064,0
360000,3,4,1,-2,-2,-2,-2,-2,-1,0,750,-2,468,-8,2496,750,2,470,0,2504,1153,360000,359250,360002,359532,360008,357504,-1175,0
130000,1,4,1,1,-2,-2,-2,-2,-2,0,0,0,0,0,0,0,0,0,0,0,1313,130000,130000,130000,130000,130000,130000,-1313,0
50000,2,4,2,-1,-1,-1,-1,-1,-1,48848,49988,45434,34688,24124,21072,2000,2000,1900,1032,3000,907,1152,12,4566,15312,25876,28928,213315,0
290000,2,4,1,-1,-1,-1,-1,-1,-1,19315,30310,29312,31404,31004,29124,15000,2000,3000,0,0,4280,270685,259690,260688,258596,258996,260876,146189,0
360000,1,2,2,-1,-1,-1,-1,-1,-1,1873,13532,5757,28974,8093,3250,13537,5762,29000,8093,1500,3513,358127,346468,354243,331026,351907,356750,74,0
240000,2,4,1,-1,-1,-1,-1,-1,-1,238225,243044,239228,243318,195320,196664,9000,10500,10000,7000,7300,7439,1775,-3044,772,-3318,44680,43336,1304560,0
80000,3,2,3,-1,-1,-1,-1,-1,-1,76095,78197,64065,54764,55868,57288,3500,2600,2000,2000,2303,2300,3905,1803,15935,25236,24132,22712,371574,0
230000,2,4,2,1,-2,-2,-1,-1,-1,-46,-46,-46,4826,4829,1788,0,0,4872,4829,1788,1266,230046,230046,230046,225174,225171,228212,-1450,1
230000,1,2,2,-1,-1,-1,-1,-1,-1,219712,208532,229229,143168,145270,141874,30500,25000,10000,5000,5000,18000,10288,21468,771,86832,84730,88126,994285,0
330000,2,2,2,-1,-1,-1,-1,-1,-1,2202,2900,2335,7278,6646,5324,2911,2579,7278,6,26,2089,327798,327100,327665,322722,323354,324676,11796,0
30000,2,2,2,1,2,2,-1,-1,-1,22419,24932,23502,24603,24996,26426,3207,0,1800,1100,2000,1977,7581,5068,6498,5397,5004,3574,136794,0
120000,2,2,2,-1,-1,-1,-1,-1,-1,42687,46640,50865,54401,57873,61917,5000,5000,5000,5000,5000,3000,77313,73360,69135,65599,62127,58083,286383,0
60000,4,2,2,-2,-2,-2,-2,-2,-2,3591,-5,-5,0,1360,1180,0,0,5,1360,1180,3302,56409,60005,60005,60000,58640,58820,274,0
230000,2,2,3,-2,-2,-2,-2,-2,-2,430,430,430,430,430,430,430,430,430,430,430,430,229570,229570,229570,229570,229570,229570,0,1
330000,2,2,3,1,-1,-1,-2,-2,-2,-58,22301,0,0,0,0,22359,5895,0,0,0,0,330058,307699,330000,330000,330000,330000,-6011,0
380000,2,2,3,-1,-1,-2,-1,-1,-1,1040,0,0,12500,37811,1500,0,0,12500,25311,1500,5680,378960,380000,380000,367500,342189,378500,7860,0
150000,1,4,1,-1,-1,-1,-1,-1,-1,8404,4493,11848,7435,3685,3545,4493,11848,7435,0,3545,5718,141596,145507,138152,142565,146315,146455,6371,0
170000,3,4,1,-1,-1,-1,-1,-1,-1,116048,117485,119050,120225,122345,124302,4200,4300,4400,4518,4500,5000,53952,52515,50950,49775,47655,45698,692537,1
200000,2,2,2,-1,2,-1,-1,-1,-1,1626,730,3049,700,2423,2210,233,3049,700,2423,2210,1233,198374,199270,196951,199300,197577,197790,890,0
200000,2,2,2,-1,-1,-1,-1,-1,-1,24605,25653,26750,24014,10885,7371,1462,1559,2000,390,328,180,175395,174347,173250,175986,189115,192629,113359,0
260000,2,2,2,-1,-1,-1,-1,-1,-1,104717,102159,102369,80488,82150,84818,5300,3500,3000,3000,4000,4000,155283,157841,157631,179512,177850,175182,533901,0
430000,2,2,3,-1,-1,-1,-1,-1,-1,1343,909,5271,757,157,157,909,5319,757,157,157,5989,428657,429091,424729,429243,429843,429843,-4694,0
20000,2,2,3,1,2,2,2,-1,-1,10935,11456,13169,13656,14430,14200,1000,1900,1000,1000,0,8119,9065,8544,6831,6344,5570,5800,64827,1
200000,2,2,2,-1,-1,-1,-1,-1,-1,75014,77044,80096,82269,85093,86870,3190,4195,4300,5000,3196,3231,124986,122956,119904,117731,114907,113130,463274,0
290000,1,4,2,-2,-2,-2,-2,-2,-2,5307,4739,11495,11214,4084,6348,4739,11527,15537,4873,26348,2306,284693,285261,278505,278786,285916,283652,-22143,0
240000,1,4,1,-1,-1,-1,-1,-1,-1,188956,189678,189471,191623,195624,199259,7200,7500,6300,6000,6100,6000,51044,50322,50529,48377,44376,40741,1115511,0
290000,1,2,2,-1,-1,-1,-1,-1,-1,3412,1573,11859,2483,1170,20328,1573,11886,2485,1170,20328,375,286588,288427,278141,287517,288830,269672,3008,0
490000,1,4,3,-1,-1,-1,-1,-1,-1,250970,255009,248203,101770,63192,64720,10000,11547,4600,2000,2000,2000,239030,234991,241797,388230,426808,425280,951717,0
230000,1,2,2,-2,-2,-2,-2,-2,-2,970,1475,1636,1149,334,459,1483,1640,1152,335,460,553,229030,228525,228364,228851,229666,229541,400,0
290000,2,4,1,-1,-1,-1,-1,-1,-1,81022,59327,102180,58554,59358,45266,2121,48345,1689,1516,1240,1211,208978,230673,187820,231446,230642,244734,349585,0
20000,3,4,1,-1,2,2,2,-1,-1,5741,5155,5754,5150,858,0,0,2294,0,1056,0,935,14259,14845,14246,14850,19142,20000,18373,0
300000,1,4,1,-1,-1,-1,-1,-1,-2,9582,6803,7198,6975,9356,3697,1818,7217,7023,9383,3714,6546,290418,293197,292802,293025,290644,296303,7910,0
130000,2,2,3,-1,-1,-1,2,-1,-1,390,390,1170,780,390,390,390,1170,0,0,390,390,129610,129610,128830,129220,129610,129610,1170,1
150000,2,2,2,-1,-1,-1,-1,-1,-1,119398,97435,98481,98101,97178,97249,3459,4913,3929,2390,3052,6300,30602,52565,51519,51899,52822,52751,583799,0
50000,2,2,2,-1,-1,-1,-1,-1,-1,35874,32130,34602,35172,27568,28467,1600,3000,1477,2000,1500,2500,14126,17870,15398,14828,22432,21533,181736,0
200000,2,2,3,-2,-2,-2,-2,-2,-2,1182,0,198,3532,0,0,0,198,3532,0,0,0,198818,200000,199802,196468,200000,200000,1182,0
180000,2,2,3,-1,-1,-1,-1,-1,-1,107,825,7609,825,1650,825,825,7609,825,1650,0,8214,179893,179175,172391,179175,178350,179175,-7282,0
300000,1,2,3,-1,-1,-2,-1,-1,-1,21670,-5,-5,1578,1307,0,0,0,1583,1307,0,179,278330,300005,300005,298422,298693,300000,21476,0
30000,2,6,3,1,2,2,2,2,2,8055,9263,8973,10337,10022,10924,1500,0,1675,0,1065,0,21945,20737,21027,19663,19978,19076,53334,1
420000,3,2,3,1,-1,-1,-1,-1,-1,0,5526,7248,7303,0,932,5526,2000,2002,0,932,1861,420000,414474,412752,412697,420000,419068,8688,0
320000,2,4,3,-1,-1,-1,-1,-1,-1,2920,2610,9433,2490,2655,1070,2610,9439,2493,2655,0,5682,317080,317390,310567,317510,317345,318930,-1701,0
380000,1,4,2,-1,-1,2,-1,-1,-1,66979,70289,69790,71506,74078,77088,5700,2500,3500,5000,5000,3400,313021,309711,310210,308494,305922,302912,404630,0
270000,3,2,3,-1,-1,-1,-1,-1,-1,46107,42151,40546,36822,31700,29133,1700,1700,1500,1100,1200,1200,223893,227849,229454,233178,238300,240867,218059,0
150000,2,2,3,-1,-1,-1,-1,-1,-1,213638,190709,168741,170544,146787,149759,7877,8069,6708,40502,5706,4860,-63638,-40709,-18741,-20544,3213,241,966456,0
180000,2,2,3,-1,-1,-1,-1,-1,-1,171768,164274,165923,169038,172388,165165,7400,6100,6200,6543,6251,14614,8232,15726,14077,10962,7612,14835,961448,0
180000,2,4,1,-2,-2,-2,-2,-2,-2,2639,0,0,0,0,0,0,0,0,0,0,661,177361,180000,180000,180000,180000,180000,1978,1
140000,3,2,3,-1,-1,-1,-1,-1,-1,114133,122191,128069,103319,105702,108619,10000,8000,5000,4000,4520,6000,25867,17809,11931,36681,34298,31381,644513,1
90000,3,2,2,-1,-1,-1,-1,-1,-1,85718,88476,90120,91124,65778,65866,4200,5000,4776,2400,3000,3000,4282,1524,-120,-1124,24222,24134,464706,0
100000,2,2,2,-1,-1,-1,-1,-2,-2,83013,89589,92887,0,0,0,8000,5000,0,0,0,0,16987,10411,7113,100000,100000,100000,252489,0
60000,2,2,2,-1,2,2,2,2,-1,2084,145,145,145,145,1195,0,0,0,0,1200,0,57916,59855,59855,59855,59855,58805,2659,1
140000,2,4,3,-1,-1,-1,2,-1,-1,117460,110301,107289,63778,41334,42664,7000,16000,0,3000,2000,2000,22540,29699,32711,76222,98666,97336,452826,0
50000,3,2,3,1,2,2,2,2,-1,15214,14673,17621,17839,17257,17826,0,3200,800,0,1000,3800,34786,35327,32379,32161,32743,32174,91630,0
140000,1,2,2,1,-1,-1,-1,-1,-1,0,797,190,3260,32617,20506,797,190,3269,32617,5000,2774,140000,139203,139810,136740,107383,119494,12723,0
230000,2,4,2,1,2,-1,-1,-1,2,19451,13716,14718,13524,15529,12936,1017,5028,5003,3012,3,3898,210549,216284,215282,216476,214471,217064,71913,0
240000,3,4,2,1,-2,-1,-1,-1,-1,-3,-3,2486,2500,580,490,0,2489,2500,580,490,177,240003,240003,237514,237500,239420,239510,-186,0
180000,1,2,3,-1,-1,-2,-2,-2,-2,184650,0,0,0,0,0,0,0,0,0,0,0,-4650,180000,180000,180000,180000,180000,184650,0
80000,3,2,2,-1,-1,-1,-1,-1,-1,18787,19869,20897,21911,22545,23181,1400,1352,1366,1000,1000,1000,61213,60131,59103,58089,57455,56819,120072,0
150000,1,2,2,-1,-1,-1,-1,-1,-1,61137,62350,63653,64955,66249,67637,2230,2306,2356,2372,2456,2631,88863,87650,86347,85045,83751,82363,371630,0
300000,1,4,2,1,-2,-2,-2,-1,-1,0,0,0,0,150000,0,0,0,0,150000,0,267,300000,300000,300000,300000,150000,300000,-267,0
420000,1,2,3,2,-1,-1,-1,-1,-1,412289,414634,409078,412057,402926,373095,16272,17029,15514,15056,13707,14128,7711,5366,10922,7943,17074,46905,2332373,1
60000,1,4,2,-1,-1,-1,-1,-2,-2,7233,1596,1562,0,0,0,1596,1562,0,0,0,0,52767,58404,58438,60000,60000,60000,7233,0
30000,3,2,3,-1,-1,-1,-1,-1,-1,29757,29059,26386,9370,7290,0,1720,1450,1010,500,0,0,243,941,3614,20630,22710,30000,97182,0
210000,1,4,2,-1,-1,-1,-1,-1,-1,430,1570,17036,73158,46823,1427,1570,17036,73158,936,29,630,209570,208430,192964,136842,163177,208573,47085,0
170000,2,4,2,-2,-2,-2,-2,-2,-2,0,0,0,0,0,330,0,0,0,0,330,1290,170000,170000,170000,170000,170000,169670,-1290,1
270000,2,2,3,-1,-1,-1,-1,-1,-1,24775,18018,15896,32396,50411,60957,10203,15908,20000,29000,22000,1821,245225,251982,254104,237604,219589,209043,103521,0
120000,1,4,2,-1,-1,-2,-2,-2,-2,28724,-72,-72,-72,-72,-72,0,0,0,0,0,0,91276,120072,120072,120072,120072,120072,28364,0
150000,3,4,3,-1,-1,-1,-1,-1,-1,30643,31209,25977,30776,920,0,1237,1354,5153,924,0,0,119357,118791,124023,119224,149080,150000,110857,0
150000,1,4,2,-1,-1,-1,-1,-1,-1,7591,5538,18987,0,1399,150,5538,18987,0,1399,150,203,142409,144462,131013,150000,148601,149850,7388,1
240000,2,2,2,-2,-2,-2,-2,-2,-2,5391,7375,4908,5638,2582,4127,7375,4908,5638,2587,4127,4942,234609,232625,235092,234362,237418,235873,444,0
130000,3,6,3,-1,-1,-1,-1,-1,-1,15923,82292,396,1552,776,776,70000,792,1552,0,776,3676,114077,47708,129604,128448,129224,129224,24919,0
150000,3,2,2,-1,-1,-1,-1,-1,-1,105911,109006,108761,79044,79350,80594,5530,4100,3150,2211,2270,2288,44089,40994,41239,70956,70650,69406,543117,0
20000,1,2,2,-1,-1,-1,-1,-1,-1,19921,18100,19146,20098,20191,18216,1594,1640,1592,685,662,827,79,1900,854,-98,-191,1784,108672,0
390000,1,4,2,-2,-2,-2,-2,-2,-2,2703,1017,0,0,1560,4386,1017,0,0,1560,4386,12000,387297,388983,390000,390000,388440,385614,-9297,0
270000,2,2,2,-1,-1,-1,-1,-1,-1,161039,164354,167788,339599,174797,180313,6000,6079,6213,12840,8500,8205,108961,105646,102212,-69599,95203,89687,1140053,0
180000,1,2,3,-1,2,-1,-1,-1,-1,1560,316,316,316,316,316,0,316,316,316,316,316,178440,179684,179684,179684,179684,179684,1560,1
200000,1,4,2,-1,-1,-1,-1,-1,-1,78866,74961,69702,63210,57098,46455,20000,2513,1656,5000,20000,15000,121134,125039,130298,136790,142902,153545,326123,0
180000,2,4,2,-1,-1,-2,-2,-2,-2,491,0,0,0,0,0,0,0,0,0,0,3738,179509,180000,180000,180000,180000,180000,-3247,0
330000,1,4,2,-1,-1,-1,-1,-1,-1,118467,110930,100498,95072,94164,94043,4000,4600,4000,4190,6680,3500,211533,219070,229502,234928,235836,235957,586204,0
140000,1,4,3,-1,-1,-1,-1,-1,-2,51270,54000,4117,6817,0,0,4500,4117,3000,0,0,0,88730,86000,135883,133183,140000,140000,104587,0
220000,2,2,2,-1,-1,-1,-1,-1,-1,387,1083,1969,389,389,389,1086,2099,390,390,390,391,219613,218917,218031,219611,219611,219611,-140,0
400000,1,2,3,-1,-1,-1,-1,-1,-1,6376,4925,4382,1240,167621,3284,5949,4403,1250,168459,3301,11168,393624,395075,395618,398760,232379,396716,-6702,0
150000,2,2,2,-1,-1,-1,-1,-1,-1,339351,133681,100683,147127,79942,71976,7000,3500,3000,5242,3009,4000,-189351,16319,49317,2873,70058,78024,847009,0
200000,2,2,2,2,2,-2,-2,-2,-2,2500,0,0,0,0,0,0,0,0,0,0,0,197500,200000,200000,200000,200000,200000,2500,1
30000,2,2,3,-1,-1,-1,-1,-1,-1,661,25166,26195,27209,27924,30204,25166,1437,1451,1166,2900,600,29339,4834,3805,2791,2076,-204,104639,0
170000,2,4,2,-1,-1,-1,-1,-1,-1,106667,103955,85601,82963,58547,57080,3458,3426,2711,1779,1940,2000,63333,66045,84399,87037,111453,112920,479499,0
180000,2,2,2,1,2,-1,-1,-1,-1,18435,1563,3842,7146,10480,13886,0,3842,5000,5000,10000,5000,161565,178437,176158,172854,169520,166114,26510,0
300000,2,2,2,-1,-1,-1,-1,-1,-1,5361,2700,3822,1103,1622,-1,1060,1182,1108,1630,0,0,294639,297300,296178,298897,298378,300001,9627,0
100000,2,4,2,-1,-1,-1,2,-1,-1,76112,77494,96445,92742,92644,95497,4500,25445,0,3500,6790,0,23888,22506,3555,7258,7356,4503,490699,0
500000,1,2,2,-1,-1,-1,-1,-1,-1,5410,2760,36861,23200,34255,18554,2700,36861,10000,20055,1000,5622,494590,497240,463139,476800,465745,481446,44802,0
80000,3,2,3,-1,-1,-1,-1,-1,-1,34965,35660,37082,38464,38922,40791,1578,2000,2000,1397,2500,3000,45035,44340,42918,41536,41078,39209,213409,0
60000,2,4,3,-1,-1,-1,-1,-1,-1,61756,60800,55390,50221,22032,20710,2200,2100,8000,800,1000,1000,-1756,-800,4610,9779,37968,39290,255809,0
50000,2,2,2,-1,-1,-1,-1,-1,-1,24380,23325,21940,20718,24048,5017,1366,1400,1200,5000,5017,71,25620,26675,28060,29282,25952,44983,105374,0
500000,3,2,3,-1,-1,-1,-1,-1,-1,485,6342,6390,5477,1060,23726,6342,1228,1000,1060,23726,1084,499515,493658,493610,494523,498940,476274,9040,0
50000,3,6,2,2,2,2,2,2,2,47676,48896,49325,48033,27019,26450,2300,1500,0,3400,0,1200,2324,1104,675,1967,22981,23550,238999,1
160000,3,2,3,-1,-1,-1,2,2,2,6061,1594,2904,2313,2753,2191,2000,3037,0,1000,0,5000,153939,158406,157096,157687,157247,157809,6779,0
180000,2,2,3,1,-2,-2,-2,-2,-2,0,0,0,0,0,0,0,0,0,0,0,0,180000,180000,180000,180000,180000,180000,0,0
520000,1,2,3,1,2,2,-1,-1,2,133890,106928,37238,36293,55826,34989,5022,0,20000,40000,0,5000,386110,413072,482762,483707,464174,485011,335142,0
160000,1,2,2,-1,-1,-1,-1,-1,-1,5459,20415,2141,2144,5816,2144,20415,2141,2144,5816,2144,1456,154541,139585,157859,157856,154184,157856,4003,0
380000,1,2,2,-1,-1,-1,-1,-1,-1,472,14985,10472,39993,25356,39772,14985,10472,39993,25356,39772,54002,379528,365015,369528,340007,354644,340228,-53530,0
440000,2,2,2,-1,-1,-1,2,-1,-1,411970,420142,443407,431200,440000,-6948,15003,30000,0,9000,788,0,28030,19858,-3407,8800,0,446948,2084980,0
280000,1,4,2,2,-1,-1,-1,-1,-1,3192,4962,7860,10708,13516,16279,2000,3000,3000,3000,3000,3000,276808,275038,272140,269292,266484,263721,39517,0
130000,2,2,2,-1,-1,-1,-1,-1,-1,63281,56889,60955,62038,62393,65439,10000,5000,2142,5000,4000,9500,66719,73111,69045,67962,67607,64561,335353,0
250000,2,2,2,1,-2,-2,-1,-1,-1,0,0,0,1000,0,1013,0,0,1000,0,1013,0,250000,250000,250000,249000,250000,248987,0,0
360000,2,2,2,1,-1,-1,-1,-1,-1,0,791,173,1640,287,2418,791,173,1640,287,2426,507,360000,359209,359827,358360,359713,357582,-515,0
470000,2,4,2,-1,-1,-1,-1,-1,-1,9,89,0,157,157,205430,1960,0,157,0,205430,130,469991,469911,470000,469843,469843,264570,-1835,0
330000,2,2,1,-1,-1,-1,-1,-1,-1,132702,135972,137289,141844,143470,146596,6972,4989,6844,5470,5596,5577,197298,194028,192711,188156,186530,183404,802425,0
240000,2,2,3,-1,-1,-1,-1,-1,-1,1986,1323,329,9228,7776,7500,1323,329,9228,7776,7500,635,238014,238677,239671,230772,232224,232500,1351,0
360000,1,2,3,-1,-1,-2,-1,-1,-1,485,-15,-15,12588,1243,-6,0,0,12603,1250,0,420,359515,360015,360015,347412,358757,360006,7,0
80000,3,4,3,2,2,-1,-1,-1,-1,81428,78041,75945,61740,29089,28267,4,3716,2000,1000,1000,2000,-1428,1959,4055,18260,50911,51733,344790,1
280000,1,4,1,-1,-1,-1,-1,-1,-1,15801,9982,9909,10420,10142,10329,1200,1200,1200,1000,350,300,264199,270018,270091,269580,269858,269671,61333,0
60000,1,2,2,1,-1,3,2,-1,-1,0,780,780,390,390,390,780,0,0,390,390,87,60000,59220,59220,59610,59610,59610,1083,0
220000,1,2,3,2,2,-1,-1,-1,2,34510,33661,34913,36334,38729,39062,0,2100,2000,3000,1100,1700,185490,186339,185087,183666,181271,180938,207309,1
140000,2,2,3,-1,-1,-1,-1,2,2,53951,55444,57549,60971,61374,63243,3000,3000,5000,2000,3000,2500,86049,84556,82451,79029,78626,76757,334032,0
230000,1,4,1,-1,-1,-1,-1,-1,-1,23586,6633,2525,146959,150080,153186,5576,2525,146959,4452,4586,5497,206414,223367,227475,83041,79920,76814,313374,0
360000,1,2,2,1,-1,-1,-1,-1,-1,-6,1191,23812,3155,-140,27994,1197,23931,3171,0,28134,8402,360006,358809,336188,356845,360140,332006,-8829,0
390000,1,4,2,-1,-1,-1,-1,-1,-1,152535,153477,148629,141571,126583,154557,5153,10000,10000,5010,50000,5000,237465,236523,241371,248429,263417,235443,792189,0
280000,2,2,2,-1,-1,-1,-1,-1,-1,11561,12662,13752,14815,15168,15523,1300,1300,1300,600,600,600,268439,267338,266248,265185,264832,264477,77781,0
310000,3,4,2,-1,-1,-1,-1,-1,-1,41623,42465,32003,33885,29125,17227,3021,7000,5040,1000,7000,6000,268377,267535,277997,276115,280875,292773,167267,0
500000,2,2,2,-1,-1,-1,-1,-1,-1,264479,275025,285034,290002,295756,302149,15000,14500,10370,11000,11000,13000,235521,224975,214966,209998,204244,197851,1637575,0
230000,2,4,2,-1,-1,-1,-1,-1,-1,72288,69680,66081,64495,60511,57450,2429,2579,2100,2000,2000,2100,157712,160320,163919,165505,169489,172550,377297,0
30000,3,2,3,-2,-2,-2,-2,-2,-2,0,0,0,0,0,0,0,0,0,0,0,0,30000,30000,30000,30000,30000,30000,0,0
120000,4,2,3,-2,-2,-2,-2,-2,-2,0,77,-1460,-1460,-1460,-1460,77,1460,0,0,0,0,120000,119923,121460,121460,121460,121460,-7300,0
200000,2,4,3,-2,-2,-2,-2,-2,-2,10000,10000,10000,10301,10000,10000,10000,10000,10301,10000,10000,10000,190000,190000,190000,189699,190000,190000,0,0
390000,1,4,2,-1,-1,-1,-1,-1,-1,60819,61300,59328,57852,55903,53516,5000,2506,3000,2500,2000,2000,329181,328700,330672,332148,334097,336484,331712,0
200000,1,4,2,-1,-1,-1,-1,-1,-1,59891,60537,61592,59786,58172,59175,3000,2800,3000,2100,2070,1800,140109,139463,138408,140214,141828,140825,344383,0
600000,2,2,2,1,2,-1,-1,-1,-1,485861,462675,464983,416550,416545,420232,33,15287,14069,15013,15003,15000,114139,137325,135017,183450,183455,179768,2592441,0
20000,3,2,3,2,2,3,2,2,-1,21646,24390,23719,23936,23253,25871,3400,0,900,0,3000,2000,-1646,-4390,-3719,-3936,-3253,-5871,133515,1
140000,2,2,3,-1,-1,-1,-1,-1,-1,41241,42548,44552,46503,48418,49277,1996,3000,3000,3000,1790,1965,98759,97452,95448,93497,91582,90723,257788,0
90000,2,2,2,-1,2,-1,-1,-2,-2,336,168,432,0,0,0,0,432,0,0,0,0,89664,89832,89568,90000,90000,90000,504,1
20000,3,2,3,-1,-1,-1,-1,-1,-1,5636,6737,7832,8624,8800,9300,1200,1208,1000,176,500,0,14364,13263,12168,11376,11200,10700,42845,0
30000,4,2,3,-1,-1,-1,-1,-1,-1,26958,26716,26679,22972,20152,11688,4000,5022,1232,820,286,237,3042,3284,3321,7028,9848,18312,123568,0
250000,1,4,2,-1,-1,-1,-1,-1,-1,154878,152677,134445,136219,117625,107642,5200,5200,10000,4014,4057,4000,95122,97323,115555,113781,132375,142358,771015,0
350000,2,4,2,-1,-1,-1,-1,-1,-1,187649,141353,142923,145149,132948,85677,5100,5400,6100,6000,3200,3100,162351,208647,207077,204851,217052,264323,806799,0
150000,2,2,3,-1,-1,-1,-1,-1,-1,4016,5115,3425,1334,2117,1098,5119,1002,1336,2119,1098,757,145984,144885,146575,148666,147883,148902,5674,0
300000,2,4,3,-1,-1,-1,-1,-1,-1,113308,109901,108659,110781,107833,104466,5400,5800,6000,7000,5000,5000,186692,190099,191341,189219,192167,195534,620748,0
50000,3,2,4,-1,-1,-1,-1,-1,-1,46778,47770,49009,50593,20218,20645,1770,2009,2593,1000,752,1017,3222,2230,991,-593,29782,29355,225872,1
390000,3,2,4,-2,-2,-2,-2,-2,-2,1186,15523,0,609,0,0,15657,0,609,0,0,0,388814,374477,390000,389391,390000,390000,1052,0
120000,3,4,4,-1,2,-1,-1,-1,-1,1743,316,316,632,316,316,0,316,632,0,316,816,118257,119684,119684,119368,119684,119684,1559,0
140000,3,4,4,-1,-1,-1,-1,-1,-1,142270,144418,143728,125158,93998,91229,5357,5829,6240,3500,3500,4000,-2270,-4418,-3728,14842,46002,48771,712375,0
80000,3,2,4,-1,-1,-1,-1,-1,-1,80904,64144,54029,51497,28250,28073,2500,2200,1817,1200,1200,1100,-904,15856,25971,28503,51750,51927,296880,0
50000,3,2,4,-1,-1,-1,-1,-1,-1,23593,24787,9145,12423,41956,45112,1831,1189,3467,30000,4000,0,26407,25213,40855,37577,8044,4888,116529,0
140000,2,4,3,-2,-2,-2,-2,-2,-2,1282,367,0,3794,0,865,367,0,3794,0,865,825,138718,139633,140000,136206,140000,139135,457,1
330000,2,2,4,-2,-2,-2,-2,-2,-2,5600,0,98,0,0,318,0,98,0,0,318,452,324400,330000,329902,330000,330000,329682,5148,0
280000,2,2,3,2,2,2,-1,-1,-1,28788,31315,30529,33562,34557,35600,3315,0,3562,1557,1600,3175,251212,248685,249471,246438,245443,244400,181142,0
470000,2,2,3,-1,-1,-1,-1,-1,-1,3388,1359,7650,6682,1942,0,1359,7650,6682,1942,0,5870,466612,468641,462350,463318,468058,470000,-2482,1
100000,4,2,4,-1,-1,-1,-1,-1,-1,95980,99056,100415,102666,63913,65246,4057,3232,3275,2290,2365,2382,4020,944,-415,-2666,36087,34754,509675,0
160000,3,2,4,-1,-1,-1,-1,-1,-1,123760,124218,124438,112113,96459,93449,6018,5810,4591,3524,3542,3426,36240,35782,35562,47887,63541,66551,647526,0
320000,3,2,4,-1,-1,-1,-1,-1,-1,8391,2855,1021,953,868,872,2869,1026,957,868,4,954,311609,317145,318979,319047,319132,319128,8282,0
130000,3,2,3,-1,-1,-2,-2,-2,-2,132571,-829,-829,-829,-829,-829,0,0,0,0,0,0,-2571,130829,130829,130829,130829,130829,128426,0
50000,3,2,4,2,2,2,2,-1,-1,41174,42196,43327,42335,43326,46256,2000,2100,0,2000,3800,5783,8826,7804,6673,7665,6674,3744,242931,0
540000,2,2,4,-1,-1,-1,-1,-1,-1,66637,66665,66513,67149,66880,67667,3100,3070,3100,2320,2796,3500,473363,473335,473487,472851,473120,472333,383625,0
50000,4,4,3,-1,-1,-1,-1,-1,-1,47937,33816,60320,36249,780,0,2000,2000,3293,0,0,0,2063,16184,-10320,13751,49220,50000,171809,0
140000,2,2,3,-1,-1,-1,-1,-1,-1,248822,246595,249664,253418,258909,255232,10000,10200,9000,9000,10000,10000,-108822,-106595,-109664,-113418,-118909,-115232,1454440,0
50000,2,2,4,-1,-1,-1,-1,-1,-1,28509,29230,30356,31342,32644,32719,1500,1600,1498,2627,1400,1200,21491,20770,19644,18658,17356,17281,174975,0
360000,2,2,5,-2,-2,-2,-2,-2,-2,0,0,0,0,0,0,0,0,0,0,0,0,360000,360000,360000,360000,360000,360000,0,0
420000,1,2,3,1,-1,-1,-1,-1,-1,0,23621,29042,35000,292962,247622,23621,29052,35000,292962,0,606,420000,396379,390958,385000,127038,172378,247006,0
360000,1,2,4,-2,-2,-2,-2,-2,-2,1495,1117,7062,-3,1178,-2,1120,7065,0,1181,0,1758,358505,358883,352938,360003,358822,360002,-277,0
110000,3,2,5,-1,-1,-1,-1,-1,-1,390,390,390,390,780,0,390,390,390,780,0,390,109610,109610,109610,109610,109220,110000,0,1
170000,1,2,4,-2,-1,-1,-1,-1,-1,416,2939,5447,416,7509,6387,2939,3000,5,7509,6387,1666,169584,167061,164553,169584,162491,163613,1608,0
350000,1,6,4,1,-2,-2,-2,-2,-1,36138,7613,5875,4020,33127,6877,7619,5875,4020,33127,6877,0,313862,342387,344125,345980,316873,343123,36132,0
240000,2,2,4,2,-1,-1,-1,-1,-1,133954,138785,141894,143270,201082,215709,8500,6500,5000,60000,17464,6516,106046,101215,98106,96730,38918,24291,870714,0
240000,2,4,4,-2,-2,-2,-2,-2,-2,489,4006,696,696,696,696,4006,696,696,696,696,1542,239511,235994,239304,239304,239304,239304,-1053,0
80000,2,2,4,1,-1,-1,-2,-2,-1,0,2412,0,0,0,1650,2412,0,0,0,1650,2500,80000,77588,80000,80000,80000,78350,-2500,0
60000,3,2,4,-1,-1,-1,-1,-1,-1,694,694,694,694,694,28948,694,694,694,694,28948,1044,59306,59306,59306,59306,59306,31052,-350,0
220000,2,2,4,2,-1,-1,-1,-1,-1,220389,223682,223193,215040,210884,210479,8490,8100,8000,7804,8254,6640,-389,-3682,-3193,4960,9116,9521,1256379,1
500000,1,4,4,-1,-1,-1,-1,-1,-1,260356,253580,239479,200081,185130,168868,18609,9800,6610,6000,6000,5000,239644,246420,260521,299919,314870,331132,1255475,0
20000,2,2,1,-1,-1,2,-1,-1,-1,15886,16337,16470,10195,11195,11995,2500,800,1500,1000,800,6720,4114,3663,3530,9805,8805,8005,68758,0
360000,2,1,1,3,2,2,-1,-1,-1,245135,244583,156843,63861,64437,8844,8000,0,2700,3000,1000,1072,114865,115417,203157,296139,295563,351156,767931,1
300000,2,2,4,-1,-1,-1,-1,-1,-1,5551,6564,7954,8690,0,1420,1110,1500,1000,0,1420,0,294449,293436,292046,291310,300000,298580,25149,0
60000,2,2,2,-1,-1,-1,-1,-2,-2,57775,51280,16299,-41,-41,-41,2000,1043,0,0,0,17500,2225,8720,43701,60041,60041,60041,104688,1
360000,2,1,2,3,2,2,2,2,2,2500,2500,2500,2500,2500,0,0,0,0,0,0,0,357500,357500,357500,357500,357500,360000,12500,1
50000,2,2,1,-1,-1,-1,-1,-1,-1,42284,31512,26097,27148,54991,28480,1800,1600,1500,1000,2400,1500,7716,18488,23903,22852,-4991,21520,200712,0
130000,2,1,1,-1,-1,2,-1,-1,-1,46113,49520,47627,47262,46226,390,5000,0,1925,0,0,780,83887,80480,82373,82738,83774,129610,229433,0
50000,1,1,1,-1,-1,-1,-1,-1,-1,47734,47025,48102,48612,49465,50299,1763,1840,1751,1717,1773,1845,2266,2975,1898,1388,535,-299,280548,0
150000,2,2,1,-1,-1,-1,-1,-1,-1,134218,118580,95916,82867,58995,59799,4465,10629,3500,1833,1886,1610,15782,31420,54084,67133,91005,90201,526452,0
30000,1,2,1,-1,-1,-1,-1,-1,-1,28327,27406,28400,28115,28826,27745,1464,1458,1443,1154,1008,1018,1673,2594,1600,1885,1174,2255,161274,0
350000,1,2,1,-1,-1,-1,-1,-1,-1,27916,24973,22752,21010,4470,6838,2001,2010,1082,10506,7034,4573,322084,325027,327248,328990,345530,343162,80753,0
50000,2,2,1,-1,-1,-1,-1,-1,-1,48517,37071,5181,8548,50678,48220,5204,5196,8557,48011,2040,2121,1483,12929,44819,41452,-678,1780,127086,0
20000,2,2,1,-1,-1,-1,2,-1,-1,13284,13987,15958,16168,16268,16600,1229,2200,900,500,332,2000,6716,6013,4042,3832,3732,3400,85104,0
20000,2,2,1,1,-2,-2,-2,-1,-1,0,0,0,0,17330,16066,0,0,0,17330,738,1000,20000,20000,20000,20000,2670,3934,14328,0
180000,1,2,1,-2,-2,-2,-2,-2,-1,-106,-200,-200,-200,0,4709,0,0,0,200,4709,0,180106,180200,180200,180200,180000,175291,-906,0
50000,3,2,1,1,-2,-2,-2,-2,-2,0,0,0,0,0,0,0,0,0,0,0,0,50000,50000,50000,50000,50000,50000,0,0
150000,2,2,1,1,2,-1,-1,-1,-1,156387,148656,150963,152607,103113,96518,0,6000,10000,4000,4000,7000,-6387,1344,-963,-2607,46887,53482,777244,1
120000,1,2,1,-1,-1,-1,-1,-1,-1,117324,91457,94478,74807,76952,0,3500,5390,3200,3500,3000,77233,2676,28543,25522,45193,43048,120000,359195,0
20000,2,2,1,-1,-1,-1,-1,-1,-1,7320,7761,631,4481,6481,3465,2000,631,4481,2000,300,3332,12680,12239,19369,15519,13519,16535,17395,1
60000,2,2,1,-1,-1,-1,-1,-1,-1,836,836,6842,4603,3884,760,836,6842,1000,117,760,10038,59164,59164,53158,55397,56116,59240,-1832,0
80000,3,2,1,1,2,2,-1,-1,-1,38151,39227,38318,42614,86966,41950,2000,0,5000,1500,1500,7000,41849,40773,41682,37386,-6966,38050,270226,1
50000,3,2,2,-1,-1,-1,-1,-2,-2,49631,49641,50355,0,0,0,3000,2000,0,0,0,0,369,359,-355,50000,50000,50000,144627,0
50000,1,2,1,-1,-1,2,2,2,-1,44477,45425,48559,49065,48057,48942,2000,3134,1640,0,1968,1504,5523,4575,1441,935,1943,1058,274279,0
30000,2,2,1,-1,-1,-1,-1,-1,-1,30465,27943,14588,30158,29562,29818,1630,2231,16310,1051,1103,1003,-465,2057,15412,-158,438,182,139206,0
20000,2,2,1,-1,-1,2,2,-1,-1,15481,18004,19121,18521,18615,19015,3100,1700,0,700,700,860,4519,1996,879,1479,1385,985,101697,1
50000,2,2,1,-2,-2,-2,-2,-2,-2,0,0,0,0,0,0,0,0,0,0,0,0,50000,50000,50000,50000,50000,50000,0,0
150000,1,2,1,-1,-1,-1,-1,-1,-1,51568,52952,95134,31578,26089,16624,3000,60086,2000,2000,5000,6000,98432,97048,54866,118422,123911,133376,195859,0
50000,2,1,1,1,-2,-2,-1,-1,-1,0,0,0,2056,973,973,0,0,2056,973,973,27154,50000,50000,50000,47944,49027,49027,-27154,0
500000,1,2,1,-1,-1,-1,-1,-1,-1,59646,49412,48060,51132,49348,40652,43018,3030,10022,3064,3022,2018,440354,450588,451940,448868,450652,459348,234076,0
120000,1,2,1,-1,-1,2,-1,-1,-1,75896,77931,79384,81367,82321,84336,3900,3300,3900,3200,3500,3500,44104,42069,40616,38633,37679,35664,459935,0
260000,1,2,1,-1,-1,-1,-1,-1,-1,256324,250666,245741,240132,234520,227149,10000,9000,10340,11500,8042,14000,3676,9334,14259,19868,25480,32851,1391650,0
20000,2,2,1,2,2,2,-1,-1,-2,7130,9455,9159,10000,0,0,2455,0,1000,0,0,0,12870,10545,10841,10000,20000,20000,32289,1
20000,2,2,1,1,2,-1,-1,-1,-1,20036,19322,17619,10688,11346,0,0,2000,4000,2033,0,0,-36,678,2381,9312,8654,20000,70978,0
200000,1,2,1,-2,-2,-2,-2,-2,-2,33188,10293,55615,37643,47437,38640,11958,73912,37858,47675,38834,49403,166812,189707,144385,162357,152563,161360,-36824,0
80000,3,1,2,1,-2,-2,-2,-2,-2,0,0,0,0,0,0,0,0,0,0,0,0,80000,80000,80000,80000,80000,80000,0,0
160000,2,2,1,-2,-2,-2,-2,-2,-2,0,0,0,0,0,0,0,0,0,0,0,0,160000,160000,160000,160000,160000,160000,0,0
200000,1,2,1,-1,2,2,-2,-2,-2,2006,1823,-2,-2,-90,-90,0,27,88,0,0,0,197994,198177,200002,200002,200090,200090,3530,0
90000,2,2,1,-1,-1,-1,-1,-1,-1,85769,87877,89766,63793,24265,25713,3535,3703,2085,1026,2000,2000,4231,2123,234,26207,65735,64287,362834,0
20000,3,2,3,1,2,-1,-1,-1,-1,9913,3261,1491,390,390,390,50,1491,2500,390,390,0,10087,16739,18509,19610,19610,19610,11014,0
120000,2,2,2,-1,-1,-1,-1,-1,-1,396,396,396,392,396,396,396,396,392,400,396,942,119604,119604,119604,119608,119604,119604,-550,0
490000,1,2,2,-1,-1,-1,-1,-1,-1,156021,155635,156094,159376,158235,163963,8030,9071,18944,10000,8030,6059,333979,334365,333906,330624,331765,326037,889190,0
290000,2,1,2,-1,-1,-1,-1,-1,-1,3137,7999,2948,-6097,11037,17834,8042,2980,2777,17941,10002,10000,286863,282001,287052,296097,278963,272166,-14884,0
160000,3,2,2,-1,-1,-1,-1,-2,-2,275241,280903,272419,0,0,0,8365,9368,0,0,0,0,-115241,-120903,-112419,160000,160000,160000,810830,0
220000,1,2,2,2,-1,-1,-1,-1,-1,84630,87604,89687,90889,91892,93815,5000,5000,4200,4000,4000,5000,135370,132396,130313,129111,128108,126185,511317,0
290000,2,1,2,-1,-1,-1,-1,-1,-1,116625,118801,99370,84836,82168,80299,5000,3530,3019,2818,3000,3199,173375,171199,190630,205164,207832,209701,561533,0
360000,1,1,2,-2,-2,-2,-2,-2,-2,0,0,0,0,0,0,0,0,0,0,0,0,360000,360000,360000,360000,360000,360000,0,1
120000,2,2,3,2,2,2,2,2,2,58908,53306,50104,43957,43401,37371,1000,3000,0,5000,0,31000,61092,66694,69896,76043,76599,82629,247047,1
360000,1,2,2,-1,-1,-1,-1,-1,-1,194001,197032,183154,143367,135751,138659,8000,10000,5500,5000,5100,7000,165999,162968,176846,216633,224249,221341,951364,0
80000,3,1,2,-1,-1,-1,-1,-1,-1,390,390,390,1936,390,390,390,390,1936,390,390,390,79610,79610,79610,78064,79610,79610,0,1
420000,2,1,2,-1,-1,-1,-1,-1,-1,3823,149793,56611,77406,79316,73995,150298,10617,25000,3034,3012,5012,416177,270207,363389,342594,340684,346005,243971,0
360000,1,1,2,-1,-1,-2,-2,-2,-2,12768,0,0,0,0,0,0,0,0,0,0,0,347232,360000,360000,360000,360000,360000,12768,0
230000,2,1,3,-1,-1,-1,-1,-1,-1,41414,42420,44234,45684,46653,47779,2000,2500,2500,2000,2000,2000,188586,187580,185766,184316,183347,182221,255184,0
50000,3,1,3,1,2,2,2,-2,-2,51814,53077,51400,0,0,0,2400,0,0,0,0,0,-1814,-3077,-1400,50000,50000,50000,153891,1
60000,2,1,3,-1,-1,-1,-1,-1,-1,60924,60089,59828,58217,18527,40334,2400,2800,2000,1110,40621,1800,-924,-89,172,1783,41473,19666,247188,0
200000,2,2,2,-1,-1,-1,-1,-1,-1,179273,182624,188541,179380,41060,41258,6657,10000,8000,2000,2000,2000,20727,17376,11459,20620,158940,158742,781479,0
480000,2,1,2,-1,-1,-1,-1,-1,-1,1309,662,645,32636,27552,1428,668,645,32641,27552,1428,11822,478691,479338,479355,447364,452448,478572,-10524,0
360000,3,1,2,-2,-2,-2,-2,-2,-2,33597,-1,-1,-1,-1,-1,0,0,0,0,0,0,326403,360001,360001,360001,360001,360001,33592,0
100000,1,1,2,2,2,-1,-1,-1,-1,94257,78728,65747,67046,69938,74800,0,3100,3000,4000,6000,0,5743,21272,34253,32954,30062,25200,434416,1
150000,1,1,2,-2,-2,-2,-2,-2,-2,22109,10876,10268,5872,3068,2181,10943,10273,5978,3068,2181,3242,127891,139124,139732,144128,146932,147819,18689,1
20000,3,1,2,-1,-1,-1,-1,-1,-1,19831,1391,19037,19939,15110,0,1300,20398,1300,694,0,0,169,18609,963,61,4890,20000,51616,0
500000,1,1,3,-1,-1,-2,-2,-2,-2,2900,0,0,0,0,0,0,0,0,0,0,0,497100,500000,500000,500000,500000,500000,2900,0
180000,1,1,2,1,-2,-2,-2,-2,-2,0,0,0,0,0,0,0,0,0,0,0,0,180000,180000,180000,180000,180000,180000,0,0
230000,2,1,1,-1,-1,-1,-1,-1,-1,50845,48170,46987,45669,44510,43084,1768,1769,1635,1660,1544,1445,179155,181830,183013,184331,185490,186916,269444,0
180000,2,2,3,-1,-1,-2,-2,-2,-2,5904,5715,2378,10396,2527,2173,5739,2385,10427,2534,2179,13903,174096,174285,177622,169604,177473,177827,-8074,0
60000,2,2,1,1,-2,-2,-2,-2,-2,0,0,0,0,0,0,0,0,0,0,0,251,60000,60000,60000,60000,60000,60000,-251,1
200000,1,1,3,1,-1,-1,-1,-1,-1,0,581,581,581,581,581,581,581,581,581,581,581,200000,199419,199419,199419,199419,199419,-581,1
30000,3,1,1,-1,-1,-1,-1,2,-1,38390,20830,56262,59113,58016,30900,4200,36444,4360,4,2204,0,-8390,9170,-26262,-29113,-28016,-900,216299,0
20000,1,1,2,-1,-1,-1,2,-1,-1,4596,5675,8231,2717,4733,1099,1161,2717,0,4733,1099,0,15404,14325,11769,17283,15267,18901,17341,1
110000,1,1,3,-1,-1,-1,-1,-1,-1,80959,80733,80984,80706,80580,77993,3486,2958,2803,2940,2821,2806,29041,29267,29016,29294,29420,32007,464141,0
80000,3,1,3,-1,-1,-1,-1,-1,-1,90894,93167,81146,80674,63110,40376,4000,3200,2606,2431,1779,1000,-10894,-13167,-1146,-674,16890,39624,434351,1
160000,2,1,2,-1,-1,-1,-2,-2,-2,160303,164150,0,0,0,0,8000,0,0,0,0,0,-303,-4150,160000,160000,160000,160000,316453,0
20000,2,2,2,-1,-1,-1,-1,-1,-1,19600,19694,19945,20051,19472,19830,1312,1363,1249,1000,2000,1000,400,306,55,-51,528,170,110668,1
30000,3,2,2,1,2,2,2,2,2,4318,5096,6353,7092,7972,7702,1000,1500,1000,1000,0,1000,25682,24904,23647,22908,22028,22298,33033,0
30000,2,1,3,-1,-1,-1,-1,-1,-1,29428,19950,24514,4083,6234,0,1402,10096,4083,6255,0,0,572,10050,5486,25917,23766,30000,62373,0
150000,2,1,2,1,2,2,2,2,2,52692,54229,55768,56266,54764,58862,3000,3000,2000,0,5000,3000,97308,95771,94232,93734,95236,91138,316581,1
280000,2,1,2,-1,-1,-1,-1,-1,-1,235937,178376,183488,188165,99133,101547,7000,8000,8000,5000,4003,5000,44063,101624,96512,91835,180867,178453,949643,0
50000,2,2,2,1,2,-1,-1,-1,-1,51210,47140,48478,48173,21134,20403,0,3518,3000,2352,2000,2000,-1210,2860,1522,1827,28866,29597,223668,0
50000,2,1,1,2,2,2,-1,-1,-1,47237,50632,49546,49448,19887,38212,4500,0,1713,1003,699,800,2763,-632,454,552,30113,11788,246247,1
280000,1,1,2,1,-1,-1,2,-1,-1,-2159,5777,7936,2932,6493,4867,7936,2980,29,6493,4867,240,282159,274223,272064,277068,273507,275133,3301,0
200000,2,1,3,-1,-1,2,-1,-1,-1,92272,69963,67223,69167,69289,70333,6582,0,2943,2301,2374,2500,107728,130037,132777,130833,130711,129667,421547,0
210000,3,1,3,-2,-2,-2,-2,-2,-2,6460,3623,10325,8751,11920,8967,3623,10362,8751,11920,8967,7416,203540,206377,199675,201249,198080,201033,-993,1
360000,3,1,1,-2,-2,-2,-2,-2,-2,0,0,0,0,0,0,0,0,0,0,0,0,360000,360000,360000,360000,360000,360000,0,0
50000,3,1,1,1,2,2,2,-1,-1,47479,46415,50351,49038,28661,30398,0,4690,0,1000,2159,0,2521,3585,-351,962,21339,19602,244493,0
90000,2,2,2,-1,-1,-1,-1,-1,-1,60881,65215,66748,70101,80611,89870,5000,2200,4035,12200,10000,0,29119,24785,23252,19899,9389,130,399991,0
270000,2,1,2,-1,-1,-1,-1,-1,-1,48465,45898,46765,55438,54285,54198,1737,2000,10000,1461,1492,899,221535,224102,223235,214562,215715,215802,287460,0
50000,3,1,3,-1,-1,-1,-1,-1,-1,1261,1261,0,1261,1261,1261,1261,0,2522,1261,1261,1432,48739,48739,50000,48739,48739,48739,-1432,0
80000,2,2,3,-1,-1,-1,-2,-2,-2,70479,71900,0,0,0,0,3300,0,0,0,0,390,9521,8100,80000,80000,80000,80000,138689,0
160000,3,1,2,-1,-1,-1,-1,-1,-1,25003,23621,24994,15778,9333,7083,2000,5060,5000,1500,0,0,134997,136379,135006,144222,150667,152917,92252,0
200000,2,1,2,-1,-1,-1,-1,-1,-1,75,3707,697,0,2769,1382,3707,697,0,2769,1438,2411,199925,196293,199303,200000,197231,198618,-2392,0
30000,2,1,2,2,2,2,2,2,2,19177,20054,20930,21291,20651,22110,1500,1500,1000,0,1801,1000,10823,9946,9070,8709,9349,7890,117412,1
260000,2,2,2,-1,-1,-1,-1,-1,-1,170276,164617,150188,138975,134225,128321,6200,6000,6000,5006,5006,6006,89724,95383,109812,121025,125775,131679,852384,1
520000,2,1,2,-1,-1,-1,-1,-1,-1,10000,10000,10000,10317,10000,126247,10000,10000,10317,10000,126247,4666,510000,510000,510000,509683,510000,393753,5334,0
140000,3,1,2,-1,-1,-1,-1,-1,-1,13806,1003,1170,1003,1003,1003,1003,1170,1003,1003,1003,1003,126194,138997,138830,138997,138997,138997,12803,1
20000,2,2,2,-1,-1,-1,-1,-1,-1,18351,17706,18831,18334,17280,15582,1304,1429,1608,346,312,318,1649,2294,1169,1666,2720,4418,100767,1
50000,3,1,3,2,2,2,2,-2,-2,20186,15773,13555,0,0,0,2700,103,0,0,0,0,29814,34227,36445,50000,50000,50000,46711,1
50000,2,2,2,-1,-1,-1,-1,-1,-1,8673,10957,17187,6377,6370,1910,5011,10000,10000,6000,0,3000,41327,39043,32813,43623,43630,48090,17463,0
170000,3,1,3,-1,-1,-1,-1,-1,-1,191865,186841,183151,170838,80934,80821,7080,8271,5159,2700,2619,3500,-21865,-16841,-13151,-838,89066,89179,865121,0
180000,2,2,2,-1,-1,-1,-1,-1,-1,45469,39368,9652,10775,1943,13243,5000,2000,3000,1943,13000,170000,134531,140632,170348,169225,178057,166757,-74493,0
360000,2,1,2,-2,-2,-1,2,2,-2,0,0,1300,300,0,598,0,1300,0,0,598,1352,360000,360000,358700,359700,360000,359402,-1052,0
220000,2,1,2,1,2,-1,-1,-1,-1,4949,4724,6478,7412,7886,8358,0,2000,1200,600,600,600,215051,215276,213522,212588,212114,211642,34807,0
500000,1,1,3,-1,-1,-1,-1,-1,-1,107595,109605,113409,114191,117285,120388,5000,5571,4152,5000,5000,5000,392405,390395,386591,385809,382715,379612,652750,0
80000,2,2,2,-1,-1,2,2,-1,-1,79673,79353,80107,78323,45985,45434,7100,2600,371,1904,1801,1801,327,647,-107,1677,34015,34566,393298,0
150000,2,1,3,-1,-1,-1,-1,-1,-1,154432,106396,105332,82191,77262,49851,4000,7041,3000,3116,2500,5000,-4432,43604,44668,67809,72738,100149,550807,0
140000,3,1,3,-1,-1,-1,2,-1,-1,292,396,792,884,488,1092,500,792,488,0,1000,0,139708,139604,139208,139116,139512,138908,1164,1
190000,2,2,2,-1,-1,-1,-1,-1,-1,146224,149289,152886,156273,159800,162570,5500,6000,6000,6000,6000,6000,43776,40711,37114,33727,30200,27430,891542,0
200000,1,2,2,-1,-1,-1,-1,-1,-1,270160,275565,282023,286199,265201,271381,11000,12003,11010,15000,10004,11004,-70160,-75565,-82023,-86199,-65201,-71381,1580508,0
260000,1,2,2,-1,-1,-1,-1,-1,-1,93767,80944,67691,53334,76056,64968,3014,3017,2016,43000,2000,2000,166233,179056,192309,206666,183944,195032,381713,0
210000,1,2,2,-1,-1,-1,-1,-1,-1,137825,140883,145675,149399,150796,88463,5346,7056,7656,5885,3345,3363,72175,69117,64325,60601,59204,121537,780390,0
240000,2,1,2,2,2,-1,-1,-1,-1,7123,6848,836,2508,1672,836,836,836,2508,0,0,563,232877,233152,239164,237492,238328,239164,15080,1
140000,1,1,2,1,-2,-2,-2,-2,-2,0,0,0,0,0,0,0,0,0,0,0,0,140000,140000,140000,140000,140000,140000,0,1
200000,1,1,2,-2,-2,-2,-2,-2,-2,7468,5023,618,605,3098,805,5048,621,608,3114,1003,2164,192532,194977,199382,199395,196902,199195,5059,0
200000,2,2,2,-1,-1,-1,-1,-1,-1,27784,33877,35420,26609,25392,23367,10000,10000,2000,5000,5000,1000,172216,166123,164580,173391,174608,176633,139449,0
500000,1,2,3,-1,-1,-2,-2,-2,-2,1296,0,0,0,0,2300,0,0,0,0,2300,0,498704,500000,500000,500000,500000,497700,1296,0
50000,2,1,2,2,2,2,2,2,2,31476,30676,33261,32427,34579,35476,0,3400,0,2700,1600,1500,18524,19324,16739,17573,15421,14524,188695,1
130000,2,2,2,1,-2,-2,-2,-1,-1,-470,-470,-470,-470,47296,0,0,0,0,47766,0,0,130470,130470,130470,130470,82704,130000,-2350,0
230000,2,2,2,-1,-1,-1,-1,-1,-1,100074,107085,115039,117144,117429,117560,9000,10000,6000,3405,3000,1286,129926,122915,114961,112856,112571,112440,641640,0
260000,1,2,2,-2,-2,-1,-1,-2,-2,916,2615,1580,920,730,466,2615,1586,920,730,466,1455,259084,257385,258420,259080,259270,259534,-545,0
260000,2,1,3,-1,-1,-1,-1,-1,-1,57963,262696,247462,252073,195628,199646,247562,9000,8300,6576,7000,7000,202037,-2696,12538,7927,64372,60354,930030,0
160000,2,2,2,-2,-2,-2,-2,-2,-2,750,370,-20,780,0,1470,400,0,800,0,1470,0,159250,159630,160020,159220,160000,158530,680,0
250000,2,1,3,1,2,-1,-1,-1,-1,65087,62216,39814,34374,34768,38830,0,2000,1871,1265,4643,3214,184913,187784,210186,215626,215232,211170,262096,1
180000,1,2,2,1,-2,-2,-2,-2,-2,0,0,0,0,0,0,0,0,0,0,0,0,180000,180000,180000,180000,180000,180000,0,0
20000,1,1,2,2,-1,-1,-1,-1,2,12720,13451,14786,15532,16767,17104,1250,1554,1300,1500,750,0,7280,6549,5214,4468,3233,2896,84006,1
270000,1,1,2,2,-1,-1,-1,-1,-1,160069,156346,159223,165480,76144,77944,6000,7000,9000,5000,3000,3000,109931,113654,110777,104520,193856,192056,762206,1
280000,1,1,3,-1,-1,-1,-1,-1,-1,3587,3187,3190,1982,3590,3590,3200,3203,1992,3608,3600,3602,276413,276813,276810,278018,276410,276410,-79,0
30000,2,2,2,-1,-1,-1,-1,-1,-1,7038,8052,10153,9761,9960,4010,1291,2392,1000,199,80,949,22962,21948,19847,20239,20040,25990,43063,0
450000,2,2,2,-2,-2,-2,-2,-2,-2,8012,4009,5226,4715,3275,6422,4021,5241,4729,3284,6441,4285,441988,445991,444774,445285,446725,443578,3658,1
360000,1,1,2,-1,-1,-1,-1,-1,-1,21936,35331,30580,34985,39585,49735,14000,5000,5000,5000,10150,60000,338064,324669,329420,325015,320415,310265,113002,0
20000,2,2,2,2,2,2,-1,-1,-1,18458,17334,16768,17539,18775,18586,1450,0,1134,1370,1000,424,1542,2666,3232,2461,1225,1414,102082,0
200000,3,2,3,-1,-1,-1,-1,-1,-1,316,316,316,316,316,316,316,316,316,316,316,316,199684,199684,199684,199684,199684,199684,0,1
500000,1,1,3,-1,-1,-1,-1,-1,-1,16347,20496,14509,16910,10854,16809,17029,8014,14030,7012,16016,14004,483653,479504,485491,483090,489146,483191,19820,0
200000,1,1,3,-2,-2,-2,-2,-2,-2,-6028,10177,10229,7899,4553,4252,20405,10426,8008,4575,4273,9652,206028,189823,189771,192101,195447,195748,-26257,0
450000,3,1,2,-1,-1,-1,-1,-1,-1,28499,13119,9983,4904,45338,51646,1214,3109,4904,45338,7570,11729,421501,436881,440017,445096,404662,398354,79625,0
20000,2,2,2,2,2,2,-1,-1,-1,3254,2522,0,780,390,390,2000,0,780,0,390,1680,16746,17478,20000,19220,19610,19610,2486,1
500000,1,1,3,-1,-1,-1,-1,-1,-1,9894,1500,14148,28190,7423,3588,1500,14148,20000,0,0,1715,490106,498500,485852,471810,492577,496412,27380,0
260000,1,2,2,-1,-1,-1,-1,-1,-1,102350,96133,90183,89846,101034,84152,4033,4000,4005,14066,3017,2736,157650,163867,169817,170154,158966,175848,531841,0
60000,1,1,2,2,2,2,-1,-1,2,46389,49808,48736,49525,57564,56517,4200,0,1900,8900,0,26000,13611,10192,11264,10475,2436,3483,267539,1
10000,2,1,2,-1,-1,-1,-1,-1,-1,8487,9003,0,390,4555,5165,2008,0,390,4555,1000,6810,1513,997,10000,9610,5445,4835,12837,0
240000,2,1,2,-1,-1,-1,-1,-1,-1,133272,133373,138006,136195,140860,138787,6000,9583,6000,10000,4974,4820,106728,106627,101994,103805,99140,101213,779116,0
480000,1,1,3,-1,-1,-1,-1,-1,-1,377420,389573,400693,393892,348733,331930,20000,20000,20005,15000,15000,12000,102580,90427,79307,86108,131267,148070,2140236,0
520000,1,1,2,-1,-1,-1,-1,-1,-1,98615,102085,102762,104865,106947,109507,5102,3800,3803,3822,4277,4868,421385,417915,417238,415135,413053,410493,599109,0
20000,2,1,3,2,-1,-1,-1,-1,-1,20745,21431,19745,19943,19235,19245,1373,1386,1189,570,589,600,-745,-1431,255,57,765,755,114637,1
180000,1,2,2,-1,-1,-1,2,-1,-1,3060,1854,3238,2106,1510,1746,1000,2500,0,1000,500,930,176940,178146,176762,177894,178490,178254,7584,0
290000,2,1,3,-1,-1,2,-1,-1,-1,172,1930,1752,3710,3848,4285,1930,0,2000,200,500,0,289828,288070,288248,286290,286152,285715,11067,0
50000,3,2,3,-1,-1,-1,-1,-1,-1,43530,43344,46616,48872,19981,16554,2000,4000,4500,2000,1000,3000,6470,6656,3384,1128,30019,33446,202397,1
500000,1,2,2,-1,-1,-1,-1,-1,-1,297309,290425,286959,278420,291642,286666,10322,13500,10000,30000,12000,10000,202691,209575,213041,221580,208358,213334,1645599,0
100000,2,2,3,-1,-1,-1,-1,-1,-1,95600,87442,60737,66077,68990,70724,15037,5003,8058,8000,3000,5000,4400,12558,39263,33923,31010,29276,405472,0
300000,1,1,2,-1,-1,-1,-1,-1,-1,20938,21064,26041,18158,18147,45199,21169,26171,18249,18238,45301,120,279062,278936,273959,281842,281853,254801,20299,0
130000,1,1,3,2,2,2,2,2,2,62177,60580,65489,66327,64665,68740,0,5900,2500,0,5300,2700,67823,69420,64511,63673,65335,61260,371578,0
500000,1,1,4,-1,-1,-1,-1,-1,-1,2112,6000,2079,2710,2040,-55,6031,2509,2713,2010,0,4642,497888,494000,497921,497290,497960,500055,-3019,0
220000,2,1,4,-1,-1,-1,-1,-1,-1,757,757,3257,757,757,757,757,3257,757,757,757,907,219243,219243,216743,219243,219243,219243,-150,0
260000,3,1,5,-1,-1,-1,-1,-1,2,261326,264126,244115,248831,263528,258973,9166,9001,9061,19155,1,9858,-1326,-4126,15885,11169,-3528,1027,1484657,0
50000,2,1,4,-1,-1,-1,-1,-1,-1,40197,41240,37093,32925,26640,22247,2044,2000,1547,2388,944,1000,9803,8760,12907,17075,23360,27753,190419,1
110000,2,2,4,-1,-1,-1,-1,2,-1,51716,113395,111693,115073,111811,111719,65668,4267,9455,0,3991,8071,58284,-3395,-1693,-5073,-1811,-1719,523955,1
350000,1,1,3,-2,-2,-2,-2,-2,-2,27506,4213,1518,4625,363,858,4213,1529,4713,363,858,566,322494,345787,348482,345375,349637,349142,26841,0
180000,2,1,3,-1,-1,-1,-1,-1,-1,1294,1294,1466,1294,2324,264,1294,1466,1294,2324,264,264,178706,178706,178534,178706,177676,179736,1030,0
120000,3,2,4,-1,-1,-1,2,-1,-1,118506,118930,125089,122242,119996,122049,4500,9000,1609,5000,5000,5000,1494,1070,-5089,-2242,4,-2049,696703,0
460000,2,1,4,-1,-1,-1,-1,-1,-1,326,827,289,44517,36065,6591,831,290,44558,101,6621,9584,459674,459173,459711,415483,423935,453409,26630,1
250000,2,1,4,2,2,2,2,-1,-1,29860,29086,33288,32459,34600,36539,0,5000,0,3000,2500,2500,220140,220914,216712,217541,215400,213461,182832,1
50000,2,1,4,-1,-1,-1,-1,-1,-1,60524,61627,56937,51506,45058,37598,2200,2297,1751,1086,3307,1142,-10524,-11627,-6937,-1506,4942,12402,301467,0
350000,1,1,4,-1,-1,-1,-1,-1,-1,257463,256706,257944,149040,144639,139558,10023,7700,5162,5025,5041,5061,92537,93294,92056,200960,205361,210442,1167338,0
20000,3,1,4,-1,-1,3,2,-1,-1,16049,19967,19368,18759,19131,19533,4519,0,0,683,709,1027,3951,33,632,1241,869,467,105869,1
290000,2,1,3,-2,-2,-2,-2,-2,-2,4040,5438,3116,13459,2685,2532,5457,3131,13526,2698,2544,1988,285960,284562,286884,276541,287315,287468,1926,0
500000,1,1,4,2,2,2,2,2,2,70144,74850,76463,77611,78735,80430,6500,3400,3000,3000,3100,3110,429856,425150,423537,422389,421265,419570,436123,1
240000,1,2,4,-1,-1,-1,-1,-1,-1,224041,238077,245387,248945,224776,11567,18800,12000,10000,20019,3000,9000,15959,1923,-5387,-8945,15224,228433,1119974,0
50000,2,2,4,-1,-1,-1,-1,-1,-1,45840,47595,28491,3642,12291,16674,8000,8080,15012,10000,8000,2000,4160,2405,21509,46358,37709,33326,103441,0
180000,1,1,4,-1,-1,-1,-1,-1,-1,62782,66114,69436,72560,76169,77988,5000,5000,5000,5000,3000,5000,117218,113886,110564,107440,103831,102012,397049,0
500000,3,1,4,-1,-1,-1,-1,-1,-1,30561,38207,18008,29158,11484,103340,38219,18008,29248,11484,103340,28524,469439,461793,481992,470842,488516,396660,1935,0
110000,2,2,4,-1,-1,-1,-1,-1,-1,110950,69564,51264,51584,49601,50485,2500,2500,1800,1800,2000,2000,-950,40436,58736,58416,60399,59515,370848,0
500000,2,1,4,-2,-2,-2,-1,-1,-1,-12,1270,4338,1080,2576,6200,1282,4338,1100,2576,1024,1000,500012,498730,495662,498920,497424,493800,4132,0
30000,2,1,4,-1,-1,-1,-1,-1,-1,29557,30091,28247,28884,29523,30672,1427,2973,1500,1100,2000,1000,443,-91,1753,1116,477,-672,166974,0
600000,1,1,4,2,2,2,-1,-1,-1,458652,467150,458862,469703,447130,440982,17000,0,18000,16000,16000,21000,141348,132850,141138,130297,152870,159018,2654479,1
80000,1,1,5,-1,-1,-1,-1,-1,-2,49246,53315,47740,50100,0,0,5000,3300,6267,0,0,0,30754,26685,32260,29900,80000,80000,185834,0
270000,1,1,5,-1,-1,-1,-1,-1,-1,15194,16934,18533,8855,3140,5140,2000,2000,2000,1000,2000,2000,254806,253066,251467,261145,266860,264860,56796,0
30000,3,2,4,-1,-1,-1,-1,-1,-1,32758,33720,32779,31557,30094,27223,1521,1580,1358,895,1217,1022,-2758,-3720,-2779,-1557,-94,2777,180538,0
20000,2,4,1,1,2,-1,-1,2,2,9498,9202,10741,12326,11888,9351,0,2000,1800,0,900,0,10502,10798,9259,7674,8112,10649,58306,1
20000,1,4,1,2,-1,-1,-1,-1,-1,19175,19889,17703,18690,19065,19261,1575,1400,1300,643,862,2000,825,111,2297,1310,935,739,106003,0
90000,3,1,4,2,-1,-1,2,2,-1,48900,37039,36334,34214,30789,28994,2000,4000,1100,0,1050,1034,41100,52961,53666,55786,59211,61006,207086,1
160000,2,1,4,-1,-1,-1,-1,-1,-1,1443,1443,1443,1443,1443,1443,1443,1443,1443,1443,1443,1443,158557,158557,158557,158557,158557,158557,0,0
90000,2,4,1,-1,-1,-1,-1,-1,-1,87727,89402,88118,87852,49042,49251,3160,3688,4559,1665,1707,1807,2273,598,1882,2148,40958,40749,434806,0
60000,2,4,1,1,-1,3,2,-1,-1,0,948,948,632,316,316,948,0,0,0,316,782,60000,59052,59052,59368,59684,59684,1114,1
20000,3,4,1,-1,-1,-2,-2,-1,-1,12509,0,0,0,13398,7224,0,0,0,13398,0,0,7491,20000,20000,20000,6602,12776,19733,0
120000,2,4,1,-1,-1,-1,-1,-1,-1,827,827,827,827,1654,827,827,827,827,1654,0,0,119173,119173,119173,119173,118346,119173,1654,0
20000,2,2,1,-1,-1,-1,-1,-1,-1,19667,15,15,41,10522,12340,0,0,26,19700,2000,2000,333,19985,19985,19959,9478,7660,18874,0
130000,2,4,1,-1,-1,-1,-1,-1,-1,120208,111999,114413,116721,117795,120511,5500,5700,5692,4500,4850,3800,9792,18001,15587,13279,12205,9489,671605,1
90000,2,4,1,-1,-1,-1,-1,-1,-1,18525,14242,25574,21948,19689,11026,10105,16776,19689,0,5000,15000,71475,75758,64426,68052,70311,78974,44434,0
430000,1,4,1,-2,-2,-2,-2,-2,-2,389,389,389,383,1462,389,390,390,384,1469,390,390,429611,429611,429611,429617,428538,429611,-12,0
360000,1,4,1,-2,-2,-2,-2,-2,-2,0,0,12063,6080,0,0,0,12063,6080,0,0,0,360000,360000,347937,353920,360000,360000,0,0
10000,1,4,1,-1,-1,-1,-1,-1,-2,9791,7052,6816,5210,0,0,1275,2500,1000,0,0,0,209,2948,3184,4790,10000,10000,24094,0
210000,2,4,1,-1,-1,-1,-1,-1,-1,648,34601,30853,13774,3988,0,39637,1371,1000,11197,0,3223,209352,175399,179147,196226,206012,210000,27436,0
120000,3,2,2,-2,-2,-2,-2,-2,-2,757,757,1549,757,757,1328,757,1549,757,757,1328,757,119243,119243,118451,119243,119243,118672,0,0
120000,2,2,2,-1,-1,-1,-1,-1,-1,121038,121211,119339,122334,121254,122094,4700,4400,5000,4600,5000,4500,-1038,-1211,661,-2334,-1254,-2094,699070,0
100000,1,4,2,2,2,2,2,-1,-1,92162,93769,95163,74656,65718,78474,3800,3420,80,1800,17000,2000,7838,6231,4837,25344,34282,21526,471842,0
60000,2,4,1,2,-1,-1,-1,2,-1,5669,6328,8460,10146,9413,15997,2000,3000,2500,0,15997,3000,54331,53672,51540,49854,50587,44003,29516,1
20000,1,4,1,-2,-2,-2,-1,-1,-1,0,0,0,6000,16321,286,0,0,6000,16321,286,0,20000,20000,20000,14000,3679,19714,0,0
200000,2,4,1,-2,-2,-2,-2,-2,-2,0,0,0,0,0,0,0,0,0,0,0,0,200000,200000,200000,200000,200000,200000,0,0
90000,3,4,1,-1,-1,-1,-1,-1,-1,3268,6745,3402,8652,5381,7190,6745,1131,5381,4,7190,0,86732,83255,86598,81348,84619,82810,14187,1
220000,1,4,1,-1,-1,-1,-1,-1,-1,53342,56022,5806,5637,23054,10730,5000,5806,5637,23054,0,2406,166658,163978,214194,214363,196946,209270,112688,0
180000,2,2,3,-1,-1,-1,-1,-2,-2,22523,20831,1537,-43,-43,-43,2045,1000,0,0,0,0,157477,159169,178463,180043,180043,180043,41717,0
320000,1,4,2,-1,-1,-1,-1,-1,-1,77052,65457,62680,62597,60080,55314,3000,3000,3017,2100,3000,3000,242948,254543,257320,257403,259920,264686,366063,0
280000,2,4,1,-1,-1,-1,-1,-1,-1,7545,2549,3266,10501,10131,8471,2709,3284,11001,8,6,666,272455,277451,276734,269499,269869,271529,24789,0
130000,2,4,2,-1,-1,2,-1,-1,-1,396,792,396,792,396,396,792,0,792,0,396,396,129604,129208,129604,129208,129604,129604,792,0
280000,1,4,2,1,-1,-1,-1,-1,-1,0,230,0,327,168,168,230,0,327,0,0,0,280000,279770,280000,279673,279832,279832,336,1
50000,2,2,2,-1,-1,-1,-1,-1,-1,86750,42968,43444,40616,2008,-1500,4000,4013,5000,5000,5000,5000,-36750,7032,6556,9384,47992,51500,186273,0
200000,2,4,2,-1,2,2,-2,-2,-1,10111,2900,0,0,0,4549,0,0,0,0,4549,0,189889,197100,200000,200000,200000,195451,13011,0
320000,1,4,2,-2,-2,-2,-2,-2,-2,2722,11040,9422,0,1200,1150,11040,9422,0,1200,1150,0,317278,308960,310578,320000,318800,318850,2722,0
90000,2,2,2,-1,2,-1,2,-1,-1,2330,1073,2323,1073,1073,9699,0,2323,0,1073,9699,10289,87670,88927,87677,88927,88927,80301,-5813,0
180000,2,2,2,2,-1,-1,-2,-2,-1,314,8000,0,0,0,600,8000,0,0,0,600,0,179686,172000,180000,180000,180000,179400,314,0
140000,2,2,2,-1,-1,-1,-1,-1,-1,62244,55125,48943,42337,35446,29383,2000,2200,2000,1300,2000,0,77756,84875,91057,97663,104554,110617,263978,0
330000,1,4,2,-1,-1,-1,-1,-1,-1,43943,41738,37766,37117,30555,13420,5019,1952,2000,814,475,697,286057,288262,292234,292883,299445,316580,193582,0
90000,2,4,1,1,-1,-1,-1,-1,2,0,840,420,0,1140,150,840,420,0,1140,0,570,90000,89160,89580,90000,88860,89850,-420,1
180000,2,4,1,-1,-1,-1,-1,-1,-1,53490,54552,56300,56831,57958,59330,1952,2627,2063,2072,2303,2500,126510,125448,123700,123169,122042,120670,324944,0
200000,1,2,2,-2,-2,-2,-2,-2,-2,5625,12125,13300,3450,13880,5147,12125,13416,3450,13880,5147,1050,194375,187875,186700,196550,186120,194853,4459,0
270000,2,2,2,-1,-1,-1,-1,-1,-1,2974,3562,5061,5500,116681,119553,1071,2000,1000,116681,5000,4000,267026,266438,264939,264500,153319,150447,123579,0
60000,1,4,1,-1,-1,-1,-1,-1,-1,51275,41950,40861,35638,32147,19796,2000,1718,3800,2000,2386,1000,8725,18050,19139,24362,27853,40204,208763,0
80000,2,4,1,-1,-1,-1,-1,-2,-2,24986,23000,1000,0,0,0,2000,1000,0,0,0,0,55014,57000,79000,80000,80000,80000,45986,0
250000,1,4,1,2,-1,-1,-1,-1,-1,1381,1381,7014,1581,36022,34011,1381,7014,1581,36022,10000,10961,248619,248619,242986,248419,213978,215989,14431,1
270000,2,2,2,2,-1,-1,-1,-1,-1,276339,264141,270573,275560,243792,251098,11000,12000,11000,8700,11077,34000,-6339,5859,-573,-5560,26208,18902,1493726,0
170000,1,4,3,-1,-1,-1,-1,-1,-1,15442,16869,21014,18517,9058,5035,2000,5020,2000,3000,1000,464,154558,153131,148986,151483,160942,164965,72451,0
250000,2,2,2,-1,-1,-1,-1,-1,-1,253627,239250,245611,33017,182078,184036,10153,11000,4701,190071,8000,10014,-3627,10750,4389,216983,67922,65964,903680,0
360000,2,2,2,-1,-1,-1,-1,-1,-1,994,0,27566,28558,12495,18906,0,27566,2513,12495,8906,1841,359006,360000,332434,331442,347505,341094,35198,0
310000,2,2,2,-1,-1,-1,-1,-1,-1,86769,87842,42594,26198,26766,27341,2800,3021,1600,1000,1000,2000,223231,222158,267406,283802,283234,282659,286089,0
200000,2,2,2,1,-1,-1,-1,-1,-1,0,21801,62433,-82,16550,5239,21801,42745,0,16632,5265,0,200000,178199,137567,200082,183450,194761,19498,0
130000,3,2,3,1,-2,-2,-2,-2,-2,0,0,0,0,0,0,0,0,0,0,0,5000,130000,130000,130000,130000,130000,130000,-5000,0
310000,2,2,3,-1,-1,-1,-1,-1,-1,52439,44350,34608,21262,11944,-2571,2042,1562,1118,1139,2195,61526,257561,265650,275392,288738,298056,312571,92450,0
200000,2,4,2,-1,-1,-1,-2,-2,-2,19252,10000,0,0,0,0,1000,0,0,0,0,0,180748,190000,200000,200000,200000,200000,28252,0
190000,2,2,2,-1,-1,-1,-1,-1,-1,187777,189420,192058,185995,188649,190700,8300,8900,6700,6699,7400,6900,2223,580,-2058,4005,1351,-700,1089700,0
210000,2,2,2,-1,-1,-1,-2,-2,-2,26656,2641,0,0,0,0,2641,0,0,0,0,0,183344,207359,210000,210000,210000,210000,26656,0
100000,2,2,2,-1,-1,-1,-1,-1,-1,5788,5802,14562,6930,5958,1448,1600,14562,6969,5958,1448,101434,94212,94198,85438,93070,94042,98552,-91483,0
90000,2,2,2,1,2,2,2,-1,-1,90880,87502,91442,89804,87213,90441,0,7300,1144,3265,6788,0,-880,2498,-1442,196,2787,-441,518785,0
290000,2,4,3,-1,-1,-1,-1,-1,-1,268498,272517,275748,277300,209747,212027,10000,12000,8000,7000,7000,5000,21502,17483,14252,12700,80253,77973,1466837,0
200000,2,2,3,-1,-1,-1,-1,-2,-2,8050,0,1560,0,0,0,0,1560,0,0,0,0,191950,200000,198440,200000,200000,200000,8050,0
120000,1,4,3,-1,-1,-1,-1,-1,-1,326,326,326,12055,11968,12968,326,326,12055,239,1000,652,119674,119674,119674,107945,108032,107032,23371,0
130000,2,2,2,-1,-1,-1,2,-1,-1,41200,42532,46413,45000,45800,0,2019,4900,0,1000,0,0,88800,87468,83587,85000,84200,130000,213026,1
150000,3,2,3,-1,-1,-1,-1,-1,-1,38985,36466,31907,33300,34681,36060,10107,20000,10000,10000,10000,10000,111015,113534,118093,116700,115319,113940,141292,0
220000,1,2,2,-2,-2,-2,-2,-2,-2,14298,100606,11202,21683,10860,12534,101405,11202,21778,10860,12534,7923,205702,119394,208798,198317,209140,207466,5481,0
200000,2,2,2,-1,-1,-1,-1,-1,-1,97645,99894,97400,4283,145769,143712,3952,4500,4283,148192,5133,5108,102355,100106,102600,195717,54231,56288,417535,0
120000,3,2,2,-2,-2,-2,-2,-2,-1,3140,448,0,0,0,10614,448,0,0,0,10614,0,116860,119552,120000,120000,120000,109386,3140,0
200000,2,4,2,1,-1,-1,-2,-2,-2,-1,297,-2,-2,-2,-2,298,0,0,0,0,544,200001,199703,200002,200002,200002,200002,-554,0
100000,2,2,3,-1,-1,-1,-1,-1,-1,1594,4612,2098,3494,2086,2379,4612,2099,3494,2086,2379,3219,98406,95388,97902,96506,97914,97621,-1626,0
130000,2,4,3,-1,-1,-1,-1,-1,-1,109464,106613,107700,103736,101414,100157,3835,5433,4431,6938,3467,3593,20536,23387,22300,26264,28586,29843,601387,0
10000,2,4,4,1,2,-1,-1,-1,-1,9193,7653,8337,8356,8527,4694,0,1201,1000,171,94,80,807,2347,1663,1644,1473,5306,44214,1
150000,2,2,3,-1,-1,-1,-1,-1,-1,135260,144927,148990,70303,64749,66206,12000,7007,3000,3000,2500,5000,14740,5073,1010,79697,85251,83794,597928,0
60000,3,2,3,-1,-1,-1,-1,-2,-1,29243,31093,26401,326,324,1126,3032,1454,326,324,1130,199,30757,28907,33599,59674,59676,58874,82048,0
130000,3,2,1,1,2,-1,-1,-1,-1,133019,133178,132355,131797,131457,132202,6000,6000,5000,5000,5000,5200,-3019,-3178,-2355,-1797,-1457,-2202,761808,0
50000,1,2,1,-1,-1,-1,-1,-1,-1,45192,9920,16991,17727,18391,18490,5000,31991,1500,1200,10000,1000,4808,40080,33009,32273,31609,31510,76020,0
410000,1,2,1,-1,-1,-1,-1,-1,-1,7189,15646,15678,40512,17884,34251,16090,16076,40203,17974,34518,369,402811,394354,394322,369488,392116,375749,5930,0
210000,1,2,1,-2,-2,-2,-2,-2,-2,0,0,1865,-3,-3,3677,0,1865,0,0,3680,0,210000,210000,208135,210003,210003,206323,-9,0
140000,2,2,2,-1,-1,-1,-1,-1,-1,1288,-4925,136239,137748,81195,47338,0,143200,5200,2352,2000,2000,138712,144925,3761,2252,58805,92662,244131,0
80000,3,1,2,2,-1,-1,2,-1,-1,28175,57433,61513,59769,61937,66088,30000,5000,0,3000,5000,5000,51825,22567,18487,20231,18063,13912,286915,1
30000,2,2,2,1,2,2,2,2,2,10916,11940,11462,13263,12758,13545,1500,0,2300,0,1300,800,19084,18060,18538,16737,17242,16455,67984,1
200000,1,1,2,-1,2,-1,2,-1,-1,760,380,760,380,380,0,0,760,0,380,0,154350,199240,199620,199240,199620,199620,200000,-152830,0
550000,1,2,2,1,2,2,-2,-1,-1,17516,1600,94,100,704,7480,0,94,112,704,7491,7000,532484,548400,549906,549900,549296,542520,12093,0
80000,2,2,1,1,-2,-2,-1,2,2,-1461,-1461,-1458,16950,16475,19284,0,3,18950,0,5889,0,81461,81461,81458,63050,63525,60716,23487,1
50000,1,2,1,-1,-1,-1,-1,-1,-1,49357,49983,50516,50987,48960,48691,2100,2000,2500,2000,1800,2000,643,17,-516,-987,1040,1309,286094,0
30000,1,2,1,1,2,2,-1,-1,-1,24599,23397,22721,22403,21972,22512,1700,0,1700,900,1000,900,5401,6603,7279,7597,8028,7488,131404,0
100000,1,2,1,-1,-1,-1,-1,-1,-1,2724,46286,46435,4398,3437,3476,45000,2300,1000,0,1000,100,97276,53714,53565,95602,96563,96524,57356,0
70000,1,2,1,-1,-1,-2,-2,-2,-1,2219,0,0,0,0,1453,0,0,0,0,1453,0,67781,70000,70000,70000,70000,68547,2219,0
220000,1,2,2,-1,-1,-1,-1,-1,-1,13596,34661,29084,31770,3322,32528,34661,11000,31770,3322,32528,139961,206404,185339,190916,188230,216678,187472,-108281,0
30000,2,2,1,1,-1,2,2,-1,-1,0,1170,390,0,9494,11473,1170,0,0,9494,3000,378,30000,28830,29610,30000,20506,18527,8485,1
250000,2,2,1,-2,-2,-2,-2,-2,-2,22303,51749,186394,9458,6620,10040,51762,186398,9467,6620,10040,8960,227697,198251,63606,240542,243380,239960,13317,0
20000,3,2,1,1,2,-1,-1,-1,2,18953,14043,13266,14340,15301,14916,18,1600,1600,1500,0,1000,1047,5957,6734,5660,4699,5084,85101,0
210000,2,2,1,-1,-1,-1,-1,-1,-1,118905,118620,78297,36137,33264,29493,5000,4000,2000,2000,2000,2000,91095,91380,131703,173863,176736,180507,397716,0
360000,1,2,1,1,-2,-2,-2,-2,-2,0,0,0,0,0,0,0,0,0,0,0,0,360000,360000,360000,360000,360000,360000,0,0
170000,2,2,1,-1,-1,-1,-1,-1,-1,23070,186183,164405,93983,2806,1732,164000,7000,5215,3500,2000,300,146930,-16183,5595,76017,167194,168268,290164,0
10000,2,2,1,-1,-1,-1,-1,-1,-1,9363,9990,-10,6390,6682,7271,1000,0,6400,400,700,500,637,10,10010,3610,3318,2729,30686,0
280000,2,2,2,-1,-1,-1,-1,-1,-1,31272,40688,139417,144087,147694,155284,10000,100000,7000,6000,10000,8000,248728,239312,140583,135913,132306,124716,517442,1
30000,2,2,1,-1,-1,-1,-1,-1,-1,4921,3810,3890,2199,2209,1429,1500,2000,2000,400,0,500,25079,26190,26110,27801,27791,28571,12058,1
20000,2,2,1,-1,-1,-1,-1,-1,2,15110,16548,17443,16216,18027,12364,2000,1500,1500,2000,0,1000,4890,3452,2557,3784,1973,7636,87708,0
10000,1,2,1,-1,-1,-1,-1,-1,-1,6376,7386,8581,9765,10066,10151,1121,1316,1500,450,500,800,3624,2614,1419,235,-66,-151,46638,1
80000,2,2,1,-1,-1,-1,-1,-1,-1,350,-40,70,180,-210,220,0,500,500,0,820,500,79650,80040,79930,79820,80210,79780,-1750,0
360000,1,2,1,-1,-1,-1,-1,-1,-1,109997,205119,209680,213527,174907,126309,100000,8270,8423,6753,5139,5000,250003,154881,150320,146473,185093,233691,905954,0
250000,1,2,2,1,-2,-1,-1,-1,-1,-160,-550,450,330,-60,1540,0,1390,660,0,1600,3000,250160,250550,249550,249670,250060,248460,-5100,0
170000,2,2,2,-1,-1,-1,-1,-1,-1,2754,2754,2754,2754,2754,2754,2754,2754,2754,2754,2754,2754,167246,167246,167246,167246,167246,167246,0,0
80000,1,2,2,-1,-1,-1,-1,-1,-1,73983,75454,77738,77235,76835,34751,3300,4100,2000,0,0,0,6017,4546,2262,2765,3165,45249,406596,1
130000,2,1,2,-1,-1,-1,-1,-1,-1,39251,40772,40437,9919,10295,7964,2500,3200,1200,500,447,1000,90749,89228,89563,120081,119705,122036,139791,0
260000,2,2,2,-1,-1,-1,-1,-1,-1,32324,24103,20158,12619,176498,172274,1503,2260,3030,170039,6227,6052,227676,235897,239842,247381,83502,87726,248865,0
20000,2,1,2,1,4,3,2,-1,-1,21676,21054,20442,19773,20238,18062,0,0,0,1000,1000,1000,-1676,-1054,-442,227,-238,1938,118245,0
400000,1,1,2,2,2,-1,-1,-2,-2,187698,190103,195498,0,0,0,7000,10000,0,0,0,4290,212302,209897,204502,400000,400000,400000,552009,1
220000,1,1,2,-1,-1,-1,-1,-1,-1,586,-64,942,5378,126,3419,0,1006,6031,1003,4003,16,219414,220064,219058,214622,219874,216581,-1672,0
180000,3,2,1,-1,-1,-1,-1,-1,-1,172511,177587,175867,159053,126688,122947,8008,6528,6500,5000,5000,5000,7489,2413,4133,20947,53312,57053,898617,0
10000,2,2,1,-1,-1,-1,-1,-1,-1,9893,8694,8365,9526,9711,9764,1125,1146,1307,492,357,901,107,1306,1635,474,289,236,50625,0
500000,3,2,4,-1,-1,-1,-1,-1,2,17362,16666,16666,16666,33923,16666,16666,16666,16666,33923,0,16666,482638,483334,483334,483334,466077,483334,17362,0
50000,2,2,2,-1,-1,-1,-1,-1,-1,47816,49694,48543,46366,9076,9812,3000,3000,3019,3000,1000,2000,2184,306,1457,3634,40924,40188,196288,0
180000,2,1,2,-2,-2,-2,-2,-2,-2,15315,0,0,0,500,2240,0,0,0,500,2240,1800,164685,180000,180000,180000,179500,177760,13515,0
370000,2,1,2,1,2,-1,2,-1,-1,3633,1746,3677,1746,1746,1746,0,3677,0,1746,1746,1746,366367,368254,366323,368254,368254,368254,5379,0
360000,1,1,2,-1,-1,-1,-1,-1,-1,68438,71287,73406,74397,75467,79841,4000,3009,3509,3500,5000,5019,291562,288713,286594,285603,284533,280159,418799,0
230000,2,1,3,-1,-1,-1,-1,-1,-1,33842,35273,36693,37006,36519,31204,2000,2000,2000,2500,2000,2000,196158,194727,193307,192994,193481,198796,198037,0
270000,1,1,3,1,-1,-1,-1,-1,-1,0,278,608,494,315,0,278,608,494,315,0,181,270000,269722,269392,269506,269685,270000,-181,0
150000,1,1,2,-2,-2,-2,-2,-2,-2,5819,805,-48,8029,2188,9157,809,0,8077,2199,9202,2112,144181,149195,150048,141971,147812,140843,3551,0
170000,2,1,2,-2,-2,-2,-2,-2,-2,0,0,0,0,0,0,0,0,0,0,0,0,170000,170000,170000,170000,170000,170000,0,0
10000,2,1,3,-2,-2,-2,-2,-2,-2,3311,7244,3980,0,9263,3693,7244,4000,0,9263,3693,0,6689,2756,6020,10000,737,6307,3291,0
210000,1,1,3,-1,-1,-1,-1,-1,-1,8417,15271,12803,13984,9958,13066,15271,12831,13996,9958,13066,6151,201583,194729,197197,196016,200042,196934,2226,0
270000,1,1,2,-2,-2,-2,-2,-1,-1,10648,0,15332,9094,225604,7443,0,3119,9124,225616,7443,69550,259352,270000,254668,260906,44396,262557,-46731,0
50000,2,2,3,-1,-1,-1,-1,-1,-1,15735,15681,35492,7988,8986,10463,1500,3100,3000,1500,2000,1500,34265,34319,14508,42012,41014,39537,81745,0
250000,2,1,2,-1,-1,-1,-1,-1,-1,6461,8117,2200,3772,8650,17650,8117,2200,3772,8650,10000,4646,243539,241883,247800,246228,241350,232350,9465,0
50000,1,2,2,2,-1,-1,-1,-1,-1,50481,48264,19142,18188,18397,18161,3183,1565,7240,795,1000,673,-481,1736,30858,31812,31603,31839,158177,1
280000,2,1,2,-1,-1,-1,-1,-1,-1,202260,102097,104596,106950,87706,88396,4000,4000,4000,3000,3600,3100,77740,177903,175404,173050,192294,191604,670305,0
210000,2,1,2,-1,-1,-2,-2,-1,-1,5811,0,0,0,1243,0,0,0,0,1243,0,0,204189,210000,210000,210000,208757,210000,5811,0
360000,1,1,3,1,-1,-1,-2,-2,-2,0,709,0,0,0,0,709,0,0,0,0,0,360000,359291,360000,360000,360000,360000,0,0
250000,2,1,3,-1,-1,-1,-1,-1,-1,254933,244433,249882,248013,99071,98928,8754,10866,5592,2212,2565,2156,-4933,5567,118,1987,150929,151072,1163115,0
170000,4,1,3,-1,-1,-1,-1,-1,-2,69072,153837,144225,111983,0,0,100467,50269,3567,0,0,0,100928,16163,25775,58017,170000,170000,324814,0
140000,2,2,2,-1,-1,-1,2,-1,-1,137611,135905,142477,140617,139353,140953,6010,12500,4009,5000,6000,5300,2389,4095,-2477,-617,647,-953,798097,0
30000,2,4,1,-1,-1,-1,-1,-1,-1,28409,28530,29435,30841,29434,16565,2000,2000,2000,1765,331,0,1591,1470,565,-841,566,13435,155118,0
20000,2,2,1,2,-1,-1,-1,-1,2,14414,15424,16448,17462,18305,17871,1554,1578,1592,1435,0,1663,5586,4576,3552,2538,1695,2129,92102,1
50000,2,4,1,-1,-1,-1,-1,-1,-1,50784,50670,50222,20013,39721,30526,2300,2000,1682,41803,1261,1200,-784,-670,-222,29987,10279,19474,191690,0
50000,1,4,1,-1,-1,-1,-1,-1,-1,36809,33121,29672,22365,12702,4134,5143,5000,1021,0,3000,0,13191,16879,20328,27635,37298,45866,124639,0
60000,2,4,1,-1,-1,-1,-1,-1,-1,60330,60382,60264,46149,28990,30067,2500,2501,1506,1000,1500,2000,-330,-382,-264,13851,31010,29933,275175,1
170000,1,1,4,-1,-1,-1,-1,-1,-1,316,316,316,316,316,316,316,316,316,316,316,316,169684,169684,169684,169684,169684,169684,0,0
220000,1,1,3,-1,-1,-1,-1,-1,-1,2358,156,0,50510,2202,4533,156,0,50510,0,5131,0,217642,219844,220000,169490,217798,215467,3962,0
50000,2,2,2,1,2,-1,-1,-2,-2,27369,6425,4580,0,0,0,0,1050,0,0,0,0,22631,43575,45420,50000,50000,50000,37324,0
20000,2,4,1,-1,-1,-1,-1,-1,-1,19242,15014,13484,7612,8612,5007,1500,1535,1000,1000,1000,0,758,4986,6516,12388,11388,14993,62936,0
20000,2,2,2,-1,-1,-1,-1,-1,-1,19520,16247,6687,5165,5060,2180,1623,1262,1101,2180,0,0,480,3753,13313,14835,14940,17820,48693,0
50000,2,4,2,1,2,-1,-1,-1,-1,49310,48210,48673,33270,7689,15529,0,2310,1900,400,8000,1000,690,1790,1327,16730,42311,34471,189071,1
160000,1,2,1,-1,-1,-1,-1,-1,-1,146643,151342,152714,141957,140605,143519,6645,4844,6368,3961,4086,4280,13357,8658,7286,18043,19395,16481,846596,0
400000,2,4,1,-1,-1,-1,-1,-1,-1,20030,3497,6725,6016,8985,14705,3513,6742,1435,9030,14778,25730,379970,396503,393275,393984,391015,385295,-1270,0
140000,2,4,1,-1,-1,-1,-1,-1,-1,134936,137328,138767,137231,128228,110803,6700,6704,5000,4155,4100,3600,5064,2672,1233,2769,11772,29197,757034,0
80000,1,4,1,-1,-1,-1,-1,-1,-1,993,1528,1138,4130,3740,1404,1528,1499,4130,0,1404,1621,79007,78472,78862,75870,76260,78596,2751,0
140000,2,4,1,2,2,3,2,-1,-1,137582,145941,142243,138383,131645,123840,12100,0,0,6000,5000,6000,2418,-5941,-2243,1617,8355,16160,790534,0
340000,1,2,1,-1,-1,-2,-1,-1,-1,307650,0,0,495,495,1528,0,0,495,495,1528,3254,32350,340000,340000,339505,339505,338472,304396,0
70000,2,4,1,-1,-1,-1,-1,-1,-1,7053,9761,50926,48588,49323,50685,3000,45000,3000,2000,2500,2000,62947,60239,19074,21412,20677,19315,158836,0
130000,1,4,1,-2,-2,-2,-1,-1,-2,0,365,894,6006,1385,1666,365,894,6006,1385,1666,0,130000,129635,129106,123994,128615,128334,0,0
30000,3,4,1,1,2,-1,-1,-1,-1,41867,38195,37026,34579,32477,32477,0,2145,1400,1000,0,30305,-11867,-8195,-7026,-4579,-2477,-2477,181771,1
90000,2,4,1,-1,-1,-1,-1,-1,-1,23362,23255,23539,28986,27079,21966,9025,3539,9000,650,584,639,66638,66745,66461,61014,62921,68034,124750,0
30000,2,2,1,1,2,-1,-1,-1,-1,28108,27228,24921,25945,20634,1600,0,1500,5229,942,1704,0,1892,2772,5079,4055,9366,28400,119061,0
100000,2,4,1,1,2,-1,-1,-1,-1,96491,94043,97522,97696,90605,85293,0,5000,3000,2113,2995,139,3509,5957,2478,2304,9395,14707,548403,0
20000,2,2,1,1,2,-1,-1,-1,2,15988,16219,17626,18398,19052,15429,794,1674,1446,1100,0,379,4012,3781,2374,1602,948,4571,97319,0
30000,1,4,1,-1,-1,2,-1,-1,-1,736,1472,736,736,736,1423,1472,0,736,736,1423,831,29264,28528,29264,29264,29264,28577,641,0
90000,1,4,1,-1,-1,-1,-1,2,-1,60374,57829,59492,68365,66832,69248,3000,2600,10000,0,3500,4000,29626,32171,30508,21635,23168,20752,359040,0
20000,1,4,1,2,-1,-1,-1,-1,-1,17476,18807,15784,19062,19444,20004,2000,1500,4300,624,800,600,2524,1193,4216,938,556,-4,100753,1
30000,2,4,1,3,2,2,2,-1,-1,200,200,200,200,29847,30089,0,0,0,29847,340,0,29800,29800,29800,29800,153,-89,30549,0
80000,1,4,1,-1,-1,-1,-1,-1,-1,6518,65145,53655,50279,41166,28657,65145,2386,2000,2000,3000,1000,73482,14855,26345,29721,38834,51343,169889,0
200000,3,4,1,-1,-1,-1,-1,-1,-1,7930,5790,9853,5334,5481,11344,1343,5033,3516,5497,11378,12774,192070,194210,190147,194666,194519,188656,6191,0
60000,3,4,1,-1,-1,-1,-1,-1,-1,60465,60100,58795,47818,28357,29309,3000,2148,3049,3000,3002,1021,-465,-100,1205,12182,31643,30691,269624,0
60000,2,4,1,-1,-1,-1,-1,2,2,60434,60935,56585,77520,29002,30274,2141,3085,3623,0,3158,0,-434,-935,3415,-17520,30998,29726,302743,0
80000,2,2,1,2,2,2,2,2,-2,79026,81521,83628,152452,0,0,4400,4001,12,0,0,0,974,-1521,-3628,-72452,80000,80000,388214,1
20000,1,6,1,2,-1,-1,-1,-1,-1,14033,14993,16244,18300,18100,-1900,1500,1800,2800,0,0,1900,5967,5007,3756,1700,1900,21900,71770,1
130000,2,4,1,2,2,2,2,-1,-1,29929,27812,21213,15443,25371,4264,3412,1700,0,15571,4264,1000,100071,102188,108787,114557,104629,125736,98085,0
20000,2,4,1,2,-1,-1,2,3,2,6655,9711,12450,13949,13437,13082,3200,2900,2000,0,0,4600,13345,10289,7550,6051,6563,6918,56584,1
50000,1,4,1,-1,-1,-1,-1,-1,-1,1980,269,-721,-710,29114,27154,269,710,268,45171,1036,1000,48020,49731,50721,50710,20886,22846,8632,0
60000,2,2,1,2,2,2,-1,-1,-1,58032,61026,44438,35619,30210,1527,4800,0,1539,1500,1527,27887,1968,-1026,15562,24381,29790,58473,193599,1
100000,2,4,1,2,2,2,2,2,2,90680,93267,95189,96332,97560,95885,5000,4300,3600,3700,0,7300,9320,6733,4811,3668,2440,4115,545013,0
70000,3,4,1,-1,-1,-1,-1,-1,-1,5633,6646,7665,8836,9532,9730,1114,1133,1304,1000,351,2523,64367,63354,62335,61164,60468,60270,40617,0
30000,3,4,1,3,2,2,2,2,3,9340,10533,10221,16808,17738,17174,1500,0,6808,1502,0,0,20660,19467,19779,13192,12262,12826,72004,1
10000,1,4,1,1,3,3,2,-1,-1,6251,6498,6744,6977,6593,7481,500,500,500,242,1000,273,3749,3502,3256,3023,3407,2519,37529,0
10000,2,4,1,-1,-1,-1,-1,-1,2,5403,6462,7479,8489,9007,9227,1300,1272,1282,800,500,0,4597,3538,2521,1511,993,773,40913,0
50000,3,4,1,-1,-1,-1,-1,-1,-1,35158,34364,34212,33886,32929,34549,1544,1861,2004,1324,3768,1,14842,15636,15788,16114,17071,15451,194596,1
30000,2,4,1,-2,-2,-2,-2,-2,-2,0,0,0,0,0,0,0,0,0,0,0,0,30000,30000,30000,30000,30000,30000,0,0
30000,2,4,1,-1,-1,-1,-1,-1,-1,26581,27080,26759,27186,27208,27234,1500,1445,1425,1000,1000,2000,3419,2920,3241,2814,2792,2766,153678,1
100000,3,4,1,-1,-1,-1,-1,-1,2,54938,55621,56999,57748,62489,60984,1985,2664,2700,6700,0,2389,45062,44379,43001,42252,37511,39016,332341,0
30000,3,4,1,2,2,-1,-1,2,2,31073,30279,30428,30485,31012,30402,0,1500,2700,1300,0,1117,-1073,-279,-428,-485,-1012,-402,177062,1
90000,2,4,1,-1,-1,-1,-1,-1,-1,15985,11413,61879,56377,51068,51722,4000,55000,3750,2500,2500,2500,74015,78587,28121,33623,38932,38278,178194,0
140000,2,4,1,2,2,2,2,2,2,50643,51916,52903,53652,52201,55497,2400,2400,2200,0,4300,2200,89357,88084,87097,86348,87799,84503,303312,1
50000,2,2,1,-1,-1,-1,-2,-2,-2,25207,25435,0,0,0,0,1000,0,0,0,0,0,24793,24565,50000,50000,50000,50000,49642,0
70000,2,4,1,-1,-1,-1,-1,-2,-1,64927,58840,42859,0,0,2254,2177,5000,0,0,2254,24738,5073,11160,27141,70000,70000,67746,134711,0
10000,2,4,1,1,2,2,2,-1,-1,8599,9695,10385,9987,9987,0,1400,1000,0,0,0,0,1401,305,-385,13,13,10000,46253,1
20000,2,4,1,2,3,2,2,2,2,12764,12267,13266,12756,13801,13439,0,1500,0,1259,0,1200,7236,7733,6734,7244,6199,6561,74334,1
100000,2,4,3,-1,-1,-1,-1,-1,-1,12566,2421,3360,2845,2505,2158,3061,1390,6477,50,43,36,87434,97579,96640,97155,97495,97842,14798,0
130000,1,4,1,-1,-1,-1,-1,-1,-1,116186,111703,105091,100046,96090,90359,5500,4500,3500,6011,3200,4000,13814,18297,24909,29954,33910,39641,592764,0
130000,2,4,1,-1,-1,-1,-1,-1,-1,12163,21895,18885,19057,2511,10358,10095,7005,6013,2511,10358,5000,117837,108105,111115,110943,127489,119642,43887,0
80000,2,4,1,-1,-1,-1,-1,-1,-1,77894,79427,79514,72712,42309,43227,2850,2874,2335,1600,1600,1700,2106,573,486,7288,37691,36773,382124,0
50000,2,4,1,-1,-1,-1,-1,2,-1,48409,39572,16922,19319,17644,18209,1605,1603,3000,0,1000,1000,1591,10428,33078,30681,32356,31791,151867,0
50000,1,4,1,2,2,-1,-1,2,2,50668,46576,46225,46473,45099,45116,0,2120,2810,1000,2083,1500,-668,3424,3775,3527,4901,4884,270644,1
150000,2,2,1,-1,-1,-1,-1,-1,-1,1473,1473,3323,5953,2559,4509,1473,3323,5970,2571,4515,4019,148527,148527,146677,144047,147441,145491,-2581,0
50000,2,6,1,-1,-1,-1,-1,-1,-1,40901,37962,26566,9866,5386,5651,1600,6207,1465,2200,1000,3000,9099,12038,23434,40134,44614,44349,110860,0
70000,2,4,1,-1,-1,-1,-1,-1,-1,105338,100820,96815,90968,86011,81276,3600,3990,2700,2300,2300,3000,-35338,-30820,-26815,-20968,-16011,-11276,543338,0
30000,2,2,1,2,2,2,2,2,2,30372,30954,30670,29856,30584,27883,1805,2074,0,2304,0,2400,-372,-954,-670,144,-584,2117,171736,1
390000,1,4,1,-1,-1,-1,-1,-1,-1,21382,19133,19327,26992,33483,37465,4000,5000,11417,10000,10000,5000,368618,370867,370673,363008,356517,352535,112365,0
80000,2,4,1,-1,-1,-1,-1,-1,-1,36808,38190,39571,40775,40592,20650,2000,2000,1867,1784,1050,0,43192,41810,40429,39225,39408,59350,207885,0
70000,1,4,1,-1,-1,-1,-1,-1,-1,41614,43610,46581,47634,51305,52580,3000,4000,1829,4500,2100,2500,28386,26390,23419,22366,18695,17420,265395,0
30000,2,4,1,-1,-1,-1,2,-1,-1,10550,11670,13469,14045,14509,16962,1300,2000,1100,1000,2700,500,19450,18330,16531,15955,15491,13038,72605,1
60000,2,4,1,-1,-1,-1,-1,-1,-1,45995,44955,20264,20614,20877,21535,2400,1700,1403,1000,1000,1000,14005,15045,39736,39386,39123,38465,165737,0
20000,3,2,1,-1,-1,-1,-1,-1,-1,13506,14772,16520,17623,15237,13776,1500,2000,1500,506,803,1009,6494,5228,3480,2377,4763,6224,84116,0
70000,2,4,1,-1,-1,-1,-1,2,2,73939,70488,51152,35122,28633,28039,3000,2000,4500,1200,0,1200,-3939,-488,18848,34878,41367,41961,275473,1
200000,2,4,1,-1,-1,-1,-1,-1,-1,195520,195884,194045,189557,177185,171010,7080,8000,7011,8500,6010,6000,4480,4116,5955,10443,22815,28990,1080600,0
50000,2,4,1,-1,-1,-1,-1,-1,-1,48227,48273,42670,49263,18296,34822,2000,2520,20000,1000,1000,1000,1773,1727,7330,737,31704,15178,214031,0
50000,2,2,1,1,2,-1,-1,-1,-1,52180,51009,49025,38697,18561,18952,0,2080,1600,657,683,838,-2180,-1009,975,11303,31439,31048,222566,0
20000,2,4,1,-1,-1,-1,-1,2,-1,13858,15121,16472,18087,17499,17868,1500,1600,2200,0,650,1450,6142,4879,3528,1913,2501,2132,91505,0
50000,1,4,1,1,2,-1,-1,-1,-1,34443,33590,34651,35677,36485,37300,0,1600,1600,1400,1400,1400,15557,16410,15349,14323,13515,12700,204746,0
90000,2,4,1,-1,-1,-1,-1,-1,-1,35411,17417,26046,10689,12455,15181,10000,14790,5000,5249,9932,0,54589,72583,63954,79311,77545,74819,72228,0
100000,2,4,1,2,-1,-1,-1,-1,-1,177646,94299,96389,97571,86202,92282,7900,4500,3800,3500,7500,3500,-77646,5701,3611,2429,13798,7718,613689,0
70000,2,4,1,-1,-1,-1,-1,-1,-1,61094,62483,63882,64733,66680,71243,3000,3000,2500,3000,5800,0,8906,7517,6118,5267,3320,-1243,372815,0
90000,2,4,1,-1,-1,-1,-1,-1,-2,87711,80699,68100,33434,0,0,3248,2991,2655,0,0,0,2289,9301,21900,56566,90000,90000,261050,0
30000,3,2,1,-1,-1,2,-1,-1,-1,27552,30686,29915,29994,27310,27778,3605,2,1731,1093,1026,1964,2448,-686,85,6,2690,2222,163814,0
100000,1,4,1,-1,-1,-1,-1,-1,-1,81152,81912,83231,62421,63814,65164,3000,2700,2270,2433,2530,2400,18848,18088,16769,37579,36186,34836,422361,0
280000,2,4,1,-1,-1,-1,-1,-1,-1,196909,176261,174573,174488,172747,126494,6285,5897,5895,7747,6509,11234,83091,103739,105427,105512,107253,153506,977905,0
100000,2,4,1,1,2,2,2,-1,-1,101080,87572,92041,75461,74233,76543,0,7690,0,2800,5700,0,-1080,12428,7959,24539,25767,23457,490740,0
140000,2,2,1,-1,-1,-1,-1,-1,-1,62204,65280,56504,53528,42168,25742,7028,6000,5026,5000,3000,2000,77796,74720,83496,86472,97832,114258,277372,0
10000,1,4,1,2,-1,-1,2,-1,-1,6100,7274,9596,9289,9593,9795,1281,2603,0,1000,500,421,3900,2726,404,711,407,205,45842,1
50000,2,2,1,-1,-1,-1,-1,-1,-1,48198,45579,43670,16643,10021,9833,2195,1978,1144,341,345,510,1802,4421,6330,33357,39979,40167,167431,0
120000,1,4,1,-1,-1,-2,-2,-1,-1,2750,-650,-975,-1625,2561,4187,0,0,0,4186,2000,1000,117250,120650,120975,121625,117439,115813,-938,0
20000,2,2,1,-1,-1,-1,-1,-1,-1,10489,8652,7143,6044,780,116,1222,1200,1004,780,116,806,9511,11348,12857,13956,19220,19884,28096,1
30000,2,2,1,-1,-1,2,-1,-1,-1,390,780,390,780,390,390,780,0,780,0,390,150,29610,29220,29610,29220,29610,29610,1020,0
130000,2,4,1,1,-2,-2,-2,-2,-2,0,0,0,0,0,0,0,0,0,0,0,0,130000,130000,130000,130000,130000,130000,0,0
150000,1,4,1,-2,-2,-2,-2,-2,-2,5200,1689,-17,3996,2278,1132,1689,0,4013,2278,1132,4721,144800,148311,150017,146004,147722,148868,445,0
180000,2,2,1,-1,-1,-1,-1,-1,-1,114556,116155,120264,124203,125702,128734,5000,6000,6000,5000,5000,10000,65444,63845,59736,55797,54298,51266,692614,0
400000,2,4,1,-1,-1,-1,-1,-1,-1,74465,68544,60763,53184,45776,38432,3600,2200,1700,1500,1315,800,325535,331456,339237,346816,354224,361568,330049,0
300000,1,4,1,1,-2,-2,-1,-1,-2,-2,-2,0,876,0,0,874,876,876,0,0,0,300002,300002,300000,299124,300000,300000,-1754,0
30000,1,4,1,2,-1,-1,-1,-1,-1,23575,24584,25885,26851,26808,27599,1400,1700,1900,557,1000,2000,6425,5416,4115,3149,3192,2401,146745,0
130000,1,4,1,-2,-2,-2,-2,-2,-2,0,0,734,0,390,988,0,734,0,390,988,1990,130000,130000,129266,130000,129610,129012,-1990,0
20000,3,2,1,-1,-1,-1,2,-1,-1,15271,16707,20601,19952,19586,18528,2000,4500,0,671,700,2000,4729,3293,-601,48,414,1472,100774,1
50000,2,2,1,2,-1,-1,-1,-1,-1,50151,48945,36467,18890,30288,30003,1724,1819,2664,31057,1064,1073,-151,1055,13533,31110,19712,19997,175343,0
80000,2,4,1,1,2,2,2,2,-2,4073,3863,8109,7849,0,0,0,4500,21,0,0,0,75927,76137,71891,72151,80000,80000,19373,0
20000,2,4,1,-1,-1,-1,-1,-1,-1,16932,17938,18798,19347,8007,4890,1596,1456,1005,160,98,0,3068,2062,1202,653,11993,15110,81597,0
50000,2,4,1,2,2,2,2,2,-1,48407,47760,45064,45744,43123,42343,2100,0,3400,0,1528,3038,1593,2240,4936,4256,6877,7657,262375,1
80000,2,4,1,-1,-1,-1,-1,-1,-1,80919,77264,79332,80969,79144,79023,3000,3700,4000,3000,3300,3050,-919,2736,668,-969,856,977,456601,0
340000,1,4,1,-1,-1,-1,-1,-1,-1,4617,13054,15449,9610,4173,12929,13054,15449,9610,4373,12929,8000,335383,326946,324551,330390,335827,327071,-3583,0
30000,2,2,1,-1,-1,-1,-1,-1,-1,29083,27227,28327,27831,14215,32635,1500,1938,2000,505,25000,1229,917,2773,1673,2169,15785,-2635,127146,0
120000,2,4,1,-1,-1,-1,-1,-1,-1,57449,38254,23017,14440,4770,1595,1743,1640,1010,95,1595,0,62551,81746,96983,105560,115230,118405,133442,0
50000,1,4,1,1,2,2,-2,-2,-2,4040,3800,0,0,0,0,0,0,0,0,0,0,45960,46200,50000,50000,50000,50000,7840,1
50000,2,4,1,-1,-1,-1,-1,-1,-1,33944,29194,27862,21229,20178,19275,1513,2000,2000,1000,1000,1000,16056,20806,22138,28771,29822,30725,143169,0
500000,1,4,1,-1,-1,-1,-1,-1,-2,27250,20000,19501,20000,0,0,20000,19501,1000,0,0,0,472750,480000,480499,480000,500000,500000,46250,0
360000,2,4,1,2,2,-2,-2,-2,-2,2500,0,0,0,0,0,0,0,0,0,0,0,357500,360000,360000,360000,360000,360000,2500,1
60000,1,4,1,1,-1,2,-1,-1,-1,0,3187,2816,3579,3400,4417,3366,0,1000,0,1017,0,60000,56813,57184,56421,56600,55583,12016,0
50000,2,4,1,-1,-1,-1,-1,-1,-1,50686,49525,49603,49222,30421,30352,1779,3001,1558,1045,1074,1634,-686,475,397,778,19579,19648,249718,0
130000,1,4,1,-1,-1,-1,-1,-1,-1,15700,250,7671,12088,74088,63593,250,7671,5000,65000,3000,41803,114300,129750,122329,117912,55912,66407,50666,0
360000,2,4,1,-1,-1,-1,-1,-1,-1,58653,56329,55957,52392,61700,42975,5886,4054,8412,15096,1208,3000,301347,303671,304043,307608,298300,317025,290350,0
160000,2,4,1,1,2,-1,-1,-1,-1,156506,157177,157804,157478,156098,156659,7000,6000,7217,6000,6000,6000,3494,2823,2196,2522,3902,3341,903505,0
360000,2,2,1,-2,-2,-2,-2,-2,-2,5146,15381,0,0,0,0,15381,0,0,0,0,0,354854,344619,360000,360000,360000,360000,5146,0
210000,2,4,1,-2,-2,-2,-2,-2,-2,2316,2316,2836,2316,1446,131242,2316,2836,2316,1446,131242,5000,207684,207684,207164,207684,208554,78758,-2684,0
230000,2,4,1,2,-1,-1,2,2,2,183197,185399,198941,201358,204067,200720,6724,18150,7200,7500,0,15079,46803,44601,31059,28642,25933,29280,1119029,1
70000,2,4,1,2,2,2,-1,-1,-1,34263,37375,36498,37516,38587,43924,4000,0,1929,2000,6000,3700,35737,32625,33502,32484,31413,26076,210534,1
50000,2,2,1,-1,-1,-1,-1,-1,-1,2126,1513,1246,1111,3018,5847,1513,1246,1111,3018,5847,1273,47874,48487,48754,48889,46982,44153,853,0
80000,2,4,1,-1,-1,-1,-1,-2,-2,2177,1677,7360,0,0,0,2000,5860,0,0,0,0,77823,78323,72640,80000,80000,80000,3354,0
100000,2,4,1,-1,-1,-1,-1,-1,-1,1734,6645,7725,11246,9755,8260,6649,2704,5250,4,0,24,98266,93355,92275,88754,90245,91740,30734,1
200000,2,2,1,-1,-1,-1,-1,-1,-1,197142,198367,96731,67431,60690,60442,9197,3700,6478,2114,2337,2401,2858,1633,103269,132569,139310,139558,654576,0
70000,2,4,1,-1,-1,-1,-1,-1,-1,68462,69205,70644,70759,70352,70659,3100,3160,3100,2500,2600,2800,1538,795,-644,-759,-352,-659,402821,0
110000,1,2,1,-1,-1,-1,-1,-1,2,109474,110723,111125,106828,84729,82910,11602,4238,4316,11190,0,3000,526,-723,-1125,3172,25271,27090,571443,0
50000,1,4,1,1,2,2,2,2,2,51943,50800,51967,50794,51911,50976,0,4156,0,4100,0,2000,-1943,-800,-1967,-794,-1911,-976,298135,1
50000,1,4,1,1,2,-1,-1,-1,-1,43810,44184,4273,4999,5726,1473,1500,1300,2390,2200,0,3283,6190,5816,45727,45001,44274,48527,93792,0
70000,2,4,1,-1,-1,2,2,-1,-1,25105,27867,28125,28364,29586,30110,3500,1000,1000,2000,1000,1500,44895,42133,41875,41636,40414,39890,159157,0
60000,2,4,1,3,2,2,2,4,3,56670,57252,55764,64522,62945,61700,2100,0,9700,0,0,0,3330,2748,4236,-4522,-2945,-1700,347053,1
130000,2,2,1,-1,-1,-1,-1,-1,-1,76885,79106,81231,81983,83773,85532,3500,4000,3000,3146,3260,3200,53115,50894,48769,48017,46227,44468,468404,0
150000,2,4,1,2,2,2,2,2,2,114074,116313,118700,115328,121084,123473,5600,5700,0,9200,4500,0,35926,33687,31300,34672,28916,26527,683972,1
30000,2,4,1,-1,-1,2,2,2,-1,17845,20615,19962,18191,12134,6879,3384,0,1450,0,500,2417,12155,9385,10038,11809,17866,23121,87875,0
200000,2,4,1,-1,-1,-1,-1,-1,-1,12557,11443,4794,11720,12293,10798,1084,1024,11726,2608,344,253,187443,188557,195206,188280,187707,189202,46566,0
50000,2,2,1,-1,-1,-1,-1,-1,-1,48712,98492,50095,49057,17426,17789,2128,2477,2409,769,792,659,1288,-48492,-95,943,32574,32211,272337,0
260000,1,4,1,1,-1,-1,-1,-1,-1,0,18488,17276,6165,9219,980,18488,17276,6179,9219,0,9012,260000,241512,242724,253835,250781,259020,-8046,0
360000,1,4,1,-1,-1,-1,-1,-1,-1,8805,10768,16659,25302,15147,5281,5001,6688,16251,394,5307,5389,351195,349232,343341,334698,344853,354719,42932,0
30000,2,4,1,2,2,2,-1,-1,-1,13519,16493,15545,16557,16857,18121,3211,0,1275,575,1539,700,16481,13507,14455,13443,13143,11879,89792,1
100000,2,2,1,-1,-1,-1,2,2,2,73742,75216,82006,84044,84532,80828,2700,8000,4304,3000,0,3000,26258,24784,17994,15956,15468,19172,459364,1
80000,2,2,1,-1,-1,2,2,-1,-1,52533,56340,57022,55081,55350,55906,5120,2600,0,2200,2028,3000,27467,23660,22978,24919,24650,24094,317284,0
30000,2,2,1,-1,-1,-1,-1,-1,2,27030,23830,24943,27507,30767,29762,2379,1500,3000,3722,0,1543,2970,6170,5057,2493,-767,238,151695,0
400000,1,4,1,-1,-1,-1,-1,-1,2,1026,8968,1600,8799,6171,4921,9066,1608,9070,1001,3,2214,398974,391032,398400,391201,393829,395079,8523,0
240000,1,4,1,-1,2,2,-2,-2,-2,3126,3126,626,626,776,783,626,626,626,776,783,1252,236874,236874,239374,239374,239224,239217,4374,0
110000,2,4,2,2,2,2,2,2,-1,124206,124679,126200,130540,127114,111429,4000,5000,8000,0,5000,5000,-14206,-14679,-16200,-20540,-17114,-1429,717168,1
220000,1,4,1,-1,-1,-1,-1,-1,-1,57739,42144,19270,1500,5520,0,2000,1000,1500,5520,0,0,162261,177856,200730,218500,214480,220000,116153,0
200000,1,4,1,-1,-1,-1,-1,-1,-1,105051,99648,144932,134530,129395,124561,32000,60000,6305,4300,4500,4500,94949,100352,55068,65470,70605,75439,626512,0
360000,2,4,1,-1,-1,-1,-1,-1,-1,264971,257086,253407,259551,265149,340930,9043,8847,10000,10000,80016,15000,95029,102914,106593,100449,94851,19070,1508188,0
30000,2,4,1,2,2,2,2,2,2,19334,20218,19607,21778,22124,22622,1500,0,2500,1000,1000,900,10666,9782,10393,8222,7876,7378,118783,0
110000,1,4,1,-1,-1,-1,-1,-1,-1,107649,82139,74760,63520,62529,58228,3500,3899,3000,1800,3000,2000,2351,27861,35240,46480,47471,51772,431626,0
80000,1,4,1,-1,-1,-1,-1,-1,-1,33947,37339,36601,40589,42675,44567,4000,2500,5000,3000,2500,10000,46053,42661,43399,39411,37325,35433,208718,0
50000,2,4,2,-1,-1,-1,-1,-1,-1,13517,14536,15694,16431,17056,17581,1550,1700,1300,900,800,800,36483,35464,34306,33569,32944,32419,87765,0
100000,1,4,1,1,2,-1,-1,-1,-1,74001,72222,73859,75427,76587,78711,0,3400,3400,3000,3500,3200,25999,27778,26141,24573,23413,21289,434307,1
50000,2,4,1,-1,-1,-1,-1,-1,-1,26871,19785,10103,9763,9592,7797,1500,1500,1500,1500,1200,1300,23129,30215,39897,40237,40408,42203,75411,0
350000,3,4,1,-2,-2,-2,-2,-2,-2,0,0,0,0,0,0,0,0,0,0,0,0,350000,350000,350000,350000,350000,350000,0,1
80000,3,2,1,-1,-1,-1,-1,-1,-1,63900,65343,66171,58683,43421,44267,3000,2470,2228,1516,2000,1556,16100,14657,13829,21317,36579,35733,329015,1
90000,1,2,1,-1,-1,-1,-1,-1,-1,45343,31228,29756,27751,20292,14937,2967,2007,1429,1092,412,263,44657,58772,60244,62249,69708,75063,161137,0
120000,1,4,1,-1,-1,-1,-1,-1,-1,110994,29177,30212,31226,31844,32513,1471,1506,1520,1138,1180,1345,9006,90823,89788,88774,88156,87487,257806,0
50000,1,4,1,-1,-1,-1,-1,-1,-1,3624,4487,4545,6249,6249,6249,1100,1600,2000,0,0,0,46376,45513,45455,43751,43751,43751,26703,0
50000,2,4,1,-1,-1,-1,-1,-1,-1,19455,13675,10476,11197,11609,11922,1500,1500,1200,600,500,800,30545,36325,39524,38803,38391,38078,72234,0
90000,2,4,1,-1,-1,-1,-1,-1,2,10648,10951,11288,10852,10519,9235,1500,1529,1113,800,0,2000,79352,79049,78712,79148,79481,80765,56551,0
70000,2,4,1,-1,-1,-1,-1,-1,-1,32486,33640,35286,36889,34152,36694,2000,2500,2519,5090,3100,0,37514,36360,34714,33111,35848,33306,193938,0
10000,2,2,2,3,2,-1,-1,-1,-1,10243,9920,8894,8136,8449,8493,0,1281,1135,448,329,287,-243,80,1106,1864,1551,1507,50655,0
130000,2,4,1,-1,-1,-1,2,-1,-1,867,1110,1170,780,390,0,1200,1170,0,0,0,780,129133,128890,128830,129220,129610,130000,1167,0
360000,1,4,1,-1,-1,-1,-1,-1,-1,130640,120058,110795,101668,78730,66682,4500,4100,4208,3000,2300,1800,229360,239942,249205,258332,281270,293318,588665,0
80000,2,2,2,-1,-1,2,2,2,3,63706,66613,69602,70752,74183,72727,5660,4688,2900,5200,0,3000,16294,13387,10398,9248,5817,7273,396135,0
70000,2,4,1,-1,-1,-1,-1,2,-1,47938,49638,51005,54141,52676,53871,2500,2464,4600,0,2200,2180,22062,20362,18995,15859,17324,16129,295325,0
30000,1,4,1,2,2,-1,-1,-1,-1,29188,25908,19998,15675,8240,438,0,1441,1000,165,438,0,812,4092,10002,14325,21760,29562,96403,1
80000,2,4,1,-1,-1,-1,-1,-1,-1,68250,68817,71181,68997,70364,71842,3000,3500,3000,2503,2596,3000,11750,11183,8819,11003,9636,8158,401852,0
80000,2,4,1,-2,-2,-1,-1,-1,-1,1138,800,179,1755,0,1190,804,179,1755,0,1190,0,78862,79200,79821,78245,80000,78810,1134,0
150000,1,4,1,-1,-1,-1,-1,2,2,110018,47600,26219,17705,17920,17494,2400,1619,2550,800,0,700,39982,102400,123781,132295,132080,132506,228887,0
260000,2,4,1,-1,-1,-1,-1,-1,-1,193000,149410,138021,98578,84967,83224,5072,4439,3079,3020,3036,4554,67000,110590,121979,161422,175033,176776,724000,0
20000,2,2,1,-1,-1,-1,2,3,3,14757,16196,17825,20234,20510,19897,2000,2200,3000,900,0,500,5243,3804,2175,-234,-510,103,100819,0
20000,2,4,1,-1,-1,-1,-1,-1,-1,7561,8576,9621,10485,10700,10922,1144,1189,1053,268,277,358,12439,11424,10379,9515,9300,9078,53576,1
200000,2,4,1,1,2,-1,-1,-1,-1,18354,9000,9306,9306,9000,9000,0,9306,9306,9000,9000,9300,181646,191000,190694,190694,191000,191000,18054,0
110000,2,2,1,-1,4,3,2,3,2,96343,93959,91624,96190,95233,97760,0,0,7000,1500,4200,3500,13657,16041,18376,13810,14767,12240,554909,1
160000,1,2,1,-1,-1,-1,-1,-1,-1,2990,8619,4405,4445,2820,4970,8619,1000,4000,2820,4970,2825,157010,151381,155595,155555,157180,155030,4015,0
20000,2,2,1,-1,-1,-1,-1,-1,-1,17191,18594,19489,20200,20000,0,2000,1500,1200,0,0,0,2809,1406,511,-200,0,20000,90774,0
110000,2,4,1,-1,-1,-1,-1,-1,-1,63376,67293,67536,77697,82888,88048,5000,1317,11380,6508,6540,6671,46624,42707,42464,32303,27112,21952,409422,0
200000,1,4,2,-1,-1,2,2,2,2,182967,194924,75635,94454,60875,41221,15349,10,32000,0,3000,0,17033,5076,124365,105546,139125,158779,599717,1
50000,3,4,1,2,-1,-1,-1,-1,-1,48259,48740,26953,27860,28420,29045,1726,1500,1376,936,1000,1100,1741,1260,23047,22140,21580,20955,201639,1
340000,2,4,2,-1,-1,-1,-1,-1,-1,257884,254863,24810,27502,3490,99514,13000,2000,5000,3490,99000,5000,82116,85137,315190,312498,336510,240486,540573,0
220000,1,4,2,-2,-2,-2,-2,-2,-2,6391,2383,1496,5199,20718,12428,2402,1503,5233,20828,12490,1601,213609,217617,218504,214801,199282,207572,4558,0
180000,2,4,2,-1,-1,-1,-1,-1,-1,148860,135814,138654,130773,121293,123947,6500,7000,6600,4700,5100,4700,31140,44186,41346,49227,58707,56053,764741,0
110000,4,4,2,3,2,-1,-1,-1,-1,109655,98133,95391,79409,78014,77709,3500,3515,3307,3014,3009,4000,345,11867,14609,30591,31986,32291,517966,0
50000,2,2,2,-1,-1,-1,-1,-1,-1,49330,49547,49740,50275,20089,19964,2150,2100,2097,1289,712,713,670,453,260,-275,29911,30036,229884,0
50000,3,4,1,1,3,3,2,2,2,40527,42066,41126,40165,42683,43843,2500,0,0,3200,2000,1700,9473,7934,8874,9835,7317,6157,241010,0
240000,2,4,1,-1,-1,-1,-1,-1,-1,17486,16262,6046,3774,889,5474,5005,3000,1000,18,5000,2500,222514,223738,233954,236226,239111,234526,33408,0
200000,1,4,1,-2,-2,-2,-2,-2,-2,56555,0,0,3941,16405,-150,0,0,3941,16405,0,2477,143445,200000,200000,196059,183595,200150,53928,0
90000,3,2,1,-1,-1,-1,-1,-1,-1,91116,89047,91595,88197,59822,55345,3500,4000,3002,1974,2000,5000,-1116,953,-1595,1803,30178,34655,455646,0
20000,2,2,1,-1,-1,-1,-1,-1,-1,3138,4090,2060,780,1000,0,1030,1000,780,1000,0,0,16862,15910,17940,19220,19000,20000,7258,1
300000,1,4,2,-2,-2,-2,-2,-2,-2,0,0,0,0,0,0,0,0,0,0,0,0,300000,300000,300000,300000,300000,300000,0,1
290000,2,4,2,-1,-1,2,-1,-1,-2,4479,8025,3499,3264,-550,-550,15499,0,3302,0,0,1250,285521,281975,286501,286736,290550,290550,-1884,0
20000,2,2,2,-1,-1,-1,-1,-1,-2,18354,16419,10419,780,0,0,1225,1015,780,0,0,0,1646,3581,9581,19220,20000,20000,42952,1
200000,2,4,2,-1,-1,-1,-1,-1,-1,101431,102604,125731,120465,118759,119378,5000,30000,5809,4002,4500,4100,98569,97396,74269,79535,81241,80622,634957,0
130000,1,2,2,-1,-1,-1,-1,-1,-1,128319,131825,127949,129357,126999,126719,6300,4800,5000,4700,5000,5000,1681,-1825,2051,643,3001,3281,740368,0
10000,2,4,1,2,-1,-1,-1,-1,-1,6694,7546,8345,8688,8865,9046,1124,1207,1000,177,181,0,3306,2454,1655,1312,1135,954,45495,0
210000,1,4,1,-1,-1,-1,-1,-1,-1,74235,74108,59594,51877,44293,38215,4000,5000,2000,2540,3000,3000,135765,135892,150406,158123,165707,171785,322782,0
130000,2,2,1,-1,-1,-1,-1,-1,-1,115303,113502,111651,102622,96723,98827,4157,4168,5025,3223,4105,4000,14697,16498,18349,27378,33277,31173,613950,0
80000,2,2,1,2,2,2,2,-1,-1,82074,79440,102872,49043,23962,23283,0,4300,0,1000,5000,1000,-2074,560,-22872,30957,56038,56717,349374,1
410000,1,2,2,-1,-1,-1,-1,-1,-1,54326,23223,25865,21619,19336,1433,5000,15014,5034,10006,1433,371,355674,386777,384135,388381,390664,408567,108944,0
60000,2,2,2,-1,-1,2,2,2,2,37549,40603,39676,42407,41428,45576,4000,0,3700,0,5000,2000,22451,19397,20324,17593,18572,14424,232539,1
30000,2,4,2,-2,-2,-2,-2,-2,-2,0,0,0,0,0,0,0,0,0,0,0,0,30000,30000,30000,30000,30000,30000,0,0
320000,2,2,2,-1,-1,-1,-1,-1,-1,101121,86781,74909,55472,53699,46313,5800,9805,5006,3704,12860,13201,218879,233219,245091,264528,266301,273687,367919,0
80000,2,2,2,-1,-1,-1,-1,-1,-1,8592,4000,6881,7697,3333,3063,4000,6881,5003,3000,3063,0,71408,76000,73119,72303,76667,76937,11619,0
210000,2,2,2,-1,-1,-1,-1,-1,-1,189307,194602,199963,205137,84877,83899,8438,10000,10000,84890,2948,3497,20693,15398,10037,4863,125123,126101,838012,0
60000,2,2,2,2,2,2,2,2,2,20524,21584,22437,22771,23099,23583,1700,1500,1000,1000,1000,0,39476,38416,37563,37229,36901,36417,127798,1
310000,2,2,1,-2,-2,-2,-2,-2,-2,13158,1062,8805,3024,0,0,1062,8805,3087,0,0,3240,296842,308938,301195,306976,310000,310000,9855,0
130000,2,4,1,-2,-1,-1,-1,-1,-1,51734,77751,93696,79187,116374,120793,77817,79000,3382,103001,6000,4514,78266,52249,36304,50813,13626,9207,265821,0
60000,2,4,1,-1,-1,-1,-1,-1,-1,58117,53986,47413,36527,28170,28963,2400,2050,2011,1200,1400,1200,1883,6014,12587,23473,31830,31037,242915,0
30000,2,4,1,-1,-1,-1,-1,-1,-1,25167,25299,22912,14940,9365,1280,1414,1415,1002,200,104,0,4833,4701,7088,15060,20635,28720,94828,0
150000,2,4,1,-1,-1,-1,-1,-1,-1,1344,1041,2021,4495,15145,525,1041,2021,4495,10650,525,0,148656,148959,147979,145505,134855,149475,5839,0
30000,2,2,1,2,2,2,2,2,2,28766,27183,30023,29243,31262,30327,0,3600,0,2800,0,1080,1234,2817,-23,757,-1262,-327,169324,1
130000,2,4,3,-1,-1,-1,-1,-1,-1,49363,47432,94050,21000,858,2160,5026,5000,21000,858,2160,200,80637,82568,35950,109000,129142,127840,180619,0
50000,2,4,1,1,2,2,2,2,3,18253,20539,20616,20977,23287,22637,2900,700,1000,2970,0,0,31747,29461,29384,29023,26713,27363,118739,0
170000,2,4,1,-1,-1,-1,-1,-1,-1,80848,83678,28461,13263,3637,4814,8000,2000,1000,1000,2000,1000,89152,86322,141539,156737,166363,165186,199701,0
30000,2,2,2,1,3,2,-1,-1,2,27807,27078,26363,27379,28953,28354,0,0,1758,2332,0,1400,2193,2922,3637,2621,1047,1646,160444,1
250000,3,2,2,-1,-1,-1,-1,-1,-1,860,860,860,860,440,1280,860,860,860,440,1280,440,249140,249140,249140,249140,249560,248720,420,0
110000,2,4,2,3,2,-1,-1,-1,-1,108087,103307,103749,78961,76180,76353,0,5100,3411,3003,3000,3001,1913,6693,6251,31039,33820,33647,529122,0
160000,1,4,1,-1,-1,-1,-1,-1,-1,14023,14224,101479,101454,102861,103921,1450,101505,3600,3700,3800,3500,145977,145776,58521,58546,57139,56079,320407,0
340000,1,4,2,-1,-1,2,-1,-1,2,63201,68466,64478,67271,62269,56502,8100,0,5000,5000,0,10000,276799,271534,275522,272729,277731,283498,354087,0
100000,3,2,2,-1,-1,-1,-1,-1,-1,102505,101554,101827,100055,80923,81249,3830,4100,4510,3186,2886,3020,-2505,-1554,-1827,-55,19077,18751,546581,0
230000,2,4,1,-1,-1,-1,-1,-1,-1,64992,56763,58020,59580,59224,61867,2500,2500,3000,2000,4000,2000,165008,173237,171980,170420,170776,168133,344446,0
200000,1,2,2,-2,-2,-2,-2,-2,-2,0,0,0,0,0,0,0,0,0,0,0,0,200000,200000,200000,200000,200000,200000,0,0
30000,2,2,2,3,2,2,7,7,7,2400,2400,2400,2400,2400,2400,0,0,0,0,0,0,27600,27600,27600,27600,27600,27600,14400,1
120000,2,4,2,-1,-1,-1,-1,-1,-1,110612,114323,116835,118053,119047,119641,5555,5847,5800,4445,4700,4500,9388,5677,3165,1947,953,359,667664,0
120000,2,4,1,-1,-1,-1,-1,-1,-1,67087,66665,67525,67091,67419,67711,2400,3040,2400,2500,2450,2500,52913,53335,52475,52909,52581,52289,388208,0
50000,2,2,2,1,3,2,-1,-1,-1,50701,49147,21163,19894,19758,19324,0,507,1300,1000,700,771,-701,853,28837,30106,30242,30676,175709,1
20000,3,4,2,-1,-1,-1,-1,-1,-1,5556,3684,4298,3882,3563,3242,1028,1032,1000,72,369,0,14444,16316,15702,16118,16437,16758,20724,0
500000,2,4,2,-1,-1,-1,-1,-1,-1,98618,73464,84741,72510,69053,64841,25464,43095,7522,9065,8841,12000,401382,426536,415259,427490,430947,435159,357240,0
100000,1,4,2,1,-2,-1,-1,-1,-1,0,-740,740,1480,1480,740,0,2220,1480,740,0,2931,100000,100740,99260,98520,98520,99260,-3671,0
50000,1,4,2,2,2,2,-1,-1,-1,21534,22283,21638,22651,23275,24902,1400,0,1376,1000,2000,0,28466,27717,28362,27349,26725,25098,130507,1
210000,1,4,2,-1,-1,-1,-1,-1,-1,7264,8816,10749,5125,5732,9297,2000,2500,2000,1000,4000,4000,202736,201184,199251,204875,204268,200703,31483,0
50000,2,2,2,-1,-1,-1,-2,-2,-2,50425,51400,0,0,0,0,2400,0,0,0,0,0,-425,-1400,50000,50000,50000,50000,99425,0
200000,3,2,1,2,2,2,2,-1,-1,128649,131059,132120,128669,131499,143020,6000,4600,0,4800,13700,500,71351,68941,67880,71331,68501,56980,765416,1
150000,2,4,1,-1,-1,-1,-1,-1,-1,1745,3384,1555,2126,60092,59831,3384,1555,2126,60092,3000,3000,148255,146616,148445,147874,89908,90169,55576,0
50000,2,2,2,2,-1,-1,2,2,-1,62643,59851,65545,62672,57755,55512,2151,10000,2100,0,2000,1861,-12643,-9851,-15545,-12672,-7755,-5512,345866,1
300000,1,4,2,-1,-1,-1,-1,-1,-1,217329,206703,203164,164371,161331,154515,8000,20219,7500,6500,7500,6000,82671,93297,96836,135629,138669,145485,1051694,0
120000,1,4,2,-1,-1,-1,-1,-1,-1,316,316,316,316,632,316,316,316,316,632,0,316,119684,119684,119684,119684,119368,119684,316,0
190000,2,4,2,-1,-1,-1,-1,-1,-1,187972,188542,190411,190197,180392,163922,8197,8400,6486,6046,6069,5626,2028,1458,-411,-197,9608,26078,1060612,0
70000,2,2,2,-1,-1,-1,-1,-1,-1,68445,67371,68263,68927,69176,70592,3001,3052,3348,2617,2840,2674,1555,2629,1737,1073,824,-592,395242,0
50000,2,2,2,2,2,2,2,-1,-1,78874,74268,66468,56847,50680,26729,4725,1400,0,1545,2022,51000,-28874,-24268,-16468,-6847,-680,23271,293174,1
50000,2,4,2,-1,-1,-1,-1,-1,2,31426,23712,18919,24227,25229,12150,1655,1675,15000,2610,0,2000,18574,26288,31081,25773,24771,37850,112723,0
80000,3,2,2,-1,-1,-1,2,-1,-1,82391,80977,88815,83153,50910,60012,2925,12265,9,1737,1760,1882,-2391,-977,-8815,-3153,29090,19988,425680,0
30000,2,6,2,-1,-1,-1,-1,-1,-1,25952,26657,27972,28628,29005,29817,1440,1750,1390,764,1000,850,4048,3343,2028,1372,995,183,160837,1
140000,2,2,3,-1,-1,-1,-1,-1,2,41814,43616,44710,45661,50880,49934,2500,2100,2000,6000,0,2000,98186,96384,95290,94339,89120,90066,262015,0
20000,3,2,3,1,2,3,2,-1,-1,18769,21349,20732,19946,19546,19546,3186,0,0,0,0,0,1231,-1349,-732,54,454,454,116702,1
30000,2,2,2,-1,-1,-1,-2,-2,-2,6061,3656,0,0,0,0,1007,0,0,0,0,0,23939,26344,30000,30000,30000,30000,8710,1
260000,3,2,3,-1,-1,-1,-1,-1,-1,148803,137561,130539,112300,105517,108011,5100,5300,4303,3600,4000,4000,111197,122439,129461,147700,154483,151989,716428,0
30000,1,2,3,-1,-1,-1,2,2,2,25265,26529,30090,28908,30472,29483,2000,4000,0,2400,0,1500,4735,3471,-90,1092,-472,517,160847,1
50000,2,4,3,1,2,-1,-1,-1,-1,49487,48282,39490,27835,23391,24507,0,2000,2537,1500,1500,1500,513,1718,10510,22165,26609,25493,203955,1
50000,2,2,2,-1,-1,-1,-1,-1,-1,16053,16024,25350,25738,25948,26163,2000,10000,1500,1000,1000,1500,33947,33976,24650,24262,24052,23837,118276,0
60000,3,2,2,1,2,-1,-1,2,-1,10722,10254,15043,19738,19195,19473,0,5000,5000,0,2000,1000,49278,49746,44957,40262,40805,40527,81425,1
50000,2,2,3,1,2,-1,-1,-1,-1,18704,18106,19793,19378,18874,19361,0,2000,1500,1000,2000,1000,31296,31894,30207,30622,31126,30639,106716,1
80000,2,2,2,-1,-1,-1,-1,-1,-1,72704,70907,59223,40128,41152,41527,3133,2132,1650,2000,1503,1505,7296,9093,20777,39872,38848,38473,313718,0
80000,2,2,3,-1,-1,-1,-1,-1,2,79958,81662,78899,78245,62234,60737,3452,4066,3469,4630,0,2500,42,-1662,1101,1755,17766,19263,423618,1
100000,3,2,3,-1,-1,-1,-1,-1,-1,49328,44045,42373,37088,75672,31645,2038,1994,1457,1205,1162,1131,50672,55955,57627,62912,24328,68355,271164,0
30000,3,2,2,1,2,2,2,-1,-1,28361,27227,29346,23548,11790,7276,0,3313,108,299,325,0,1639,2773,654,6452,18210,22724,123503,0
30000,2,2,3,-1,-1,-1,-1,2,2,23705,24709,25745,27949,27216,29138,1386,1422,2626,0,2351,1033,6295,5291,4255,2051,2784,862,149644,0
30000,3,2,3,-1,-1,-1,-1,-1,2,9847,10857,11877,12891,13960,14082,1181,1201,1215,1284,490,0,20153,19143,18123,17109,16040,15918,68143,0
50000,2,2,2,2,4,3,2,-1,-1,13815,13307,12755,8400,3150,0,0,3,17,0,0,0,36185,36693,37245,41600,46850,50000,51407,1
240000,2,4,3,-1,-1,-1,-1,-1,-1,234312,231407,233781,220150,190170,194018,9454,10128,8012,6500,7000,7000,5688,8593,6219,19850,49830,45982,1255744,1
30000,3,2,3,1,-2,-2,-2,-2,-1,0,0,0,0,0,379,0,0,0,0,379,0,30000,30000,30000,30000,30000,29621,0,0
240000,2,4,2,-1,-1,-1,-2,-2,-2,15750,12891,0,0,0,0,1005,0,0,0,0,0,224250,227109,240000,240000,240000,240000,27636,0
50000,2,4,2,2,2,2,2,2,2,28947,30072,30895,31589,32071,32709,1900,1600,1500,1300,1300,1500,21053,19928,19105,18411,17929,17291,177183,1
70000,1,4,1,-1,-1,-1,-1,-1,-1,7531,8545,9588,10900,46462,47599,1145,1188,1500,36000,2000,1668,62469,61455,60412,59100,23538,22401,87124,1
80000,3,2,1,-1,-1,-1,-1,-1,-1,72561,62691,61652,54602,50011,49701,2300,2809,2104,1708,1768,1807,7439,17309,18348,25398,29989,30299,338722,0
120000,2,4,2,-1,-1,-1,2,2,-1,98546,100675,104347,108258,104972,104638,5600,6800,7300,0,4600,3400,21454,19325,15653,11742,15028,15362,593736,0
100000,3,2,2,-1,-1,2,2,2,2,32200,37211,36338,37698,38074,40295,5884,0,2270,1300,3000,1700,67800,62789,63662,62302,61926,59705,207662,0
50000,2,2,3,-1,-1,-2,-2,-2,-2,49644,0,0,0,0,0,0,0,0,0,0,0,356,50000,50000,50000,50000,50000,49644,0
320000,2,2,2,-1,-1,-1,-1,-1,-1,42442,3336,7210,6091,24641,30005,3336,7210,6091,24641,30000,5645,277558,316664,312790,313909,295359,289995,36802,0
220000,1,2,2,-1,-1,-1,-1,-1,-1,215979,210475,216513,196219,200117,204312,7800,9639,7123,7162,7419,7462,4021,9525,3487,23781,19883,15688,1197010,0
140000,1,4,2,-1,-1,-1,-1,-1,-1,87713,88906,88736,91287,91057,91538,5000,5000,5000,5000,3500,3500,52287,51094,51264,48713,48943,48462,512237,0
140000,1,2,2,-1,-1,-1,-1,-1,-1,136431,135134,139178,139900,109665,108129,4849,6703,6120,4015,4042,4057,3569,4866,822,100,30335,31871,738651,1
50000,2,4,1,-2,-2,-1,2,2,-1,0,0,37111,37516,36614,37537,0,37111,1307,0,1509,1388,50000,50000,12889,12484,13386,12463,107463,0
60000,1,4,1,-1,2,-1,-1,-1,-1,538,269,269,269,0,1257,0,269,269,0,1526,0,59462,59731,59731,59731,60000,58743,538,1
90000,2,4,3,-1,-1,-1,-1,-1,-1,81902,71768,72163,27124,27724,28724,3274,2271,1400,1000,1000,1000,8098,18232,17837,62876,62276,61276,299460,0
20000,2,6,3,3,2,2,7,7,7,2400,2400,2400,2400,2400,2400,0,0,0,0,0,0,17600,17600,17600,17600,17600,17600,14400,1
130000,2,4,1,-1,-1,2,-1,-1,-1,34529,52868,51457,60045,47696,43677,19000,0,10000,10000,10000,10000,95471,77132,78543,69955,82304,86323,231272,0
80000,2,2,2,1,2,2,2,-1,-1,84720,86221,84062,79076,31984,29306,3808,2804,30,1108,1108,1133,-4720,-6221,-4062,924,48016,50694,385378,1
230000,2,2,2,-1,-1,-1,-1,-1,-1,126251,128542,122493,124743,127507,121400,4500,4600,4389,4697,4800,4000,103749,101458,107507,105257,102493,108600,723950,0
180000,2,2,1,-1,-1,-1,-1,-1,-1,25781,26000,26310,26662,26166,26176,1800,1800,1500,1056,950,1000,154219,154000,153690,153338,153834,153824,148989,0
20000,2,4,2,-1,-1,-1,-2,-2,-2,17489,3077,0,0,0,0,3077,19837,0,15846,2000,0,2511,16923,20000,20000,20000,20000,-20194,0
210000,2,2,2,-1,-1,-1,-1,2,-1,4141,5347,25064,30684,29892,30516,1283,20000,6071,0,1107,1114,205859,204653,184936,179316,180108,179484,96069,0
70000,2,4,1,2,2,2,2,-1,-1,69242,71007,72596,70467,48129,47751,3500,3300,0,2000,2000,2000,758,-1007,-2596,-467,21871,22249,366392,0
50000,1,4,1,-1,-1,-1,-1,-1,-1,15787,17486,17823,18495,18266,18631,2250,1587,1259,765,773,476,34213,32514,32177,31505,31734,31369,99378,0
140000,2,2,2,-1,-1,-1,-1,-1,2,106526,85019,82784,81458,86227,84646,4000,3000,4000,7000,0,4000,33474,54981,57216,58542,53773,55354,504660,0
100000,2,2,2,-1,-1,-1,-1,-1,-1,29987,29219,27865,11166,32261,7961,2007,2049,1045,23610,4000,1000,70013,70781,72135,88834,67739,92039,104748,0
80000,2,4,2,-2,-2,-2,-2,-2,-2,5583,3946,0,0,0,0,3946,0,0,0,0,0,74417,76054,80000,80000,80000,80000,5583,0
300000,1,2,2,1,-2,-2,-2,-1,-1,0,0,0,0,1894,2394,0,0,0,1894,500,4662,300000,300000,300000,300000,298106,297606,-2768,0
200000,3,4,1,-1,-1,-1,-1,-1,-1,0,2381,10,1010,2230,1191,0,15,1000,2000,1191,866,200000,197619,199990,198990,197770,198809,1750,0
100000,2,4,1,-1,-1,-1,-2,-2,-2,600,600,0,0,0,0,600,0,0,0,0,0,99400,99400,100000,100000,100000,100000,600,0
50000,2,2,3,-1,-1,-1,-1,-1,-1,49375,45390,46210,46549,20084,20264,1721,2321,1660,3000,1004,1003,625,4610,3790,3451,29916,29736,217163,0
140000,3,2,3,6,5,4,3,2,-1,151790,147998,144280,139701,90756,92935,0,0,0,0,3000,2000,-11790,-7998,-4280,299,49244,47065,762460,0
50000,2,2,1,-1,-1,-1,-1,-1,-1,43206,42105,40591,31609,29662,24741,2100,2021,1500,1009,1000,1000,6794,7895,9409,18391,20338,25259,203284,0
500000,1,4,1,-1,-1,-1,-1,-1,-1,229258,134264,134908,141358,121262,131147,10042,8048,20141,10000,12000,15000,270742,365736,365092,358642,378738,368853,816966,0
360000,2,4,2,-2,-2,-2,-2,-2,-1,3000,2668,2668,-7,-7,3500,2668,3000,7,0,3507,2500,357000,357332,357332,360007,360007,356500,140,0
240000,2,4,2,1,-2,-2,-2,-2,-2,-10,-10,-10,-10,-10,-10,0,0,0,0,0,0,240010,240010,240010,240010,240010,240010,-60,0
200000,1,2,2,-1,-1,2,-1,-1,-1,316,734,418,424,424,424,734,0,424,424,424,608,199684,199266,199582,199576,199576,199576,126,0
280000,1,2,2,-1,-1,-1,-1,-1,-1,281424,232826,195621,96843,99232,102620,9604,53459,4000,4000,5000,4000,-1424,47174,84379,183157,180768,177380,928503,0
330000,1,2,2,1,-2,-2,-1,-1,-1,0,0,0,469,150,3661,0,0,469,150,3661,3800,330000,330000,330000,329531,329850,326339,-3800,0
100000,3,4,2,-1,-1,-1,-1,-1,-1,79158,93667,58161,41414,28835,29423,23591,2116,1400,1165,588,639,20842,6333,41839,58586,71165,70577,301159,0
30000,3,2,2,1,2,2,-2,-1,3,10211,6314,0,0,600,300,0,0,0,600,0,0,19789,23686,30000,30000,29400,29700,16825,1
130000,2,4,2,2,-1,-1,-1,-1,-1,129677,131798,98083,92317,87375,87634,5940,4700,4433,3100,3300,3200,323,-1798,31917,37683,42625,42366,602211,1
30000,2,4,3,1,2,-1,-1,-1,-1,25562,23250,23217,21295,19076,9292,0,1600,1500,1000,1720,0,4438,6750,6783,8705,10924,20708,115872,0
50000,3,6,3,1,2,2,-1,-1,-1,17962,18766,18177,19147,17827,18389,1400,0,1289,800,1000,1000,32038,31234,31823,30853,32173,31611,104779,1
80000,2,2,2,1,-1,-1,2,2,2,0,174,2071,2036,840,1081,174,2071,150,0,931,0,80000,79826,77929,77964,79160,78919,2876,1
570000,1,4,2,-1,-1,-1,-1,-1,-1,323085,303794,243673,74003,57763,50852,50468,33372,74085,290,51107,41791,246915,266206,326327,495997,512237,519148,802057,0
20000,2,2,2,1,2,2,2,-1,-1,17044,16478,19098,18397,18696,38282,0,3200,0,700,700,500,2956,3522,902,1603,1304,-18282,122895,0
90000,2,4,2,-1,-1,-1,-1,-1,-1,30646,29919,29045,28025,26758,26012,1500,1509,1400,1000,1100,1000,59354,60081,60955,61975,63242,63988,162896,0
150000,3,2,3,-1,-1,-1,2,2,-1,142811,139652,111868,107702,103112,103246,6000,10700,1600,0,2800,2500,7189,10348,38132,42298,46888,46754,684791,1
110000,2,2,3,-1,-1,-1,-1,-1,-1,182235,185646,168171,129227,49830,50287,6071,5070,3362,1755,2000,2000,-72235,-75646,-58171,-19227,60170,59713,745138,0
170000,3,2,2,1,2,-1,-1,-1,-1,33039,30336,30826,31996,33676,25301,3,2008,5000,2037,2029,2008,136961,139664,139174,138004,136324,144699,172089,0
90000,2,4,1,-1,-1,-1,-1,-1,-1,61982,46323,43710,45474,46369,47623,2000,2100,2500,1650,2000,2000,28018,43677,46290,44526,43631,42377,279231,0
110000,2,4,1,-1,-1,-1,-1,-1,-1,45028,46276,47527,48735,49925,50967,2000,2000,2000,2000,2000,2500,64972,63724,62473,61265,60075,59033,275958,0
20000,2,2,1,-1,2,2,-2,-2,-2,2120,1760,0,0,0,0,0,0,0,0,0,0,17880,18240,20000,20000,20000,20000,3880,0
200000,2,2,2,3,2,2,2,2,2,5000,5000,5000,5000,5000,5000,0,0,0,0,0,0,195000,195000,195000,195000,195000,195000,30000,1
50000,2,2,2,-1,-1,-1,-1,-1,-1,51012,49882,50446,49910,29844,30524,2000,2200,2270,1204,1300,1238,-1012,118,-446,90,20156,19476,251406,0
50000,3,2,3,-1,-1,-1,-1,-1,-1,22352,23244,20791,22104,22237,22703,1324,1351,1664,797,825,1030,27648,26756,29209,27896,27763,27297,126440,0
30000,3,2,3,-1,-1,-1,2,-1,-1,2572,8822,5786,2749,28241,26960,8848,5869,0,26965,1066,3196,27428,21178,24214,27251,1759,3040,29186,0
50000,3,2,3,-1,-1,-1,-1,-1,-1,65,0,1271,940,110,0,0,1271,949,110,0,558,49935,50000,48729,49060,49890,50000,-502,1
80000,3,2,1,-1,-1,-1,2,2,-1,6808,8686,11628,12008,11658,12603,2000,3100,1000,0,1000,2000,73192,71314,68372,67992,68342,67397,54291,0
160000,1,4,1,-1,-1,-1,-1,-1,-2,157453,155081,137027,70845,0,0,5937,5000,1417,0,0,0,2547,4919,22973,89155,160000,160000,508052,0
10000,2,4,3,-2,-2,-2,-1,-1,-1,-4,-4,-4,26,326,-87,0,0,30,300,1000,2000,10004,10004,10004,9974,9674,10087,-3077,1
20000,2,4,1,1,2,2,-1,-1,-1,19725,17368,16801,17789,17419,17628,1293,0,1281,771,640,790,275,2632,3199,2211,2581,2372,101955,0
70000,1,2,2,-1,-1,-1,-1,-1,-1,40498,41192,42274,43596,44173,45309,1668,1750,2023,1600,1850,5800,29502,28808,27726,26404,25827,24691,242351,0
110000,3,6,2,2,-1,-1,-1,-1,-1,67930,64654,63389,60021,58660,59891,2293,2255,2139,2097,2174,2200,42070,45346,46611,49979,51340,50109,361387,0
150000,2,2,3,-1,-1,-1,-2,-2,-2,16611,18540,18204,16132,-5880,-20544,18552,18267,16142,5880,13707,1088,133389,131460,131796,133868,155880,170544,-30573,0
500000,1,2,2,-1,-1,-1,-1,-1,-1,418958,439432,440324,440565,440050,438953,39432,20000,20000,20000,20000,20000,81042,60568,59676,59435,59950,61047,2478850,0
30000,2,2,3,2,2,2,2,2,-1,28695,29824,29066,31236,29819,30058,1900,0,3000,0,1500,2000,1305,176,934,-1236,181,-58,170298,1
160000,3,2,3,-1,-1,-1,-1,-1,-1,24904,2338,4856,4127,3995,842,2343,4856,1000,3995,842,26313,135096,157662,155144,155873,156005,159158,1713,0
300000,2,2,2,-1,-1,-2,-1,-1,-1,77765,1443,41071,58995,24713,28948,1443,41071,58995,24713,28948,7210,222235,298557,258929,241005,275287,271052,70555,0
200000,3,2,3,-1,-1,-1,-1,-1,-1,154875,140376,129962,124282,118956,121449,5216,8000,20000,15653,3793,10000,45125,59624,70038,75718,81044,78551,727238,0
50000,2,4,2,-1,-1,-1,-1,-1,-2,2628,1000,2050,3000,0,0,1000,1050,1000,0,1000,0,47372,49000,47950,47000,50000,50000,4628,0
80000,2,4,1,-1,-1,-1,-1,-1,-1,60857,46724,35074,32812,25930,26414,2000,2000,2000,1100,1000,1100,19143,33276,44926,47188,54070,53586,218611,0
140000,2,4,1,-1,-1,2,-1,-1,-1,122662,123536,104817,102161,85512,83028,6504,4000,4500,3500,4000,3500,17338,16464,35183,37839,54488,56972,595712,0
60000,3,2,2,-1,-1,-1,-1,-1,-1,63354,65299,67087,27121,26316,26476,3000,3490,1794,1311,953,1390,-3354,-5299,-7087,32879,33684,33524,263715,1
50000,3,2,3,-1,-1,2,2,2,2,25347,29766,26283,28198,23159,23089,4881,0,4087,0,1798,0,24653,20234,23717,21802,26841,26911,145076,0
30000,2,4,2,-1,-1,-1,-1,-1,-1,29758,30454,30221,29376,29564,28762,1500,1518,1439,1017,1032,1367,242,-454,-221,624,436,1238,170262,0
80000,2,2,3,-1,-1,-1,-1,-1,-1,28775,28951,26813,27383,27475,27823,1442,1459,1500,1000,1003,1100,51225,51049,53187,52617,52525,52177,159716,0
50000,2,2,3,1,2,-1,-1,-1,-1,50738,49236,48608,48423,49023,49681,4,1939,2000,1700,1750,5430,-738,764,1392,1577,977,319,282886,0
90000,2,4,2,-1,2,-1,-1,-1,-1,2489,1242,1062,1062,1062,0,0,1062,1062,0,0,0,87511,88758,88938,88938,88938,90000,4793,0
120000,2,2,3,-1,-1,-1,-1,-1,-1,80324,79071,76279,60939,61036,61359,3458,2519,2158,2151,2368,2197,39676,40929,43721,59061,58964,58641,404157,0
50000,2,2,2,3,3,2,-1,-1,-1,52714,51593,50492,47633,18283,18610,0,0,5000,3000,1000,2000,-2714,-1593,-492,2367,31717,31390,228325,1
80000,2,4,2,-1,-1,2,2,-1,-1,75953,81055,81587,78103,78335,78678,7000,3000,0,3000,3100,5900,4047,-1055,-1587,1897,1665,1322,451711,0
160000,1,2,2,-1,-1,-1,-1,-2,-2,3089,0,12548,0,0,0,0,12548,0,0,0,0,156911,160000,147452,160000,160000,160000,3089,0
140000,2,4,2,-1,-1,-1,-1,-1,-1,316,316,13816,316,316,316,316,13816,316,316,316,316,139684,139684,126184,139684,139684,139684,0,0
50000,2,2,2,-1,-1,-1,-1,-1,-1,33441,20668,22926,21767,13806,5320,2659,2917,4600,1000,5200,0,16559,29332,27074,28233,36194,44680,101552,0
50000,2,2,2,-1,-1,-1,-1,-1,-1,40506,41742,43157,14510,14963,16580,5000,3000,2000,500,2000,5000,9494,8258,6843,35490,35037,33420,153958,0
50000,3,4,3,-1,-1,-1,-1,-1,-1,19824,29311,30862,26614,15571,14971,15000,10000,5000,1500,800,2000,30176,20689,19138,23386,34429,35029,102853,0
360000,2,2,3,-1,-1,-1,-1,-1,-1,410,3620,7656,56397,43882,21818,3620,7656,56397,0,0,12117,359590,356380,352344,303603,316118,338182,53993,0
120000,2,2,2,-1,-1,-1,-1,-1,2,50721,25967,25949,25619,4456,2714,1667,1967,1650,500,0,1500,69279,94033,94051,94381,115544,117286,128142,0
160000,3,2,2,2,2,2,2,-1,-1,113336,116136,118474,115127,111864,102418,6000,5500,0,3700,3200,3400,46664,43864,41526,44873,48136,57582,655555,1
100000,2,2,3,-1,-1,-1,-1,-1,-1,8166,8783,9417,10002,9804,9626,1140,1164,1139,331,350,500,91834,91217,90583,89998,90196,90374,51174,0
110000,2,2,3,-1,-1,-1,-1,-1,2,105851,108187,108015,88618,71865,65629,5604,4661,3560,4915,0,3000,4149,1813,1985,21382,38135,44371,526425,0
300000,3,4,2,-2,-2,-2,-2,-2,-2,0,0,0,0,0,0,0,0,0,0,0,0,300000,300000,300000,300000,300000,300000,0,1
110000,2,4,2,-1,-1,-1,-1,-1,-1,98006,93978,93066,88823,78144,78169,4300,4295,3000,2887,3000,3034,11994,16022,16934,21177,31856,31831,509670,0
220000,1,2,2,-1,-1,-1,-1,-1,-1,67722,74057,75767,77902,79505,82061,7500,3500,4000,3500,4000,3000,152278,145943,144233,142098,140495,137939,431514,0
100000,2,4,2,-1,-1,-1,-1,-1,-1,71171,72613,74105,75617,77150,78953,1746,1792,1828,1855,2121,2100,28829,27387,25895,24383,22850,21047,438167,0
50000,2,4,1,2,2,-1,-1,-1,-2,16639,16041,12151,4963,0,0,14,1505,2000,0,0,0,33361,33959,37849,45037,50000,50000,46275,0
140000,2,4,1,1,2,2,2,-2,-2,5420,3978,3723,0,0,0,2000,0,0,0,0,0,134580,136022,136277,140000,140000,140000,11121,0
50000,2,2,3,-1,-1,-1,-1,-1,-1,7965,12717,11016,22263,18711,12712,12724,11022,22264,378,258,5380,42035,37283,38984,27737,31289,37288,33358,0
30000,3,2,1,-1,-1,-1,-1,-1,-1,16162,13301,12930,13233,12595,12454,2000,1307,2000,252,249,100,13838,16699,17070,16767,17405,17546,74767,1
170000,2,4,2,-1,-1,-1,-1,-1,-1,92626,90727,93345,93812,95613,95972,5000,5000,5000,5000,4400,3000,77374,79273,76655,76188,74387,74028,534695,0
260000,2,2,2,-2,-2,-2,-2,-2,-2,1249,0,0,0,1178,1692,0,0,0,1178,1692,810,258751,260000,260000,260000,258822,258308,439,1
290000,2,2,2,-2,-2,-2,-2,-2,-2,2369,1298,2369,1298,1298,1623,1298,2369,1298,1298,1623,1275,287631,288702,287631,288702,288702,288377,1094,1
80000,2,4,2,2,-1,-1,-2,-2,-2,52052,51407,0,0,0,0,2000,0,0,0,0,0,27948,28593,80000,80000,80000,80000,101459,1
160000,2,2,2,2,-1,-1,-1,-1,-1,776,776,1172,380,776,1172,776,1172,380,776,1172,380,159224,159224,158828,159620,159224,158828,396,0
100000,1,2,3,2,2,-1,-1,2,-1,97229,94777,95634,65828,61621,62756,0,2924,5226,0,2278,2292,2771,5223,4366,34172,38379,37244,465125,1
40000,2,2,2,2,2,2,2,2,-1,25561,26343,25635,28100,27352,27862,1500,0,2900,0,1100,2400,14439,13657,14365,11900,12648,12138,152953,1
290000,1,4,2,-1,-1,-1,-1,-1,-1,190453,194303,197076,197488,196976,196579,8100,7000,8400,7000,7500,7500,99547,95697,92924,92512,93024,93421,1127375,0
160000,2,4,3,1,2,2,-1,-1,-1,152699,152630,95758,97251,98010,99669,4462,0,4385,3639,3762,3800,7301,7370,64242,62749,61990,60331,675969,1
140000,2,2,2,1,2,3,2,-1,-1,59379,63007,61459,59798,61287,8383,5200,0,0,3009,1000,94000,80621,76993,78541,80202,78713,131617,210104,0
80000,2,4,3,1,-1,-1,-2,-2,-2,-1600,82150,0,0,0,0,83750,0,0,0,0,0,81600,-2150,80000,80000,80000,80000,-3200,0
30000,2,2,3,1,2,2,2,4,3,16484,17709,17141,20730,20116,19512,1800,0,4200,0,0,0,13516,12291,12859,9270,9884,10488,105692,1
70000,2,2,3,2,2,2,2,2,2,24036,25035,25930,26206,26477,27404,1700,1600,1000,1000,1500,0,45964,44965,44070,43794,43523,42596,148288,1
30000,2,2,1,-1,-1,-1,-1,-1,-1,419,1173,1370,880,780,0,1173,1370,880,500,0,1500,29581,28827,28630,29120,29220,30000,-801,1
50000,2,2,2,-1,-1,-1,-1,-2,-2,34811,30753,6680,0,0,0,2000,1000,0,0,0,0,15189,19247,43320,50000,50000,50000,69244,1
570000,1,4,2,-1,-1,-1,-1,-1,-1,47758,33050,36283,36502,37669,39102,3000,4880,3000,3000,3000,3000,522242,536950,533717,533498,532331,530898,210484,0
200000,4,2,2,-1,-1,-1,-1,-1,-1,92707,73970,122304,116674,89694,68256,3112,50000,6760,3486,2476,2500,107293,126030,77696,83326,110306,131744,495271,0
10000,2,2,2,-1,4,3,2,2,2,3305,2870,2440,2510,2641,2222,0,0,500,400,0,36,6695,7130,7560,7490,7359,7778,15052,0
60000,3,2,3,-1,-1,-1,-1,-1,-1,58653,59063,53377,37418,37543,35447,2500,2000,1900,1500,1300,1300,1347,937,6623,22582,22457,24553,271001,1
220000,2,4,3,-1,-1,-1,2,2,-1,86957,85577,91266,88051,81803,79286,4000,12000,3100,0,2900,3000,133043,134423,128734,131949,138197,140714,487940,1
60000,2,4,3,-1,-1,-1,-1,-1,-1,60902,61078,61160,61055,60895,61587,2350,2532,2510,3250,2900,2630,-902,-1078,-1160,-1055,-895,-1587,350505,1
280000,2,2,3,2,-1,-1,-1,-1,-1,185147,132646,137109,135264,133046,126155,5000,10000,5000,5000,5000,5000,94853,147354,142891,144736,146954,153845,814367,1
10000,2,4,2,-1,-1,-1,-1,-1,-1,10468,9138,10309,10299,10295,10306,1160,1331,1321,517,528,600,-468,862,-309,-299,-295,-306,55358,0
200000,1,4,2,-1,-1,-1,-1,-1,-1,191807,195618,200170,202965,155579,124488,8500,9200,8000,7000,5000,5000,8193,4382,-170,-2965,44421,75512,1027927,0
200000,2,2,2,-1,-1,-1,-1,-1,-1,103876,66894,12475,14208,15270,14880,2034,3000,2083,10000,0,1286,96124,133106,187525,185792,184730,185120,209200,1
220000,2,2,2,-1,-1,-1,-1,-1,-1,81191,78538,76747,67266,60896,160731,3000,3000,3520,3000,106200,5000,138809,141462,143253,152734,159104,59269,401649,0
370000,2,2,3,-1,-1,-1,-1,-1,2,155124,162526,168389,338660,221808,222304,10000,10000,10000,114000,10000,0,214876,207474,201611,31340,148192,147696,1114811,0
100000,2,2,2,-1,-1,-1,-1,-1,-1,25945,21237,16723,15868,8275,5954,4021,3013,4031,3012,2006,3121,74055,78763,83277,84132,91725,94046,74798,0
290000,2,2,3,-1,-1,-1,-1,-1,-1,145023,115830,76453,59734,61238,63089,6000,4000,5500,2500,3000,3000,144977,174170,213547,230266,228762,226911,497367,0
20000,3,2,3,1,-2,-2,-2,-2,-2,0,0,0,0,0,0,0,0,0,0,0,0,20000,20000,20000,20000,20000,20000,0,1
200000,2,4,2,-1,-1,-1,-1,-1,-1,199278,201725,203794,189024,191803,195044,7279,8679,6300,6000,6000,22001,722,-1725,-3794,10976,8197,4956,1124409,1
110000,3,4,2,-1,-1,-1,-1,-1,-1,35370,30661,62708,52873,48240,41313,11000,40000,3526,4515,3000,0,74630,79339,47292,57127,61760,68687,209124,0
80000,2,2,3,-1,-1,-1,2,-1,-1,78032,59156,61063,56202,25775,24688,2130,5804,121,1003,853,1941,1968,20844,18937,23798,54225,55312,293064,0
100000,2,2,2,-1,-1,-1,-1,-1,-1,100050,96652,97974,97486,95479,92817,4500,4600,4500,3500,3500,3500,-50,3348,2026,2514,4521,7183,556358,0
50000,2,2,2,-1,-1,-1,-1,-1,-1,41598,35995,33059,32663,29608,28939,1825,1593,1458,1186,1198,1114,8402,14005,16941,17337,20392,21061,193488,0
20000,2,6,2,1,2,2,2,-1,-1,17836,17246,19381,18772,19145,19545,0,2921,0,685,708,700,2164,2754,619,1228,855,455,106911,1
300000,1,4,2,-1,-1,-1,-1,-1,-1,13713,14547,13328,20714,13054,12632,15003,13539,20714,13054,12636,12700,286287,285453,286672,279286,286946,287368,342,0
160000,2,4,3,-1,-1,-2,-2,-2,-2,71900,0,0,0,0,0,0,0,0,0,0,0,88100,160000,160000,160000,160000,160000,71900,0
80000,3,2,3,2,-1,-1,-1,-1,-1,16413,12171,11554,7830,4305,5427,2160,1500,1218,311,1351,1000,63587,67829,68446,72170,75695,74573,50160,1
30000,2,2,2,2,2,-1,-1,-1,2,16944,16374,17724,18473,19763,19306,0,1620,1350,1600,0,1630,13056,13626,12276,11527,10237,10694,102384,1
30000,2,2,2,2,2,2,2,-1,-1,8229,11076,11787,11301,11677,11766,3000,1188,0,564,426,429,21771,18924,18213,18699,18323,18234,60229,0
60000,2,2,2,-1,-1,-1,-1,-1,-1,60333,51838,45728,36441,37336,38138,2100,2000,1700,1500,1400,1500,-333,8162,14272,23559,22664,21862,259614,0
200000,2,4,2,-1,-1,-1,-1,-1,-1,24429,13060,13683,-3942,123250,125926,1500,1000,0,128000,4600,5000,175571,186940,186317,203942,76750,74074,156306,1
50000,2,2,3,-1,-1,-1,-1,-1,-1,23064,17783,16315,12225,11184,10133,1281,1214,1155,375,364,354,26936,32217,33685,37775,38816,39867,85961,0
50000,3,4,3,-1,-1,-1,-1,-1,-1,10723,9872,658,1473,1473,1473,1000,658,1000,1473,1473,540,39277,40128,49342,48527,48527,48527,19528,0
270000,2,2,3,1,-2,-2,-2,-2,-2,-330,-330,-330,-330,-330,-330,0,0,0,0,0,0,270330,270330,270330,270330,270330,270330,-1980,0
30000,3,2,3,2,-1,-1,-1,-1,-1,27783,27584,28638,29584,30036,29404,1748,1802,1748,1200,1223,1100,2217,2416,1362,416,-36,596,164208,1
60000,2,2,3,-1,-1,-1,-1,-1,-1,34632,35654,36991,37701,38452,39255,1600,1915,1625,1376,1422,1435,25368,24346,23009,22299,21548,20745,213312,1
60000,2,4,1,1,-1,-1,2,-1,-1,0,1672,836,836,780,390,1672,836,0,780,390,0,60000,58328,59164,59164,59220,59610,836,1
50000,1,2,2,-1,-1,-1,-1,-1,-1,50465,51092,56266,39545,19856,19765,4000,3032,1668,1500,1805,23000,-465,-1092,-6266,10455,30144,30235,201984,1
220000,2,2,2,1,2,2,2,2,-2,194640,189976,189665,171669,167294,172042,0,15510,0,5500,7250,6500,25360,30024,30335,48331,52706,47958,1050526,0
50000,3,2,2,-2,2,2,-1,-1,-1,51741,96172,48827,38600,19541,19795,300,5222,2034,744,5200,790,-1741,-46172,1173,11400,30459,30205,260386,1
30000,3,4,2,-1,-1,2,-1,-1,2,22463,25362,24672,25317,26516,26133,3278,0,1233,1432,0,566,7537,4638,5328,4683,3484,3867,143954,1
280000,2,4,2,-1,-1,-1,-1,-1,-1,28928,24266,20209,20395,18969,18381,1634,1649,1304,703,701,705,251072,255734,259791,259605,261031,261619,124452,0
120000,2,2,2,-1,-1,2,2,2,2,2415,11837,9754,24007,22299,31576,9886,0,20000,0,10000,0,117585,108163,110246,95993,97701,88424,62002,0
120000,3,2,2,1,2,2,2,2,2,69830,68108,70415,74443,75527,77171,0,3400,5800,2900,3000,3100,50170,51892,49585,45557,44473,42829,417294,0
70000,3,2,3,-1,-1,-1,-1,-1,-1,23546,23462,17548,15864,14937,12841,1573,1355,1203,516,500,500,46454,46538,52452,54136,55063,57159,102551,0
550000,2,2,2,-1,-1,-1,-1,-1,-1,67886,67806,66328,26422,21386,17674,3688,2577,2169,1000,602,890,482114,482194,483672,523578,528614,532326,256576,0
220000,2,4,2,-1,-1,-1,-1,-1,-1,124418,126695,106534,109884,106114,108202,6300,4000,5500,3775,4100,5000,95582,93305,113466,110116,113886,111798,653172,0
340000,2,2,3,-2,-2,-2,-2,-2,-2,3253,15865,1946,546,546,590,15886,1946,546,546,590,550,336747,324135,338054,339454,339454,339410,2682,0
110000,3,4,2,-1,-1,-1,-1,-1,-1,9943,9267,4957,6037,7628,2746,9284,6960,6055,7651,8,5159,100057,100733,105043,103963,102372,107254,5461,0
140000,3,2,2,-1,-1,-1,-1,-1,-1,131138,133452,136194,137490,106322,104583,6300,7000,5421,4000,4000,4200,8862,6548,3806,2510,33678,35417,718258,0
360000,2,4,3,-1,-1,-1,-1,-1,-1,352538,360648,339204,282520,290521,27792,14152,15000,15000,15004,5071,5168,7462,-648,20796,77480,69479,332208,1583828,1
290000,1,4,2,-1,-1,-1,-1,-2,-2,1459,1029,2154,1492,229,943,1078,2154,1518,229,943,189,288541,288971,287846,288508,289771,289057,1195,0
200000,2,2,3,-1,-1,-1,2,2,2,26465,20435,8475,8162,10962,7350,1000,8475,0,3000,0,7505,173535,179565,191525,191838,189038,192650,61869,0
60000,2,2,2,-1,-1,-2,-1,-1,-1,21261,2522,0,1411,1455,4486,2522,0,1411,1455,4486,11961,38739,57478,60000,58589,58545,55514,9300,0
40000,2,2,3,-2,-2,-2,-2,-2,-2,1858,220,960,960,960,1383,220,960,960,960,1383,960,38142,39780,39040,39040,39040,38617,898,0
120000,2,4,1,-1,-1,-1,2,-1,-1,9102,10626,15003,9270,46193,30774,2000,5000,0,49920,1500,4000,110898,109374,104997,110730,73807,89226,58548,0
80000,2,2,2,2,-1,-1,-1,2,-1,62622,54613,43232,32361,22382,20509,3208,1964,3428,7,1000,2900,17378,25387,36768,47639,57618,59491,223212,1
300000,2,2,3,-2,-2,-2,-2,-2,-2,0,0,0,0,0,0,0,0,0,0,0,520,300000,300000,300000,300000,300000,300000,-520,1
20000,2,2,1,-1,-1,-1,-1,-1,-1,3454,6875,13936,2816,7419,165,6885,14523,2816,7419,0,16963,16546,13125,6064,17184,12581,19835,-13941,1
30000,2,2,3,2,2,2,2,2,-1,34713,32875,29088,26788,17014,3000,2000,4,2916,106,3000,0,-4713,-2875,912,3212,12986,27000,135452,1
180000,1,4,2,-1,-1,-1,-1,-1,-1,174869,173094,131039,132269,144990,152632,8328,7000,4900,15000,10000,6000,5131,6906,48961,47731,35010,27368,857665,0
110000,2,4,2,-1,-1,-1,-1,-1,-1,111533,110367,112974,108390,107180,107309,5500,5900,5500,5000,5000,4300,-1533,-367,-2974,1610,2820,2691,626553,0
250000,2,2,3,-1,-1,-1,-1,-1,-1,121558,126367,130658,79361,81196,83040,6500,7000,4000,3000,3000,4000,128442,123633,119342,170639,168804,166960,594680,0
140000,2,4,2,-1,-1,-1,-1,-1,-1,137647,136497,135505,137629,120147,122247,5004,5000,5000,4300,5000,5158,2353,3503,4495,2371,19853,17753,760210,0
80000,2,2,1,2,-1,-1,2,-1,-1,76362,77883,81811,80250,61467,10662,3392,5800,1000,600,400,1000,3638,2117,-1811,-250,18533,69338,376243,1
20000,3,2,2,-1,-1,-1,2,-1,-1,18539,18800,21274,20109,19976,20143,1400,3300,0,1000,1000,1000,1461,1200,-1274,-109,24,-143,111141,0
50000,3,4,3,-1,-1,-1,-1,-1,-1,11961,14259,16028,17760,19462,22141,2500,2000,2000,2000,3000,3000,38039,35741,33972,32240,30538,27859,87111,0
90000,3,2,3,-1,-1,-1,-1,-1,-1,14028,11732,9940,11264,12774,13038,3090,1176,1500,2000,609,478,75972,78268,80060,78736,77226,76962,63923,0
20000,2,2,2,-1,-1,-1,-1,-1,-1,17287,13864,14534,9662,8091,0,1572,1242,1020,2000,0,0,2713,6136,5466,10338,11909,20000,57604,0
150000,2,4,2,-1,-1,-1,-1,-1,-1,121764,150928,151428,111159,97154,98404,35837,8794,3454,98231,3486,2706,28236,-928,-1428,38841,52846,51596,578329,0
150000,1,2,2,-1,-1,-1,-1,-1,-1,3099,3102,3087,2887,2887,2887,3102,3087,2887,2887,2887,3103,146901,146898,146913,147113,147113,147113,-4,0
50000,3,4,3,-1,-1,-1,-1,-1,-1,3048,4063,5081,6090,6211,6342,1074,1092,1101,222,231,231,46952,45937,44919,43910,43789,43658,26884,1
90000,2,4,3,-1,-1,-1,-1,-2,-2,932,319,800,0,0,0,319,800,0,0,0,0,89068,89681,89200,90000,90000,90000,932,0
350000,2,4,3,-2,-2,-2,-2,-2,-2,26774,22062,38491,4683,3797,6677,22181,38683,4706,3816,6708,20105,323226,327938,311509,345317,346203,343323,6285,0
30000,2,4,2,-1,-1,-1,-1,2,-1,22070,23075,24124,27012,26279,26831,1676,1725,3613,0,975,980,7930,6925,5876,2988,3721,3169,140422,0
150000,1,2,1,1,-2,-2,-2,-1,-1,0,0,522,0,3978,25590,0,522,0,3978,25590,0,150000,150000,149478,150000,146022,124410,0,0
190000,1,4,1,-1,-1,-1,-1,-1,-1,189417,95341,74959,76514,78047,79603,3318,2719,2800,2800,2900,3400,583,94659,115041,113486,111953,110397,575944,1
340000,2,2,2,-1,-1,-1,-1,-1,-1,3058,4087,5129,3142,3210,4153,1087,1129,1052,120,1000,1000,336942,335913,334871,336858,336790,335847,17391,0
50000,2,2,3,-1,-1,-1,-1,-1,-1,49571,37680,31932,25300,18902,18920,2000,1812,2000,664,700,709,429,12320,18068,24700,31098,31080,174420,0
50000,2,4,1,2,2,2,2,2,2,30715,29923,32700,28768,29639,28629,0,3304,4,2230,0,2009,19285,20077,17300,21232,20361,21371,172827,1
280000,2,4,2,-2,-2,-2,-2,-2,-2,0,0,0,0,0,0,0,0,0,0,0,150,280000,280000,280000,280000,280000,280000,-150,0
230000,1,4,2,-1,-1,-1,-1,-1,-1,903,1711,1292,885,1292,795,1711,1292,885,1292,795,1035,229097,228289,228708,229115,228708,229205,-132,1
400000,1,4,2,-1,-1,-1,-1,-1,-1,72551,8572,2190,12881,7497,11563,8657,2190,12881,0,4590,0,327449,391428,397810,387119,392503,388437,86936,0
190000,3,2,2,-1,-1,-1,-1,-1,-1,752,1302,18666,19623,21268,23038,1302,18666,2000,3000,3000,1200,189248,188698,171334,170377,168732,166962,55481,1
170000,1,4,2,-1,-1,-1,-1,-1,-1,18038,26669,11709,14168,9084,0,10047,11909,5000,16,0,0,151962,143331,158291,155832,160916,170000,52696,0
150000,1,4,2,1,-2,-2,-2,-1,-1,0,0,0,0,1883,1883,0,0,0,1883,0,0,150000,150000,150000,150000,148117,148117,1883,1
140000,1,4,2,-1,-1,-1,-1,-1,2,97528,99468,101863,105575,122173,116266,3562,4000,5445,20000,0,9010,42472,40532,38137,34425,17827,23734,600856,1
110000,2,4,1,-1,-1,-1,-1,-1,-1,37857,39117,34330,12207,71932,73769,2000,3000,1500,71392,3000,3500,72143,70883,75670,97793,38068,36231,184820,0
260000,1,4,2,-1,-1,-2,-2,-2,-2,16083,759,-484,-484,3872,2,759,0,0,4356,0,3200,243917,259241,260484,260484,256128,259998,11433,0
30000,2,4,2,2,-1,-1,-1,-1,-1,25037,18486,19082,19145,15839,9335,2000,2000,2500,2000,2000,4000,4963,11514,10918,10855,14161,20665,92424,0
130000,3,2,3,2,2,-1,-1,-1,-1,95564,92809,95477,95334,96066,97413,0,4500,3500,3400,4000,4000,34436,37191,34523,34666,33934,32587,553263,1
190000,3,4,2,-1,-1,-1,-1,-1,-1,44098,157205,91091,88145,90414,85083,164582,10056,10000,5000,10000,13000,145902,32795,98909,101855,99586,104917,343398,0
10000,2,4,2,1,2,-1,-1,-1,-1,7081,6819,7996,9004,9180,9371,0,1290,1298,474,487,500,2919,3181,2004,996,820,629,45402,1
30000,2,2,3,2,-1,-1,-1,-1,-1,5288,6310,8693,11541,13344,15118,1117,2500,3000,2000,2000,553,24712,23690,21307,18459,16656,14882,49124,1
300000,1,4,3,-1,-1,-1,-1,-1,-1,122838,124057,125120,133997,118000,131067,10039,10048,20172,11034,20109,30428,177162,175943,174880,166003,182000,168933,653249,0
200000,2,2,3,-1,-1,-1,-1,-1,-1,9798,14457,8916,12868,7818,12910,14499,8983,12908,7834,12919,13583,190202,185543,191084,187132,192182,187090,-3959,0
130000,3,2,2,-1,-1,-1,-1,-1,-1,140479,133540,126408,119174,111339,103492,5000,5000,4200,4000,3600,4542,-10479,-3540,3592,10826,18661,26508,708090,0
400000,3,4,2,-2,-2,-2,-2,-2,-2,1432,8125,7017,10525,13295,11024,8132,7018,10542,13378,11045,6666,398568,391875,392983,389475,386705,388976,-5363,1
220000,2,4,2,-1,-1,-1,-1,-1,-1,93682,96466,99009,100462,102614,104806,4337,5000,4000,3824,4000,4000,126318,123534,120991,119538,117386,115194,571878,0
100000,1,2,2,1,-2,-2,-2,-2,-1,0,0,0,0,0,315,0,0,0,0,315,165,100000,100000,100000,100000,100000,99685,-165,0
80000,2,2,2,-1,-1,-1,-1,-1,-1,29249,28795,27006,23705,18275,18104,1800,1550,1244,751,612,667,50751,51205,52994,56295,61725,61896,138510,0
50000,3,4,2,-1,-1,-1,-1,-1,-1,60170,48000,50192,50451,49086,34161,3000,3000,5000,3000,1000,711,-10170,2000,-192,-451,914,15839,276349,0
200000,1,2,2,1,-2,-2,-2,-2,-2,0,0,0,0,0,0,0,0,0,0,0,0,200000,200000,200000,200000,200000,200000,0,0
400000,2,2,3,-1,-1,-1,-1,-1,-1,398711,407664,186081,189987,193824,201699,17000,7000,7000,7000,11000,10000,1289,-7664,213919,210013,206176,198301,1518966,0
50000,2,4,3,-1,-1,-1,-1,-1,-1,47295,30348,24446,25535,26109,26689,4000,1800,1500,1000,1000,1500,2705,19652,25554,24465,23891,23311,169622,0
140000,3,2,2,-1,-1,-1,-1,-1,-1,4637,4619,5538,2770,390,390,1141,1450,1000,390,390,390,135363,135381,134462,137230,139610,139610,13583,0
10000,2,2,3,-1,-1,-1,-1,-1,-1,8671,6613,7648,8758,9410,4373,1265,1300,1400,1000,304,283,1329,3387,2352,1242,590,5627,39921,0
80000,3,2,3,-1,-1,-1,-1,-1,-1,3482,2946,1524,2946,1473,0,1000,1524,1473,1473,0,390,76518,77054,78476,77054,78527,80000,6511,0
220000,1,2,2,-1,-1,-1,-1,-1,-1,136269,138972,141900,144764,147657,150749,4967,5160,5233,5278,5464,6121,83731,81028,78100,75236,72343,69251,828088,0
80000,2,4,3,-1,-1,-1,-1,-1,-1,78083,79829,80896,53052,91667,47160,3045,2545,2100,1700,3374,1740,1917,171,-896,26948,-11667,32840,416183,0
360000,1,2,2,-2,-1,-1,-1,-1,-1,94657,34529,106276,73331,7759,31840,45000,100000,73427,7759,31840,12577,265343,325471,253724,286669,352241,328160,77789,1
20000,2,2,3,2,-1,-1,2,2,2,16371,17384,19954,19259,20139,19434,1289,2859,0,1044,0,528,3629,2616,46,741,-139,566,106821,1
20000,2,2,3,-1,-1,-1,-1,-1,-1,10640,11252,12277,12287,12140,11990,1185,1600,1000,243,240,619,9360,8748,7723,7713,7860,8010,65699,0
20000,3,4,2,1,2,2,2,2,-1,19381,20359,19360,20421,19832,18052,1600,300,1700,0,804,1000,619,-359,640,-421,168,1948,112001,0
70000,2,2,2,-1,-1,-1,-1,-1,-1,50416,51412,53109,53630,108596,55886,1835,2520,2000,2000,4058,2100,19584,18588,16891,16370,-38596,14114,358536,0
210000,2,2,2,-1,-1,-1,-2,-2,-1,29672,31050,0,0,0,87045,2100,0,0,0,87045,4000,180328,178950,210000,210000,210000,122955,54622,0
240000,2,2,2,-1,-1,-1,-1,-2,-2,153104,102049,105086,0,0,0,4500,5014,0,0,0,1418,86896,137951,134914,240000,240000,240000,349307,0
50000,2,2,2,-1,-1,-1,-1,-1,-1,24636,25064,51224,26230,18755,19227,1500,2300,2800,1000,1150,1000,25364,24936,-1224,23770,31245,30773,155386,0
50000,2,2,2,-1,-1,-1,-1,-1,-1,17019,7412,45137,41168,5890,7000,2591,40693,3900,1000,1500,2360,32981,42588,4863,8832,44110,43000,71582,0
230000,1,4,2,-2,-2,-2,-1,-1,-1,0,0,0,1158,1158,1158,0,0,1158,0,0,0,230000,230000,230000,228842,228842,228842,2316,0
120000,1,4,3,-1,-1,-1,-1,-1,2,90041,86140,87941,89737,95451,97379,3079,3185,3251,7200,3600,3900,29959,33860,32059,30263,24549,22621,522474,0
180000,1,4,3,-1,-1,2,-1,-1,-1,7668,10006,7996,8960,6310,4656,2489,0,1166,126,112,244,172332,169994,172004,171040,173690,175344,41459,1
290000,1,2,2,-1,-1,-1,-1,-1,-1,3613,14708,7209,14912,45473,15095,14718,7420,15118,45473,15095,8908,286387,275292,282791,275088,244527,274905,-5722,0
160000,1,2,3,-1,-1,-1,-1,-1,-1,151400,155658,143564,130860,122188,79360,6960,6882,6307,4730,2874,3052,8600,4342,16436,29140,37812,80640,752225,0
80000,3,2,3,2,2,2,3,3,2,66852,68152,71459,73690,71908,76294,3000,5000,4000,0,5700,0,13148,11848,8541,6310,8092,3706,410655,1
50000,2,4,2,2,-1,-1,2,2,2,28133,29461,32067,31252,32633,33965,1800,3400,0,1900,2000,0,21867,20539,17933,18748,17367,16035,178411,1
20000,3,2,2,1,-2,-2,-2,-2,-2,0,0,0,0,0,0,0,0,0,0,0,0,20000,20000,20000,20000,20000,20000,0,1
50000,2,6,2,-1,-1,-1,-1,-1,-1,33436,31231,30994,20244,12135,12270,2005,2005,2716,1000,911,500,16564,18769,19006,29756,37865,37730,131173,1
80000,2,2,2,2,2,2,2,2,-1,63619,64484,62882,69109,67401,68863,2500,0,7282,0,2700,3000,16381,15516,17118,10891,12599,11137,380876,1
30000,3,2,3,1,2,-1,-1,-1,-1,32577,29268,26897,23352,18738,15236,0,1468,1564,591,489,388,-2577,732,3103,6648,11262,14764,141568,0
10000,2,2,2,3,2,-1,-1,2,-1,7621,7368,8226,9834,9549,9774,0,1122,1730,0,508,425,2379,2632,1774,166,451,226,48587,1
200000,2,4,3,-2,-1,-1,-1,-1,-1,15094,1717,988,1805,72551,90988,1727,991,1817,72836,30300,60000,184906,198283,199012,198195,127449,109012,15472,0
50000,2,2,2,-1,-1,-1,-1,-1,-1,49450,50067,69594,46181,16770,19890,1743,2236,2807,629,3810,719,550,-67,-19594,3819,33230,30110,240008,0
480000,2,4,2,-1,-1,-1,-1,-1,-1,489305,479927,471639,375196,285319,209218,18231,20010,13013,11209,9010,162510,-9305,73,8361,104804,194681,270782,2076621,1
260000,2,2,3,-1,-1,-1,-1,-1,-1,28700,29484,28592,16869,12713,10420,15000,10000,3000,12713,10420,12532,231300,230516,231408,243131,247287,249580,63113,0
200000,1,4,2,-1,-1,-1,-1,-1,-1,129554,116490,119279,121782,125427,140460,5600,6000,4300,5500,17000,5300,70446,83510,80721,78218,74573,59540,709292,0
210000,1,2,3,1,-2,-2,-1,-1,-1,0,0,0,4351,0,6200,0,0,4351,0,6200,5276,210000,210000,210000,205649,210000,203800,-5276,0
70000,2,2,3,2,3,3,3,3,2,50460,52331,53896,54426,52956,54459,3000,3000,2000,0,2500,2200,19540,17669,16104,15574,17044,15541,305828,1
50000,2,2,3,2,2,2,-1,-1,-1,49072,50559,49060,44908,29969,30230,4000,0,2000,1039,1100,1100,928,-559,940,5092,20031,19770,244559,0
20000,2,4,3,2,-1,-1,-1,-1,2,13696,15156,16183,16893,18200,17769,2000,1574,1284,1591,0,644,6304,4844,3817,3107,1800,2231,90804,1
80000,2,2,2,-2,-2,-2,-1,-1,-1,390,0,1151,10312,12238,8279,0,1151,10312,12238,5000,3000,79610,80000,78849,69688,67762,71721,669,0
200000,3,2,2,-1,-1,-1,-1,-1,-1,10701,4251,5144,6807,51013,54416,4251,5144,2000,44406,54725,3000,189299,195749,194856,193193,148987,145584,18806,0
210000,1,2,2,-1,-1,-2,-2,-1,-1,29504,0,0,0,1742,0,0,0,0,1742,0,22854,180496,210000,210000,210000,208258,210000,6650,0
210000,3,2,2,-1,-1,-1,-1,-1,-1,79662,25442,26823,32032,37457,43814,3000,1791,6000,6000,7000,5000,130338,184558,183177,177968,172543,166186,216439,0
360000,1,6,2,-2,-2,-2,-2,-2,-2,3555,2570,0,0,0,6920,2570,0,0,0,6920,0,356445,357430,360000,360000,360000,353080,3555,0
80000,2,4,4,-1,-1,2,-1,-1,2,57730,64934,63325,67711,71984,73672,8198,0,5487,5429,3000,2621,22270,15066,16675,12289,8016,6328,374621,1
50000,3,2,3,-1,-1,-1,-1,-1,-1,3238,4672,2865,3878,4809,5726,1500,1056,1069,1000,1000,255,46762,45328,47135,46122,45191,44274,19308,0
20000,2,4,3,-1,-1,-1,-1,-1,-1,3135,2643,2454,2250,2296,4315,2000,2296,2296,2342,4315,2796,16865,17357,17546,17750,17704,15685,1048,0
40000,2,2,2,-1,-1,3,2,2,2,35183,39197,39477,39924,39004,41462,4600,1200,1400,0,3069,0,4817,803,523,76,996,-1462,223978,1
50000,2,2,2,2,-1,-1,2,2,2,29989,31184,33850,34495,35129,35918,2000,3500,1500,1500,1500,1500,20011,18816,16150,15505,14871,14082,189065,1
170000,2,2,3,-1,-1,-1,-1,2,2,133341,133715,130591,138404,138733,137642,6804,6883,11600,5020,1200,4000,36659,36285,39409,31596,31267,32358,776919,0
310000,1,2,2,-2,-2,-2,-2,-2,-2,123,123,0,123,0,0,123,0,123,0,0,0,309877,309877,310000,309877,310000,310000,123,0
50000,2,2,1,-1,-1,2,-1,-1,2,46108,49330,48263,49780,56396,55479,4000,0,2384,8000,0,1852,3892,670,1737,220,-6396,-5479,289120,0
30000,1,4,1,-1,-1,3,2,2,2,24709,28970,28233,27481,29484,30157,5000,0,0,2471,1300,4800,5291,1030,1767,2519,516,-157,155463,0
200000,2,2,3,-1,-1,-1,-1,-1,-1,144249,144423,139978,126213,93788,94875,6097,8039,5112,5000,5008,4019,55751,55577,60022,73787,106212,105125,710251,0
260000,2,2,2,-1,-1,-1,-1,-1,-1,191160,194522,190339,186688,177785,165789,8357,7200,6500,6000,6000,6400,68840,65478,69661,73312,82215,94211,1065826,0
80000,2,4,1,-1,-1,-1,2,2,-1,59520,60492,62160,64714,62420,62990,2753,3438,4400,0,2400,9974,20480,19508,17840,15286,17580,17010,349331,1
180000,2,4,1,1,-2,-2,-2,-2,-2,0,0,0,0,0,0,0,0,0,0,0,0,180000,180000,180000,180000,180000,180000,0,0
130000,1,4,1,-1,-1,-1,-1,-1,-1,2936,1688,5890,1113,1283,3000,2464,5890,1113,1283,3000,883,127064,128312,124110,128887,128717,127000,1277,0
190000,1,2,2,-1,-1,2,-1,-1,-1,176699,188703,184403,90887,90097,90295,15000,3000,4100,3200,3264,3248,13301,1297,5597,99113,99903,99705,789272,1
110000,2,2,2,-1,-1,-1,2,2,2,105440,105852,111966,106068,109293,105804,5300,11000,0,8077,0,3947,4560,4148,-1966,3932,707,4196,616099,0
60000,2,2,3,2,2,2,2,-1,-1,42922,45617,46549,32902,30677,31318,3700,2000,0,1059,1096,1114,17078,14383,13451,27098,29323,28682,221016,1
40000,3,2,3,1,2,2,2,-1,-1,35771,34896,39322,38319,39531,40224,0,5000,0,2000,1400,2000,4229,5104,678,1681,469,-224,217663,0
80000,2,2,2,-2,-2,-2,-2,-2,-2,1880,1261,1650,3176,3379,1807,1261,1650,3176,3379,1807,2241,78120,78739,78350,76824,76621,78193,-361,0
100000,4,4,2,-1,-1,-1,-1,-1,-1,42622,46884,51103,52251,53480,54467,5000,5000,2000,2100,2000,5001,57378,53116,48897,47749,46520,45533,279706,0
400000,2,2,2,-1,-1,-1,-1,-1,-1,95390,95654,97702,98972,101154,102371,2988,3780,3000,3004,2988,2827,304610,304346,302298,301028,298846,297629,572656,0
70000,2,2,3,1,2,2,-1,-1,-1,56922,60047,56884,57717,26342,26342,5500,0,2723,1062,936,943,13078,9953,13116,12283,43658,43658,273090,1
500000,2,2,3,-2,-1,-1,-1,-1,-1,3645,2744,1000,16639,7081,0,2744,1005,16639,142,0,10220,496355,497256,499000,483361,492919,500000,359,0
190000,3,4,3,-1,-1,-1,-1,-1,-1,124245,126722,129376,132016,134632,137470,4536,4696,4791,4811,5000,5033,65755,63278,60624,57984,55368,52530,755594,0
200000,2,4,2,-1,-1,-1,-1,-1,-1,4585,5859,7763,8525,6843,2865,1500,2000,1000,518,1000,296,195415,194141,192237,191475,193157,197135,30126,0
210000,2,2,3,-1,-1,-1,-1,-1,-1,109919,92271,79445,27278,32509,41225,11488,10000,11990,17990,15000,15000,100081,117729,130555,182722,177491,168775,301179,0
340000,2,4,3,-1,-1,-1,-1,-1,-1,196112,183453,167592,162628,142779,139548,6446,6207,5758,4853,4940,4600,143888,156547,172408,177372,197221,200452,959308,0
180000,1,4,2,-1,-1,-1,-1,-1,-1,16056,179490,180360,177460,140738,141830,180040,8200,9607,5103,5237,5000,163944,510,-360,2540,39262,38170,622747,0
110000,2,4,1,-1,-1,-1,-1,-1,-1,10048,8311,3404,407,1250,88628,2000,3000,410,1250,89035,3491,99952,101689,106596,109593,108750,21372,12862,0
80000,3,4,3,-1,-1,-1,2,-1,-1,11460,455,10843,9011,7560,7686,455,10843,0,22,7709,9398,68540,79545,69157,70989,72440,72314,18588,0
30000,3,2,2,-1,-1,-1,-1,-1,-1,9388,10387,10624,11539,11771,9075,1162,1229,1144,376,329,345,20612,19613,19376,18461,18229,20925,58199,0
200000,1,4,2,-1,2,-1,2,-1,-1,2905,1258,1863,390,390,390,0,2253,0,390,390,390,197095,198742,198137,199610,199610,199610,3773,0
80000,2,2,2,-1,-1,-1,-1,-1,-1,51346,52955,54063,54608,55695,56786,3000,2500,2000,2500,2500,2500,28654,27045,25937,25392,24305,23214,310453,0
300000,1,4,2,-1,-1,-1,-1,-1,-1,34515,60700,33843,5045,10288,12565,30000,5000,5045,10288,5000,5000,265485,239300,266157,294955,289712,287435,96623,1
280000,1,4,2,-1,-1,-1,-1,-1,-1,215052,191094,195204,199091,201581,206054,7000,7200,8800,7300,7700,16000,64948,88906,84796,80909,78419,73946,1154076,0
110000,2,4,2,1,-1,-1,-1,-1,-1,-296,1733,-153,6540,632,316,2345,0,7009,632,0,36049,110296,108267,110153,103460,109368,109684,-37263,0
130000,2,4,2,-1,-1,-1,-1,-1,-1,108984,106533,104394,103798,82816,78727,3775,3988,6000,3784,3010,3200,21016,23467,25606,26202,47184,51273,561495,0
500000,4,2,2,-2,-2,-2,-2,-2,-2,33647,482,9034,64346,5988,16890,486,9041,64988,6000,16899,14028,466353,499518,490966,435654,494012,483110,18945,0
150000,2,2,2,1,-2,-2,-2,-2,-2,0,0,0,0,0,0,0,0,0,0,0,0,150000,150000,150000,150000,150000,150000,0,0
450000,2,4,2,-1,-1,-2,-2,-1,-1,12050,13500,6350,11670,1530,1232,13551,6364,11728,1532,1234,201,437950,436500,443650,438330,448470,448768,11722,0
230000,2,2,2,-1,-1,-1,-1,-1,-1,167299,165568,140467,133479,122948,125519,8448,5785,5400,4397,4548,4670,62701,64432,89533,96521,107052,104481,822032,0
80000,2,4,2,2,2,3,2,-1,-1,74860,84054,82194,78715,26681,0,11074,3,5,1075,0,0,5140,-4054,-2194,1285,53319,80000,334347,0
260000,1,2,2,-1,-1,2,-1,-1,-1,199,598,400,199,1117,922,599,2,200,1118,5,459,259801,259402,259600,259801,258883,259078,1052,0
150000,2,2,2,2,2,2,2,-1,-1,140711,147833,148066,142163,135075,135309,12416,6130,27,4610,5000,5000,9289,2167,1934,7837,14925,14691,815974,0
50000,2,2,2,-1,-1,-2,-2,-2,-2,23280,0,0,0,0,0,0,0,0,0,0,0,26720,50000,50000,50000,50000,50000,23280,0
30000,3,2,2,-1,-1,-1,-1,-1,-1,27785,28786,26496,25098,26209,25325,1800,1500,1450,1500,1500,1500,2215,1214,3504,4902,3791,4675,150449,1
100000,3,2,3,1,2,2,2,-1,-1,102250,97551,101882,98311,97546,101281,0,8900,0,3500,7570,0,-2250,2449,-1882,1689,2454,-1281,578851,1
190000,2,2,3,1,2,-1,-1,-1,-1,189697,185105,184180,156969,157856,158451,0,9021,6000,5489,5670,6000,303,4895,5820,33031,32144,31549,1000078,1
130000,2,2,2,-1,-1,-1,-1,-1,-1,9383,9380,7350,3488,3991,3077,1317,1268,1010,4003,3086,2406,120617,120620,122650,126512,126009,126923,23579,0
30000,2,2,2,-1,-1,-1,-2,-2,-2,24380,15525,0,0,0,0,1600,0,0,0,0,292,5620,14475,30000,30000,30000,30000,38013,1
30000,2,4,2,-1,-1,-1,-1,-1,-1,29632,30239,30526,29219,30012,28422,1492,1661,1238,1031,1083,0,368,-239,-526,781,-12,1578,171545,0
110000,1,2,3,-1,-1,2,2,2,2,87418,93862,91505,98566,99700,97833,7900,0,8600,3800,0,3700,22582,16138,18495,11434,10300,12167,544884,1
120000,3,2,2,-1,-1,-1,-1,2,2,116983,117616,74853,78692,78456,76140,5750,4000,6300,3000,0,3700,3017,2384,45147,41308,41544,43860,519990,0
30000,3,2,3,-1,-1,2,-1,-1,-1,30518,34984,30321,23610,20614,18873,5002,7,1511,5005,5183,5108,-518,-4984,-321,6390,9386,11127,137104,0
30000,3,2,2,2,-1,-1,-1,-1,-1,7109,7963,9152,10282,10180,10394,1132,1321,1451,349,362,343,22891,22037,20848,19718,19820,19606,50122,1
30000,2,4,3,-1,-1,-1,-1,-1,-2,26504,28056,27987,1812,0,0,2000,2000,2000,0,0,0,3496,1944,2013,28188,30000,30000,78359,0
10000,3,4,3,1,2,3,2,-1,-1,6925,10273,9964,9327,9512,9200,3647,0,0,332,333,564,3075,-273,36,673,488,800,50325,1
400000,2,2,2,-1,-1,-1,-1,-1,-1,183339,179701,179979,89317,59413,65890,10016,7473,6151,2000,7015,45,216661,220299,220021,310683,340587,334110,724939,0
20000,3,6,2,-1,-1,-1,-2,-2,-1,19446,20650,0,0,0,1000,2000,0,0,0,1000,0,554,-650,20000,20000,20000,19000,38096,0
20000,2,2,2,2,-1,-1,-1,-1,-1,18720,18932,19543,20002,19314,19320,1610,1374,1215,596,609,717,1280,1068,457,-2,686,680,109710,1
500000,1,4,2,-1,-1,-1,-1,-1,-1,30267,14773,18129,18934,21687,16438,14773,18129,18941,16687,16438,415,469733,485227,481871,481066,478313,483562,34845,0
30000,2,2,2,4,3,2,-1,-1,2,31087,29545,26270,24966,23834,20859,0,0,2000,2000,0,1200,-1087,455,3730,5034,6166,9141,151361,1
50000,2,2,2,1,2,-1,-1,-2,-2,7642,3273,4166,0,0,0,0,1000,0,0,0,0,42358,46727,45834,50000,50000,50000,14081,1
30000,2,4,2,-1,-1,-1,-1,-1,-1,30336,29965,28048,29775,27736,26956,3005,2000,3000,3000,2000,2000,-336,35,1952,225,2264,3044,157811,0
30000,2,4,2,2,-1,-1,-1,-1,-1,17011,15720,18443,7138,7638,5884,2000,3000,1000,500,5884,0,12989,14280,11557,22862,22362,24116,59450,1
110000,2,4,2,-1,-1,-1,-1,-1,-1,36075,39442,41240,42380,380,96736,4000,2760,3000,380,96736,3600,73925,70558,68760,67620,109620,13264,145777,0
100000,2,2,2,3,2,2,2,2,2,39192,39951,39030,43381,43771,44626,1700,0,5000,1400,1700,300,60808,60049,60970,56619,56229,55374,239851,0
200000,2,2,2,-1,-1,-1,-1,-1,-1,175000,184057,189643,115046,24895,35410,12000,9427,5934,13000,11000,1320,25000,15943,10357,84954,175105,164590,671370,0
110000,3,2,3,-1,-1,-1,-1,-1,-1,41629,42626,45666,84725,49757,46196,1688,3728,1726,1608,2169,1698,68371,67374,64334,25275,60243,63804,297982,0
140000,2,4,2,-1,-1,-1,-1,-1,-1,139001,141453,132415,130305,79775,74462,4826,8000,3100,3000,5417,0,999,-1453,7585,9695,60225,65538,673068,0
70000,2,6,3,-1,-1,-1,-1,-1,-1,70820,66163,67605,68855,70377,67818,2500,2507,2428,2594,2602,2500,-820,3837,2395,1145,-377,2182,396507,0
130000,3,4,2,-1,-1,-1,-1,-1,-1,31280,32582,33328,34310,35059,44458,1813,1559,1541,1290,10000,1958,98720,97418,96672,95690,94941,85542,192856,0
30000,2,2,3,-1,-1,2,2,-2,-2,390,780,780,0,0,0,780,0,0,0,0,0,29610,29220,29220,30000,30000,30000,1170,0
160000,3,2,2,-1,-1,-1,-1,2,2,92816,87606,82218,79438,72451,39831,5000,10000,5018,127,10015,69,67184,72394,77782,80562,87549,120169,424131,0
50000,4,4,2,-1,-1,-1,-1,-1,-1,46277,42207,20361,17527,17318,17738,2058,1265,5000,700,700,800,3723,7793,29639,32473,32682,32262,150905,0
80000,2,2,2,1,-1,-1,-1,-1,-2,4749,6108,2861,3277,3319,1150,6120,2861,3279,3319,1150,1150,75251,73892,77139,76723,76681,78850,3585,0
50000,3,2,3,-1,-1,2,-1,-1,-1,46989,51036,48353,47264,29325,31100,5177,22,2154,1200,3450,0,3011,-1036,1647,2736,20675,18900,242064,0
50000,3,2,3,-1,-1,-1,-1,-1,-1,31297,30175,30140,29724,30316,29269,1476,1517,1451,1043,1048,1429,18703,19825,19860,20276,19684,20731,172957,0
180000,2,4,3,-1,-1,-1,-1,2,-1,3481,757,9877,4383,3482,4479,761,9962,3485,2,4479,5392,176519,179243,170123,175617,176518,175521,2378,0
130000,2,2,3,1,-2,-1,-1,-1,-2,0,0,441,305,0,0,0,441,305,0,0,0,130000,130000,129559,129695,130000,130000,0,1
420000,1,2,3,1,-1,-1,-1,-1,-1,0,14165,53697,50081,44875,42691,14165,55732,1563,1594,1454,1535,420000,405835,366303,369919,375125,377309,129466,0
140000,2,2,3,-1,-1,-2,-2,-2,-2,110575,0,0,0,0,0,0,0,0,0,0,0,29425,140000,140000,140000,140000,140000,110575,1
20000,2,2,3,-1,-1,-1,3,2,2,12029,13045,16024,15420,13929,11307,1224,3203,0,1000,0,2000,7971,6955,3976,4580,6071,8693,74327,0
200000,2,6,3,-1,-1,-1,-1,-1,-1,118728,110699,61827,35902,326,1446,4895,3927,35955,0,5826,4706,81272,89301,138173,164098,199674,198554,273619,1
180000,1,2,3,-2,-2,-2,-2,-2,-2,0,0,0,0,0,0,0,0,0,0,0,0,180000,180000,180000,180000,180000,180000,0,0
120000,3,2,2,-1,-1,-1,2,-1,-1,19821,20836,23562,22890,23189,23521,1651,3377,0,976,855,1011,100179,99164,96438,97110,96811,96479,125949,0
210000,2,2,3,-1,-1,-1,-1,-1,-1,190693,169931,173389,154440,155592,116249,7000,7000,10005,6193,4231,5000,19307,40069,36611,55560,54408,93751,920865,0
30000,2,2,3,1,2,2,2,2,2,23155,22490,26789,26065,27408,26831,0,5000,0,2084,0,2305,6845,7510,3211,3935,2592,3169,143349,1
80000,2,4,3,-1,-1,-1,-1,-1,-1,72987,72055,70730,68487,57304,41345,2561,2745,2100,1684,4000,3000,7013,7945,9270,11513,22696,38655,366818,0
110000,2,2,2,-1,-1,-1,-1,-1,2,85958,83389,83734,82532,81032,79835,2968,4088,3677,5400,0,3618,24042,26611,26266,27468,28968,30165,476729,0
60000,2,2,2,-1,-1,-1,-1,-1,-1,60299,44659,44291,41241,29534,29297,2000,3042,1433,1012,1029,1074,-299,15341,15709,18759,30466,30703,239731,1
60000,2,2,2,-1,-1,-1,-1,-1,-1,59945,57262,27275,22095,14293,12217,1805,5816,1000,5000,12217,8000,55,2738,32725,37905,45707,47783,159249,0
140000,1,4,2,1,-2,-2,-2,-2,-2,-18,-18,-18,-18,-18,-18,0,0,0,0,0,0,140018,140018,140018,140018,140018,140018,-108,0
60000,2,2,2,-1,-1,-1,-1,-1,-1,57267,57225,47343,29164,27829,27574,3023,2245,2005,2000,1088,3000,2733,2775,12657,30836,32171,32426,233041,0
500000,1,4,2,-1,-1,-2,-1,-1,-1,51,-8,-8,10362,21905,23717,0,0,10370,15000,10000,4311,499949,500008,500008,489638,478095,476283,16338,1
420000,2,2,3,-1,-1,-1,-1,-1,-1,373978,389754,366938,361024,354813,344221,33808,14996,13209,12890,11081,16298,46022,30246,53062,58976,65187,75779,2088446,1
30000,2,2,3,2,2,2,2,2,2,15780,15246,17838,17272,18131,17711,0,3141,0,1434,0,1581,14220,14754,12162,12728,11869,12289,95822,1
170000,3,2,2,-1,-1,-1,-1,-1,-1,4202,5146,6494,1264,948,632,1336,2000,1264,0,0,0,165798,164854,163506,168736,169052,169368,14086,0
200000,1,2,3,-1,-1,-1,-1,-1,-1,1248,0,94,1712,9549,1060,0,94,1712,9549,1060,0,198752,200000,199906,198288,190451,198940,1248,0
160000,1,2,3,-1,-1,-1,-1,-1,-1,108799,110963,114975,115923,107621,110006,3972,5800,4431,3854,4121,4603,51201,49037,45025,44077,52379,49994,641506,0
200000,1,2,2,1,2,-1,-1,-1,-1,205002,195441,192803,304997,188504,189527,41,8597,8583,6880,7235,6839,-5002,4559,7197,-104997,11496,10473,1238099,1
20000,2,2,3,-1,-1,-1,-1,-1,2,19295,19639,18541,19059,19757,19913,1295,1309,1602,1300,600,400,705,361,1459,941,243,87,109698,0
190000,4,4,2,-1,-1,-1,-1,-1,-1,109023,99265,78430,77653,78395,70849,4000,3507,3003,3003,3510,3500,80977,90735,111570,112347,111605,119151,493092,0
70000,1,2,3,1,2,-1,2,-1,-1,6369,390,3060,780,2079,0,0,3450,0,2079,0,0,63631,69610,66940,69220,67921,70000,7149,1
220000,2,4,2,2,2,2,2,-1,-1,153664,156646,158994,154506,126399,129357,7000,6300,0,5000,5000,5000,66336,63354,61006,65494,93601,90643,851266,0
500000,1,4,2,-2,-2,-2,-2,-2,-2,11765,6599,11421,-83,49699,3821,6648,11986,0,49947,3840,11939,488235,493401,488579,500083,450301,496179,-1138,0
210000,1,4,2,-1,-1,-1,-1,-1,-1,349,10128,19631,23906,373,3073,10152,19631,23906,0,3073,7418,209651,199872,190369,186094,209627,206927,-6720,1
50000,2,2,2,2,-1,-1,2,-1,-1,43979,44970,48101,46993,47940,50903,1724,3855,0,1694,3713,2000,6021,5030,1899,3007,2060,-903,269900,0
160000,4,2,2,-1,-1,-1,-1,-1,-1,141282,144433,152067,155527,157886,156241,5500,10000,6000,6100,6100,6000,18718,15567,7933,4473,2114,3759,867736,0
20000,1,4,2,-1,-1,-1,-1,-1,-1,16690,17696,18878,19308,19498,0,1588,1770,1200,390,0,44334,3310,2304,1122,692,502,20000,42788,1
70000,2,2,2,-1,-1,-1,-1,2,2,68886,60353,32488,35377,30159,29177,2850,1919,5154,1184,0,1213,1114,9647,37512,34623,39841,40823,244120,1
220000,1,2,3,-1,-1,-1,-1,-1,-1,63386,64165,61655,61855,64966,66942,8000,3000,3000,5000,3000,3000,156614,155835,158345,158145,155034,153058,357969,0
200000,2,2,3,-1,-1,-2,-1,-1,-2,1002,0,490,902,0,0,0,490,902,0,0,0,198998,200000,199510,199098,200000,200000,1002,0
130000,3,2,3,-1,-1,-1,-1,-1,-1,129329,123615,107284,54656,22534,8754,4505,3577,1231,2534,5012,2531,671,6385,22716,75344,107466,121246,426782,0
30000,2,4,2,1,2,2,-1,-1,-1,16935,17855,17280,18594,18806,19045,1500,0,1606,818,690,695,13065,12145,12720,11406,11194,10955,103206,0
260000,1,2,3,1,-2,-1,-1,-1,-1,4856,1853,108,0,134,4950,1853,108,0,134,4950,500,255144,258147,259892,260000,259866,255050,4356,0
230000,3,2,2,1,2,-1,-1,-1,-1,167419,16968,7226,1469,690,388,76,3742,1546,0,388,910,62581,213032,222774,228531,229310,229612,187498,0
240000,1,4,2,-2,-2,-2,-2,-2,-2,0,0,0,0,0,0,0,0,0,0,0,0,240000,240000,240000,240000,240000,240000,0,0
260000,1,2,2,-2,-2,-2,-2,-2,-2,2378,4884,329,2464,2673,12354,4884,329,2465,2673,12354,9583,257622,255116,259671,257536,257327,247646,-7206,0
360000,2,2,2,1,-1,2,2,-2,-2,-10,2635,590,-9,-9,-9,2645,2,0,0,0,0,360010,357365,359410,360009,360009,360009,541,0
260000,1,2,2,-1,-1,-1,-1,-1,-1,416,416,416,3541,416,416,416,416,3541,416,416,1644,259584,259584,259584,256459,259584,259584,-1228,0
230000,2,2,2,-1,-1,-1,-1,-1,-1,3128,10998,1509,1390,1072,849,10998,1509,1390,0,849,3720,226872,219002,228491,228610,228928,229151,480,0
300000,1,4,2,-1,-1,-1,-1,-1,-1,103,344,891,889,889,739,344,891,889,889,739,1807,299897,299656,299109,299111,299111,299261,-1704,0
140000,1,2,3,-1,-1,-1,-1,-1,-1,2300,483,487,1011,524,1037,483,487,1011,0,1000,974,137700,139517,139513,138989,139476,138963,1887,0
380000,3,2,2,-1,-1,-1,-1,-1,-1,379080,374137,371624,362191,322148,309689,13501,14152,12270,11031,10207,10910,920,5863,8376,17809,57852,70311,2046798,1
190000,1,4,2,-1,-1,-1,-1,-1,-1,150183,129603,131661,137765,123616,125841,7000,7000,8500,5000,6000,5000,39817,60397,58339,52235,66384,64159,760169,0
500000,1,4,2,-1,-1,-1,-1,-1,-1,67475,72191,64130,45766,45324,55011,6000,2332,1219,5000,54000,110000,432525,427809,435870,454234,454676,444989,171346,0
200000,1,2,2,-1,-1,-1,-2,-1,-1,14510,7922,0,0,506,4408,7922,0,0,506,4408,0,185490,192078,200000,200000,199494,195592,14510,0
310000,2,2,2,-1,-1,-1,-1,-1,-1,30691,27595,29616,29598,27589,28985,7595,5616,9598,5589,5985,9382,279309,282405,280384,280402,282411,281015,130309,0
30000,3,2,3,-1,-1,-1,-1,-1,-1,24885,25886,26901,27907,28469,29058,1215,1230,1236,798,822,1079,5115,4114,3099,2093,1531,942,156726,0
280000,2,2,3,-1,-1,-1,-1,-1,-1,66749,67942,67908,63990,64050,64486,3001,2382,67867,2420,2338,2326,213251,212058,212092,216010,215950,215514,314791,0
80000,1,2,3,2,2,2,2,2,2,18378,19377,20471,20638,21003,20529,1600,1700,800,1000,0,2000,61622,60623,59529,59362,58997,59471,113296,1
150000,2,2,2,2,2,2,-1,-1,-1,1846,5466,3660,2415,5033,803,3672,0,2415,5033,803,2531,148154,144534,146340,147585,144967,149197,4769,1
30000,2,2,3,2,2,3,2,2,2,10509,12727,12240,11747,12651,12305,2700,0,0,1100,0,1100,19491,17273,17760,18253,17349,17695,67279,1
170000,1,2,3,-1,-1,-1,-1,-1,-1,118379,120087,121958,123629,123605,123794,4294,4428,4326,4154,4345,9098,51621,49913,48042,46371,46395,46206,700807,0
110000,1,2,3,-1,-1,-1,-1,-1,-1,47021,48235,49455,51132,52183,53192,2000,2000,2500,2500,2000,3000,62979,61765,60545,58868,57817,56808,287218,0
30000,3,2,3,1,2,2,2,2,2,29201,30406,31295,29929,27744,28117,2000,1700,954,0,2253,1106,799,-406,-1295,71,2256,1883,168679,1
90000,1,4,2,-1,-1,-1,2,2,2,33035,34178,36133,38240,37325,39725,2000,2500,3000,0,3000,2000,56965,55822,53867,51760,52675,50275,206136,1
50000,2,4,3,-1,-1,-1,-1,-1,-1,50531,50446,48763,35038,27839,27872,2504,1815,2389,3003,2800,2504,-531,-446,1237,14962,22161,22128,225474,1
120000,1,2,2,-1,2,2,-2,-1,-1,536,210,-116,-442,732,406,0,0,0,1500,0,0,119464,119790,120116,120442,119268,119594,-174,1
20000,3,4,3,1,2,-1,-1,-1,-1,18505,17898,18067,18917,18717,17144,0,1800,1600,400,0,0,1495,2102,1933,1083,1283,2856,105448,0
220000,1,2,3,-1,-1,-1,-1,-1,-1,316,316,396,316,32816,316,316,396,316,32816,316,316,219684,219684,219604,219684,187184,219684,0,0
230000,2,2,3,-2,-2,-2,-2,-2,-2,390,390,390,390,1240,4234,390,390,390,1240,4234,2970,229610,229610,229610,229610,228760,225766,-2580,0
160000,1,4,1,-1,-1,2,-1,-1,-1,1116,2599,1302,1852,736,3542,2599,0,1852,0,3542,0,158884,157401,158698,158148,159264,156458,3154,1
450000,2,2,2,-1,-1,-1,-1,-1,-1,87836,92361,96013,34079,35629,59829,6000,6000,10000,15000,35000,115000,362164,357639,353987,415921,414371,390171,218747,0
390000,1,2,3,-1,-1,-1,-1,-1,-1,6570,2287,0,18692,10418,8590,2287,0,18692,1000,172,4801,383430,387713,390000,371308,379582,381410,19605,0
90000,2,4,1,1,2,2,2,-1,-1,34954,34093,37539,36641,37061,38011,0,4000,0,1326,1547,3000,55046,55907,52461,53359,52939,51989,208426,0
60000,2,2,2,-1,-1,-1,-1,-1,-1,56038,54660,49907,44057,27510,28086,1911,1879,1500,1000,1019,1500,3962,5340,10093,15943,32490,31914,251449,1
180000,2,2,2,-1,-1,-1,-1,-1,-1,3359,4060,-200,2000,0,19726,4060,0,2200,0,19726,0,176641,175940,180200,178000,180000,160274,2959,1
80000,3,2,3,-1,-1,-1,-1,-1,-1,7111,12774,16817,15274,20043,13318,6500,5000,4025,8000,5000,2000,72889,67226,63183,64726,59957,66682,54812,0
180000,2,4,3,-1,-1,-1,-1,-1,-1,543,-535,2145,12532,655,390,0,3212,12532,655,157,2063,179457,180535,177855,167468,179345,179610,-2889,0
320000,2,2,3,-1,-1,-1,-1,-1,-1,545,5590,8477,18428,119,9416,5590,8489,18443,0,9416,2328,319455,314410,311523,301572,319881,310584,-1691,0
320000,1,4,2,-1,-1,-1,-1,-1,-1,29026,28179,28695,19370,10155,3788,5000,5018,1000,3000,0,7013,290974,291821,291305,300630,309845,316212,98182,0
100000,2,2,2,2,-1,-1,-1,-1,-1,95893,97040,65668,66046,66779,45833,3552,2617,2098,1916,1707,1732,4107,2960,34332,33954,33221,54167,423637,0
20000,3,2,3,-1,-1,-1,-1,-1,-1,18650,15456,16504,17496,18219,18783,1300,1300,1280,1000,1000,1107,1350,4544,3496,2504,1781,1217,98121,0
140000,3,4,2,-1,-1,-1,-1,-1,-1,316,0,2549,151,0,574,0,2549,151,0,574,918,139684,140000,137451,139849,140000,139426,-602,0
100000,3,4,2,-1,-1,-1,-1,-1,-1,1130,600,0,660,2030,3170,600,0,660,2030,3170,1152,98870,99400,100000,99340,97970,96830,-22,0
10000,3,4,3,2,2,2,2,2,2,10422,9775,10964,11153,10762,10126,0,2500,1000,400,0,672,-422,225,-964,-1153,-762,-126,58630,1
30000,2,2,2,-1,-1,-1,2,-1,-1,23309,24610,26404,27149,27634,28215,2000,2500,1500,1200,1142,1600,6691,5390,3596,2851,2366,1785,147379,0
50000,3,2,2,-1,-1,-1,-1,-1,-1,38506,36749,32159,25145,17331,17901,2008,3000,2000,1000,1000,1000,11494,13251,17841,24855,32669,32099,157783,0
20000,2,2,3,-1,-1,-1,-1,2,-1,12346,13615,13674,27524,13490,15261,1500,2000,2500,500,2000,5000,7654,6385,6326,-7524,6510,4739,82410,0
200000,2,4,2,1,-2,-1,-1,-2,-2,0,0,500,0,0,0,0,500,0,0,0,0,200000,200000,199500,200000,200000,200000,0,0
320000,2,2,2,-1,-1,-1,-2,-1,-1,44312,23132,-2793,-2793,20381,25198,3000,23,0,23381,5000,5000,275688,296868,322793,322793,299619,294802,71033,1
360000,2,4,2,-1,-1,-1,-1,-1,-1,1066,0,878,1142,926,1401,0,878,1142,926,1401,938,358934,360000,359122,358858,359074,358599,128,1
200000,1,2,2,1,-2,-2,-2,-2,-2,0,0,0,0,0,0,0,0,0,0,0,1562,200000,200000,200000,200000,200000,200000,-1562,0
140000,3,2,2,-1,-1,-1,-1,-1,-1,138375,138796,142280,142002,89035,94006,5000,8000,6314,3200,6400,2100,1625,1204,-2280,-2002,50965,45994,713480,0
420000,1,4,2,-1,-1,-1,-1,-1,-1,127901,95981,65979,36614,208821,209508,3900,5000,5000,208821,9508,32258,292099,324019,354021,383386,211179,210492,480317,0
150000,1,4,2,-1,-1,2,-1,-1,-1,20755,25019,24335,24908,15339,0,4938,0,1200,507,0,0,129245,124981,125665,125092,134661,150000,103711,0
200000,2,4,2,-1,-1,-1,-1,-1,-1,14956,9023,4963,5418,5131,5741,5000,1155,1000,103,1000,109,185044,190977,195037,194582,194869,194259,36865,0
230000,2,2,3,-1,-1,-2,-2,-2,-2,3210,0,0,0,0,0,0,0,0,0,0,0,226790,230000,230000,230000,230000,230000,3210,0
30000,2,2,2,-1,-1,-1,-1,-1,2,18971,20344,21705,22537,24161,25128,2000,2000,1500,2000,1500,0,11029,9656,8295,7463,5839,4872,123846,0
30000,2,2,3,-1,-1,-1,-1,-1,-1,39745,27393,26948,27379,22767,4721,1522,1800,1222,1500,1000,0,-9745,2607,3052,2621,7233,25279,141909,0
50000,1,4,2,1,2,2,2,2,2,18992,19881,20767,20136,21802,21315,1500,1500,0,2000,0,1000,31008,30119,29233,29864,28198,28685,116893,0
410000,1,2,3,-2,-2,-2,-2,-2,-2,-1,1733,-2506,-2506,-2506,-2506,1734,2506,0,0,0,0,410001,408267,412506,412506,412506,412506,-12532,0
280000,2,4,3,-1,-1,-1,-1,-1,-1,273535,280598,141996,131471,134963,139471,12000,7300,5000,6000,7000,6000,6465,-598,138004,148529,145037,140529,1058734,0
200000,2,2,3,-1,-1,-1,-1,-1,-1,47403,37835,30212,26302,20465,12460,1550,1503,5000,3000,1000,5000,152597,162165,169788,173698,179535,187540,157624,0
270000,1,2,3,-2,-2,-2,-2,-2,-2,1526,0,0,0,0,0,0,0,0,0,0,0,268474,270000,270000,270000,270000,270000,1526,0
320000,1,4,2,-1,-1,-1,-1,-1,-1,20488,18607,41195,89714,64646,6103,18615,42067,30014,39515,6110,11611,299512,301393,278805,230286,255354,313897,92821,0
60000,2,2,2,-1,-1,-1,-1,-1,-1,57199,57417,35875,36695,36837,37307,2491,1669,1805,1263,1439,1408,2801,2583,24125,23305,23163,22693,251255,0
130000,2,2,2,-1,-1,-1,-1,-1,-1,125989,127884,128231,127677,125675,127318,6500,6500,6201,5000,5500,5100,4011,2116,1769,2323,4325,2682,727973,0
30000,3,2,4,-1,-1,-1,-1,2,-1,24285,25379,26964,29307,28537,30378,1500,2000,2800,0,2300,2500,5715,4621,3036,693,1463,-378,153750,1
200000,3,2,4,-1,-1,-1,-1,-1,-1,162296,169288,168430,100175,95267,87086,13000,6900,4200,3000,3200,6000,37704,30712,31570,99825,104733,112914,746242,0
170000,2,2,4,-1,-1,-1,-1,-1,-1,3022,2742,4592,3798,8717,4362,2751,4592,3798,8774,4362,12114,166978,167258,165408,166202,161283,165638,-9158,0
80000,4,2,4,2,-1,-1,-1,-1,-1,115027,118188,117725,118100,60745,54509,6000,5500,4356,3000,2100,5000,-35027,-38188,-37725,-38100,19255,25491,558338,0
500000,1,4,4,-2,-2,-2,-2,-2,-2,0,0,0,0,0,706,0,0,0,0,706,18115,500000,500000,500000,500000,500000,499294,-18115,0
50000,3,2,3,-1,-1,-1,-1,-1,-1,1091,390,1554,390,780,390,390,1554,390,780,0,390,48909,49610,48446,49610,49220,49610,1091,0
90000,2,2,4,-1,-1,-1,-1,-1,2,72840,0,13009,17405,20115,19655,0,13009,4627,3000,0,3000,17160,90000,76991,72595,69885,70345,119388,0
350000,4,2,4,-1,-1,-1,-1,-1,-1,136293,139215,142695,98404,100367,102465,4846,5577,3488,3417,3536,3707,213707,210785,207305,251596,249633,247535,694868,0
110000,3,4,4,2,2,2,-1,-1,-1,32085,34601,31304,29291,26415,23170,3393,0,1600,1000,1000,1360,77915,75399,78696,80709,83585,86830,168513,0
120000,3,4,4,2,-1,-1,-1,-1,-1,149301,149540,118675,120047,100637,79613,3000,125000,4065,4000,3000,3000,-29301,-29540,1325,-47,19363,40387,575748,1
30000,3,2,4,-1,-1,-1,-1,-1,-1,10682,11399,12421,13507,13782,14159,1200,1214,1300,500,600,2900,19318,18601,17579,16493,16218,15841,68236,1
30000,2,2,4,-1,-1,-1,-1,-1,2,14495,15447,16390,17717,19420,18970,1500,1500,1600,2000,0,1500,15505,14553,13610,12283,10580,11030,94339,1
250000,1,2,4,-2,-2,-2,-2,-2,-2,6811,0,0,0,0,0,0,0,0,0,0,0,243189,250000,250000,250000,250000,250000,6811,0
50000,3,2,4,-1,-1,-1,-1,-1,2,22377,23380,24488,25775,1080,540,1380,1488,1775,1080,0,540,27623,26620,25512,24225,48920,49460,91377,0
160000,3,2,4,-1,-1,-1,-1,-1,-1,95907,108036,110538,130873,134524,135264,15325,5731,24677,5753,5325,6000,64093,51964,49462,29127,25476,24736,652331,0
140000,2,2,3,-1,-1,-1,-1,-1,-1,8280,3147,2421,5021,2646,6117,3147,2000,5021,2646,5541,0,131720,136853,137579,134979,137354,133883,9277,1
80000,3,2,4,1,2,-1,-1,-1,-1,52275,50838,51901,52959,54012,55147,0,1883,1920,1931,2003,2046,27725,29162,28099,27041,25988,24853,307349,1
10000,3,4,4,-1,-1,2,-1,-1,-2,1473,2095,622,149,-1324,-797,2095,0,1000,0,2000,0,8527,7905,9378,9851,11324,10797,-2877,1
300000,4,2,4,-1,2,-1,-1,-1,-1,528,264,264,264,517,528,0,264,264,517,11,264,299472,299736,299736,299736,299483,299472,1045,0
90000,2,2,4,-1,-1,-1,2,-1,-1,43439,44512,47677,46615,47537,48616,2100,4200,0,2000,2000,2000,46561,45488,42323,43385,42463,41384,266096,0
20000,2,4,4,-2,-2,-2,-2,-2,-2,0,0,0,0,0,0,0,0,0,0,0,930,20000,20000,20000,20000,20000,20000,-930,0
30000,2,2,4,-1,-1,-1,-1,-1,-1,25627,26891,28151,28827,29412,26199,2000,2000,1500,1000,1000,1351,4373,3109,1849,1173,588,3801,156256,0
80000,3,4,4,-1,-1,-1,-1,-1,-1,46239,46914,47918,47620,48571,48525,1754,2210,1700,1614,1600,1600,33761,33086,32082,32380,31429,31475,275309,0
20000,1,4,4,-1,-1,-1,4,3,2,14034,15296,20035,19435,18835,18395,1500,5000,0,0,0,3000,5966,4704,-35,565,1165,1605,96530,1
20000,3,2,4,-1,-1,-1,-1,-1,-1,3580,4751,5813,7052,7779,8495,1238,1300,1500,1000,1000,2500,16420,15249,14187,12948,12221,11505,28932,0
50000,2,2,4,-1,-1,-1,-1,-1,-1,36997,36927,34929,31874,28993,29409,1607,2010,1505,1001,2007,2007,13003,13073,15071,18126,21007,20591,188992,1
120000,1,2,5,-2,-2,-2,-2,-2,-2,3956,0,2216,2550,9246,8307,0,2216,2557,9246,8307,10000,116044,120000,117784,117450,110754,111693,-6051,0
30000,2,2,3,-1,-1,-1,-1,-1,-1,30567,58722,30077,29841,20075,12250,3778,1900,1019,26,1131,1209,-567,-28722,-77,159,9925,17750,172469,0
30000,2,2,4,2,2,2,2,2,2,14909,15565,16620,16056,17386,16968,1200,1600,0,1600,0,700,15091,14435,13380,13944,12614,13032,92404,1
80000,3,2,4,-1,-1,-1,-1,-1,-1,46777,44628,43943,42913,43217,41662,5024,5014,5016,5017,5011,5014,33223,35372,36057,37087,36783,38338,233044,0
50000,2,2,4,-1,-1,-1,2,2,-1,21371,22389,25327,25668,24959,25506,1376,3314,1050,0,1100,950,28629,27611,24673,24332,25041,24494,137430,0
80000,2,2,4,3,2,2,2,2,2,63995,65347,66705,68506,69787,68844,3000,3000,3500,3000,300,5100,16005,14653,13295,11494,10213,11156,385284,1
100000,2,2,4,2,2,2,2,-1,-1,94935,98462,100978,96606,92062,90228,6018,5000,0,6040,4000,15000,5065,1538,-978,3394,7938,9772,537213,0
30000,3,2,5,-1,-1,-1,-1,-1,-1,18563,19647,20725,21774,22114,22607,1700,1700,1700,1000,1000,2000,11437,10353,9275,8226,7886,7393,116330,1
130000,1,4,4,-1,-1,-1,-1,-1,-1,73903,74661,75593,78110,81793,86452,6000,5002,6000,5000,6000,4000,56097,55339,54407,51890,48207,43548,438510,0
20000,3,2,4,1,2,2,2,-1,-1,7189,6925,8402,9111,9802,10508,0,1600,1000,1000,866,0,12811,13075,11598,10889,10198,9492,47471,0
80000,2,2,4,2,2,-2,-2,-2,-2,82150,0,0,0,0,0,0,0,0,0,0,0,-2150,80000,80000,80000,80000,80000,82150,1
100000,1,2,4,-1,-1,-1,-1,-1,-1,94247,87079,89076,91143,77655,78518,3200,3400,3700,2800,2900,3100,5753,12921,10924,8857,22345,21482,498618,0
20000,3,4,4,2,-1,-1,-1,2,2,11545,12945,13972,15730,15183,16182,1600,1542,2300,0,1400,800,8455,7055,6028,4270,4817,3818,77915,1
120000,2,2,4,-1,-1,-1,-1,-1,-1,138313,134057,130935,124458,78671,8730,5000,6000,3000,3000,2000,73000,-18313,-14057,-10935,-4458,41329,111270,523164,0
50000,2,4,4,2,2,2,-1,-1,2,3914,7419,7156,8492,9515,9287,3591,0,1500,1100,0,300,46086,42581,42844,41508,40485,40713,39292,1
80000,3,2,4,-1,-1,-1,-1,-1,-1,75662,70073,53169,50875,50372,49470,3212,2106,2000,1603,1903,2006,4338,9927,26831,29125,29628,30530,336791,0
90000,3,2,4,-1,-1,-1,-1,-1,-1,18131,18219,36190,17754,11104,11234,2301,1354,2906,370,381,376,71869,71781,53810,72246,78896,78766,104944,0
60000,3,4,3,-1,-1,-1,-1,-1,-1,50469,43093,37137,26015,18840,19183,3329,3429,2015,2000,2004,1000,9531,16907,22863,33985,41160,40817,180960,0
100000,3,2,4,-1,-1,-1,2,2,2,27666,28677,31516,30701,32392,32645,1473,3312,0,2578,1294,0,72334,71323,68484,69299,67608,67355,174940,1
50000,2,2,4,-1,-1,-1,-1,-1,-1,51212,50658,48999,49388,48853,47765,2070,2357,1746,1628,1520,2202,-1212,-658,1001,612,1147,2235,285352,0
30000,3,2,4,2,2,2,2,2,2,17585,18598,19379,19762,20141,19680,1600,1379,1000,1000,0,1700,12415,11402,10621,10238,9859,10320,108466,1
240000,1,2,4,-1,-1,-1,-1,-1,-1,7217,8204,3001,6861,4681,2729,8210,3001,6866,4681,2729,3138,232783,231796,236999,233139,235319,237271,4068,0
200000,1,2,3,-1,-1,-1,-1,-1,-1,101986,97680,94125,89550,98565,54370,4000,3455,5000,10000,2500,2231,98014,102320,105875,110450,101435,145630,509090,0
130000,3,4,4,-1,-1,-1,-1,-1,-1,390,52180,206,3265,5661,7026,107767,206,3265,3000,2000,2000,129610,77820,129794,126735,124339,122974,-49510,0
110000,3,2,4,-1,-1,-1,2,2,-1,101084,103476,111998,112290,106721,107636,4700,11500,3925,0,5000,4100,8916,6524,-1998,-2290,3279,2364,613980,0
50000,2,2,4,-1,-1,-1,2,-1,-1,40268,27913,22733,15100,7080,8049,2000,3334,27,300,1092,400,9732,22087,27267,34900,42920,41951,113990,0
20000,3,2,4,-1,-1,2,2,3,4,6949,8823,10523,12043,13542,14728,2000,2000,2000,2000,2000,2000,13051,11177,9477,7957,6458,5272,54608,1
50000,3,2,5,-1,-1,-1,-1,-1,-1,12196,13985,15750,17434,19220,17822,2000,2000,2000,2000,605,1000,37804,36015,34250,32566,30780,32178,86802,0
80000,2,2,4,2,2,2,2,2,2,48298,49402,50416,51293,50170,53391,2200,2100,2000,0,4200,2100,31702,30598,29584,28707,29830,26609,290370,1
20000,3,2,4,2,-1,-1,-1,-1,-1,18049,14361,15425,16460,17380,17650,1536,1600,1600,1500,700,2900,1951,5639,4575,3540,2620,2350,89489,1
20000,3,2,4,1,2,-1,-1,2,2,11276,10803,11528,13524,13508,13149,0,1204,2200,500,0,700,8724,9197,8472,6476,6492,6851,69184,1
30000,3,2,4,-1,-1,2,-1,-1,2,12466,15333,14802,15523,18470,18834,3086,0,1276,3223,805,0,17534,14667,15198,14477,11530,11166,87038,1
240000,4,2,4,-1,-1,-1,-1,-1,-1,233918,235404,236564,241075,146440,132290,8357,10001,10000,10000,5000,20000,6082,4596,3436,-1075,93560,107710,1162333,0
50000,3,4,4,1,-2,-2,-2,-1,-1,0,0,0,0,562,736,0,0,0,562,736,1269,50000,50000,50000,50000,49438,49264,-1269,1
80000,3,4,4,-1,-1,-1,-1,-1,-1,2315,1990,801,1030,2030,763,1400,801,1030,1000,0,0,77685,78010,79199,78970,77970,79237,4698,0
180000,1,4,4,-2,-2,-2,-2,-2,-2,0,0,1829,-200,0,4208,0,1829,998,200,4208,0,180000,180000,178171,180200,180000,175792,-1398,1
240000,3,2,4,-1,-1,-1,-1,-1,-1,216170,218809,226013,229014,178852,182547,8000,11000,9000,7000,7000,7200,23830,21191,13987,10986,61148,57453,1202205,0
120000,2,2,4,-1,-1,-1,-1,-1,-1,89197,87088,85280,83873,78945,80597,3072,3074,2887,2774,2871,3000,30803,32912,34720,36127,41055,39403,487302,0
20000,2,2,1,2,-1,-1,2,-1,-1,19820,19277,20997,20200,20000,0,2000,5000,0,0,0,0,180,723,-997,-200,0,20000,93294,1
100000,2,2,2,-1,-1,3,2,-1,-1,35169,39581,38678,37453,38013,0,5328,0,0,760,0,0,64831,60419,61322,62547,61987,100000,182806,0
30000,2,2,1,3,2,2,3,3,3,1050,1050,1050,1050,1050,1050,0,0,0,0,0,0,28950,28950,28950,28950,28950,28950,6300,1
30000,2,2,1,-1,-1,2,2,2,-1,19321,23985,23321,25809,24985,700,5320,0,3316,0,700,0,10679,6015,6679,4191,5015,29300,108785,1
50000,2,2,1,-1,-1,2,-1,-1,-1,51083,50043,98450,48689,19773,19931,3500,1000,2000,900,900,1000,-1083,-43,-48450,1311,30227,30069,278669,0
100000,2,2,1,-1,-1,-1,-1,-1,-1,67873,49285,49992,35518,36426,37836,2000,1600,2000,1500,2000,2000,32127,50715,50008,64482,63574,62164,265830,0
80000,1,2,1,-1,-1,-1,-1,-1,2,59976,60130,59744,44031,48089,44789,2926,2550,1848,6084,38,4,20024,19870,20256,35969,31911,35211,303309,0
60000,3,2,4,-1,-1,-1,-1,-1,-1,892,21674,31632,13264,948,18002,21690,32264,12948,0,17370,0,59108,38326,28368,46736,59052,41998,2140,0
120000,2,2,1,1,2,-1,-1,-1,-1,117160,92262,79889,66828,55511,21938,70,8000,2000,1346,3000,0,2840,27738,40111,53172,64489,98062,419172,1
20000,3,2,2,-1,-1,-1,-1,-1,2,3448,4460,5326,6574,7417,2246,1230,1096,1344,1187,285,66,16552,15540,14674,13426,12583,17754,24263,0
20000,2,2,1,1,3,2,2,2,2,17077,17504,16940,19621,18646,19022,1000,0,3300,0,1200,700,2923,2496,3060,379,1354,978,102610,0
50000,1,2,1,-1,-1,-1,-1,-1,2,46415,38226,31924,19682,19989,20452,1672,1699,1600,901,1500,7,3585,11774,18076,30318,30011,29548,169309,0
50000,2,2,1,-1,-1,-1,-1,-1,-1,2680,-1045,44316,45361,46135,46029,0,45361,1800,1503,1735,1724,47320,51045,5684,4639,3865,3971,131353,0
50000,2,1,1,-1,-1,-1,-1,-1,-1,15524,16558,17596,18589,18997,18705,1300,1310,1300,700,1000,800,34476,33442,32404,31411,31003,31295,99559,1
10000,2,2,1,-1,-1,-1,-1,-1,-2,10078,8886,8815,9600,0,0,1300,1300,1000,0,0,0,-78,1114,1185,400,10000,10000,33779,0
20000,2,2,1,2,2,2,-1,-1,2,14195,15166,14638,15582,17809,17385,1500,0,1500,2500,0,1500,5805,4834,5362,4418,2191,2615,87775,1
30000,2,2,1,-1,-1,-1,-1,-1,-1,6122,7160,8185,9286,9483,9780,1300,1300,1400,500,600,600,23878,22840,21815,20714,20517,20220,44316,0
10000,3,2,1,-1,-1,-1,-1,-1,-1,8525,5141,5239,7911,17890,10000,1500,5000,4000,2000,22400,0,1475,4859,4761,2089,-7890,0,19806,0
10000,3,2,1,1,4,3,2,2,2,8357,8085,7817,7545,8268,7993,0,0,0,1000,0,750,1643,1915,2183,2455,1732,2007,46315,1
150000,2,2,1,2,-1,-1,-1,-1,-1,17635,151686,147474,7474,8173,87500,135018,3000,120000,823,80000,3684,132365,-1686,2526,142526,141827,62500,77417,1
80000,2,2,1,2,-1,-1,2,-1,-1,44507,46486,51876,48962,48614,49792,3000,6107,0,1675,1895,2117,35493,33514,28124,31038,31386,30208,275443,1
20000,2,2,1,-1,-1,-1,-1,-1,-1,3843,4110,4560,4567,4060,1035,1073,1258,1000,228,1035,0,16157,15890,15440,15433,15940,18965,17581,0
120000,1,2,1,2,-1,-1,-1,-2,-1,1330,2103,2473,1162,0,3443,2103,1170,1162,0,3443,0,118670,117897,117527,118838,120000,116557,2633,1
40000,1,2,1,-1,-1,-1,-1,-1,-1,37412,38485,39575,39247,9687,33625,2000,20000,1359,600,33625,615,2588,1515,425,753,30313,6375,139832,0
20000,3,2,1,3,3,2,2,2,2,15846,16283,17325,17542,17756,18023,1000,1600,800,800,700,800,4154,3717,2675,2458,2244,1977,97075,1
100000,2,1,1,2,2,2,2,2,2,10618,13233,13427,13609,14683,15001,2800,700,700,1300,700,700,89382,86767,86573,86391,85317,84999,73671,1
160000,1,2,1,-1,-1,-1,-1,-1,-1,898,2686,170,1363,10484,12455,2000,0,1363,11422,12455,24262,159102,157314,159830,158637,149516,147545,-23446,0
20000,1,2,1,1,2,2,4,3,2,17375,16799,21408,20779,20170,19721,0,4893,0,0,0,1000,2625,3201,-1408,-779,-170,279,110359,1
60000,2,2,1,1,2,3,2,-1,-1,58231,61671,59755,58194,38649,35361,5000,0,198,1500,1300,2000,1769,-1671,245,1806,21351,24639,301863,1
150000,2,2,1,-1,-1,-1,-1,-1,-1,84034,81537,78407,73688,56995,52887,5065,20028,3152,2025,5211,10061,65966,68463,71593,76312,93005,97113,382006,0
40000,2,2,1,4,3,2,3,2,2,38344,37433,38862,39125,39408,40925,0,2335,1200,1225,2300,1396,1656,2567,1138,875,592,-925,225641,1
30000,2,2,1,-1,-1,-1,-1,-1,-1,25531,26301,27376,28359,24844,25364,1500,1500,1450,889,920,992,4469,3699,2624,1641,5156,4636,150524,0
420000,2,2,1,1,2,2,-1,-1,-1,390188,395881,382620,333210,324487,327615,14000,15,13175,11700,11900,12140,29812,24119,37380,86790,95513,92385,2091071,1
20000,2,2,1,2,3,2,-1,-1,2,14962,14438,13921,15276,17019,18099,0,0,1900,3000,1500,0,5038,5562,6079,4724,2981,1901,87315,0
50000,2,2,1,2,2,-1,-1,-1,-2,44630,44802,40686,7710,0,0,1200,1200,1000,0,0,0,5370,5198,9314,42290,50000,50000,134428,1
20000,2,2,1,1,2,-1,-1,-1,-1,17845,17261,18976,19804,19204,18210,0,2000,1600,0,1150,2000,2155,2739,1024,196,796,1790,104550,0
20000,3,2,1,-1,-1,-1,-1,-1,-1,16973,17984,18748,19627,19624,19652,1600,1357,1236,623,653,673,3027,2016,1252,373,376,348,106466,0
20000,2,1,1,-1,-1,-1,2,2,3,15226,16658,19374,18766,20859,20247,2000,3300,0,2700,0,500,4774,3342,626,1234,-859,-247,102630,0
300000,1,2,1,-2,-2,-2,-2,-2,-2,0,0,0,0,0,0,0,0,0,0,0,0,300000,300000,300000,300000,300000,300000,0,0
30000,1,2,1,2,2,2,2,2,-1,22422,24334,26087,26184,25563,26099,2600,2441,820,0,851,1678,7578,5666,3913,3816,4437,3901,142299,0
140000,1,2,1,-1,-1,-1,-1,-1,-1,29751,143701,138062,86738,43417,37398,143713,5554,3619,3002,1940,2921,110249,-3701,1938,53262,96583,102602,318318,0
20000,2,1,1,-1,-1,-1,-1,-1,-1,20285,20256,20539,19725,19836,12559,1500,1800,1200,751,1000,0,-285,-256,-539,275,164,7441,106949,0
390000,1,2,1,-1,-1,-1,-1,-1,-1,372743,377692,337892,298729,243169,133977,20008,15057,10100,10000,10000,15000,17257,12308,52108,91271,146831,256023,1684037,0
50000,2,2,1,-1,-1,-1,-1,-1,-1,39487,37777,36496,33512,29854,28144,1600,2000,6416,4406,1014,3006,10513,12223,13504,16488,20146,21856,186828,0
50000,2,2,1,-1,-1,-1,-1,-1,-1,6945,7185,3412,4158,6158,2133,2000,2000,1000,2000,2000,2000,43055,42815,46588,45842,43842,47867,18991,0
50000,2,1,1,-1,-1,-1,-1,-1,-1,48019,48992,49689,31368,9454,6020,2072,1769,1003,189,120,100,1981,1008,311,18632,40546,43980,188289,0
320000,2,2,1,-1,-1,-1,-1,-1,-1,303703,308121,204879,143976,143142,145070,12167,8335,5113,5062,5221,5184,16297,11879,115121,176024,176858,174930,1207809,0
280000,1,1,1,-1,-1,-1,-1,-1,-1,277815,285477,253365,221167,195058,189623,12596,11320,7608,6628,7004,6902,2185,-5477,26635,58833,84942,90377,1370447,0
50000,1,2,1,1,2,2,2,2,2,38160,40213,41167,41890,42605,41792,3000,1900,1700,1700,0,2500,11840,9787,8833,8110,7395,8208,235027,1
500000,2,2,1,-1,-1,-1,-1,-1,-1,126725,128206,129327,130136,127699,124623,6005,6005,6094,4161,5021,4350,373275,371794,370673,369864,372301,375377,735080,0
200000,1,2,1,-1,-1,-1,-1,-1,-1,2393,1726,1602,1040,3564,2031,1731,1606,1051,3574,2036,1703,197607,198274,198398,198960,196436,197969,655,0
50000,1,2,1,1,-2,-2,-2,-2,-2,0,0,0,0,0,0,0,0,0,0,0,0,50000,50000,50000,50000,50000,50000,0,0
300000,2,2,1,-2,-2,-2,-2,-1,-1,-158,-158,-158,-158,142,92,0,0,0,300,100,100,300158,300158,300158,300158,299858,299908,-898,0
30000,2,2,1,1,2,-1,-1,2,2,22284,21637,22981,24996,24309,26980,0,1682,2697,0,3219,0,7716,8363,7019,5004,5691,3020,135589,0
50000,2,2,1,2,2,-1,-1,-1,-1,49079,47992,48502,49170,49891,50570,0,1842,1770,1751,3894,0,921,2008,1498,830,109,-570,285947,1
10000,2,1,1,4,3,3,2,3,2,3462,4150,3940,4720,4500,4282,900,0,1000,0,0,433,6538,5850,6060,5280,5500,5718,22721,1
20000,3,2,1,1,2,-1,-1,3,2,8055,7777,8805,12647,12173,11855,0,1158,4000,0,0,900,11945,12223,11195,7353,7827,8145,55254,1
50000,3,2,1,-1,-1,-1,-1,-1,-1,49684,45435,37636,32034,28133,23860,1961,2075,1294,999,934,849,316,4565,12364,17966,21867,26140,208670,0
30000,2,2,1,-1,-1,-1,-1,-1,2,27889,26990,24706,25022,26405,25861,2875,4900,2000,2100,0,2500,2111,3010,5294,4978,3595,4139,142498,0
100000,1,2,2,-1,-1,-1,-1,-1,-1,100544,101167,101007,97862,79099,79812,4511,3711,3685,2797,2897,3046,-544,-1167,-1007,2138,20901,20188,538844,1
130000,1,2,1,-1,-1,-1,-1,-1,-1,9619,6247,59904,81838,37422,15365,6247,59904,30000,10000,15365,10778,120381,123753,70096,48162,92578,114635,78101,0
20000,2,2,2,1,2,2,2,2,2,16906,17328,19145,18397,20697,20547,1000,2400,0,2700,0,283,3094,2672,855,1603,-697,-547,106637,0
150000,1,2,1,2,-1,-1,-1,-1,-1,7562,10609,14101,17523,18914,28516,3500,4000,4000,2000,10000,4000,142438,139391,135899,132477,131086,121484,69725,0
220000,2,1,1,-1,-1,-1,-1,-1,-1,38074,43083,47051,65321,83882,72812,6000,5000,20012,23099,10029,30019,181926,176917,172949,154679,136118,147188,256064,0
100000,2,2,1,1,-1,-1,-1,-1,-1,0,4586,2476,7845,13164,671,4586,2863,7845,7000,671,671,100000,95414,97524,92155,86836,99329,5106,0
130000,2,2,1,-1,-1,-1,-1,-1,-2,119803,118737,113689,59473,-1518,-1518,5100,4600,3000,0,0,0,10197,11263,16311,70527,131518,131518,395966,1
40000,2,2,1,-1,-1,2,-1,-1,2,20528,22973,22317,24047,26644,26079,3100,0,2100,3000,0,3000,19472,17027,17683,15953,13356,13921,131388,0
10000,1,2,2,3,2,2,7,7,7,2300,2300,2300,2300,2300,2300,0,0,0,0,0,0,7700,7700,7700,7700,7700,7700,13800,1
290000,1,1,2,1,-2,-2,-2,-1,-1,0,-291,-582,-1164,291,732,0,0,0,1455,732,291,290000,290291,290582,291164,289709,289268,-3492,0
180000,2,2,1,-1,-1,-1,-1,-1,-1,134168,120734,124730,120423,113901,114077,4345,5966,4250,4200,4200,4200,45832,59266,55270,59577,66099,65923,700872,0
280000,2,2,1,-2,-2,-2,-2,-2,-2,1566,2872,1572,2437,1572,1572,2891,1586,2444,1586,1579,1579,278434,277128,278428,277563,278428,278428,-74,0
30000,2,2,1,3,2,2,4,4,4,1650,1650,1650,1650,1650,1650,0,0,0,0,0,0,28350,28350,28350,28350,28350,28350,9900,1
310000,1,1,1,1,2,-1,-1,-1,-1,191457,187341,70359,77884,87484,89633,651,15000,10000,10200,2149,299,118543,122659,239641,232116,222516,220367,665859,1
70000,1,2,1,-1,-1,-1,-1,-1,-1,19728,16923,10076,33079,23188,20937,8000,2000,30000,5000,20000,25000,50272,53077,59924,36921,46812,49063,33931,0
120000,1,2,1,-1,-1,-1,2,2,-1,7164,9383,16571,16607,16043,16379,2515,7703,600,0,595,599,112836,110617,103429,103393,103957,103621,70135,1
240000,2,2,1,-1,-1,-1,-1,-1,-2,390,0,390,780,0,0,0,780,780,0,0,0,239610,240000,239610,239220,240000,240000,0,0
50000,2,1,1,-1,-1,-1,-1,-1,-1,46806,46176,47151,47251,20515,19404,2000,5300,1500,1100,1000,1000,3194,3824,2849,2749,29485,30596,215403,0
320000,1,1,1,-1,-1,-1,-1,-1,-1,79819,64851,37762,16425,12177,45648,3524,2941,2013,270,42659,100002,240181,255149,282238,303575,307823,274352,105273,0
80000,2,2,1,-1,-1,-2,-2,-2,-2,82150,0,0,0,0,0,0,0,0,0,0,0,-2150,80000,80000,80000,80000,80000,82150,0
20000,2,2,1,1,2,2,2,2,2,11586,11103,13913,13393,18152,17725,0,3000,0,5000,0,3000,8414,8897,6087,6607,1848,2275,74872,1
80000,2,2,1,1,2,-1,-1,2,-1,71795,62067,60949,71829,67567,62658,0,3000,15000,0,3000,3000,8205,17933,19051,8171,12433,17342,372865,0
360000,2,1,1,-2,-1,2,2,-2,-2,0,2500,2500,0,0,0,2500,0,0,0,0,0,360000,357500,357500,360000,360000,360000,2500,0
50000,2,2,1,-1,-1,-1,-1,-1,-1,44177,44820,46022,46903,47837,48383,2070,3000,2000,2000,2000,2000,5823,5180,3978,3097,2163,1617,265072,0
20000,2,2,1,-1,-1,-1,-1,-1,-1,4584,4005,5677,688,1688,61,4005,4078,1237,1000,61,0,15416,15995,14323,19312,18312,19939,6322,1
10000,2,2,1,4,3,3,2,-1,-1,5365,5731,6095,6351,6603,6855,600,600,500,500,500,500,4635,4269,3905,3649,3397,3145,33800,0
100000,2,2,1,-1,-1,-1,-1,-1,-1,72610,72596,74331,75491,78244,77478,3500,3500,3000,4000,3000,3000,27390,27404,25669,24509,21756,22522,430750,0
50000,2,3,2,-1,-1,-1,-1,-1,-1,47812,97538,49187,17518,17710,18079,2536,2454,1588,780,803,673,2188,-47538,813,32482,32290,31921,239010,0
30000,2,2,1,2,-1,-1,-2,-2,-2,390,780,0,0,0,0,780,0,0,0,0,0,29610,29220,30000,30000,30000,30000,390,0
20000,2,2,1,-1,-1,-1,-1,-1,-1,15221,17847,18483,19079,19060,19061,3287,1313,1299,670,686,694,4779,2153,1517,921,940,939,100802,0
70000,2,2,1,3,2,2,-1,-1,-1,91930,93363,91325,93195,52925,52990,3500,0,3204,2003,2013,2511,-21930,-23363,-21325,-23195,17075,17010,462497,0
490000,1,2,1,-1,-1,-1,-2,-1,-1,264,678,-571,-1796,137158,139345,678,571,1225,140597,6000,3900,489736,489322,490571,491796,352842,350655,122107,0
30000,1,2,1,1,2,2,2,2,2,25264,24560,29128,29845,30257,30779,0,5000,1500,1200,1300,0,4736,5440,872,155,-257,-779,160833,1
20000,1,2,1,-1,-1,-1,-1,-1,-1,15934,15028,16023,11631,12377,4830,1329,1324,1000,2000,1000,0,4066,4972,3977,8369,7623,15170,69170,0
290000,1,2,1,-1,-1,-1,-1,-1,-1,783,2830,1357,14959,13459,115990,2838,1359,14968,2022,110142,205,289217,287170,288643,275041,276541,174010,17844,0
20000,3,3,1,5,4,3,2,3,3,1800,1800,1800,1800,1800,1800,0,0,0,0,0,0,18200,18200,18200,18200,18200,18200,10800,0
180000,1,2,1,-1,-1,-2,-2,-2,-2,8516,0,0,0,0,0,0,0,0,0,0,0,171484,180000,180000,180000,180000,180000,8516,1
100000,2,2,1,-1,-1,-1,-1,-2,-2,100591,101568,64480,0,0,1218,3749,2782,0,0,1218,102400,-591,-1568,35520,100000,100000,98782,157708,0
30000,2,2,1,-1,-1,-1,-1,-1,-1,24079,25848,22299,23615,23933,24901,2500,2000,2000,1000,1500,1500,5921,4152,7701,6385,6067,5099,134175,1
470000,1,2,1,-1,-1,-1,-1,-1,-1,213495,183680,153743,146971,127546,129998,10005,9001,8001,5001,5001,6145,256505,286320,316257,323029,342454,340002,912279,0
200000,2,2,1,-1,-1,-1,-1,-1,-1,60068,50636,41265,49072,11314,11816,2500,2626,9412,500,1000,500,139932,149364,158735,150928,188686,188184,207633,0
400000,1,2,1,-1,-1,-1,-1,-1,-1,1123,82556,67823,61918,61884,61911,82694,1939,1720,1712,1766,1907,398877,317444,332177,338082,338116,338089,245477,0
400000,2,2,1,-1,-1,-1,-1,-1,-1,79435,75332,128630,69040,64657,54363,3803,2551,2735,2628,1574,1649,320565,324668,271370,330960,335343,345637,456517,0
50000,2,2,1,-1,-1,-1,-1,-1,-1,48336,49377,48626,38587,19089,19485,1855,1804,1713,681,701,785,1664,623,1374,11413,30911,30515,215961,0
70000,2,2,1,1,3,2,-1,-1,-1,12088,11601,12114,13597,15060,16653,0,1000,2000,2000,2000,2000,57912,58399,57886,56403,54940,53347,72113,0
80000,3,1,2,1,2,-1,-1,-1,-1,27653,26703,26856,27844,27480,28061,0,1459,1447,983,1023,1042,52347,53297,53144,52156,52520,51939,158643,0
70000,1,2,1,2,2,2,2,2,2,33786,34730,35878,36392,36990,37751,1800,2000,1400,1500,1500,1600,36214,35270,34122,33608,33010,32249,205727,1
20000,2,2,1,3,2,2,2,2,-1,150,150,150,150,150,1150,0,0,0,0,1150,0,19850,19850,19850,19850,19850,18850,750,0
10000,2,2,1,-1,2,-1,2,3,2,619,619,8642,9151,8023,5475,0,8642,800,107,200,0,9381,9381,1358,849,1977,4525,22780,1
430000,2,2,2,-1,-1,2,-1,-1,-1,28966,29957,29199,30267,49268,48241,5011,0,2000,20000,15000,5000,401034,400043,400801,399733,380732,381759,168887,1
40000,2,2,2,-2,-2,-2,-2,-2,-2,0,0,0,0,0,0,0,0,0,0,0,0,40000,40000,40000,40000,40000,40000,0,0
450000,2,1,1,-1,-1,-1,-1,-1,-1,179547,157945,118192,82644,17720,7068,8101,12029,35524,38,2015,7522,270453,292055,331808,367356,432280,442932,497887,0
10000,3,1,2,1,2,-1,-1,-1,-1,9211,8119,7604,7637,6056,2852,0,1176,1000,121,57,5507,789,1881,2396,2363,3944,7148,33618,1
10000,2,2,1,-1,-1,-1,-1,-1,-1,9073,9036,7385,7665,7817,7981,1120,1117,1127,279,289,369,927,964,2615,2335,2183,2019,44656,0
10000,2,1,1,2,-1,-1,2,2,2,2918,4204,5670,6416,7159,7904,1500,1700,1000,1000,1000,1500,7082,5796,4330,3584,2841,2096,26571,0
80000,1,2,1,-1,-1,-1,-1,-1,-1,79048,80676,78311,80777,79306,79195,3000,3100,7000,3200,3500,3200,952,-676,1689,-777,694,805,454313,0
80000,3,1,1,2,2,-1,-1,2,4,69578,67871,68782,73955,79128,82275,0,2600,6332,7000,5000,0,10422,12129,11218,6045,872,-2275,420657,1
240000,2,2,1,-1,-1,-1,-1,-1,-1,230979,222096,220129,217549,204008,202268,7347,6830,6700,6400,6412,6549,9021,17904,19871,22451,35992,37732,1256791,0
280000,2,2,2,-1,-1,-1,-1,-1,-1,229780,31275,32868,34292,173487,177195,2000,2100,2500,185957,6500,6100,50220,248725,247132,245708,106513,102805,473740,0
50000,2,2,2,-1,-1,-1,-1,-1,-1,228,3183,5455,7629,6354,4655,2955,2500,2500,2526,2000,1500,49772,46817,44545,42371,43646,45345,13523,0
80000,1,2,2,-1,-1,-1,2,-1,-1,37639,38659,43427,42421,42344,43229,1650,5400,0,1662,1717,1600,42361,41341,36573,37579,37656,36771,235690,0
20000,3,1,1,1,-2,-2,-2,-2,-2,0,0,0,0,0,0,0,0,0,0,0,0,20000,20000,20000,20000,20000,20000,0,0
90000,2,2,1,1,-2,-2,-2,-2,-2,0,0,0,0,0,0,0,0,0,0,0,0,90000,90000,90000,90000,90000,90000,0,1
200000,1,2,1,-2,-1,-1,-1,-1,-1,8099,3432,2249,3367,-33,11202,3447,2261,3377,0,11235,2795,191901,196568,197751,196633,200033,188798,5201,0
360000,1,2,2,2,-1,-1,2,-1,-1,2024,428,5306,3603,604,14850,428,5306,0,604,14850,2403,357976,359572,354694,356397,359396,345150,3224,0
50000,2,1,2,-1,-1,2,2,-2,-2,1450,2590,770,0,0,0,2590,0,0,0,0,0,48550,47410,49230,50000,50000,50000,2220,0
130000,1,2,1,2,2,2,-1,-1,-1,73561,70071,68392,69435,67790,69248,3500,0,2798,3500,2627,3000,56439,59929,61608,60565,62210,60752,403072,1
80000,3,1,2,-1,-1,-1,-1,-1,-1,65088,65200,61969,40457,42875,44724,3000,4000,3000,3000,4000,3000,14912,14800,18031,39543,37125,35276,300313,0
200000,2,2,1,-1,-1,-1,-2,-2,-2,8951,6595,0,0,0,0,9117,0,0,0,0,0,191049,193405,200000,200000,200000,200000,6429,1
150000,2,1,2,1,2,-1,-1,-1,-1,9937,9629,10633,10649,10570,10481,0,1175,1135,1000,1000,1000,140063,140371,139367,139351,139430,139519,56589,0
370000,1,1,2,-1,-1,-1,-1,-1,-1,379039,374221,279467,262511,248101,243899,14104,10107,9410,8398,8464,7826,-9039,-4221,90533,107489,121899,126101,1728929,0
310000,2,2,3,-1,-1,-1,-1,-1,-1,124793,1210,31635,1788,1927,553,1217,31967,1796,1936,556,15664,185207,308790,278365,308212,308073,309447,108770,0
240000,1,2,3,-1,-1,-1,-1,-1,-1,24171,26474,28480,30247,30122,27437,3759,3500,3000,982,3437,2044,215829,213526,211520,209753,209878,212563,150209,0
320000,1,1,2,-1,-1,2,2,2,2,106799,116015,117678,119245,120794,123796,11003,5000,5000,5000,5100,5300,213201,203985,202322,200755,199206,196204,667924,0
50000,2,2,2,3,2,-1,-1,-1,-1,51998,50821,46892,33936,9225,9264,0,2343,1548,476,336,348,-1998,-821,3108,16064,40775,40736,197085,0
50000,2,1,3,-1,-1,-1,-1,-1,-1,48537,36394,28278,16983,8888,9218,2022,2016,1272,1000,1000,1000,1463,13606,21722,33017,41112,40782,139988,0
50000,3,1,2,2,2,2,-1,-1,-1,15397,17699,17127,18076,17061,17419,2882,0,1259,591,613,608,34603,32301,32873,31924,32939,32581,96826,1
80000,1,2,2,-1,-1,-1,-1,-1,-1,72840,74631,77329,78147,79785,76766,9000,5000,3000,3000,2501,3000,7160,5369,2671,1853,215,3234,433997,0
420000,1,2,2,-1,-1,-1,2,-1,-1,90875,91789,89489,87076,55508,57771,4118,14000,0,1837,3010,144204,329125,328211,330511,332924,364492,362229,305339,0
50000,1,2,2,2,2,2,2,2,2,30559,31753,32847,33308,33755,34565,2000,1900,1300,1300,1500,1500,19441,18247,17153,16692,16245,15435,187287,1
150000,2,2,2,2,2,-2,-2,-1,2,90476,0,0,0,138355,130666,0,0,0,138355,0,5200,59524,150000,150000,150000,11645,19334,215942,1
130000,1,2,2,-1,-1,-1,-1,-1,-1,30190,31179,30569,28659,26952,15852,1818,2002,1400,600,1000,0,99810,98821,99431,101341,103048,114148,156581,1
170000,2,1,2,-1,-1,-1,-1,2,2,47956,48854,50068,56691,57367,56322,2000,2000,7500,2200,0,3000,122044,121146,119932,113309,112633,113678,300558,0
170000,3,1,3,-1,-1,-1,-1,-1,-1,165315,170562,170024,32898,34869,73932,8000,4000,3000,2500,5000,3000,4685,-562,-24,137102,135131,96068,622100,0
120000,2,2,1,-1,-1,2,-1,-1,-1,11147,9757,9423,3345,2929,2520,2446,438,1000,0,7,0,108853,110243,110577,116655,117071,117480,35230,0
30000,3,2,2,1,2,2,-1,-1,-1,29147,30268,29505,29916,14330,29000,1900,0,1300,884,780,0,853,-268,495,84,15670,1000,157302,1
220000,2,2,2,-1,-1,-1,2,-1,-1,6229,3516,7413,3697,3703,3500,1000,7397,0,3703,3500,3697,213771,216484,212587,216303,216297,216500,8761,0
50000,2,2,1,2,2,2,-1,-1,-1,19775,21679,18566,19918,19584,18508,3800,0,2000,1500,1000,2000,30225,28321,31434,30082,30416,31492,107730,1
30000,2,2,2,2,2,2,-1,-1,2,10522,10148,8587,8366,8528,7030,1200,0,1200,1500,0,460,19478,19852,21413,21634,21472,22970,48821,1
250000,1,2,2,-1,-1,-1,-1,-1,-1,73936,106903,174837,81376,61474,27864,40000,85756,35153,4236,6080,88,176064,143097,75163,168624,188526,222136,355077,0
20000,2,2,1,-1,-1,-1,-1,-1,-1,13229,14237,15580,16304,17059,18056,1233,1576,1300,1000,1400,0,6771,5763,4420,3696,2941,1944,87956,1
10000,3,1,2,-1,-1,-1,3,2,-1,7470,8315,11267,10626,10160,10052,1141,3258,0,0,357,400,2530,1685,-1267,-626,-160,-52,52734,1
50000,2,2,3,-1,-1,-1,-1,-2,-1,50611,41732,41111,-39,-39,18056,2200,2200,0,0,20000,1000,-611,8268,8889,50039,50039,31944,126032,0
30000,3,1,3,-1,-1,-1,2,2,3,19650,20817,23860,24372,25776,25088,1500,3400,1200,2100,0,0,10350,9183,6140,5628,4224,4912,131363,1
20000,2,2,2,2,2,2,2,-1,-1,13516,13996,14475,14936,15688,16435,1000,1000,1000,1000,1000,700,6484,6004,5525,5064,4312,3565,83346,1
200000,2,2,2,-1,-1,-1,-1,-1,-1,196550,178609,180357,168935,88883,88973,8001,6500,6146,3300,2476,5749,3450,21391,19643,31065,111117,111027,870135,0
50000,1,2,2,1,2,2,2,-1,-1,7148,6887,9602,9304,10835,11658,0,3000,0,2000,1000,1500,42852,43113,40398,40696,39165,38342,47934,0
120000,1,2,2,-1,-1,-1,-1,-1,2,326,326,176,-150,952,476,326,176,0,1428,0,476,119674,119674,119824,120150,119048,119524,-300,0
210000,1,2,3,-1,-1,-1,-1,-1,-1,325,325,325,325,325,325,325,325,325,325,325,325,209675,209675,209675,209675,209675,209675,0,1
180000,3,1,2,-1,-1,-1,-1,-1,-1,181293,177552,182492,180746,131166,114909,6400,8612,7534,5506,4850,5000,-1293,2448,-2492,-746,48834,65091,930256,0
50000,2,1,2,-1,-1,-1,-1,-1,-1,19606,18516,16481,12518,7538,5854,5027,3053,5040,1000,1016,501,30394,31484,33519,37482,42462,44146,64876,0
70000,3,1,3,-1,-1,-1,-1,-1,-1,41986,31059,23283,11523,23516,1600,1455,1278,1000,235,1600,4316,28014,38941,46717,58477,46484,68400,123083,0
200000,1,1,3,-2,-2,-2,-2,-2,-2,1640,0,0,0,0,0,0,0,0,0,0,0,198360,200000,200000,200000,200000,200000,1640,0
50000,3,1,3,1,2,2,2,2,2,10960,10487,13108,12601,13391,14027,0,2800,0,1000,1000,0,39040,39513,36892,37399,36609,35973,69774,1
230000,2,1,3,-1,-1,-1,-1,-1,-1,996,997,998,-1,999,0,1000,1000,0,1000,0,0,229004,229003,229002,230001,229001,230000,989,0
30000,1,1,3,1,2,2,2,-1,-1,20214,19596,21972,21321,21897,22395,0,3005,0,930,1000,2000,9786,10404,8028,8679,8103,7605,120460,1
30000,2,2,2,-1,-1,-1,-1,-1,-1,20881,22224,23557,24764,25234,14852,2000,2000,2000,1000,1000,1000,9119,7776,6443,5236,4766,15148,122512,0
150000,2,2,2,-1,-1,-1,-1,-1,-1,204187,222314,5051,4408,1731,1960,20000,1093,1000,1731,2169,1408,-54187,-72314,144949,145592,148269,148040,412250,0
10000,2,2,2,-1,-1,-1,-1,-1,-1,1473,3236,4790,390,0,780,3236,2000,390,0,780,0,8527,6764,5210,9610,10000,9220,4263,1
150000,1,2,1,-1,-1,-1,-1,-1,-1,4614,6370,9243,10280,10637,10916,2000,3000,1500,527,600,1000,145386,143630,140757,139720,139363,139084,43433,0
360000,1,2,2,1,-2,-2,-1,-1,-1,0,0,0,733,0,1307,0,0,733,0,1307,0,360000,360000,360000,359267,360000,358693,0,0
340000,1,2,2,-1,-1,-1,-1,-1,-1,86057,89605,87780,1680,1920,9151,5000,7785,1699,1920,9151,187000,253943,250395,252220,338320,338080,330849,63638,0
50000,2,2,2,-1,-1,-1,-1,-1,-1,48844,49335,49236,43524,27062,27923,1898,1996,2162,2000,1300,2000,1156,665,764,6476,22938,22077,234568,0
30000,2,1,2,-1,-1,-1,-1,-1,-1,20893,22206,19273,16469,14670,11214,2007,2000,2000,417,1500,1500,9107,7794,10727,13531,15330,18786,95301,0
360000,1,2,2,-2,-2,-2,-2,-2,-2,2739,1200,3118,0,162,4857,1206,3133,0,162,4881,445,357261,358800,356882,360000,359838,355143,2249,0
150000,1,1,3,-1,-1,-1,-1,-1,-1,150838,152696,136915,139449,140851,142160,6000,5000,7000,5165,5500,6000,-838,-2696,13085,10551,9149,7840,828244,0
160000,3,2,1,2,2,2,2,2,-1,152626,156752,152858,161801,114389,89684,8100,0,14025,0,5300,500,7374,3248,7142,-1801,45611,70316,800185,1
30000,2,1,2,-1,-1,-1,-1,-1,-1,28628,29160,21075,17257,15874,9514,2003,2400,1200,317,190,0,1372,840,8925,12743,14126,20486,115398,0
480000,1,1,3,-1,-1,-1,-1,-1,-1,10668,-2,454,150198,143388,157758,0,456,150244,2915,24550,100,469332,480002,479546,329802,336612,322242,284199,0
200000,2,1,3,-1,-1,-1,-1,-1,-1,98974,36829,31707,44433,4155,2114,10000,31727,44626,18,2124,9844,101026,163171,168293,155567,195845,197886,119873,0
50000,3,2,2,-1,-1,-1,-1,-1,-1,238,-152,48257,48455,48195,48828,0,48799,1773,1711,1785,1745,49762,50152,1743,1545,1805,1172,138008,1
20000,2,1,2,1,2,2,2,2,-1,17913,17328,20353,19966,19056,19445,0,3309,381,0,389,890,2087,2672,-353,34,944,555,109092,1
60000,2,1,3,-1,-1,-1,-1,-1,-1,59331,54989,53898,54960,56054,55263,2000,2000,1962,1974,2159,2100,669,5011,6102,5040,3946,4737,322300,0
200000,1,2,1,-1,-1,-2,-2,-2,-1,16000,0,0,0,0,-1108,0,0,0,0,40,84628,184000,200000,200000,200000,200000,201108,-69776,0
20000,2,1,1,-1,-1,-1,-2,-2,-2,16203,4550,0,0,0,0,2000,0,0,0,0,0,3797,15450,20000,20000,20000,20000,18753,0
440000,3,1,2,-1,-1,-1,-1,-1,-1,13754,12364,11613,12651,13211,23600,2017,3000,3019,5011,23748,13633,426246,427636,428387,427349,426789,416400,36765,0
100000,1,2,2,-1,2,2,-1,-1,-2,772,772,-8,2562,0,0,0,8,2570,0,0,0,99228,99228,100008,97438,100000,100000,1520,0
100000,2,2,2,-1,-1,-1,-1,-1,-1,95933,96772,97240,98159,97481,97574,4499,4578,4606,3817,3998,3695,4067,3228,2760,1841,2519,2426,557966,0
100000,2,1,3,-1,-1,2,2,2,2,11574,14570,16045,16508,15969,17733,3500,2000,1000,0,2000,0,88426,85430,83955,83492,84031,82267,83899,0
230000,3,1,3,-2,-2,-2,-2,-2,-2,1313,1414,1258,2565,-5,1100,1421,1264,2577,0,1105,0,228687,228586,228742,227435,230005,228900,1278,0
50000,1,2,2,-1,-1,-1,-1,-1,-1,13191,14659,17097,18207,20580,22577,2000,3000,1700,3000,2500,5000,36809,35341,32903,31793,29420,27423,89111,0
50000,2,1,2,-1,-1,-1,-1,-1,-1,42163,38252,27396,23584,17272,17634,1472,1500,1282,618,640,644,7837,11748,22604,26416,32728,32366,160145,0
30000,2,1,3,1,2,-1,-1,-1,-1,14110,13591,14309,15320,15774,15950,0,1244,1255,709,578,741,15890,16409,15691,14680,14226,14050,84527,0
140000,2,2,2,1,2,2,2,2,3,67923,69412,67734,73079,75255,75757,3200,0,6500,4000,2000,3000,72077,70588,72266,66921,64745,64243,410460,1
60000,3,2,3,-1,-1,-1,-1,-1,-1,55800,53216,43077,36197,34283,20395,1782,1850,1318,5822,794,2000,4200,6784,16923,23803,25717,39605,229402,0
50000,3,1,3,1,2,2,2,-1,-1,26915,26184,29261,28444,28878,27655,0,3500,0,1100,1100,2000,23085,23816,20739,21556,21122,22345,159637,0
350000,2,2,2,-1,-1,-1,-1,-1,-1,249663,230738,232382,234254,211309,210897,8026,9503,9015,7511,8011,7361,100337,119262,117618,115746,138691,139103,1319816,0
20000,3,1,3,2,2,2,2,2,-1,11623,12436,12943,15428,14883,15494,1300,1000,2700,0,850,850,8377,7564,7057,4572,5117,4506,76107,1
20000,2,2,2,-1,-1,-1,-1,-1,-1,16320,28674,15491,16299,16428,0,1238,1392,1200,329,0,0,3680,-8674,4509,3701,3572,20000,89053,0
50000,2,2,2,-1,-1,2,2,-2,-2,46712,50932,49400,0,0,0,5000,0,2000,0,0,0,3288,-932,600,50000,50000,50000,140044,0
20000,2,1,3,1,2,2,2,-1,-1,19951,19314,20526,19360,19660,6000,0,2976,0,500,120,780,49,686,-526,640,340,14000,100435,1
110000,3,1,2,-1,-1,-1,-1,-1,-1,23751,25068,26351,26996,27754,28597,1717,2000,2000,1500,2000,5000,86249,84932,83649,83004,82246,81403,144300,0
200000,1,1,3,-1,2,2,-2,-2,-2,655,265,-125,-515,-905,-905,0,0,0,0,0,0,199345,199735,200125,200515,200905,200905,-1530,1
260000,2,1,3,2,2,2,2,2,2,82683,84424,86472,87157,88526,90355,4000,4300,3000,3700,3400,3600,177317,175576,173528,172843,171474,169645,497617,1
150000,2,1,2,2,2,-1,-1,-1,-1,88655,86333,88931,92441,102903,105240,0,4000,5000,12000,4000,6000,61345,63667,61069,57559,47097,44760,533503,1
50000,2,2,2,-1,-1,-1,-1,-1,-1,23142,28202,30610,30227,18413,17195,5494,3202,3502,3200,2500,3000,26858,21798,19390,19773,31587,32805,126891,0
150000,2,2,2,-1,-1,-1,-1,-1,-1,13059,11526,18301,15858,2744,2144,11526,18305,15861,2744,0,19682,136941,138474,131699,134142,147256,147856,-4486,0
250000,1,2,2,2,2,2,2,2,2,153798,164692,160658,180382,182914,186838,15000,0,24000,7000,7000,6700,96202,85308,89342,69618,67086,63162,969582,1
50000,4,2,3,-1,-1,-1,-1,-1,-1,36869,31255,28040,20799,9584,9788,1615,2507,10814,344,359,401,13131,18745,21960,29201,40416,40212,120295,0
50000,2,1,3,-1,-1,-1,-1,-1,-1,38830,35866,30260,19187,19324,19192,1600,8820,1293,820,700,689,11170,14134,19740,30813,30676,30808,148737,0
50000,3,3,3,2,2,2,3,2,2,41755,40793,44084,44763,44939,46078,0,3949,1700,1200,2000,2000,8245,9207,5916,5237,5061,3922,251563,0
80000,3,2,3,1,2,2,2,2,2,81053,79337,82698,81467,49150,51303,300,6200,2139,0,4000,0,-1053,663,-2698,-1467,30850,28697,412369,0
20000,3,1,3,-1,-1,-1,-1,-1,-1,11572,27270,14375,15200,20000,16560,2820,4000,1200,5000,10000,0,8428,-7270,5625,4800,0,3440,81957,0
220000,2,1,3,2,4,3,2,2,2,233756,216591,197022,198088,187000,179703,3000,0,6000,0,14004,0,-13756,3409,22978,21912,33000,40297,1189156,1
120000,3,1,2,-1,2,2,-1,-1,3,12190,13091,12591,17366,22064,21432,1400,0,5000,5000,0,0,107810,106909,107409,102634,97936,98568,87334,1
200000,3,2,2,-1,-1,-1,-1,-1,-1,84184,95791,94901,92866,93514,85659,16000,5013,5024,10000,5000,10000,115816,104209,105099,107134,106486,114341,495878,0
30000,3,1,3,-1,-1,-1,-1,-1,-1,118587,89271,91157,30420,30384,29774,6624,3000,31959,1052,1062,1114,-88587,-59271,-61157,-420,-384,226,344782,0
50000,2,2,3,-1,-1,-1,-1,-1,-1,50756,50552,49465,40020,10407,9037,1934,1917,2500,500,500,1000,-756,-552,535,9980,39593,40963,201886,0
50000,3,2,3,2,-1,-1,-1,-1,2,4864,5876,6898,7910,8681,8397,1252,1274,1286,1057,0,306,45136,44124,43102,42090,41319,41603,37451,0
230000,2,1,3,-1,-1,-1,-1,-1,-1,42770,22080,16740,14029,1439,2269,2000,1347,3078,1509,9000,8000,187230,207920,213260,215971,228561,227731,74393,0
280000,2,2,2,-1,-1,-1,-1,-1,-1,265120,238661,223383,162196,165129,168295,9104,9401,6001,6001,6201,6201,14880,41339,56617,117804,114871,111705,1179875,0
70000,1,2,3,-1,-1,-1,-1,-1,-1,68228,65935,67454,67592,36515,37426,2378,2600,2613,1500,1500,1500,1772,4065,2546,2408,33485,32574,331059,0
120000,2,1,3,-1,-1,-1,-1,-1,-1,112123,114344,117684,117344,58800,0,4089,5179,2543,1176,0,0,7877,5656,2316,2656,61200,120000,507308,0
170000,1,2,2,-1,-1,-1,-1,-1,-1,138811,136227,136893,122820,120550,102054,5505,4849,4614,4600,3704,4506,31189,33773,33107,47180,49450,67946,729577,0
30000,3,1,3,1,2,2,-1,-1,-1,17301,18015,17437,18448,18815,19210,1295,0,1306,673,698,1547,12699,11985,12563,11552,11185,10790,103707,0
20000,2,1,2,-1,-1,-1,2,2,-2,18706,17483,19509,18828,0,0,1275,3081,0,0,0,0,1294,2517,491,1172,20000,20000,70170,1
20000,3,2,2,-1,-1,-1,-1,-1,-1,16500,17012,18181,19331,19113,17996,1281,1450,1600,382,383,345,3500,2988,1819,669,887,2004,102692,0
220000,1,2,2,3,2,-1,-1,-1,2,184140,187089,189680,193561,205161,205477,7500,7100,7203,15000,3500,4500,35860,32911,30320,26439,14839,14523,1120305,1
50000,2,2,3,-1,-1,-1,-1,-1,-1,20995,21743,22300,4067,1290,0,3000,3007,1000,1290,0,0,29005,28257,27700,45933,48710,50000,62098,0
300000,4,1,3,-1,-1,-1,-1,-1,-1,289299,297003,300153,9250,6088,2497,15000,13274,1010,185,2497,2497,10701,2997,-153,290750,293912,297503,869827,0
430000,2,2,1,-2,-2,-2,-2,-2,-2,1442,3058,0,980,0,0,3058,0,980,0,0,1030,428558,426942,430000,429020,430000,430000,412,0
30000,2,1,2,-1,2,-1,-1,-1,-1,1226,390,390,390,390,0,0,390,390,390,0,780,28774,29610,29610,29610,29610,30000,836,1
20000,3,3,3,-1,-1,-1,-1,-1,-1,14075,15523,17264,18325,15680,0,2000,2000,1500,500,0,0,5925,4477,2736,1675,4320,20000,74867,0
210000,1,1,3,-1,-1,-1,-1,-1,-1,119752,114952,108857,103789,96250,95788,10030,6053,10036,6027,10028,10030,90248,95048,101143,106211,113750,114212,587184,0
80000,2,1,2,-1,-1,-1,-1,-1,-1,47464,49665,50538,53314,27962,27873,3000,2000,29000,2004,2000,2000,32536,30335,29462,26686,52038,52127,216812,1
30000,3,2,2,-1,-1,-1,-1,-1,-1,28275,29772,27821,28075,29682,28001,2000,2000,2000,2014,2000,2000,1725,228,2179,1925,318,1999,159612,0
220000,1,1,3,2,2,2,-1,-1,-1,165665,163494,162360,134989,124915,84959,2008,6000,6000,4000,2852,9000,54335,56506,57640,85011,95085,135041,806522,1
80000,2,2,2,-1,-1,-1,-1,-1,-1,22753,25046,23466,25689,29820,22082,3000,3000,3000,4500,830,2000,57247,54954,56534,54311,50180,57918,132526,0
480000,2,1,2,-1,-1,-1,-1,-1,-1,55346,58411,58883,59452,61168,56931,4000,3000,3000,3000,3000,3000,424654,421589,421117,420548,418832,423069,331191,0
150000,1,2,2,-1,-1,-1,-1,-1,-1,94020,78038,63176,52807,34199,32061,3040,5000,10116,5000,6000,3000,55980,71962,86824,97193,115801,117939,322145,0
60000,3,1,2,1,2,-1,-1,-2,-2,36243,35369,35320,0,0,0,0,1027,0,0,0,0,23757,24631,24680,60000,60000,60000,105905,0
80000,2,2,2,2,2,-1,-1,-1,-1,24928,24229,25832,27394,29922,31879,0,2000,2000,3000,2600,0,55072,55771,54168,52606,50078,48121,154584,1
50000,2,1,2,-1,-1,-1,-1,-1,-1,46827,48134,49550,48377,18727,19116,2084,2500,1135,497,514,335,3173,1866,450,1623,31273,30884,223666,0
50000,3,2,2,1,2,2,2,2,2,33776,34824,33988,36311,36918,36191,1900,0,3200,1500,0,3000,16224,15176,16012,13689,13082,13809,202408,1
180000,3,1,3,-1,-1,-1,-1,-1,-1,177027,173635,172514,157768,126964,125456,7003,6500,7507,4500,5000,5000,2973,6365,7486,22232,53036,54544,897854,0
100000,2,1,2,-1,-1,-1,-1,-2,-2,10603,11735,12460,0,0,0,1315,1040,0,0,0,0,89397,88265,87540,100000,100000,100000,32443,1
240000,3,1,3,2,2,2,2,2,2,259511,258208,245397,245014,209834,195913,11000,0,12300,14288,0,6887,-19511,-18208,-5397,-5014,30166,44087,1369402,0
50000,3,1,3,-1,-1,-1,-1,-1,-1,49331,46429,47446,39516,17643,32230,2000,3030,4000,2000,2800,2936,669,3571,2554,10484,32357,17770,215829,1
20000,3,1,3,-1,-1,-1,-1,-1,-1,8151,9011,10858,12670,13157,13742,1153,2000,2000,1000,800,1000,11849,10989,9142,7330,6843,6258,59636,0
50000,2,1,2,-1,-1,-1,-1,-1,-1,48591,37944,50135,49526,19686,19374,12000,13000,5000,4010,6000,3000,1409,12056,-135,474,30314,30626,182246,0
200000,2,1,2,-2,-2,-2,-2,-2,-2,6926,1747,642,0,0,0,1747,642,0,0,0,500,193074,198253,199358,200000,200000,200000,6426,0
180000,2,2,2,-1,-1,-1,-1,-2,-2,22832,19517,11988,0,0,0,1429,1000,0,0,0,0,157168,160483,168012,180000,180000,180000,51908,0
320000,1,2,2,1,-2,-2,-2,-2,-2,0,0,0,0,0,0,0,0,0,0,0,0,320000,320000,320000,320000,320000,320000,0,1
200000,3,2,3,-1,-1,-1,-1,-1,-1,87035,79529,67675,56519,11884,14343,2915,2646,2208,12503,14869,0,112965,120471,132325,143481,188116,185657,281844,0
20000,2,2,3,-1,-1,-1,2,2,-1,10142,10869,13940,14755,14223,15337,1200,3250,1340,0,1500,5000,9858,9131,6060,5245,5777,4663,66976,1
200000,1,2,2,-2,-2,-2,-2,-2,-2,5607,0,316,499,672,100,0,316,499,672,100,0,194393,200000,199684,199501,199328,199900,5607,0
20000,3,2,3,1,-2,-2,-2,-2,-2,0,0,0,0,0,0,0,0,0,0,0,0,20000,20000,20000,20000,20000,20000,0,0
50000,2,2,2,1,3,2,2,2,2,50180,49089,48935,18243,20285,17175,0,1266,0,2301,0,748,-180,911,1065,31757,29715,32825,199592,0
50000,2,2,1,-1,-1,-1,-1,-1,-1,50479,48294,48735,45036,19246,18872,1649,11890,1367,668,675,673,-479,1706,1265,4964,30754,31128,213740,1
80000,2,1,3,-1,-1,-1,-1,-1,-1,44620,33729,40350,38812,33459,31650,1582,15350,1491,3459,1650,9028,35380,46271,39650,41188,46541,48350,190060,0
180000,1,2,2,-1,-1,-1,-1,-1,-1,48252,39451,20027,15000,14958,-42,9024,1104,15000,14958,0,0,131748,140549,159973,165000,165042,180042,97560,0
80000,3,1,3,-2,-2,-2,-2,-2,-2,-1590,-6256,-10922,-15588,-20254,-24920,4666,4666,4666,4666,266,0,81590,86256,90922,95588,100254,104920,-98460,0
150000,2,2,2,2,3,2,2,2,2,87021,86708,88909,90352,91355,93241,2000,4500,3800,3400,3500,3900,62979,63292,61091,59648,58645,56759,516486,0
20000,2,2,2,-1,-1,-1,-1,-1,-1,830,17597,17840,16342,16428,18167,17597,1332,1134,1000,2000,0,19170,2403,2160,3658,3572,1833,64141,0
300000,1,1,3,-1,-1,-1,-2,-2,-2,1653,1734,0,0,0,0,1734,0,0,0,0,0,298347,298266,300000,300000,300000,300000,1653,0
30000,2,2,2,1,3,3,2,-1,-1,25601,26886,26185,25470,25751,27179,2000,0,0,1000,2000,1000,4399,3114,3815,4530,4249,2821,151072,0
140000,2,1,3,-1,-1,-1,-1,-1,-1,35815,36800,37344,37933,38522,38519,1590,1926,1911,1500,1541,1559,104185,103200,102656,102067,101478,101481,214906,0
80000,1,1,2,1,2,3,2,-1,-1,8415,10305,9979,1261,1261,1261,2181,0,0,1261,1261,1261,71585,69695,70021,78739,78739,78739,26518,1
20000,2,1,3,-1,-1,-1,-1,-2,-2,13243,11699,12372,0,-800,0,1500,5017,0,0,800,0,6757,8301,7628,20000,20800,20000,29197,0
70000,2,1,2,-1,-1,-1,-1,-1,-1,69388,70480,66646,69641,46458,50679,3439,3237,4938,1693,5000,2200,612,-480,3354,359,23542,19321,352785,1
320000,2,2,2,-1,-1,-1,-1,-1,-1,318022,321560,150062,139555,116315,106541,10810,4746,4241,3275,3265,2865,1978,-1560,169938,180445,203685,213459,1122853,0
80000,2,1,3,-1,-1,-1,2,-1,-1,31290,780,390,780,780,390,780,390,0,1560,0,390,48710,79220,79610,79220,79220,79610,31290,0
50000,2,1,2,-1,-1,-1,-1,-1,-1,28086,29088,25692,24336,20243,18995,1500,2000,1410,1000,1000,1000,21914,20912,24308,25664,29757,31005,138530,0
80000,2,1,3,-1,-1,-1,-1,-1,-1,15824,12781,9994,10704,9201,6275,2000,2000,4000,1000,1000,1000,64176,67219,70006,69296,70799,73725,53779,0
110000,3,2,2,-1,-1,-1,-1,-1,-1,52708,51021,51166,42718,42183,40909,2469,2119,1857,1418,1390,1408,57292,58979,58834,67282,67817,69091,270044,0
50000,2,1,3,-1,-1,-1,-1,-1,-1,49573,49417,49085,33156,19344,18930,2245,1652,1497,10580,685,704,427,583,915,16844,30656,31070,202142,0
50000,3,1,3,2,-1,-1,2,-1,-1,10343,12161,15061,14400,16000,18000,2000,3100,0,2000,2000,0,39657,37839,34939,35600,34000,32000,76865,1
20000,2,1,2,-1,-1,-1,-1,-1,-1,14966,16278,17012,17992,18350,18738,1565,1299,1279,637,663,1469,5034,3722,2988,2008,1650,1262,96424,0
120000,1,1,3,2,2,-1,-1,2,-1,63598,61987,64373,69164,67453,72997,0,4000,6500,0,6639,4000,56402,58013,55627,50836,52547,47003,378433,0
30000,2,2,2,-1,-1,-1,-1,-1,-1,23422,24425,25463,26453,26987,28760,1397,1435,1425,959,2201,1200,6578,5575,4537,3547,3013,1240,146893,0
50000,2,3,2,-1,-1,-1,-1,-1,-1,8603,7757,8742,6041,5383,0,1200,1141,1006,0,0,0,41397,42243,41258,43959,44617,50000,33179,0
100000,3,2,2,1,2,-1,-1,-1,-1,23704,21774,21818,1261,1261,1261,0,2000,1261,1261,1261,1651,76296,78226,78182,98739,98739,98739,63645,1
50000,2,2,2,3,2,2,2,2,-1,150,150,150,150,150,805,0,0,0,0,805,43340,49850,49850,49850,49850,49850,49195,-42590,0
30000,2,2,2,-1,-1,-1,-1,-2,-2,17803,19126,19500,0,0,0,1626,1000,0,0,0,0,12197,10874,10500,30000,30000,30000,53803,0
40000,2,1,2,3,2,-1,-1,2,-1,38291,37380,38180,40524,39720,39860,0,1706,3050,0,1565,1278,1709,2620,1820,-524,280,140,226356,1
190000,2,1,2,2,2,2,2,-1,-1,166611,170196,172122,167858,171192,174937,7820,6100,0,6127,6503,6500,23389,19804,17878,22142,18808,15063,989866,1
10000,3,1,2,1,2,-1,-1,-1,-1,10866,10094,9212,9633,9550,9334,0,1201,1062,254,288,365,-866,-94,788,367,450,666,55519,1
50000,3,1,3,-1,-1,-1,-1,-1,-1,50444,49654,49921,50512,20071,20277,2000,2050,1641,1000,1000,1000,-444,346,79,-512,29929,29723,232188,0
20000,2,2,2,-1,-1,-1,2,-1,-1,17676,17650,18740,18373,18768,19315,2000,2500,1000,1000,1000,2000,2324,2350,1260,1627,1232,685,101022,0
120000,3,2,2,-2,-2,-2,-2,-2,-2,2284,2007,1371,4639,360,2650,2007,1371,4639,360,2650,1947,117716,117993,118629,115361,119640,117350,337,0
50000,3,2,3,-1,-1,-1,-1,-1,-1,50517,48230,42674,4593,18007,18230,2015,1882,2119,45800,662,1000,-517,1770,7326,45407,31993,31770,128773,0
310000,1,2,2,-1,-1,-1,-1,-1,-1,279711,266417,271746,260673,199746,182994,10143,24932,10440,6265,6275,5830,30289,43583,38254,49327,110254,127006,1397402,0
240000,3,2,3,1,2,-1,-1,-1,-1,221341,213264,207403,201331,195040,188968,7000,7500,7300,7000,7000,5869,18659,26736,32597,38669,44960,51032,1185678,0
50000,2,1,3,1,-1,2,2,-1,-1,-658,46342,25600,-400,40000,0,47000,0,0,20400,0,0,50658,3658,24400,50400,10000,50000,43484,1
210000,1,2,3,-1,-1,-1,-1,-1,-1,1535,2652,179,1326,1326,1326,2652,179,1326,1326,1326,4182,208465,207348,209821,208674,208674,208674,-2647,1
60000,2,1,2,1,2,2,2,-1,-1,16253,15695,18440,17838,17417,22102,0,3000,0,1000,5000,1000,43747,44305,41560,42162,42583,37898,97745,0
20000,2,2,2,-1,-1,-1,-1,2,2,13192,14202,15237,17164,17294,16110,1230,1265,2192,694,0,3134,6808,5798,4763,2836,2706,3890,84684,1
50000,2,2,3,-1,-1,-1,-1,-1,-1,50785,48709,50981,45793,46555,38816,3000,4414,1500,1042,2000,0,-785,1291,-981,4207,3445,11184,269683,1
30000,2,2,2,-1,-1,-1,-1,-1,-1,24065,25660,26257,27641,29335,10493,2005,2000,2000,2000,1000,1000,5935,4340,3743,2359,665,19507,133446,1
60000,1,2,1,1,2,2,-1,-1,2,43434,44522,43222,43588,46564,47369,2100,0,1708,4000,2000,1903,16566,15478,16778,16412,13436,12631,256988,1
90000,2,2,1,-1,-1,-1,-2,-2,-2,70559,51550,0,0,0,0,3000,0,0,0,0,0,19441,38450,90000,90000,90000,90000,119109,0
30000,2,1,2,-1,-1,-1,-1,-1,2,12452,13439,14420,15838,17331,16973,1500,1500,2000,2000,0,3600,17548,16561,15580,14162,12669,13027,79853,1
30000,2,2,2,3,2,2,7,7,7,2379,2379,2379,2379,2379,2379,0,0,0,0,0,0,27621,27621,27621,27621,27621,27621,14274,1
220000,3,1,2,2,2,2,2,2,2,175808,179399,183039,185541,187984,191837,8000,8000,7000,7000,7000,0,44192,40601,36961,34459,32016,28163,1066608,1
250000,4,1,2,-2,-2,-2,-2,-2,-2,14310,3697,0,0,0,0,3700,0,0,0,0,0,235690,246303,250000,250000,250000,250000,14307,0
450000,1,1,3,-1,-1,-1,-1,-1,-1,2549,20499,2499,2499,0,11071,20449,2499,2499,0,11071,780,447451,429501,447501,447501,450000,438929,1819,0
30000,2,2,2,2,-1,-1,4,3,2,18402,19785,24633,23961,23289,22779,2000,5500,0,0,0,3400,11598,10215,5367,6039,6711,7221,121949,0
220000,2,1,2,-1,-1,-1,-1,-1,-1,13429,15688,17922,20111,22261,24392,2500,2500,2500,2500,2500,2500,206571,204312,202078,199889,197739,195608,98803,0
300000,1,2,2,-2,-2,-2,-2,-2,-2,901,901,901,1075,0,66,901,901,1075,0,66,66,299099,299099,299099,298925,300000,299934,835,0
500000,2,2,2,-1,-1,-1,-1,-1,-1,135634,135796,133712,136069,67837,69514,5034,6000,5355,3500,2513,5000,364366,364204,366288,363931,432163,430486,651160,0
20000,2,2,2,1,2,-1,-1,-1,-1,15095,14459,12607,16430,19230,0,0,6000,5000,3000,0,0,4905,5541,7393,3570,770,20000,63821,0
110000,2,2,2,-1,-1,-1,-1,-1,-2,42015,38897,29059,20799,-1961,-1961,1575,1377,1007,0,0,66296,67985,71103,80941,89201,111961,111961,56593,0
10000,3,1,3,1,4,3,2,-1,-1,10711,10399,10092,9700,10000,9900,0,0,0,302,0,0,-711,-399,-92,300,0,100,60500,0
20000,2,2,3,1,2,2,2,-1,-1,8557,8271,11127,10657,11178,11840,0,3000,0,1000,1000,1900,11443,11729,8873,9343,8822,8160,54730,1
230000,2,1,2,-1,-1,-1,-1,-1,-1,1344,-6,2190,3475,1791,2993,0,2196,3485,1796,3002,2601,228656,230006,227810,226525,228209,227007,-1293,0
20000,2,2,2,1,2,2,2,2,2,15668,15119,17976,19088,18500,20712,0,3108,1700,0,3500,0,4332,4881,2024,912,1500,-712,98755,1
50000,2,1,2,-1,-1,-1,-1,-1,-1,1930,305,6270,6396,6596,3488,305,6270,6396,2200,3488,0,48070,49695,43730,43604,43404,46512,6326,0
200000,1,2,3,-1,-1,-1,-1,-1,-1,66052,68994,70825,73902,74943,76996,3800,3300,4000,2600,3000,3000,133948,131006,129175,126098,125057,123004,412012,0
80000,2,1,2,1,-2,-2,-2,-2,-2,0,0,0,0,0,0,3000,0,0,0,0,0,80000,80000,80000,80000,80000,80000,-3000,0
50000,3,2,3,-1,-1,-1,-1,-1,-1,4166,4166,4216,4166,4166,4166,4166,4216,4116,4166,4166,4166,45834,45834,45784,45834,45834,45834,50,0
50000,2,1,3,1,2,-1,-1,-1,-1,16747,16181,17912,19606,20969,25302,0,2000,2000,2000,5000,0,33253,33819,32088,30394,29031,24698,105717,1
110000,1,2,1,-1,-1,-1,-1,-1,-1,110721,111242,105199,104587,49001,45093,3938,5720,3078,2000,2000,2000,-721,-1242,4801,5413,60999,64907,507107,1
110000,2,1,2,-1,-1,-1,-1,-1,-1,42617,42229,42214,41405,40846,40385,1678,2023,1574,1375,1468,1649,67383,67771,67786,68595,69154,69615,239929,0
220000,2,1,2,-1,-1,-1,-1,-1,-1,87431,114959,110700,58674,50247,85500,50005,20010,2481,20000,55827,34675,132569,105041,109300,161326,169753,134500,324513,0
140000,3,1,2,-1,-1,-1,-1,-1,-1,138329,138072,136377,106241,96986,94665,6806,4744,4546,3672,3602,4006,1671,1928,3623,33759,43014,45335,683294,0
50000,2,2,3,-1,-1,-1,-1,-2,-2,34326,34110,3552,0,0,0,3000,3505,0,0,0,0,15674,15890,46448,50000,50000,50000,65483,0
100000,2,1,3,2,2,2,2,2,-1,70762,69025,74489,78660,76797,78404,0,6600,6000,0,3000,3100,29238,30975,25511,21340,23203,21596,429437,1
20000,1,2,2,-1,-1,-1,-1,-1,-1,15255,16507,16842,15151,16741,20540,5006,4015,2006,7137,18000,202,4745,3493,3158,4849,3259,-540,64670,1
50000,3,2,2,-1,-1,-1,-1,-1,-1,49760,51105,48516,19078,19220,19514,2189,1600,1600,700,700,857,240,-1105,1484,30922,30780,30486,199547,1
40000,2,2,2,-1,-1,-2,-2,-2,-2,23330,0,0,0,0,0,0,0,0,0,0,0,16670,40000,40000,40000,40000,40000,23330,0
180000,2,1,2,-1,-1,-1,-1,-1,-1,13067,6170,3439,1193,381,1516,6170,3444,1193,381,1516,542,166933,173830,176561,178807,179619,178484,12520,0
80000,3,2,2,-1,-1,-1,-1,-1,-1,45876,46565,47967,48804,49624,50031,1752,2154,1991,1811,1742,2000,34124,33435,32033,31196,30376,29969,277417,0
30000,2,2,2,-1,-1,-1,-1,-1,-1,26774,28014,29248,29254,19837,14793,2000,1694,1200,8697,2000,1000,3226,1986,752,746,10163,15207,131329,0
230000,2,1,2,-1,-1,-1,-1,-1,-1,30798,28806,2425,2425,3850,2425,1000,2425,2425,3850,1000,15244,199202,201194,227575,227575,226150,227575,44785,0
20000,4,2,3,-1,-1,-1,2,-1,-1,20101,20086,20221,19627,18948,0,1318,1973,1000,600,0,0,-101,-86,-221,373,1052,20000,94092,0
350000,3,1,3,-1,-1,-1,-1,-1,-2,2161,7230,3301,4301,15,684,7426,3306,4301,15,684,2713,347839,342770,346699,345699,349985,349316,-753,0
20000,2,1,2,1,2,2,2,2,2,9599,9296,11813,11327,12137,11799,0,2676,0,1000,0,582,10401,10704,8187,8673,7863,8201,61713,0
130000,2,2,2,-1,-1,-1,-1,-1,-1,91016,36706,19802,11515,4261,45718,1848,1394,1015,99,47657,1681,38984,93294,110198,118485,125739,84282,155324,0
50000,2,1,2,-1,-1,-1,-1,-1,-1,47832,49020,48272,49264,26206,27823,2000,3000,2000,1000,2000,2000,2168,980,1728,736,23794,22177,236417,1
100000,2,2,3,-1,-1,-1,-1,-1,-1,20439,6882,2456,1537,1642,110,1068,1007,1741,1646,100,0,79561,93118,97544,98463,98358,99890,27504,1
20000,2,1,3,-1,-1,-1,2,-1,-1,12129,12919,14810,15267,15714,16308,1300,2100,1000,1000,1000,1000,7871,7081,5190,4733,4286,3692,79747,1
150000,1,1,3,-2,-2,-2,-2,-1,-1,1000,0,0,1522,5014,1000,0,0,1522,5014,1406,0,149000,150000,150000,148478,144986,149000,594,0
230000,2,1,3,-1,-1,-1,-1,-1,-1,117255,109450,109794,109143,107996,109230,5400,5505,5505,4000,4500,5000,112745,120550,120206,120857,122004,120770,632958,0
470000,1,1,2,-1,-1,-1,-1,-1,-1,33277,34292,38423,197773,202722,46980,1869,5000,162546,5783,1689,1977,436723,435708,431577,272227,267278,423020,374603,1
50000,2,1,3,-1,-1,-1,-1,-1,-1,43719,44290,41245,42081,20328,20391,1700,1924,2015,1000,663,10000,6281,5710,8755,7919,29672,29609,194752,0
120000,3,1,3,-1,-1,-1,-1,-1,-1,119440,3844,2290,780,8190,4600,3844,2299,780,8190,4600,1081,560,116156,117710,119220,111810,115400,118350,1
20000,2,1,3,2,2,2,2,-1,-1,17233,18639,20035,19333,18135,14366,2000,2000,0,1000,500,1950,2767,1361,-35,667,1865,5634,100291,1
10000,2,1,3,1,2,2,2,2,-1,7953,9164,8876,10009,7169,8842,1500,0,1500,0,3000,2000,2047,836,1124,-9,2831,1158,44013,0
50000,1,2,1,2,2,2,-1,-1,-2,7881,10415,3997,1047,0,0,3000,0,1000,0,0,0,42119,39585,46003,48953,50000,50000,19340,1
360000,1,2,2,-2,-2,-2,-2,-2,-2,1246,17234,387,776,810,0,17328,388,779,814,0,0,358754,342766,359613,359224,359190,360000,1144,0
100000,4,1,2,-1,-1,-1,-1,-1,-1,101330,100278,100733,96038,94646,96631,3824,4311,3648,3370,3492,3614,-1330,-278,-733,3962,5354,3369,567397,0
170000,1,2,2,-1,-1,-1,-1,-1,-1,8433,644,7567,0,499,576,644,7567,0,499,576,0,161567,169356,162433,170000,169501,169424,8433,0
30000,2,2,3,2,2,2,2,2,2,14697,17332,16770,18483,17888,19097,3200,0,2300,0,1500,0,15303,12668,13230,11517,12112,10903,97267,1
230000,1,1,2,1,-1,-1,2,-1,-1,0,2062,5056,3050,3700,1900,2062,3050,0,3700,0,2436,230000,227938,224944,226950,226300,228100,4520,1
150000,1,2,2,-1,-1,-1,-1,-1,-1,114997,118821,121362,124687,125223,98890,4884,5100,6000,3142,3300,3323,35003,31179,28638,25313,24777,51110,678231,0
260000,2,2,2,-1,-1,-1,-1,-1,-2,3000,150,-850,300,-832,-832,150,0,1000,0,0,0,257000,259850,260850,259700,260832,260832,-214,0
80000,3,1,3,-1,-1,-1,-1,-1,-1,76288,71659,67528,64035,60612,57532,3003,2403,3003,3001,2401,3109,3712,8341,12472,15965,19388,22468,380734,0
20000,2,2,3,-1,-1,-1,-1,-1,-1,19656,30177,16263,17287,17699,18413,1300,2600,1300,700,1000,700,344,-10177,3737,2713,2301,1587,111895,0
240000,1,1,2,1,-2,-2,-2,-2,-2,0,0,0,0,0,0,0,0,0,0,0,0,240000,240000,240000,240000,240000,240000,0,1
50000,2,1,3,1,2,-1,-1,-1,-1,49039,47949,49235,49577,17063,17634,0,2058,1400,762,1000,650,961,2051,765,423,32937,32366,224627,1
50000,1,2,3,-1,-1,-1,-1,-1,-1,42931,45556,43809,36493,20069,20210,6004,1805,1255,1003,1111,3002,7069,4444,6191,13507,29931,29790,194888,0
100000,2,2,3,2,2,2,2,-1,-1,65781,60114,59478,54336,50640,49113,0,4817,6,1700,3650,0,34219,39886,40522,45664,49360,50887,329289,1
20000,3,2,3,-1,-1,-1,-1,-1,-1,16884,17891,19078,19800,20000,0,1291,1478,1200,400,0,0,3116,2109,922,200,0,20000,89284,0
150000,1,1,3,2,2,2,2,-1,-1,116699,113358,124745,121249,124237,132252,0,14779,0,5000,10000,5000,33301,36642,25255,28751,25763,17748,697761,1
230000,2,3,2,-1,-1,-1,-1,-1,-1,11770,16479,20474,26492,326,1056,10000,5000,16492,0,1056,326,218230,213521,209526,203508,229674,228944,43723,0
20000,2,1,3,-1,-1,-1,-1,-1,-1,19473,19868,16749,17538,13840,7370,1896,1417,1206,284,147,4937,527,132,3251,2462,6160,12630,84951,0
390000,2,2,2,-1,-1,-1,-1,-1,-1,30209,31193,31440,38001,48301,28131,1804,2561,8122,11000,20015,1002,359791,358807,358560,351999,341699,361869,162771,0
80000,2,1,2,3,2,2,4,4,3,600,600,600,600,600,300,0,0,0,0,0,0,79400,79400,79400,79400,79400,79700,3300,1
270000,1,2,2,1,-2,-2,-2,-2,-2,-12,-12,-12,-12,-12,-12,0,0,0,0,0,0,270012,270012,270012,270012,270012,270012,-72,0
20000,2,1,2,-1,-1,-1,-1,-1,-1,15429,16436,17584,18166,8190,8190,1270,1418,1000,3144,0,0,4571,3564,2416,1834,11810,11810,77163,0
150000,2,1,3,2,3,3,2,-1,-1,152180,157719,155368,123906,128597,105967,9500,2000,0,8000,9000,15000,-2180,-7719,-5368,26094,21403,44033,780237,0
50000,1,2,2,-1,-1,-1,-1,-1,-1,49750,48854,47892,49439,48630,49160,2100,2000,2500,2413,2000,1987,250,1146,2108,561,1370,840,280725,0
160000,1,1,3,1,2,2,2,2,3,58706,57384,59875,61518,65152,64074,0,3200,3000,5000,0,3000,101294,102616,100125,98482,94848,95926,352509,1
360000,1,2,2,-2,-2,-2,-2,-2,-2,714,-68,-68,-68,4132,-2,7,0,0,4200,48,5500,359286,360068,360068,360068,355868,360002,-5115,0
150000,3,1,3,-1,-1,-1,-1,-1,-1,121544,123615,126733,130241,132466,134808,5000,4533,5000,3724,3829,3900,28456,26385,23267,19759,17534,15192,743421,0
500000,1,1,3,-1,-1,-1,-1,-1,-1,11471,13270,14245,15199,20980,18255,2000,1500,1219,6000,1000,1000,488529,486730,485755,484801,479020,481745,80701,0
220000,1,1,2,-1,-1,-1,-1,-1,-1,753,6213,762,5106,700,1364,6220,762,5806,0,1364,500,219247,213787,219238,214894,219300,218636,246,1
280000,1,1,3,1,-2,-1,-1,-1,-1,0,0,26330,6880,797,4898,0,26330,6880,797,4898,3680,280000,280000,253670,273120,279203,275102,-3680,1
30000,1,2,2,1,2,-1,-1,-1,-1,96258,69707,71904,62630,57406,46231,0,4000,5000,8000,1460,40000,-66258,-39707,-41904,-32630,-27406,-16231,345676,0
500000,3,2,2,-1,-1,-1,-1,-1,-1,9001,1687,1409,16200,19880,9110,1702,1422,16281,20062,500,25070,490999,498313,498591,483800,480120,490890,-7750,0
360000,2,1,3,-2,-2,-2,-2,-2,-2,0,256,0,425,1529,0,256,0,425,1529,0,590,360000,359744,360000,359575,358471,360000,-590,0
400000,1,1,2,1,2,2,2,-1,-1,36838,26214,16199,3320,111353,103569,65,3383,20,112679,3699,3567,363162,373786,383801,396680,288647,296431,174080,0
350000,2,1,3,-2,-2,-2,-2,-2,-2,6088,3405,7763,20573,2367,11486,3436,7813,20604,2376,11493,13885,343912,346595,342237,329427,347633,338514,-7925,0
20000,2,2,2,1,4,3,3,2,3,15557,15015,16079,15528,16477,15930,0,1600,0,1500,0,0,4443,4985,3921,4472,3523,4070,91486,1
110000,2,1,2,1,2,-1,-1,-1,-1,112875,108481,108418,105373,71733,61020,0,4308,3196,2536,2322,2001,-2875,1519,1582,4627,38267,48980,553537,0
30000,3,2,2,1,3,2,-1,-1,-1,31405,30588,26860,21165,21281,22938,0,0,1646,762,2000,0,-1405,-588,3140,8835,8719,7062,149829,1
20000,2,2,3,-1,-1,-1,-1,-1,-1,19856,20007,20319,20638,20025,15463,1316,1458,1277,494,427,4000,144,-7,-319,-638,-25,4537,107336,1
180000,1,1,3,-2,-2,-2,-2,-2,-2,0,0,0,0,0,0,0,0,0,0,0,0,180000,180000,180000,180000,180000,180000,0,0
140000,2,2,3,-1,-1,2,2,2,-1,119965,124944,124901,129675,121292,121343,8506,4706,9463,16,5002,10006,20035,15056,15099,10325,18708,18657,704421,0
300000,1,2,3,-1,-1,-1,-1,-1,-1,163,2508,8534,14378,16245,19047,2508,8534,14378,4000,6550,0,299837,297492,291466,285622,283755,280953,24905,0
240000,3,2,3,-1,-1,-1,-1,-1,-1,218435,205981,187258,189435,145032,147370,5778,17020,5268,4179,4903,4236,21565,34019,52742,50565,94968,92630,1052127,0
160000,2,1,3,-1,-1,-1,-1,-1,-1,326,1306,326,79652,326,49326,1306,652,79652,0,49326,326,159674,158694,159674,80348,159674,110674,0,1
500000,2,1,2,-1,-1,-1,-1,-1,-1,49201,59372,49677,49515,42568,48268,30107,10026,7241,50091,25000,5078,450799,440628,450323,450485,457432,451732,171058,0
50000,2,1,3,-1,-1,-1,-1,-1,-1,50297,49944,48030,32097,31450,29695,1939,1547,1464,1078,1225,1500,-297,56,1970,17903,18550,20305,232760,0
50000,2,1,2,1,2,2,3,2,-1,26094,25376,29548,28786,28024,28772,0,4600,0,0,1200,1200,23906,24624,20452,21214,21976,21228,159600,0
100000,4,2,2,-1,-1,-2,-2,-2,-2,7642,0,0,0,0,0,0,0,0,0,0,0,92358,100000,100000,100000,100000,100000,7642,0
150000,2,2,2,-2,-2,-2,-2,-2,-2,6682,2659,2178,1536,626,621,2669,2184,1542,626,621,1591,143318,147341,147822,148464,149374,149379,5069,0
290000,1,1,2,1,-2,-1,-1,-1,-1,0,0,568,16166,16726,17427,0,568,16166,1000,1000,1000,290000,290000,289432,273834,273274,272573,31153,0
20000,2,2,2,-1,-1,-1,-1,-1,-1,15612,16927,17794,18550,18850,0,1577,1444,1200,500,0,0,4388,3073,2206,1450,1150,20000,83012,1
50000,2,1,2,-1,-1,-1,-1,-1,-1,49916,50240,26443,30768,10778,10989,2000,2000,5000,1000,1000,0,84,-240,23557,19232,39222,39011,168134,0
80000,2,1,2,-1,-1,-1,-1,-1,-1,37712,38713,39750,40771,42087,43409,1626,1663,1684,2000,2000,2000,42288,41287,40250,39229,37913,36591,231469,0
140000,2,1,3,-1,-1,-1,-1,-1,-1,139227,120780,123390,127557,117961,120570,4325,4558,6300,4221,4500,4600,773,19220,16610,12443,22039,19430,720981,0
260000,2,2,2,-1,-1,-1,-1,-1,-1,19152,19934,21693,25492,29876,416,5000,5000,5000,5000,416,566,240848,240066,238307,234508,230124,259584,95581,0
150000,1,2,2,2,2,2,2,2,2,36148,36858,35985,38687,37765,40352,1600,0,3300,0,3200,1700,113852,113142,114015,111313,112235,109648,215995,1
300000,2,2,2,-2,-2,-1,-1,-1,-1,11669,27719,63037,1137,3916,4803,27963,63354,1140,3939,4817,5692,288331,272281,236963,298863,296084,295197,5376,0
120000,1,2,2,1,-2,-2,-1,-1,-2,0,0,0,600,0,0,0,0,600,0,0,0,120000,120000,120000,119400,120000,120000,0,0
90000,2,2,2,-1,-1,-1,-1,-1,-1,17621,18718,19809,20874,21228,21736,1700,1700,1700,1000,1000,1000,72379,71282,70191,69126,68772,68264,111886,0
200000,1,1,3,-2,-2,-2,-2,-2,-2,-200,-200,-200,-200,2472,0,0,0,0,2672,0,1862,200200,200200,200200,200200,197528,200000,-2862,0
140000,1,2,2,-1,-1,-1,-1,2,-1,46134,50890,59395,73225,56999,61050,5890,9395,15000,0,5000,7086,93866,89110,80605,66775,83001,78950,305322,1
50000,2,1,3,1,2,-1,-1,-1,-1,49436,48342,49140,49451,20921,20058,0,2065,1376,701,705,706,564,1658,860,549,29079,29942,231795,1
200000,4,2,3,1,-2,-1,-1,-1,-2,0,0,200,1000,0,0,0,200,1000,0,0,0,200000,200000,199800,199000,200000,200000,0,0
280000,1,2,2,-1,-1,-1,-1,-1,-1,167272,182401,196314,170380,187450,204331,18000,18000,10000,20000,20000,20000,112728,97599,83686,109620,92550,75669,1002148,0
430000,1,2,2,-1,-1,-1,-1,-1,-1,416678,424740,434836,378571,228568,232668,16005,18016,16005,9005,9013,8010,13322,5260,-4836,51429,201432,197332,2040007,0
190000,3,1,2,-1,-1,-1,-1,-1,-1,187780,189924,192232,186472,190262,193403,6781,7071,6744,6866,7203,7182,2220,76,-2232,3528,-262,-3403,1098226,0
50000,3,2,2,1,2,-1,-1,-1,-1,38811,33993,35365,15426,17157,21842,0,2077,2000,2000,5000,0,11189,16007,14635,34574,32843,28158,151517,0
110000,2,2,3,-1,-1,-1,-1,-1,-1,106455,109191,110937,108869,43207,42954,6000,5000,3814,2000,1600,1600,3545,809,-937,1131,66793,67046,501599,0
20000,3,2,3,-1,-1,-1,-1,-1,-1,9784,11195,12542,13619,14415,15281,1885,1838,1300,1000,1074,183,10216,8805,7458,6381,5585,4719,69556,0
100000,3,2,3,-1,-1,-1,-1,-1,-1,10380,71944,72486,73717,74402,73187,72024,4028,6006,3018,3000,3008,89620,28056,27514,26283,25598,26813,285032,0
370000,1,2,2,-2,-2,-2,-2,-2,-2,12913,3409,2070,1895,2214,29613,3409,2070,1895,2214,29613,535,357087,366591,367930,368105,367786,340387,12378,0
320000,4,2,2,-2,-2,-2,-2,-2,-2,2860,16021,0,0,0,0,16021,0,0,0,0,0,317140,303979,320000,320000,320000,320000,2860,0
80000,1,1,2,-1,-1,-1,-1,-1,-1,45524,62969,36217,36386,41596,27635,2000,10000,2000,6500,8000,5000,34476,17031,43783,43614,38404,52365,216827,0
100000,1,1,2,1,-2,-2,-2,-2,-1,0,0,0,0,0,970,0,0,0,0,970,830,100000,100000,100000,100000,100000,99030,-830,1
180000,2,1,3,2,-1,-1,-1,-1,-1,26883,27884,28958,29864,30632,31274,1452,1526,1432,1200,1072,1326,153117,152116,151042,150136,149368,148726,167487,1
90000,3,1,3,-1,-1,-1,-1,-1,-1,91092,91229,66730,44850,29257,24755,4000,3000,2000,638,2000,500,-1092,-1229,23270,45150,60743,65245,335775,0
170000,2,1,2,-1,-1,-1,-1,-1,-1,142509,143339,125864,112300,110371,113685,5000,20000,6000,5000,5000,3000,27491,26661,44136,57700,59629,56315,704068,0
80000,2,1,4,-1,-1,-1,-1,-1,-1,72269,75007,67150,44374,48974,35396,4000,3000,5000,37000,2000,2000,7731,4993,12850,35626,31026,44604,290170,0
20000,3,1,4,-1,-1,-1,-1,-1,2,19657,20141,17703,18954,19582,19866,1273,1321,1572,1200,700,400,343,-141,2297,1046,418,134,109437,0
50000,2,2,5,-1,-1,-1,-1,-1,-1,51078,50649,36384,32913,9397,9755,2013,2505,2100,500,500,500,-1078,-649,13616,17087,40603,40245,182058,0
20000,2,2,4,1,2,3,2,2,3,10056,12571,12086,11595,13197,12700,3000,0,0,1800,0,0,9944,7429,7914,8405,6803,7300,67405,1
390000,1,1,5,-1,-1,-1,-1,-1,-1,38383,38134,38679,39689,40472,41320,1608,1647,1657,1440,1496,1518,351617,351866,351321,350311,349528,348680,227311,0
80000,3,1,4,-1,-1,-1,-1,-1,-1,78651,80199,82036,82031,81535,81586,3454,3725,3722,3228,3281,3374,1349,-199,-2036,-2031,-1535,-1586,465254,0
350000,2,1,4,-1,-1,-1,-1,-1,-1,343842,107315,355925,353074,223209,207743,15000,340000,20000,9000,8000,14000,6158,242685,-5925,-3074,126791,142257,1185108,0
320000,1,1,4,-1,-1,-1,-1,-1,-1,483184,290784,277482,282869,253903,249866,20373,13000,11160,8418,8325,8602,-163184,29216,42518,37131,66097,70134,1768210,0
50000,3,1,4,2,2,2,2,4,3,36428,37530,38630,41774,40806,41357,2000,2000,4086,0,1500,1000,13572,12470,11370,8226,9194,8643,225939,0
260000,2,1,5,-1,-1,-1,-1,-1,-1,390,390,390,390,390,390,390,780,390,390,390,390,259610,259610,259610,259610,259610,259610,-390,0
200000,2,1,4,-1,-1,-1,-1,-1,-1,169287,172655,178858,180101,173138,176920,6177,8982,6758,6257,6633,6115,30713,27345,21142,19899,26862,23080,1010037,0
30000,2,1,3,-1,-1,2,-1,-1,-2,390,1358,578,340,-50,-440,1936,0,340,0,0,0,29610,28642,29422,29660,30050,30440,-100,1
20000,2,2,4,-1,-1,-1,-1,-1,2,7357,8270,9301,10440,11193,10575,1290,1321,1460,1213,1,357,12643,11730,10699,9560,8807,9425,51494,0
320000,2,1,4,-1,-1,-1,-1,-1,-1,277884,281848,288726,293969,247873,250870,10100,11422,11006,10011,9091,7026,42116,38152,31274,26031,72127,69130,1582514,0
30000,3,3,4,1,2,2,3,2,2,23819,23144,28066,27321,27571,29300,0,5637,0,1000,2332,0,6181,6856,1934,2679,2429,700,150252,1
90000,3,2,4,-1,-1,-1,-1,-1,-1,80926,76495,71616,60177,54440,45788,3451,3243,2390,1840,1690,1954,9074,13505,18384,29823,35560,44212,374874,0
180000,2,1,4,-2,-2,-1,-1,-1,-2,360,345,139740,15631,2777,2160,345,139770,1000,2777,2160,3424,179640,179655,40260,164369,177223,177840,11537,0
50000,1,2,4,-1,-1,-1,-1,-1,-1,47155,23882,10054,3122,8471,6315,2000,4038,3129,8471,12508,19216,2845,26118,39946,46878,41529,43685,49637,0
60000,2,1,4,-1,-1,-1,-1,-1,-1,58682,56893,58170,56539,29425,28013,3762,3000,2000,1000,1000,1500,1318,3107,1830,3461,30575,31987,275460,0
50000,2,2,4,-1,-1,-1,-1,-1,-1,48353,48005,49115,48688,48927,49106,2000,2581,1900,1919,1887,1127,1647,1995,885,1312,1073,894,280780,0
50000,3,1,4,-1,-1,-1,-1,-1,-1,390,390,390,390,390,390,390,390,390,390,390,390,49610,49610,49610,49610,49610,49610,0,0
20000,3,1,4,3,2,2,7,7,7,2255,2255,2255,2255,2255,2255,0,0,0,0,0,0,17745,17745,17745,17745,17745,17745,13530,1
80000,3,1,4,1,2,-1,-1,-1,-1,9637,7251,8026,3878,3618,0,0,1088,1000,1000,958,1210,70363,72749,71974,76122,76382,80000,27154,0
350000,1,1,4,-2,-2,-2,-2,-2,-2,500,4063,-25,-25,-25,-25,4063,0,0,25,0,0,349500,345937,350025,350025,350025,350025,375,0
200000,2,1,4,-1,-1,-1,-2,-2,-2,150603,153900,0,0,0,0,7000,0,0,0,0,0,49397,46100,200000,200000,200000,200000,297503,0
360000,2,1,4,-2,-2,-2,-2,-2,-2,28595,0,2500,0,0,0,0,2500,0,0,0,0,331405,360000,357500,360000,360000,360000,28595,0
20000,3,2,4,2,2,2,2,4,3,16357,19074,18482,20329,19616,19303,3000,0,2300,0,0,0,3643,926,1518,-329,384,697,107861,1
90000,3,1,4,-1,-1,-1,-1,-1,-1,30789,31791,32827,33877,35311,36738,1514,1550,1600,2000,2000,2500,59211,58209,57173,56123,54689,53262,190169,0
370000,3,2,5,-1,-1,-1,-1,-1,-1,258397,236235,204503,201259,157159,152357,9661,9599,8683,6970,56032,6025,111603,133765,165497,168741,212841,217643,1112940,0
180000,1,2,4,-1,-1,-1,-1,-1,2,134327,123211,118587,118482,119952,110003,6015,6005,5702,7509,14,5011,45673,56789,61413,61518,60048,69997,694306,1
20000,3,3,4,2,-1,-1,-1,-1,-1,15281,16316,17347,18055,18755,20299,1596,1600,1300,1000,2000,0,4719,3684,2653,1945,1245,-299,98557,1
30000,1,1,4,2,-1,-1,2,3,2,22957,23978,26749,28085,27344,26768,1707,3478,2073,0,0,1129,7043,6022,3251,1915,2656,3232,147494,1
60000,3,1,4,-1,-1,-1,-1,-1,-1,58432,58312,59388,29941,1341,1876,20000,3000,3000,1000,2000,25000,1568,1688,612,30059,58659,58124,155290,0
330000,2,1,4,-1,-1,-1,-1,-1,-1,120212,119507,118891,107722,96842,85015,5000,5000,5000,5000,3500,5000,209788,210493,211109,222278,233158,244985,619689,0
230000,2,1,4,2,-1,-1,-1,-1,-1,204643,197993,84076,77766,70066,62865,5805,2965,3500,2600,2500,1901,25357,32007,145924,152234,159934,167135,678138,0
50000,3,1,4,2,-1,-1,-1,-1,-1,18275,18494,16978,16282,17363,8833,1509,2003,1200,1281,1512,2308,31725,31506,33022,33718,32637,41167,86412,0
30000,4,1,4,-1,-1,-1,-1,-1,-1,29060,23546,0,1473,780,0,1030,0,1473,780,0,1320,940,6454,30000,28527,29220,30000,50256,0
80000,1,1,4,-1,-1,-1,-1,-1,-1,39298,40061,40502,15948,15915,390,1809,2030,1476,833,390,390,40702,39939,39498,64052,64085,79610,145186,0
50000,2,1,4,2,2,2,2,-1,-1,8728,10726,11257,11772,12574,13369,2152,1000,1000,1000,1000,1000,41272,39274,38743,38228,37426,36631,61274,1
10000,2,1,4,1,2,-1,-1,-1,-1,10171,8150,8446,8067,8227,8400,2,1281,1134,294,305,1000,-171,1850,1554,1933,1773,1600,47445,0
170000,4,1,4,-1,-1,-1,-1,-1,-1,86229,134760,132615,131213,129293,128379,55000,5012,5000,4516,5000,5000,83771,35240,37385,38787,40707,41621,662961,0
50000,2,1,5,2,-1,-1,-1,-1,-1,390,390,390,390,390,390,390,390,390,390,390,390,49610,49610,49610,49610,49610,49610,0,1
20000,3,2,4,2,-1,-1,2,3,2,9918,11442,15926,16668,16109,15709,2000,5000,1300,0,0,1000,10082,8558,4074,3332,3891,4291,76472,0
20000,2,2,4,-1,-1,-1,-1,-1,-2,1956,16568,15586,12800,0,0,16573,1551,5060,0,0,0,18044,3432,4414,7200,20000,20000,23726,0
190000,3,1,4,-1,-1,-1,-1,2,-1,102648,106410,108770,115325,112063,114484,5400,5491,9800,0,4300,8700,87352,83590,81230,74675,77937,75516,626009,0
270000,1,1,4,2,4,3,3,2,2,213616,208784,212058,207226,202394,231339,0,8000,0,0,32236,3000,56384,61216,57942,62774,67606,38661,1232181,0
480000,2,2,4,-2,-2,-2,-2,-2,-2,2900,17646,0,15620,5200,1355,17646,0,15620,5200,1355,2750,477100,462354,480000,464380,474800,478645,150,0
380000,3,1,4,-1,-1,-1,-1,-1,-1,145445,144908,147940,151488,154975,159477,6000,5362,6000,6000,7000,10000,234555,235092,232060,228512,225025,220523,863871,0
20000,3,1,3,-1,-1,-1,-2,-2,-2,10823,11180,0,0,0,0,1400,0,0,0,0,0,9177,8820,20000,20000,20000,20000,20603,1
50000,2,1,3,2,2,2,2,2,2,42807,44489,45470,46424,45377,48441,2700,2000,2000,0,3800,0,7193,5511,4530,3576,4623,1559,262508,1
280000,3,1,4,-1,-1,-1,-1,-1,-1,247868,251246,258032,263163,267083,272706,9000,10842,10928,9700,10000,10125,32132,28754,21968,16837,12917,7294,1499503,1
240000,1,1,5,-1,-1,-1,-1,-1,-1,146696,149707,151780,152373,145763,148276,6930,6000,6000,6000,5500,6000,93304,90293,88220,87627,94237,91724,858165,0
110000,2,1,4,2,2,2,2,2,2,55753,56839,58039,58792,59620,60819,2600,2700,2300,2400,2300,2400,54247,53161,51961,51208,50380,49181,335162,1
200000,1,1,4,-1,-1,-1,-1,-1,-1,66012,68099,70387,71929,58133,40500,2500,2700,2242,2093,1300,0,133988,131901,129613,128071,141867,159500,364225,0
140000,1,1,4,-1,-1,-1,-1,-1,-1,1862,7465,1744,1700,1700,4584,7465,1744,1700,1700,4584,1550,138138,132535,138256,138300,138300,135416,312,0
260000,1,1,4,-1,-1,-1,-1,-1,-1,73223,66672,64075,63922,60089,53326,2001,2048,2129,1660,1568,1997,186777,193328,195925,196078,199911,206674,369904,0
130000,2,2,4,-1,2,2,2,-1,-1,4820,3186,7924,6210,2560,7380,0,6210,0,0,7380,11720,125180,126814,122076,123790,127440,122620,6770,0
50000,3,1,4,-1,-1,-1,-1,-1,2,37238,38387,39589,19533,20535,19690,1771,1973,1307,1699,0,705,12762,11613,10411,30467,29465,30310,167517,0
300000,1,2,4,-2,-2,-2,-2,-2,-2,390,601,4247,5484,5125,1752,601,4285,5500,5151,1757,12918,299610,299399,295753,294516,294875,298248,-12613,1
30000,3,1,4,3,3,3,2,-1,-1,29391,30224,29472,56952,28476,28296,1600,0,0,600,600,1000,609,-224,528,-26952,1524,1704,199011,1
50000,3,2,4,-1,-1,-1,-1,-1,-1,14628,15638,16383,17837,15791,15988,1558,1303,1757,711,600,1500,35372,34362,33617,32163,34209,34012,88836,0
450000,1,1,5,-2,-2,-2,-2,-2,-2,0,0,0,0,0,0,0,0,0,0,0,0,450000,450000,450000,450000,450000,450000,0,1
170000,2,4,1,-1,-1,-1,-1,-1,-1,48947,35777,37589,29079,27134,27734,10000,3037,5018,5006,3024,3309,121053,134223,132411,140921,142866,142266,176866,0
60000,2,4,1,2,2,2,2,-1,-1,40351,41387,42117,41140,42110,42988,2000,1685,0,1655,1707,1718,19649,18613,17883,18860,17890,17012,241328,1
30000,3,4,1,-1,-1,-1,-1,-1,-1,30244,29640,30451,29391,30042,28436,1701,1600,1500,1095,1500,2000,-244,360,-451,609,-42,1564,168808,0
200000,1,4,1,-1,-1,-1,-1,-1,-1,3494,2516,2228,6338,2290,3620,2516,2228,6338,2290,3620,6504,196506,197484,197772,193662,197710,196380,-3010,0
30000,2,2,2,1,3,2,2,2,2,28720,27977,27248,29281,28511,30952,0,0,2800,0,2900,0,1280,2023,2752,719,1489,-952,166989,0
100000,1,2,2,1,-1,-1,-1,-2,-1,0,851,1585,-1,-1,2994,851,1589,0,0,2995,0,100000,99149,98415,100001,100001,97006,-7,1
30000,3,2,2,1,2,-1,-1,-1,-1,29622,28852,29777,29478,30290,27803,0,1700,1700,1500,1500,1500,378,1148,223,522,-290,2197,167922,0
150000,3,4,1,-1,-1,-1,-1,-1,-1,66347,15768,10874,4466,2125,4421,1827,1777,1175,2125,4421,21607,83653,134232,139126,145534,147875,145579,71069,0
210000,1,4,1,-1,-1,-2,-1,-1,-1,100,0,0,5933,8698,11572,0,0,5933,3000,3000,7444,209900,210000,210000,204067,201302,198428,6926,0
300000,1,4,1,-1,-1,-1,-1,-1,-1,788,736,736,1025,27289,28142,1000,736,1025,27000,2000,1100,299212,299264,299264,298975,272711,271858,25855,0
50000,3,4,1,-1,-1,-1,-1,-1,-1,18108,18512,19468,16989,17326,17748,1400,1300,2800,619,700,1000,31892,31488,30532,33011,32674,32252,100332,0
360000,2,2,2,-1,-1,-1,-1,-1,-2,21730,20000,8660,10013,-24,-24,20000,8660,1510,0,0,5189,338270,340000,351340,349987,360024,360024,24996,0
240000,1,4,1,-1,-1,-1,-1,-1,-1,233441,236496,242446,207633,197644,193724,9000,10307,9014,6029,6014,6034,6559,3504,-2446,32367,42356,46276,1264986,0
260000,1,4,2,-2,-2,-2,-2,-2,-2,893,2778,4052,977,977,452,2946,4052,977,977,452,2097,259107,257222,255948,259023,259023,259548,-1372,1
140000,1,2,2,2,-1,-1,-1,-1,-1,55563,55222,54293,53294,51558,52800,2520,2510,2450,1676,1900,1826,84437,84778,85707,86706,88442,87200,309848,1
10000,1,4,1,-1,-1,-1,2,-1,-1,8278,7888,10084,9699,9699,0,1304,2500,6,0,0,0,1722,2112,-84,301,301,10000,41838,0
50000,3,4,1,-1,-1,-1,-1,-1,-1,46811,40458,50622,42132,15311,19387,1036,50622,1149,15311,19387,385,3189,9542,-622,7868,34689,30613,126831,0
50000,2,4,1,-1,-1,2,2,2,-1,37253,38075,32982,31857,29647,29585,5500,6194,1200,0,2000,2000,12747,11925,17018,18143,20353,20415,182505,0
50000,2,4,1,2,2,2,2,2,2,36665,40362,39441,41318,13996,14974,4626,0,3003,0,1206,0,13335,9638,10559,8682,36004,35026,177921,1
140000,1,4,1,-1,-1,2,-1,-1,-1,90289,91739,89623,82030,84792,84794,10007,1038,3900,5000,4000,5000,49711,48261,50377,57970,55208,55206,494322,1
20000,2,4,1,-1,-1,-1,-1,-1,-1,7486,7826,9574,12101,17128,13395,2000,4574,5101,5128,3395,5385,12514,12174,10426,7899,2872,6605,41927,0
50000,2,4,1,2,-1,-1,-1,-1,-1,48690,48384,49450,49706,9472,9671,2078,2144,1400,339,352,500,1310,1616,550,294,40528,40329,208560,1
30000,3,4,1,4,4,3,2,-1,-1,15947,15410,14881,14124,14172,1270,0,0,0,48,0,0,14053,14590,15119,15876,15828,28730,75756,0
50000,2,4,1,-1,-1,-1,-1,-1,-1,8585,0,880,0,150,528,0,880,0,150,528,25775,41415,50000,49120,50000,49850,49472,-17190,0
130000,2,4,1,-2,-2,-2,-2,-2,-2,-169,3464,7569,8130,544,148,4739,22271,8526,544,148,72392,130169,126536,122431,121870,129456,129852,-88934,0
80000,1,4,1,-1,-1,-1,-1,-1,-1,390,390,390,390,390,540,390,390,390,390,540,390,79610,79610,79610,79610,79610,79460,0,0
30000,2,4,1,-1,-1,-1,-1,-1,-1,28028,25278,23485,27339,25091,0,2019,2511,10000,502,0,0,1972,4722,6515,2661,4909,30000,114189,0
50000,2,4,1,-1,-1,-1,-1,-1,-1,24775,25971,26666,27324,29596,26226,2001,1501,1501,3001,919,3501,25225,24029,23334,22676,20404,23774,148134,0
20000,2,4,1,1,-1,-1,-2,-2,-2,3843,396,0,0,0,0,2000,0,0,0,0,0,16157,19604,20000,20000,20000,20000,2239,1
90000,3,4,1,-1,-1,-1,-1,-1,-1,68663,65244,52452,35001,29675,28667,4341,2068,3315,1029,1334,1673,21337,24756,37548,54999,60325,61333,265942,0
30000,1,4,1,-1,-1,-1,-1,-1,-1,29362,29819,30582,28983,27947,26630,1800,3000,1404,559,533,1000,638,181,-582,1017,2053,3370,165027,0
50000,2,4,1,2,2,2,3,2,2,19091,18487,22219,21520,20108,18207,0,4042,0,648,0,921,30909,31513,27781,28480,29892,31793,114021,0
150000,1,4,1,1,-1,-1,-1,-1,2,-200,200,200,200,550,550,600,200,200,550,200,0,150200,149800,149800,149800,149450,149450,-250,0
20000,3,2,1,-1,-1,-1,-1,2,2,10994,12006,15967,17576,16996,18223,1500,4500,2187,0,1500,0,9006,7994,4033,2424,3004,1777,82075,1
30000,1,4,1,-1,-1,-1,-1,-1,-1,30900,410,28883,24291,27503,28142,410,28883,1710,6000,1200,1175,-900,29590,1117,5709,2497,1858,100751,1
50000,2,4,1,2,2,2,2,2,2,49397,50388,51450,47867,51045,51118,2100,2200,0,4300,2100,0,603,-388,-1450,2133,-1045,-1118,290565,0
400000,1,4,2,-1,-1,-1,-1,-1,-1,153655,156309,137701,191514,121092,166173,26876,10134,85450,10140,88097,10086,246345,243691,262299,208486,278908,233827,695661,0
20000,2,4,1,-1,-1,-1,-1,-1,-1,16027,16740,17451,18141,18239,18302,1600,1600,1600,1000,663,654,3973,3260,2549,1859,1761,1698,97783,0
70000,2,4,1,1,2,-1,-1,-1,-1,72306,70543,63061,61520,63080,2900,4,2407,2041,2387,2905,72697,-2306,-543,6939,8480,6920,67100,250969,0
20000,1,4,1,-1,-1,-1,-1,-1,-1,6916,13914,10130,6165,6165,6315,14000,1145,950,0,150,6000,13084,6086,9870,13835,13835,13685,27360,0
30000,1,4,1,-1,-1,-1,-1,-1,-1,27013,26590,26249,22721,17650,25602,1470,1889,1400,384,1000,0,2987,3410,3751,7279,12350,4398,139682,0
30000,2,4,1,-1,-1,-1,-1,-1,2,28138,22517,24148,25437,28391,27801,2000,2000,2000,3700,0,1500,1862,7483,5852,4563,1609,2199,145232,0
80000,1,4,1,2,2,-1,-1,-1,-1,48597,49259,46209,46574,47230,48282,1800,1800,1800,1800,1800,2000,31403,30741,33791,33426,32770,31718,275151,1
80000,1,4,1,-1,-1,-1,-1,-1,-1,78862,71124,59692,58055,44578,45889,4000,3000,1844,1567,2000,2000,1138,8876,20308,21945,35422,34111,343789,0
40000,2,4,1,-1,-1,-1,2,2,-1,33370,34413,37644,38026,36519,36724,1600,3800,1300,0,1400,1400,6630,5587,2356,1974,3481,3276,207196,1
70000,2,4,1,-1,-1,-1,-1,-1,-1,44830,46185,47208,47241,48212,45849,2100,2079,2500,2000,2000,1700,25170,23815,22792,22759,21788,24151,267146,0
10000,1,4,1,-1,-1,2,-1,-1,-1,6967,9199,8908,9676,9680,8343,2523,0,1000,4,167,3535,3033,801,1092,324,320,1657,45544,1
60000,2,2,1,2,-1,-1,-1,2,-1,61434,59358,57781,62309,60435,55468,2850,2130,7050,0,3190,2100,-1434,642,2219,-2309,-435,4532,339465,1
50000,1,4,1,1,2,-1,-1,-1,-1,4434,4215,5241,6238,5979,7492,0,1103,1100,215,2000,1000,45566,45785,44759,43762,44021,42508,28181,0
80000,2,4,1,-1,-1,-1,-1,-1,-1,6805,8449,10303,11737,10619,49872,2000,2000,2000,1000,40002,2009,73195,71551,69697,68263,69381,30128,48774,0
70000,1,4,1,-1,-1,-1,-1,-1,-1,7668,8878,10077,11203,11320,11487,1500,1500,1600,600,500,600,62332,61122,59923,58797,58680,58513,54333,1
30000,3,4,1,-1,-1,-1,-1,-1,-1,8922,6698,187,1187,0,1405,1275,187,1000,0,1405,623,21078,23302,29813,28813,30000,28595,13909,0
30000,2,4,1,2,2,2,-1,-1,-1,27201,27873,25406,23339,17869,15284,4000,0,2000,2000,1500,1000,2799,2127,4594,6661,12131,14716,126472,1
20000,2,4,1,-1,-1,-1,-1,-1,-1,18825,18545,18606,18904,19433,18902,1300,1613,1301,830,698,822,1175,1455,1394,1096,567,1098,106651,1
50000,1,4,1,-1,-1,-1,-1,-1,-2,390,0,390,780,0,0,0,390,780,0,0,0,49610,50000,49610,49220,50000,50000,390,1
30000,2,4,1,-1,-1,-1,-1,-1,-1,26953,27412,27835,28215,28345,29055,1741,2000,1439,959,1500,1411,3047,2588,2165,1785,1655,945,158765,0
50000,2,4,1,-1,-1,-1,-1,-1,-1,50649,50607,49903,41083,29635,30261,1905,1801,1468,1043,1085,1193,-649,-607,97,8917,20365,19739,243643,0
50000,1,4,1,1,2,2,2,-1,-1,42611,41632,44069,37395,32284,32805,0,3509,0,1302,1191,1492,7389,8368,5931,12605,17716,17195,223302,0
50000,3,4,1,2,2,2,2,2,2,41740,42755,43878,42877,45701,46720,2000,2100,0,3850,1900,1600,8260,7245,6122,7123,4299,3280,252221,1
50000,1,4,1,1,-2,-2,-2,-2,-2,0,0,0,0,0,0,0,0,0,0,0,0,50000,50000,50000,50000,50000,50000,0,0
10000,1,4,1,3,2,2,7,7,7,2400,2400,2400,2400,2400,2400,0,0,0,0,0,0,7600,7600,7600,7600,7600,7600,14400,1
10000,2,2,1,-1,-1,-1,-1,-1,-1,6902,7922,8939,9533,9692,9829,1142,1159,1140,692,829,1000,3098,2078,1061,467,308,171,46855,1
110000,2,4,1,-1,-1,-1,-1,-1,-1,1183,1362,1352,1867,36986,40053,1362,1352,1867,36986,5000,3000,108817,108638,108648,108133,73014,69947,33236,0
140000,2,4,1,-1,-1,-1,-1,-1,-1,34814,35806,36823,36285,36683,37150,1887,3000,1580,1294,1355,5000,105186,104194,103177,103715,103317,102850,203445,0
20000,1,4,1,-1,-1,-1,-1,-1,2,19000,15114,5831,14784,961,311,1000,5831,14784,961,0,15735,1000,4886,14169,5216,19039,19689,17690,0
30000,1,4,1,-1,-1,-1,-1,-1,-1,25288,27549,28784,28708,27916,30333,3000,2000,1800,2000,3000,2500,4712,2451,1216,1292,2084,-333,154278,0
100000,2,4,1,2,2,2,2,2,3,93330,95285,96674,97983,102803,100960,4400,3800,3800,7300,0,679,6670,4715,3326,2017,-2803,-960,567056,1
20000,1,4,1,2,-1,-1,-1,-1,-1,1150,1661,-29,2992,3664,5364,1661,0,3021,3664,5364,0,18850,18339,20029,17008,16336,14636,1092,0
190000,2,4,1,-1,-1,-1,-1,-1,-1,26023,24995,23130,28126,26104,18840,1615,1200,26703,2104,7000,11747,163977,165005,166870,161874,163896,171160,96849,0
300000,2,4,1,-1,-1,-1,-1,-1,-1,26158,25673,14290,7490,2962,0,5673,7000,7490,2962,0,0,273842,274327,285710,292510,297038,300000,53448,0
50000,2,2,1,2,2,2,2,2,2,46800,47830,48868,49470,48003,50755,2100,2100,1701,1,3906,0,3200,2170,1132,530,1997,-755,281918,1
30000,3,4,1,-1,-1,2,-1,-1,-1,30467,30403,30546,30255,30096,30353,2173,1613,1453,946,997,1118,-467,-403,-546,-255,-96,-353,173820,0
20000,1,4,1,-1,-1,-1,-1,-1,-1,4541,0,724,18589,18985,19531,0,724,18589,1000,1000,1000,15459,20000,19276,1411,1015,469,40057,1
60000,2,4,1,-1,-1,-1,-1,-1,-1,3075,59808,58058,59679,5575,1733,61058,2186,5667,1200,2000,0,56925,192,1942,321,54425,58267,115817,1
70000,2,2,1,-1,-1,-1,-1,-1,-1,67574,69876,56925,28421,8706,29275,3839,2000,3000,1100,28000,1180,2426,124,13075,41579,61294,40725,221658,0
60000,2,2,1,2,3,2,2,2,-1,34708,33866,33041,35284,31602,32221,0,0,2900,0,1200,1409,25292,26134,26959,24716,28398,27779,195213,1
60000,2,2,1,2,-1,-1,2,-1,-1,33598,34733,37460,36558,37945,38782,2000,3600,0,2000,1600,1600,26402,25267,22540,23442,22055,21218,208276,1
30000,2,4,1,2,2,-1,-1,-1,2,31331,24544,28267,30470,29284,25762,0,5600,3005,1200,0,5000,-1331,5456,1733,-470,716,4238,154853,1
100000,2,2,1,2,-1,-1,-1,-2,-1,68371,9015,3325,0,0,93737,1300,1000,0,0,94562,3700,31629,90985,96675,100000,100000,6263,73886,1
70000,3,4,1,2,-1,-1,-1,-1,-1,70963,71056,70850,70823,71006,70828,2527,2615,2500,3000,2600,3000,-963,-1056,-850,-823,-1006,-828,409284,1
20000,2,4,1,-1,-1,-1,-1,-1,-1,38391,20305,7992,13524,19320,8430,2608,2000,11200,9386,14500,10800,-18391,-305,12008,6476,680,11570,57468,1
50000,2,4,1,-1,-1,2,-1,-1,-1,38340,41362,34656,35004,35514,2582,3700,0,1200,710,52,1000,11660,8638,15344,14996,14486,47418,180796,0
50000,3,2,1,2,2,2,2,2,2,40247,40189,43434,44316,45189,46214,900,3900,1900,1900,1900,3600,9753,9811,6566,5684,4811,3786,245489,0
30000,2,2,1,-1,-1,-1,-1,-1,-1,14533,16534,17213,17723,17431,17882,3002,2002,1553,1002,2002,1000,15467,13466,12787,12277,12569,12118,90755,0
30000,3,4,1,2,2,-1,-1,-1,-1,29793,29008,29047,29507,11609,11711,0,1687,1147,524,400,666,207,992,953,493,18391,18289,136251,1
30000,2,4,1,-1,-1,-1,-1,-1,-1,25490,26494,27534,28177,28399,28655,1432,1472,1447,1001,1030,1059,4510,3506,2466,1823,1601,1345,157308,1
60000,2,4,1,2,-1,-1,-1,-1,-1,58900,60020,60195,60864,40512,39523,2717,2929,2429,1551,1567,1456,1100,-20,-195,-864,19488,20477,307365,1
20000,2,2,1,-1,-1,-1,-1,-1,-1,19667,19974,5491,831,20088,19733,1500,1000,831,20500,1000,1100,333,26,14509,19169,-88,267,59853,1
50000,3,4,1,2,-1,-1,-1,-1,-1,50653,49348,47995,40226,27828,28411,2190,2027,2204,996,1031,1047,-653,652,2005,9774,22172,21589,234966,0
30000,1,4,1,-1,-1,-1,-1,-1,-1,28049,27383,25728,26521,23593,21963,2000,1500,2000,1000,1000,1000,1951,2617,4272,3479,6407,8037,144737,0
30000,1,4,1,-1,-1,-1,2,2,-1,29047,30062,29659,29274,18770,13960,1508,3016,1730,16,1001,1000,953,-62,341,726,11230,16040,142501,1
70000,1,4,1,1,2,-1,-1,-1,-1,19200,19079,17695,17791,15704,16257,500,1300,1240,600,1000,608,50800,50921,52305,52209,54296,53743,100478,0
100000,2,4,1,-1,-1,-1,-1,-1,-1,101614,99413,102252,89009,79853,80970,10000,17023,8942,86950,33000,7013,-1614,587,-2252,10991,20147,19030,390183,0
100000,2,4,1,-1,-1,-1,-1,-1,-1,7094,8249,7911,17716,1002,1518,1439,2000,10070,1002,1000,500,92906,91751,92089,82284,98998,98482,27479,0
250000,2,4,1,-1,-1,-1,-1,-1,-1,5211,5211,6282,4140,5211,5211,5211,6282,4140,5211,5211,5211,244789,244789,243718,245860,244789,244789,0,0
130000,2,2,1,-1,-1,-1,-1,-1,-1,127125,78165,79306,80974,83635,87287,4000,3000,3000,5000,5000,5000,2875,51835,50694,49026,46365,42713,511492,0
50000,1,4,1,2,-1,-1,-1,-1,-1,49052,48026,47361,44293,17807,18324,3006,2300,3064,1799,790,1100,948,1974,2639,5707,32193,31676,212804,1
250000,2,4,1,-1,-1,-1,2,2,2,124353,132251,148597,135715,76113,26366,10000,19888,2500,10302,17500,3000,125647,117749,101403,114285,173887,223634,580205,0
50000,2,2,1,-1,-1,-1,-1,-1,-1,50604,50913,43348,10122,9626,9828,1924,1461,1155,400,351,500,-604,-913,6652,39878,40374,40172,168650,1
50000,1,4,1,-1,-1,-1,-1,-1,-1,38487,41186,41535,36973,39581,41817,5000,5000,3000,4000,5000,2000,11513,8814,8465,13027,10419,8183,215579,0
230000,2,4,1,-2,-2,-2,-2,-2,-2,0,0,0,0,0,0,0,0,0,0,0,0,230000,230000,230000,230000,230000,230000,0,0
200000,2,4,1,-1,-1,2,-1,-1,-1,175435,195581,190716,132731,129960,66747,24720,0,6000,40450,13000,5000,24565,4419,9284,67269,70040,133253,802000,0
50000,2,4,1,-1,-1,-1,-1,-1,-1,46968,36912,32616,29788,27562,26129,1600,1500,1500,1200,1078,951,3032,13088,17384,20212,22438,23871,192146,0
100000,2,4,1,3,2,2,2,2,2,85016,86918,88624,89576,90614,89046,4200,4000,3300,3400,0,7000,14984,13082,11376,10424,9386,10954,507894,1
140000,2,4,1,-1,-1,2,2,2,2,99012,106817,109646,106420,111130,113204,11000,6000,0,8000,4000,5000,40988,33183,30354,33580,28870,26796,612229,0
20000,2,4,1,-1,-1,-1,-1,-1,-1,13542,14852,15571,16584,17067,34262,1543,1262,1275,758,638,1340,6458,5148,4429,3416,2933,-14262,105062,0
100000,2,4,1,-1,-1,-1,-1,-1,-1,87987,86380,88597,84861,69750,47394,4000,3900,3000,2000,2000,2000,12013,13620,11403,15139,30250,52606,448069,0
240000,2,4,1,-1,-1,-1,-1,-1,-1,9030,9685,10996,13149,14655,17133,1144,3000,3000,2000,3000,2000,230970,230315,229004,226851,225345,222867,60504,0
20000,2,4,1,-1,-1,-1,-1,-1,-1,18519,20195,19638,17198,14253,18475,2000,1376,1121,460,6000,624,1481,-195,362,2802,5747,1525,96697,0
50000,1,4,1,-1,-1,-1,-1,-1,-1,45342,44719,40002,38008,31898,20154,2000,5040,8034,3029,5000,49436,4658,5281,9998,11992,18102,29846,147584,0
50000,1,4,1,-1,-1,2,2,2,2,25008,27790,27059,29505,29824,29209,3200,0,2900,1100,0,2400,24992,22210,22941,20495,20176,20791,158795,0
60000,2,4,1,-1,-1,-1,-1,-1,-1,36081,37194,38116,39902,58737,56902,2500,2000,3000,20000,3000,2000,23919,22806,21884,20098,1263,3098,234432,0
10000,2,4,1,-1,-1,2,2,2,-1,6759,8925,8637,10277,9736,9704,2450,0,1800,0,500,600,3241,1075,1363,-277,264,296,48688,1
30000,1,4,1,1,4,4,3,2,3,26185,29944,29399,28632,30363,29594,4518,206,0,2500,0,2000,3815,56,601,1368,-363,406,164893,0
30000,1,4,1,-1,-1,2,2,3,2,21077,23793,23130,28790,28038,27451,3383,0,6380,0,0,2300,8923,6207,6870,1210,1962,2549,140216,1
60000,1,4,1,-1,-1,-1,-1,-1,2,13233,12772,14555,15803,19217,18768,1500,2000,1500,3700,0,900,46767,47228,45445,44197,40783,41232,84748,0
80000,2,4,1,1,2,-1,-1,-1,-1,78894,79989,79882,67946,51435,53113,3000,3500,5000,2500,2500,2000,1106,11,118,12054,28565,26887,392759,0
130000,2,4,1,-1,-1,-1,-1,-1,-1,111587,112348,114734,117823,120854,123904,4100,4200,5000,5000,5000,10700,18413,17652,15266,12177,9146,6096,667250,0
30000,2,4,1,1,2,3,2,2,-1,17835,21220,20563,18676,18281,17261,4000,0,1000,0,2000,2000,12165,8780,9437,11324,11719,12739,104836,0
60000,2,4,1,-1,-1,-1,-1,-1,-1,57097,58134,58647,59619,57068,57668,2659,2190,2078,2002,2062,2072,2903,1866,1353,381,2932,2332,335170,1
80000,2,2,1,-1,-1,-1,-1,-1,-1,74377,76137,78366,78400,80000,80000,3000,3455,1960,2000,0,0,5623,3863,1634,1600,0,0,456865,0
230000,2,4,1,-1,-1,-1,-1,-1,-1,78737,63494,55284,42693,42541,34197,2300,2000,1535,1183,1500,2000,151263,166506,174716,187307,187459,195803,306428,0
80000,1,4,1,-1,-1,-1,-1,-1,-1,72120,71702,71532,71222,47538,48879,2600,2700,2200,2000,3443,2000,7880,8298,8468,8778,32462,31121,368050,0
70000,1,4,1,-1,-1,-1,-1,-1,-1,70888,63903,65248,62958,64209,59482,2900,3000,2190,2201,2181,2413,-888,6097,4752,7042,5791,10518,371803,0
220000,2,2,1,-1,-1,-1,-1,-1,-1,142714,270596,52682,23243,18101,27036,7200,3200,1200,1000,25000,2000,77286,-50596,167318,196757,201899,192964,494772,0
50000,2,4,1,-1,-1,-1,-1,-1,-1,44894,43924,36549,32665,20246,19968,5003,5016,4000,2000,2000,2000,5106,6076,13451,17335,29754,30032,178227,0
210000,2,4,1,-1,-1,-1,-1,-1,-1,45685,29287,19689,20629,21193,21484,1609,1362,1302,866,742,1000,164315,180713,190311,189371,188807,188516,151086,0
60000,2,4,1,3,2,2,2,2,-1,150,150,150,150,150,150,0,0,0,0,150,44399,59850,59850,59850,59850,59850,59850,-43649,1
30000,2,2,1,1,2,-1,-1,-1,-1,29304,28534,29906,30524,28915,29524,0,1831,1449,1100,1051,1281,696,1466,94,-524,1085,476,169995,1
50000,2,4,1,-1,-1,-1,-1,2,-1,43627,39981,40205,43024,39908,40731,3000,2001,3520,0,2000,2000,6373,10019,9795,6976,10092,9269,234955,0
50000,2,2,1,-1,-1,2,-1,-1,-1,23996,27087,26372,26992,27693,29237,3500,0,1400,1100,2100,0,26004,22913,23628,23008,22307,20763,153277,0
80000,1,4,1,-1,-1,-1,-1,-1,-1,37329,38151,39229,40291,40902,42122,3700,2000,2000,3500,2000,4000,42671,41849,40771,39709,39098,37878,220824,0
60000,3,2,1,-1,-1,-1,-1,-1,-1,60340,58556,57251,57826,22544,26675,2200,2600,2300,3000,5000,2000,-340,1444,2749,2174,37456,33325,266092,1
20000,2,4,1,-1,-1,-1,-1,-1,-1,15389,16397,17195,17499,16236,10400,1270,1341,1160,556,600,0,4611,3603,2805,2501,3764,9600,88189,1
50000,3,2,1,-1,-1,-1,-1,-1,-2,47095,48085,49039,49662,0,0,2073,2027,1650,0,0,0,2905,1915,961,338,50000,50000,188131,0
260000,1,4,1,-1,-1,-1,-1,-1,-1,23820,23873,14856,17022,20032,11144,10000,3000,4000,5000,3000,6000,236180,236127,245144,242978,239968,248856,79747,0
170000,2,4,1,-1,-1,-1,-1,-1,-1,414,-1020,25607,23922,24399,24919,0,27107,1500,863,903,3000,169586,171020,144393,146078,145601,145081,64868,1
20000,2,4,1,-1,-1,-1,-1,-1,-1,15248,16255,17282,18293,18661,20157,1265,1292,1303,671,1800,0,4752,3745,2718,1707,1339,-157,99565,0
20000,2,2,1,1,2,-1,-1,-1,-2,20224,19210,19327,20000,0,0,0,1500,1000,0,0,0,-224,790,673,0,20000,20000,76261,0
130000,2,2,1,-1,-1,-1,-1,-2,-2,2783,131860,130000,0,0,0,130000,3000,0,0,0,0,127217,-1860,0,130000,130000,130000,131643,0
70000,2,2,1,-1,-1,-1,-1,-1,-1,70940,70639,71230,68655,41679,29887,2533,3098,2811,1281,1069,1103,-940,-639,-1230,1345,28321,40113,341135,0
120000,1,4,1,-1,-1,-1,-1,-1,-1,594,1052,736,420,2189,1482,1052,736,420,2189,500,0,119406,118948,119264,119580,117811,118518,1576,0
210000,1,4,1,-1,-1,-1,-1,-1,-1,10401,18480,330,330,330,330,18480,330,330,330,330,480,199599,191520,209670,209670,209670,209670,9921,0
50000,2,2,1,-1,-1,-1,-1,-1,-1,40491,41522,42725,40802,42422,47912,2003,2206,3000,3000,8000,0,9509,8478,7275,9198,7578,2088,237665,0
30000,1,4,1,-1,-1,-1,-1,-1,-1,26951,27726,28561,18030,11467,12681,2000,1682,1500,1000,1408,800,3049,2274,1439,11970,18533,17319,117026,0
150000,2,4,1,-1,-1,-1,-1,-1,-1,140947,121059,95250,55070,44425,7582,5000,3709,1101,2000,152,70181,9053,28941,54750,94930,105575,142418,382190,0
300000,3,4,1,-1,-1,-1,-1,-1,-1,105786,113850,116918,119929,122914,125910,9000,4000,4000,4000,4000,4000,194214,186150,183082,180071,177086,174090,676307,0
150000,2,4,1,1,-2,-2,-2,-1,-1,0,0,0,0,699,1170,0,0,0,699,1170,1173,150000,150000,150000,150000,149301,148830,-1173,0
30000,2,2,1,2,2,2,2,4,3,25557,26648,27536,28203,29048,29903,1800,1600,1400,1600,1600,1600,4443,3352,2464,1797,952,97,157295,1
50000,2,4,1,-1,-1,-1,-1,-1,-1,48492,48356,32904,28864,29708,29921,1600,1715,2000,3010,2000,1100,1508,1644,17096,21136,20292,20079,206820,0
80000,1,4,1,-1,-1,-1,-1,-1,-1,78025,80224,81619,80030,79434,81348,3500,3300,3100,2900,3200,3100,1975,-224,-1619,-30,566,-1348,461580,0
80000,2,2,1,-1,-1,-2,-2,-2,-2,13465,20577,10424,4898,847,1342,20587,10759,4995,847,1344,4774,66535,59423,69576,75102,79153,78658,8247,0
60000,2,4,1,1,-2,-2,-1,-1,-1,-25,-25,-25,1901,38746,39178,0,0,2306,40367,1416,1419,60025,60025,60025,58099,21254,20822,34242,0
200000,1,2,1,-2,-2,-2,-2,-2,-2,-3,-3,-3,360,0,0,0,0,363,0,0,0,200003,200003,200003,199640,200000,200000,-12,0
280000,2,4,2,-1,-1,-1,-1,-1,-1,147646,150703,156784,156230,159123,163152,7001,10000,6000,5200,6000,5400,132354,129297,123216,123770,120877,116848,894037,0
50000,2,4,1,-1,-1,-1,2,-1,-1,47608,48933,51415,48977,10082,9936,2118,3600,7,345,1000,400,2392,1067,-1415,1023,39918,40064,209481,0
80000,2,4,1,2,2,2,2,2,2,22453,23787,23124,26700,27064,27685,2000,0,4300,1100,1200,0,57547,56213,56876,53300,52936,52315,142213,1
50000,2,4,1,-1,-1,-1,-1,-2,-2,33243,16290,12594,0,0,0,2000,2010,0,0,0,0,16757,33710,37406,50000,50000,50000,58117,0
20000,1,4,1,-1,-1,-1,-1,-1,-1,18916,18556,19162,19293,19298,19198,1600,1805,1400,405,400,0,1084,1444,838,707,702,802,108813,0
80000,1,4,1,-1,-1,2,-1,-1,-1,39813,46375,43576,28468,25971,23686,9425,1,2012,1091,1006,2516,40187,33625,36424,51532,54029,56314,191838,1
20000,3,2,1,3,2,-1,-1,-1,-1,16004,15450,16892,17396,14017,0,0,1696,1200,22,0,0,3996,4550,3108,2604,5983,20000,76841,1
110000,2,4,1,-1,-1,-1,-1,-1,-1,106202,105080,107420,107325,108545,105341,5300,5540,5361,4500,4000,4500,3798,4920,2580,2675,1455,4659,610712,0
50000,1,4,1,-1,-1,-2,-2,-2,-2,31392,-288,-144,-144,-144,6,0,0,0,144,150,0,18608,50288,50144,50144,50144,49994,30384,0
130000,3,4,1,-1,-1,-1,-1,-1,-1,90141,91948,94067,96604,97706,121027,4200,4500,5000,3600,25000,5000,39859,38052,35933,33396,32294,8973,544193,1
20000,1,4,1,-1,-1,-1,2,-1,-1,1828,2835,5270,5040,5304,5777,1200,2500,0,500,558,0,18172,17165,14730,14960,14696,14223,21296,1
130000,2,4,1,2,-1,-1,-1,-1,-1,836,668,1017,1298,550,-286,668,1200,1300,964,1698,60549,129164,129332,128983,128702,129450,130286,-62296,1
50000,3,4,1,-1,-1,2,2,2,-1,41641,44434,45916,46566,45516,46484,3500,2500,1700,0,1700,3900,8359,5566,4084,3434,4484,3516,257257,1
50000,2,4,1,2,2,2,2,2,2,33586,34636,35683,36200,36808,37671,1900,1900,1400,1500,1600,1500,16414,15364,14317,13800,13192,12329,204784,1
130000,2,4,1,-1,-1,-1,-1,-1,-1,187600,185945,183828,164667,132746,57989,6074,6037,4646,4230,1941,2151,-57600,-55945,-53828,-34667,-2746,72011,887696,0
80000,2,2,1,-1,-1,2,4,3,2,32183,34454,39559,38640,37721,39965,2820,6000,0,0,3000,0,47817,45546,40441,41360,42279,40035,210702,1
230000,2,2,1,-1,-1,-1,-1,-1,-1,1736,67982,72938,54105,18744,5148,68000,7064,4106,5075,1000,4080,228264,162018,157062,175895,211256,224852,131328,0
500000,1,4,1,-1,-1,-1,-1,-1,-1,6618,8984,9558,7426,11130,15382,8984,9570,7432,11130,10000,22212,493382,491016,490442,492574,488870,484618,-10230,0
160000,1,4,1,-1,-1,-1,-1,-1,-1,124573,122730,125319,125283,124170,125140,5800,5900,5900,4300,4600,4400,35427,37270,34681,34717,35830,34860,716315,0
150000,2,2,1,-2,-2,-2,-2,-2,-2,5560,0,0,0,0,0,0,0,0,0,0,0,144440,150000,150000,150000,150000,150000,5560,1
60000,2,4,1,-1,-1,2,-1,-1,-1,45373,49363,48308,51616,56416,21680,4747,0,5000,5000,0,23999,14627,10637,11692,8384,3584,38320,234010,0
50000,1,4,1,1,2,2,2,2,2,19096,18492,21186,22538,22274,22767,0,3000,2000,400,1000,0,30904,31508,28814,27462,27726,27233,119953,0
10000,1,2,1,-1,-1,-1,-1,-1,-1,6031,836,2032,2150,1490,390,836,2032,1000,1000,390,1632,3969,9164,7968,7850,8510,9610,6039,0
140000,1,4,1,-1,-1,-1,-1,-1,-1,9598,10631,11349,12661,12606,12869,1500,1195,1507,452,467,470,130402,129369,128651,127339,127394,127131,64123,0
180000,1,4,2,-1,-1,-1,-1,-1,-1,112106,105872,107685,106060,2958,1079,3800,6000,3000,100,1100,800,67894,74128,72315,73940,177042,178921,420960,0
260000,1,4,1,-1,-1,-1,-1,-1,-1,85666,92286,93742,93369,82476,73789,10005,4026,3481,141,20074,60308,174334,167714,166258,166631,177524,186211,423293,0
90000,2,2,1,3,2,2,2,-1,-1,81701,85753,87510,85188,87112,169533,6000,4000,0,4200,3285,7787,8299,4247,2490,4812,2888,-79533,571525,1
20000,2,2,1,2,2,2,-1,-1,-1,18985,20271,19658,20086,19630,19627,3100,0,1600,400,393,270,1015,-271,342,-86,370,373,112494,1
30000,3,2,1,3,2,2,2,2,2,8893,8601,10862,11485,11006,12270,0,2405,1100,0,1600,0,21107,21399,19138,18515,18994,17730,58012,1
420000,2,4,1,-2,-2,-2,-2,-2,-2,62364,30165,106030,33694,49354,44744,30336,107382,33850,49587,47222,57258,357636,389835,313970,386306,370646,375256,716,0
230000,2,4,1,-2,-2,-2,-2,-2,-2,326,326,326,326,326,326,326,326,326,326,326,326,229674,229674,229674,229674,229674,229674,0,0
90000,2,2,1,-1,-1,-1,-1,-1,-1,59694,55282,60630,58919,47850,48034,2852,15678,7763,1686,1735,1518,30306,34718,29370,31081,42150,41966,299177,0
210000,2,2,1,2,2,2,-1,-1,-1,170646,174134,167095,161573,122362,116243,7800,16,6800,3800,5134,4000,39354,35866,42905,48427,87638,93757,884503,1
230000,2,4,1,-1,-1,-1,-1,-1,-1,73521,75691,77867,80957,83695,86184,4000,4000,5000,5000,4000,8000,156479,154309,152133,149043,146305,143816,447915,0
100000,2,4,2,-1,-1,-1,-1,-1,-1,85841,74564,78351,79030,56016,36210,4000,5000,3006,2023,3000,1500,14159,25436,21649,20970,43984,63790,391483,0
20000,3,2,2,-1,-1,-1,-2,-1,-1,12304,17000,0,0,700,700,5170,0,0,700,0,0,7696,3000,20000,20000,19300,19300,24834,0
20000,3,4,1,-1,-1,-1,-1,-1,-1,20288,20293,20196,19777,20130,19350,1500,1400,2000,3000,1000,1000,-288,-293,-196,223,-130,650,110134,0
150000,3,4,1,-1,-1,-1,-1,-1,-1,35199,36206,36343,45180,45694,45694,1588,1971,20000,914,0,1746,114801,113794,113657,104820,104306,104306,218097,0
180000,1,4,1,-1,-1,-1,-1,2,-1,10265,11288,13093,14874,14339,19068,1200,2000,2000,0,5000,5000,169735,168712,166907,165126,165661,160932,67727,0
20000,1,4,1,-1,-1,-1,-1,-1,-1,17921,18362,19669,16479,16694,17334,1333,1640,1506,721,1000,1000,2079,1638,331,3521,3306,2666,99259,0
280000,1,4,1,-1,-1,2,2,-2,-1,18641,21870,2173,-9,-9,3617,6630,10,0,0,3626,2511,261359,258130,277827,280009,280009,276383,33506,0
50000,3,4,1,-1,-1,-1,-1,-1,-1,46879,48368,49284,7002,6991,7137,2569,2485,1203,192,199,163,3121,1632,716,42998,43009,42863,158850,0
50000,3,4,1,-1,-1,-1,-1,-1,-1,35988,26708,25230,26999,27748,28351,1700,2000,3000,1500,1200,1136,14012,23292,24770,23001,22252,21649,160488,0
100000,2,4,1,-1,-1,-1,-1,2,-1,6631,7643,8975,11032,10561,10779,1130,1462,2519,0,537,538,93369,92357,91025,88968,89439,89221,49435,0
10000,2,4,1,1,2,-1,-1,-1,-1,5150,4922,5941,6984,7120,7267,0,1257,1300,400,410,420,4850,5078,4059,3016,2880,2733,33597,0
90000,1,4,1,-1,-1,-1,-1,-1,-1,85822,83206,74030,70198,71330,65479,3327,3471,3199,2964,2718,2087,4178,6794,15970,19802,18670,24521,432299,0
120000,1,4,1,-1,-1,-1,-1,-1,-1,1914,573,214,4479,980,690,573,219,4484,980,690,0,118086,119427,119786,115521,119020,119310,1904,0
250000,2,4,1,2,2,2,-1,-1,-1,252354,258503,252087,246649,177663,125960,11783,0,8065,5404,5000,5000,-2354,-8503,-2087,3351,72337,124040,1277964,1
180000,1,4,1,-1,-1,-1,-1,-1,-1,9418,-897,2331,3596,3125,2702,0,5028,6411,3155,2702,10909,170582,180897,177669,176404,176875,177298,-7930,0
350000,2,4,1,-1,-1,-1,-1,-1,-1,209234,205458,200654,196308,192735,190735,7280,7360,8568,6600,6711,6883,140766,144542,149346,153692,157265,159265,1151722,0
250000,2,4,2,-2,-2,-2,-2,-1,2,1242,0,0,0,3394,3244,0,0,0,3394,0,37895,248758,250000,250000,250000,246606,246756,-33409,0
140000,2,2,1,-1,-1,-1,-1,-1,-1,100064,95224,104440,88467,71519,63150,6029,30000,7981,3000,3000,3000,39936,44776,35560,51533,68481,76850,469854,0
50000,1,4,1,-1,-1,-1,-1,-1,-1,390,390,390,39685,40109,41303,390,780,39685,1337,5000,4696,49610,49610,49610,10315,9891,8697,70379,1
150000,1,4,1,2,2,2,-1,-1,-1,145096,147384,143225,147115,145015,110635,5000,0,6000,0,3000,23747,4904,2616,6775,2885,4985,39365,800723,1
160000,1,4,1,-1,-1,-1,-2,-2,-2,4122,1770,0,0,0,0,2000,0,0,0,0,0,155878,158230,160000,160000,160000,160000,3892,0
130000,3,2,1,-1,-1,-1,-1,-1,-1,29974,28037,37414,42816,43089,37101,5026,15430,12015,8020,1060,5017,100026,101963,92586,87184,86911,92899,171863,0
340000,2,2,1,-1,-1,-1,-1,-1,-1,95878,97594,99835,102801,106263,98797,4500,5000,6000,7000,6000,30000,244122,242406,240165,237199,233737,241203,542668,0
260000,2,4,1,-1,-1,-1,-1,-1,-1,16150,17880,22248,26842,35997,55272,2000,5000,5000,10000,20000,15000,243850,242120,237752,233158,224003,204728,117389,0
110000,1,4,1,-1,-1,-1,-1,-1,-1,38920,28276,25171,26200,26567,26990,1700,1800,1750,1100,1000,1000,71080,81724,84829,83800,83433,83010,163774,0
400000,1,4,1,-1,-1,-1,-1,-1,-1,7191,8856,6181,7859,4899,1466,2000,1500,2000,1000,500,1000,392809,391144,393819,392141,395101,398534,28452,0
70000,1,4,1,-1,-1,-1,2,2,2,40048,40783,44205,44784,43763,46646,1700,4100,1600,0,3600,2000,29952,29217,25795,25216,26237,23354,247229,0
20000,3,2,2,-1,5,4,3,2,-1,14320,13815,13403,12888,12019,11500,0,86,0,0,435,480,5680,6185,6597,7112,7981,8500,76944,1
60000,2,2,1,2,2,-1,-1,2,-1,17942,17361,18081,20108,19487,35160,0,1304,2331,0,16000,2000,42058,42639,41919,39892,40513,24840,106504,1
80000,1,4,1,2,2,2,2,2,-1,54313,57988,59271,60013,58453,60155,4600,2800,2300,0,2800,6300,25687,22012,20729,19987,21547,19845,331393,0
150000,2,2,2,2,-1,-1,-1,-1,-1,101425,104014,108229,109374,111279,125353,3872,5500,4005,3241,15500,4000,48575,45986,41771,40626,38721,24647,623556,0
200000,4,4,1,-1,-1,-1,-1,-1,-1,9383,37303,21244,7422,27761,21715,37465,21321,1200,27761,5548,30966,190617,162697,178756,192578,172239,178285,567,0
110000,1,4,1,-1,-1,-1,-1,-1,-1,316,31895,316,316,316,31775,31895,316,316,316,31775,1152,109684,78105,109684,109684,109684,78225,-836,1
450000,2,4,1,-1,-1,-1,-1,-1,-1,371724,359672,56033,31126,18345,12836,10000,1500,2109,5000,1000,3020,78276,90328,393967,418874,431655,437164,827107,0
160000,2,4,1,-1,-1,-1,-1,-1,-1,21898,23075,24010,400,16903,17248,5004,8004,400,16903,345,352,138102,136925,135990,159600,143097,142752,72526,0
150000,2,4,1,-1,-1,-1,-1,2,2,49278,50156,51849,54659,55681,53878,2000,2500,4300,2500,0,2800,100722,99844,98151,95341,94319,96122,301401,0
30000,1,2,1,-1,-1,-1,-1,-1,-1,30497,30665,30945,31070,30969,30620,1800,1900,1776,1500,1100,2504,-497,-665,-945,-1070,-969,-620,174186,0
160000,2,4,1,-1,-1,-1,-1,-1,-1,1194,2108,1086,1874,2920,0,2108,1086,1874,2920,0,1222,158806,157892,158914,158126,157080,160000,-28,0
140000,1,4,1,-1,-1,-1,-1,-1,-1,51822,52960,57088,62868,65284,69663,2000,5000,6500,3000,5000,5000,88178,87040,82912,77132,74716,70337,333185,0
50000,1,4,1,-1,-1,-1,-1,-1,-1,5953,1044,2450,248,198,0,1044,2450,248,198,0,2890,44047,48956,47550,49752,49802,50000,3063,0
390000,1,4,1,2,2,-1,-1,-1,2,393415,379486,375899,374302,395430,384825,0,16000,15000,29000,0,12000,-3415,10514,14101,15698,-5430,5175,2231357,1
300000,2,2,1,-1,-1,-1,-1,-2,-2,16666,1000,16666,0,0,0,1000,16666,0,0,0,0,283334,299000,283334,300000,300000,300000,16666,0
50000,2,4,1,2,2,2,2,2,-1,43629,46376,45354,49086,48027,49037,3790,0,4500,0,1751,1736,6371,3624,4646,914,1973,963,269732,1
70000,2,2,1,-2,-2,-2,-2,-2,-2,-8187,-17810,-595,7462,9390,5183,0,100104,10000,15000,10000,20000,78187,87810,70595,62538,60610,64817,-159661,0
170000,2,4,1,-1,-1,-1,2,-1,-1,44996,46045,48989,47900,51088,54256,2100,4000,0,4000,4000,4000,125004,123955,121011,122100,118912,115744,275174,0
160000,3,2,3,-1,-1,-2,-2,-1,-1,227,-385,-379,-1464,2110,1462,280,6,75,3574,5,246,159773,160385,160379,161464,157890,158538,-2615,0
50000,1,4,1,2,3,2,2,2,2,34044,33202,34370,34806,35433,36216,0,2000,1300,1500,1500,1500,15956,16798,15630,15194,14567,13784,200271,1
50000,2,2,1,1,2,2,2,-1,-1,38612,37509,15377,12590,11209,7448,0,5000,0,3023,5000,4000,11388,12491,34623,37410,38791,42552,105722,0
90000,1,4,1,-1,-1,-1,-1,-1,-1,2780,1950,7956,499,0,5990,1950,7956,499,0,5990,0,87220,88050,82044,89501,90000,84010,2780,0
200000,1,4,1,-1,-1,-1,-1,-1,-1,8926,700,610,5130,12050,4970,700,610,5130,12050,4970,8888,191074,199300,199390,194870,187950,195030,38,0
20000,2,4,1,-1,-1,-1,-1,-1,-1,15700,16734,17549,17702,10400,0,1600,1400,1171,600,0,0,4300,3266,2451,2298,9600,20000,73314,0
50000,2,2,2,-1,-1,-1,2,-1,-1,31079,30036,6845,4364,2185,2162,2280,2300,0,44,2200,3000,18921,19964,43155,45636,47815,47838,66847,0
50000,2,2,1,1,2,-1,-1,2,2,12744,12243,16215,20490,19990,0,0,4200,4700,0,0,3390,37256,37757,33785,29510,30010,50000,69392,1
60000,3,4,1,-1,-1,-1,-1,-1,-1,27402,26455,28017,25011,28143,24712,1500,4022,1500,3500,1000,1000,32598,33545,31983,34989,31857,35288,147218,0
30000,2,2,2,-1,-1,-1,-1,-1,-1,11042,12051,13101,14413,14476,14792,1200,1250,1537,600,550,600,18958,17949,16899,15587,15524,15208,74138,0
360000,3,4,2,-1,2,2,-1,-1,-1,780,780,390,3115,8069,390,390,0,3115,8069,390,5716,359220,359220,359610,356885,351931,359610,-4156,0
20000,2,4,1,-1,-1,-1,-1,-1,-1,15513,17908,18652,19156,19206,19948,3000,1666,1500,592,1284,0,4487,2092,1348,844,794,52,102341,0
30000,2,4,1,-1,-1,2,2,2,2,18497,21016,22178,21529,23863,22357,3153,1800,0,3000,0,4255,11503,8984,7822,8471,6137,7643,117232,0
80000,2,4,1,-1,-1,2,2,-1,-1,47369,49524,48461,45943,46660,46118,4400,1500,1500,1742,1800,2100,32631,30476,31539,34057,33340,33882,271033,1
20000,2,2,1,-1,-1,-1,-1,-1,-1,16366,17385,18142,17245,17657,18370,1600,1600,1600,1000,1000,1000,3634,2615,1858,2755,2343,1630,97365,0
70000,2,4,1,-1,-1,-1,-1,-1,-1,69455,70300,70737,70324,55291,56648,2600,2620,2641,2000,2250,2100,545,-300,-737,-324,14709,13352,378544,0
120000,1,4,1,-1,-1,-1,-1,-1,-1,103452,104546,105326,111987,112652,114337,4000,4000,10000,4000,5000,4200,16548,15454,14674,8013,7348,5663,621100,0
20000,1,4,1,1,2,-1,-1,-1,-1,17040,16474,17203,18411,18929,19171,0,1300,1500,824,696,1011,2960,3526,2797,1589,1071,829,101897,0
20000,2,4,1,-1,-1,-1,2,-1,-1,9848,11192,15677,15133,15582,16677,1515,5000,0,1000,1500,0,10152,8808,4323,4867,4418,3323,75094,0
170000,2,4,1,-1,-1,-1,-1,-1,-1,8806,32192,32555,32292,32372,31202,32192,1608,2301,2379,2202,2688,161194,137808,137445,137708,137628,138798,126049,0
130000,2,4,1,-1,-1,-1,-1,-1,-1,121720,115630,115939,109428,90359,89216,4155,5802,3487,2908,3013,3093,8280,14370,14061,20572,39641,40784,619834,0
180000,3,4,2,-1,-1,-1,-1,-1,-1,183512,172194,176105,171475,134590,133146,7700,8254,9600,4712,4995,5000,-3512,7806,3895,8525,45410,46854,930761,0
240000,2,4,2,-1,-1,-1,-1,-1,-1,89009,71169,67528,64238,65521,65829,3071,2390,2311,2330,2392,2504,150991,168831,172472,175762,174479,174171,408296,0
50000,2,2,1,-1,-1,-1,-1,-1,-1,50544,50792,50480,50372,50993,7957,2300,2000,2000,2500,289,1000,-544,-792,-480,-372,-993,42043,251049,0
100000,1,2,2,2,2,2,2,2,2,94732,97284,99542,99898,99786,97670,5000,4700,2950,3100,5,6170,5268,2716,458,102,214,2330,566987,1
80000,1,4,2,-1,-1,3,2,-1,-1,73397,82151,80296,77848,76508,78396,10000,0,0,2788,3171,3000,6603,-2151,-296,2152,3492,1604,449637,0
10000,2,6,3,3,2,2,2,2,4,5997,5753,9629,9328,11411,10652,0,4000,0,2395,0,0,4003,4247,371,672,-1411,-652,46375,1
50000,2,4,2,-1,-1,-1,-1,-1,-1,48818,49796,50892,50769,48813,49874,2200,2200,1800,1900,2000,2000,1182,204,-892,-769,1187,126,286862,0
80000,2,2,2,2,2,2,-1,-1,2,22001,23339,22677,23692,25406,26050,2000,0,1395,2109,1196,0,57999,56661,57323,56308,54594,53950,136465,1
40000,3,2,2,2,2,2,2,2,2,22241,23273,24204,24510,24811,24274,1700,1600,1000,1000,0,2000,17759,16727,15796,15490,15189,15726,136013,1
90000,2,2,3,2,2,-1,-1,-1,-1,96249,91839,90758,90537,90263,90268,0,3273,3267,3212,3440,6898,-6249,-1839,-758,-537,-263,-268,529824,1
170000,3,2,3,-1,-1,-1,-1,-1,-1,69602,61493,58298,60343,61176,62092,2128,2729,4000,2169,2241,2258,100398,108507,111702,109657,108824,107908,357479,0
50000,3,4,3,-1,-1,-1,-1,-1,-1,101590,50696,49894,49453,29824,29319,1800,1991,1670,1036,1050,1118,-51590,-696,106,547,20176,20681,302111,0
10000,2,2,3,3,2,2,7,7,7,2400,2400,2400,2400,2400,2400,0,0,0,0,0,0,7600,7600,7600,7600,7600,7600,14400,1
70000,3,2,2,1,2,-1,-1,-1,-1,76023,73213,68034,68602,30252,47363,0,3000,3000,1508,20000,2500,-6023,-3213,1966,1398,39748,22637,333479,0
20000,2,4,2,-1,-1,-1,-1,-1,-1,15925,16883,17536,14810,9579,9940,1618,1661,1046,192,10476,2965,4075,3117,2464,5190,10421,10060,66715,0
120000,2,4,2,-1,-1,-1,-1,-1,2,3225,4592,5975,5409,5940,1770,3232,4615,4170,1770,0,7978,116775,115408,114025,114591,114060,118230,5146,0
110000,2,2,2,-1,-1,-1,-1,-1,-1,105433,107065,103690,105447,97096,77197,4008,3920,4031,4000,3000,2810,4567,2935,6310,4553,12904,32803,574159,0
50000,2,2,2,2,2,4,3,2,2,44897,50039,48981,47897,48811,48058,6200,0,0,2000,160,3525,5103,-39,1019,2103,1189,1942,276798,1
110000,2,4,2,-1,-1,2,-1,-1,-1,10827,11657,8428,9440,11863,10620,2500,0,1200,4000,500,500,99173,98343,101572,100560,98137,99380,54135,0
50000,2,2,2,1,2,-1,-1,-1,-1,51377,50253,50047,43142,10677,10105,0,2424,2355,363,361,393,-1377,-253,-47,6858,39323,39895,209705,0
360000,1,4,2,3,2,2,2,2,2,2500,2500,2500,2500,2500,2500,0,0,0,0,0,0,357500,357500,357500,357500,357500,357500,15000,1
20000,2,2,2,3,4,3,2,2,2,18666,18087,17517,16930,18043,17156,0,0,0,1381,0,1600,1334,1913,2483,3070,1957,2844,103418,1
180000,1,2,3,-1,-1,-1,-1,-1,-1,79216,80905,82708,84433,86134,88251,3000,3100,3100,3100,3500,8400,100784,99095,97292,95567,93866,91749,477447,1
100000,2,2,2,-1,-1,-1,-1,-1,-1,100253,101587,100095,98569,99534,100013,4500,4500,5000,4000,3500,3627,-253,-1587,-95,1431,466,-13,574924,0
20000,3,2,2,1,2,-1,-1,2,-1,15829,15283,16429,19764,19140,6420,0,1700,4000,0,1000,0,4171,4717,3571,236,860,13580,86165,1
150000,3,2,2,2,2,2,-1,-1,-1,151664,153994,147038,122498,75782,71306,6300,0,5000,3000,3000,3000,-1664,-3994,2962,27502,74218,78694,701982,0
60000,2,2,1,-1,-1,-1,-1,-1,-1,40831,34613,28178,23199,572,27425,1617,1616,1008,1036,28848,1100,19169,25387,31822,36801,59428,32575,119593,0
80000,1,4,1,2,2,-1,-1,2,-1,25248,24549,26823,29157,28389,29036,0,3000,2780,0,1100,1500,54752,55451,53177,50843,51611,50964,154822,1
60000,3,2,3,2,3,2,2,2,2,20347,19727,20909,21168,21520,21805,0,1800,900,1000,774,0,39653,40273,39091,38832,38480,38195,121002,1
20000,3,2,3,2,-1,-1,-1,-1,-1,18310,18739,19411,20209,19880,4341,1300,1500,1257,456,149,191,1690,1261,589,-209,120,15659,96037,1
110000,2,4,2,-1,-1,-1,-1,-1,-1,104151,106217,108884,112149,112507,114200,3791,4368,5500,3971,6280,10300,5849,3783,1116,-2149,-2507,-4200,623898,1
100000,3,2,3,1,2,-1,-1,-1,-1,77208,75377,77044,78333,78130,77761,0,3475,3263,2805,2888,2680,22792,24623,22956,21667,21870,22239,448742,0
280000,2,2,2,-1,-1,-1,-2,-2,-2,198823,206000,0,0,0,0,10000,0,0,0,0,0,81177,74000,280000,280000,280000,280000,394823,0
130000,3,4,2,-1,-1,-1,-1,-1,-1,127544,126771,124824,123174,100585,97687,5963,6316,4845,3471,3673,3590,2456,3229,5176,6826,29415,32313,672727,0
50000,3,4,1,-1,-1,-1,-1,-1,-1,47815,49216,51082,46983,19839,16389,2500,3009,4012,3000,2000,3000,2185,784,-1082,3017,30161,33611,213803,0
60000,2,2,2,-1,-1,-1,-1,-1,-1,50696,54841,56444,53183,55288,55782,5000,2500,2000,3000,2700,2500,9304,5159,3556,6817,4712,4218,308534,0
70000,3,2,2,-1,-1,-1,-1,-1,-1,43071,47338,51424,45121,5515,10424,5000,5000,5000,5000,5000,5000,26929,22662,18576,24879,64485,59576,172893,0
240000,2,2,3,-1,-1,-1,-1,-2,-2,177221,169897,166064,0,0,0,7053,6520,0,0,0,0,62779,70103,73936,240000,240000,240000,499609,1
310000,2,4,2,2,-1,-1,-1,2,2,137171,141486,144515,154587,156565,153965,6600,6800,14000,6000,0,5800,172829,168514,165485,155413,153435,156035,849089,1
20000,3,4,2,-1,-1,-1,-1,-1,-1,20023,20239,19164,19393,19725,20054,1300,1400,1300,1000,1000,1000,-23,-239,836,607,275,-54,111598,0
50000,2,2,2,-1,-1,-1,-1,-1,-2,29969,17791,12592,5022,780,390,1281,1099,1009,10000,0,17458,20031,32209,37408,44978,49220,49610,35697,0
50000,3,4,2,1,2,2,2,-1,-1,25922,25154,16820,15860,16179,16915,55,4500,800,582,1000,634,24078,24846,33180,34140,33821,33085,109279,0
130000,2,2,2,-1,-1,-1,-1,-1,-1,99891,101032,104705,105478,107725,109994,3700,5300,4000,4000,4000,6100,30109,28968,25295,24522,22275,20006,601725,0
230000,2,4,2,-1,-1,-1,-1,-1,-1,62988,63056,63741,64096,64473,64927,2847,2303,2284,2280,2345,2333,167012,166944,166259,165904,165527,165073,368889,0
380000,2,2,2,1,-2,-1,-1,-2,-1,3491,3859,8796,7991,5310,14655,3878,8863,8007,5362,14695,24446,376509,376141,371204,372009,374690,365345,-21149,0
160000,3,4,2,-1,-1,-1,-1,-1,-1,56099,41085,35673,28880,27678,25518,3000,3030,2000,5000,4000,3018,103901,118915,124327,131120,132322,134482,194885,0
20000,3,2,2,-1,-1,2,-1,-1,-1,17930,20305,19308,20296,20302,20189,3000,0,1318,714,981,400,2070,-305,692,-296,-302,-189,111917,0
150000,1,4,2,-1,-1,-1,-1,-1,-1,1911,3079,4057,1920,1920,0,1189,1167,1000,0,0,0,148089,146921,145943,148080,148080,150000,9531,1
90000,1,4,2,-1,-1,-1,-1,-1,-1,1560,23153,835,5225,736,736,23153,17395,5225,736,736,886,88440,66847,89165,84775,89264,89264,-15886,0
400000,1,2,2,-2,-2,-2,-2,-2,-2,-4,1054,1420,-20,-20,-20,1058,1427,0,0,0,0,400004,398946,398580,400020,400020,400020,-75,0
70000,2,2,2,-1,-1,-1,-1,-1,-1,66946,67741,68790,68523,29163,29247,3007,3248,2661,1135,1160,1169,3054,2259,1210,1477,40837,40753,318030,0
50000,2,2,2,2,2,2,2,2,2,43664,44654,45650,46320,45290,48322,2000,2000,1700,0,3760,1700,6336,5346,4350,3680,4710,1678,262740,0
30000,2,2,2,1,-2,-1,-1,-1,-1,0,0,12403,17849,4935,6491,0,12403,8359,4935,3000,1000,30000,30000,17597,12151,25065,23509,11981,0
20000,2,2,3,-1,-1,-1,-1,-1,-1,19113,20068,17481,15572,15902,35565,1292,1323,1111,441,2158,2400,887,-68,2519,4428,4098,-15565,114976,0
20000,3,4,2,-1,-1,-1,2,2,3,8720,12241,16020,16457,20906,20289,4000,4000,1000,4750,0,600,11280,7759,3980,3543,-906,-289,80283,1
130000,3,2,2,-2,-2,-2,-2,-2,-2,0,0,0,0,0,0,0,0,0,0,0,0,130000,130000,130000,130000,130000,130000,0,1
80000,1,2,3,-1,-1,-1,-1,-1,-1,73863,74970,75285,73654,75642,80984,3300,3300,3000,3500,9050,0,6137,5030,4715,6346,4358,-984,432248,0
360000,1,2,3,-2,-2,-2,-2,-2,-2,0,0,0,0,0,0,0,0,0,0,0,0,360000,360000,360000,360000,360000,360000,0,1
120000,3,6,3,-1,-1,-1,-2,-2,-2,1576,3009,0,0,430,1520,1500,0,0,430,1520,730,118424,116991,120000,120000,119570,118480,2355,0
200000,3,2,3,-1,-1,-1,-1,-1,-1,184133,187386,191098,194671,177096,180388,6710,7125,7333,6325,6522,6569,15867,12614,8902,5329,22904,19612,1074188,0
150000,2,2,2,-2,-2,-2,-2,-2,-2,6829,6460,17154,2729,32550,8509,6719,27654,2729,32550,11467,6943,143171,143540,132846,147271,117450,141491,-13831,0
50000,2,4,3,-1,-1,-1,-1,-1,-1,27200,10605,10355,9853,2917,1473,1172,1202,1000,2917,29,390,22800,39395,39645,40147,47083,48527,55693,0
170000,3,2,3,1,2,-1,-1,-1,-1,179399,41265,20619,19520,5200,0,0,2000,1136,1000,0,36679,-9399,128735,149381,150480,164800,170000,225188,1
230000,2,2,2,-1,-1,-1,-1,-1,-1,205530,380,380,2350,103030,380,380,380,2350,103030,380,1570,24470,229620,229620,227650,126970,229620,203960,0
50000,2,4,3,-1,-1,-1,-1,-1,-1,25119,26258,27199,18810,18487,18874,1559,1500,1400,1000,684,716,24881,23742,22801,31190,31513,31126,127888,1
280000,1,2,2,-1,-1,-1,-1,-1,-1,157424,161596,166680,170691,14988,16776,6000,6500,6000,1000,2000,2012,122576,118404,113320,109309,265012,263224,664643,0
50000,2,2,3,-1,-1,-1,-1,-2,-2,13226,14470,15000,0,0,0,1470,1000,0,0,0,0,36774,35530,35000,50000,50000,50000,40226,0
30000,3,2,2,2,3,2,2,2,-1,30057,29280,30206,30496,29731,29047,0,1700,1100,3,1053,1303,-57,720,-206,-496,269,953,173658,0
360000,1,2,2,-2,-2,-2,-2,-1,-1,-16,3194,430,1982,211250,215670,3210,436,1991,211250,7762,7823,360016,356806,359570,358018,148750,144330,200038,0
400000,2,4,2,-2,-2,-2,-2,-2,-2,6464,-270,-770,-761,-2710,187552,1692,0,9,11,194541,7015,393536,400270,400770,400761,402710,212448,-13763,1
80000,3,4,2,-1,-1,-1,-1,-1,-1,107044,103077,98328,93376,87491,80156,5000,5000,5000,2000,8500,3000,-27044,-23077,-18328,-13376,-7491,-156,540972,0
150000,2,4,2,-1,-1,-1,-1,-1,-1,18631,18831,15729,11907,14103,14413,3000,3000,1353,5000,3000,5000,131369,131169,134271,138093,135897,135587,73261,0
260000,2,2,2,-1,-1,-1,-1,-1,-1,59127,60344,61641,60715,57116,58318,2200,2300,2200,2060,2119,2293,200873,199656,198359,199285,202884,201682,344089,0
110000,3,2,2,-1,-1,-1,-1,-1,-1,107441,106808,75540,75724,74785,76079,4023,2805,3406,2670,2751,2772,2559,3192,34460,34276,35215,33921,497950,0
50000,1,2,3,-1,-1,-1,-1,-1,-1,47739,47481,47066,44367,27496,27677,2000,1817,2000,1500,1001,1010,2261,2519,2934,5633,22504,22323,232498,0
300000,2,4,3,-1,-1,-1,-1,-1,-1,10626,10578,12963,989,12238,0,10582,13265,1087,12238,0,0,289374,289422,287037,299011,287762,300000,10222,0
20000,2,2,2,2,-1,-1,2,-1,-1,16429,17450,20358,19722,19616,19228,1300,3200,0,830,750,1000,3571,2550,-358,278,384,772,105723,1
290000,2,4,2,2,-1,-1,-1,-1,-1,140599,143963,152434,156413,156189,144318,13010,11430,6900,5320,5232,4980,149401,146037,137566,133587,133811,145682,847044,1
120000,2,2,3,-1,-1,-1,-1,-1,-1,380,3175,380,380,2402,696,3175,380,380,2402,696,1093,119620,116825,119620,119620,117598,119304,-713,0
20000,2,4,3,-1,-1,-1,-1,-1,-2,295,748,-2,221,0,0,748,0,223,0,0,2016,19705,19252,20002,19779,20000,20000,-1725,0
360000,2,4,2,-2,-2,-2,-1,-1,-2,-149,-149,-4,585,139,0,0,145,744,139,0,0,360149,360149,360004,359415,359861,360000,-606,1
150000,1,2,3,-1,-1,-1,-1,-1,-1,7939,6610,6994,8102,25715,11350,6629,7034,8112,25715,11350,12595,142061,143390,143006,141898,124285,138650,-4725,0
100000,1,2,3,2,2,-1,-1,-1,-1,99184,99340,64054,59014,55249,47645,3000,3039,3315,3000,3000,3000,816,660,35946,40986,44751,52355,406132,1
170000,1,2,3,-1,-1,-1,-1,-1,-1,73326,68712,60324,88057,89040,90716,3504,3500,30000,3300,3200,0,96674,101288,109676,81943,80960,79284,426671,0
200000,3,4,3,1,-2,-1,-1,-1,-2,0,0,3614,714,0,0,0,3614,721,0,0,6728,200000,200000,196386,199286,200000,200000,-6735,1
60000,3,2,3,-1,-1,-1,-1,-1,-1,4823,5471,8422,4377,3910,2431,5491,9683,4377,3918,2431,2120,55177,54529,51578,55623,56090,57569,1414,1
80000,2,2,1,-1,-1,-1,-1,-1,-1,19578,18231,17950,14699,12466,11445,1620,1600,1419,1000,1000,1000,60422,61769,62050,65301,67534,68555,86730,0
40000,3,2,2,1,2,-1,-1,-1,-1,40672,39724,39475,39078,38339,38665,9,2143,1606,1500,1410,1507,-672,276,525,922,1661,1335,227778,0
50000,1,2,2,1,2,-1,-1,-1,-1,49061,46783,42977,36737,19865,16499,1406,2000,1317,700,599,604,939,3217,7023,13263,30135,33501,205296,1
50000,3,4,2,2,2,-1,-1,2,-1,20039,19369,16586,18696,18100,18475,0,1280,2390,0,816,688,29961,30631,33414,31304,31900,31525,106091,1
40000,2,2,2,-1,-1,-1,-1,-1,-1,500,0,18583,19353,19440,20279,0,18583,1460,547,1000,500,39500,40000,21417,20647,20560,19721,56065,0
120000,2,4,1,2,3,3,3,4,4,94635,97592,100536,103478,104886,107220,5400,5400,5500,4600,4600,5200,25365,22408,19464,16522,15114,12780,577647,0
200000,1,4,1,1,2,3,2,3,2,133797,144095,140383,146531,142795,136981,14000,0,10000,0,0,5100,66203,55905,59617,53469,57205,63019,815482,1
30000,2,4,1,-1,-1,2,-1,-1,-2,22501,20210,8762,6200,0,0,2429,5,1062,0,0,0,7499,9790,21238,23800,30000,30000,54177,0
260000,4,2,2,-1,-1,-1,-1,-1,-1,2229,3140,2740,107139,105188,104418,1000,2740,107139,4000,4000,4696,257771,256860,257260,152861,154812,155582,201279,0
390000,2,4,2,-1,-1,2,-1,-1,-1,103061,106464,88653,82226,71559,72492,7600,20,3510,3349,3000,6000,286939,283536,301347,307774,318441,317508,500976,0
140000,1,2,2,2,2,-1,-1,-1,-1,159164,154983,116592,89475,83630,87733,0,5012,5000,5000,5000,20000,-19164,-14983,23408,50525,56370,52267,651565,1
150000,2,4,2,6,5,4,3,2,2,81341,79529,77757,75841,73678,77273,0,0,0,0,4874,1000,68659,70471,72243,74159,76322,72727,459545,0
30000,3,2,2,-1,-1,-1,-1,-1,-1,30096,30287,28823,26799,25457,26143,1494,1445,1506,912,1097,1000,-96,-287,1177,3201,4543,3857,160151,0
90000,2,6,2,-1,-1,-1,-1,-1,-1,91337,91458,91049,70101,28942,27508,4000,3137,5094,1106,1001,1201,-1337,-1458,-1049,19899,61058,62492,384856,0
150000,2,2,2,-1,-1,-1,-1,-1,-1,16878,7632,33019,31366,31709,42632,5000,30000,3000,5000,15000,6000,133122,142368,116981,118634,118291,107368,99236,0
30000,2,2,2,-1,-1,-1,2,-1,-1,22215,18243,29013,28256,28979,31369,18243,11500,0,1177,3000,0,7785,11757,987,1744,1021,-1369,124155,0
200000,2,4,2,-1,-1,-1,-1,-1,-1,138636,140982,145038,146190,148989,130481,5048,6726,5451,5774,4739,5500,61364,59018,54962,53810,51011,69519,817078,0
30000,1,4,2,-2,-2,-2,-2,-2,-2,1232,764,1909,544,390,954,764,1920,544,390,954,1913,28768,29236,28091,29456,29610,29046,-692,0
30000,3,2,3,-1,-1,-1,-1,-1,2,14834,15844,18883,17901,19241,18794,1261,3300,1301,1641,0,860,15166,14156,11117,12099,10759,11206,97134,1
50000,2,2,1,-1,-1,-1,-1,-1,-1,20103,21466,23122,24654,26365,25844,2000,2000,2000,2000,2000,2000,29897,28534,26878,25346,23635,24156,129554,0
310000,2,2,1,-1,-1,-1,-1,-1,-1,26597,27141,25567,21794,20911,14023,1732,1408,1209,622,600,748,283403,282859,284433,288206,289089,295977,129714,0
500000,1,2,2,1,-1,-1,-1,-1,-1,0,2529,2971,184,64356,33348,2529,2971,200,38144,0,8479,500000,497471,497029,499816,435644,466652,51065,0
500000,3,2,2,-2,-2,-2,-2,-2,-2,27866,1062,27610,18133,2506,169233,1062,27648,25012,2506,169233,11952,472134,498938,472390,481867,497494,330767,8997,0
300000,2,2,2,-1,-1,-1,-1,-1,-1,6447,14383,15576,16524,17096,12144,10000,2000,1500,1000,1000,1000,293553,285617,284424,283476,282904,287856,65670,0
430000,3,4,2,-1,-1,-1,-1,-1,-1,200364,147550,106901,81257,83264,62618,6215,3050,2511,5110,2005,5046,229636,282450,323099,348743,346736,367382,658017,0
30000,1,2,2,-1,-1,-1,2,-1,-1,3836,4380,1169,779,566,1361,1016,1169,0,567,1365,1834,26164,25620,28831,29221,29434,28639,6140,0
30000,3,4,2,-1,-1,-1,2,2,-1,26667,27675,30611,30647,28245,24357,1455,3391,949,0,745,584,3333,2325,-611,-647,1755,5643,161078,0
200000,1,4,2,-2,-2,-2,-2,-1,-1,0,0,-10542,148287,146948,148772,0,1685,326974,5200,5500,6000,200000,200000,210542,51713,53052,51228,88106,0
130000,3,2,2,-1,-1,-1,-1,-1,-1,126741,126889,125733,118394,96230,98583,6100,6103,4823,4000,4000,4000,3259,3111,4267,11606,33770,31417,663544,0
120000,1,4,2,-1,-1,-1,-1,-1,-2,2446,326,0,28776,0,0,326,0,28776,0,0,0,117554,119674,120000,91224,120000,120000,2446,0
170000,2,4,2,-1,-1,-1,-1,-1,-2,20625,21386,0,522,0,0,1700,0,522,0,0,0,149375,148614,170000,169478,170000,170000,40311,0
210000,1,2,2,-1,-1,-1,-1,-1,-1,8289,16585,9396,16992,9506,4837,16585,10455,16992,9509,4837,11899,201711,193415,200604,193008,200494,205163,-4672,0
130000,2,2,2,-1,-1,-1,-1,-2,-2,41379,24462,15720,0,0,0,3057,1047,0,0,0,0,88621,105538,114280,130000,130000,130000,77457,0
420000,2,2,2,-1,-1,-1,-1,-1,-1,67877,68979,57706,55628,54797,52759,3527,3000,4000,2500,2000,2100,352123,351021,362294,364372,365203,367241,340619,0
180000,2,2,2,-1,-1,-1,-1,-1,-1,130374,129889,114559,113759,94665,97134,5812,6000,6100,4000,4000,4000,49626,50111,65441,66241,85335,82866,650468,0
240000,2,4,3,-1,-1,-1,-1,-1,-1,127919,93266,95837,49459,47631,37750,4000,4840,4000,1500,2000,2000,112081,146734,144163,190541,192369,202250,433522,0
100000,2,2,3,1,2,-1,-1,3,2,76725,74901,76094,84457,82525,81086,0,3000,9657,0,0,3200,23275,25099,23906,15543,17475,18914,459931,1
130000,3,4,3,-1,-1,-1,-1,-1,-1,38222,37939,37705,37391,38137,37647,1612,1639,1586,1332,1352,1382,91778,92061,92295,92609,91863,92353,218138,0
20000,2,2,3,1,2,3,2,2,2,11501,12998,13492,12978,13962,13595,2000,1000,0,1200,0,3000,8499,7002,6508,7022,6038,6405,71326,1
50000,2,4,3,-1,-1,-1,-1,-1,-1,46746,44808,44899,46346,47273,48357,2100,2100,2500,2000,2000,3000,3254,5192,5101,3654,2727,1643,264729,0
70000,2,2,2,-1,-1,-1,-1,-1,-1,19500,19884,20567,21526,21499,21556,1400,1400,1700,1000,781,815,50500,50116,49433,48474,48501,48444,117436,0
30000,3,2,3,-1,-1,-1,-1,-1,-1,1688,0,850,2158,0,1935,0,850,2158,0,1935,0,28312,30000,29150,27842,30000,28065,1688,0
50000,3,2,3,-1,-1,-1,-1,-1,-1,41842,42422,43050,43650,45217,46044,1984,2019,2026,3000,2000,1500,8158,7578,6950,6350,4783,3956,249696,1
500000,3,2,3,-1,-1,-1,-1,-1,-1,119455,120499,124836,37334,34944,24355,7012,10522,6133,24408,122,17398,380545,379501,375164,462666,465056,475645,395828,0
200000,1,4,3,-1,-1,-1,-1,-1,-1,504,2502,21699,2914,3392,4343,2502,21699,3003,3392,4343,326,199496,197498,178301,197086,196608,195657,89,0
120000,2,2,3,2,2,3,2,2,3,25809,29366,28615,29347,30868,30099,4300,0,1500,2300,0,0,94191,90634,91385,90653,89132,89901,166004,1
200000,2,2,3,-1,-1,-1,-1,-1,-1,75853,78983,133236,6574,2924,-626,6065,70538,6634,10,0,0,124147,121017,66764,193426,197076,200626,213697,0
150000,2,4,2,1,2,-1,-1,2,-1,93658,84029,77836,75277,66249,60021,0,3000,6000,0,2066,1837,56342,65971,72164,74723,83751,89979,444167,1
100000,2,2,3,1,2,2,-2,-2,-2,3256,3020,0,0,0,0,0,0,0,0,0,0,96744,96980,100000,100000,100000,100000,6276,0
50000,2,4,2,-1,-1,-1,-1,2,2,7980,10513,9922,8633,8385,7862,3000,1200,1800,0,1600,0,42020,39487,40078,41367,41615,42138,45695,0
50000,2,2,2,3,2,2,2,3,2,47222,48142,48082,51969,50865,49611,2000,1000,5000,0,0,2500,2778,1858,1918,-1969,-865,389,285391,1
50000,1,2,3,-1,-1,-1,-1,-1,2,49819,49390,50612,29975,30559,29433,2227,2449,1778,2382,0,1251,181,610,-612,20025,19441,20567,229701,1
550000,1,4,2,-1,-1,-1,-1,-1,-1,337733,261223,267274,273547,172198,176573,10000,11000,12300,6300,8000,8000,212267,288777,282726,276453,377802,373427,1432948,0
30000,2,2,2,1,-1,-1,-1,2,-1,0,741,1775,3040,2843,3052,741,1034,1299,0,255,106,30000,29259,28225,26960,27157,26948,8016,0
150000,3,2,2,-1,-1,-1,-1,-1,-1,5211,33474,18488,45489,9069,20203,33522,18516,35701,9099,20226,20786,144789,116526,131512,104511,140931,129797,-5916,0
140000,2,4,1,-1,-1,-1,2,2,2,119692,91710,91744,70832,70768,71755,5000,8000,0,8000,3000,0,20308,48290,48256,69168,69232,68245,492501,0
50000,2,4,3,-1,-1,-1,-1,-1,-1,55329,51870,53164,46575,26609,27178,1902,2176,2064,1098,2134,1139,-5329,-1870,-3164,3425,23391,22822,250212,0
160000,3,4,2,-1,-1,-1,-1,-1,-1,156000,155866,159005,159248,118904,119243,5559,7677,6039,4176,4300,4576,4000,4134,995,752,41096,40757,835939,0
50000,2,2,1,-1,-1,-1,-1,-1,-1,1804,5195,15371,14163,15517,14685,4000,15387,1500,2000,1000,2000,48196,44805,34629,35837,34483,35315,40848,0
50000,1,2,1,-1,-1,-1,-1,-1,-1,27888,18602,9795,32694,28899,28924,2000,4239,28000,1015,2000,1500,22112,31398,40205,17306,21101,21076,108048,0
110000,1,4,2,-2,-2,-2,-2,-2,-2,0,0,0,0,0,0,0,0,0,0,0,766,110000,110000,110000,110000,110000,110000,-766,0
50000,3,2,3,2,2,2,2,-1,-1,46677,48101,49060,47086,9306,8962,2500,2400,4,503,1109,703,3323,1899,940,2914,40694,41038,201973,1
350000,2,4,2,1,2,-1,-1,-1,-1,279767,253462,259137,264798,269673,275672,0,9754,10000,9396,10083,9439,70233,96538,90863,85202,80327,74328,1553837,0
70000,2,2,3,-1,-1,-1,-1,-1,-1,24133,24741,25074,25978,26341,26093,1702,1424,1717,1080,1094,969,45867,45259,44926,44022,43659,43907,144374,0
210000,1,2,2,1,-2,-1,-1,-1,-1,0,0,517,-1,932,1066,0,517,0,933,1066,462,210000,210000,209483,210001,209068,208934,-464,0
180000,2,2,2,-1,-1,-1,-1,-2,-1,20138,21494,25600,0,0,36565,2000,5000,0,0,36565,1548,159862,158506,154400,180000,180000,143435,58684,0
30000,3,2,1,-1,-1,-1,2,2,-1,12430,13419,15897,16340,15780,16127,1200,2700,1000,0,600,1400,17570,16581,14103,13660,14220,13873,83093,0
630000,1,2,2,-1,-1,-1,-1,-1,-1,447263,458762,470298,480587,385587,373910,20000,20000,20000,15000,15000,15000,182737,171238,159702,149413,244413,256090,2511407,0
220000,2,2,3,-1,-1,-1,-1,-1,-1,143660,126532,90013,91191,86139,83743,5005,4500,4006,3000,3000,3000,76340,93468,129987,128809,133861,136257,598767,0
280000,1,2,3,-1,-1,-1,-1,-1,-1,230931,235635,197003,198808,187425,177340,8634,7665,6497,5555,5027,5065,49069,44365,82997,81192,92575,102660,1188699,0
340000,2,2,3,-1,-1,-1,-1,-1,-1,244451,230907,228760,229404,161551,164936,10000,10000,7100,5800,5915,6100,95549,109093,111240,110596,178449,175064,1215094,0
180000,1,4,2,2,-1,-1,-1,-1,-1,416,416,416,416,150,982,416,416,416,150,982,416,179584,179584,179584,179584,179850,179018,0,1
250000,2,2,2,-2,-2,-2,-2,-2,-1,7379,42849,24502,25016,33754,4418,45000,25000,15167,80000,5000,6000,242621,207151,225498,224984,216246,245582,-38249,0
20000,2,4,3,1,3,2,2,2,2,17100,16537,16283,17708,18121,17692,0,300,2000,1000,0,792,2900,3463,3717,2292,1879,2308,99349,1
140000,2,2,3,-1,-1,-1,-1,-1,-1,102502,101164,99579,99004,88485,85218,5000,5000,5000,3000,3000,4000,37498,38836,40421,40996,51515,54782,550952,0
130000,2,4,3,2,-1,-1,2,2,2,72181,73086,78411,79725,81311,83048,2700,6500,3200,3500,3200,3300,57819,56914,51589,50275,48689,46952,445362,1
120000,1,2,2,-1,-1,-1,-1,-1,-1,65645,71406,29044,21889,14536,25636,15000,1462,1000,3000,14000,254,54355,48594,90956,98111,105464,94364,193440,0
360000,1,2,3,1,-2,-2,-2,-2,-2,0,0,0,0,0,0,0,0,0,0,0,0,360000,360000,360000,360000,360000,360000,0,0
240000,2,2,3,-1,-1,-1,-1,-1,-1,50120,48502,49001,47026,45827,39527,1781,2200,1923,1682,2000,2000,189880,191498,190999,192974,194173,200473,268417,0
310000,2,2,3,-2,-2,-2,-2,-2,-2,3268,206,589,1594,28252,15081,206,589,1594,28252,18381,4100,306732,309794,309411,308406,281748,294919,-4132,0
100000,3,2,3,2,2,2,2,2,2,43677,42674,45983,46927,47759,46865,0,4000,2000,1900,0,2000,56323,57326,54017,53073,52241,53135,263985,1
200000,1,2,2,-2,-2,-2,-2,-2,-2,1324,0,0,0,0,0,0,0,0,0,0,0,198676,200000,200000,200000,200000,200000,1324,0
80000,2,2,1,2,2,2,2,2,2,72674,74192,72464,76613,77908,76034,3300,0,6000,3100,0,4200,7326,5808,7536,3387,2092,3966,433285,0
210000,1,4,2,-2,-2,-2,-2,-2,-2,19959,1592,-2,560,6190,243,1603,0,562,6196,243,4061,190041,208408,210002,209440,203810,209757,15877,0
180000,1,4,2,-2,-2,-2,-2,-2,-2,0,0,0,0,0,0,0,0,0,0,0,0,180000,180000,180000,180000,180000,180000,0,0
70000,2,2,2,-1,-1,-1,-1,-1,-1,66701,69907,67450,61902,19551,27831,53000,26017,40000,17000,24000,28000,3299,93,2550,8098,50449,42169,125325,0
60000,2,4,2,-1,-1,-1,-1,-1,-1,57724,56597,50766,47022,31606,30820,2000,5015,2000,3000,1300,1500,2276,3403,9234,12978,28394,29180,259720,0
200000,1,2,3,-1,-1,-1,-1,-1,-1,950,950,950,950,0,1900,950,950,950,0,1900,950,199050,199050,199050,199050,200000,198100,0,0
50000,2,4,3,-1,-1,-1,-1,-1,-1,879,8061,8290,7838,7998,8161,8061,1398,1000,160,163,9217,49121,41939,41710,42162,42002,41839,21228,0
50000,3,2,3,1,2,-1,3,2,-1,8354,6024,116,116,9982,8143,0,116,0,10040,400,2272,41646,43976,49884,49884,40018,41857,19907,1
70000,2,2,3,-1,-1,-1,2,-1,-1,68953,68908,68799,65250,53934,54149,3000,3810,2010,2054,2000,1872,1047,1092,1201,4750,16066,15851,365247,0
130000,2,2,3,-1,-1,-1,-1,-1,-1,23575,17719,12167,6500,6788,6887,1300,1200,1000,6788,6900,13041,106425,112281,117833,123500,123212,123113,43407,0
140000,2,2,3,-2,-2,-2,-2,-2,-2,0,0,0,0,0,0,0,0,0,0,0,0,140000,140000,140000,140000,140000,140000,0,0
350000,3,2,2,-1,-1,-1,-1,-1,-1,42548,41593,40375,37959,36416,34875,2000,2000,2000,1200,1200,1500,307452,308407,309625,312041,313584,315125,223866,0
150000,1,4,2,-1,-1,-1,-1,-2,-2,7674,432,2232,0,0,0,432,2000,0,0,0,5757,142326,149568,147768,150000,150000,150000,2149,0
50000,2,2,2,-1,-1,-1,-1,-1,-1,32802,31002,32115,31824,32498,21757,1497,2000,1000,1064,1059,290,17198,18998,17885,18176,17502,28243,175088,0
50000,3,2,3,-1,-1,-1,-2,-2,-2,38909,14512,0,0,0,0,1000,0,0,0,0,0,11091,35488,50000,50000,50000,50000,52421,0
30000,2,4,2,-1,-1,-1,-1,-1,-1,11896,12990,14073,15131,15579,16175,1600,1600,1600,1000,1000,1000,18104,17010,15927,14869,14421,13825,78044,0
20000,3,2,2,-1,-1,-1,-1,-1,-1,15894,15354,14786,16457,15423,14837,1225,1329,2000,2000,700,1500,4106,4646,5214,3543,4577,5163,83997,0
50000,2,4,2,-1,-1,-1,-1,-1,-1,26740,12498,16264,17918,16072,17041,2000,4000,2000,1000,2000,2396,23260,37502,33736,32082,33928,32959,93137,0
30000,2,4,3,2,2,2,2,2,2,15089,16039,17080,17302,17521,17893,1500,1600,800,800,800,800,14911,13961,12920,12698,12479,12107,94624,1
230000,4,4,3,-1,-1,-1,2,-1,-1,8394,5743,1336,255,5425,4838,5743,1598,0,5425,4838,3840,221606,224257,228664,229745,224575,225162,4547,0
70000,3,2,3,2,2,-1,-1,-1,-1,85863,78125,68899,69131,29289,29898,0,1378,70000,1185,1220,1119,-15863,-8125,1101,869,40711,40102,286303,1
30000,2,4,3,-1,-1,-1,-1,2,2,15013,15856,18083,20275,20445,20971,1400,2500,2500,800,1000,800,14987,14144,11917,9725,9555,9029,101643,0
150000,3,2,2,-1,-1,2,-1,-1,-1,147350,154848,151591,151549,146417,137835,11150,0,4845,8046,9200,5100,2650,-4848,-1591,-1549,3583,12165,851249,0
40000,2,2,2,-1,-1,-1,-1,-1,-1,19537,20416,21151,21884,26213,30480,1500,1356,1380,5000,5000,1128,20463,19584,18849,18116,13787,9520,124317,0
250000,2,2,2,-1,-1,-1,-1,-1,-1,142905,113367,93844,74441,74553,64640,4000,4100,3010,2205,2045,2200,107095,136633,156156,175559,175447,185360,546190,0
200000,2,2,3,1,2,2,-1,-1,2,30783,33017,30413,32582,34727,36036,3058,0,3000,3000,2002,0,169217,166983,169587,167418,165273,163964,186498,0
190000,2,2,2,1,-1,-1,2,-1,-1,-92,465,3022,1397,1554,1561,2000,4000,0,1600,1600,1700,190092,189535,186978,188603,188446,188439,-2993,0
390000,1,2,2,-1,-1,-1,-1,-1,-1,5602,48329,45281,31219,24962,17002,48329,2287,1500,4962,815,10000,384398,341671,344719,358781,365038,372998,104502,0
20000,3,2,2,-1,-1,2,-1,-1,-1,14822,17216,17541,18300,19100,2200,3641,900,1200,1000,100,0,5178,2784,2459,1700,900,17800,82338,1
200000,2,2,3,-1,-1,-1,-1,-1,-1,193229,197253,158980,157837,127528,119550,9058,7260,7367,4303,4551,4411,6771,2747,41020,42163,72472,80450,917427,0
60000,2,2,2,-1,-1,-1,-1,-1,-1,58890,59620,60039,58887,29050,26055,2620,2906,2588,1055,2058,1339,1110,380,-39,1113,30950,33945,279975,0
30000,2,4,2,-1,-1,-1,2,-1,-1,28144,27470,30698,28981,27673,27826,2000,4000,0,1000,1000,0,1856,2530,-698,1019,2327,2174,162792,0
230000,2,4,2,-2,-1,-1,-1,-1,-1,845,53006,50879,50660,51282,53162,53021,2280,2133,1138,3186,1179,229155,176994,179121,179340,178718,176838,196897,0
130000,2,2,2,-1,-1,-1,-1,-1,-1,84963,83958,84906,85690,85892,87996,2980,4012,3885,3158,4704,3218,45037,46042,45094,44310,44108,42004,491448,0
140000,2,2,3,-1,-1,-1,-1,-1,-1,127254,109717,81545,81454,60176,79728,6050,3700,2000,3000,20000,1500,12746,30283,58455,58546,79824,60272,503624,1
360000,1,2,3,1,-2,-2,-2,-2,-2,0,0,0,0,0,0,0,0,0,0,0,0,360000,360000,360000,360000,360000,360000,0,0
20000,1,4,2,3,2,2,2,2,-1,6186,5941,8541,8560,8274,9135,0,2869,305,0,1000,1000,13814,14059,11459,11440,11726,10865,41463,1
100000,2,4,2,-1,-1,-1,-1,-1,-1,1046,2700,2187,678,2040,944,2702,2187,678,2040,0,0,98954,97300,97813,99322,97960,99056,1988,0
210000,2,4,3,1,-2,-2,-2,-2,-2,0,0,0,0,0,0,0,0,0,0,0,0,210000,210000,210000,210000,210000,210000,0,0
50000,3,2,2,-1,-1,-1,-1,-1,-1,1442,1444,1447,1261,1261,1261,1444,1447,1261,1261,1261,91,48558,48556,48553,48739,48739,48739,1351,0
380000,1,2,3,-1,-1,-1,-1,-1,-1,365023,365445,350474,342569,307959,309709,14320,15065,13017,15026,12017,12031,14977,14555,29526,37431,72041,70291,1959703,0
50000,1,4,2,-1,-1,-1,-1,-1,-1,47381,48697,48322,45353,19426,19857,2116,2320,1300,1000,700,600,2619,1303,1678,4647,30574,30143,221000,0
200000,2,4,2,-2,-2,-2,-2,-2,-2,4690,2026,4900,1508,2451,2966,2028,4942,1508,2467,2972,6317,195310,197974,195100,198492,197549,197034,-1693,0
50000,1,2,2,-1,-1,-1,-1,-1,-1,46791,42675,34256,30723,19766,20449,1593,1855,1341,706,1000,5454,3209,7325,15744,19277,30234,29551,182711,0
150000,1,2,2,-1,-1,-1,-1,-1,-1,138121,145763,134887,105822,86341,88072,10001,6712,5500,3400,3201,3403,11879,4237,15113,44178,63659,61928,666789,0
30000,2,2,2,-1,-1,-1,-1,-2,-2,17168,28655,29239,9435,724,724,12155,2000,1920,724,724,3294,12832,1345,761,20565,29276,29276,65128,1
30000,2,4,2,1,2,-1,-1,-1,-1,29678,28878,26758,27462,28014,29826,0,1751,1455,1007,2268,0,322,1122,3242,2538,1986,174,164135,1
110000,2,2,2,-1,-1,-1,-1,-1,-1,132062,126641,120209,112912,85884,87764,5000,5000,3600,3200,4000,3000,-22062,-16641,-10209,-2912,24116,22236,641672,0
30000,2,2,2,-1,-1,-1,-1,-1,2,19707,21022,22080,22810,25772,26360,1650,1700,1400,3355,1146,0,10293,8978,7920,7190,4228,3640,128500,0
130000,2,2,2,1,-2,-2,-2,-2,-2,0,0,0,0,0,0,0,0,0,0,0,0,130000,130000,130000,130000,130000,130000,0,0
260000,2,2,2,2,2,-1,-1,2,-1,238601,228443,233958,252615,186443,190345,0,10698,24799,0,7035,7078,21399,31557,26042,7385,73557,69655,1280795,1
30000,2,2,3,2,2,2,2,2,2,28264,28703,26622,24022,24368,20859,2000,1300,2,1608,0,900,1736,1297,3378,5978,5632,9141,147028,1
220000,2,4,3,-1,-1,-1,-1,-1,-1,137736,130527,127116,121336,121736,119164,5100,6540,5000,5000,5000,4600,82264,89473,92884,98664,98264,100836,726375,0
120000,1,2,2,-1,-1,-1,-1,-1,-1,35563,25614,19747,1201,2333,2250,1426,6400,1500,2700,0,0,84437,94386,100253,118799,117667,117750,74682,1
100000,2,4,3,-1,-1,-1,2,2,-1,51146,54716,58766,58950,56889,60255,5000,5500,2300,0,5000,5000,48854,45284,41234,41050,43111,39745,317922,0
100000,2,2,2,-1,-1,-1,-1,-1,-1,88231,91090,95935,78939,28667,29549,4326,7400,2914,1500,1500,1500,11769,8910,4065,21061,71333,70451,393271,1
70000,2,4,3,-1,-1,-1,-1,-1,-1,79696,75167,75183,69385,30103,3752,3100,1600,94540,1124,100,3091,-9696,-5167,-5183,615,39897,66248,229731,1
20000,2,2,3,1,2,-1,-1,-1,-1,13254,12749,13834,14894,15050,16251,0,1600,1600,700,1601,1620,6746,7251,6166,5106,4950,3749,78911,1
320000,1,2,2,-1,2,-1,-1,-1,-1,7868,6728,13355,16876,20443,24101,0,8000,5000,5000,5000,11906,312132,313272,306645,303124,299557,295899,54465,0
210000,2,2,3,-1,-1,-1,-1,-1,-1,209495,213691,214177,192223,125412,113281,8000,10730,7100,4052,4000,3300,505,-3691,-4177,17777,84588,96719,1031097,0
90000,3,2,2,-1,-1,-1,-1,-1,-1,78159,82779,86905,88310,79842,81235,8000,7500,4000,3000,2700,17000,11841,7221,3095,1690,10158,8765,455030,0
120000,3,2,2,-1,-1,-1,-1,-1,2,91914,94638,96290,97913,102959,104872,4260,4371,4425,7900,4000,0,28086,25362,23710,22087,17041,15128,563630,0
360000,2,2,2,-1,-1,-1,-1,-1,-2,127548,61629,59194,59444,-2206,-2206,2145,3721,2839,1303,0,0,232452,298371,300806,300556,362206,362206,293395,0
140000,3,2,2,-1,-1,-1,-1,2,-1,93157,96304,98007,82227,65000,60848,4700,4505,12906,0,2210,2300,46843,43696,41993,57773,75000,79152,468922,0
300000,1,2,2,-1,-1,-1,-1,-1,-1,3092,1589,2039,13926,13804,11600,1589,2039,13926,1304,0,5355,296908,298411,297961,286074,286196,288400,21837,0
90000,2,2,3,2,-1,2,-1,-1,-1,390,780,390,780,390,780,780,0,780,0,780,0,89610,89220,89610,89220,89610,89220,1170,1
170000,3,4,3,1,-1,-1,-1,-1,-2,0,4142,2260,5053,0,0,4142,2260,5053,0,0,0,170000,165858,167740,164947,170000,170000,0,1
190000,2,2,3,-1,-1,-1,-1,-1,-1,140626,114690,110884,111200,87619,92418,8000,5000,12028,5000,10418,5000,49374,75310,79116,78800,102381,97582,611991,0
140000,2,2,3,-1,-1,-1,-1,-1,-1,815,8397,390,390,780,390,8419,390,390,780,0,390,139185,131603,139610,139610,139220,139610,793,1
200000,1,2,2,-1,-1,-1,-1,2,2,37958,40487,41590,43967,44722,46032,3023,1600,2900,1600,2000,0,162042,159513,158410,156033,155278,153968,243633,0
500000,2,2,3,-1,-1,-2,-1,-1,-1,53477,0,0,113904,116168,117375,0,0,113904,4130,4356,4103,446523,500000,500000,386096,383832,382625,274431,0
300000,1,2,2,-1,-1,-1,-1,-1,-1,2884,3558,2778,2778,5367,2589,3558,2778,2778,5367,0,3661,297116,296442,297222,297222,294633,297411,1812,0
180000,2,4,1,-1,-1,-1,-1,-1,-1,151652,146805,143134,136777,133938,133723,6000,7000,5000,5000,5000,4679,28348,33195,36866,43223,46062,46277,813350,0
360000,3,2,3,-1,-1,-1,-1,-1,-1,2877,1852,2068,2185,9561,321,1861,2078,2361,9608,322,322,357123,358148,357932,357815,350439,359679,2312,0
90000,2,2,2,-1,-1,-1,-1,-1,-1,68248,57751,45074,38489,28558,29245,2388,2000,2412,1200,1300,1200,21752,32249,44926,51511,61442,60755,256865,0
150000,2,2,3,-2,-2,-2,-2,-2,-2,0,0,0,0,0,0,0,0,0,0,0,0,150000,150000,150000,150000,150000,150000,0,0
500000,1,2,2,-1,-1,-1,-1,-1,-1,224387,165727,119760,72506,60548,57212,10100,7041,4123,5039,5071,3548,275613,334273,380240,427494,439452,442788,665218,0
80000,2,4,1,-1,-1,-1,-1,-1,-1,24822,25824,26605,27920,28358,29000,1720,1500,1762,1200,1250,3200,55178,54176,53395,52080,51642,51000,151897,0
10000,3,4,3,1,2,-1,2,-1,-1,4474,189,3510,3306,3551,5577,0,3510,0,300,2260,2000,5526,9811,6490,6694,6449,4423,12537,1
180000,1,2,3,-1,-1,-1,-1,-1,-1,9509,15419,14188,11926,9718,34322,16359,14293,11949,9737,34449,25691,170491,164581,165812,168074,170282,145678,-17396,0
150000,4,4,2,-1,-1,-1,-1,-1,-1,144833,141559,80614,110343,64419,18536,6041,13013,64442,3000,2000,4000,5167,8441,69386,39657,85581,131464,467808,0
80000,1,2,3,-1,-1,-1,-1,-1,-1,14686,3673,11285,500,500,6155,3673,11285,500,500,6155,1440,65314,76327,68715,79500,79500,73845,13246,0
60000,2,2,2,1,2,-1,-1,2,2,14135,13616,16065,18092,17504,19216,0,3000,2300,0,2000,0,45865,46384,43935,41908,42496,40784,91328,1
240000,1,2,2,-1,-1,-1,-1,-1,-1,380,380,380,380,0,380,380,380,380,0,380,760,239620,239620,239620,239620,240000,239620,-380,0
50000,3,2,2,-1,-1,-1,-1,-1,-1,10458,37907,33604,25303,17841,6980,37907,1599,1200,0,0,3570,39542,12093,16396,24697,32159,43020,87817,0
230000,1,4,2,-1,-1,-1,-1,-1,-1,19518,21735,22599,20600,24132,38793,3735,3599,3600,4132,15000,5865,210482,208265,207401,209400,205868,191207,111446,0
40000,2,4,2,-1,-1,-1,-1,-1,-1,34253,34954,36093,36891,37019,40734,1567,2000,2000,1318,4610,0,5747,5046,3907,3109,2981,-734,208449,0
250000,2,2,2,3,2,2,-2,-2,-2,2500,2500,0,0,0,0,0,0,0,0,0,0,247500,247500,250000,250000,250000,250000,5000,1
50000,2,2,2,1,2,2,2,-1,-1,51132,49594,50292,48532,27308,27539,0,4800,0,1200,1200,1400,-1132,406,-292,1468,22692,22461,245797,0
120000,3,2,2,2,2,2,2,4,3,49437,51505,53582,58310,57150,55961,3500,3500,6200,358,0,2100,70563,68495,66418,61690,62850,64039,310287,1
50000,3,4,3,2,2,2,2,2,2,23043,24064,24981,25473,25857,26298,1700,1600,1200,1100,1000,0,26957,25936,25019,24527,24143,23702,143116,1
60000,2,2,2,-1,-1,-1,-1,-1,-1,55120,47123,48367,48264,29144,27534,1735,1979,1443,988,974,2001,4880,12877,11633,11736,30856,32466,246432,0
160000,3,4,2,-1,-1,-1,-1,-1,-1,92509,88281,80435,79969,77108,76579,3472,3604,2972,3000,2228,2201,67491,71719,79565,80031,82892,83421,477404,0
50000,2,2,3,-1,-1,-1,-1,-2,-2,17870,9230,10000,0,0,0,1500,1000,0,0,0,0,32130,40770,40000,50000,50000,50000,34600,1
400000,1,2,3,-1,2,2,-2,-1,-1,1908,1442,8162,-1010,3332,331,0,8513,457,4903,313,4816,398092,398558,391838,401010,396668,399669,-4837,0
50000,2,6,2,-1,-1,-1,-1,-1,-1,49005,49407,45881,45784,50072,49112,6000,5000,5000,8000,4000,4000,995,593,4119,4216,-72,888,257261,0
100000,3,4,2,-1,-1,-1,-1,-1,-1,15856,510,2279,1796,466,466,510,2279,1730,466,466,468,84144,99490,97721,98204,99534,99534,15454,0
100000,2,4,2,-1,-1,-1,-1,-1,-1,22173,22776,23837,24166,24216,24901,1372,1829,1554,1000,1000,586,77827,77224,76163,75834,75784,75099,134728,0
360000,1,4,2,-1,-1,-1,-1,-1,-1,1555,6392,3773,17917,21057,0,6000,3000,18117,5371,0,0,358445,353608,356227,342083,338943,360000,18206,0
30000,3,4,3,-1,-1,-1,-1,-1,-1,12001,12450,12040,12739,7610,7000,1485,1301,1000,152,140,780,17999,17550,17960,17261,22390,23000,58982,0
50000,2,2,2,-1,-1,-1,-1,-1,-1,36062,36345,10529,8337,2475,0,1500,1847,1000,0,0,0,13938,13655,39471,41663,47525,50000,89401,0
80000,2,2,1,2,-1,-1,-1,-1,-1,52062,49884,22348,22063,8723,7254,2158,1708,1411,4,21,220,27938,30116,57652,57937,71277,72746,156812,1
150000,2,4,1,-1,-1,-1,-1,-1,-1,326,326,326,326,652,326,326,326,326,652,0,326,149674,149674,149674,149674,149348,149674,326,0
10000,3,2,2,2,2,2,-1,-1,-1,7708,9912,9608,9639,9985,11084,2500,0,1200,500,1400,1,2292,88,392,361,15,-1084,52335,0
200000,2,2,2,-1,-1,-1,-1,-1,-1,3773,7677,14704,8000,10285,16285,4000,7240,2000,2285,6000,1500,196227,192323,185296,192000,189715,183715,37699,0
30000,2,4,3,-1,-1,2,-1,-1,-1,836,1672,836,390,390,390,1672,0,390,390,390,0,29164,28328,29164,29610,29610,29610,1672,0
220000,1,2,2,-1,-1,-1,-1,-1,-1,152197,154167,158981,162348,164162,168013,6000,7300,7500,6000,6500,7000,67803,65833,61019,57652,55838,51987,919568,0
180000,1,4,1,-1,-1,-1,-1,-1,-1,161694,166198,168711,172263,174127,176335,7500,7000,7189,6000,5100,10000,18306,13802,11289,7737,5873,3665,976539,0
220000,1,4,2,-1,-1,-1,-1,-1,-1,204491,176733,174680,61523,61415,61982,7000,7500,2369,2000,2078,2500,15509,43267,45320,158477,158585,158018,717377,0
220000,1,4,1,-2,-2,-2,-1,-1,-1,0,799,0,5501,3816,15448,799,0,5501,3816,15448,4179,220000,219201,220000,214499,216184,204552,-4179,0
390000,2,4,2,-1,-1,-1,-1,-1,-1,45818,144656,148366,99008,69990,71935,100000,6000,3704,2741,3314,2556,344182,245344,241634,290992,320010,318065,461458,0
350000,2,2,2,1,-2,-2,-2,-1,-1,0,0,0,0,11525,11760,0,0,0,11525,235,2270,350000,350000,350000,350000,338475,338240,9255,0
560000,2,2,3,-1,-1,-1,-1,-1,-1,374663,382010,379652,387706,334908,341884,13195,13510,14292,11553,12130,11703,185337,177990,180348,172294,225092,218116,2124440,1
240000,1,2,2,-1,-1,-1,-1,-1,-1,173677,176304,355496,176402,174440,172806,8000,9500,12448,6155,6453,6390,66323,63696,-115496,63598,65560,67194,1180179,1
410000,2,2,3,-1,-1,-1,-1,-1,-1,6917,7548,8726,9760,9570,8935,1130,2000,2200,312,500,363,403083,402452,401274,400240,400430,401065,44951,0
90000,2,4,2,1,-2,-2,-2,-2,-2,0,0,0,0,0,0,0,0,0,0,0,3500,90000,90000,90000,90000,90000,90000,-3500,1
30000,1,4,2,-1,-1,-1,2,-1,-1,28803,28635,30217,28919,29302,28603,1800,3600,0,1500,1500,3300,1197,1365,-217,1081,698,1397,162779,0
40000,2,2,2,1,2,2,2,2,2,23734,24644,25749,26127,26401,25839,1600,1800,1100,1000,0,2300,16266,15356,14251,13873,13599,14161,144694,1
60000,2,4,3,-1,-1,-1,-1,-1,-1,39518,39558,41690,21151,30059,13046,1870,3002,1364,10000,474,490,20482,20442,18310,38849,29941,46954,167822,0
390000,2,2,3,-1,-1,-1,-1,-1,-1,216622,214504,212726,210556,208317,205339,7244,7500,7228,7103,7214,7000,173378,175496,177274,179444,181683,184661,1224775,0
130000,2,2,2,-1,-1,-1,-1,-1,-1,80713,93349,68158,69208,54677,59601,28000,3500,3000,3000,10000,3500,49287,36651,61842,60792,75323,70399,374706,0
90000,2,4,2,3,2,2,2,-1,-1,27565,28613,29364,28596,30120,31285,1800,1500,0,2000,1650,1000,62435,61387,60636,61404,59880,58715,167593,1
300000,2,2,2,-1,-1,-1,-1,-1,-1,147051,138726,139649,104245,56788,57920,6700,5800,5000,2200,2200,2600,152949,161274,160351,195755,243212,242080,619879,0
220000,1,2,2,-1,-1,-1,-1,-1,-1,204205,210183,212877,189161,180715,171449,20000,10000,8140,8000,7000,10000,15795,9817,7123,30839,39285,48551,1105450,0
20000,1,4,2,-1,-1,3,3,2,2,11391,16180,16635,16082,15529,16525,5000,1000,0,0,1400,0,8609,3820,3365,3918,4471,3475,84942,0
140000,3,2,2,-1,-1,-1,-1,-1,-1,119184,130939,90894,85805,85907,88615,14113,5000,3000,4000,4000,10000,20816,9061,49106,54195,54093,51385,561231,0
150000,4,2,3,-1,-1,-1,-1,-1,-1,89327,90666,91721,93063,92758,93876,4539,4218,4204,3296,3408,3416,60673,59334,58279,56937,57242,56124,528330,0
120000,3,2,3,-1,-1,-1,-1,-1,-1,16735,18150,19528,19065,18617,21381,2000,2000,2000,1000,3000,2000,103265,101850,100472,100935,101383,98619,101476,0
200000,2,2,2,1,2,-1,-1,-1,-1,7841,7569,9282,10155,12470,13571,0,2000,1155,2470,1265,0,192159,192431,190718,189845,187530,186429,53998,0
20000,2,2,3,-1,-1,-1,-1,-1,-1,4314,5190,6554,6895,5844,6079,1500,2000,1032,155,1000,0,15686,14810,13446,13105,14156,13921,29189,1
110000,2,2,3,2,2,2,2,2,2,23078,25883,25182,28945,28183,29869,3200,0,4200,0,2300,0,86922,84117,84818,81055,81817,80131,151440,1
290000,2,4,2,-1,-1,-1,-1,-1,-1,305781,310403,315048,314085,317631,315820,12012,12012,12012,11016,11088,12031,-15781,-20403,-25048,-24085,-27631,-25820,1808597,0
210000,3,2,3,-1,-1,-1,-1,-1,-1,124147,81641,54971,37849,42240,32981,5000,5000,4000,5000,1500,4000,85853,128359,155029,172151,167760,177019,349329,0
370000,2,4,3,-2,-1,-1,-1,-1,2,11403,191438,189957,188960,195476,184094,191446,7002,6854,15960,0,122400,358597,178562,180043,181040,174524,185906,617666,0
80000,3,6,3,-1,-1,-1,-1,-1,-1,69964,52041,39864,38934,38816,38850,3082,2500,2200,2000,2000,2000,10036,27959,40136,41066,41184,41150,264687,0
200000,3,2,3,-2,-2,-2,-2,-2,-2,1261,1261,1261,1261,1261,1256,1261,1261,1261,1261,1256,1880,198739,198739,198739,198739,198739,198744,-619,0
180000,2,2,2,-1,-1,-1,-1,-2,-2,1264,176,1247,0,0,0,176,1247,0,0,0,1768,178736,179824,178753,180000,180000,180000,-504,0
260000,2,4,2,-1,-1,-1,-1,-1,-1,131211,132175,133289,134642,137065,108328,4001,4215,4101,4000,3300,3300,128789,127825,126711,125358,122935,151672,753793,0
50000,2,2,3,-1,-1,2,2,-1,-1,17102,19805,21188,20550,21209,21713,3000,2000,0,1000,1000,1000,32898,30195,28812,29450,28791,28287,113567,1
150000,3,2,3,-1,-1,-1,-1,-1,-1,5916,5876,5956,5876,5496,5116,5876,5956,5876,5496,5116,5496,144084,144124,144044,144124,144504,144884,420,0
190000,3,2,3,-1,-1,-1,-1,-1,-1,76433,78472,80548,81778,83082,84811,3300,3331,3359,2663,2751,3000,113567,111528,109452,108222,106918,105189,466720,0
160000,2,4,3,-1,-1,-1,-1,-1,-1,13849,40862,2239,552,19367,-1,40991,2252,553,19425,0,649,146151,119138,157761,159448,140633,160001,12998,0
180000,2,2,2,-1,-1,-1,-1,-1,-1,107337,48433,46325,47354,48323,49416,2000,1771,1800,1750,1893,2000,72663,131567,133675,132646,131677,130584,335974,0
130000,2,4,2,-1,-1,-1,-1,-1,-1,7469,8472,9143,9741,9713,9458,1138,1173,1138,477,400,600,122531,121528,120857,120259,120287,120542,49070,0
30000,2,2,3,-1,-1,2,2,2,2,27119,29243,31037,30908,29969,29488,2894,2559,800,600,1000,0,2881,757,-1037,-908,31,512,169911,0
100000,2,2,2,1,2,2,2,2,-1,32196,31379,33862,35007,34147,35437,0,3000,2000,0,2000,3500,67804,68621,66138,64993,65853,64563,191528,1
20000,2,4,2,1,2,-1,-1,-1,2,16174,15617,16646,17648,18819,17992,0,1285,1287,1458,0,644,3826,4383,3354,2352,1181,2008,98222,1
100000,2,2,3,-1,-1,-1,-1,-1,-1,1597,2491,1709,574,556,2306,2491,1709,574,556,2306,2562,98403,97509,98291,99426,99444,97694,-965,0
20000,2,2,3,-1,-1,-1,-1,-1,-1,10470,10186,9936,10790,230,-160,1145,1546,1400,390,73,19371,9530,9814,10064,9210,19770,20160,17527,0
20000,2,2,2,2,-1,-1,2,2,2,5890,7282,9455,9154,10001,10046,1500,2454,0,1000,350,0,14110,12718,10545,10846,9999,9954,46524,1
20000,3,4,3,-1,-1,-1,-1,-1,-1,17332,18600,17947,18758,19292,19201,1580,1367,1178,712,742,2000,2668,1400,2053,1242,708,799,103551,0
50000,3,2,3,2,-1,-1,-1,2,2,31422,32420,33462,36199,36803,37566,1521,1563,3300,1500,1500,1600,18578,17580,16538,13801,13197,12434,196888,1
110000,2,2,2,2,2,-1,-1,-1,2,41619,40650,41744,42783,47476,45355,0,1750,1750,5400,700,1000,68381,69350,68256,67217,62524,64645,249027,1
60000,2,2,3,-1,-1,-1,-1,-1,-1,50806,50980,51874,51808,16941,17295,2000,2100,1400,600,1000,1000,9194,9020,8126,8192,43059,42705,231604,1
50000,2,4,2,1,2,-1,-1,-2,-2,50421,41408,35929,0,0,0,0,2180,0,0,0,0,-421,8592,14071,50000,50000,50000,125578,0
200000,1,4,3,2,2,-1,-1,-1,2,185696,181236,185410,189069,197736,183299,0,8600,8300,13257,917,7000,14304,18764,14590,10931,2264,16701,1084372,1
360000,2,2,3,-2,-2,-2,-2,-2,-2,0,0,0,0,0,0,0,0,0,0,0,0,360000,360000,360000,360000,360000,360000,0,0
110000,2,2,2,-1,-1,-1,-1,-1,-1,46640,47686,48737,50157,51560,52965,1600,1600,2000,2000,2000,2000,63360,62314,61263,59843,58440,57035,286545,0
230000,2,2,3,-1,-1,-1,-1,-1,-1,207,4090,5848,6849,9331,12687,4999,2655,1919,3400,3920,6655,229793,225910,224152,223151,220669,217313,15464,0
180000,2,4,2,-1,-1,-1,-1,-2,-2,2875,0,2125,0,0,0,0,2125,0,0,0,0,177125,180000,177875,180000,180000,180000,2875,0
180000,2,4,2,-2,-1,-1,-2,-2,-2,0,1152,3338,0,0,0,1152,3338,0,0,0,0,180000,178848,176662,180000,180000,180000,0,0
50000,2,4,3,-1,-1,-1,-1,-1,-1,48080,48062,48667,49311,24663,24854,1763,2112,1756,324,336,351,1920,1938,1333,689,25337,25146,236995,0
570000,1,2,2,-2,-2,-2,-2,-2,-2,2394,3872,3635,5130,7563,4889,3882,3653,5145,7573,4894,4232,567606,566128,566365,564870,562437,565111,-1896,0
30000,2,2,3,1,2,2,2,2,2,13440,13923,17194,16625,17442,18016,1000,3500,0,1400,1000,1000,16560,16077,12806,13375,12558,11984,88740,0
140000,2,2,3,-1,-1,-1,-1,-1,-1,264,1024,264,1024,264,264,1024,528,1024,264,264,414,139736,138976,139736,138976,139736,139736,-414,0
50000,2,2,3,-1,-1,-1,-1,-1,-1,3351,4368,5391,6401,6528,6664,1077,1100,1106,233,241,243,46649,45632,44609,43599,43472,43336,28703,1
50000,1,2,2,-1,-1,2,2,2,-1,44487,47438,46400,49276,48286,47915,4000,0,3700,0,2000,6000,5513,2562,3600,724,1714,2085,268102,1
120000,1,4,2,1,-2,-1,-1,-1,-1,0,0,234,4394,3164,5700,0,234,4394,3164,5700,300,120000,120000,119766,115606,116836,114300,-300,1
120000,1,4,2,-1,-1,-1,-1,-1,-1,2776,2549,2558,2577,249,1976,2549,2558,2577,0,1976,1000,117224,117451,117442,117423,119751,118024,2025,1
50000,2,4,3,-2,-2,-2,-2,-2,-2,330,330,4975,4810,330,330,330,4975,4838,330,330,330,49670,49670,45025,45190,49670,49670,-28,0
180000,2,2,3,-1,-1,-1,-1,-1,-2,899,2879,8750,9931,0,7760,2879,8750,9931,0,7760,3450,179101,177121,171250,170069,180000,172240,-2551,0
80000,3,2,3,-1,-1,-2,-2,-2,-2,71650,0,0,0,0,0,0,0,0,0,0,0,8350,80000,80000,80000,80000,80000,71650,0
300000,1,2,3,-2,-2,-2,-2,-2,-2,-763,-754,-745,-1302,-527,-518,1000,1000,1100,1100,1000,2500,300763,300754,300745,301302,300527,300518,-12309,0
80000,1,2,2,-1,-1,-2,-2,-2,-2,1330,0,0,0,0,0,0,0,0,0,0,0,78670,80000,80000,80000,80000,80000,1330,0
70000,2,4,2,2,-1,-1,-1,-1,-1,71332,71122,70012,66541,31609,31259,2744,3239,3405,1085,1102,1155,-1332,-1122,-12,3459,38391,38741,329145,1
320000,2,2,3,-1,-1,-1,-1,-1,-1,96225,99606,100704,208794,213025,217400,5000,2704,108794,5123,5255,5333,223775,220394,219296,111206,106975,102600,803545,0
500000,1,4,2,-1,-1,-1,-1,-1,-1,12590,13598,14650,15559,14861,15173,1225,1277,1186,478,496,509,487410,486402,485350,484441,485139,484827,81260,0
250000,1,4,2,-1,-1,-1,-1,-1,-1,4807,10446,17904,99464,86180,36038,10446,17911,99738,4055,0,0,245193,239554,232096,150536,163820,213962,122689,0
230000,2,2,3,-1,-1,-1,-1,-1,-1,8136,3590,2936,476,476,476,1500,1000,476,476,476,1685,221864,226410,227064,229524,229524,229524,10477,0
80000,3,2,3,-1,-1,-1,-1,-1,-1,35401,36399,37689,38580,39104,39484,1587,1877,1768,1292,900,1365,44599,43601,42311,41420,40896,40516,217868,0
170000,2,2,3,2,-1,2,-1,-1,-1,193,3760,3500,7190,9000,0,3760,0,7190,9000,0,0,169807,166240,166500,162810,161000,170000,3693,1
110000,3,6,2,-1,-1,-1,-1,-1,-1,89955,89989,84229,79288,73315,63818,7908,4000,5000,3000,3000,3000,20045,20011,25771,30712,36685,46182,454686,0
240000,1,4,2,-1,-1,-2,-2,-2,-1,43601,-15,-15,-15,-15,1185,0,0,0,0,1200,0,196399,240015,240015,240015,240015,238815,43526,0
150000,3,2,3,-1,-1,-1,-1,-1,-1,61510,62731,64047,65966,66671,68067,2240,2321,2980,2400,2468,2611,88490,87269,85953,84034,83329,81933,373972,0
90000,3,2,2,-1,-1,-1,-1,-1,-1,91193,91078,86785,79894,50546,34427,7006,5026,7031,6000,1345,1500,-1193,-1078,3215,10106,39454,55573,406015,0
100000,2,2,2,2,-1,-1,-1,-1,-1,101483,101638,101461,101461,91752,91532,4500,5000,4000,3300,3400,15003,-1483,-1638,-1461,-1461,8248,8468,554124,1
30000,2,2,3,2,2,-1,-1,-1,-1,30149,28117,27761,28053,28249,23580,0,2000,1507,3100,3100,3100,-149,1883,2239,1947,1751,6420,153102,1
80000,2,2,3,2,-1,-1,-2,-2,-2,80934,82150,0,0,0,0,3800,0,0,0,0,0,-934,-2150,80000,80000,80000,80000,159284,1
260000,2,2,3,-1,-1,-1,-1,-1,-1,8046,2184,15475,10981,8566,4741,2184,15482,2000,3000,1000,5125,251954,257816,244525,249019,251434,255259,21202,1
200000,3,2,3,-1,-1,-1,-1,-1,-1,623,623,5477,623,623,773,623,5477,623,623,773,623,199377,199377,194523,199377,199377,199227,0,0
20000,3,2,2,2,3,2,2,3,2,15307,14769,15232,16677,16119,16548,0,1000,2000,0,1000,1000,4693,5231,4768,3323,3881,3452,89652,1
160000,1,4,2,-1,2,-1,-1,-1,-1,1494,696,1395,898,894,2198,2,1399,903,896,2204,786,158506,159304,158605,159102,159106,157802,1385,1
70000,2,4,2,1,2,2,2,2,2,21047,22102,22949,23275,23596,23078,1700,1500,1000,1000,0,2100,48953,47898,47051,46725,46404,46922,128747,0
20000,2,2,3,-1,-1,-1,-1,-1,-1,6459,7470,8492,9547,20766,12197,1123,1145,1200,2000,3000,1000,13541,12530,11508,10453,-766,7803,55463,0
200000,1,2,3,-1,-1,-1,-1,-2,-2,632,337,670,0,0,0,337,670,0,0,0,451,199368,199663,199330,200000,200000,200000,181,0
440000,3,2,3,-1,-1,-1,-1,-1,-1,386288,367400,347445,354373,307773,293357,14453,12611,13022,10572,10270,10722,53712,72600,92555,85627,132227,146643,1984986,0
20000,3,2,3,4,3,2,2,-1,-1,20461,19833,20502,19461,19244,20130,0,1700,0,800,1600,1000,-461,167,-502,539,756,-130,114531,0
110000,1,2,2,-1,-1,-1,-1,-1,-1,107905,101573,104079,104829,107400,105694,4000,5300,4000,4200,4000,3800,2095,8427,5921,5171,2600,4306,606180,0
130000,3,2,3,-1,-1,-1,-1,-1,-1,122264,125756,129159,127727,130334,0,3541,3497,2875,2607,0,0,7736,4244,841,2273,-334,130000,622720,0
50000,2,2,2,-1,-1,-1,-1,2,2,40738,43923,45409,47718,46480,48756,4200,2500,3500,0,2800,1400,9262,6077,4591,2282,3520,1244,258624,0
290000,1,2,2,-2,-2,-2,-1,-1,-1,0,0,0,2262,5205,8114,0,0,2262,3000,3000,0,290000,290000,290000,287738,284795,281886,7319,1
480000,2,2,2,-1,-1,-1,-1,-1,-1,4658,10545,13258,51723,40511,37226,6000,3066,51800,5030,3039,3112,475342,469455,466742,428277,439489,442774,85874,0
310000,1,4,1,-2,-2,-2,-2,-2,-2,976,-7,-7,-7,1440,3079,0,0,0,1447,3094,0,309024,310007,310007,310007,308560,306921,933,0
30000,2,2,2,-1,-1,-1,-1,2,-1,24061,25156,25949,28478,27754,28186,1800,1500,3000,0,1001,2500,5939,4844,4051,1522,2246,1814,149783,1
500000,4,2,2,1,-1,-1,-2,-2,-1,-397,227,-37,-37,-37,213,2200,0,0,0,250,0,500397,499773,500037,500037,500037,499787,-2518,0
80000,2,4,2,-1,-1,2,-1,-1,2,51160,54207,52775,53906,60099,61402,4500,0,2000,7100,2400,0,28840,25793,27225,26094,19901,18598,317549,0
100000,2,2,2,-1,-1,-1,-1,-1,-1,74136,72052,71007,69470,65424,64349,3200,3300,2910,2400,2340,2400,25864,27948,28993,30530,34576,35651,399888,0
70000,3,2,2,-1,-1,-1,-1,-1,-1,74117,72168,70177,65735,55468,53266,2589,2511,2254,2000,2000,1766,-4117,-2168,-177,4265,14532,16734,377811,0
210000,2,2,3,-1,-1,-1,-1,-1,-1,91152,92917,90651,85295,80416,76946,3348,3381,3400,2684,2744,2892,118848,117083,119349,124705,129584,133054,498928,0
180000,3,2,3,-1,-1,-1,-1,-1,-2,780,0,390,780,0,0,0,780,780,0,0,0,179220,180000,179610,179220,180000,180000,390,0
50000,2,2,3,-1,-1,-1,2,-1,-1,51229,46954,51221,49759,49820,50525,2100,5896,0,2000,1988,2000,-1229,3046,-1221,241,180,-525,285524,0
60000,1,4,2,-1,-1,-1,-1,-1,-1,39505,43497,49449,57500,4749,9749,5000,7000,10000,4749,5000,10000,20495,16503,10551,2500,55251,50251,162700,0
50000,2,2,3,-1,-1,-1,-1,-1,-1,4860,8389,22049,8110,3164,10148,8389,22049,8117,3164,10148,7949,45140,41611,27951,41890,46836,39852,-3096,0
70000,3,2,2,1,2,-1,-1,-1,-1,59020,57400,21868,13514,14303,14211,50,1379,1500,1000,1000,1000,10980,12600,48132,56486,55697,55789,174387,0
50000,2,4,2,-1,-1,-1,-1,-1,-1,81793,84360,89215,93908,14308,14808,2682,5000,5000,1000,500,302,-31793,-34360,-39215,-43908,35692,35192,363908,0
350000,1,2,3,-1,-1,-1,-1,-1,-1,360,360,360,360,510,510,360,360,360,510,510,360,349640,349640,349640,349640,349490,349490,0,0
170000,2,2,3,-1,-1,-1,-1,-1,-1,156993,159482,161921,165863,128038,130931,8000,6500,7000,5000,5000,5000,13007,10518,8079,4137,41962,39069,866728,0
180000,2,2,2,1,2,2,-1,-1,2,146549,150151,142421,110713,84928,83307,7641,3,6003,5826,0,2855,33451,29849,37579,69287,95072,96693,695741,0
220000,1,4,2,-1,-1,-1,-1,-1,-1,213525,141764,53019,143408,136786,130596,6439,2261,143408,4754,4740,5190,6475,78236,166981,76592,83214,89404,652306,0
80000,3,2,2,2,2,2,2,2,2,40654,41687,42719,43018,44013,45058,2000,2000,1300,2000,1900,1900,39346,38313,37281,36982,35987,34942,246049,1
360000,2,2,2,-1,-1,-1,-1,-1,-1,30198,58332,66062,57374,40963,100369,30000,10043,20073,30000,90000,948,329802,301668,293938,302626,319037,259631,172234,0
500000,1,4,2,-1,-1,-1,-1,-1,-1,1779,644,1138,643,628,905,644,1138,643,630,905,3111,498221,499356,498862,499357,499372,499095,-1334,0
410000,1,4,2,-1,-1,-1,-1,-1,-1,309531,313646,270317,209076,191671,192848,11270,15325,9099,7016,7703,100000,100469,96354,139683,200924,218329,217152,1336676,0
80000,1,2,2,-1,3,2,-1,-1,-1,4927,4693,3342,4844,3728,2612,0,0,4844,0,0,0,75073,75307,76658,75156,76272,77388,19302,1
180000,1,4,2,2,2,2,2,2,2,118656,125175,126899,127336,125273,134210,10000,5200,4000,1500,11000,1000,61344,54825,53101,52664,54727,45790,724849,1
280000,1,4,2,-1,-1,-1,-1,-1,-1,410,3977,1713,1430,6877,6479,3977,1726,1430,6877,6479,720,279590,276023,278287,278570,273123,273521,-323,0
20000,1,4,2,-1,-1,-1,-1,-1,-1,416,416,0,416,416,416,416,416,832,416,416,416,19584,19584,20000,19584,19584,19584,-832,0
30000,2,4,2,3,2,2,2,2,-1,29078,28312,29733,29183,28082,27434,0,1900,2600,11,1500,1700,922,1688,267,817,1918,2566,164111,1
200000,1,2,2,-1,-1,-2,-2,-1,-1,1203,0,0,0,5032,0,0,0,0,5032,0,0,198797,200000,200000,200000,194968,200000,1203,0
180000,1,4,2,-1,-1,2,2,-1,-1,10831,17816,18247,33230,5168,0,7201,1000,0,103,0,0,169169,162184,161753,146770,174832,180000,76988,1
140000,1,4,2,2,-1,-1,-1,-1,-1,130104,131356,136107,128738,126491,125213,4900,7005,7000,4762,5000,5000,9896,8644,3893,11262,13509,14787,744342,0
130000,2,4,1,-1,-1,-1,2,-1,-1,86584,88345,94597,92077,93272,96298,4100,8600,0,3500,7100,3600,43416,41655,35403,37923,36728,33702,524273,0
20000,2,2,2,-1,-1,-2,-2,-1,-1,3366,0,0,0,2105,2105,0,0,0,2105,0,0,16634,20000,20000,20000,17895,17895,5471,0
120000,1,4,1,-1,2,-1,-1,-1,-1,632,316,316,632,316,316,0,316,632,0,316,782,119368,119684,119684,119368,119684,119684,482,1
50000,2,4,2,-1,-1,-1,-1,-1,-1,35758,36664,30897,14693,247,0,3000,3000,5000,0,0,0,14242,13336,19103,35307,49753,50000,107259,0
310000,2,2,2,-1,-1,-1,-1,-1,-1,13768,17520,21218,40531,41630,51983,4000,4000,20003,3027,20006,10056,296232,292480,288782,269469,268370,258017,125558,0
420000,1,4,2,-1,-1,-1,-1,-1,-1,46209,26552,15189,13787,9199,4405,1543,2005,5000,2000,1000,240,373791,393448,404811,406213,410801,415595,103553,0
60000,2,4,2,-1,-1,-1,-1,-1,-1,10809,11160,10913,12469,6060,5382,3160,2604,2160,4060,3382,3751,49191,48840,49087,47531,53940,54618,37676,0
140000,1,2,2,1,-2,-2,-2,-2,-2,0,0,0,0,0,0,0,0,0,0,0,0,140000,140000,140000,140000,140000,140000,0,0
80000,2,4,2,2,2,2,2,4,4,56761,58920,60385,64876,65245,63647,3700,3000,6100,2000,0,2000,23239,21080,19615,15124,14755,16353,353034,1
220000,2,2,2,-1,-1,-1,-1,-1,-1,79226,78693,78297,78980,77817,77569,3900,3500,4000,2700,3000,10000,140774,141307,141703,141020,142183,142431,443482,0
360000,2,2,2,-1,-1,-1,-2,-2,-2,11596,11775,0,0,0,0,1058,0,0,0,0,0,348404,348225,360000,360000,360000,360000,22313,0
290000,1,4,1,-1,-1,-1,-1,-1,-1,10370,5681,7124,8038,4029,6059,1400,1507,2580,2050,2030,0,279630,284319,282876,281962,285971,283941,31734,0
260000,1,4,2,1,2,-1,-1,-1,-1,96549,94114,96689,101023,93738,96218,0,5000,6000,5000,4000,8000,163451,165886,163311,158977,166262,163782,550331,0
170000,1,4,1,-1,-1,-1,-1,-1,-1,24717,26659,28592,29364,29096,29353,3000,3000,2000,1000,977,5000,145283,143341,141408,140636,140904,140647,152804,0
200000,1,4,2,-2,-2,-2,-2,-2,-2,0,0,0,0,0,0,0,0,0,0,0,0,200000,200000,200000,200000,200000,200000,0,1
140000,2,2,2,-1,-1,-1,-1,-1,-1,127794,120770,116399,112055,107364,107762,4317,4189,5411,3800,4024,4100,12206,19230,23601,27945,32636,32238,666303,0
170000,2,4,2,-1,-1,-1,-1,-1,-1,161277,162706,166677,167049,38377,33668,5856,7424,7169,1241,1187,1396,8723,7294,3323,2951,131623,136332,705481,0
220000,1,2,3,-1,-1,-1,-1,-1,-1,142389,143557,142698,145875,143254,145368,6200,7300,7510,5000,5000,5200,77611,76443,77302,74125,76746,74632,826931,0
230000,1,2,3,-1,-1,-2,-1,-1,-1,756,0,0,11660,11898,14898,0,0,11660,238,3000,1252,229244,230000,230000,218340,218102,215102,23062,1
360000,3,4,2,-1,-1,-1,-2,-1,-1,1638,3060,0,0,1444,-1382,3060,0,0,1444,1382,0,358362,356940,360000,360000,358556,361382,-1126,0
340000,1,2,2,-1,-1,-1,-1,-1,-1,242518,247338,252656,257535,262670,266351,8849,9300,9200,9226,9530,10139,97482,92662,87344,82465,77330,73649,1472824,0
360000,1,2,2,-2,-2,-2,-2,-2,-2,0,0,0,0,0,0,0,0,0,0,0,0,360000,360000,360000,360000,360000,360000,0,1
90000,3,4,3,-1,-1,-1,-1,-1,-1,91240,92795,93557,47166,48406,49695,4895,4806,1547,3000,3000,1720,-1240,-2795,-3557,42834,41594,40305,403891,0
130000,2,2,3,2,2,2,2,2,2,123896,120452,129137,129956,130946,130814,0,12200,4500,4502,5000,0,6104,9548,863,44,-946,-814,738999,1
80000,2,2,3,-1,-1,-1,-1,-2,-1,390,390,390,-390,0,1560,390,780,0,390,1780,0,79610,79610,79610,80390,80000,78440,-1000,1
400000,1,2,3,-1,-1,-1,-1,-1,-1,104083,8,1274,19143,20305,22063,8,1274,19143,1305,2063,1695,295917,399992,398726,380857,379695,377937,141388,0
240000,2,4,3,-1,-1,-1,-1,-1,-1,225159,216829,27620,24873,24511,24000,20000,27662,24873,24511,24000,37645,14841,23171,212380,215127,215489,216000,384301,0
10000,2,2,3,1,2,2,2,2,2,7660,8689,8403,9505,8889,10263,1306,0,1735,0,2000,0,2340,1311,1597,495,1111,-263,48368,1
240000,1,2,3,-1,-1,-1,-1,-1,-1,3087,10839,16665,13039,9439,11378,10839,10000,3500,0,5000,5000,236913,229161,223335,226961,230561,228622,30108,0
130000,1,2,3,-1,-1,-1,-1,-1,-1,989,989,989,989,990,702,991,991,991,992,703,992,129011,129011,129011,129011,129010,129298,-12,0
20000,3,2,3,-1,-1,2,2,2,-1,20313,20111,18057,18536,11532,19450,3030,0,2175,0,10000,931,-313,-111,1943,1464,8468,550,91863,0
80000,2,2,3,-1,-1,-1,-1,-1,-1,37123,38317,20896,21604,22035,22496,2072,1651,1359,790,817,821,42877,41683,59104,58396,57965,57504,154961,0
250000,2,2,2,-1,-1,-1,-1,-1,-1,210262,58752,31707,13630,10000,10000,10073,10011,1000,10000,10000,10000,39738,191248,218293,236370,240000,240000,283267,0
30000,2,2,3,1,4,4,3,2,2,28864,30108,29367,28605,27855,29649,2000,0,0,0,2400,1300,1136,-108,633,1395,2145,351,168748,0
280000,2,2,3,-1,-1,-1,-1,-1,-1,255527,256675,253682,260274,153516,156830,273844,13000,11000,8000,5866,8000,24473,23325,26318,19726,126484,123170,1016794,0
290000,2,2,3,-2,-2,-1,2,-1,-1,-236,-236,11764,11186,6863,6179,0,12000,0,0,0,0,290236,290236,278236,278814,283137,283821,23520,0
500000,3,4,3,-1,-1,-1,-1,-1,-1,24239,36674,1558,310852,301854,133761,15000,1558,310852,10000,5000,5000,475761,463326,498442,189148,198146,366239,461528,0
80000,2,2,3,1,2,-1,-1,2,-1,63340,53262,39422,33954,29070,27785,6,2006,4000,0,1118,3000,16660,26738,40578,46046,50930,52215,236703,0
120000,2,2,3,-1,-1,-1,-1,-1,-1,97989,101458,103840,105646,86127,67269,5100,5500,5170,3543,3000,3238,22011,18542,16160,14354,33873,52731,536778,0
80000,2,2,3,-1,-1,-1,-1,-1,-1,49526,48304,27864,27033,27617,26761,1740,1800,1500,1000,965,1500,30474,31696,52136,52967,52383,53239,198600,0
210000,2,4,3,-1,-1,-1,-1,-1,-1,227271,211597,99865,77754,49529,30683,9000,4000,3018,2000,3000,3000,-17271,-1597,110135,132246,160471,179317,672681,0
100000,2,4,2,2,2,2,2,-1,-1,96604,94153,102623,100090,101511,103503,0,10000,0,4000,7816,0,3396,5847,-2623,-90,-1511,-3503,576668,1
210000,1,2,3,1,-2,-1,-1,-2,-1,-28,-28,3330,0,0,300,0,3358,0,0,300,0,210028,210028,206670,210000,210000,209700,-84,0
500000,2,2,3,-1,-1,-1,-1,-1,-1,193136,186610,180153,173454,166546,159651,6610,6480,6230,5900,5720,5420,306864,313390,319847,326546,333454,340349,1023190,0
230000,1,2,2,-1,-1,-1,-1,-1,-1,63370,64621,65380,66520,66343,63498,2305,2515,2370,2180,2500,2200,166630,165379,164620,163480,163657,166502,375662,0
110000,2,2,3,-1,-1,-1,-1,-1,-1,23303,23978,22369,20608,20608,20606,1511,1772,1320,750,745,747,86697,86022,87631,89392,89392,89394,124627,0
210000,1,2,3,-1,-1,-1,-1,-1,-1,112901,110089,108775,107090,104037,101337,4910,3939,3792,3657,3631,3500,97099,99911,101225,102910,105963,108663,620800,0
320000,2,4,2,-1,-1,-1,-1,-1,-1,61687,59130,121486,22337,23358,13536,3500,3300,6000,5000,2000,3000,258313,260870,198514,297663,296642,306464,278734,0
140000,2,4,2,-1,-1,-1,-1,-1,-1,143118,140955,1876,1876,1876,3372,6400,1876,1876,1876,3372,104005,-3118,-955,138124,138124,138124,136628,173668,0
40000,1,2,3,-1,-1,-1,-1,-1,-1,38549,37924,37648,38804,39651,40794,2000,1700,2000,2000,2000,2000,1451,2076,2352,1196,349,-794,221670,0
280000,1,2,2,2,-1,-1,-1,-1,-1,47,97767,99036,96383,86060,62312,99007,5000,3027,6025,2001,1903,279953,182233,180964,183617,193940,217688,324642,0
220000,1,2,3,-1,-1,-1,-1,-1,-1,210753,188270,177515,166282,100244,-607,6426,7160,6495,3993,0,176566,9247,31730,42485,53718,119756,220607,641817,0
250000,2,2,2,-1,-1,-1,-1,-1,-1,59023,102006,56412,37764,23876,16891,45000,2012,72791,16891,0,5617,190977,147994,193588,212236,226124,233109,153661,0
70000,1,4,2,-1,-1,-1,-1,-1,-1,36467,40505,43333,36959,27296,23474,5000,5000,1500,546,1000,1746,33533,29495,26667,33041,42704,46526,193242,0
70000,1,2,2,-1,-1,-1,-1,-1,-1,59795,60684,69521,45001,37214,23807,2479,10128,4086,1348,13032,10059,10205,9316,479,24999,32786,46193,254890,0
300000,1,2,3,-1,-1,-1,-1,-1,-1,514,2392,148,148,148,0,2392,148,148,148,0,747,299486,297608,299852,299852,299852,300000,-233,1
50000,3,2,3,-1,-1,-1,-1,-1,-1,117191,48729,49929,-596,28348,30530,2325,2525,283,29334,3000,2000,-67191,1271,71,50596,21652,19470,234664,0
70000,1,4,2,-1,-1,-1,-1,-1,-1,79640,75021,71101,73831,46898,48686,3000,2893,4231,8000,2500,1675,-9640,-5021,-1101,-3831,23102,21314,372878,0
50000,3,2,2,-1,-1,-1,-1,-1,-1,49930,48261,49027,49564,28609,28302,2300,3000,2503,1500,1204,2000,70,1739,973,436,21391,21698,241186,0
250000,2,2,2,2,-1,-1,-1,-1,-1,92966,37341,38905,35356,34978,35822,1641,2205,2000,2000,1000,1000,157034,212659,211095,214644,215022,214178,265522,1
120000,2,2,2,-1,-1,-1,-1,-1,-1,119287,116995,114061,116067,116294,118759,4400,4137,4400,4320,4500,4600,713,3005,5939,3933,3706,1241,675106,0
70000,1,2,2,2,2,2,2,2,2,51143,53185,55030,56530,55027,58461,3500,3300,3000,0,4500,2500,18857,16815,14970,13470,14973,11539,312576,1
440000,1,2,3,-1,-1,-1,-1,-1,-1,416044,424528,434015,434419,393135,385578,16500,17500,17000,14500,14500,13500,23956,15472,5985,5581,46865,54422,2394219,0
280000,1,2,3,-1,-1,-1,-1,-1,-1,96590,99755,81244,81193,82470,49630,5000,3000,3007,5000,2000,1700,183410,180245,198756,198807,197530,230370,471175,0
360000,1,2,3,-1,-1,-1,-1,-1,-1,174857,179851,186961,201703,189455,194373,10000,10005,20117,15018,10027,20057,185143,180149,173039,158297,170545,165627,1041976,0
150000,1,2,3,-2,-2,-2,-1,-1,-1,885,-123,-123,240,123,123,123,0,363,0,123,123,149115,150123,150123,149760,149877,149877,393,0
300000,3,4,3,-2,-2,-2,-2,-2,-2,0,0,0,0,0,0,0,0,0,0,0,0,300000,300000,300000,300000,300000,300000,0,1
20000,2,2,3,1,2,2,2,-1,-1,8395,8114,10293,9979,10329,10391,0,2479,0,515,377,617,11605,11886,9707,10021,9671,9609,53513,0
380000,2,2,2,-1,-1,-1,-2,-2,-2,12538,6666,0,0,0,0,1000,0,0,0,0,0,367462,373334,380000,380000,380000,380000,18204,0
340000,2,2,3,-1,-1,-1,-1,-1,-1,240851,171731,61404,114807,114560,85272,8297,4951,199726,4476,3257,3497,99149,168269,278596,225193,225440,254728,564421,0
210000,2,4,3,-1,-1,-1,-1,-1,-1,165425,169174,171459,177590,180147,184084,8000,6500,9000,7000,7000,7000,44575,40826,38541,32410,29853,25916,1003379,0
60000,2,2,3,2,-1,-1,2,-1,-1,56483,55643,54941,50291,35829,36602,2203,4687,11,1500,1500,2000,3517,4357,5059,9709,24171,23398,277888,1
130000,1,2,3,-1,-1,-1,-1,-1,-1,15393,16624,18932,22001,3403,3859,1593,3000,4000,0,3860,249,114607,113376,111068,107999,126597,126141,67510,0
340000,1,2,3,-1,-1,-1,-1,-1,-1,15928,18338,20035,24238,20315,16378,3000,2000,5000,1000,723,5000,324072,321662,319965,315762,319685,323622,98509,0
170000,2,2,3,-1,-1,-1,-1,-1,-1,12769,13557,20245,15429,16594,14035,3557,8245,5429,4500,5415,6000,157231,156443,149755,154571,153406,155965,59483,0
360000,2,2,3,-1,-1,2,-1,2,-1,9011,4045,1780,2380,2230,2275,4045,0,4760,0,2275,2280,350989,355955,358220,357620,357770,357725,8361,0
60000,2,2,2,2,2,2,2,2,2,3167,5601,5366,6772,6515,7906,2500,0,1500,0,1500,0,56833,54399,54634,53228,53485,52094,29827,0
360000,1,2,2,-1,-1,-1,-1,-1,-2,5625,367,1726,396,-66,-66,368,1734,398,200000,0,150000,354375,359633,358274,359604,360066,360066,-344518,0
280000,2,2,3,-1,-1,-1,-1,-1,-1,9551,12848,15345,19211,22817,37323,5000,5000,5000,5000,16000,0,270449,267152,264655,260789,257183,242677,81095,0
240000,1,2,2,-1,-1,2,-1,-1,-1,2799,855,858,1048,2695,0,855,3,1054,2695,0,0,237201,239145,239142,238952,237305,240000,3648,0
120000,1,4,2,-1,-1,-2,-1,2,-1,17067,0,0,7304,7154,9055,0,0,7304,0,5000,1857,102933,120000,120000,112696,112846,110945,26419,0
90000,1,4,2,-1,-1,2,-1,-1,-1,92725,94908,89711,91165,72263,72569,8500,0,4086,2600,3000,3000,-2725,-4908,289,-1165,17737,17431,492155,0
100000,1,2,2,-1,-1,-1,-1,-1,-1,101620,101747,100750,98953,99114,101501,4000,3838,3563,3563,4000,3475,-1620,-1747,-750,1047,886,-1501,581246,0
410000,1,2,2,1,-2,-2,-2,-2,-2,0,0,0,0,0,0,0,0,0,0,0,3996,410000,410000,410000,410000,410000,410000,-3996,0
190000,1,2,3,2,-1,-1,-1,-1,-1,191869,193660,174848,124776,92684,100151,7305,6099,4793,3684,12251,1265,-1869,-3660,15152,65224,97316,89849,842591,0
220000,1,2,2,-1,-1,-1,2,-1,-1,184765,190691,206000,194930,130938,134664,9000,20000,0,5000,6000,8000,35235,29309,14000,25070,89062,85336,993988,0
90000,2,4,3,2,2,2,2,2,2,15089,17023,18451,17857,20256,20785,2500,2000,0,2700,1000,0,74911,72977,71549,72143,69744,69215,101261,1
120000,1,4,2,-1,-1,-1,-1,-1,-1,170263,157881,160796,160168,156165,158850,5520,5700,5815,5500,5522,6000,-50263,-37881,-40796,-40168,-36165,-38850,930066,0
10000,3,4,4,3,2,2,2,2,2,600,600,600,600,600,2050,0,0,0,0,1450,0,9400,9400,9400,9400,9400,7950,3600,1
500000,1,2,4,-1,-1,-1,-1,-1,-1,378981,372392,353719,348365,306196,303114,20002,16023,13009,10008,10000,20004,121019,127608,146281,151635,193804,196886,1973721,0
120000,2,2,4,-1,-1,-1,-1,-1,-1,4777,60332,60702,58677,51549,46552,62462,2299,1919,1838,2200,90000,115223,59668,59298,61323,68451,73448,121871,0
120000,2,2,4,-1,-1,2,-1,-1,-1,38261,58084,33018,19172,14938,21290,23000,0,10076,10000,10000,10000,81739,61916,86982,100828,105062,98710,121687,0
220000,1,2,4,-1,-1,-1,2,2,-2,2262,2255,8105,2224,150,1000,2276,8117,0,150,1000,2619,217738,217745,211895,217776,219850,219000,1834,1
240000,2,2,4,-1,-1,-1,2,-1,-1,978,193,386,579,386,193,193,386,386,0,0,536,239022,239807,239614,239421,239614,239807,1214,0
150000,1,4,2,1,-1,-1,-1,-1,-2,0,990,0,234,0,0,990,0,234,0,0,0,150000,149010,150000,149766,150000,150000,0,0
500000,1,2,4,-1,-1,-1,-1,-1,-1,21794,12574,12608,-134,22466,1969,12610,12694,0,22600,16837,0,478206,487426,487392,500134,477534,498031,6536,0
150000,1,2,4,-1,-1,-2,-2,-2,-2,6350,0,0,0,0,0,0,0,0,0,0,0,143650,150000,150000,150000,150000,150000,6350,0
60000,2,2,3,-1,-1,-1,-1,-1,-1,58928,59446,56761,41130,27097,27331,2500,2300,1547,1396,1200,2000,1072,554,3239,18870,32903,32669,259750,0
30000,3,2,4,2,2,2,2,-1,-1,29468,29688,28919,28000,13393,10539,1000,159,28426,24682,12,0,532,312,1081,2000,16607,19461,85728,1
320000,2,2,4,-1,-1,-1,-1,-1,-1,319711,33589,34608,38544,44486,52319,3000,3000,6000,8000,10000,1900,289,286411,285392,281456,275514,267681,491357,0
470000,1,2,5,-2,-2,-2,-2,-2,-2,228,5215,3161,762,3637,16847,5241,3176,766,3673,16906,1437,469772,464785,466839,469238,466363,453153,-1349,0
440000,1,4,4,-1,-1,-1,-2,-1,-1,26106,8999,0,0,10961,11349,8999,0,0,10961,503,448,413894,431001,440000,440000,429039,428651,36504,0
50000,2,2,4,-1,-1,2,2,3,2,44664,48028,46985,50484,50404,50241,4110,0,4600,1000,2000,0,5336,1972,3015,-484,-404,-241,279096,0
220000,2,2,4,-1,-1,-1,-1,-1,-2,36022,12838,8605,5352,-5048,-5048,3010,3040,1000,0,0,0,183978,207162,211395,214648,225048,225048,45671,0
360000,1,2,4,1,-2,-2,-1,-1,-1,0,0,0,2580,2580,6941,0,0,2580,0,6941,0,360000,360000,360000,357420,357420,353059,2580,0
90000,3,2,4,-2,-2,-2,-2,-2,-2,5563,0,0,0,0,0,0,0,0,0,0,5156,84437,90000,90000,90000,90000,90000,407,0
50000,3,4,5,2,2,2,-1,-1,-1,46554,50774,49551,22673,17147,17505,5000,0,2300,1000,635,580,3446,-774,449,27327,32853,32495,194689,1
50000,2,2,4,-1,-1,-1,-1,-1,-1,50586,46993,33136,34475,19666,19128,2000,2000,2000,1000,1259,1000,-586,3007,16864,15525,30334,30872,194725,0
290000,3,2,4,1,2,2,2,-1,-1,68445,66757,76983,74891,78100,83325,0,12000,0,5000,6000,0,221555,223243,213017,215109,211900,206675,425501,0
350000,2,2,4,-1,-1,-1,-1,-1,-1,263390,267494,205636,203844,204114,207448,10532,9219,8797,8004,10012,10006,86610,82506,144364,146156,145886,142552,1295356,1
110000,3,2,4,1,2,-1,-1,-1,2,23969,11137,16401,18670,19670,1187,0,6000,7000,1200,0,3000,86031,98863,93599,91330,90330,108813,73834,0
40000,2,2,4,-1,-1,2,2,-1,-1,4621,6527,7776,7502,7651,7811,2150,1500,0,274,283,436,35379,33473,32224,32498,32349,32189,37245,1
50000,3,2,4,1,-2,-2,-2,-2,-2,-639,-639,-1800,0,0,0,0,900,1800,0,0,0,50639,50639,51800,50000,50000,50000,-5778,1
110000,1,2,4,-1,2,2,-1,-1,-1,632,316,0,632,316,632,0,0,948,0,632,0,109368,109684,110000,109368,109684,109368,948,0
360000,3,2,6,-1,-1,2,2,-2,-2,1960,732,735,-10,-10,-10,800,3,0,0,0,0,358040,359268,359265,360010,360010,360010,2594,0
200000,3,4,5,-1,3,2,-1,-1,-1,632,632,316,316,316,316,0,0,316,316,316,316,199368,199368,199684,199684,199684,199684,1264,1
140000,2,4,4,-1,-1,-1,-1,-1,-1,8068,9446,13271,11243,12091,12691,1535,5004,1451,1000,1000,3194,131932,130554,126729,128757,127909,127309,53626,0
80000,2,4,5,1,-2,-2,-2,-2,-2,0,0,0,0,0,0,0,0,0,0,0,0,80000,80000,80000,80000,80000,80000,0,1
260000,2,2,4,-1,-1,-2,-2,-1,-1,2338,0,0,0,58,1058,0,0,0,58,1000,1000,257662,260000,260000,260000,259942,258942,1396,0
340000,1,2,4,-1,-1,-1,-1,-1,-1,5610,5399,12347,8612,5479,0,5399,12353,8619,0,0,0,334390,334601,327653,331388,334521,340000,11076,1
30000,2,2,4,1,2,2,2,2,2,11223,10746,13545,13531,13017,14008,0,2993,500,0,1200,0,18777,19254,16455,16469,16983,15992,71377,1
30000,3,2,4,2,2,2,2,4,3,22147,24770,26068,28842,28094,27361,3000,2000,3500,0,0,1000,7853,5230,3932,1158,1906,2639,147782,0
440000,3,2,4,-1,-1,-1,-1,-1,-1,250825,167091,144804,67729,66077,60074,10043,8608,25031,25030,22053,20030,189175,272909,295196,372271,373923,379926,645805,0
10000,3,2,4,-1,2,2,2,2,2,2465,3475,4366,4148,4579,4360,1200,1100,0,500,0,500,7535,6525,5634,5852,5421,5640,20093,0
230000,2,2,4,-1,-1,-1,-1,-1,-1,7302,4561,5975,11072,10021,14431,2001,2001,6018,5007,5010,7053,222698,225439,224025,218928,219979,215569,26272,0
50000,3,2,5,-1,-1,-2,-2,-2,-2,2020,0,0,0,0,0,0,0,0,0,0,202,47980,50000,50000,50000,50000,50000,1818,0
150000,2,6,4,-1,-1,-1,-1,-1,-1,138765,135287,140600,142836,145714,148731,4772,6427,4951,4062,4188,4824,11235,14713,9400,7164,4286,1269,822709,0
330000,3,2,4,-1,-1,-1,-1,-1,-1,21333,25915,25036,21804,19228,18799,5000,5200,6000,4300,5000,4000,308667,304085,304964,308196,310772,311201,102615,0
370000,3,4,4,-1,-1,-1,-1,-2,-2,48303,129317,1364,0,0,0,124174,2000,0,0,0,2463,321697,240683,368636,370000,370000,370000,50347,0
130000,3,4,4,-1,-1,-1,-1,-1,-1,101156,100184,99001,88214,90167,90682,3615,4700,3200,3403,3300,3500,28844,29816,30999,41786,39833,39318,547686,0
10000,3,2,4,3,2,2,7,7,7,2400,2400,2400,2400,2400,2400,0,0,0,0,0,0,7600,7600,7600,7600,7600,7600,14400,1
360000,2,2,4,-1,-1,-1,-1,-1,-1,277688,271867,272796,279597,253333,253737,10450,10414,11330,9081,9500,9000,82312,88133,87204,80403,106667,106263,1549243,0
20000,3,2,5,1,-2,-2,-2,-2,-2,0,0,0,0,0,0,0,0,0,0,0,0,20000,20000,20000,20000,20000,20000,0,1
180000,3,4,4,-1,-1,-1,-1,-1,-1,173065,171015,162516,163447,134939,135815,5902,7693,5464,4893,5095,4862,6935,8985,17484,16553,45061,44185,906888,0
80000,3,2,5,-1,-1,-1,-1,-1,-1,36088,37257,36288,37630,26424,27342,2100,2100,2400,1100,1500,1500,43912,42743,43712,42370,53576,52658,190329,0
50000,2,2,4,2,-1,-1,-1,-1,-1,41696,41768,42561,42871,7606,11267,1674,2079,2001,500,4423,4000,8304,8232,7439,7129,42394,38733,173092,1
150000,1,4,5,1,2,-1,-1,-1,-1,157231,153171,148994,80196,74328,66806,3,6103,3220,3028,5052,15000,-7231,-3171,1006,69804,75672,83194,648320,0
30000,3,2,4,1,3,2,2,2,2,25158,24466,24087,25890,25175,26870,0,300,2500,0,2100,0,4842,5534,5913,4110,4825,3130,146746,0
50000,3,2,4,-1,-1,-1,-1,-1,-1,5976,6405,6828,6229,390,390,2000,2000,1004,10,390,390,44024,43595,43172,43771,49610,49610,20424,0
20000,2,6,4,-1,-1,-1,-1,-1,-1,17977,19194,18405,0,380,-400,3000,1000,400,380,0,1720,2023,806,1595,20000,19620,20400,49056,0
130000,3,4,4,-1,-1,-1,-1,-1,-1,116336,121544,128243,115204,101158,95895,10063,20000,10009,10000,5000,5000,13664,8456,1757,14796,28842,34105,618308,0
320000,3,4,4,-1,-1,-1,-1,-1,-1,188373,281060,261698,265703,175925,188982,276698,11020,11000,9486,20000,10000,131627,38940,58302,54297,144075,131018,1023537,0
300000,3,2,5,-2,-2,-2,-2,-2,-2,0,0,0,0,0,0,0,0,0,0,0,0,300000,300000,300000,300000,300000,300000,0,0
330000,1,2,4,-1,-1,-1,-1,-1,-1,304922,292517,211831,153841,156866,155679,14000,7507,6000,6171,6000,6000,25078,37483,118169,176159,173134,174321,1229978,0
50000,2,4,4,-1,-1,-1,-1,-1,-1,51320,50602,50095,34120,33235,32377,1952,1979,1495,1144,1165,946,-1320,-602,-95,15880,16765,17623,243068,0
70000,3,4,5,-1,-1,-1,-1,-1,-1,10083,11091,12117,13125,13407,13692,1184,1210,1218,500,500,543,59917,58909,57883,56875,56593,56308,68360,0
70000,3,6,4,-1,-1,-1,-1,-1,-1,70012,67714,68412,69016,69701,70898,2418,2500,2456,2500,3000,2533,-12,2286,1588,984,299,-898,400346,0
100000,3,2,4,-1,-1,-1,-1,-1,-1,96821,98389,97831,93937,78063,79707,3589,3656,3677,2763,2787,2881,3179,1611,2169,6063,21937,20293,525395,0
110000,2,2,4,2,2,2,-1,-1,2,95090,94938,91453,92097,96509,93773,3400,0,3290,7000,0,3500,14910,15062,18547,17903,13491,16227,546670,1
100000,2,2,4,2,2,2,-1,-1,-1,86654,87851,85594,87095,88357,77155,3500,0,3300,2839,3000,4000,13346,12149,14406,12905,11643,22845,496067,1
160000,3,2,4,1,-2,-1,2,2,-2,0,0,3613,2722,0,0,0,3613,0,0,0,0,160000,160000,156387,157278,160000,160000,2722,0
70000,3,4,4,-1,-1,-1,-1,-1,-1,4664,5680,6703,7853,7316,7350,1100,1123,1273,407,300,300,65336,64320,63297,62147,62684,62650,35063,0
60000,2,2,4,4,4,4,5,4,3,54506,56998,59111,59595,58079,56892,4000,3601,2000,0,0,0,5494,3002,889,405,1921,3108,335580,0
80000,2,2,5,-1,-1,-1,-1,-1,-1,74156,73878,64656,60537,42610,42769,3000,2506,3008,3000,2000,3000,5844,6122,15344,19463,37390,37231,342092,0
100000,3,2,5,-1,-1,3,2,-1,-1,2178,4944,4709,2234,2267,2168,7300,0,0,2300,2168,2300,97822,95056,95291,97766,97733,97832,4432,0
230000,1,2,5,1,-2,-2,-2,-2,-2,0,0,0,0,0,0,0,0,0,0,0,142,230000,230000,230000,230000,230000,230000,-142,1
60000,3,6,5,-1,-1,-1,-1,-1,-1,15463,14046,218,12716,10686,10400,1410,218,12723,483,600,9132,44537,45954,59782,47284,49314,49600,38963,0
160000,2,2,4,-1,-1,-1,-1,-1,-1,1443,1443,1443,1443,1443,1443,1443,1443,1443,1443,1443,1443,158557,158557,158557,158557,158557,158557,0,0
30000,2,2,4,-1,-1,-1,-1,-2,-2,13532,14647,15525,0,0,0,1647,1525,0,0,0,0,16468,15353,14475,30000,30000,30000,40532,1
310000,1,2,5,2,2,2,2,2,2,327289,323125,308878,314524,308637,283200,12500,2100,22053,10654,0,10450,-17289,-13125,1122,-4524,1363,26800,1807896,0
60000,2,1,3,-1,-1,-1,-1,-1,-1,57487,59228,60040,58722,19790,19250,2706,3004,1475,690,1000,1200,2513,772,-40,1278,40210,40750,264442,0
50000,2,1,5,2,3,2,2,-1,-1,28433,27682,28403,27648,28202,30008,0,1459,0,1013,2264,0,21567,22318,21597,22352,21798,19992,165640,0
140000,3,1,4,2,-1,-1,-1,-1,-1,98985,98702,96753,94310,92182,88818,4520,4034,5050,6034,3202,5000,41015,41298,43247,45690,47818,51182,541910,0
20000,2,2,1,-1,2,-1,-1,-1,-1,780,390,390,0,780,0,0,390,0,780,0,0,19220,19610,19610,20000,19220,20000,1170,0
10000,2,2,2,1,-2,-2,-1,-1,-1,-58,-58,-58,7242,8123,8993,0,0,7300,1000,1000,330,10058,10058,10058,2758,1877,1007,14554,0
80000,2,2,1,-1,-1,-1,-1,-1,-1,10278,5991,4457,75743,76343,76567,1085,1000,75743,2667,3395,1772,69722,74009,75543,4257,3657,3433,163717,0
50000,3,2,1,-1,-1,-1,-1,-1,-1,40751,30786,30285,14225,12668,10880,1627,3053,2005,550,400,1000,9249,19214,19715,35775,37332,39120,130960,0
160000,2,2,4,2,-1,-1,-1,2,-1,65312,67610,69908,78087,75255,78593,4000,4000,10000,0,5000,3000,94688,92390,90092,81913,84745,81407,408765,1
500000,1,4,4,1,-2,-2,-2,-2,-2,0,0,0,0,0,0,0,0,0,0,0,0,500000,500000,500000,500000,500000,500000,0,0
470000,2,2,4,1,2,-1,-1,-1,-1,358581,351295,358671,367492,374249,381132,0,13033,14800,14359,13897,14425,111419,118705,111329,102508,95751,88868,2120906,0
210000,1,2,4,-1,-1,-1,-1,-1,-1,1494,6545,11755,5808,3974,0,6555,11800,5818,4015,0,0,208506,203455,198245,204192,206026,210000,1388,0
50000,3,2,1,-1,-1,2,-1,-1,-2,1789,4249,4038,5275,0,0,2500,0,1500,0,0,0,48211,45751,45962,44725,50000,50000,11351,1
30000,1,2,1,2,-1,-1,-1,-1,-1,29015,27080,25933,26319,28754,17491,1400,1800,1100,3000,500,1000,985,2920,4067,3681,1246,12509,145792,1
50000,1,2,1,-1,-1,-1,-1,-1,-1,18666,15554,17159,8402,6646,7534,2000,2000,1500,500,1000,2000,31334,34446,32841,41598,43354,42466,64961,0
80000,1,2,1,-1,-1,-1,-1,-1,-1,77225,75429,71977,56023,47582,48039,3649,2502,2205,1702,1800,1908,2775,4571,8023,23977,32418,31961,362509,0
30000,2,1,1,2,2,2,2,2,2,27172,28224,29276,28635,30127,30525,1800,1800,150,2250,1000,0,2828,1776,724,1365,-127,-525,166959,1
80000,4,2,1,-1,-1,-1,-1,-1,-1,52991,50195,44410,22649,20650,0,2121,2358,3123,1500,0,0,27009,29805,35590,57351,59350,80000,181793,0
150000,1,2,1,-2,-2,-2,-2,-2,-2,5797,434,11021,6253,6257,4152,436,11086,6284,6288,4172,3207,144203,149566,138979,143747,143743,145848,2441,0
170000,2,2,1,-1,-1,-1,-1,-1,-1,169106,141998,134212,133450,127020,123490,5000,5508,5915,3000,4000,4000,894,28002,35788,36550,42980,46510,801853,0
220000,2,2,2,-2,-2,-2,-2,-2,-2,15872,19053,19303,19867,12826,19847,20066,20063,20057,12863,20061,13191,204128,200947,200697,200133,207174,200153,467,0
30000,2,2,2,2,-1,-1,2,2,2,18915,20290,24727,24031,25579,25030,2000,5100,0,1949,0,912,11085,9710,5273,5969,4421,4970,128611,1
100000,2,2,1,-1,-1,-1,-1,-1,-1,291,291,291,291,291,291,291,291,291,291,291,291,99709,99709,99709,99709,99709,99709,0,0
10000,2,2,1,3,2,2,3,3,3,1050,1050,1050,1050,1050,1050,0,0,0,0,0,0,8950,8950,8950,8950,8950,8950,6300,1
140000,2,2,1,-1,-1,-1,-1,-1,-1,6312,-148,8431,11034,5040,7838,0,8579,11034,5040,7838,11737,133688,140148,131569,128966,134960,132162,-5721,1
50000,2,2,1,1,2,2,2,2,2,25932,24924,22599,24613,23922,25481,1800,0,2700,0,2100,0,24068,25076,27401,25387,26078,24519,140871,0
20000,2,2,1,-1,-1,-1,2,-1,-1,8785,8134,9992,10526,11049,11865,1142,2000,1000,1000,1000,1000,11215,11866,10008,9474,8951,8135,53209,0
10000,2,2,1,1,2,2,2,2,2,6829,6571,8950,8658,9413,9117,0,2500,0,900,0,971,3171,3429,1050,1342,587,883,45167,1
50000,2,2,1,-1,-1,-1,-1,-1,-1,49989,48512,43701,40429,9727,9606,1800,2000,1118,1000,500,1000,11,1488,6299,9571,40273,40394,194546,0
10000,3,2,1,1,-1,-1,-1,-1,-1,0,7492,8589,9365,7740,1000,7492,1224,1000,175,0,0,10000,2508,1411,635,2260,9000,24295,0
30000,2,2,1,-1,-1,-1,-1,-1,-1,30620,30432,30263,29418,30275,0,2000,2500,1200,1000,0,0,-620,-432,-263,582,-275,30000,144308,0
50000,2,2,1,-1,-1,-1,-1,-1,-1,49283,48570,49362,47907,18145,17495,1781,3264,1400,3000,350,133,717,1430,638,2093,31855,32505,220834,0
100000,2,2,1,-1,-1,-1,-1,-1,-1,87478,88627,92187,95030,29470,3470,3500,5000,5000,4000,3000,5000,12522,11373,7813,4970,70530,96530,370762,1
20000,3,2,1,-1,-1,-1,-1,-1,-1,18661,17895,19598,19701,3486,199,1400,2000,1000,400,199,0,1339,2105,402,299,16514,19801,74541,0
20000,2,2,1,-1,-1,-1,-2,-2,-2,17584,20000,0,0,0,0,3000,0,0,0,0,0,2416,0,20000,20000,20000,20000,34584,0
100000,2,2,1,-1,-1,-1,-1,-1,-1,49199,48285,390,390,390,390,1000,390,390,390,390,390,50801,51715,99610,99610,99610,99610,96094,0
50000,2,2,1,1,2,-1,-1,-1,-1,15491,15934,17168,18376,19068,19760,1000,1500,1500,1000,1000,2500,34509,34066,32832,31624,30932,30240,97297,1
100000,1,2,1,-1,-1,-1,-1,-1,-1,33921,34920,36030,37173,35875,36263,1563,1673,1816,1213,1248,1212,66079,65080,63970,62827,64125,63737,205457,0
30000,3,2,1,2,-1,-1,-1,-1,2,23421,24228,25331,26347,27508,30118,1500,1500,1439,1600,3200,0,6579,5772,4669,3653,2492,-118,147714,1
50000,2,1,1,-1,-1,-1,-1,-1,-1,42238,43259,35307,23096,18970,19514,1807,1405,1366,1000,1000,1000,7762,6741,14693,26904,31030,30486,174806,1
50000,2,2,1,-2,-2,-2,-2,-2,-2,-1587,-5174,-2587,-2587,-2587,-2587,0,0,0,0,0,0,51587,55174,52587,52587,52587,52587,-17109,1
50000,1,2,1,-1,-1,-1,-1,-1,-1,60200,61600,71000,73000,78000,80000,2000,10000,2000,5000,2000,0,-10200,-11600,-21000,-23000,-28000,-30000,402800,0
50000,4,2,1,-1,-1,-1,-1,-1,-1,42407,13244,48845,43129,28385,23876,7275,47166,12064,12176,780,6200,7593,36756,1155,6871,21615,26124,114225,0
50000,1,2,1,-1,-1,-1,-1,-1,-1,48848,48208,48265,43451,19790,17790,1845,1967,1400,396,0,0,1152,1792,1735,6549,30210,32210,220744,0
50000,2,2,1,-1,-1,-1,-1,-1,-1,50547,49480,50643,48123,18092,28728,1900,2000,2000,2000,11041,1056,-547,520,-643,1877,31908,21272,225616,0
380000,2,2,1,-1,-1,-1,-1,-1,-1,64900,43514,10626,312,986,284729,2600,1626,312,1007,284069,11340,315100,336486,369374,379688,379014,95271,104113,0
50000,1,2,1,2,-1,-1,2,-1,-1,5524,6474,8896,7088,7109,6898,1500,2700,0,500,500,500,44476,43526,41104,42912,42891,43102,36289,1
30000,2,2,1,2,4,3,2,-1,-1,31529,30752,29991,29192,28210,28543,0,0,0,1100,1300,2000,-1529,-752,9,808,1790,1457,173817,0
150000,2,1,1,-1,-1,-1,-1,-1,-2,890,-180,101,480,0,0,0,281,600,0,0,0,149110,150180,149899,149520,150000,150000,410,0
180000,2,2,1,-1,-1,-1,-1,-1,-1,12891,14275,15737,16603,17395,17182,1600,2000,1500,1003,1003,1006,167109,165725,164263,163397,162605,162818,85971,0
80000,3,2,1,-1,-1,-1,-1,-1,-1,79558,81906,76228,76841,9534,7371,3694,3470,3305,500,300,500,442,-1906,3772,3159,70466,72629,319669,1
110000,2,2,1,2,2,2,2,2,2,98428,101402,104878,105325,102220,107970,5500,6600,3700,0,7500,0,11572,8598,5122,4675,7780,2030,596923,1
30000,3,2,1,-1,-1,-1,-1,-1,-1,23075,23996,25407,27312,8810,6355,2000,2500,3000,178,1000,0,6925,6004,4593,2688,21190,23645,106277,0
110000,2,2,1,-1,-1,2,-1,-1,2,23459,27157,26549,34222,44062,45036,4000,0,9000,10700,1700,0,86541,82843,83451,75778,65938,64964,175085,1
280000,2,2,1,-1,-1,-1,-1,-1,-2,51951,25360,6183,261,-91,-91,25486,6213,262,0,0,18342,228049,254640,273817,279739,280091,280091,33270,0
10000,2,2,1,-1,-1,-1,-1,-1,-1,5583,8959,4408,9071,9038,5005,5000,7000,5000,5000,1000,10000,4417,1041,5592,929,962,4995,9064,1
10000,2,2,1,-1,-1,-1,-1,-1,-1,1473,1863,0,390,390,780,1863,0,390,390,780,0,8527,8137,10000,9610,9610,9220,1473,0
20000,2,2,1,2,2,2,2,2,2,16239,16276,16715,18327,17735,19446,600,1000,2200,0,2000,0,3761,3724,3285,1673,2265,554,98938,0
170000,2,2,1,-1,-1,-1,-1,-1,-1,85914,78411,57061,49734,14285,136394,10050,5050,6000,3561,139898,6000,84086,91589,112939,120266,155715,33606,251240,0
20000,3,2,1,3,3,2,-1,-1,-1,21667,21081,19661,26158,13560,15324,0,25,2000,1000,2000,1000,-1667,-1081,339,-6158,6440,4676,111426,1
130000,2,2,1,-1,-1,-1,-1,-1,-1,120479,98341,132260,127335,51104,50536,5601,103012,3965,3508,3011,3033,9521,31659,-2260,2665,78896,79464,457925,0
200000,1,2,1,2,2,2,2,2,2,196979,200055,202494,162228,154294,147514,7800,7500,0,6700,5000,7000,3021,-55,-2494,37772,45706,52486,1029564,1
250000,2,2,1,-1,-1,-1,-1,-1,-1,115497,114716,117212,112623,110178,108176,3835,4068,3859,3597,3822,3825,134503,135284,132788,137377,139822,141824,655396,0
80000,2,2,1,-1,-1,-1,-1,-1,2,48329,45920,47186,46882,49170,48269,5004,5013,5000,4000,0,2002,31671,34080,32814,33118,30830,31731,264737,0
180000,1,2,1,-1,-1,-1,-1,-1,-1,3210,13852,6482,3246,2016,2334,12000,5004,1000,1000,2300,3000,176790,166148,173518,176754,177984,177666,6836,0
120000,2,2,1,-1,-1,-1,-1,-1,-1,70124,71355,72962,58163,33358,16829,3000,2830,1600,3600,300,1000,49876,48645,47038,61837,86642,103171,310461,0
20000,2,2,1,1,2,2,2,-1,-1,16167,15615,18047,17322,17122,0,0,3000,0,0,0,0,3833,4385,1953,2678,2878,20000,81273,0
150000,1,2,1,-1,-1,-1,-1,-1,-1,26443,27996,28963,8355,10355,12355,2000,2000,2000,2000,2000,2000,123557,122004,121037,141645,139645,137645,102467,0
190000,2,2,1,-1,-1,-1,-1,-1,-1,2204,3479,4886,6258,8969,9009,1800,1797,1785,3142,490,2000,187796,186521,185114,183742,181031,180991,23791,0
210000,1,2,1,-1,-1,-1,-1,-1,-1,42585,43304,45622,47232,47583,53032,8000,5000,4000,3000,8000,3000,167415,166696,164378,162768,162417,156968,248358,0
180000,2,2,1,-1,-1,-1,-1,-1,-1,147310,152047,143809,112323,112208,113887,7503,30018,4011,3802,4106,4006,32690,27953,36191,67677,67792,66113,728138,0
50000,2,2,1,-1,-1,-1,-1,-1,2,48431,45008,40226,41256,43962,44913,1700,2000,1700,3400,1800,0,1569,4992,9774,8744,6038,5087,253196,0
140000,1,2,1,-1,-1,-1,-1,-1,-1,92465,93536,96820,97000,97467,79872,3500,4790,3092,3148,2981,3912,47535,46464,43180,43000,42533,60128,535737,0
80000,2,2,1,-2,-2,-2,-2,-2,-2,2970,-10,-10,-10,16587,0,0,0,0,16597,0,0,77030,80010,80010,80010,63413,80000,2930,0
80000,2,2,1,-1,-1,-1,-1,-1,-1,81752,80638,45240,43967,45302,49646,3069,2500,2000,2000,5012,2000,-1752,-638,34760,36033,34698,30354,329964,1
80000,2,2,1,2,-1,-1,-1,-1,-2,76915,78270,79693,20335,0,0,3149,3039,1550,0,0,0,3085,1730,307,59665,80000,80000,247475,0
20000,2,2,1,-1,-1,-1,-1,-1,-1,8723,10265,12086,13180,13660,14288,2000,2000,1600,1000,1000,1000,11277,9735,7914,6820,6340,5712,63602,0
10000,2,1,1,3,2,2,7,7,6,2400,2400,2400,2400,2400,1800,0,0,0,0,0,0,7600,7600,7600,7600,7600,8200,13800,1
30000,2,2,1,1,3,2,2,2,2,14773,14252,13738,15424,14881,15894,0,0,2226,0,1406,0,15227,15748,16262,14576,15119,14106,85330,1
240000,1,2,1,-1,-1,-1,-1,-1,-1,19365,1928,4879,11650,12614,7922,5534,4879,11650,12614,7922,6980,220635,238072,235121,228350,227386,232078,8779,0
50000,2,2,1,1,-1,-1,-1,-1,-1,-727,50268,50860,40580,44532,46442,53860,3000,5000,5000,3000,1784,50727,-268,-860,9420,5468,3558,160311,0
90000,2,2,1,-1,2,-1,-1,-1,-1,481,1149,39674,38968,39853,8064,1000,39674,1200,1217,1025,500,89519,88851,50326,51032,50147,81936,83573,1
60000,1,2,1,-1,-1,-1,-1,-1,-1,40784,41723,42665,43254,43757,44378,2001,2001,1690,1501,1617,1502,19216,18277,17335,16746,16243,15622,246249,0
100000,2,2,1,-1,-1,-1,-1,-1,-1,9125,10664,12183,13670,15129,15732,2000,2000,2000,2000,1000,2000,90875,89336,87817,86330,84871,84268,65503,1
120000,1,2,1,-1,-1,-1,-1,-1,-1,4660,5929,1774,76528,73164,72721,6074,1774,119366,3484,2600,3000,115340,114071,118226,43472,46836,47279,98478,0
10000,2,1,1,-1,-1,-1,-1,-1,-1,1474,2641,3745,4642,5642,6342,1196,1300,1000,1000,700,1208,8526,7359,6255,5358,4358,3658,18082,0
70000,2,2,1,1,2,2,2,2,2,26357,27223,27492,28738,27977,30022,1600,1000,2000,0,2500,0,43643,42777,42508,41262,42023,39978,160709,1
60000,1,2,1,-1,-1,-1,-1,-1,-1,26129,30544,21712,23284,24945,25402,5000,2000,2000,2000,2000,2000,33871,29456,38288,36716,35055,34598,137016,0
130000,1,2,1,-1,-1,-2,-2,-2,-2,120000,0,0,0,0,0,0,0,0,0,0,0,10000,130000,130000,130000,130000,130000,120000,0
30000,3,1,2,3,2,2,7,7,7,2400,2400,2400,2400,2400,2400,0,0,0,0,0,0,27600,27600,27600,27600,27600,27600,14400,1
360000,1,2,2,-1,-1,-1,-1,-1,-1,2020,28057,6085,90872,81622,11576,28057,6179,90872,0,11576,8718,357980,331943,353915,269128,278378,348424,74830,0
80000,2,2,2,-1,-1,-1,-1,-1,-1,31299,37446,539,16673,21473,10715,20000,539,16673,21473,10715,10000,48701,42554,79461,63327,58527,69285,38745,0
20000,2,2,1,-1,-1,-1,-1,-1,-1,15993,17016,18356,19028,38688,19897,1600,1621,1293,830,1548,626,4007,2984,1644,972,-18688,103,121460,0
50000,2,2,1,-1,-1,-1,2,-1,-1,8608,10300,12711,12210,12508,13306,2000,2900,0,500,1000,1000,41392,39700,37289,37790,37492,36694,62243,0
80000,3,2,1,1,-2,-2,-2,-2,-2,0,0,0,0,0,0,0,0,0,0,0,0,80000,80000,80000,80000,80000,80000,0,1
150000,1,1,1,-1,-1,-1,-1,-2,-2,390,0,780,0,0,0,0,780,0,0,0,0,149610,150000,149220,150000,150000,150000,390,0
60000,2,2,1,-1,-1,-1,-1,2,-1,26437,27741,28465,31040,29827,28254,1701,1425,3000,0,955,942,33563,32259,31535,28960,30173,31746,163741,0
220000,2,2,1,-1,-1,-1,-1,-1,-1,59247,60200,60360,61168,57287,62208,6000,3037,4000,4000,15000,3000,160753,159800,159640,158832,162713,157792,325433,0
10000,3,2,1,-1,-1,-1,-1,-1,-1,5807,6974,7838,9002,9182,9729,1270,1134,1298,478,847,0,4193,3026,2162,998,818,271,43505,0
50000,2,2,1,2,-1,-1,-1,-1,-1,49586,49865,41132,31538,28896,28315,2268,2200,1917,1200,1030,1300,414,135,8868,18462,21104,21685,219417,0
50000,1,2,1,-1,-1,-1,-1,-1,-1,48924,48593,49459,50160,49244,50531,2200,2200,1890,2000,2000,1800,1076,1407,541,-160,756,-531,284821,0
220000,1,2,1,-1,-1,-1,-1,-1,-1,22399,24203,24081,25356,20952,18340,3000,2000,2000,1000,1200,900,197601,195797,195919,194644,199048,201660,125231,0
450000,1,2,1,1,-2,-2,-2,-2,-2,1261,1261,1261,1261,1261,1261,1261,1261,1261,1261,1261,1261,448739,448739,448739,448739,448739,448739,0,0
240000,2,1,2,1,2,2,-1,-1,2,172618,174842,141471,39578,46489,45632,6765,0,2000,7592,0,140000,67382,65158,98529,200422,193511,194368,464273,0
500000,2,2,1,-1,-1,-1,-1,-1,-1,39345,40382,40740,16316,10705,-42,2014,4135,3256,53,0,36368,460655,459618,459260,483684,489295,500042,101620,0
170000,1,2,1,-1,-1,-1,-1,-1,-1,56061,57179,58450,58556,51671,51090,2051,2197,1934,1793,2500,2000,113939,112821,111550,111444,118329,118910,320532,0
100000,2,2,1,2,-1,-1,-1,-1,2,43531,45103,45779,46912,49715,48791,2600,2200,2200,3900,0,6100,56469,54897,54221,53088,50285,51209,262831,1
60000,1,2,1,-1,-1,2,-1,-1,-1,816,2440,1444,1634,1335,1825,2440,0,1000,1335,888,150,59184,57560,58556,58366,58665,58175,3681,0
200000,1,2,2,-1,-1,-1,-1,-1,-1,6589,3423,2785,54271,60326,63339,3449,2798,54271,7000,4000,6000,193411,196577,197215,145729,139674,136661,113215,0
200000,2,2,1,2,-1,-1,-1,-1,-1,189605,191628,180604,181273,180385,185370,14635,10019,8029,7010,10022,7049,10395,8372,19396,18727,19615,14630,1052101,1
20000,1,2,1,-1,-1,-1,-1,2,2,3202,4978,7720,9907,9627,11500,2000,3000,2500,0,2000,5,16798,15022,12280,10093,10373,8500,37429,0
40000,2,2,1,1,3,2,-1,-1,-1,41520,40568,39620,38464,38569,70659,0,7,2500,1500,1500,2976,-1520,-568,380,1536,1431,-30659,260917,1
110000,1,2,1,-1,-1,-1,-1,-1,-1,87487,90120,93661,96185,99667,102978,5000,5000,5000,5000,5000,4000,22513,19880,16339,13815,10333,7022,541098,0
10000,2,1,1,-1,-1,-1,-1,-1,-1,10128,9859,9607,9818,10013,9824,1151,1160,1151,346,350,354,-128,141,393,182,-13,176,54737,0
100000,2,2,1,-1,-1,-1,-1,-1,-1,32480,33237,34300,35623,35515,36413,1600,1600,1901,1275,1470,1400,67520,66763,65700,64377,64485,63587,198322,0
50000,2,2,1,1,2,2,-2,-2,-2,52753,51400,0,0,0,0,0,0,0,0,0,0,-2753,-1400,50000,50000,50000,50000,104153,0
30000,3,2,1,-1,-1,-1,-1,-1,-1,11064,10030,9019,7970,1479,1635,1159,1159,1000,1479,1635,780,18936,19970,20981,22030,28521,28365,33985,0
30000,2,2,1,1,-2,-2,-2,-1,-1,0,0,0,0,2805,0,0,0,0,2805,0,0,30000,30000,30000,30000,27195,30000,0,0
50000,2,1,1,3,2,2,4,4,4,400,400,400,400,400,400,0,0,0,0,0,0,49600,49600,49600,49600,49600,49600,2400,0
20000,3,2,1,1,2,-1,-1,-1,-1,5957,4909,5865,17935,19353,20094,0,2000,13500,2500,2000,1500,14043,15091,14135,2065,647,-94,52613,1
50000,2,2,2,-1,-1,-1,-1,-1,-2,26666,21062,6495,2207,0,0,2000,2000,1000,0,0,0,23334,28938,43505,47793,50000,50000,51430,0
60000,2,2,1,2,2,2,-1,-1,-1,61743,62197,59892,60228,57969,55220,2800,0,3000,3000,3000,23000,-1743,-2197,108,-228,2031,4780,322449,1
50000,2,2,2,-1,-1,2,-1,-1,-1,1473,5486,3787,3246,1473,390,5486,0,1000,0,390,1090,48527,44514,46213,46754,48527,49610,7889,1
130000,3,1,2,2,2,2,2,-1,-1,69388,70650,71933,70117,72014,73759,3000,3000,0,3000,3000,3111,60612,59350,58067,59883,57986,56241,412750,1
20000,2,2,1,-1,-1,2,2,2,-1,14193,16489,15936,18015,17431,18000,2850,0,2355,0,1000,900,5807,3511,4064,1985,2569,2000,92959,1
100000,2,2,1,2,-1,-1,-1,2,-1,58566,56770,56300,54288,25759,25775,5100,2825,5000,0,2000,0,41434,43230,43700,45712,74241,74225,262533,1
20000,2,1,2,-1,-1,-1,-1,-1,-1,8337,11191,12219,14009,15773,17515,3000,1210,2000,2000,2000,1200,11663,8809,7781,5991,4227,2485,67634,1
150000,3,2,3,-1,-1,-1,-1,-1,-1,151009,148047,147851,151310,107033,109350,6913,5937,6500,4000,4000,4000,-1009,1953,2149,-1310,42967,40650,783250,0
70000,1,2,2,-1,-1,-1,-1,-1,-1,62615,63845,65443,65169,64370,15082,2870,3224,1680,3000,142,142,7385,6155,4557,4831,5630,54918,325466,0
250000,1,1,3,-1,-1,-1,-1,-1,-1,7351,6225,3645,3090,3700,1190,3039,2000,1000,1000,0,90403,242649,243775,246355,246910,246300,248810,-72241,0
50000,3,1,2,2,2,3,2,2,2,38023,39589,40160,40796,41526,42209,2500,1500,1600,1700,1500,3600,11977,10411,9840,9204,8474,7791,229903,1
90000,2,1,2,-1,-1,-1,-1,-1,-1,86371,85679,87036,88742,49148,48396,3073,3700,3374,1543,1405,1500,3629,4321,2964,1258,40852,41604,430777,1
90000,2,2,2,-1,-1,-1,-1,-1,-1,73814,73132,67854,53952,47277,35547,3700,4100,3900,3000,2200,1000,16186,16868,22146,36048,42723,54453,333676,0
120000,1,2,2,2,2,2,2,2,2,87310,89273,91057,91981,89605,95245,4300,4100,3300,0,7100,0,32690,30727,28943,28019,30395,24755,525671,1
240000,2,2,1,-1,-1,-2,-2,-2,-2,24640,0,0,0,0,0,1700,0,0,0,0,0,215360,240000,240000,240000,240000,240000,22940,0
50000,2,2,1,-1,-1,-1,-1,-1,-1,43785,38971,34836,18488,19716,17932,1795,1660,1272,1500,644,704,6215,11029,15164,31512,30284,32068,166153,1
100000,2,1,1,2,2,2,2,3,3,81839,82781,85536,90018,91151,89429,3200,5000,6800,3500,0,3400,18161,17219,14464,9982,8849,10571,498854,1
390000,3,1,3,-1,-1,-1,-1,-1,-1,282849,281836,284397,284241,285615,282611,12000,13000,12000,12000,10266,9800,107151,108164,105603,105759,104385,107389,1632483,0
50000,3,1,2,2,-1,-1,-1,-1,-1,47097,46006,36272,11521,2678,5468,1796,1284,1060,100,99,273,2903,3994,13728,38479,47322,44532,144430,1
40000,2,1,3,2,2,2,2,2,2,24262,26640,25927,28184,28723,28125,3100,0,2700,1300,0,2500,15738,13360,14073,11816,11277,11875,152261,1
190000,2,1,2,-1,-1,-1,-1,-1,-1,194670,194690,189950,194092,192638,189113,9000,8400,8800,7500,7100,7450,-4670,-4690,50,-4092,-2638,887,1106903,0
10000,2,1,3,3,2,2,3,3,3,1050,1050,1050,1050,1050,1050,0,0,0,0,0,0,8950,8950,8950,8950,8950,8950,6300,1
10000,2,1,3,-1,-1,2,-1,-1,-1,6696,9080,8794,9604,9604,9800,2668,0,1192,0,196,0,3304,920,1206,396,396,200,49522,0
180000,1,2,2,-1,-1,-1,-1,-1,-1,4027,2130,25770,11475,69910,21949,2130,25770,11475,69910,21949,11600,175973,177870,154230,168525,110090,158051,-7573,0
230000,2,2,2,-1,-1,-1,-1,-1,-1,170041,174811,177733,182106,183965,186979,9800,6418,8000,7000,6618,11000,59959,55189,52267,47894,46035,43021,1026799,0
20000,2,2,2,-1,-1,-1,2,-1,-1,12214,13694,16660,16100,17521,19237,2000,3200,0,2000,2000,0,7786,6306,3340,3900,2479,763,86226,0
230000,2,2,2,2,-1,-1,-1,2,2,253935,237858,242378,235163,234032,225822,10183,10057,19000,9100,0,16500,-23935,-7858,-12378,-5163,-4032,4178,1364348,1
200000,1,2,2,-1,-1,-1,-1,-1,-1,190530,194796,194205,195154,166778,167833,9000,9000,8000,6900,6000,6000,9470,5204,5795,4846,33222,32167,1064396,0
470000,1,2,2,-1,-1,-1,-1,-1,-1,57566,55340,43455,33039,18638,14202,5344,3457,1520,1659,2208,75938,412434,414660,426545,436961,451362,455798,132114,0
150000,1,3,3,-1,-1,-1,-1,-1,-1,108434,111178,32220,33247,34164,34878,3000,1300,1300,1200,1200,0,41566,38822,117780,116753,115836,115122,346121,0
70000,3,1,2,-1,-1,-1,-1,-1,-1,71742,70978,70949,68782,68100,68677,2721,2714,2632,2600,2800,2573,-1742,-978,-949,1218,1900,1323,403188,0
50000,2,2,2,-1,-1,-1,-1,-1,-1,49473,48970,46220,47459,27056,28452,2314,2261,2500,2000,2000,1500,527,1030,3780,2541,22944,21548,235055,0
80000,1,2,2,-1,-1,-1,-1,-1,-1,75734,93507,78716,53109,28973,24705,20000,79239,2516,1023,2000,1000,4266,-13507,1284,26891,51027,55295,248966,0
330000,1,1,3,-1,-1,-1,-1,-1,-1,309055,314927,322077,166654,170008,174723,12500,13306,6000,6000,7333,8000,20945,15073,7923,163346,159992,155277,1404305,0
140000,2,2,2,-1,-1,-1,-1,-1,-1,133336,134483,131805,107950,88622,85165,5000,5000,4005,3500,3500,3000,6664,5517,8195,32050,51378,54835,657356,0
70000,2,2,3,2,2,2,2,2,2,43314,44325,45375,44350,46996,47951,2025,2051,0,3697,1853,1910,26686,25675,24625,25650,23004,22049,260775,1
280000,2,2,2,-1,-1,-1,-1,-1,-1,35038,36558,39070,40545,42995,46278,2000,3000,2000,3000,4000,7200,244962,243442,240930,239455,237005,233722,219284,0
150000,3,2,2,-1,-1,-1,-1,-1,-1,80220,47272,141568,97990,96017,79743,3095,135332,2848,2330,2204,2100,69780,102728,8432,52010,53983,70257,394901,0
80000,2,1,2,-1,-1,-1,-1,-1,-1,79875,77201,78535,79296,75274,78051,4000,3500,3322,3000,5007,3000,125,2799,1465,704,4726,1949,446403,0
120000,1,1,3,-1,-1,2,2,2,-1,7722,9591,10687,11905,11420,12081,2000,1400,1700,0,1000,700,112278,110409,109313,108095,108580,107919,56606,1
50000,2,1,3,-1,-1,-1,-1,-1,2,14488,15798,16867,17759,19354,17726,1558,1627,1519,2114,0,600,35512,34202,33133,32241,30646,32274,94574,0
230000,2,1,3,-1,-1,-1,-1,-1,2,3472,4053,4503,4964,4400,3979,1061,1275,1000,200,0,227,226528,225947,225497,225036,225600,226021,21608,0
160000,2,2,2,1,-2,-2,-2,-2,-1,0,0,0,0,0,1000,0,0,0,0,1000,0,160000,160000,160000,160000,160000,159000,0,0
50000,3,2,2,-1,-1,-1,-1,-1,-1,28951,29631,29177,29544,19863,18812,1765,1653,1400,0,0,300,21049,20369,20823,20456,30137,31188,150860,0
100000,3,1,3,-1,-1,-1,-1,-1,-1,82214,74983,71958,68808,68769,68955,2659,2656,2372,2360,2574,2759,17786,25017,28042,31192,31231,31045,420307,0
200000,2,1,3,2,3,2,2,2,2,94529,92126,94772,92368,101837,103764,0,5000,0,12000,3700,0,105471,107874,105228,107632,98163,96236,558696,1
170000,2,1,2,1,2,-1,-1,-1,-1,158954,139482,139869,139956,141431,149946,7,6513,6548,5300,11001,0,11046,30518,30131,30044,28569,20054,840269,0
50000,2,1,3,-1,-1,-1,-1,-1,-1,25387,25435,23268,23365,19602,18462,1374,1418,1295,677,669,686,24613,24565,26732,26635,30398,31538,129400,0
200000,3,1,3,-2,-2,-2,-2,-2,-2,0,0,0,0,0,0,0,0,0,0,0,0,200000,200000,200000,200000,200000,200000,0,0
200000,2,1,2,-1,-1,-1,-1,-1,-2,1543,1109,1048,1294,0,0,1109,1048,1294,0,0,0,198457,198891,198952,198706,200000,200000,1543,0
50000,3,2,3,-1,-1,-1,-1,-1,-1,43383,43397,43395,42334,12316,9997,1992,2251,1451,540,503,430,6617,6603,6605,7666,37684,40003,187655,0
50000,3,2,3,-1,-1,-1,-1,-1,-1,35962,34725,33219,31688,29425,29747,1857,1851,1820,1057,3300,0,14038,15275,16781,18312,20575,20253,184881,0
300000,2,1,2,-1,-1,-2,-2,-2,-2,29997,592,1049,-25,-25,-25,598,1057,0,0,0,0,270003,299408,298951,300025,300025,300025,29908,0
130000,2,2,2,-1,-1,-1,-1,-1,-1,21395,31030,40523,54838,78769,82478,10000,10000,15000,25000,5000,5000,108605,98970,89477,75162,51231,47522,239033,0
80000,1,2,2,2,2,2,2,2,2,67206,65537,69361,67647,72524,74068,0,5500,0,6000,3000,0,12794,14463,10639,12353,7476,5932,401843,1
120000,1,2,2,-1,-1,-1,2,-1,-1,32773,28002,32493,16258,8871,2000,1509,5000,7,0,2000,1666,87227,91998,87507,103742,111129,118000,110215,0
140000,1,2,2,-1,-1,-1,-1,-1,-1,130134,131475,137236,121914,71210,72778,5000,8000,5485,5000,3000,2000,9866,8525,2764,18086,68790,67222,636262,1
220000,1,2,3,-1,-1,-1,-1,2,-1,113061,115294,117945,130365,126780,129570,5600,6000,16000,0,5000,6300,106939,104706,102055,89635,93220,90430,694115,0
70000,2,2,2,-1,-1,-1,-1,-1,-1,71336,70393,131412,63823,52339,40836,3609,2523,2441,3038,2029,70004,-1336,-393,-61412,6177,17661,29164,346495,1
20000,3,2,3,-1,-1,-1,-1,-1,-1,18416,13656,9022,5961,3970,780,1303,1518,1000,79,0,0,1584,6344,10978,14039,16030,19220,47905,0
200000,1,1,3,1,-1,-1,-1,-1,-1,0,492,0,489,320,732,492,0,489,320,732,5335,200000,199508,200000,199511,199680,199268,-5335,0
20000,2,1,2,1,2,2,2,2,2,6313,6559,7789,8505,9212,8922,500,1500,1000,1000,0,400,13687,13441,12211,11495,10788,11078,42900,1
510000,1,2,2,-1,-1,-1,-1,-1,-1,63573,62933,62320,61012,60519,58856,2900,3000,2400,2500,1800,1900,446427,447067,447680,448988,449481,451144,354713,0
450000,1,2,2,-1,2,-1,2,-1,-1,42713,6496,9341,2857,83527,0,0,9511,20,84000,0,116,407287,443504,440659,447143,366473,450000,51287,0
50000,2,1,2,-1,-1,-1,-1,-1,-1,45459,45695,45866,46165,10142,10825,2000,3000,2200,1200,1000,1000,4541,4305,4134,3835,39858,39175,193752,0
120000,2,3,3,-1,-1,-1,-1,-1,-2,61673,60679,61943,58744,-36156,-36156,2345,3419,5026,15651,0,0,58327,59321,58057,61256,156156,156156,144286,0
50000,3,1,3,1,-2,-2,-2,-2,-2,0,0,0,0,0,0,0,0,0,0,0,0,50000,50000,50000,50000,50000,50000,0,1
280000,2,2,2,-1,-1,-1,-2,-2,-2,4821,3469,0,0,0,1047,1017,0,0,0,1047,56970,275179,276531,280000,280000,280000,278953,-49697,0
30000,1,2,2,4,3,2,2,2,2,22303,21657,21022,23661,22983,25607,0,0,3000,0,3000,0,7697,8343,8978,6339,7017,4393,131233,1
20000,2,1,2,1,2,-1,-1,-1,2,5659,5422,6283,7454,8181,7905,0,1107,1278,1005,0,300,14341,14578,13717,12546,11819,12095,37214,0
80000,2,1,3,-1,-1,-1,-1,-1,-1,78216,62890,52973,52328,49214,50245,2115,5004,1834,1562,1621,2196,1784,17110,27027,27672,30786,29755,331534,0
120000,2,1,3,-1,-1,-1,-1,-1,-1,52574,47092,44208,32652,24115,20399,2000,2000,1256,1000,750,623,67426,72908,75792,87348,95885,99601,213411,0
370000,2,1,2,-1,-1,-1,-1,-1,-1,189567,183292,187344,192213,193602,196470,8000,8000,9000,7000,7000,6500,180433,186708,182656,177787,176398,173530,1096988,0
50000,2,2,3,-1,-1,-1,-1,-1,-1,30359,28717,16177,15949,14319,17319,2000,2000,2000,1000,3000,2200,19641,21283,33823,34051,35681,32681,110640,0
20000,3,2,2,-1,-1,-1,-1,-1,-1,30892,16348,13593,10236,17541,16322,5000,2015,3000,10005,3414,270,-10892,3652,6407,9764,2459,3678,81228,0
160000,2,1,2,-1,-1,-1,-1,-1,-1,59675,61085,62503,63867,65206,69584,3000,3000,3000,3000,5600,2600,100325,98915,97497,96133,94794,90416,361720,0
170000,3,2,3,-1,-1,-1,-1,-1,-1,167077,170965,172541,159546,137410,136680,12275,10000,8009,6000,30000,5322,2923,-965,-2541,10454,32590,33320,872613,0
100000,2,2,2,-1,-1,-1,-1,-2,-2,2069,3521,5399,0,0,0,1500,2000,0,0,0,1700,97931,96479,94601,100000,100000,100000,5789,0
210000,1,1,3,-1,-1,-1,-1,-1,-1,2827,3517,4412,2700,3578,4075,3527,4425,2708,3588,4087,1841,207173,206483,205588,207300,206422,205925,933,0
100000,3,2,2,-1,-1,-1,-1,-1,-1,54483,45433,40870,10726,1121,61067,2460,2220,1400,1121,61067,2210,45517,54567,59130,89274,98879,38933,143222,0
230000,1,1,2,-1,-1,-1,-1,-1,-1,213859,218094,225070,227528,121751,219354,9285,12000,9100,4600,4200,4100,16141,11906,4930,2472,108249,10646,1182371,1
240000,1,1,2,-1,3,2,-1,-1,-1,6333,3360,1291,2740,2241,1060,0,10,2740,2241,0,2731,233667,236640,238709,237260,237759,238940,9303,0
240000,3,2,2,-1,-1,-1,-1,-1,-1,135053,141213,116710,93057,55419,59336,10000,10000,10000,5000,5000,5000,104947,98787,123290,146943,184581,180664,555788,0
50000,2,3,3,2,2,2,2,2,-1,42850,42850,45741,45694,45645,46457,1000,3900,1000,1000,1700,4500,7150,7150,4259,4306,4355,3543,256137,1
80000,2,1,3,-1,-1,-1,-1,-1,-1,79707,79876,79919,64237,47890,48036,3542,3500,2500,2000,2500,2000,293,124,81,15763,32110,31964,383623,0
50000,3,2,3,-1,-1,-1,-1,-1,-1,94962,49032,50135,50269,29182,29096,4200,2200,3300,1200,1100,1100,-44962,968,-135,-269,20818,20904,289576,0
50000,2,1,2,-1,-1,-1,-1,-1,-1,43900,42499,17494,18178,18541,18929,2268,1604,1288,651,674,734,6100,7501,32506,31822,31459,31071,152322,0
440000,1,2,2,-1,-1,-1,-1,-1,-1,186061,232558,312398,222336,223882,130672,50000,100448,7015,6422,6086,4000,253939,207442,127602,217664,216118,309328,1133936,0
220000,3,2,3,-1,-1,-1,-1,-1,-1,26595,33330,36720,40729,44762,48914,9000,5000,5000,5000,5000,5000,193405,186670,183280,179271,175238,171086,197050,0
70000,1,2,2,-1,-1,-1,-1,-1,-1,16163,1050,0,21280,21625,22275,1000,0,21280,1000,1000,1200,53837,68950,70000,48720,48375,47725,56913,0
240000,1,2,2,-2,-2,-2,-2,-2,-2,3162,3162,3124,3162,3162,3162,3162,3124,3200,3162,3162,3131,236838,236838,236876,236838,236838,236838,-7,0
360000,3,2,3,-1,-1,-1,-1,-1,-1,52460,40764,31185,25603,20394,29138,3000,3000,5000,5000,19138,1000,307540,319236,328815,334397,339606,330862,163406,0
360000,1,2,2,-2,-2,-2,-2,-2,-2,8971,2284,21669,-3,15866,-46,2303,21785,0,15869,0,0,351029,357716,338331,360003,344134,360046,8784,0
80000,1,2,2,-2,-1,2,-1,-1,-1,251594,264594,4374,5495,5902,6804,13000,0,1200,500,1000,1000,-171594,-184594,75626,74505,74098,73196,522063,0
30000,2,2,2,1,2,2,2,-1,-1,13208,13692,14176,14642,15397,16147,1000,1000,1000,1000,1000,1000,16792,16308,15824,15358,14603,13853,81262,1
160000,2,2,2,1,2,2,-1,-1,-1,99793,101325,98706,90457,90588,92533,4300,0,4200,3238,3400,3550,60207,58675,61294,69543,69412,67467,554714,1
150000,2,2,2,2,-1,-1,-1,-1,-1,155896,159891,164830,95000,98000,100000,5500,7103,3000,3000,2000,0,-5896,-9891,-14830,55000,52000,50000,753014,1
100000,2,2,2,-1,-1,-1,-1,-1,-1,55776,44953,46922,48677,49496,51010,3000,3000,3000,2000,2000,2000,44224,55047,53078,51323,50504,48990,281834,0
70000,2,2,2,1,2,8,7,7,6,26181,37611,37026,38922,38318,38133,12000,0,2500,0,1000,1500,43819,32389,32974,31078,31682,31867,199191,0
300000,2,2,2,-1,-1,-1,-1,-1,-1,242168,276536,206885,169901,170540,152188,40006,26531,10017,9123,10259,5079,57832,23464,93115,130099,129460,147812,1117203,0
90000,2,1,2,2,2,2,2,2,2,26493,30034,29268,31776,32456,31800,4000,0,3000,1500,0,2600,63507,59966,60732,58224,57544,58200,170727,1
800000,1,2,3,-2,-2,-2,-1,-1,-1,6229,4636,3810,6193,1957,3175,4644,3832,6219,1961,3183,27201,793771,795364,796190,793807,798043,796825,-21040,0
360000,2,2,3,-1,-1,-1,-1,-1,-1,36560,34371,43052,43596,33762,33391,11028,15044,10115,14026,5104,20077,323440,325629,316948,316404,326238,326609,149338,0
90000,2,1,3,1,2,-1,-1,-1,2,86699,84423,86173,87942,92756,91146,0,4008,4100,7200,0,3271,3301,5577,3827,2058,-2756,-1146,510560,1
300000,3,2,3,-1,-1,-1,-1,-1,-1,303747,299685,279613,286449,191187,194333,11500,14000,20000,6500,8000,7000,-3747,315,20387,13551,108813,105667,1488014,1
30000,3,1,3,1,2,-1,-1,-1,-1,19523,18917,20004,21063,21416,22667,0,1700,1700,1000,1749,0,10477,11083,9996,8937,8584,7333,117441,1
50000,2,2,2,-1,-1,-1,-1,-1,-1,48566,48206,48659,47248,48241,49196,2088,2120,1750,1700,1800,2023,1434,1794,1341,2752,1759,804,278635,0
110000,2,1,2,2,-1,-1,3,2,2,54404,57503,66128,64477,65413,66520,4000,9600,0,2600,2300,3000,55596,52497,43872,45523,44587,43480,352945,1
80000,1,2,2,-1,-1,-1,-1,-1,-1,155342,159672,163959,168187,171869,175524,6000,6000,6000,5500,5500,5500,-75342,-79672,-83959,-88187,-91869,-95524,960053,0
140000,2,1,2,-1,-1,2,2,-1,-1,134039,143937,143649,118593,95257,93145,13650,4700,114,3500,3500,3400,5961,-3937,-3649,21407,44743,46855,699756,0
50000,2,1,3,-1,-1,-1,-1,-1,-1,48659,34763,16158,11950,9903,10224,1345,1197,1152,495,1014,0,1341,15237,33842,38050,40097,39776,126454,0
20000,3,2,3,-1,-1,-1,2,2,-1,13195,14197,15657,14418,13561,13291,1238,2959,580,0,435,518,6805,5803,4343,5582,6439,6709,78589,0
50000,3,2,3,-1,-1,-1,-1,-1,-1,48060,48923,48924,33778,19492,19582,2326,2000,1235,622,1000,1000,1940,1077,1076,16222,30508,30418,210576,0
50000,1,2,2,1,-2,-2,-2,-2,-2,0,0,0,0,0,0,0,0,0,0,0,0,50000,50000,50000,50000,50000,50000,0,0
130000,2,1,3,3,2,2,2,3,3,120326,121877,118491,131444,133248,131001,5000,0,15000,5327,22,10,9674,8123,11509,-1444,-3248,-1001,731028,1
90000,2,1,3,-1,-1,2,-1,-1,-1,46608,49999,43996,44069,41317,36912,4500,0,1750,1425,1412,1231,43392,40001,46004,45931,48683,53088,252583,0
30000,3,1,3,-2,-2,-2,-2,-2,-2,2180,0,0,0,0,0,0,0,0,0,0,0,27820,30000,30000,30000,30000,30000,2180,0
50000,2,1,3,-1,-1,-1,-1,-1,-1,33346,33536,34923,37192,39341,27561,2000,3500,3000,3000,5000,5000,16654,16464,15077,12808,10659,22439,184399,1
170000,1,1,2,-2,-2,-2,-2,-2,-2,0,0,905,0,0,0,0,905,0,0,0,0,170000,170000,169095,170000,170000,170000,0,0
290000,1,2,2,2,-1,-1,-1,-1,-1,45021,44702,35181,28847,28131,3016,2700,1707,1800,0,0,2411,244979,245298,254819,261153,261869,286984,176280,1
20000,3,1,3,-1,-1,-1,-1,-1,-1,16013,14334,9086,5096,5096,5200,1419,1270,1200,0,104,0,3987,5666,10914,14904,14904,14800,50832,0
180000,1,2,2,2,2,2,-1,-1,-1,114091,124233,125768,126202,127677,99764,12100,5000,4200,3000,5000,2000,65909,55767,54232,53798,52323,80236,686435,1
360000,1,1,2,1,-2,-2,-2,-2,-2,396,396,396,396,396,396,396,396,396,396,396,396,359604,359604,359604,359604,359604,359604,0,0
20000,3,2,2,-1,-1,-1,-1,-1,-1,7222,13627,11974,11467,10469,9380,10009,2004,5013,3010,3690,4384,12778,6373,8026,8533,9531,10620,36029,0
140000,2,2,2,-1,-1,-1,-1,-1,-1,279184,259478,25020,21629,18367,15161,7000,2000,2000,2000,2000,2000,-139184,-119478,114980,118371,121633,124839,601839,0
90000,2,1,2,-1,-1,-1,-1,-1,-1,53105,54154,55683,56798,58508,63177,2525,3000,2637,3242,6783,0,36895,35846,34317,33202,31492,26823,323238,0
120000,2,1,3,-1,-1,-1,-1,-1,-1,35671,37073,38472,39510,40873,42082,2000,2000,2000,2000,2000,3000,84329,82927,81528,80490,79127,77918,220681,0
160000,1,1,2,-1,-1,-1,-1,-1,-1,24465,7747,17002,17170,14685,4328,7751,17016,17185,14685,4328,5827,135535,152253,142998,142830,145315,155672,18605,0
280000,2,1,2,2,2,2,2,2,2,204057,199262,211391,214343,215633,210876,0,18000,8000,7500,0,8000,75943,80738,68609,65657,64367,69124,1214062,1
500000,1,1,3,-1,-1,-1,-1,-1,-2,991,4073,6738,2500,0,0,4082,6738,2510,0,0,1000,499009,495927,493262,497500,500000,500000,-28,0
100000,2,2,2,2,-1,-1,-1,-1,-1,106989,98751,32099,18811,9960,10000,3910,1733,1000,1149,10000,0,-6989,1249,67901,81189,90040,90000,258818,1
160000,3,2,2,-1,-1,-1,-1,-1,-1,108963,105748,109050,112243,114513,114902,4500,5000,5000,4100,4192,6000,51037,54252,50950,47757,45487,45098,636627,0
20000,2,1,3,-1,-1,-1,-1,-1,-1,14124,15132,16483,18391,18783,19176,1249,1600,2500,1000,696,862,5876,4868,3517,1609,1217,824,94182,0
400000,1,2,2,2,2,2,2,2,2,49354,50747,49666,52727,51286,55077,2500,0,4500,0,4800,1600,350646,349253,350334,347273,348714,344923,295457,0
30000,2,1,3,2,4,4,3,2,2,28854,30467,29721,28961,29397,29988,2372,0,0,1200,1200,1163,1146,-467,279,1039,603,12,171453,0
50000,3,1,3,-1,-1,-1,-1,-1,-1,2840,2522,5500,21709,21056,20061,1000,5500,21709,916,1161,1884,47160,47478,44500,28291,28944,29939,41518,0
70000,2,2,3,1,2,-1,-1,-1,-1,79237,71627,73326,69645,19799,-1,0,2986,20150,500,0,0,-9237,-1627,-3326,355,50201,70001,289997,0
110000,2,1,3,1,2,-1,-1,2,2,45461,44434,45395,50402,50217,48199,0,1980,5987,2000,1,3027,64539,65566,64605,59598,59783,61801,271113,0
50000,2,2,3,-1,-1,-1,-1,-1,-1,50677,76727,78937,50205,30506,29860,4000,4695,2300,2500,2000,3000,-677,-26727,-28937,-205,19494,20140,298417,0
170000,2,1,3,-1,-1,-1,-1,-1,-1,4599,3409,3790,2578,2100,2400,3409,6530,2578,2100,2400,6665,165401,166591,166210,167422,167900,167600,-4806,0
30000,1,1,2,-1,-1,-1,-1,-1,-1,28700,28639,30171,29322,28572,0,1800,2300,1508,1000,0,0,1300,1361,-171,678,1428,30000,138796,0
50000,3,1,1,-1,-1,-1,-1,-1,-1,9527,9907,9660,880,990,780,2000,1092,880,990,780,0,40473,40093,40340,49120,49010,49220,26002,0
50000,2,2,2,-1,2,2,-2,-2,-2,780,780,0,0,0,0,0,0,0,0,0,0,49220,49220,50000,50000,50000,50000,1560,1
90000,3,1,3,1,-2,-2,-2,-2,-2,0,0,0,0,0,0,0,0,0,0,0,0,90000,90000,90000,90000,90000,90000,0,1
110000,2,1,3,-1,-1,2,-1,-1,-1,31042,33971,33143,34157,34950,36175,3454,0,1568,1361,1900,0,78958,76029,76857,75843,75050,73825,195155,0
240000,2,2,3,-1,-1,-1,-1,-1,-1,47379,49274,51171,52716,54229,56191,3000,3000,3000,3000,3000,3000,192621,190726,188829,187284,185771,183809,292960,0
360000,3,1,3,-2,-2,-2,-2,-2,-2,0,4435,0,3666,2749,2921,4435,0,3666,2878,2921,5270,360000,355565,360000,356334,357251,357079,-5399,0
290000,2,2,3,-1,-1,-1,-1,-1,-1,212643,192933,174184,163792,120754,236402,6755,6900,6733,5632,235024,8700,77357,97067,115816,126208,169246,53598,830964,0
180000,1,1,2,-1,-1,-1,-2,-2,-2,5086,5661,0,0,0,0,5668,0,0,0,0,0,174914,174339,180000,180000,180000,180000,5079,0
180000,2,1,3,-1,-1,-1,-1,-1,-1,158843,152507,143489,146139,73718,137304,6029,7035,10007,20000,4000,10000,21157,27493,36511,33861,106282,42696,754929,0
50000,2,2,3,-1,-1,-1,-1,-1,-1,47669,48102,45718,44142,40981,43634,2000,1731,1955,1454,3300,0,2331,1898,4282,5858,9019,6366,259806,0
500000,1,2,3,-2,-2,-1,-1,-1,-1,21376,20473,3581,18855,6783,5921,20473,3587,18860,146,5923,9464,478624,479527,496419,481145,493217,494079,18536,0
50000,2,1,2,-1,-1,2,2,-1,-1,5219,7633,8562,8276,8638,8851,2500,1200,0,500,500,500,44781,42367,41438,41724,41362,41149,41979,1
50000,3,1,2,5,4,3,2,-1,-1,54078,52946,51841,50306,49706,49706,0,0,0,0,0,0,-4078,-2946,-1841,-306,294,294,308583,0
400000,1,2,2,-1,-1,-1,-1,-1,-1,525,1610,566,21373,16663,7873,1610,285,22240,4200,905,4607,399475,398390,399434,378627,383337,392127,14763,0
240000,2,1,2,-1,-1,-1,-1,-1,-1,225709,228893,232706,187325,129889,123680,8544,9257,8583,4292,5133,4257,14291,11107,7294,52675,110111,116320,1088136,0
150000,2,1,2,-1,-1,-1,-1,-1,-1,64276,64226,4254,145578,148012,126848,3500,4508,145578,5115,10000,7598,85724,85774,145746,4422,1988,23152,376895,0
50000,3,2,2,3,2,2,2,2,2,15208,14667,21204,21363,20722,22384,0,6828,800,0,2000,0,34792,35333,28796,28637,29278,27616,105920,1
150000,1,1,2,1,-1,-1,-1,-1,-1,0,347,-13,4085,4006,826,347,0,4098,4006,826,3146,150000,149653,150013,145915,145994,149174,-3172,0
50000,3,1,3,-1,-1,2,-1,-1,-1,2602,12150,11670,12167,2210,2406,10000,0,1036,79,232,110,47398,37850,38330,37833,47790,47594,31748,1
360000,1,2,3,-1,-1,-1,-1,-1,-1,3457,1997,5115,3295,222,2854,2020,5115,3295,222,2862,2129,356543,358003,354885,356705,359778,357146,1297,0
100000,1,1,2,2,2,2,2,2,-1,72437,74645,76063,77224,75385,78991,4000,3200,3000,0,5000,3200,27563,25355,23937,22776,24615,21009,436345,1
30000,2,2,3,2,2,-1,-1,-1,-1,44072,39489,36794,33991,30820,29323,0,1820,1600,1012,2586,2656,-14072,-9489,-6794,-3991,-820,677,204815,0
260000,1,2,2,-2,-2,-2,-2,-2,-2,16751,5877,427,-73,-73,-73,10000,10000,0,0,0,0,243249,254123,259573,260073,260073,260073,2836,0
140000,2,1,1,-1,-1,-1,-1,2,-1,140933,140883,138087,141620,110532,111638,5503,7210,15128,0,4200,4300,-933,-883,1913,-1620,29468,28362,747352,0
30000,3,1,3,-1,-1,-1,-1,-1,-1,1261,1261,1261,1261,1261,1261,1261,1261,1261,1261,1261,1261,28739,28739,28739,28739,28739,28739,0,0
60000,2,2,2,2,2,2,2,2,2,48547,49446,49857,50737,52602,53613,2000,1500,2000,3000,2000,2000,11453,10554,10143,9263,7398,6387,292302,1
10000,2,2,1,1,2,2,2,2,-1,8393,9069,8019,5819,5626,5621,1000,2000,1000,0,2000,1000,1607,931,1981,4181,4374,4379,35547,0
110000,3,2,2,2,2,2,2,2,2,86345,88492,81753,84368,80262,80529,4504,30,7000,2600,3500,2,23655,21508,28247,25632,29738,29471,484113,1
40000,1,2,2,-1,-1,2,-1,-1,2,38849,40315,38401,39224,40364,38391,3600,0,2100,3226,0,1531,1151,-315,1599,776,-364,1609,225087,1
50000,3,1,3,2,-1,-1,-1,-1,-1,49386,49693,51136,20171,19286,19292,1818,2261,1296,672,688,834,614,307,-1136,29829,30714,30708,201395,1
50000,2,2,3,-1,-1,-1,-1,-1,-1,44310,45244,47922,46307,45983,50635,3003,5007,2008,3004,7019,12,5690,4756,2078,3693,4017,-635,260348,0
350000,2,2,2,-1,-1,-1,-1,-1,-1,227873,228009,220450,190173,192649,197269,10156,9000,8700,7000,7600,7800,122127,121991,129550,159827,157351,152731,1206167,1
450000,1,2,2,-1,-1,-1,-1,-1,-1,260733,228515,232762,208005,194608,201044,20255,50171,7096,6604,10012,10000,189267,221485,217238,241995,255392,248956,1221529,0
50000,2,2,3,-1,-1,-1,-1,-1,-1,49495,50586,49200,49763,18373,19187,3000,3000,3003,5000,2000,1500,505,-586,800,237,31627,30813,219101,0
170000,3,1,2,-1,-1,-1,-1,-1,-1,54397,55501,56823,56269,48558,45690,2009,2239,2067,1594,1576,1503,115603,114499,113177,113731,121442,124310,306250,0
100000,2,1,3,1,2,-1,-1,-1,-1,96310,78965,74289,70534,61450,65482,0,2600,6459,2500,5000,0,3690,21035,25711,29466,38550,34518,430471,0
140000,1,1,2,-1,-1,-1,-1,-1,-1,39598,40836,41878,42977,43960,45093,2200,2001,2100,2000,2000,2000,100402,99164,98122,97023,96040,94907,242041,0
250000,1,2,1,1,-1,2,2,-2,-1,0,5023,2460,0,0,3081,5023,0,0,0,3081,0,250000,244977,247540,250000,250000,246919,2460,0
130000,1,2,1,1,-2,-2,-2,-2,-2,0,0,0,0,0,0,0,0,0,0,0,0,130000,130000,130000,130000,130000,130000,0,0
130000,2,2,2,2,2,2,-1,-1,-2,1183,2183,2000,700,0,0,2000,13,700,0,0,0,128817,127817,128000,129300,130000,130000,3353,0
360000,3,1,2,-2,-2,-2,-2,-2,-2,222,1256,-9,1840,0,0,1256,0,1849,0,0,0,359778,358744,360009,358160,360000,360000,204,1
270000,2,1,2,-1,-1,-1,-1,-1,-2,18232,24290,11452,2295,0,0,14341,14468,2295,0,0,0,251768,245710,258548,267705,270000,270000,25165,0
140000,2,1,3,-1,-1,-1,-1,-1,2,139934,132948,135695,121943,111348,107488,6500,6500,4322,12200,0,4200,66,7052,4305,18057,28652,32512,715634,0
150000,2,2,2,-1,-1,-1,-1,-1,-1,151594,139114,92720,86468,79600,80866,4523,3500,3500,3000,2776,4019,-1594,10886,57280,63532,70400,69134,609044,0
200000,1,2,2,-1,-1,-1,-1,-1,-1,1431,1491,1000,9373,185994,188730,1491,1326,9373,192994,7000,7000,198569,198509,199000,190627,14006,11270,168835,0
280000,1,1,2,-1,-1,-1,-1,-1,-1,188698,353481,152132,138990,136778,137641,6337,6000,4974,5041,5215,7000,91302,-73481,127868,141010,143222,142359,1073153,0
80000,3,2,2,2,-1,-1,-1,-1,-1,88027,85314,84147,59671,80941,27436,3264,4092,2400,43532,1511,1200,-8027,-5314,-4147,20329,-941,52564,369537,1
240000,3,2,3,-1,-1,-1,-1,-1,-1,245311,237034,242807,226872,233115,239229,8491,9600,8896,10690,223765,9395,-5311,2966,-2807,13128,6885,771,1153531,0
20000,1,2,3,3,2,2,3,3,3,1050,1050,1050,1050,1050,1050,0,0,0,0,0,0,18950,18950,18950,18950,18950,18950,6300,1
300000,1,1,2,-1,-1,-1,-1,-1,-1,113807,103759,90827,78887,57682,35493,4511,3300,4505,4200,2500,25151,186193,196241,209173,221113,242318,264507,436288,0
250000,1,2,3,-1,3,2,2,2,-2,173,173,1573,1400,0,0,0,1400,0,0,0,0,249827,249827,248427,248600,250000,250000,1919,1
50000,1,2,3,-1,-1,-1,-1,-1,-1,48135,15317,12579,29035,17878,18586,1314,1506,19300,1000,1000,700,1865,34683,37421,20965,32122,31414,116710,1
50000,3,1,3,-1,-1,2,2,2,2,5620,46907,45880,48697,49504,50577,42100,0,3900,1900,2000,0,44380,3093,4120,1303,496,-577,197285,0
30000,2,2,2,2,4,3,2,2,4,25999,25305,24624,23930,28807,27781,0,0,0,5288,0,0,4001,4695,5376,6070,1193,2219,151158,1
240000,1,1,2,2,2,-2,-2,-2,-2,2500,0,0,0,0,0,0,0,0,0,0,0,237500,240000,240000,240000,240000,240000,2500,1
200000,2,1,3,-1,-1,3,2,2,2,154090,172516,168401,164199,174420,178485,21000,0,0,13000,7000,1170,45910,27484,31599,35801,25580,21515,969941,1
50000,1,2,2,-1,-1,-1,-1,-1,-1,57436,58483,55825,54888,58115,57299,2055,2655,1862,4007,2517,37793,-7436,-8483,-5825,-4888,-8115,-7299,291157,0
210000,1,2,2,-1,-1,-2,-2,-2,-1,280,0,0,0,0,14202,0,0,0,0,14202,2903,209720,210000,210000,210000,210000,195798,-2623,0
280000,1,1,3,1,-2,-2,-2,-2,-2,0,0,0,0,0,0,0,0,0,0,0,0,280000,280000,280000,280000,280000,280000,0,0
200000,3,2,2,-1,-1,-1,-1,-1,-1,223147,211336,200691,136379,17000,36932,8376,8589,6137,2300,18649,616,-23147,-11336,-691,63621,183000,163068,780818,0
300000,2,1,3,-1,-1,-1,-1,-1,-1,163033,140472,96234,64482,100558,76056,5505,5000,3000,95000,4000,3500,136967,159528,203766,235518,199442,223944,524830,0
420000,1,2,2,-1,-1,-1,2,2,2,9464,37856,31429,22483,16437,-2474,40146,23040,63,104,23,50212,410536,382144,388571,397517,403563,422474,1607,0
350000,1,2,2,-1,-1,-1,-1,-1,-1,259524,213822,220211,225601,105586,111276,8432,9000,9500,10000,7000,10000,90476,136178,129789,124399,244414,238724,1082088,0
120000,3,1,3,2,3,2,2,2,2,41439,42455,44872,45636,46388,47398,2000,3400,1800,1800,1900,2059,78561,77545,75128,74364,73612,72602,255229,1
110000,2,1,3,2,2,2,-1,-1,2,65070,69480,67800,69182,73431,72132,5500,0,2512,5400,0,3000,44930,40520,42200,40818,36569,37868,400683,1
20000,1,2,2,1,-1,-1,-2,-2,-2,0,150,0,0,0,0,150,0,0,0,0,0,20000,19850,20000,20000,20000,20000,0,0
100000,1,2,2,-1,-1,-1,-1,-1,-1,81210,78785,69138,69604,69448,69744,3019,2600,3100,3000,3000,3000,18790,21215,30862,30396,30552,30256,420210,0
240000,1,1,2,-2,-2,-2,-2,-2,-2,0,0,0,0,0,0,0,0,0,0,0,0,240000,240000,240000,240000,240000,240000,0,1
130000,4,2,2,-1,-1,-1,-1,-1,-1,22335,23040,20487,21497,21617,22268,1617,1644,1654,774,1000,1021,107665,106960,109513,108503,108383,107732,123534,0
170000,1,2,3,-1,-1,-1,-1,-1,-1,6203,9932,-157264,166969,164040,166416,5079,0,332809,6000,6000,6100,163797,160068,327264,3031,5960,3584,308,0
60000,2,1,3,2,2,2,2,2,-1,4136,6355,7604,7603,7332,7712,2300,1500,270,0,500,500,55864,53645,52396,52397,52668,52288,35672,1
200000,3,1,3,-1,-1,-1,2,-1,-1,151392,148467,153409,145476,119025,115255,7000,14834,0,4575,4180,4634,48608,51533,46591,54524,80975,84745,797801,0
210000,2,1,3,-1,-1,-1,-1,-1,-1,186004,169351,163576,115854,111606,120885,8100,7000,4000,5000,105015,4100,23996,40649,46424,94146,98394,89115,734061,0
100000,2,2,2,-1,-1,-1,-1,-1,-1,95271,97243,99400,88037,59213,56651,3558,3803,3146,2514,3000,2500,4729,2757,600,11963,40787,43349,477294,0
380000,1,1,2,-1,-1,-1,-1,-1,-1,83852,88996,77202,70542,65765,58355,13014,5068,2100,1947,2000,1600,296148,291004,302798,309458,314235,321645,418983,0
240000,1,2,2,-1,-1,-1,-1,-1,2,6865,2519,6646,-1776,3235,1612,2000,6500,0,5011,0,1834,233135,237481,233354,241776,236765,238388,3756,0
150000,2,2,2,-1,-1,2,2,2,2,53224,57297,52714,56329,57311,56265,5000,0,4500,2500,0,2500,96776,92703,97286,93671,92689,93735,318640,0
60000,2,2,2,-1,-1,-1,-1,2,-1,34604,35625,36701,39048,37269,38000,1900,1953,3300,0,1430,1300,25396,24375,23299,20952,22731,22000,211364,0
350000,2,1,2,-1,-1,-1,-1,-1,-1,219376,221056,224591,255247,259512,283724,7669,7957,35300,9247,29459,20000,130624,128944,125409,94753,90488,66276,1353874,0
300000,1,1,2,-1,-1,-1,-1,-1,-2,250,1280,0,320,0,0,1280,0,320,0,0,0,299750,298720,300000,299680,300000,300000,250,0
160000,3,1,3,-1,-1,-1,-1,-1,-1,75847,89094,88956,62768,64410,82919,30000,4326,4000,3000,20000,3500,84153,70906,71044,97232,95590,77081,399168,0
130000,1,2,2,-1,-1,-1,-1,-1,-1,91390,88381,89091,91212,29441,29683,5000,3424,4193,1042,1100,1080,38610,41619,40909,38788,100559,100317,403359,0
50000,3,2,2,-1,-1,-1,-1,-2,-2,4269,5478,6190,0,0,0,1288,1000,0,0,0,0,45731,44522,43810,50000,50000,50000,13649,0
270000,2,1,3,-1,-1,-1,-1,-1,-1,42598,44610,46666,48685,49574,50622,3036,3092,3111,2000,2000,2000,227402,225390,223334,221315,220426,219378,267516,1
90000,1,2,2,-1,-1,-1,2,-1,-1,87678,84296,53990,51752,50346,48811,3573,5100,0,200,20,1146,2322,5704,36010,38248,39654,41189,366834,0
240000,1,1,2,-2,-2,-2,-2,-2,-2,4081,7608,154353,9617,11360,3842,7644,155142,9661,11489,3870,3539,235919,232392,85647,230383,228640,236158,-484,0
450000,1,1,3,-1,-1,-1,-1,-1,-1,201015,177028,136434,126121,115050,105901,10000,6000,5087,5000,5000,5000,248985,272972,313566,323879,334950,344099,825462,0
280000,1,2,2,-1,-1,-1,2,-1,-1,10831,4211,3057,1333,302,5419,4216,4585,0,302,5419,1005,269169,275789,276943,278667,279698,274581,9626,1
270000,1,1,2,-2,-2,-2,-2,-2,-2,0,0,0,0,0,0,0,0,0,0,0,0,270000,270000,270000,270000,270000,270000,0,0
10000,3,2,3,3,2,2,3,3,3,1050,1050,1050,1050,1050,1050,0,0,0,0,0,0,8950,8950,8950,8950,8950,8950,6300,1
50000,1,3,2,-1,-1,2,-1,-1,-1,45553,49457,47080,45833,45310,6313,6324,0,1200,1000,126,1000,4447,543,2920,4167,4690,43687,229896,0
100000,1,1,2,-1,-1,-1,2,2,2,34139,38219,42604,44607,45576,46495,5000,5000,3000,2000,1800,1600,65861,61781,57396,55393,54424,53505,233240,0
190000,1,2,2,-1,-1,-1,-1,-1,-1,183594,191367,192221,136916,99307,98753,15000,7171,5427,4000,3518,4758,6406,-1367,-2221,53084,90693,91247,862284,1
240000,1,2,2,-1,-1,-1,-1,-1,-1,85603,63733,61710,50106,18874,18994,2500,3354,1800,1000,1200,2000,154397,176267,178290,189894,221126,221006,287166,0
220000,1,1,2,-1,-1,-1,-1,-1,2,171182,175334,179024,183050,207481,204082,7000,6500,7000,27640,0,16000,48818,44666,40976,36950,12519,15918,1056013,0
500000,1,1,3,-1,-1,-1,-1,-1,-1,47556,36675,9739,579,53599,25276,2016,1049,767,87150,931,1068,452444,463325,490261,499421,446401,474724,80443,0
300000,1,2,2,-1,-1,2,2,-1,-1,8077,10566,11293,12000,3458,56338,2800,1200,1200,9427,55000,2000,291923,289434,288707,288000,296542,243662,30105,1
500000,1,2,2,-2,-2,-2,-1,-1,-1,3317,22426,12762,11692,184515,168259,11393,25742,18076,184637,841,37384,496683,477574,487238,488308,315485,331741,124898,0
200000,1,2,2,-1,-1,-2,-1,-1,-1,8985,247,6015,34314,23403,-1839,805,6144,34418,230,1839,0,191015,199753,193985,165686,176597,201839,27689,0
260000,2,2,2,-1,-1,-1,-1,-1,-1,3113,3117,2924,2784,2413,902,1300,1100,1000,300,0,1261,256887,256883,257076,257216,257587,259098,10292,0
160000,3,2,2,-1,-1,-1,-1,-1,-1,50901,53859,55814,59726,61615,65939,4000,3000,5000,3000,5000,2000,109099,106141,104186,100274,98385,94061,325854,0
340000,1,2,2,-1,-1,-1,-1,-1,-1,85292,66486,62918,53322,50180,57000,17241,16000,13322,10005,9081,9080,254708,273514,277082,286678,289820,283000,300469,0
500000,1,2,2,-1,-1,-1,-1,-1,-1,65736,65164,62901,49434,41254,28115,2425,2174,1605,890,995,681,434264,434836,437099,450566,458746,471885,303834,0
310000,1,1,2,1,2,-1,-1,2,-1,310392,301861,225003,234185,222139,224655,56,9950,17828,9,7951,8070,-392,8139,84997,75815,87861,85345,1474371,0
360000,2,1,2,-1,-1,-1,-1,-1,-1,1431,3914,-15,3041,21801,3837,3933,0,3056,21910,3856,31772,358569,356086,360015,356959,338199,356163,-30518,0
110000,1,1,2,2,-1,-1,-1,-1,-1,36152,37246,38340,39018,40122,41069,2000,2000,1500,1500,1500,1135,73848,72754,71660,70982,69878,68931,222312,1
390000,1,1,2,-2,-2,-2,-2,-2,-2,8040,7818,8051,-5,1965,3088,7857,8091,0,990,3108,8486,381960,382182,381949,390005,388035,386912,425,0
140000,1,2,2,-1,-1,-1,-1,-1,-2,4900,393,0,814,0,0,393,0,814,0,0,0,135100,139607,140000,139186,140000,140000,4900,0
30000,3,2,2,-1,-1,-1,-1,-1,-1,27995,28977,29366,29553,27677,16364,1456,2000,1400,554,327,0,2005,1023,634,447,2323,13636,154195,0
200000,1,2,2,1,-1,-1,-1,-1,-1,-168,416,83,667,251,-165,1000,499,1000,0,0,1000,200168,199584,199917,199333,199749,200165,-2415,0
110000,1,2,3,-1,-1,-1,-1,-1,-1,101781,101811,105848,103018,42298,43464,3700,5700,3100,2000,2000,1700,8219,8189,4152,6982,67702,66536,480020,0
20000,1,1,2,2,2,2,-1,-1,-1,20547,17089,15824,17840,18140,0,1250,0,30000,500,0,0,-547,2911,4176,2160,1860,20000,57690,1
210000,2,1,3,2,2,2,2,2,2,85639,87705,90376,90687,91888,93852,4200,4800,2500,3900,3400,3400,124361,122295,119624,119313,118112,116148,517947,1
380000,2,1,3,-2,-2,-2,-2,-2,-2,2588,38981,6267,19774,12297,2700,39529,6930,19873,12361,2713,5291,377412,341019,373733,360226,367703,377300,-4090,0
70000,1,1,3,-1,-1,-1,-1,-2,-2,25317,24806,24100,0,0,0,2000,1010,0,0,0,0,44683,45194,45900,70000,70000,70000,71213,0
20000,2,2,2,-1,-1,-1,-1,-1,-1,14549,11292,7120,8115,2594,1610,1306,3045,10000,0,1610,0,5451,8708,12880,11885,17406,18390,29319,0
260000,1,2,2,-1,-1,-1,2,-1,-1,2112,728,100,100,499,499,733,100,0,499,0,0,257888,259272,259900,259900,259501,259501,2706,0
200000,1,1,3,-1,-1,-1,-1,-1,-1,53643,54300,55039,55712,56421,57203,1765,1828,1811,1816,1880,4123,146357,145700,144961,144288,143579,142797,319095,0
190000,2,2,2,-1,-1,-1,-1,-1,-1,154456,142409,119290,99767,101761,105150,6176,5000,3815,3614,5000,5000,35544,47591,70710,90233,88239,84850,694228,1
50000,2,2,3,-1,-1,-1,-1,-1,-1,47282,47535,46578,17029,10575,9478,2500,2000,2500,500,500,500,2718,2465,3422,32971,39425,40522,169977,0
20000,2,2,2,-1,-1,-1,-1,-1,-1,17042,17544,15292,16509,12261,14550,1500,1500,1506,452,2500,691,2958,2456,4708,3491,7739,5450,85049,0
400000,1,1,3,-2,-2,-2,-2,-2,-2,749,1503,33956,44258,56526,776,1530,34229,44258,56526,776,2131,399251,398497,366044,355742,343474,399224,-1682,0
280000,2,1,3,-1,-1,-1,-1,-1,-1,236168,242865,243515,215853,189911,161830,11000,10500,8010,7000,6000,4600,43832,37135,36485,64147,90089,118170,1243032,0
60000,3,1,2,2,2,2,2,-1,-1,33044,32232,25086,24404,25212,28147,0,4000,0,1500,3500,2600,26956,27768,34914,35596,34788,31853,156525,1
250000,1,1,3,-2,-2,-2,-2,-2,-2,0,0,0,0,0,0,0,0,0,0,0,0,250000,250000,250000,250000,250000,250000,0,0
400000,1,2,3,-1,-1,-1,-1,-1,-1,11461,5864,5300,6534,5222,500,5877,5300,6534,0,500,360,388539,394136,394700,393466,394778,399500,16310,0
180000,2,1,3,-1,-1,-1,-1,-1,-1,97660,95200,99380,77876,65494,66559,6000,7007,5000,3000,5000,2500,82340,84800,80620,102124,114506,113441,473662,0
50000,2,1,3,-1,-1,-1,-1,-2,-2,51132,43020,30180,0,0,0,2800,1000,0,0,0,0,-1132,6980,19820,50000,50000,50000,120532,0
220000,2,2,2,-1,-1,-1,-1,-1,-1,103159,91253,81847,79489,77040,78892,5000,3000,4000,3000,3000,3000,116841,128747,138153,140511,142960,141108,490680,0
50000,2,1,2,-1,-1,-1,-1,-1,-1,3056,0,4091,0,6592,2728,0,4091,0,6592,0,1456,46944,50000,45909,50000,43408,47272,4328,0
20000,3,2,5,3,2,2,-1,-1,-1,1930,1742,-780,1170,780,0,0,0,1950,0,0,1320,18070,18258,20780,18830,19220,20000,1572,0
100000,2,1,3,-1,-1,-1,2,-1,-1,11509,11119,12376,4419,2946,1473,1270,3000,0,0,0,3230,88491,88881,87624,95581,97054,98527,36342,0
500000,1,1,3,-1,-1,-1,-1,-1,-1,48533,49623,50969,52182,52821,53927,2200,2447,2660,2100,2109,2000,451467,450377,449031,447818,447179,446073,294539,0
120000,2,2,2,-1,-1,-2,-1,2,2,500,0,0,974,974,1624,0,0,974,0,650,0,119500,120000,120000,119026,119026,118376,2448,0
360000,1,1,2,-2,-2,-2,-2,-2,-2,-40,8147,1564,4941,2666,588,8187,1571,4965,2679,590,529,360040,351853,358436,355059,357334,359412,-655,0
440000,2,1,3,-1,-1,-1,-1,-1,-1,23424,24222,24077,23241,24600,16344,3000,3000,2000,5000,0,5000,416576,415778,415923,416759,415400,423656,117908,0
240000,2,2,2,-2,-2,-2,-2,-2,-2,13989,7976,2088,7795,1335,2928,7976,2088,7795,1335,2928,4319,226011,232024,237912,232205,238665,237072,9670,0
200000,1,1,3,-2,-2,-2,-2,-2,-2,3659,1710,5033,1125,1088,4469,1718,5069,1130,1093,4491,0,196341,198290,194967,198875,198912,195531,3583,0
50000,2,1,3,-1,-1,-1,-1,-2,-1,4270,1600,3106,0,0,1370,1600,3106,0,0,1370,3930,45730,48400,46894,50000,50000,48630,340,0
260000,2,1,3,2,-1,2,-1,-1,-1,802,4541,3896,119498,109399,111203,4541,0,119498,3500,3983,3579,259198,255459,256104,140502,150601,148797,214238,1
300000,2,1,2,-1,-1,-1,2,-1,-1,142378,146621,153217,154879,156692,154911,8000,10800,6000,6000,6000,6000,157622,153379,146783,145121,143308,145089,865898,1
130000,2,1,2,-1,-1,-1,-1,-1,-1,923,1632,545,1262,1019,530,1632,545,1262,1019,530,1518,129077,128368,129455,128738,128981,129470,-595,0
50000,2,2,3,-1,-1,-1,-1,2,-1,4975,6878,8106,9962,9656,11328,2000,1500,2000,0,2000,1000,45025,43122,41894,40038,40344,38672,42405,1
20000,3,2,2,-1,-1,-1,-1,-1,-1,18786,19015,20149,19870,-200,16636,1615,1749,1250,200,20901,1100,1214,985,-149,130,20200,3364,67441,0
20000,1,1,2,-1,-1,-1,2,-1,-1,16736,17834,20025,28806,14463,18668,1700,4000,300,10000,5000,1000,3264,2166,-25,-8806,5537,1332,94532,0
50000,3,1,3,-1,-1,-1,-1,-1,-1,43469,44462,45510,46501,47119,47321,2015,2063,2054,1672,1946,1700,6531,5538,4490,3499,2881,2679,262932,0
70000,2,2,2,2,2,2,2,2,2,33521,36303,37424,38512,37596,39877,3350,2000,2000,0,3055,1700,36479,33697,32576,31488,32404,30123,211128,1
70000,2,1,3,2,-1,-1,-1,-1,-1,68722,69693,70206,70032,50973,48529,3100,3000,3100,2000,1800,1700,1278,307,-206,-32,19027,21471,363455,0
450000,3,2,2,-1,-1,-1,-1,-1,-1,322402,301522,290124,281667,289459,262269,15000,11000,10013,20000,30000,30000,127598,148478,159876,168333,160541,187731,1631430,0
70000,2,1,3,-1,-1,-1,-1,-1,-1,5481,6495,7514,8582,9038,9490,1113,1132,1200,600,600,600,64519,63505,62486,61418,60962,60510,41355,0
120000,2,2,3,-1,-1,-1,-1,-1,-1,123772,121289,116645,119191,116549,119507,6000,5800,6000,4400,5000,4800,-3772,-1289,3355,809,3451,493,684953,0
80000,2,2,2,-1,-1,-1,-1,-1,-1,32394,23160,31484,396,3832,3867,23185,31610,396,3832,3867,1500,47606,56840,48516,79604,76168,76133,30743,0
20000,2,2,3,1,2,2,2,3,2,8545,10177,10467,11987,11503,11175,1923,600,2000,0,0,1000,11455,9823,9533,8013,8497,8825,58331,1
230000,2,1,3,-1,-1,-1,-1,-1,-1,26644,27352,28121,33331,38459,42525,1440,1500,6000,6000,5000,1556,203356,202648,201879,196669,191541,187475,174936,0
480000,1,2,3,-1,-1,-1,-1,-1,-1,449336,456668,424843,325772,320760,325841,17124,14706,15377,10481,11003,11303,30664,23332,55157,154228,159240,154159,2223226,0
490000,1,1,3,-1,-1,-1,-1,-1,-1,283484,245832,230346,215437,176688,170548,10000,9002,10000,7000,7000,7000,206516,244168,259654,274563,313312,319452,1272333,0
310000,2,1,3,-1,-1,-1,-1,-1,-1,286506,262830,210583,210982,126502,102999,9297,8311,6928,3539,2991,2672,23494,47170,99417,99018,183498,207001,1166664,0
100000,1,2,2,-1,-1,-1,-1,-1,-1,68073,64109,65302,73056,74034,44825,5000,3200,10000,10000,10000,10000,31927,35891,34698,26944,25966,55175,341199,0
260000,1,2,2,-1,-1,-1,-1,-1,-1,248880,248758,245404,169632,165098,151157,10611,9708,5929,5622,5465,5474,11120,11242,14596,90368,94902,108843,1186120,0
360000,1,1,3,1,-1,-1,-1,-1,-1,-985,7542,6169,2391,8539,10068,10000,30000,5000,10004,5000,0,360985,352458,353831,357609,351461,349932,-26280,0
500000,1,2,3,1,-2,-1,-1,-1,-1,-471,-471,157,20697,23906,23906,0,785,20697,3766,0,2040,500471,500471,499843,479303,476094,476094,40436,0
160000,1,2,2,-2,-2,-2,-1,-1,-2,0,150,1397,690,0,0,150,1397,690,0,0,0,160000,159850,158603,159310,160000,160000,0,0
360000,3,2,2,-1,-1,-1,-1,-1,-1,304883,301286,258122,255309,233946,235916,15000,9221,9225,8112,8369,9000,55117,58714,101878,104691,126054,124084,1530535,0
320000,2,1,2,-1,-1,-1,-1,-1,-1,154188,14512,303265,310715,318340,268942,5000,300000,14000,15000,12000,10000,165812,305488,16735,9285,1660,51058,1013962,0
210000,2,1,3,-2,-2,-2,-2,-2,-2,0,1145,1000,2000,500,5305,1145,1005,2000,500,5305,3640,210000,208855,209000,208000,209500,204695,-3645,0
140000,1,1,3,-1,-1,-1,-1,-1,-1,44635,45891,48149,50341,51897,53058,2000,3000,3000,3000,2000,3000,95365,94109,91851,89659,88103,86942,277971,0
20000,2,2,2,-1,-1,-1,-1,-1,-1,13231,14306,15370,16411,16839,17267,1300,1300,1300,700,700,700,6769,5694,4630,3589,3161,2733,87424,1
300000,1,3,4,-1,-1,-1,-1,-1,-1,301731,230617,306116,291201,241557,193103,60000,80006,10523,8565,8700,3412,-1731,69383,-6116,8799,58443,106897,1393119,1
130000,2,1,4,-1,-1,2,-1,-1,2,122079,127725,129558,126907,99773,98086,7700,6000,5800,5800,2895,400,7921,2275,442,3093,30227,31914,675533,0
200000,3,1,4,-1,-1,2,2,2,2,119657,127855,128447,115045,117299,105456,11754,4100,0,14000,0,10365,80343,72145,71553,84955,82701,94544,673540,0
120000,2,2,4,2,2,-1,-1,-1,-1,137965,128953,126516,123530,95921,88090,0,4940,4806,4107,4026,85750,-17965,-8953,-6516,-3530,24079,31910,597346,1
50000,2,3,4,-1,-1,-1,-1,-1,-1,49854,51215,50144,10683,9953,9567,2500,1500,1300,800,1000,1500,146,-1215,-144,39317,40047,40433,172816,0
180000,1,1,4,-1,-1,-1,-1,-1,-1,40310,41634,44959,50198,52361,55510,2000,4000,6000,3000,4000,3000,139690,138366,135041,129802,127639,124490,262972,0
230000,1,1,4,1,-2,-2,-2,-2,-2,0,0,0,0,0,0,0,0,0,0,0,0,230000,230000,230000,230000,230000,230000,0,1
10000,3,1,4,-1,-1,-1,3,2,2,4674,6422,9145,8854,8563,9918,2000,3000,0,0,1500,0,5326,3578,855,1146,1437,82,41076,0
20000,2,1,3,2,2,2,2,-1,-1,13380,13264,19195,18497,18160,19067,400,6180,0,454,1000,400,6620,6736,805,1503,1840,933,93129,1
200000,2,2,3,-1,-1,-1,-1,-1,-1,111664,113884,116545,120396,121486,121518,4080,4500,5800,4500,5000,5000,88336,86116,83455,79604,78514,78482,676613,0
360000,2,1,3,1,2,-1,-1,-1,-1,3295,1645,1656,1866,1473,1080,0,1656,1866,1080,1080,0,356705,358355,358344,358134,358527,358920,5333,0
210000,2,1,4,-1,-1,-1,-1,-1,-1,170760,174141,177856,181002,184690,188813,7700,8000,7600,6700,7100,6900,39240,35859,32144,28998,25310,21187,1033262,0
80000,2,1,4,2,2,2,2,-1,-1,6469,8947,9853,9546,9890,10479,2600,1200,0,503,900,0,73531,71053,70147,70454,70110,69521,49981,1
60000,2,2,4,-1,-1,-1,-1,-1,-1,27293,27898,28574,29059,29244,29462,1450,1516,1391,966,997,948,32707,32102,31426,30941,30756,30538,164262,0
100000,3,1,4,1,2,2,2,2,2,51021,53878,54046,52193,55151,55873,4388,2000,0,4212,2126,0,48979,46122,45954,47807,44849,44127,309436,0
20000,3,1,5,2,3,2,2,2,2,17072,16505,17242,16668,17972,18316,0,1300,0,1586,780,800,2928,3495,2758,3332,2028,1684,99309,0
50000,2,1,4,2,2,2,3,2,2,35068,34205,39148,38233,37318,39757,0,5500,0,0,3036,2000,14932,15795,10852,11767,12682,10243,213193,1
300000,3,1,4,-1,-1,-1,-1,-1,-1,110350,102556,103834,99368,101600,560,4052,6122,1987,2232,560,0,189650,197444,196166,200632,198400,299440,503315,0
140000,3,1,4,-1,-1,-1,2,-1,-1,143090,139095,147204,139896,136922,130098,5411,16000,0,5341,4830,4621,-3090,905,-7204,104,3078,9902,800102,0
120000,3,1,4,-1,-1,-1,-1,-1,-2,68646,68784,49933,51400,0,0,2144,1933,2400,0,0,0,51354,51216,70067,68600,120000,120000,232286,0
400000,3,1,4,-1,-1,-1,-1,-1,-1,17253,161057,192054,20660,18242,15609,160002,42263,20663,6020,3500,1003,382747,238943,207946,379340,381758,384391,191424,0
50000,3,2,4,2,-1,-1,-1,-1,-1,7831,7556,7312,6959,5813,3985,1123,1140,1048,163,135,151,42169,42444,42688,43041,44187,46015,35696,0
90000,1,1,4,-1,-1,-1,-1,-1,-1,58438,60208,62000,60673,22196,29809,2572,3188,2661,1000,8000,1000,31562,29792,28000,29327,67804,60191,274903,0
60000,2,1,4,-1,-1,-1,-1,-1,-1,59617,47807,35136,34163,27197,26528,3099,3000,5005,2000,4001,3016,383,12193,24864,25837,32803,33472,210327,0
260000,1,1,4,-1,-1,-1,-1,-1,-1,62635,67553,69466,71310,73124,74949,6000,3000,3000,3000,3000,2734,197365,192447,190534,188690,186876,185051,398303,0
80000,3,1,4,-1,-1,2,2,-1,-1,27308,29536,31756,30946,31830,0,3000,3000,0,1700,0,0,52692,50464,48244,49054,48170,80000,143676,0
160000,2,1,4,-2,-2,-1,-1,-1,-1,-64,-64,140184,141992,143277,146438,0,140248,6600,5122,5464,5372,160064,160064,19816,18008,16723,13562,408957,0
10000,3,2,4,-1,-1,-1,2,-1,-1,7282,8311,10398,10000,10000,0,1311,2398,0,0,0,0,2718,1689,-398,0,0,10000,42282,0
190000,2,1,4,1,2,2,2,2,2,19871,19259,21734,21087,22732,22228,0,3100,0,2000,0,1900,170129,170741,168266,168913,167268,167772,119911,1
160000,1,1,4,-1,-1,-1,2,2,2,131124,129673,135778,132505,124622,127646,5000,12501,4700,0,9500,0,28876,30327,24222,27495,35378,32354,749647,0
20000,3,2,3,3,2,2,2,-1,-1,16066,15516,18047,17326,17326,17680,0,3100,0,400,354,2000,3934,4484,1953,2674,2674,2320,96107,0
300000,3,1,4,1,-1,-1,-1,-1,-1,0,176,1269,11347,369,860,176,1269,11347,369,860,0,300000,299824,298731,288653,299631,299140,0,0
440000,1,1,6,-1,-1,-1,-1,-1,-1,429309,437906,447326,447112,438187,447543,15715,16519,16513,15800,16531,15677,10691,2094,-7326,-7112,1813,-7543,2550628,0
50000,3,1,4,1,2,-1,-1,-1,-1,48679,47597,48503,49517,19592,19868,0,2100,2500,800,1000,900,1321,2403,1497,483,30408,30132,226456,0
350000,1,1,4,-1,-1,-1,-1,-1,-1,348938,326648,228830,198817,193859,154477,11000,8500,15022,7000,20000,20000,1062,23352,121170,151183,156141,195523,1370047,0
60000,3,1,4,-1,-1,-1,-1,-1,-1,59703,59837,48187,42658,40587,40605,2047,2168,1642,1563,1600,1486,297,163,11813,17342,19413,19395,281071,0
50000,2,1,3,2,-1,-1,-1,-1,-1,10492,11913,13012,13789,14560,15025,1600,1600,1300,1000,700,600,39508,38087,36988,36211,35440,34975,71991,1
30000,2,2,4,2,2,-1,-1,-1,-1,30119,28682,29058,29320,29787,27599,0,1803,1733,1200,1200,2000,-119,1318,942,680,213,2401,166629,1
150000,1,2,4,-1,-1,-1,-1,-1,-1,227634,356216,247706,239805,242653,39496,18000,12370,6552,6936,395,0,-77634,-206216,-97706,-89805,-92653,110504,1309257,0
100000,1,1,5,-1,-1,3,2,-1,-1,4814,8311,8031,5790,3860,2599,3591,0,0,0,0,2712,95186,91689,91969,94210,96140,97401,27102,1
350000,1,1,4,-1,-1,-1,-1,-1,-1,3297,11634,12952,39274,5474,14837,11637,12991,39278,6000,14837,931,346703,338366,337048,310726,344526,335163,1794,0
80000,2,1,4,-1,-1,-1,-1,-1,-1,75113,76860,77456,21118,22260,23396,3500,2202,1500,1500,1500,1500,4887,3140,2544,58882,57740,56604,284501,0
80000,3,1,4,-1,-1,-1,-1,-1,-1,80037,79788,81571,75814,49784,51408,63000,25000,7704,8700,3000,12900,-37,212,-1571,4186,30216,28592,298098,0
10000,3,1,4,4,3,2,2,2,2,7936,7662,8386,9069,9966,8410,0,1000,1000,1000,0,2000,2064,2338,1614,931,34,1590,46429,1
210000,2,1,5,-1,2,-1,-1,-1,-1,780,390,390,390,780,390,0,780,390,780,0,390,209220,209610,209610,209610,209220,209610,780,1
500000,1,1,5,1,-2,-2,-2,-1,-1,0,0,0,0,1981,1700,0,0,0,1981,1700,13969,500000,500000,500000,500000,498019,498300,-13969,0
20000,2,1,5,3,4,3,2,2,4,18618,18040,17471,16893,21318,20412,0,0,0,4726,0,0,1382,1960,2529,3107,-1318,-412,108026,1
330000,1,2,4,-2,-2,-2,-2,-2,-2,3027,2379,1803,909,3854,1509,2386,1894,911,3865,1513,0,326973,327621,328197,329091,326146,328491,2912,0
250000,1,1,4,-1,-1,-1,-1,-1,-1,1635,2491,-60,600,600,0,1025,0,660,0,0,0,248365,247509,250060,249400,249400,250000,3581,0
420000,1,1,4,-2,-1,2,-1,-1,-1,1003,1632,629,13371,12383,8260,1632,0,13371,15,0,2512,418997,418368,419371,406629,407617,411740,19748,0
90000,2,1,4,-1,-1,-1,-1,-1,-1,24782,26302,27465,27943,26152,25941,3000,3000,2000,1000,936,1010,65218,63698,62535,62057,63848,64059,147639,1
180000,3,2,4,-1,-1,-1,-1,-1,-1,77408,74156,75659,72046,70355,71208,3293,3350,3111,2615,2689,2766,102592,105844,104341,107954,109645,108792,423008,0
50000,3,1,4,-1,-1,-1,-1,-1,-1,47877,48519,46538,45465,18654,19042,2516,2106,2048,783,806,652,2123,1481,3462,4535,31346,30958,217184,0
200000,2,1,4,1,-1,-1,-2,-2,-1,0,2920,0,0,0,6753,2920,0,0,0,6753,0,200000,197080,200000,200000,200000,193247,0,1
100000,1,1,5,-1,-1,-1,-1,-1,-1,61228,59936,59038,52735,46667,49009,2810,2954,2307,1756,3181,0,38772,40064,40962,47265,53333,50991,315605,0
150000,1,1,4,1,-1,-1,-1,-1,-1,0,780,4639,100940,3284,2090,780,4639,100000,3284,2576,2576,150000,149220,145361,49060,146716,147910,-2122,0
360000,1,1,5,-1,-1,-1,-1,-1,-1,5875,7279,6894,7143,1787,19526,7289,6918,7148,1792,19541,3689,354125,352721,353106,352857,358213,340474,2127,0
50000,2,2,4,-1,-1,-1,-1,2,-1,51867,51136,51039,52079,49523,49128,2200,2500,4000,0,2000,2000,-1867,-1136,-1039,-2079,477,872,292072,0
30000,2,3,4,3,2,-1,-1,-1,2,23496,22820,23952,27052,28631,28037,0,1500,3500,2336,0,6900,6504,7180,6048,2948,1369,1963,139752,0
330000,3,1,4,-1,-1,2,-1,-1,-1,360,1499,360,360,7143,5725,1499,0,360,7143,3000,2383,329640,328501,329640,329640,322857,324275,1062,0
70000,2,3,3,-1,-1,-1,2,-1,-1,27847,29073,34578,33723,35156,37370,2000,6000,0,2000,2784,0,42153,40927,35422,36277,34844,32630,184963,1
420000,1,1,4,-1,-1,-1,-1,-1,-1,57815,1000,0,287921,291770,299232,1000,0,288921,10000,21100,0,362185,419000,420000,132079,128230,120768,616717,0
130000,1,1,4,-1,-1,-1,-1,-1,-1,124108,126571,130870,132213,52755,53463,4530,6338,5530,1877,1937,1939,5892,3429,-870,-2213,77245,76537,597829,0
200000,2,1,4,-1,-1,-1,-1,-1,2,184505,182475,180103,180647,76236,71415,8000,7512,8034,5600,0,2700,15495,17525,19897,19353,123764,128585,843535,0
180000,3,1,4,2,2,2,2,2,2,36086,37196,36322,38808,39474,40297,2000,0,3405,1600,1600,1700,143914,142804,143678,141192,140526,139703,217878,1
170000,2,1,4,2,2,2,2,2,2,44619,45386,46365,47304,47727,49315,1800,2000,2000,1500,2500,0,125381,124614,123635,122696,122273,120685,270916,1
190000,1,1,4,-1,-1,-1,-1,-1,-1,187295,186189,186002,170873,98013,94600,7000,7962,7000,3417,3463,3357,2705,3811,3998,19127,91987,95400,890773,0
200000,1,1,4,1,2,-1,-1,-1,-1,7111,4803,4629,14915,8523,5586,10,1215,12000,4000,4978,1000,192889,195197,195371,185085,191477,194414,22364,0
30000,3,1,4,-1,-1,-1,-1,-1,2,13693,14757,15815,16788,17787,17363,1600,1600,1540,1580,0,700,16307,15243,14185,13212,12213,12637,89183,1
460000,2,1,4,-1,-1,-1,-1,-1,-1,5352,8240,76653,75117,76616,78248,3000,76653,20000,2481,2600,2600,454648,451760,383347,384883,383384,381752,212892,0
190000,1,1,4,-1,-1,-1,-1,-1,-1,205824,201269,197129,192803,161324,156576,7154,7385,7520,5593,6000,5516,-15824,-11269,-7129,-2803,28676,33424,1075757,0
10000,2,2,4,-1,-1,-1,2,2,-1,3697,5186,8225,8244,7963,8134,1561,3300,300,0,299,2000,6303,4814,1775,1756,2037,1866,33989,0
90000,2,1,4,-1,-1,-1,-1,-1,-1,10635,10889,10953,11155,15210,19425,3007,3000,3000,5000,6000,8000,79365,79111,79047,78845,74790,70575,50260,0
440000,1,1,4,-1,-1,-1,-1,-1,-1,8517,0,241,8544,1361,855,0,241,8598,857,4,2227,431483,440000,439759,431456,438639,439145,7591,0
480000,2,1,4,-1,-1,-1,-1,-1,-1,470310,472072,475509,466730,469490,398335,16898,17546,15921,15981,14420,14230,9690,7928,4491,13270,10510,81665,2657450,0
360000,3,1,4,-1,-1,-1,-1,-1,-1,22000,7746,1198,2087,1026,1026,7772,1198,2097,1026,1026,1019,338000,352254,358802,357913,358974,358974,20945,0
500000,1,1,5,-2,-2,-2,-2,-2,-2,1149,203,15183,3399,8311,-2,205,15259,3416,8353,0,0,498851,499797,484817,496601,491689,500002,1010,0
30000,3,2,1,-1,-1,-1,-1,2,-1,23176,23182,19083,19632,15252,14021,2867,2000,2000,0,1500,1353,6824,6818,10917,10368,14748,15979,104626,0
80000,3,2,2,-1,2,-1,-1,-1,-1,780,390,814,390,390,390,0,814,390,390,390,1578,79220,79610,79186,79610,79610,79610,-408,1
200000,2,1,5,-1,-1,2,-1,-1,-1,389,778,389,389,389,775,779,391,390,390,776,1,199611,199222,199611,199611,199611,199225,382,1
350000,1,1,4,-2,-2,-2,-2,-2,-2,1910,0,1638,0,0,0,0,1638,0,0,0,0,348090,350000,348362,350000,350000,350000,1910,0
150000,2,1,4,-1,-1,-1,-1,-1,-1,1540,780,0,580,780,0,780,0,580,200,0,0,148460,149220,150000,149420,149220,150000,2120,0
360000,3,2,4,-2,-2,-2,-2,-2,-2,0,0,0,0,0,0,0,0,0,0,0,0,360000,360000,360000,360000,360000,360000,0,1
20000,3,2,2,1,2,-1,-1,-1,-1,15903,15350,16438,17250,17601,17982,0,1343,1155,506,538,600,4097,4650,3562,2750,2399,2018,96382,1
310000,2,2,3,-1,-1,-1,-1,-1,-1,290211,296743,303686,226605,224937,228912,10989,12100,8000,8000,9000,7670,19789,13257,6314,83395,85063,81088,1515335,0
200000,1,4,2,1,-2,-2,-1,-1,-1,3028,1431,1818,4192,6066,1616,1473,1818,4192,6066,1616,2512,196972,198569,198182,195808,193934,198384,474,0
210000,3,2,3,-1,-1,-1,-1,-1,-1,160292,144217,123657,112910,97400,9806,3720,3229,3165,1979,9806,390,49708,65783,86343,97090,112600,200194,625993,0
30000,3,2,3,-1,-1,-1,-1,-1,-1,15979,17705,19107,20281,20941,21799,2000,2000,1500,1000,1200,2000,14021,12295,10893,9719,9059,8201,106112,0
110000,1,4,2,1,-2,-2,-2,-2,-2,0,0,0,0,0,0,0,0,0,0,0,0,110000,110000,110000,110000,110000,110000,0,0
50000,3,4,1,2,-1,-1,-1,-1,-1,13979,11243,4396,3120,1805,16820,1261,1396,3125,1805,16820,3000,36021,38757,45604,46880,48195,33180,23956,0
50000,1,4,1,-1,-1,-1,-1,-2,-2,4197,934,252,-570,-570,-1000,1000,252,0,0,0,0,45803,49066,49748,50570,50570,51000,1991,1
50000,2,2,2,-1,-1,-1,-1,-1,-1,32752,34202,35242,34776,35497,36325,2000,1600,1600,1300,1400,1600,17248,15798,14758,15224,14503,13675,199294,0
20000,1,4,1,-1,-1,-1,-1,-1,-1,16931,17644,18679,18275,7953,8323,1300,1340,1207,300,500,500,3069,2356,1321,1725,12047,11677,82658,0
230000,3,6,2,-1,-1,-1,2,-1,-1,291,763,2403,2205,1210,291,763,2403,0,0,291,291,229709,229237,227597,227795,228790,229709,3415,0
80000,2,4,2,-1,-1,-1,-1,-1,-1,16007,19643,23213,27547,31151,37673,5000,5000,6000,5000,8000,10000,63993,60357,56787,52453,48849,42327,116234,0
150000,2,2,4,-1,-1,-1,-1,-1,-1,2337,5335,508,9634,3822,1769,5336,509,9636,3822,1779,1017,147663,144665,149492,140366,146178,148231,1306,0
240000,2,2,1,-1,-1,-1,-1,-2,-2,1444,2553,747,0,0,0,2553,747,0,0,0,1295,238556,237447,239253,240000,240000,240000,149,0
450000,1,2,2,-2,-2,-2,-2,-2,-2,3961,2483,74,-73,14590,-70,2495,100,0,14663,0,14121,446039,447517,449926,450073,435410,450070,-10414,0
180000,2,4,1,-1,-1,-1,-1,-1,-1,316,316,316,316,316,316,316,316,316,316,316,316,179684,179684,179684,179684,179684,179684,0,1
30000,2,4,1,-1,-1,-1,-1,-1,-1,24426,25429,26491,27132,27672,28253,1712,1774,1415,955,991,1358,5574,4571,3509,2868,2328,1747,151198,0
50000,2,2,1,-1,-1,-1,-1,-1,-1,48560,49644,47247,42541,19716,20145,2000,2003,1298,1000,800,879,1440,356,2753,7459,30284,29855,219873,1
20000,2,2,2,2,2,2,2,2,-1,17727,18840,18255,20129,19528,40068,1700,0,2500,0,800,792,2273,1160,1745,-129,472,-20068,128755,0
150000,2,4,1,-2,-2,-2,-2,-2,-2,-19,-19,-19,-19,7962,0,0,0,0,7981,0,12220,150019,150019,150019,150019,142038,150000,-12315,0
20000,2,2,1,-1,-1,-1,-1,-1,-1,5586,6599,7615,8472,8640,8971,1268,1284,1141,309,470,321,14414,13401,12385,11528,11360,11029,41090,1
40000,2,2,1,-1,-1,-1,-1,-1,2,40633,40633,40311,39380,41389,40628,1950,4300,2000,2938,0,3700,-633,-633,-311,620,-1389,-628,228086,1
180000,2,2,2,1,-1,-1,-1,-1,-1,1591,150,8834,19565,14170,9017,150,8857,19565,502,3000,2707,178409,179850,171166,160435,165830,170983,18546,0
80000,2,4,1,-1,-1,-1,-1,-1,-1,78626,78262,80000,82025,78521,78947,3400,3600,4000,3500,3000,4000,1374,1738,0,-2025,1479,1053,454881,0
50000,2,4,1,-1,-1,-1,-1,-1,-1,45397,47264,44090,36501,28493,24663,3015,3025,2029,2015,1001,2000,4603,2736,5910,13499,21507,25337,213323,0
480000,1,4,2,-1,-1,-1,-1,-1,-1,3655,38022,5785,9233,4893,2168,38024,5785,9233,4893,2168,3625,476345,441978,474215,470767,475107,477832,28,0
20000,1,4,1,-1,-1,-1,-1,-1,-1,19422,17545,18163,19146,18331,18736,1300,1400,1300,700,700,1000,578,2455,1837,854,1669,1264,104943,0
150000,1,4,1,-2,-2,-2,-2,-2,-2,1495,2053,0,0,0,0,2060,0,0,0,0,0,148505,147947,150000,150000,150000,150000,1488,0
20000,2,4,1,-1,-1,-1,-1,-1,-1,15847,16885,18418,18915,17639,0,1300,1803,1300,1333,0,0,4153,3115,1582,1085,2361,20000,81968,0
360000,1,4,1,1,-2,-2,-2,-2,-2,0,0,0,0,0,0,0,0,0,0,0,0,360000,360000,360000,360000,360000,360000,0,0
200000,1,4,2,-1,-1,-1,-1,-1,-1,8819,8565,14567,157631,143678,159782,8656,14040,154888,12848,50000,10000,191181,191435,185433,42369,56322,40218,242610,1
20000,1,4,1,-1,-1,-1,2,-1,-1,4647,3567,20330,13463,9192,7315,5057,17000,0,0,0,1183,15353,16433,-330,6537,10808,12685,35274,0
50000,2,4,1,1,-1,-1,-1,-1,-1,18085,4120,0,261,28606,24041,7000,0,261,46506,2000,3000,31915,45880,50000,49739,21394,25959,16346,0
70000,2,4,1,-1,-1,-1,-1,-1,-1,64882,63824,63352,28085,28487,27006,2782,2700,1732,1134,1128,1003,5118,6176,6648,41915,41513,42994,265157,1
120000,2,4,1,-1,-1,-1,-1,-1,-1,116314,115653,108971,83592,22321,32150,6019,5000,5000,2000,20000,10000,3686,4347,11029,36408,97679,87850,430982,0
50000,3,2,3,-1,-1,-1,-1,2,-1,13406,15175,16227,17746,7496,7877,2000,1600,2100,1930,500,500,36594,34825,33773,32254,42504,42123,69297,0
310000,1,2,2,-1,-1,-1,-1,-1,-1,157173,160555,170288,175252,177855,181846,6000,12398,7814,7000,7000,6597,152827,149445,139712,134748,132145,128154,976160,0
60000,2,4,1,-1,-1,-1,-1,-1,-1,54216,55313,56127,57149,53721,54703,2000,2100,2000,2100,2000,2153,5784,4687,3873,2851,6279,5297,318876,0
20000,1,4,1,-1,-1,-1,-1,-1,-1,23050,22101,20912,19480,19129,20014,1336,2502,1700,807,2002,1007,-3050,-2101,-912,520,871,-14,115332,0
20000,2,4,1,2,2,-1,-1,-1,3,6900,6643,7872,9077,10989,10529,0,1500,1500,2225,0,0,13100,13357,12128,10923,9011,9471,46785,1
50000,1,4,1,-1,-1,-1,2,-1,-1,3560,4582,7692,12048,3750,95,1090,3200,0,2000,95,29355,46440,45418,42308,37952,46250,49905,-4013,1
80000,2,4,1,-1,-1,-1,-1,-1,-1,18429,19500,14366,15369,14595,14363,2015,1500,1252,330,1829,207,61571,60500,65634,64631,65405,65637,89489,0
20000,2,4,1,-1,-1,-1,-1,-1,-1,16990,17960,18923,19706,19818,20006,3000,3001,3000,2000,1002,783,3010,2040,1077,294,182,-6,100617,0
20000,4,4,1,-1,-1,-1,-1,-1,-1,19568,19420,15535,1434,500,0,4641,1019,900,0,1500,0,432,580,4465,18566,19500,20000,48397,1
10000,1,2,1,-1,-1,-1,-1,-1,-1,7641,8557,9080,1410,9508,8997,1262,1000,1115,9329,331,1000,2359,1443,920,8590,492,1003,31156,0
20000,2,2,1,-1,-1,-1,-1,2,-1,17617,17540,25816,12957,9602,9357,1489,2302,2400,0,2000,3000,2383,2460,-5816,7043,10398,10643,81698,0
20000,2,4,1,1,2,2,-1,-1,-1,18455,13081,12582,14255,14138,16138,1327,0,2000,283,2000,859,1545,6919,7418,5745,5862,3862,82180,0
30000,2,4,1,-1,-1,-1,-1,-1,-1,18424,18905,15037,2986,4212,1161,1311,1065,1000,1226,1161,748,11576,11095,14963,27014,25788,28839,54214,0
20000,1,4,1,-1,-1,-1,-1,-1,-1,2798,3214,647,0,7273,6490,2000,647,489,7273,130,0,17202,16786,19353,20000,12727,13510,9883,0
20000,1,4,1,-1,-1,-1,-1,-1,-1,18479,2005,7839,5386,10690,3413,2022,15210,1000,10690,3413,390,1521,17995,12161,14614,9310,16587,15087,0
20000,2,4,1,1,2,-1,-1,-1,3,15712,15162,16188,17212,19363,18771,0,1276,1300,2443,0,0,4288,4838,3812,2788,637,1229,97389,0
50000,2,4,1,1,2,-1,-1,-1,-1,51798,50497,30935,14010,19110,19500,0,1663,1544,5500,390,0,-1798,-497,19065,35990,30890,30500,176753,0
50000,1,4,1,-1,-1,-1,-1,-1,-1,8889,10234,13734,14754,16499,18223,1500,4000,1255,2000,2000,3000,41111,39766,36266,35246,33501,31777,68578,0
50000,3,4,1,-1,-1,-1,-1,-1,-1,3237,5365,8263,14054,22071,20506,5389,8276,14075,15022,3012,3018,46763,44635,41737,35946,27929,29494,24704,1
20000,2,4,1,-1,-1,2,-1,-1,-2,10294,3203,199,2780,0,0,4000,0,2780,0,0,0,9706,16797,19801,17220,20000,20000,9696,1
20000,2,4,1,2,4,3,2,-1,-1,8628,8350,8076,7798,8110,10194,0,0,0,441,2368,0,11372,11650,11924,12202,11890,9806,48347,1
80000,1,4,1,-2,-2,-2,-2,-2,-2,390,390,390,390,740,552,390,780,390,740,552,4390,79610,79610,79610,79610,79260,79448,-4390,0
80000,2,4,1,-1,-1,-1,-1,-1,-1,43275,42504,42471,43302,40516,43487,1700,1800,1600,1500,3500,2000,36725,37496,37529,36698,39484,36513,243455,0
130000,2,4,1,-1,-1,-2,-2,-2,-2,69,0,0,0,0,0,0,0,0,0,0,0,129931,130000,130000,130000,130000,130000,69,0
200000,1,4,1,-2,-2,-2,-2,-2,-2,675,1053,0,500,2057,23322,1053,0,500,2057,23322,4299,199325,198947,200000,199500,197943,176678,-3624,0
50000,1,4,1,-1,-1,-1,-1,-1,-1,27320,50339,40791,13676,9457,390,27704,5000,13676,9457,14000,568,22680,-339,9209,36324,40543,49610,71568,0
20000,1,4,1,-1,-1,2,2,2,2,12476,14951,14426,16471,15909,17151,3000,0,2600,0,1500,0,7524,5049,5574,3529,4091,2849,84284,0
20000,2,4,1,1,2,2,-1,-1,-1,15706,15757,15436,16331,10229,10250,1000,1000,1200,900,700,2300,4294,4243,4564,3669,9771,9750,76609,1
50000,2,4,1,1,2,-1,-1,-1,-1,44980,41140,31888,28639,26737,24784,7,1580,1621,1020,2473,1079,5020,8860,18112,21361,23263,25216,190388,1
60000,2,4,1,1,2,-1,-1,-1,-1,9491,9094,43457,34481,28695,26040,0,43460,1700,1100,1000,1000,50509,50906,16543,25519,31305,33960,102998,0
130000,2,4,1,-1,-1,-1,-1,-1,-1,8570,527,11249,7816,16578,16129,527,11249,1200,16578,0,33232,121430,129473,118751,122184,113422,113871,-1917,0
80000,2,4,1,-1,-1,-1,-1,-2,-2,1247,0,32320,0,0,0,0,32320,0,0,0,0,78753,80000,47680,80000,80000,80000,1247,1
170000,2,4,2,-1,-1,-1,-1,-1,-1,156526,160926,162960,165645,168386,129230,7500,6116,5600,5000,5000,5000,13474,9074,7040,4355,1614,40770,909457,0
90000,1,4,1,-1,-1,-1,-1,-1,-1,18418,23068,24146,25692,27364,24521,5000,1454,2000,2000,1500,680,71582,66932,65854,64308,62636,65479,130575,0
20000,2,2,1,-1,-1,-1,-1,-1,-1,3426,11581,10713,4272,4285,16542,11615,10739,4272,13,16687,952,16574,8419,9287,15728,15715,3458,6541,0
20000,1,4,1,-1,-1,-1,-1,-1,-1,1207,0,174,1200,1434,0,0,174,1200,1434,0,974,18793,20000,19826,18800,18566,20000,233,0
80000,2,4,1,-1,-1,-1,-1,-1,-1,38587,27558,23470,21539,14578,11766,5000,5000,10006,14614,11766,18000,41413,52442,56530,58461,65422,68234,73112,0
30000,2,4,1,-1,-1,-1,2,2,2,26568,27556,29963,28835,30174,28603,1762,3500,0,2297,40,1755,3432,2444,37,1165,-174,1397,162345,1
30000,1,4,1,-1,-1,2,2,2,2,18324,20986,20808,18908,19556,19148,3300,1300,0,2300,0,900,11676,9014,9192,11092,10444,10852,109930,0
30000,3,2,1,2,2,2,-1,-1,2,15003,15955,15410,17149,18362,18919,1500,0,2000,1500,1000,700,14997,14045,14590,12851,11638,11081,94098,1
150000,2,4,1,-2,-1,-1,-1,-1,-1,956,66470,66187,65419,61645,64189,66470,2451,2543,5000,4189,10000,149044,83530,83813,84581,88355,85811,234213,0
50000,1,4,1,-1,-1,-1,-1,-1,-1,40756,48482,47226,11151,-2897,48211,10000,2500,3002,1500,52000,1900,9244,1518,2774,38849,52897,1789,122027,1
80000,2,4,1,1,-1,-1,2,-1,-1,-1678,75061,3647,2173,390,780,78000,3647,0,0,780,0,81678,4939,76353,77827,79610,79220,-2054,0
30000,1,4,1,-1,-1,-1,-1,-1,-1,20958,12186,5754,5070,759,2480,1092,1109,1000,759,2480,0,9042,17814,24246,24930,29241,27520,40767,1
60000,1,4,1,2,2,2,2,2,2,26596,29332,28577,30805,31601,32349,3500,0,2709,1600,1400,1300,33404,30668,31423,29195,28399,27651,168751,1
100000,2,4,1,-1,-1,-1,-1,-1,-1,42409,43404,44446,45704,54916,56063,1700,1742,2000,10000,2025,2150,57591,56596,55554,54296,45084,43937,267325,0
140000,1,4,1,-1,-1,-1,-1,-1,-1,35206,26200,27771,29261,20121,24263,2000,2000,2025,1300,4500,3500,104794,113800,112229,110739,119879,115737,147497,0
140000,1,4,1,-1,-1,-1,-1,-1,-1,1217,866,390,0,2601,179,866,390,0,2601,0,1326,138783,139134,139610,140000,137399,139821,70,0
70000,4,2,1,-1,-1,-1,-1,-1,-1,30847,31849,33333,34344,35032,35807,1516,2000,1600,1215,1300,1500,39153,38151,36667,35656,34968,34193,192081,0
70000,2,4,1,2,-1,-1,-1,-1,-1,34970,19188,19998,22919,23128,23030,1313,1689,4000,958,1036,6000,35030,50812,50002,47081,46872,46970,128237,0
30000,2,2,1,2,2,2,2,-1,-1,21588,20942,23691,23012,26105,30500,0,3100,0,3500,5000,1000,8412,9058,6309,6988,3895,-500,133238,1
50000,3,4,1,2,-1,-1,2,-1,-1,1261,1261,2136,1560,1170,780,1261,2136,0,0,0,0,48739,48739,47864,48440,48830,49220,4771,1
50000,2,4,1,2,2,2,-1,-1,-1,49559,49548,50148,48910,29848,26159,1100,1700,1500,1000,1000,1300,441,452,-148,1090,20152,23841,246572,1
30000,3,2,1,-1,-1,-1,-1,-1,2,23185,24194,25529,26563,28120,28558,1400,1730,1760,2310,1033,0,6815,5806,4471,3437,1880,1442,147916,0
30000,3,4,1,-1,-1,-1,-1,-1,-1,28371,28238,28963,29991,22876,22177,2000,2000,2000,2000,2000,2000,1629,1762,1037,9,7124,7823,148616,1
30000,1,4,1,-2,-2,-2,-2,-2,-2,0,0,0,745,0,0,0,0,745,0,0,930,30000,30000,30000,29255,30000,30000,-930,0
20000,1,4,1,-1,-1,-1,-1,-1,-1,11629,11936,12643,13447,8199,8416,1193,1290,1094,1000,316,1000,8371,8064,7357,6553,11801,11584,60377,0
60000,4,4,1,-1,-1,-1,-1,-1,-1,60876,60606,58227,60538,45018,38086,2523,2155,45088,1722,1523,2000,-876,-606,1773,-538,14982,21914,268340,0
200000,1,4,1,-1,-1,-1,-1,-1,-1,72853,73688,56073,57790,58356,60135,2933,2100,2659,2100,2700,2599,127147,126312,143927,142210,141644,139865,363804,0
80000,1,4,1,1,-2,-2,-2,-1,-1,0,0,0,0,826,1803,0,0,0,826,1803,0,80000,80000,80000,80000,79174,78197,0,1
170000,1,4,1,-1,-1,-1,-1,-1,-1,15639,14431,15437,13838,14915,10090,1265,3437,2115,2920,1500,1053,154361,155569,154563,156162,155085,159910,72060,0
230000,2,4,1,-1,-1,-1,-1,-1,-1,160,237,436,12488,932,317,237,586,12511,1249,0,0,229840,229763,229564,217512,229068,229683,-13,1
90000,1,4,1,2,2,2,2,-1,-1,14085,13558,12193,12986,11831,12488,0,2000,1300,700,1000,3500,75915,76442,77807,77014,78169,77512,68641,1
290000,2,4,1,-1,-1,-1,-1,-1,-1,262476,180959,162007,143679,375499,222575,8000,6500,6100,235075,10047,7500,27524,109041,127993,146321,-85499,67425,1073973,1
60000,2,4,1,-1,-1,-1,2,-1,-1,8086,6936,4102,3891,4669,6083,3015,4102,0,1000,1500,1000,51914,53064,55898,56109,55331,53917,23150,0
20000,1,4,1,-2,2,2,2,2,-1,18252,19650,19054,20285,19563,17899,2000,0,2000,0,356,3431,1748,350,946,-285,437,2101,106916,1
50000,2,2,1,-1,-1,-1,-1,-1,-1,25526,26527,27577,28528,28689,29289,1431,1481,1432,992,1027,1038,24474,23473,22423,21472,21311,20711,158735,0
210000,2,4,1,-1,-1,-1,-1,-1,-1,9987,14769,16658,21032,19497,3510,5000,5000,5000,8000,2000,4209,200013,195231,193342,188968,190503,206490,56244,0
290000,2,4,1,-1,-1,-1,-1,-1,-1,140809,130127,131218,124556,127300,129357,6201,5113,5006,6006,5501,15064,149191,159873,158782,165444,162700,160643,740476,0
90000,2,4,1,-1,-1,-1,-1,-1,-1,29357,26003,27090,27767,28108,29848,1500,1500,1800,1100,2200,1500,60643,63997,62910,62233,61892,60152,158573,0
50000,2,4,1,-1,-1,-1,-1,-1,-1,37259,32822,20669,4510,2893,2000,1750,1150,1000,300,400,800,12741,17178,29331,45490,47107,48000,94753,0
50000,2,4,1,-1,-1,-1,2,-1,-1,32206,65339,33329,20935,15809,16133,1630,6348,0,420,593,500,17794,-15339,16671,29065,34191,33867,174260,0
20000,3,4,1,-1,-1,-1,-1,-1,-1,1360,1301,2257,2641,5041,248,1301,1267,1648,4041,0,3422,18640,18699,17743,17359,14959,19752,1169,0
360000,2,4,1,-1,-1,-2,-2,-2,-2,37927,2047,3794,8521,7119,5725,2057,4294,8535,1535,5753,7792,322073,357953,356206,351479,352881,354275,35167,0
230000,1,4,1,-1,-1,-1,-1,-1,-1,34975,35950,18661,12157,13104,13314,2000,1241,1157,1104,814,715,195025,194050,211339,217843,216896,216686,121130,0
30000,1,4,1,-1,-1,-1,-1,-1,-1,19998,21212,18127,14439,11026,10523,3001,2013,2001,2002,1500,20000,10002,8788,11873,15561,18974,19477,64808,0
30000,1,4,1,-1,-1,-1,-1,-1,-1,17462,27086,28299,29585,27952,29790,10000,2013,3016,759,2042,3705,12538,2914,1701,415,2048,210,138639,0
70000,2,4,1,-1,-1,-1,-1,-1,-1,45743,38365,38988,38192,28775,16497,1619,4000,1200,592,330,177,24257,31635,31012,31808,41225,53503,198642,0
20000,2,4,1,2,-1,-1,-1,-1,-2,18696,20086,20285,16530,0,0,1705,1418,2011,0,0,0,1304,-86,-285,3470,20000,20000,70463,1
80000,2,4,1,-1,-1,-2,-2,-2,-2,390,0,0,0,0,0,0,0,0,0,0,240,79610,80000,80000,80000,80000,80000,150,0
80000,2,4,1,-1,-1,-1,-1,-1,-1,80690,79451,80672,79681,78569,79817,2852,2906,2828,2790,2887,3100,-690,549,-672,319,1431,183,461517,0
50000,2,4,1,-1,-1,-1,-1,-1,-1,49173,50141,96860,48803,19324,19668,1800,2100,2600,1000,1000,1000,827,-141,-46860,1197,30676,30332,274469,0
30000,4,4,1,-1,-1,-1,-1,-1,-1,13738,10455,19869,26173,26848,27266,4000,10001,7000,1107,1000,1010,16262,19545,10131,3827,3152,2734,100231,0
30000,1,4,1,-1,-1,2,-1,-1,-1,28000,30463,29697,29760,21061,1894,3703,0,1000,421,1894,5514,2000,-463,303,240,8939,28106,128343,0
70000,2,4,1,-1,-1,-1,-1,-1,-1,53399,49108,49674,44568,31156,30954,1841,2243,1467,1076,1096,1494,16601,20892,20326,25432,38844,39046,249642,0
30000,2,4,1,-1,-1,-1,-1,-1,-1,30767,28818,30411,28805,26895,27162,1600,2517,4006,2000,1000,1500,-767,1182,-411,1195,3105,2838,160235,0
110000,2,2,1,1,1,-1,-1,-1,-1,9787,-1256,65064,66102,54275,51791,5,68500,3114,4016,2000,2000,100213,111256,44936,43898,55725,58209,166128,0
160000,2,4,1,-1,-1,-1,-1,-1,-1,55559,51972,34983,26514,17602,9308,3010,3000,2000,1000,2000,0,104441,108028,125017,133486,142398,150692,184928,0
30000,2,4,1,2,2,2,2,2,-1,29412,27559,31090,31247,30493,31148,0,4000,1000,0,1100,1091,588,2441,-1090,-1247,-493,-1148,173758,1
40000,2,4,1,2,-1,-1,-1,-1,-1,19012,20018,21047,22360,22499,22969,1326,1355,1668,807,834,837,20988,19982,18953,17640,17501,17031,121078,1
160000,2,4,1,1,-1,-1,-1,-1,-2,0,1000,2043,3133,0,0,1000,1043,1133,0,0,7482,160000,159000,157957,156867,160000,160000,-4482,1
50000,2,4,1,2,-1,-1,-1,-1,-1,33999,34997,36030,36740,37469,38254,1867,1900,1610,1339,1387,1395,16001,15003,13970,13260,12531,11746,207991,1
160000,1,4,1,-1,-1,-1,-1,-1,-1,77947,78960,79594,49777,327,222,4000,3000,1000,0,222,2682,82053,81040,80406,110223,159673,159778,275923,1
30000,2,4,1,-1,-1,-1,-1,-1,-1,3077,390,1946,2503,0,780,390,1946,1000,0,780,1160,26923,29610,28054,27497,30000,29220,3420,0
70000,2,4,1,2,3,2,2,-1,-1,64655,63031,64440,62816,63473,65112,0,3000,0,2300,2661,2035,5345,6969,5560,7184,6527,4888,373531,0
150000,2,2,1,-1,-1,-1,-1,-1,-1,12769,424,177,1596,405,0,902,177,1596,405,0,0,137231,149576,149823,148404,149595,150000,12291,0
50000,2,2,1,-1,-1,-1,-1,-1,2,46485,34462,26809,27809,29705,26856,1523,1609,1500,2305,0,1701,3515,15538,23191,22191,20295,23144,183488,0
80000,1,2,1,-1,-1,-1,-1,-1,2,79393,77400,78453,48027,52378,49750,3400,3000,5027,8500,0,4000,607,2600,1547,31973,27622,30250,361474,0
50000,2,4,1,2,-1,-1,-1,-1,2,35845,36449,37858,38924,41170,40379,1500,2000,2000,3200,0,1700,14155,13551,12142,11076,8830,9621,220225,1
50000,2,4,1,-1,-1,-1,-1,-1,-1,54519,53638,53676,51786,34919,33571,2000,2880,1950,1050,1010,1220,-4519,-3638,-3676,-1786,15081,16429,271999,0
30000,3,2,1,-1,-1,-1,-1,-1,-1,26277,25896,27460,27735,27711,28643,2000,2000,2000,2000,1500,1500,3723,4104,2540,2265,2289,1357,152722,0
250000,3,2,1,2,3,2,2,-1,-1,324204,308506,294198,278964,270046,265787,5000,6000,5000,9600,14000,14000,-74204,-58506,-44198,-28964,-20046,-15787,1688105,0
70000,1,2,1,-1,-1,-2,-2,-2,-2,3000,0,0,0,0,0,0,0,0,0,0,0,67000,70000,70000,70000,70000,70000,3000,0
150000,2,4,1,-1,-1,-1,-1,-1,-1,330,330,63917,59865,59258,57924,330,63917,2100,2100,2200,2200,149670,149670,86083,90135,90742,92076,168777,0
320000,1,4,1,-1,-1,-1,-1,-1,-1,179893,183466,187397,187999,191388,40940,6558,7254,4308,4274,1296,1017,140107,136534,132603,132001,128612,279060,946376,0
80000,4,4,1,-1,-1,-1,-1,-1,-2,11521,5219,4560,5450,0,0,1500,2000,1000,0,0,0,68479,74781,75440,74550,80000,80000,22250,0
30000,3,4,1,1,2,2,2,2,2,11167,13281,13773,14647,14713,14337,2600,1000,1400,600,0,700,18833,16719,16227,15353,15287,15663,75618,1
50000,1,4,1,-1,-1,-1,-1,-1,-1,47160,51034,50204,44580,4712,3914,5000,4000,1010,5504,5500,5000,2840,-1034,-204,5420,45288,46086,175590,0
30000,3,4,1,-1,-1,-1,-1,-1,-1,33171,32678,32218,31963,30942,29945,1524,1537,1755,1207,1076,1188,-3171,-2678,-2218,-1963,-942,55,182630,0
20000,2,4,1,-1,-1,-1,-2,-2,-2,8936,9700,0,0,0,0,1000,0,0,0,0,0,11064,10300,20000,20000,20000,20000,17636,0
200000,2,2,1,-1,-1,-1,-1,-1,-1,108174,111378,113751,110828,110592,103734,5000,4200,3820,4000,3760,4006,91826,88622,86249,89172,89408,96266,633671,1
20000,2,4,1,-1,-1,-1,-1,2,2,12932,13940,14654,16712,16149,18112,1532,1246,2304,0,2390,634,7068,6060,5346,3288,3851,1888,84393,1
100000,2,4,1,2,3,2,-1,-1,-1,84098,83160,81265,83012,84933,94362,1000,0,3100,3300,11000,0,15902,16840,18735,16988,15067,5638,492430,1
20000,1,4,1,1,2,2,2,2,2,18194,19043,18451,19961,19229,19694,1446,0,1956,0,651,0,1806,957,1549,39,771,306,110519,1
130000,2,4,1,-1,-1,-1,-1,-1,-1,10071,50961,44362,43359,39010,36546,46034,1800,1659,1200,1150,1158,119929,79039,85638,86641,90990,93454,171308,0
50000,4,4,1,-1,-1,-1,-1,-1,-1,42207,43517,44330,45404,46363,47630,2000,1800,1800,1700,2000,3700,7793,6483,5670,4596,3637,2370,256451,0
200000,4,2,1,-1,-1,-1,-1,-1,-1,149886,140541,96253,76131,37282,24421,5388,3300,2124,912,1000,10847,50114,59459,103747,123869,162718,175579,500943,1
20000,2,2,1,1,-2,-2,-2,-2,-2,0,0,0,0,0,0,0,0,0,0,0,0,20000,20000,20000,20000,20000,20000,0,1
20000,2,2,1,1,2,-1,-1,-1,-1,7072,1514,1898,2558,2498,4074,2,1198,1500,500,2000,0,12928,18486,18102,17442,17502,15926,14414,0
100000,1,4,1,1,2,2,2,-1,-1,3144,2949,4480,764,528,933,0,1795,0,13,933,3000,96856,97051,95520,99236,99472,99067,7057,0
170000,2,4,1,-1,-1,-1,-1,-1,-1,64142,54347,55677,59096,50536,15851,3000,3000,5000,10000,5000,6000,105858,115653,114323,110904,119464,154149,267649,0
80000,1,4,1,-1,-1,-1,-1,-1,-1,48305,48823,41495,36733,27692,27872,1739,1701,1439,980,1005,1216,31695,31177,38505,43267,52308,52128,222840,0
130000,1,4,1,-2,-2,-2,-2,-2,-2,1815,3520,727,-173,-173,-173,3532,857,1000,0,0,0,128185,126480,129273,130173,130173,130173,154,1
50000,3,2,1,2,2,2,-1,-1,-1,50002,51190,47959,49099,28540,29114,2330,0,2470,1215,1231,1000,-2,-1190,2041,901,21460,20886,247658,1
280000,2,4,1,-1,-1,-1,-1,-1,-1,25989,27052,28111,29138,29852,30717,1800,1800,1800,1500,1500,1500,254011,252948,251889,250862,250148,249283,160959,0
130000,2,4,1,-1,-1,-1,-1,-1,-1,3359,-191,191,2898,4728,5149,0,382,2898,1900,500,500,126641,130191,129809,127102,125272,124851,9954,0
150000,2,2,1,-1,-1,-1,-1,-1,-2,9377,11908,-5132,20710,0,0,11908,3038,42429,0,0,53867,140623,138092,155132,129290,150000,150000,-74379,0
130000,1,4,1,-2,-2,-2,-2,-2,-2,0,0,0,0,0,1250,0,0,0,0,1250,0,130000,130000,130000,130000,130000,128750,0,0
30000,2,4,1,-1,-1,2,-1,-1,-1,20194,24860,24180,25467,26241,30637,5000,0,2000,1500,5000,2528,9806,5140,5820,4533,3759,-637,135551,0
50000,1,4,1,-1,-1,-1,-1,-1,-1,50933,50906,48560,49826,34318,19884,2400,2500,2608,700,3381,0,-933,-906,1440,174,15682,30116,242838,0
120000,2,4,1,-1,-1,-1,-1,-1,-1,89240,87970,82837,73297,73084,68697,8000,3500,3500,3000,3000,3000,30760,32030,37163,46703,46916,51303,451125,0
30000,2,4,1,-1,-1,-1,2,-1,-1,28218,28704,30428,28914,29357,29955,2000,3600,0,1200,1200,1300,1782,1296,-428,1086,643,45,166276,0
80000,2,4,1,-1,-1,-1,-1,-1,-1,69816,71257,72812,74305,75872,77554,2600,2700,2700,2800,2900,4300,10184,8743,7188,5695,4128,2446,423616,0
80000,1,4,1,-1,-1,-2,-2,-1,-1,1178,2550,182,-2194,2188,6424,2550,1026,1350,4382,6443,5438,78822,77450,79818,82194,77812,73576,-10861,0
20000,1,4,1,-1,-1,-1,-1,-1,-1,15781,20124,19423,20140,19991,20079,5000,2000,1500,1000,600,1000,4219,-124,577,-140,9,-79,104438,1
80000,3,2,1,-1,-1,-1,-1,-1,-1,333,333,333,333,0,75,333,333,333,0,75,0,79667,79667,79667,79667,80000,79925,333,0
30000,2,2,1,2,-1,-1,2,-1,-1,25243,26261,29038,28289,28543,30544,1730,3500,0,1011,2450,0,4757,3739,962,1711,1457,-544,159227,0
120000,1,4,1,-1,-1,-1,-1,-1,-1,6500,4899,6500,6825,5635,2833,4899,6500,6825,5635,5497,7921,113500,115101,113500,113175,114365,117167,-4085,0
110000,1,4,1,-1,-1,-1,-1,-2,-2,104804,107979,93600,0,0,0,4988,1872,0,0,0,0,5196,2021,16400,110000,110000,110000,299523,0
70000,1,4,1,-1,-1,-1,-1,-1,-1,64822,61851,62007,38391,38996,39819,2502,2075,2000,1541,1600,2000,5178,8149,7993,31609,31004,30181,294168,0
300000,1,4,1,1,-1,-1,-1,-1,-1,0,9048,4040,0,1092,1681,9048,4040,0,1092,1681,0,300000,290952,295960,300000,298908,298319,0,0
160000,2,4,1,-1,-1,-1,-1,-1,-1,5536,15041,15877,12311,16270,7922,15046,4055,6000,7000,3000,1324,154464,144959,144123,147689,143730,152078,36532,0
150000,2,4,1,-1,-1,-1,-1,-1,-1,44552,43702,44798,44280,38006,32978,2022,2118,1800,1300,1300,1300,105448,106298,105202,105720,111994,117022,238476,0
210000,2,2,3,-1,-1,-1,-1,-1,-1,2295,561,2607,3586,3676,4095,566,2617,3591,3680,4095,8699,207705,209439,207393,206414,206324,205905,-6428,1
20000,2,4,1,-1,-1,-1,-1,-1,-1,16976,17687,18894,19693,19894,3473,1300,1500,1250,451,160,69,3024,2313,1106,307,106,16527,91887,0
240000,2,4,1,-1,-1,-1,-1,-1,-1,150886,141315,128940,124226,113133,113966,6537,6349,5834,3870,4000,3825,89114,98685,111060,115774,126867,126034,742051,0
60000,2,4,1,-1,-1,-1,-1,-1,-1,995,7348,7242,6682,6223,7007,7353,2007,2011,2005,3003,3005,59005,52652,52758,53318,53777,52993,16113,0
20000,2,4,1,-1,-1,2,2,2,2,7712,14042,14371,17963,17185,16638,6742,1100,4100,6,2000,0,12288,5958,5629,2037,2815,3362,73963,0
130000,2,4,1,1,2,-1,-1,-1,-1,136963,133293,133207,131578,101612,101650,0,6867,5660,3800,3677,3620,-6963,-3293,-3207,-1578,28388,28350,714679,0
330000,2,2,1,-1,-1,-1,-1,-1,-1,118053,197622,25664,9461,6407,15791,198842,25000,9004,6000,15000,6000,211947,132378,304336,320539,323593,314209,113152,0
50000,1,2,1,-1,-1,-1,-1,-1,-2,48294,48993,50702,49663,0,0,1805,2514,2475,0,0,0,1706,1007,-702,337,50000,50000,190858,1
110000,1,4,1,-1,-1,-1,-1,-1,-1,67729,64388,63447,65394,66810,68732,3000,3000,3000,2500,3000,4000,42271,45612,46553,44606,43190,41268,378000,0
50000,3,2,1,-1,-1,-1,-1,-1,-1,44742,45737,46814,47978,48733,50241,1737,1814,1978,1733,2241,1700,5258,4263,3186,2022,1267,-241,273042,0
90000,2,4,1,-1,-1,-2,-2,-2,-2,24179,0,0,0,0,0,0,0,0,0,0,0,65821,90000,90000,90000,90000,90000,24179,0
130000,2,4,1,-1,-1,-1,2,2,2,131336,123443,132517,133747,134230,131986,6000,12600,4900,5105,0,5050,-1336,6557,-2517,-3747,-4230,-1986,753604,0
150000,3,2,1,-1,-1,-1,-1,-1,-2,92802,91166,99655,100000,0,0,7500,10000,2000,0,0,0,57198,58834,50345,50000,150000,150000,364123,0
140000,2,4,1,-1,-1,-2,-2,-2,-2,515,0,0,0,0,0,0,0,0,0,0,0,139485,140000,140000,140000,140000,140000,515,0
150000,2,4,1,-1,-1,-1,-1,-1,-1,143212,137963,139520,99814,100810,103233,5500,5500,4500,3500,4000,4000,6788,12037,10480,50186,49190,46767,697552,0
50000,2,4,1,2,-1,-1,-1,-1,-1,48510,48217,25192,15741,3041,0,1800,3000,1000,3041,0,0,1490,1783,24808,34259,46959,50000,131860,1
40000,1,4,1,-1,-1,-1,-1,-1,-1,6223,7944,8961,3090,390,795,2000,1196,1000,1950,795,1170,33777,32056,31039,36910,39610,39205,19292,1
170000,2,4,1,-1,-1,-1,-1,-1,-1,164646,162671,166202,161973,167201,161327,7200,7500,6000,10000,7000,16000,5354,7329,3798,8027,2799,8673,930320,0
60000,2,4,1,-1,2,-1,-1,-1,-1,3485,2488,20956,22462,21476,23164,0,24419,2018,15000,2000,2000,56515,57512,39044,37538,38524,36836,48594,0
200000,2,4,1,-2,-2,-2,-2,-2,-2,0,169,1192,1599,0,0,169,1192,1599,0,0,0,200000,199831,198808,198401,200000,200000,0,0
80000,1,4,1,1,-1,-1,-1,-1,-1,-51,68779,70239,72556,75372,75406,72500,2564,3500,4000,3000,3101,80051,11221,9761,7444,4628,4594,273636,0
100000,1,4,1,-1,-1,-1,-1,2,-1,13201,14671,16120,18588,13272,13549,2000,2000,2786,0,639,700,86799,85329,83880,81412,86728,86451,81276,0
170000,2,4,1,-1,-1,-1,-1,-1,-1,65531,64149,46188,42793,30466,25583,2019,2006,2002,788,989,1000,104469,105851,123812,127207,139534,144417,265906,0
140000,1,4,1,-1,-1,-1,-1,-1,-1,131863,136170,139270,137548,96340,94201,6500,6799,5100,3300,3400,7461,8137,3830,730,2452,43660,45799,702832,0
90000,2,4,1,-1,-1,-1,-1,-1,-1,70457,64479,31470,28996,26067,23292,2850,1900,1700,1000,1000,1200,19543,25521,58530,61004,63933,66708,235111,0
70000,4,2,1,-1,-1,-1,-1,-1,-1,71993,71158,70557,37209,28905,28455,2851,3500,1500,1300,1100,1000,-1993,-1158,-557,32791,41095,41545,297026,0
120000,1,4,1,-1,-1,-1,-1,-1,-1,80975,82069,83808,85414,84569,85771,4000,3061,3019,2987,3174,2996,39025,37931,36192,34586,35431,34229,483369,0
60000,2,2,1,-1,-1,-1,-1,-1,-1,28768,29510,30389,24914,25408,25941,1524,1403,1500,908,941,946,31232,30490,29611,35086,34592,34059,157708,0
150000,2,4,1,-1,-1,-1,-1,-1,-1,107506,108154,43027,4946,3460,4112,5109,1316,1004,104,2012,108008,42494,41846,106973,145054,146540,145888,153652,0
50000,3,2,1,-1,-1,-1,-1,-1,-2,27172,28078,21165,1515,0,0,1390,1650,1000,0,0,0,22828,21922,28835,48485,50000,50000,73890,0
80000,3,2,1,-1,-1,-1,-1,-1,-1,78627,46314,75145,76846,58422,58131,3000,50000,4021,3300,2100,2100,1373,33686,4855,3154,21578,21869,328964,0
310000,2,4,1,-1,-1,-1,-1,-1,-1,60692,63668,68612,73441,123966,127957,4000,6000,6000,52000,6000,5500,249308,246332,241388,236559,186034,182043,438836,0
50000,1,4,1,-1,-1,-1,-1,-1,-1,22939,23966,24939,23962,24439,25044,1413,1386,1399,876,1000,959,27061,26034,25061,26038,25561,24956,138256,0
20000,2,2,1,-1,-1,2,-1,-1,-1,12483,15032,14506,15516,15561,15910,3071,0,1555,600,600,700,7517,4968,5494,4484,4439,4090,82482,1
80000,1,4,1,-1,-1,-1,2,-1,-1,4711,5737,8818,8471,8644,8820,1266,3347,0,173,176,180,75289,74263,71182,71529,71356,71180,40059,1
180000,1,4,1,-1,-1,-2,-2,-2,-2,2654,-632,-632,-632,-632,-632,0,0,0,0,0,0,177346,180632,180632,180632,180632,180632,-506,0
50000,2,2,1,-1,-1,-1,-1,-1,-1,40544,41098,28383,28937,29119,29334,2000,1500,1432,1004,1035,1178,9456,8902,21617,21063,20881,20666,189266,0
70000,2,4,1,-1,-1,-1,-1,-1,-1,66505,67514,69038,69927,50579,49483,2501,3001,2608,1777,1792,1793,3495,2486,962,73,19421,20517,359574,1
20000,2,2,1,-1,-1,3,2,-1,-1,17294,21821,21197,20400,20000,20000,4821,0,0,0,0,0,2706,-1821,-1197,-400,0,0,115891,0
60000,2,2,1,2,2,-1,-1,-1,-1,28600,27073,27396,27499,28060,27472,0,1460,1439,1000,1014,1078,31400,32927,32604,32501,31940,32528,160109,1
30000,2,4,1,2,2,2,-1,-1,-1,25267,26353,25650,26416,27178,28332,1800,0,1500,1200,1750,1300,4733,3647,4350,3584,2822,1668,151646,0
20000,2,4,1,2,-1,-1,-1,-1,3,2968,3980,5075,5979,6796,6463,1223,1318,1183,1000,0,0,17032,16020,14925,14021,13204,13537,26537,1
280000,4,4,1,-1,-1,-1,-1,-1,-1,8574,10420,12211,12639,22439,18096,2000,2000,3000,10000,5096,12704,271426,269580,267789,267361,257561,261904,49579,0
30000,2,4,1,-2,-2,-1,-1,-1,-1,0,1232,27287,27874,28430,29093,1232,31484,1444,1000,1100,1491,30000,28768,2713,2126,1570,907,76165,0
40000,1,4,1,2,2,2,2,2,2,26487,27255,26532,29089,28522,28914,1500,0,3000,200,1000,1200,13513,12745,13468,10911,11478,11086,159899,1
130000,2,4,1,-1,-1,-1,-1,-1,-1,14351,10473,9429,10413,7874,7158,2000,3000,3000,4000,1000,2000,115649,119527,120571,119587,122126,122842,44698,0
90000,2,4,1,-1,-1,-1,-1,-1,-1,44727,42751,43421,45878,46054,47252,2000,1851,3500,1519,2000,2000,45273,47249,46579,44122,43946,42748,257213,0
260000,2,4,1,-1,-1,-1,-1,-1,-1,5008,10698,3863,56173,15700,5049,10698,3863,56006,5712,1000,100,254992,249302,256137,203827,244300,254951,19112,0
100000,1,4,1,-1,-1,-1,-1,-1,-1,123,123,123,123,123,123,123,123,123,123,123,396,99877,99877,99877,99877,99877,99877,-273,1
50000,1,4,1,-1,-1,-1,-1,-1,-1,33879,35211,36263,37061,37943,42305,1900,1918,1700,1500,5000,0,16121,14789,13737,12939,12057,7695,210644,1
190000,3,4,1,-1,-1,-1,-1,-1,-1,54186,55466,57358,10890,287,49983,2000,2700,1100,287,49696,2000,135814,134534,132642,179110,189713,140017,170387,0
70000,2,4,1,-1,-1,-1,2,-1,-1,32845,31377,31420,30940,24765,25942,3100,6000,1125,1300,3000,2500,37155,38623,38580,39060,45235,44058,160264,0
50000,2,2,1,-1,-1,-1,-1,-1,-1,49855,51099,51192,50895,19535,20093,4100,3000,3500,1000,1000,1100,145,-1099,-1192,-895,30465,29907,228969,0
40000,2,4,1,-1,-1,2,-1,-1,-1,37423,40742,38582,39478,39620,38687,3967,0,1858,1500,5000,1605,2577,-742,1418,522,380,1313,220602,0
200000,1,4,1,-1,-1,-1,-1,-1,-1,203025,201474,158869,145723,139960,142193,10010,10000,7000,6000,5500,6000,-3025,-1474,41131,54277,60040,57807,946734,0
100000,1,4,1,1,-2,-2,-2,-2,-2,0,0,0,0,0,0,0,0,0,0,0,150,100000,100000,100000,100000,100000,100000,-150,0
220000,2,4,1,-1,-1,-1,-1,-1,-1,1534,3524,2130,7510,1117,916,3524,2130,7521,1117,916,2719,218466,216476,217870,212490,218883,219084,-1196,0
200000,2,2,1,-1,-1,-1,-1,-1,-1,14753,3670,5865,1303,4579,1107,3670,5865,1303,4579,1107,2109,185247,196330,194135,198697,195421,198893,12644,0
50000,3,2,1,2,2,-2,-1,-1,-1,1884,570,180,2672,3101,5465,570,0,2672,3101,5465,0,48116,49430,49820,47328,46899,44535,2064,0
360000,2,4,1,-2,-2,-2,-2,-2,-2,1189,-11,-11,-11,-11,2339,0,0,0,0,2350,766,358811,360011,360011,360011,360011,357661,368,0
170000,1,4,1,-1,-1,-1,-1,-1,-1,8046,6130,3653,32511,24814,25293,1085,1000,32517,1023,10000,5000,161954,163870,166347,137489,145186,144707,49822,0
250000,3,6,1,-1,-1,-1,-1,-1,-1,28507,138894,131031,83674,64760,52397,129565,10000,3011,3000,2500,2000,221493,111106,118969,166326,185240,197603,349187,0
80000,2,4,1,2,2,2,-1,-1,-1,76540,81373,79496,78641,48837,50592,8000,0,3300,2000,3800,0,3460,-1373,504,1359,31163,29408,398379,0
110000,2,4,1,-1,-1,-1,-1,-1,-1,19980,20683,21654,21998,23255,24527,2500,2000,1400,2000,1800,1100,90020,89317,88346,88002,86745,85473,121297,0
20000,2,4,1,-1,-1,-1,-1,-1,-1,10513,3367,444,20444,18976,19802,1000,444,20000,600,1000,1000,9487,16633,19556,-444,1024,198,49502,0
20000,2,2,1,2,2,2,2,-1,-1,11202,12228,12738,11207,6720,5071,1500,1005,0,511,1283,0,8798,7772,7262,8793,13280,14929,54867,1
60000,2,4,1,-1,-1,-1,-1,-1,-1,29832,18628,15069,15761,5879,-2879,1538,1308,1000,118,1329,41378,30168,41372,44931,44239,54121,62879,35619,0
170000,2,4,1,-1,-1,-1,-1,-1,-1,19103,14434,160153,160823,128646,124547,3000,157541,8020,5260,5000,6000,150897,155566,9847,9177,41354,45453,422885,0
150000,2,4,1,-1,-1,-1,-1,-1,-1,66731,64787,38948,24707,304,635,3000,3125,2065,307,635,0,83269,85213,111052,125293,149696,149365,186980,0
210000,2,4,1,-2,-2,-2,-1,-1,-1,973,4197,1772,7293,1508,2498,4224,2631,8132,1563,2506,2135,209027,205803,208228,202707,208492,207502,-2950,0
230000,2,4,1,-1,-1,-1,-1,-1,-1,10379,7835,8926,13283,20060,3904,2255,8926,5291,20060,3904,13000,219621,222165,221074,216717,209940,226096,10951,0
160000,2,4,1,-1,-1,-1,-1,-1,-1,1532,0,465,1791,1644,956,0,465,1792,33,0,2394,158468,160000,159535,158209,158356,159044,1704,0
150000,2,4,1,-1,-1,-1,-1,-1,-1,38494,38667,32794,30786,24250,20052,1516,1693,2007,1007,1000,1000,111506,111333,117206,119214,125750,129948,176820,0
210000,2,4,1,-1,-1,-1,-1,-1,-1,4341,402,11305,1368,2684,1397,402,11401,1368,2684,1397,0,205659,209598,198695,208632,207316,208603,4245,0
300000,2,4,1,-1,-1,-1,-2,-2,-1,603,4728,0,0,0,279,4747,0,0,0,279,423,299397,295272,300000,300000,300000,299721,161,0
340000,1,4,1,-1,-1,-1,-1,-1,-1,7453,2928,1564,7726,4536,4961,2942,1586,7742,1300,4985,5956,332547,337072,338436,332274,335464,335039,4657,0
150000,1,4,1,-2,-2,-2,-2,-2,-2,2901,0,0,0,0,0,0,0,0,0,0,0,147099,150000,150000,150000,150000,150000,2901,1
50000,2,4,1,-1,-1,-1,-1,-1,-1,8481,2158,3359,2158,2470,662,1000,3359,1000,2470,500,1500,41519,47842,46641,47842,47530,49338,9459,0
160000,1,4,1,-2,-2,-2,-2,-2,-2,717,3265,5105,3326,5482,2698,3269,5109,3328,5494,2864,2367,159283,156735,154895,156674,154518,157302,-1838,1
50000,1,4,1,-1,-1,2,-1,-1,-1,40067,43099,42133,43127,44210,45844,4000,0,2000,1800,2500,5500,9933,6901,7867,6873,5790,4156,242680,1
70000,2,4,1,1,2,-1,-1,-1,-1,5412,5177,6291,9085,9270,6821,0,1206,3000,185,200,0,64588,64823,63709,60915,60730,63179,37465,1
120000,2,2,1,-1,-1,-1,-1,-1,-2,79108,46864,75624,42754,15927,2405,3000,30000,5200,15000,2405,0,40892,73136,44376,77246,104073,117595,207077,0
200000,1,4,1,-2,-2,-2,-2,-2,-2,-3,773,0,1107,586,0,776,0,1107,586,0,0,200003,199227,200000,198893,199414,200000,-6,0
50000,2,4,1,-1,-1,2,-1,-1,-1,20123,19184,16834,15970,14502,12671,2880,0,1166,452,451,370,29877,30816,33166,34030,35498,37329,93965,0
310000,1,4,1,-1,-1,-1,-1,-1,-1,27638,24020,25223,25555,24311,17992,1393,1596,1447,93,118,56,282362,285980,284777,284445,285689,292008,140036,0
50000,2,4,1,-1,-1,-1,-1,-1,-1,27890,27788,19742,20672,16336,16921,2000,2000,1600,1000,1000,1000,22110,22212,30258,29328,33664,33079,120749,0
300000,4,4,1,-1,-1,-1,-1,-1,-1,2892,4009,4725,2595,2110,20984,4039,4751,2600,2110,20984,4366,297108,295991,295275,297405,297890,279016,-1535,0
160000,2,4,1,-1,-1,-1,-1,-1,-1,156753,153392,143297,140984,120742,115637,10000,8000,7000,5000,5000,5000,3247,6608,16703,19016,39258,44363,790805,0
90000,2,4,1,-1,-1,-1,-1,-1,-1,67004,65533,67475,69136,51217,50490,3000,3000,3000,2000,2000,2000,22996,24467,22525,20864,38783,39510,355855,0
160000,2,2,1,-1,-1,-1,-1,-1,-1,116744,94894,97589,78487,78592,81326,4000,4500,3000,3000,4000,5000,43256,65106,62411,81513,81408,78674,524132,0
500000,1,4,1,-1,-1,-1,-1,-1,-1,119193,163856,170201,162212,145184,118467,70005,10051,6119,7303,15090,10191,380807,336144,329799,337788,354816,381533,760354,0
390000,1,4,1,-2,-2,-2,-2,-2,-2,0,280,0,0,0,48425,280,0,0,0,48425,2000,390000,389720,390000,390000,390000,341575,-2000,0
320000,2,4,1,-1,-1,-1,-1,-1,-1,320983,319377,319368,305308,188120,192087,14000,14033,14008,7000,7000,7600,-983,623,632,14692,131880,127913,1581602,0
50000,1,4,1,-2,-2,-2,-2,-2,-2,3655,-1,-1,-1,-1,349,0,0,0,0,350,351,46345,50001,50001,50001,50001,49651,3299,0
200000,4,4,1,1,-1,-1,-1,-1,-1,777,14893,5635,7518,13226,13845,15103,5652,7529,13226,4906,4666,199223,185107,194365,192482,186774,186155,4812,0
90000,2,4,1,-1,-1,-1,-1,-2,-2,4403,1995,300,0,0,0,1000,300,0,0,0,0,85597,88005,89700,90000,90000,90000,5398,0
360000,2,4,1,-1,-1,-1,-1,-1,-2,12389,-5,1145,1169,-1,-1,0,1150,1174,0,0,0,347611,360005,358855,358831,360001,360001,12372,0
180000,1,4,1,-1,-1,-1,-1,-1,-1,264,264,264,264,264,264,264,264,264,264,264,264,179736,179736,179736,179736,179736,179736,0,0
60000,2,4,1,-1,-1,-1,-1,-1,-1,9970,7699,9479,10213,10000,11832,1020,9479,1000,200,1832,5889,50030,52301,50521,49787,50000,48168,39773,0
250000,2,4,1,-2,-2,-1,-1,-1,-1,0,0,19449,20623,21283,21943,0,19449,1500,1000,1000,1000,250000,250000,230551,229377,228717,228057,59349,1
20000,1,4,1,-1,-1,-1,-2,-2,-2,15312,2846,0,0,0,0,3000,0,0,0,0,0,4688,17154,20000,20000,20000,20000,15158,0
10000,1,4,1,-1,-1,-1,-1,-1,2,5707,6728,7865,7105,8298,8020,1123,1260,1500,1470,0,1500,4293,3272,2135,2895,1702,1980,36870,0
110000,1,4,1,-1,-1,2,2,-1,-1,9334,108868,96998,94480,90860,85529,100082,4200,0,3000,3140,4900,100666,1132,13002,15520,19140,24471,370747,0
150000,2,4,1,-1,-1,-1,-1,-1,-1,69333,2299,5290,17205,27130,3801,3401,5294,17211,14635,1,32784,80667,147701,144710,132795,122870,146199,51732,0
160000,2,4,1,-1,-1,-1,-1,-1,-1,154365,130024,153258,29975,65683,53856,7000,29000,1200,69364,1600,2000,5635,29976,6742,130025,94317,106144,476997,0
30000,2,4,1,1,2,-1,-1,2,-1,13785,13272,14310,16059,15506,15687,0,1560,2300,0,580,1000,16215,16728,15690,13941,14494,14313,83179,0
30000,1,4,1,1,2,2,2,-1,-1,29492,29697,30737,27808,28204,28792,1000,3513,0,1155,1190,1502,508,303,-737,2192,1796,1208,166370,0
280000,1,2,1,-2,-2,-2,-2,-2,-2,4664,1578,646,3689,560,-150,1578,646,3689,560,0,1605,275336,278422,279354,276311,279440,280150,2909,0
120000,1,4,1,1,-1,2,2,-1,-1,0,780,390,0,762,-18,1170,0,0,762,0,0,120000,119220,119610,120000,119238,120018,-18,0
360000,3,2,1,-1,-1,-1,-1,-1,-1,115730,102973,96363,85616,79033,72152,4371,5438,3415,2430,2568,3017,244270,257027,263637,274384,280967,287848,530628,0
80000,2,2,1,-1,-1,-1,-1,-1,-1,42037,43134,44223,43032,43599,41557,2100,2100,2000,2293,1700,2000,37963,36866,35777,36968,36401,38443,245389,0
310000,3,4,1,-1,-1,-1,-1,-1,-1,83756,86353,90960,89993,92229,94473,4000,6000,3000,3000,3000,3000,226244,223647,219040,220007,217771,215527,515764,0
80000,2,2,1,-2,-2,-2,-2,-2,-2,390,390,390,390,390,930,390,390,390,390,930,0,79610,79610,79610,79610,79610,79070,390,0
180000,1,4,1,-1,-1,-1,-1,-1,-1,171237,172787,174667,176618,141697,143738,8000,7000,7000,5010,5200,6000,8763,7213,5333,3382,38303,36262,942534,0
130000,1,4,1,-1,-1,-1,-1,-1,-1,11149,3150,8552,5459,2850,9611,3160,8591,5463,2855,9611,8901,118851,126850,121448,124541,127150,120389,2190,0
70000,3,2,1,-1,-1,-1,-1,-1,-1,66380,68083,50822,31179,28686,10806,4000,3012,5000,2000,3000,3000,3620,1917,19178,38821,41314,59194,235944,0
400000,2,4,1,-1,-1,-1,-1,-1,-1,14925,12559,3926,500,1236,11975,5000,3926,500,1236,11975,253,385075,387441,396074,399500,398764,388025,22231,0
20000,1,4,1,1,2,-1,-1,-1,-1,19849,15995,16572,15556,18268,17319,0,4000,1238,4500,675,3000,151,4005,3428,4444,1732,2681,90146,1
30000,1,4,1,-1,-1,-2,-2,-2,-2,4242,3891,1005,5308,8430,0,3915,1005,5308,8443,0,1120,25758,26109,28995,24692,21570,30000,3085,0
80000,2,4,1,1,-1,-1,-1,-2,-1,0,9000,380,0,0,363,9000,380,0,0,363,0,80000,71000,79620,80000,80000,79637,0,0
150000,2,4,1,-1,-1,-1,-1,-1,-1,11474,15023,17467,19789,20173,21696,5001,3000,2616,1000,2000,1000,138526,134977,132533,130211,129827,128304,91005,0
20000,3,4,1,-1,-1,-1,-1,-1,-2,5103,3773,10132,4818,0,0,3773,10139,4830,0,0,1960,14897,16227,9868,15182,20000,20000,3124,0
20000,1,4,1,-1,-1,-1,-1,-1,-1,1983,326,3242,1206,326,326,326,3242,1206,326,326,326,18017,19674,16758,18794,19674,19674,1657,0
150000,1,4,1,-1,-1,-1,-1,-1,-1,15079,5018,6701,54574,983,25580,5018,6701,54579,983,25580,26738,134921,144982,143299,95426,149017,124420,-11664,0
60000,2,4,1,-1,-1,-1,-1,-1,-1,41546,45025,38840,31965,30297,29814,5845,2000,1812,1037,1218,1085,18454,14975,21160,28035,29703,30186,204490,0
320000,1,4,1,-1,-1,-1,-1,-1,-1,120158,122307,112144,107318,105952,109626,6000,5000,5333,5000,5000,3000,199842,197693,207856,212682,214048,210374,648172,0
80000,2,4,1,-1,-1,-1,-1,-1,-1,725,2959,1838,2899,1376,1320,2968,1838,2899,1376,1320,1107,79275,77041,78162,77101,78624,78680,-391,0
130000,1,4,1,-1,-1,-1,-1,-2,-2,123945,127883,133400,0,0,0,6000,9000,0,0,0,0,6055,2117,-3400,130000,130000,130000,370228,0
400000,2,2,1,-1,-1,-1,-1,-1,-1,187790,176294,190256,89128,39276,23440,5519,44776,1502,2026,1015,52100,212210,223706,209744,310872,360724,376560,599246,0
20000,1,4,1,-1,-1,-1,-1,-1,-1,15810,15947,6012,5689,4587,2293,1249,1125,1000,92,0,20505,4190,4053,13988,14311,15413,17707,26367,0
60000,1,4,1,-1,-1,-1,-1,-1,-1,6686,1049,14020,4880,2034,978,1049,14020,4880,2233,2968,8067,53314,58951,45980,55120,57966,59022,-3570,0
80000,1,4,1,-1,-1,-1,-1,-1,-1,47952,45713,46752,46375,46893,47872,1732,1771,1714,1632,1687,1749,32048,34287,33248,33625,33107,32128,271272,0
50000,1,2,1,-1,-1,2,-1,-1,-1,14345,16927,16366,17380,17876,18097,2836,0,1289,785,657,720,35655,33073,33634,32620,32124,31903,94704,1
20000,1,4,1,-1,-1,-1,-1,-1,-1,14785,15262,17650,19311,18650,20061,3000,2650,2000,1000,1561,1000,5215,4738,2350,689,1350,-61,94508,0
100000,2,2,1,-1,-1,-1,-1,-1,-1,99203,97294,99377,101577,99453,101879,3485,3654,3900,3729,4200,3702,797,2706,623,-1577,547,-1879,576113,0
80000,1,4,1,3,2,2,2,2,2,45031,47087,48833,47750,50950,51984,3100,2800,0,4000,2000,2000,34969,32913,31167,32250,29050,28016,277735,1
140000,1,4,1,-1,-1,-1,-1,-1,-1,2555,4502,6259,7115,8135,1459,2000,2000,1000,1020,100,2500,137445,135498,133741,132885,131865,138541,21405,1
110000,1,4,1,-1,-1,-1,-1,-1,-1,103135,99731,101945,82873,68587,65648,4800,5000,4000,3000,2500,2600,6865,10269,8055,27127,41413,44352,500019,0
350000,1,4,1,-1,-1,-1,-1,-1,-1,83415,76562,64995,61464,44664,51550,4000,3312,4050,1165,20055,20076,266585,273438,285005,288536,305336,298450,329992,0
60000,1,4,1,1,-2,-2,-2,-1,-1,-215,-215,-215,-215,13610,11132,0,0,0,13825,1132,378,60215,60215,60215,60215,46390,48868,8547,0
50000,1,4,1,2,-1,-1,-1,-1,-1,43878,42490,36540,16077,12134,12389,2068,2065,1246,450,451,475,6122,7510,13460,33923,37866,37611,156753,1
210000,2,4,1,-1,-1,-1,2,-1,-1,107948,107525,108971,96011,87644,82077,5407,9145,12,3004,3000,4370,102052,102475,101029,113989,122356,127923,565238,0
50000,3,4,1,-1,-1,-1,-1,-1,-1,33831,34763,41674,15066,14066,17043,2000,10003,5001,10032,10001,10005,16169,15237,8326,34934,35934,32957,109401,0
80000,4,2,1,-1,-1,-1,-1,-1,-1,74180,75296,74792,75825,77454,78862,3500,4000,3400,4000,3349,2784,5820,4704,5208,4175,2546,1138,435376,0
30000,2,4,1,2,-1,-1,2,-1,-1,22364,23732,30699,29727,28834,16361,1753,8500,9,700,1179,138,7636,6268,-699,273,1166,13639,139438,1
150000,2,4,1,-1,-1,-1,-1,-1,-1,153070,149027,151632,151855,150713,148958,6000,6000,7000,5480,5400,5300,-3070,973,-1632,-1855,-713,1042,870075,0
20000,1,4,1,-2,-2,-2,-2,-2,-2,1000,8930,0,0,0,790,8930,0,0,0,790,0,19000,11070,20000,20000,20000,19210,1000,0
270000,1,4,1,1,-2,-1,-1,-2,-2,0,0,6336,0,0,0,0,6336,0,0,0,0,270000,270000,263664,270000,270000,270000,0,0
50000,2,4,1,2,2,2,2,2,2,41126,42244,43264,43751,44731,45770,2100,2000,1500,2000,1900,1900,8874,7756,6736,6249,5269,4230,249486,1
380000,2,4,1,-1,-1,-1,-1,-2,-2,118624,118871,120550,550,100,550,3700,3011,550,100,1000,736,261376,261129,259450,379450,379900,379450,350148,0
60000,1,4,1,-1,-1,-1,-1,-1,-1,23518,25542,27649,29718,30171,30678,2700,2800,2800,1200,1100,1200,36482,34458,32351,30282,29829,29322,155476,0
50000,3,4,1,1,2,2,2,2,2,31336,32320,33408,32577,34329,33643,1800,1900,0,2600,0,1700,18664,17680,16592,17423,15671,16357,189613,1
120000,2,2,1,-1,-1,-1,-1,-2,-1,9267,29600,1980,0,0,10853,29600,1980,0,0,42138,26341,110733,90400,118020,120000,120000,109147,-48359,0
260000,1,4,1,-1,-1,2,-1,-1,2,1608,19948,20330,21369,22728,21983,29447,1000,1700,2000,0,1500,258392,240052,239670,238631,237272,238017,72319,0
190000,2,4,1,1,4,3,2,2,2,51799,50667,52175,51159,54225,54826,0,2500,0,4308,1500,2000,138201,139333,137825,138841,135775,135174,304543,0
50000,1,4,1,-1,-1,-1,-1,-1,-1,16785,17801,18911,20090,20334,20856,1600,1700,1800,875,1000,4700,33215,32199,31089,29910,29666,29144,103102,0
80000,1,4,1,-1,-1,-2,-1,-1,-1,4301,0,0,2883,1856,2856,0,0,2883,1856,1000,2000,75699,80000,80000,77117,78144,77144,4157,0
110000,2,4,1,-1,-1,-1,-1,-1,-1,1687,400,300,922,3509,1979,400,300,922,3509,0,5192,108313,109600,109700,109078,106491,108021,-1526,1
50000,2,4,1,-1,-1,-1,-1,-1,-1,28795,28506,26868,27059,27503,27045,1500,1800,1400,1000,1000,1000,21205,21494,23132,22941,22497,22955,158076,0
150000,1,4,1,-2,-2,-2,-2,-2,-2,35688,14736,36490,3125,7603,2995,14820,36672,3232,7641,3010,982,114312,135264,113510,146875,142397,147005,34280,0
50000,2,2,1,-1,2,-1,-1,-1,-1,780,390,390,780,390,390,0,390,780,0,390,0,49220,49610,49610,49220,49610,49610,1560,1
80000,2,4,1,-1,-1,-1,-1,-1,-1,83931,82122,81028,81331,60614,63153,3500,3820,3220,4010,6700,7,-3931,-2122,-1028,-1331,19386,16847,430922,0
20000,1,4,1,-1,-1,-1,-1,-1,-1,22515,24146,25374,19075,18907,18507,2000,2024,2000,1005,1188,2002,-2515,-4146,-5374,925,1093,1493,118305,0
200000,2,4,1,-1,-1,-1,-1,-1,-1,225931,229787,233553,206398,145825,140249,8271,8182,6576,5073,5095,5172,-25931,-29787,-33553,-6398,54175,59751,1143374,0
80000,1,4,1,-1,-1,2,-1,-1,-2,746,4824,690,6097,0,0,4830,0,6097,0,0,2169,79254,75176,79310,73903,80000,80000,-739,0
70000,2,4,1,-1,-1,2,2,2,4,33390,34832,35472,38369,42729,41496,2000,1500,3500,5300,0,0,36610,35168,34528,31631,27271,28504,213988,1
280000,1,4,1,-1,-1,-1,-1,-1,-1,189748,192338,195598,188878,186790,180240,6300,5700,5620,5000,5014,5135,90252,87662,84402,91122,93210,99760,1100823,0
160000,3,4,1,-1,-1,-1,-1,-2,-2,2454,3488,4443,0,0,0,1083,1038,0,0,0,97502,157546,156512,155557,160000,160000,160000,-89238,0
90000,2,4,1,-1,-1,-1,2,-1,-1,86183,87561,92996,89866,48574,41746,4100,8548,0,1527,1617,1490,3817,2439,-2996,134,41426,48254,429644,0
200000,1,4,1,-1,-1,-1,2,2,2,10603,0,2500,2500,2500,2500,0,2500,0,0,0,0,189397,200000,197500,197500,197500,197500,18103,0
150000,1,4,1,1,-1,-1,-2,-2,-1,0,382,0,0,0,904,382,0,0,0,904,0,150000,149618,150000,150000,150000,149096,0,0
80000,2,4,1,-1,-1,-1,2,-1,-1,78933,78244,81584,78795,79402,80385,3400,6900,0,2800,3100,3000,1067,1756,-1584,1205,598,-385,458143,0
390000,1,4,1,-1,-1,-1,-1,-1,-1,249265,253883,250654,253336,256281,257151,8903,9300,9402,10343,7000,6600,140735,136117,139346,136664,133719,132849,1469022,0
190000,2,2,1,-1,-1,-1,-1,-1,-1,4639,4718,5610,7300,4694,2250,1100,1610,2310,2000,1000,300,185361,185282,184390,182700,185306,187750,20891,0
240000,1,4,1,-2,-2,-2,-2,-2,-2,8451,1419,37307,1086,1494,7724,1419,37307,1086,1494,7724,1101,231549,238581,202693,238914,238506,232276,7350,0
200000,1,4,1,-1,-1,-1,-1,-1,-1,5612,28352,6282,5906,8787,14988,25004,6282,5911,6000,10000,20000,194388,171648,193718,194094,191213,185012,-3270,0
130000,2,2,1,-2,-2,-2,-2,-2,-2,1451,1175,2751,2995,2018,938,1175,2751,2995,2018,938,0,128549,128825,127249,127005,127982,129062,1451,0
100000,2,2,1,-1,-1,-1,-1,-1,-1,118008,116686,113939,111079,107257,105377,5614,5600,5500,4500,5000,6000,-18008,-16686,-13939,-11079,-7257,-5377,640132,0
190000,2,4,1,-1,-1,-1,-1,-1,-1,4460,5531,20867,12895,9968,9968,5537,20879,12895,0,0,0,185540,184469,169133,177105,180032,180032,24378,0
90000,1,4,1,-1,-1,-1,-1,-1,-1,84515,85777,86778,79424,78955,45916,4200,4000,3100,2000,3000,3000,5485,4223,3222,10576,11045,44084,442065,0
20000,3,2,1,-1,-1,-1,2,-1,-1,6294,2388,4087,4339,3288,3288,1500,1748,500,0,0,0,13706,17612,15913,15661,16712,16712,19936,1
90000,2,4,1,1,2,2,2,2,2,50200,49092,53295,53826,54548,55525,0,5000,2000,2200,2000,2500,39800,40908,36705,36174,35452,34475,302786,0
90000,2,4,1,1,2,2,2,2,2,86335,88520,90311,91431,92840,91205,4500,4100,3500,3800,0,3500,3665,1480,-311,-1431,-2840,-1205,521242,0
80000,2,4,1,1,2,2,2,2,-1,74250,76895,79548,80280,53034,54027,4500,4500,3000,0,2000,4350,5750,3105,452,-280,26966,25973,399684,0
40000,2,2,1,2,2,3,2,2,2,31131,33815,33002,32173,34629,33940,3500,0,0,3000,0,2000,8869,6185,6998,7827,5371,6060,190190,0
50000,2,2,1,-1,-1,2,-1,-1,-1,25561,26951,26570,28085,27009,28142,2134,1000,2001,910,1510,500,24439,23049,23430,21915,22991,21858,154263,0
150000,1,4,1,-1,-1,-1,2,-1,-1,78823,80514,87096,84806,85822,87504,3000,7900,0,3300,3200,3300,71177,69486,62904,65194,64178,62496,483865,0
200000,1,4,1,-2,-2,-2,-2,-2,-2,0,127,133,386,393,286,127,133,386,400,286,500,200000,199873,199867,199614,199607,199714,-507,0
20000,2,2,1,-1,-1,-1,-1,-1,-1,15939,17171,18005,1822,1316,1316,1500,1200,2000,0,0,0,4061,2829,1995,18178,18684,18684,50869,0
160000,1,4,1,-1,-1,-1,-1,-1,-1,27058,28173,21159,20018,15761,12643,3173,1459,2018,1761,1643,503,132942,131827,138841,139982,144239,147357,114255,0
80000,2,4,1,-1,-1,-1,-1,-1,-1,79688,78165,68579,50312,44277,44488,2800,2398,2000,2000,1700,2005,312,1835,11421,29688,35723,35512,352606,0
30000,2,4,1,-1,-1,-1,-1,-1,-1,28681,27862,27365,28038,28607,29234,1850,1700,1300,800,860,883,1319,2138,2635,1962,1393,766,162394,0
50000,1,4,1,-1,-1,-2,-2,-2,-2,2332,0,0,0,0,0,0,0,0,0,0,0,47668,50000,50000,50000,50000,50000,2332,0
310000,2,2,1,-1,-1,-1,-1,-1,-1,191767,185445,188255,187384,184222,183544,6612,8321,7022,6021,6005,6042,118233,124555,121745,122616,125778,126456,1080594,0
50000,2,4,1,-1,-1,-1,-1,-1,-1,8056,5997,5602,6478,5453,2261,1500,1500,1011,1000,1000,1000,41944,44003,44398,43522,44547,47739,26836,1
200000,2,4,1,-1,-1,-1,-1,-1,-1,41906,17969,29789,11740,27004,4039,18089,30223,42749,27124,22,58869,158094,182031,170211,188260,172996,195961,-44629,0
20000,2,4,1,-1,-1,-1,-1,-1,-1,15499,16505,35110,19495,19019,18134,1270,1320,2260,784,1000,2000,4501,3495,-15110,505,981,1866,115128,1
30000,3,2,1,-2,-2,-2,-2,-2,-2,0,0,0,0,0,0,0,0,0,0,0,0,30000,30000,30000,30000,30000,30000,0,0
20000,1,4,1,-1,-1,-1,-1,-1,-1,1174,1283,0,2616,600,0,1283,0,2616,600,780,1398,18826,18717,20000,17384,19400,20000,-1004,1
50000,2,4,1,-1,-1,-1,-1,-1,-1,28544,28681,23306,16282,9451,9408,1450,1400,1300,400,400,400,21456,21319,26694,33718,40549,40592,110322,0
230000,2,4,1,-1,-1,-1,-1,-1,-2,24867,24437,3900,870,0,0,4300,3900,870,0,0,0,205133,205563,226100,229130,230000,230000,45004,0
130000,1,4,1,-1,-1,-1,-1,-1,-1,430,430,230,630,430,14802,430,230,830,430,14802,430,129570,129570,129770,129370,129570,115198,-200,0
500000,1,4,1,-1,-1,-1,-1,-1,-1,14217,33651,33134,34571,36003,37416,20000,18000,20000,20000,20007,20007,485783,466349,466866,465429,463997,462584,70978,0
200000,2,2,1,-1,-1,-1,-1,-1,-1,78201,80895,82692,86305,88961,92513,4000,4000,5000,5000,5000,5000,121799,119105,117308,113695,111039,107487,481567,0
110000,1,4,1,-2,-2,-2,-2,-2,-2,7397,-18,-18,-18,-18,-18,2000,0,0,0,0,0,102603,110018,110018,110018,110018,110018,5307,0
230000,1,2,2,1,2,2,2,-1,-1,6168,5951,8698,8398,10898,7299,0,3000,0,2500,0,11236,223832,224049,221302,221602,219102,222701,30676,0
80000,2,2,2,-1,-1,-1,-2,-1,-1,36968,390,0,0,19688,5800,390,0,0,19688,5800,0,43032,79610,80000,80000,60312,74200,36968,0
20000,1,4,1,-1,-1,-2,-2,-2,-2,4734,0,0,0,0,0,0,0,0,0,0,3187,15266,20000,20000,20000,20000,20000,1547,1
120000,2,4,1,-1,-1,-1,-1,-1,-1,15234,8247,9624,20129,10388,13316,1137,1514,1069,278,3000,0,104766,111753,110376,99871,109612,106684,69940,1
200000,1,4,1,1,-2,-2,-2,-1,-1,0,0,0,0,3012,3021,0,0,0,3012,9,363,200000,200000,200000,200000,196988,196979,2649,0
70000,2,2,1,-1,-1,-1,2,-1,-1,16030,15502,12637,11204,10983,11901,1500,3000,0,2000,2000,0,53970,54498,57363,58796,59017,58099,69757,0
230000,2,4,1,-1,-1,-1,-1,-1,-1,33057,33698,36652,38421,37459,54778,1500,4767,3000,3092,17411,5000,196943,196302,193348,191579,192541,175222,199295,0
60000,3,2,1,1,2,2,-1,-1,-1,60718,60791,46345,44425,17785,17796,2258,0,1573,800,800,800,-718,-791,13655,15575,42215,42204,241629,0
60000,2,4,1,2,2,2,2,2,2,48322,51587,52664,53059,51468,54511,4692,2500,2000,0,4019,0,11678,8413,7336,6941,8532,5489,298400,0
360000,2,2,1,-2,2,-1,-1,-1,-1,9278,6198,5154,2453,570,0,6213,1025,2465,572,0,0,350722,353802,354846,357547,359430,360000,13378,1
100000,2,4,1,-1,-1,-1,-1,-1,-1,62665,63694,65169,66501,66818,69335,2300,2500,2500,2500,3500,2602,37335,36306,34831,33499,33182,30665,378280,0
240000,1,4,1,1,-1,-1,-1,-1,-2,0,587,0,2417,0,0,587,0,2417,0,0,7642,240000,239413,240000,237583,240000,240000,-7642,0
130000,1,4,1,2,2,-2,-2,-2,-2,1990,0,0,0,0,0,0,0,0,0,0,0,128010,130000,130000,130000,130000,130000,1990,0
130000,2,6,1,-1,2,2,-2,-1,-1,3148,1574,0,0,12677,30582,5,0,0,12677,30582,0,126852,128426,130000,130000,117323,99418,4717,1
50000,1,4,1,-1,-1,-1,-1,-1,2,37014,36128,36317,37401,37177,37446,1900,2000,2000,2000,1000,1500,12986,13872,13683,12599,12823,12554,211083,0
150000,1,2,1,2,2,2,2,2,-1,69716,72156,70507,59123,39386,20561,5211,111,2371,0,702,341,80284,77844,79493,90877,110614,129439,322713,1
300000,2,4,1,-2,-2,-2,-2,-2,-2,0,0,0,0,0,0,0,0,0,0,0,0,300000,300000,300000,300000,300000,300000,0,1
200000,1,4,1,-1,-1,-1,-1,-1,-1,18134,18410,1213,9095,18393,612,18410,1297,9113,18393,612,54856,181866,181590,198787,190905,181607,199388,-36824,0
320000,1,4,1,-2,-2,-2,-2,-2,-2,4392,11684,1127,1943,13312,-5,11700,1135,1952,13375,5,0,315608,308316,318873,318057,306688,320005,4286,0
160000,2,4,1,1,-2,-2,-2,-2,-2,0,0,0,980,0,0,0,0,980,0,0,0,160000,160000,160000,159020,160000,160000,0,0
210000,1,4,1,-1,-1,-1,-1,-1,-1,186544,188366,173694,163481,128216,113292,8102,7798,12246,5268,5000,10000,23456,21634,36306,46519,81784,96708,905179,0
70000,1,4,1,-1,-1,2,2,2,-1,37017,39980,39063,41592,39101,40310,3900,0,3500,0,2000,1813,32983,30020,30937,28408,30899,29690,225850,1
250000,2,4,1,-1,-1,-1,-1,-1,3,25823,26114,27446,28371,4715,4358,1500,1575,1500,1000,0,0,224177,223886,222554,221629,245285,245642,111252,0
130000,1,4,1,-1,-1,-1,-1,-1,-1,58811,44572,10348,104698,88251,90189,1500,2753,110094,3002,3200,3100,71189,85428,119652,25302,41749,39811,273220,0
30000,1,4,1,-1,-1,2,2,2,2,10562,12873,14371,13843,15611,15221,2500,2000,0,2000,0,1000,19438,17127,15629,16157,14389,14779,74981,0
210000,1,4,1,-1,-1,-1,-1,-1,-1,161055,156712,157087,177934,136807,139230,6000,7000,8000,6574,5500,5500,48945,53288,52913,32066,73193,70770,890251,0
170000,2,4,1,2,-1,-1,-1,-1,-1,173577,171480,171794,166637,169021,164531,6500,7100,6100,6000,5600,7700,-3577,-1480,-1794,3363,979,5469,978040,1
100000,3,2,1,2,2,-1,-1,2,2,30884,29770,30485,32434,32592,33102,0,1825,3100,1300,1500,1771,69116,70230,69515,67566,67408,66898,179771,0
50000,2,2,1,1,2,-1,-1,-1,-1,41468,40507,41464,35334,26875,23338,0,1970,1827,1044,993,1999,8532,9493,8536,14666,23125,26662,201153,0
130000,1,4,1,-1,-1,-1,-2,-2,-2,49964,50000,0,0,0,0,1000,0,0,0,0,0,80036,80000,130000,130000,130000,130000,98964,0
30000,2,4,1,-1,-1,-1,-1,-1,-1,27110,27460,29710,29452,11124,0,1455,3623,2000,1038,0,0,2890,2540,290,548,18876,30000,116740,1
130000,2,4,2,-1,-1,-1,2,-1,-1,148234,144330,147035,136542,137586,141191,5200,11700,0,10000,12500,0,-18234,-14330,-17035,-6542,-7586,-11191,815518,0
70000,1,4,1,-1,-1,-1,-1,-1,-1,46222,47650,48867,47808,43022,44077,2500,2300,2300,2000,1900,3000,23778,22350,21133,22192,26978,25923,263646,0
210000,1,4,1,-1,-1,-1,-1,-1,-1,23245,8487,17950,18915,19359,21604,3487,10000,2000,1000,3000,1000,186755,201513,192050,191085,190641,188396,89073,0
170000,1,4,1,-1,-1,-1,-1,-1,-1,70326,71919,68356,68724,68889,69712,3100,3626,2500,2450,2693,2602,99674,98081,101644,101276,101111,100288,400955,0
420000,1,4,1,-1,-1,-1,-1,-1,-1,7880,4623,64513,65592,57438,31029,1010,64513,2420,1473,1062,1022,412120,415377,355487,354408,362562,388971,159575,0
80000,2,2,1,-1,-1,-1,-1,-1,-1,42972,44210,42418,43410,44684,45808,2000,2100,2000,2000,2000,2000,37028,35790,37582,36590,35316,34192,251402,0
150000,2,4,1,-2,-2,-2,-2,-2,-2,37636,27448,29890,390,257,10700,27603,29890,21890,257,10833,212,112364,122552,120110,149610,149743,139300,15636,0
200000,1,4,1,-1,-1,-1,-1,-1,-1,73508,73303,71674,12701,8855,9133,3100,2548,2050,3006,2000,137,126492,126697,128326,187299,191145,190867,236333,0
70000,2,4,1,2,2,-1,-1,2,2,42053,41087,42445,45020,44006,46905,0,2007,3582,0,3601,0,27947,28913,27555,24980,25994,23095,252326,1
90000,2,4,1,2,2,2,-1,-1,-1,87606,91430,88705,65632,49431,50864,7063,7,2054,1800,2864,3197,2394,-1430,1295,24368,40569,39136,416683,1
130000,2,2,1,2,2,-1,-1,2,-1,60032,54921,55055,54804,52439,52609,0,2000,6844,0,2071,2115,69968,75079,74945,75196,77561,77391,316830,0
360000,2,4,1,-1,-1,-1,-1,-1,-2,12393,3434,79795,49160,2847,-13,3445,80401,32083,2907,13,20303,347607,356566,280205,310840,357153,360013,8464,0
260000,2,4,1,-1,-1,-1,-1,-1,-1,181121,167875,171913,169495,167944,166881,7013,10051,10026,7039,8057,10213,78879,92125,88087,90505,92056,93119,972830,0
160000,2,4,1,-1,-1,-1,-1,-1,-1,11832,100542,88118,65032,586,80270,100000,10000,6749,586,80000,30000,148168,59458,71882,94968,159414,79730,119045,0
20000,2,2,1,-1,-1,-1,-1,-1,-1,1424,10094,15018,15991,18442,18827,10094,10000,1549,3000,790,1000,18576,9906,4982,4009,1558,1173,53363,0
140000,3,2,1,2,2,2,2,2,2,96008,98017,99961,101123,97375,103044,4500,4400,3700,0,7800,0,43992,41983,40039,38877,42625,36956,575128,1
200000,2,4,1,-1,-1,-1,-1,-2,-2,9283,0,780,2220,0,0,0,780,2220,0,0,8893,190717,200000,199220,197780,200000,200000,390,0
200000,2,2,1,-1,-1,-1,-1,-1,-1,46139,59923,44974,30844,15833,15833,30000,1300,2000,1000,16332,15833,153861,140077,155026,169156,184167,184167,147081,0
120000,2,4,1,-1,-1,-1,-1,-1,-1,120154,122674,123155,120267,121471,118656,6010,6108,5831,4700,4486,4871,-154,-2674,-3155,-267,-1471,1344,694371,0
210000,2,4,1,-1,-1,-1,-1,-1,-1,52143,53182,54331,55827,57295,58571,2500,2600,3000,3000,2200,2300,157857,156818,155669,154173,152705,151429,315749,0
50000,2,2,1,-1,-1,-1,-1,-1,-1,37586,38866,19240,20256,20918,22081,2000,1322,1338,1000,1500,1000,12414,11134,30760,29744,29082,27919,150787,1
80000,1,4,1,1,2,2,-1,-1,-1,80457,82885,80495,78027,30052,30373,4350,0,2350,1048,1077,1154,-457,-2885,-495,1973,49948,49627,372310,1
60000,2,4,1,-1,-1,-1,-1,-1,-1,56250,54971,55079,55525,56634,57052,2000,2100,2000,2000,2100,2050,3750,5029,4921,4475,3366,2948,323261,0
50000,2,2,1,-1,-1,-1,-1,-1,-2,44159,41904,46174,40675,0,0,5000,5000,2000,0,0,0,5841,8096,3826,9325,50000,50000,160912,0
50000,2,4,1,-1,-1,-1,2,2,2,26509,27521,30001,29187,31064,30487,1757,3237,0,2300,0,1100,23491,22479,19999,20813,18936,19513,166375,0
70000,1,4,1,1,2,2,2,2,2,53742,52281,55981,54484,59080,59096,0,4545,0,5500,2090,0,16258,17719,14019,15516,10920,10904,322529,0
80000,2,4,1,1,2,-1,-1,-1,-1,50120,49013,50051,51123,52175,53337,0,1828,1900,1900,2000,4300,29880,30987,29949,28877,27825,26663,293891,1
50000,2,2,1,-1,-1,-1,-1,-1,-1,9587,6583,3243,1691,-1889,2720,1200,1000,1700,0,5679,1600,40413,43417,46757,48309,51889,47280,10756,1
30000,1,4,1,-1,2,-1,-1,-1,-1,5285,4053,1405,3844,3427,417,0,1405,3427,0,0,984,24715,25947,28595,26156,26573,29583,12615,1
300000,1,4,1,-2,-2,-2,-2,-2,-2,0,0,0,0,0,0,0,0,0,0,0,0,300000,300000,300000,300000,300000,300000,0,0
240000,2,4,1,-1,-1,-1,-1,-1,-2,2335,2335,0,4670,0,0,2335,0,4670,0,0,0,237665,237665,240000,235330,240000,240000,2335,0
140000,4,4,1,-1,-1,-2,-2,-1,-1,75000,0,0,0,51571,55731,0,0,0,51571,5001,3001,65000,140000,140000,140000,88429,84269,122729,0
30000,1,4,1,-1,-1,-1,-1,-1,-1,25552,26135,27407,29002,26806,25948,1800,2000,2500,1500,1000,2000,4448,3865,2593,998,3194,4052,150050,0
70000,2,2,1,-1,-1,-1,-1,-1,-2,11502,11009,13997,6832,0,0,2000,4037,2000,0,0,0,58498,58991,56003,63168,70000,70000,35303,0
220000,2,4,1,-1,-1,-1,-1,-1,-1,217345,100501,74430,64485,24609,23419,4030,4000,4492,1000,1000,0,2655,119499,145570,155515,195391,196581,490267,0
230000,2,4,1,-1,-1,-1,-1,-1,-1,33511,34892,31917,33361,34056,32353,2000,1600,2000,1500,1500,2000,196489,195108,198083,196639,195944,197647,189490,0
20000,2,2,1,-1,-1,-1,-1,-1,-1,13958,15016,16069,16776,17118,19835,1600,1600,1278,620,3000,900,6042,4984,3931,3224,2882,165,89774,0
130000,2,4,1,1,2,2,2,2,-1,11446,12562,12075,15844,15295,16885,1600,0,4300,0,2000,2000,118554,117438,117925,114156,114705,113115,74207,0
60000,2,4,1,2,2,2,2,2,2,60455,61417,60906,45734,40629,41137,3200,2400,12,3200,1619,0,-455,-1417,-906,14266,19371,18863,299847,1
200000,2,4,1,-1,-1,-1,-1,-1,-1,22737,12169,14328,16222,9915,11226,3000,6000,3000,2003,3101,530,177263,187831,185672,183778,190085,188774,68963,0
310000,2,4,1,-1,-1,-1,-1,-1,-1,11566,9532,10687,12754,16105,18823,3010,5002,4008,5000,5000,912,298434,300468,299313,297246,293895,291177,56535,0
240000,2,4,1,-1,-1,-1,-1,-1,-1,210437,212486,205728,205275,192059,195620,9016,10000,9000,6600,7100,7500,29563,27514,34272,34725,47941,44380,1172389,0
200000,1,4,1,-1,-1,-1,-2,-2,-1,2318,7298,0,0,0,980,7478,0,0,0,980,0,197682,192702,200000,200000,200000,199020,2138,0
440000,2,4,1,-1,-1,-1,-1,-1,-1,197019,182336,182617,166031,148157,142034,6040,12538,5047,10522,6082,10018,242981,257664,257383,273969,291843,297966,967947,0
180000,2,4,1,-1,-1,-1,-1,-1,-1,16996,9049,9744,8907,557,0,1249,1144,1907,557,0,0,163004,170951,170256,171093,179443,180000,40396,0
300000,1,4,1,-2,-1,-1,-1,-1,-1,25370,18078,21245,36737,37071,24930,21250,23005,35012,25000,24000,24000,274630,281922,278755,263263,262929,275070,11164,0
160000,2,4,2,-1,-1,2,-1,-1,-1,17357,4747,4500,32468,22485,119853,2250,0,32468,2000,104465,4602,142643,155253,155500,127532,137515,40147,55625,0
160000,1,4,2,1,2,2,2,2,-1,151270,153276,155301,155152,144602,148199,6000,6085,12534,0,6000,6000,8730,6724,4699,4848,15398,11801,871181,0
230000,2,4,2,-1,2,-1,-1,-1,-2,1855,187,6254,16549,6392,1828,0,6270,14085,6396,9,6172,228145,229813,223746,213451,223608,228172,133,0
160000,1,2,2,2,-1,-1,-1,-1,2,74286,75151,77346,78921,83303,81852,2700,3400,3458,6300,0,3200,85714,84849,82654,81079,76697,78148,451801,1
200000,1,4,1,-1,-1,2,-1,-1,-1,38783,62793,1286,1117,1117,0,26286,0,1117,1117,0,1128,161217,137207,198714,198883,198883,200000,75448,0
240000,2,4,1,-1,-1,-1,-1,-1,-1,66473,46296,36751,35625,33114,35473,8000,2002,1600,2000,3000,10000,173527,193704,203249,204375,206886,204527,227130,0
420000,1,4,1,-1,-1,-1,-2,-2,-2,52898,16200,0,0,0,0,3000,0,0,0,0,84363,367102,403800,420000,420000,420000,420000,-18265,0
210000,1,4,2,-1,-1,-1,-1,-1,-1,390,390,390,390,980,590,390,390,390,980,0,1288,209610,209610,209610,209610,209020,209410,-308,0
220000,1,4,1,-1,-1,-1,-1,-1,-1,157215,161006,165222,168145,169162,172041,6502,8100,8200,6000,6200,6200,62785,58994,54778,51855,50838,47959,951589,0
200000,1,2,1,-1,-1,-1,-1,-1,-1,1878,576,4251,1358,300,0,576,4251,1358,300,8909,5670,198122,199424,195749,198642,199700,200000,-12701,0
230000,2,4,1,1,-2,-1,2,-1,-1,0,0,233,233,20,0,0,233,0,20,0,0,230000,230000,229767,229767,229980,230000,233,0
250000,1,4,1,-1,-1,-1,-1,-1,-2,3731,4695,7604,2919,0,0,1000,3000,3000,0,0,0,246269,245305,242396,247081,250000,250000,11949,0
80000,2,2,1,-1,-1,-1,-1,-1,-2,58784,55209,56626,56387,15980,1134,1970,2300,1352,700,1134,48,21216,24791,23374,23613,64020,78866,236616,0
80000,2,2,1,-1,-1,-1,-1,-1,-1,26158,27041,27797,5958,11341,5259,1623,5879,1000,11360,486,478,53842,52959,52203,74042,68659,74741,82728,0
50000,3,2,1,-1,2,-1,-1,-1,-1,6064,5432,6090,6626,6513,6097,0,1136,1062,339,187,364,43936,44568,43910,43374,43487,43903,33734,1
20000,2,4,1,-1,-1,-1,-1,-1,-2,767,376,987,1119,-222,-222,376,987,1200,0,0,0,19233,19624,19013,18881,20222,20222,242,1
60000,2,2,1,-1,-1,-1,-1,-1,-1,54900,55948,55188,55960,56564,57464,1971,2000,2003,2003,2070,2140,5100,4052,4812,4040,3436,2536,323837,1
50000,2,4,1,2,2,2,2,-1,-1,19410,22085,23435,22765,22990,23369,3000,2000,0,900,900,1006,30590,27915,26565,27235,27010,26631,126248,1
310000,1,4,1,-1,-1,-1,-1,-1,-1,8193,43012,36780,31372,17308,35943,43003,2107,1246,346,30000,53000,301807,266988,273220,278628,292692,274057,42906,0
140000,1,4,1,-1,-1,-1,-1,-1,-1,58971,18772,20354,23409,26440,28507,7062,2354,3409,3440,2507,4572,81029,121228,119646,116591,113560,111493,153109,0
220000,1,4,1,-1,-1,-1,-1,-1,-1,67028,32546,29814,31488,8495,10170,5332,5000,10238,5000,5000,2000,152972,187454,190186,188512,211505,209830,146971,0
130000,2,4,1,1,-2,-2,-2,-2,-2,0,0,0,0,0,0,0,0,0,0,0,0,130000,130000,130000,130000,130000,130000,0,0
300000,1,4,1,-1,-1,-1,-1,-1,-2,3438,28,342,25022,0,0,28,342,25081,0,0,0,296562,299972,299658,274978,300000,300000,3379,0
140000,3,4,1,-1,-1,-1,-1,-1,-1,800,7937,9920,7078,3936,1555,7937,10132,7084,4,1555,0,139200,132063,130080,132922,136064,138445,4514,0
400000,1,4,1,-1,-1,-2,-2,-2,-2,1158,95,0,0,0,0,95,0,0,0,0,0,398842,399905,400000,400000,400000,400000,1158,0
200000,1,2,2,1,2,2,2,-1,-1,38398,20693,27932,12585,45031,19836,0,15015,0,45031,20000,45010,161602,179307,172068,187415,154969,180164,39419,0
150000,1,4,1,-1,-1,-2,-1,-1,-1,3305,0,0,1298,359,6100,0,0,1298,359,6100,0,146695,150000,150000,148702,149641,143900,3305,0
420000,1,4,1,-1,-1,-1,-1,-1,-1,41354,45723,33124,31987,23703,22776,7004,9000,7000,5000,5000,10433,378646,374277,386876,388013,396297,397224,155230,0
230000,2,4,1,-1,-1,-1,-1,-1,-1,18612,90523,86813,35695,5555,15165,90523,10000,5170,5000,15165,8981,211388,139477,143187,194305,224445,214835,117524,0
210000,1,4,1,-1,-1,-1,-1,-1,-1,16186,16914,18288,19301,19383,19940,1300,1650,1620,700,870,880,193814,193086,191712,190699,190617,190060,102992,0
120000,1,4,1,-1,-1,-1,-1,-1,-1,22225,1118,490,1433,0,1096,1118,490,1433,0,1096,0,97775,118882,119510,118567,120000,118904,22225,0
50000,1,4,1,-1,-1,-1,-1,-1,-1,36917,38098,36700,37319,37633,40307,2100,2000,1700,1307,3400,1500,13083,11902,13300,12681,12367,9693,214967,0
200000,2,4,1,-1,-1,-1,-1,-1,-1,59373,55040,54414,53504,53670,45539,6002,3008,2006,2045,1346,1196,140627,144960,145586,146496,146330,154461,305937,0
180000,2,4,1,-1,-1,-1,-1,-1,-2,8689,6750,9893,2690,0,0,3000,3968,2690,0,0,5400,171311,173250,170107,177310,180000,180000,12964,0
30000,2,2,1,-1,-1,-1,-1,-1,-1,25344,26614,27878,29103,29426,29907,2000,2000,2000,1100,1088,1124,4656,3386,2122,897,574,93,158960,0
110000,2,4,1,2,-1,-1,-1,-1,-1,113394,108142,109325,111264,56311,58271,5314,4398,4196,1857,8271,1948,-3394,1858,675,-1264,53689,51729,530723,1
50000,2,2,1,-1,-1,-1,-1,-1,-1,82843,85305,86152,56250,57603,19336,4000,4000,2257,2000,2000,700,-32843,-35305,-36152,-6250,-7603,30664,372532,0
120000,2,4,1,1,2,-1,-1,-1,-1,103944,97248,99283,101935,102754,105924,0,4500,5200,4000,5000,7200,16056,22752,20717,18065,17246,14076,585188,0
230000,1,4,1,-1,-1,-1,-1,-1,-1,33988,32803,32166,79780,58886,42295,2500,3007,51780,2025,1560,747,196012,197197,197834,150220,171114,187705,218299,0
80000,2,2,1,-2,-2,-1,2,2,-2,2801,0,21197,20400,20000,20000,0,21197,0,0,0,0,77199,80000,58803,59600,60000,60000,63201,1
320000,2,4,1,-2,-2,-2,-2,-2,-2,2391,1550,802,302,604,604,1561,906,302,604,302,825,317609,318450,319198,319698,319396,319396,1753,0
50000,3,2,1,-1,-1,-1,-1,-1,-1,46375,47479,49002,39422,15349,15078,1876,2399,1819,472,477,472,3625,2521,998,10578,34651,34922,205190,0
110000,2,2,1,-1,-1,-1,-1,-1,-1,104163,92199,85868,74198,69783,66132,3400,3706,3009,2400,2300,2500,5837,17801,24132,35802,40217,43868,475028,0
150000,1,4,1,1,-2,-1,2,-1,-1,0,0,330,330,990,0,0,330,0,990,0,0,150000,150000,149670,149670,149010,150000,330,0
30000,1,4,1,-1,-1,-1,-1,-1,-1,2089,780,1152,780,2678,1225,780,1152,780,2678,1544,1588,27911,29220,28848,29220,27322,28775,182,0
80000,2,4,1,-1,-1,-1,-1,-1,-1,35220,38215,38598,40560,40968,42321,4000,5390,3000,1453,2000,1677,44780,41785,41402,39440,39032,37679,218362,0
150000,2,4,1,-1,-1,-1,-1,-1,-1,83446,75067,64432,54848,46098,47352,3500,3000,2000,2000,2000,2000,66554,74933,85568,95152,103902,102648,356743,0
270000,1,4,1,-1,-1,-1,-1,-1,-1,134235,62483,62134,61797,57312,57582,6000,2500,3000,7475,3000,2500,135765,207517,207866,208203,212688,212418,411068,0
160000,1,4,1,-1,-1,-1,-1,-1,-1,118204,121695,125724,129157,130567,144266,6000,5030,6000,4000,15000,5000,41796,38305,34276,30843,29433,15734,728583,0
150000,1,4,1,-1,-1,-1,-1,-1,-1,3737,4332,332,0,332,332,1000,332,0,664,0,1992,146263,145668,149668,150000,149668,149668,5077,0
170000,3,4,2,1,-2,-2,-2,-1,-1,0,0,0,0,150,167,0,0,0,150,167,2578,170000,170000,170000,170000,169850,169833,-2578,0
70000,2,2,2,-1,-1,-1,-1,-1,-1,72286,71602,72457,71058,29672,28836,2600,3500,3000,1000,1500,478,-2286,-1602,-2457,-1058,40328,41164,333833,0
210000,1,4,2,-1,-1,-1,-1,-1,-1,10968,12480,16919,11775,13275,24901,2000,6016,1000,1500,13000,500,199032,197520,193081,198225,196725,185099,66302,0
50000,1,4,2,-1,-1,-1,-1,-1,-1,31205,23646,24418,25938,27067,28193,2000,2000,2000,1500,1500,1500,18795,26354,25582,24062,22933,21807,149967,0
70000,1,4,1,-1,2,-1,-1,-1,-1,6851,2720,4885,11889,0,4280,0,4885,11889,0,4280,20600,63149,67280,65115,58111,70000,65720,-11029,0
180000,1,4,1,1,-1,-1,-1,-1,-1,0,652,0,326,2005,474,652,0,326,2005,474,326,180000,179348,180000,179674,177995,179526,-326,0
260000,2,4,1,-1,-1,-1,-1,-1,-1,208,208,208,208,208,208,208,208,208,208,208,208,259792,259792,259792,259792,259792,259792,0,1
50000,2,2,1,-1,-1,-1,-1,-1,-1,45632,42750,39776,33164,34781,30231,1837,2500,1390,2007,2000,2000,4368,7250,10224,16836,15219,19769,214600,0
140000,1,4,1,-1,-1,-1,-1,-1,-1,142027,143536,141849,131491,94362,85863,7000,5341,4000,3500,3000,13000,-2027,-3536,-1849,8509,45638,54137,703287,0
100000,2,2,2,-1,-1,-1,-1,-1,2,100963,99679,101023,93514,79361,77373,3700,3700,4148,6000,0,3000,-963,321,-1023,6486,20639,22627,531365,1
420000,2,4,1,-1,-1,-1,-1,-1,-1,82235,67757,53524,-8318,96795,81523,3000,3000,182,123000,2740,2200,337765,352243,366476,428318,323205,338477,239394,0
300000,2,4,2,1,-1,-1,-1,-1,-1,1943,105509,97979,94349,88213,78746,107000,5006,4500,3000,3000,3000,298057,194491,202021,205651,211787,221254,341233,0
30000,2,4,1,-1,-1,-1,-1,-1,-1,28494,28139,27480,26960,27215,27977,1750,1804,1800,1000,1200,1500,1506,1861,2520,3040,2785,2023,157211,1
150000,4,2,1,1,-2,-2,-2,-1,-1,0,0,0,0,741,0,0,0,0,741,0,1669,150000,150000,150000,150000,149259,150000,-1669,0
180000,2,2,1,-1,-1,-1,-1,-1,-1,182026,111563,78169,0,2354,9446,4500,10056,200,2354,9446,0,-2026,68437,101831,180000,177646,170554,357002,0
330000,1,4,1,2,-1,-1,-1,-1,-1,179887,182366,176396,171553,162251,145931,5289,5496,4721,4132,3916,3550,150113,147634,153604,158447,167749,184069,991280,1
360000,2,4,1,-1,-1,-1,-1,-2,-2,1968,459,2500,0,0,0,463,2500,0,0,0,0,358032,359541,357500,360000,360000,360000,1964,0
210000,2,4,1,-2,-1,-1,-1,-1,-1,542,22366,23816,24303,16742,3187,22366,1816,1303,0,0,0,209458,187634,186184,185697,193258,206813,65471,1
90000,1,4,1,-1,-1,-1,-1,-1,-1,83840,81111,83081,60210,61221,62636,3200,3500,3000,2600,2600,3000,6160,8889,6919,29790,28779,27364,414199,0
250000,2,2,1,2,-1,-1,-1,2,-1,28245,29468,31488,34060,33213,34670,2000,2500,3100,0,2000,8000,221755,220532,218512,215940,216787,215330,173544,1
80000,3,4,1,1,2,2,3,2,2,12098,11607,14814,14163,13770,15323,0,3412,0,0,1810,23,67902,68393,65186,65837,66230,64677,76530,0
290000,1,4,1,-1,-1,-1,-1,-1,-1,109746,110359,108371,102628,100000,92238,4000,5000,6039,4000,4000,4000,180254,179641,181629,187372,190000,197762,596303,0
280000,1,4,1,-1,-1,-1,-1,-1,-1,149312,152323,155568,158775,162035,165522,5500,5700,5800,5900,6100,6100,130688,127677,124432,121225,117965,114478,908435,0
340000,1,2,1,-1,-1,-1,-1,-1,-1,11806,13535,18784,26069,20007,15857,10000,6000,23000,400,5857,6500,328194,326465,321216,313931,319993,324143,54301,0
120000,1,4,1,-1,-1,-1,-1,-1,-1,111625,110488,107488,97021,86283,87345,4012,4000,5000,3000,3300,3010,8375,9512,12512,22979,33717,32655,577928,0
110000,3,4,2,-1,-1,-1,-1,-1,-1,4061,2705,2487,2500,2500,0,1205,2487,2700,2500,0,0,105939,107295,107513,107500,107500,110000,5361,0
30000,2,4,1,-1,-1,-1,-1,-1,-1,20439,21664,18969,23317,17689,20013,1595,2000,5000,0,5400,300,9561,8336,11031,6683,12311,9987,107796,0
70000,2,4,1,-1,-1,-1,-1,-1,-1,34201,49800,26194,27454,28159,25775,1800,2000,2000,1500,1500,0,35799,20200,43806,42546,41841,44225,182783,0
20000,3,2,1,-1,-1,-2,-1,-1,-2,4983,-74,-74,749,0,0,0,0,823,0,0,519,15017,20074,20074,19251,20000,20000,4242,0
80000,2,4,1,-1,-1,-1,-1,-1,-1,45109,44692,44308,43757,42830,44038,2100,2100,1954,1500,3324,0,34891,35308,35692,36243,37170,35962,253756,0
120000,2,2,1,2,-1,-1,2,-1,-1,17488,19002,20805,18271,18128,16405,3000,3000,0,961,2000,2056,102512,100998,99195,101729,101872,103595,99082,1
500000,1,4,1,-1,-1,-1,-1,-1,-1,32637,35863,37860,42572,47200,59843,15943,27878,22572,17200,19843,96632,467363,464137,462140,457428,452800,440157,55907,0
320000,2,4,1,-1,-1,2,-1,-1,-1,180137,192621,178390,180346,178832,182860,17100,0,8000,7000,7000,6000,139863,127379,141610,139654,141168,137140,1048086,0
150000,1,4,1,-1,-1,-1,-1,-2,-1,346,21191,1339,0,0,8777,21379,1339,0,0,8777,9495,149654,128809,148661,150000,150000,141223,-9337,0
190000,2,4,1,2,2,2,2,-1,-1,3902,4686,5459,6214,7104,8973,1000,1000,1000,1000,2000,2000,186098,185314,184541,183786,182896,181027,28338,1
130000,2,2,1,1,-2,-2,-2,-2,-2,0,0,0,0,0,0,0,0,0,0,0,0,130000,130000,130000,130000,130000,130000,0,0
70000,2,2,2,-1,-1,-1,-1,-1,-1,50488,47018,46871,41821,41344,41376,2200,2015,2000,1500,1700,2000,19512,22982,23129,28179,28656,28624,257503,0
350000,1,4,2,-2,-2,-2,-2,-2,-2,856,187,375,187,242,184,187,376,187,243,184,828,349144,349813,349625,349813,349758,349816,26,0
210000,1,4,1,-1,-1,-1,-1,-1,-1,18430,19809,21482,23118,23437,24900,2000,2000,2000,1000,2000,2000,191570,190191,188518,186882,186563,185100,120176,1
120000,2,2,1,-1,-1,-1,-1,-1,2,85492,83567,78276,78971,80907,79219,3500,4326,3000,9000,0,3000,34508,36433,41724,41029,39093,40781,463606,1
130000,2,2,1,-1,-1,-1,-1,-1,-1,123943,126857,127706,121939,81506,83234,6500,6600,6000,3100,3200,3300,6057,3143,2294,8061,48494,46766,636485,0
170000,2,4,1,-1,-1,-1,-1,-1,-1,43839,45502,46967,48872,51049,81018,2400,2200,3000,3000,31018,3000,126161,124498,123033,121128,118951,88982,272629,0
100000,3,2,2,1,-2,-2,-2,-2,-2,-602,-602,-602,-602,-602,-602,0,0,0,0,0,0,100602,100602,100602,100602,100602,100602,-3612,0
200000,1,4,1,-1,-1,-1,-1,-1,-1,140407,142965,188990,188742,187267,190249,8031,55015,5327,5505,5525,6039,59593,57035,11010,11258,12733,9751,953178,0
270000,1,4,1,-1,-1,-1,-1,-1,-1,15167,841,9842,7931,3412,1035,845,9896,7977,17,1040,1848,254833,269159,260158,262069,266588,268965,16605,0
30000,2,2,2,1,5,4,3,2,2,28534,27805,27090,26361,26831,27552,0,0,0,1200,1300,985,1466,2195,2910,3639,3169,2448,160688,1
160000,2,4,1,-1,-1,-1,-1,-1,-1,37030,17303,14742,16617,17670,0,4060,6037,8528,7053,0,0,122970,142697,145258,143383,142330,160000,77684,0
80000,3,2,1,-1,-1,-1,2,-1,-1,69589,72802,77106,74420,76220,77877,5000,6100,0,3000,3000,3000,10411,7198,2894,5580,3780,2123,427914,0
310000,1,4,1,-1,-1,-1,-1,-1,-1,27283,28286,29427,29548,29839,30532,1459,1600,1607,898,1000,918,282717,281714,280573,280452,280161,279468,167433,0
20000,1,4,1,-1,-1,-1,-1,-1,-1,14302,15748,16986,18656,19101,20345,2000,1500,2000,1000,1500,3000,5698,4252,3014,1344,899,-345,94138,0
80000,1,4,1,-1,-1,-1,-1,-1,-1,52652,53774,54909,56035,57598,59164,2000,2000,2039,2500,2500,2500,27348,26226,25091,23965,22402,20836,320593,1
180000,1,4,1,-1,-1,2,-1,-1,-1,390,1345,955,1565,2175,2159,1345,0,1000,1000,400,1000,179610,178655,179045,178435,177825,177841,3844,0
80000,1,4,1,-1,-1,-1,-1,-1,-1,64440,64685,64956,65183,65455,65683,3000,3000,3000,3000,2500,12500,15560,15315,15044,14817,14545,14317,363402,0
140000,2,4,1,-1,-1,-1,-1,-1,-1,129925,131624,133763,133195,101298,101601,6200,6600,4225,3800,3816,4000,10075,8376,6237,6805,38702,38399,702765,0
150000,4,4,1,-1,-1,-1,-1,-1,-2,117209,102018,79511,39800,-1500,0,3700,25007,2300,0,1500,0,32791,47982,70489,110200,151500,150000,304531,0
100000,2,4,1,-1,-1,2,-1,-1,-1,21043,24372,23699,24794,26067,28630,4000,0,1794,2000,3000,1200,78957,75628,76301,75206,73933,71370,136611,0
50000,1,4,1,1,-1,-1,-1,-1,-1,0,45000,1000,4874,5374,5874,45000,1000,4874,500,500,0,50000,5000,49000,45126,44626,44126,10248,1
200000,1,4,1,-1,-1,-1,-1,-1,-1,106519,107255,111522,114171,115777,118749,4000,6000,6000,5000,5000,11500,93481,92745,88478,85829,84223,81251,636493,0
130000,2,2,1,2,-1,-1,-1,-1,-2,98606,100143,50456,50000,0,0,4500,2500,1000,0,0,0,31394,29857,79544,80000,130000,130000,291205,0
150000,1,2,1,2,2,-2,-2,-2,-2,6241,0,0,0,0,0,0,0,0,0,0,0,143759,150000,150000,150000,150000,150000,6241,0
170000,2,2,2,-1,-1,-1,-1,-1,-1,165327,165627,165871,164606,121547,121118,7400,6328,5280,4300,4500,4300,4673,4373,4129,5394,48453,48882,871988,0
180000,2,4,1,8,7,6,5,4,3,197231,194309,189981,185559,181137,184009,0,0,0,0,6000,0,-17231,-14309,-9981,-5559,-1137,-4009,1126226,1
320000,2,4,1,1,2,2,-1,-1,-1,23595,23906,22035,22015,21163,25806,2000,0,2007,1000,5000,2000,296405,296094,297965,297985,298837,294194,126513,1
50000,1,4,1,-1,2,2,2,-1,-1,4917,4693,6945,6651,4060,4060,0,2500,0,1000,0,0,45083,45307,43055,43349,45940,45940,27826,0
50000,2,4,1,-1,-1,-1,-1,-1,-1,20762,22382,21343,14850,12315,10391,2000,1622,2013,500,500,500,29238,27618,28657,35150,37685,39609,94908,0
80000,3,2,1,-1,-1,-1,-1,-1,-1,18094,6942,26855,23287,20885,17595,1034,27318,1407,429,417,200,61906,73058,53145,56713,59115,62405,82853,0
100000,1,4,1,1,-1,-1,-1,-1,-1,-6,995,896,697,-302,999,2000,900,800,0,2300,1838,100006,99005,99104,99303,100302,99001,-4559,0
80000,2,4,1,-1,-1,-1,-1,-1,-1,50456,30342,27591,28166,28330,28524,1432,1476,1441,995,1021,1138,29544,49658,52409,51834,51670,51476,185906,0
120000,1,4,1,1,2,2,-1,-1,-1,3730,5006,4782,6041,6784,6826,1500,0,1500,1000,300,406,116270,114994,115218,113959,113216,113174,28463,0
230000,1,4,2,-2,-2,-2,-2,-2,-2,49279,4646,5419,4379,2455,34517,4674,5449,4407,2455,34517,8495,180721,225354,224581,225621,227545,195483,40698,0
60000,2,2,2,-1,-1,-1,-1,-1,-1,44912,11409,-61506,3859,415,415,144047,365,73000,415,415,50136,15088,48591,121506,56141,59585,59585,-268874,1
220000,1,4,2,-1,-1,-1,-1,-1,-1,45346,42480,37160,29161,20209,22679,1947,2000,3776,606,10764,3217,174654,177520,182840,190839,199791,197321,174725,0
80000,2,4,2,-1,-1,-1,-1,-1,-1,70540,66346,58421,47943,40092,44463,2485,2880,2269,1418,5000,2000,9460,13654,21579,32057,39908,35537,311753,0
300000,1,4,1,1,-2,-2,-2,-2,-2,0,0,0,0,0,0,0,0,0,0,0,0,300000,300000,300000,300000,300000,300000,0,0
400000,1,4,2,-2,-2,-1,-1,-1,-1,2912,2668,3222,21755,15258,16002,2668,3222,21755,500,1000,475,397088,397332,396778,378245,384742,383998,32197,0
50000,2,4,2,-1,-1,-1,-1,-1,-1,51036,50718,48853,48739,9372,9736,1762,2314,1200,1000,1000,500,-1036,-718,1147,1261,40628,40264,210678,0
200000,1,4,2,-1,-1,-1,-1,-1,-1,4800,2040,5961,1829,1652,584,2040,5961,1829,1652,584,5430,195200,197960,194039,198171,198348,199416,-630,0
120000,1,4,2,1,-2,-2,-2,-2,-2,0,0,0,0,0,0,0,0,0,0,0,0,120000,120000,120000,120000,120000,120000,0,0
360000,1,2,2,-1,-1,-1,-1,-1,-1,15121,6656,6722,8605,28405,-105,5006,2000,4000,20000,5000,4000,344879,353344,353278,351395,331595,360105,25398,0
220000,2,4,2,-1,-1,-1,-1,-1,-1,32357,30971,31277,23258,4546,6470,2000,1377,8011,165,2000,1000,187643,189029,188723,196742,215454,213530,114326,0
280000,2,2,2,-1,-1,-1,-1,-1,-1,139998,140030,125214,126426,126333,109953,6084,5024,5020,5093,3219,4024,140002,139970,154786,153574,153667,170047,739490,0
500000,2,4,2,-2,-2,-2,-2,-2,-2,-9,-9,-9,-9,1796,-90,0,0,0,1805,0,18268,500009,500009,500009,500009,498204,500090,-18403,0
240000,3,4,2,-1,-1,-1,-1,-1,-2,167686,108246,111397,61650,0,0,3977,5000,3000,0,0,111200,72314,131754,128603,178350,240000,240000,325802,0
310000,2,2,2,-1,-1,-1,-1,-1,-1,296942,302778,299162,305251,262368,254340,12401,13000,13208,10000,9506,10002,13058,7222,10838,4749,47632,55660,1652724,0
200000,1,4,1,1,2,-1,-1,-1,-1,205683,196807,191752,178560,170092,161850,0,9025,8030,5639,6054,5100,-5683,3193,8248,21440,29908,38150,1070896,1
260000,2,4,1,-1,-1,-1,-1,-1,-1,75841,69490,67107,28081,12767,4200,3008,2005,3036,5000,2200,1000,184159,190510,192893,231919,247233,255800,241237,0
200000,2,4,1,1,2,2,2,2,2,171468,167214,180484,176111,184620,189518,0,16000,0,13000,8000,0,28532,32786,19516,23889,15380,10482,1032415,1
180000,1,4,1,-2,-2,-2,-2,-2,-2,0,0,0,0,0,0,0,0,0,0,0,0,180000,180000,180000,180000,180000,180000,0,0
270000,2,2,1,-1,-1,-1,2,-1,-1,24769,22546,21345,14852,18669,25175,4000,5000,0,10000,7000,2000,245231,247454,248655,255148,251331,244825,99356,0
30000,2,4,1,-1,-1,-2,-2,-2,-2,6731,0,0,0,0,0,0,0,0,0,0,0,23269,30000,30000,30000,30000,30000,6731,0
180000,2,4,1,-1,-1,-1,-1,-1,-1,300,340,-120,420,460,460,500,0,1000,500,460,610,179700,179660,180120,179580,179540,179540,-1210,0
340000,2,2,1,-1,-1,-1,-1,-1,-1,36533,33689,8108,19291,35882,18924,3000,3000,21000,20000,18924,22534,303467,306311,331892,320709,304118,321076,63969,0
140000,4,4,1,-1,-1,-1,-1,-1,-1,108018,6500,6327,138485,140492,141006,1000,6327,135000,4700,5000,5000,31982,133500,133673,1515,-492,-1006,383801,1
180000,1,4,1,1,2,2,2,-1,-1,5930,5689,8414,8062,5052,2806,0,3000,0,200,0,0,174070,174311,171586,171938,174948,177194,32753,1
150000,2,4,1,-1,-1,-1,2,-1,-1,89302,90745,96314,87862,79936,76971,4200,8000,14,3000,4500,3000,60698,59255,53686,62138,70064,73029,498416,0
110000,1,4,1,-1,-1,-1,-1,-1,-1,112938,113331,108567,110772,111946,111853,6000,5500,5500,4500,4400,4400,-2938,-3331,1433,-772,-1946,-1853,639107,0
50000,2,2,1,-1,-1,-1,2,-1,-1,1019,1672,836,836,836,1517,1672,836,0,836,1517,1394,48981,48328,49164,49164,49164,48483,461,0
140000,1,4,1,-1,-1,-1,-1,-1,-1,7588,15557,18886,9476,5040,6070,17015,19030,10000,10000,6100,22000,132412,124443,121114,130524,134960,133930,-21528,0
360000,1,4,1,-1,-1,-1,-1,-1,-1,9626,11684,18144,57687,49519,53478,15023,18500,57697,11000,15000,5000,350374,348316,341856,302313,310481,306522,77918,0
280000,2,4,1,-2,-2,-2,-2,-2,-2,99,0,0,0,0,0,0,0,0,0,0,5017,279901,280000,280000,280000,280000,280000,-4918,0
310000,1,4,1,-1,-1,-1,-1,-1,-1,37085,23506,12191,13775,12377,34458,3817,1000,13775,12377,34458,1269,272915,286494,297809,296225,297623,275542,66696,0
290000,2,2,1,-1,-1,-1,-1,-1,-2,24257,8723,6282,2440,0,0,2026,3814,2452,0,0,0,265743,281277,283718,287560,290000,290000,33410,0
210000,1,4,1,-1,-1,-1,-1,-1,-1,5850,4388,3638,7489,2684,9448,4388,3638,7489,2684,9448,5841,204150,205612,206362,202511,207316,200552,9,0
210000,1,2,1,-1,-1,-1,-1,-1,-1,742,742,742,742,742,316,742,742,742,742,316,746,209258,209258,209258,209258,209258,209684,-4,0
110000,2,4,1,3,2,2,4,4,3,600,600,600,600,600,300,0,0,0,0,0,0,109400,109400,109400,109400,109400,109700,3300,1
50000,1,4,1,-1,-1,-1,-1,-1,-1,48211,41670,42710,43399,44261,45188,1971,2011,1700,1585,1641,4000,1789,8330,7290,6601,5739,4812,252531,0
280000,1,4,1,-1,-1,-1,-1,-1,-1,269,4160,3590,274,5274,8222,4166,3607,275,5275,3223,3335,279731,275840,276410,279726,274726,271778,1908,0
50000,2,4,1,1,3,3,2,2,2,45472,47923,46898,45849,48258,48341,3500,0,0,3500,1000,3500,4528,2077,3102,4151,1742,1659,271241,1
120000,2,2,1,1,2,-1,-1,-1,-1,60188,58467,59760,60990,61960,65233,0,3000,3000,3000,5000,0,59812,61533,60240,59010,58040,54767,352598,1
80000,2,2,1,1,-2,-1,-1,-1,-1,0,146,1000,2525,1498,499,146,1006,2525,1504,1,649,80000,79854,79000,77475,78502,79501,-163,0
50000,1,4,1,-1,-1,-1,-1,-1,-1,17250,8560,4725,8933,11784,9927,8560,1600,8933,11784,199,8287,32750,41440,45275,41067,38216,40073,21816,0
60000,2,4,1,2,-1,-1,-1,-1,-1,4114,5875,7612,8826,10113,11289,2000,2000,1500,1600,1500,1500,55886,54125,52388,51174,49887,48711,37729,1
190000,1,4,1,2,2,2,2,2,2,155335,159438,163684,166163,168592,171923,8000,8150,6500,6500,6000,0,34665,30562,26316,23837,21408,18077,949985,1
150000,1,4,1,2,-1,-1,-1,-1,-1,65809,55997,46392,36172,25767,16791,1498,1614,1227,655,2000,5000,84191,94003,103608,113828,124233,133209,234934,1
170000,1,4,1,-1,-1,-2,-2,-2,-1,2300,0,0,0,0,150,0,0,0,0,150,150,167700,170000,170000,170000,170000,169850,2150,0
150000,2,4,1,-1,-1,-1,-1,-1,-1,62122,46576,43583,45569,46533,47653,2000,2500,3000,2000,2000,3000,87878,103424,106417,104431,103467,102347,277536,0
390000,1,4,1,-1,-1,-1,-2,-2,-2,202248,205150,0,0,0,0,10000,0,0,0,0,0,187752,184850,390000,390000,390000,390000,397398,0
70000,2,4,1,-1,-1,-1,-1,-1,-1,20244,65072,61652,62788,57325,53415,50005,2312,2237,2038,2000,2127,49756,4928,8348,7212,12675,16585,259777,0
120000,2,4,1,-1,-1,-1,-1,-1,-1,61470,63335,66278,68928,67963,67900,3000,3500,3500,1902,2091,3000,58530,56665,53722,51072,52037,52100,378881,0
30000,2,2,1,2,2,2,2,2,2,26799,26002,27293,26551,30223,30592,5000,2000,0,4400,1600,0,3201,3998,2707,3449,-223,-592,154460,0
200000,2,2,1,-1,-1,-1,-1,-1,-1,98822,95634,94933,96554,65905,1528,4300,3500,5000,5000,1000,0,101178,104366,105067,103446,134095,198472,434576,0
300000,2,4,1,2,-1,-1,-1,-1,-1,272399,258413,256033,245772,243818,245235,11232,11068,9035,9018,9018,9030,27601,41587,43967,54228,56182,54765,1463269,1
90000,1,4,1,2,2,2,-1,-1,-1,7052,9370,9078,10267,10350,10564,2605,0,1500,550,529,531,82948,80630,80922,79733,79650,79436,50966,1
200000,1,2,2,-2,-2,-2,-2,-2,-2,4833,6370,2342,810,9743,1000,6370,2342,810,10253,1000,7079,195167,193630,197658,199190,190257,199000,-2756,0
210000,1,4,2,-1,-1,-1,-1,-1,-1,326,326,326,326,326,326,326,326,326,326,326,326,209674,209674,209674,209674,209674,209674,0,0
230000,2,4,2,-1,-1,-2,-1,-1,-1,4908,0,0,51750,51295,53257,0,0,52066,2000,3000,3000,225092,230000,230000,178250,178705,176743,101144,0
200000,1,4,2,1,-2,-2,-1,-1,-1,4035,4195,0,2907,2400,945,4210,0,2907,2400,945,0,195965,195805,200000,197093,197600,199055,4020,0
420000,2,2,2,-1,-1,-1,-1,-1,-1,89863,16500,17493,17215,17248,17763,1782,1275,1281,617,793,1000,330137,403500,402507,402785,402752,402237,169334,0
60000,3,2,1,1,2,2,-1,-1,-1,32578,34742,33907,36032,38114,40332,3000,0,3000,3000,3000,5000,27422,25258,26093,23968,21886,19668,198705,0
50000,2,2,2,-1,-1,-1,2,-1,-1,42050,51328,51053,43611,19785,20104,10000,4100,0,900,2000,1000,7950,-1328,-1053,6389,30215,29896,209931,0
60000,2,2,1,1,2,2,2,2,2,61474,59121,63389,60919,57800,58698,0,5229,18,3779,1764,0,-1474,879,-3389,-919,2200,1302,350611,0
210000,1,4,1,-1,-1,-1,-1,-1,-1,2568,52720,107861,112533,118699,41329,52720,57861,12533,8699,1329,13580,207432,157280,102139,97467,91301,168671,288988,0
50000,2,2,1,-1,-1,-1,2,2,2,43648,45919,50784,43238,30248,27447,3000,6000,0,3500,0,1100,6352,4081,-784,6762,19752,22553,227684,0
390000,3,2,1,-1,-1,-1,-1,-1,-1,129002,130535,129888,133690,137720,140536,5000,5500,6000,10000,5000,5000,260998,259465,260112,256310,252280,249464,764871,1
150000,1,4,1,1,-1,-1,-1,-1,-1,-89,13894,24782,1927,8200,3867,13983,24831,2358,8210,19,0,150089,136106,125218,148073,141800,146133,3180,0
200000,2,4,2,-1,-1,-1,-1,-1,-1,38616,40612,32801,14664,17092,18820,3040,1306,3400,3000,2000,0,161384,159388,167199,185336,182908,181180,149859,0
150000,1,2,2,-1,-1,-2,-2,-2,-2,12420,0,0,0,0,0,0,0,0,0,0,0,137580,150000,150000,150000,150000,150000,12420,0
470000,2,4,2,-1,-1,-1,-1,-1,-1,216031,203735,181531,52119,48386,35425,7513,5552,1781,3021,3008,3015,253969,266265,288469,417881,421614,434575,713337,0
200000,1,2,2,-1,-1,-1,2,-1,-1,18660,27871,55277,38259,8266,13200,27010,30300,179,5415,10000,10000,181340,172129,144723,161741,191734,186800,78629,0
160000,1,4,2,-1,-1,-2,-1,-1,-1,214,-175,-175,3392,3567,0,0,0,3567,175,0,0,159786,160175,160175,156608,156433,160000,3081,0
220000,2,4,2,1,2,-1,-1,-1,-1,5627,5391,6442,7458,8177,111816,0,1300,1281,1000,103860,4346,214373,214609,213558,212542,211823,108184,33124,1
290000,2,2,2,1,2,-1,-1,-1,-1,146853,139756,136012,136466,136929,132179,1503,5400,5200,5000,4667,5000,143147,150244,153988,153534,153071,157821,801425,0
50000,3,6,2,-1,-1,2,-1,-1,-1,326,652,326,978,652,326,652,0,978,0,0,326,49674,49348,49674,49022,49348,49674,1304,0
290000,2,2,2,-1,-1,-1,-1,-1,-1,76383,78200,79726,80890,81615,75661,3400,3700,3600,3000,3000,3000,213617,211800,210274,209110,208385,214339,452775,0
30000,2,4,1,1,2,-1,-1,-1,-1,33181,32359,33849,34522,33501,32129,0,2000,1389,1068,3000,2508,-3181,-2359,-3849,-4522,-3501,-2129,189576,1
40000,3,2,1,2,3,2,2,2,-1,8244,7966,9331,9729,9424,9621,0,1642,700,0,349,872,31756,32034,30669,30271,30576,30379,50752,1
70000,1,4,1,-1,-1,-1,-1,-1,-1,64471,65577,53264,51464,96184,49104,2281,2888,1800,2000,1900,1760,5529,4423,16736,18536,-26184,20896,367435,0
100000,2,4,1,-1,-1,-1,-1,-1,-1,82323,45756,9187,5408,12920,9656,1000,9187,5408,12920,9656,4737,17677,54244,90813,94592,87080,90344,122342,0
20000,1,4,1,-1,-1,-1,-1,-1,-1,16178,12662,13367,14046,14425,14024,1300,1300,1300,600,600,600,3822,7338,6633,5954,5575,5976,79002,0
50000,2,4,1,-1,-1,-1,-1,-1,-1,51002,50974,50021,49353,30439,29890,1983,2456,3288,1230,1085,1252,-1002,-974,-21,647,19561,20110,250385,1
130000,4,4,2,-1,-1,-1,-1,-1,-1,264,264,264,264,0,678,264,264,264,0,942,0,129736,129736,129736,129736,130000,129322,0,0
140000,2,2,1,2,2,2,2,2,2,115019,115647,121304,122331,125296,127788,4000,9000,4500,5000,4639,0,24981,24353,18696,17669,14704,12212,700246,1
230000,1,2,2,-1,-1,-1,-1,-1,-1,37719,30341,25981,24092,65840,56538,3025,5000,5000,65840,2000,2000,192281,199659,204019,205908,164160,173462,157646,0
300000,2,4,2,-1,-1,-1,-1,-1,2,8805,2186,0,290,707,161,2186,0,290,1209,0,7705,291195,297814,300000,299710,299293,299839,759,0
200000,1,4,1,-2,-2,-2,-2,-2,-1,-792,-792,-792,-792,-792,69708,0,792,0,0,70500,1688,200792,200792,200792,200792,200792,130292,-7232,1
100000,1,4,1,1,2,2,2,2,2,63542,66567,67564,67443,65106,70258,5000,3200,2500,0,6918,3520,36458,33433,32436,32557,34894,29742,379342,0
100000,2,4,2,-1,-1,-1,-1,-1,-1,92683,84278,86977,89575,91382,93320,3324,3428,3399,2546,2671,2939,7317,15722,13023,10425,8618,6680,519908,0
80000,2,4,1,-1,-1,-1,2,-1,-1,1443,1443,4545,2886,1443,3743,1443,4545,0,0,3743,3000,78557,78557,75455,77114,78557,76257,2772,1
170000,2,4,1,-1,-1,-1,-1,-1,-1,51401,47742,45529,42805,38017,39239,2100,2105,2447,1200,3000,2000,118599,122258,124471,127195,131983,130761,251881,0
420000,1,4,1,-2,-2,-1,-1,-1,-1,392,396,47581,48070,47523,45834,400,47581,1715,1700,1850,2000,419608,419604,372419,371930,372477,374166,134550,0
70000,1,4,1,-1,-1,-1,-1,2,-1,17154,18550,20245,22904,22238,23870,2000,2000,3000,0,2000,2200,52846,51450,49755,47096,47762,46130,113761,0
480000,2,4,2,-1,-1,-2,-2,-2,-1,470400,0,0,0,0,330982,0,0,0,0,330982,30000,9600,480000,480000,480000,480000,149018,440400,1
250000,4,2,1,-1,-1,-1,-1,-1,-1,127786,60663,49181,34072,33419,33925,3729,1600,2000,1000,1100,900,122214,189337,200819,215928,216581,216075,328717,0
180000,1,4,1,-1,-1,-1,-1,-1,-1,230740,30873,32033,51373,52553,53505,1500,1660,20000,2030,1951,3000,-50740,149127,147967,128627,127447,126495,420936,0
240000,1,4,1,-1,-1,-1,-1,-1,-1,8590,6398,16271,27825,14489,37137,6398,16312,27829,14503,33633,10982,231410,233602,223729,212175,225511,202863,1053,0
210000,1,4,1,-1,-1,-1,-1,-1,-1,9918,6942,24680,41291,10623,10765,6942,24000,22000,20000,5000,3000,200082,203058,185320,168709,199377,199235,23277,0
100000,1,4,1,3,2,-1,-1,2,-1,49961,48856,49899,53407,51951,53195,0,1831,4339,0,2083,1939,50039,51144,50101,46593,48049,46805,297077,0
50000,1,4,1,-1,-1,-1,-1,-1,-1,48940,50149,45546,46587,47519,51346,2059,2100,2100,2000,4600,0,1060,-149,4454,3413,2481,-1346,277228,0
300000,1,4,1,-1,-1,-1,-1,-1,-1,28989,29909,40618,52288,70000,100000,1291,11000,12288,20000,30000,590,271011,270091,259382,247712,230000,200000,246635,0
70000,1,4,1,-1,-1,-1,-1,-1,-1,21777,20335,21699,22460,20345,42123,2000,2000,1500,3000,721,1200,48223,49665,48301,47540,49655,27877,138318,0
490000,1,4,1,-1,-1,-1,-1,-1,-1,20984,10863,5342,7395,367,13804,2000,2000,3500,367,16024,3500,469016,479137,484658,482605,489633,476196,31364,0
170000,1,4,1,-1,-1,-1,-1,-1,-1,37350,38724,40096,41130,42144,43114,2000,2000,2000,2000,1800,1800,132650,131276,129904,128870,127856,126886,230958,0
100000,1,4,1,-1,-1,-1,-1,-1,-1,51650,53294,53779,54166,55265,56425,2500,1941,2000,2000,2049,2222,48350,46706,46221,45834,44735,43575,311867,0
200000,2,4,2,-1,-1,2,-1,-1,-1,2261,298,298,13764,5290,924,298,0,13764,0,924,6635,197739,199702,199702,186236,194710,199076,1214,0
80000,2,4,2,-2,-2,-2,-2,-2,-2,3459,3789,3459,528,6918,0,3789,3459,528,6918,0,0,76541,76211,76541,79472,73082,80000,3459,0
220000,2,4,2,-1,-1,-1,-1,-1,-1,150393,48060,30490,44071,55405,63422,2349,3008,20000,20004,20000,2000,69607,171940,189510,175929,164595,156578,324480,0
300000,3,4,2,-2,-2,-2,-2,-2,-2,0,0,0,0,0,0,0,0,0,0,0,0,300000,300000,300000,300000,300000,300000,0,1
120000,2,2,2,-1,-1,-1,-1,-1,-1,90575,88443,88681,87364,87742,87943,3204,3214,4001,3254,3325,3500,29425,31557,31319,32636,32258,32057,510250,0
240000,2,4,2,-1,-1,-1,-1,-1,-1,226315,231582,226909,135626,138520,141280,9100,9859,4147,3691,3700,3729,13685,8418,13091,104374,101480,98720,1066006,0
200000,1,4,2,-1,-1,-1,-1,-1,-1,96152,102512,116813,125616,115314,114153,8000,16020,13000,7012,5000,8000,103848,97488,83187,74384,84686,85847,613528,0
40000,2,2,2,-1,-1,-1,-1,-1,-1,39940,40581,40543,39943,38895,37726,2000,2000,2000,1400,1300,2000,60,-581,-543,57,1105,2274,226928,0
200000,1,4,2,-1,-1,2,2,-1,-1,195128,203187,209286,188243,188668,190192,13600,12200,0,7000,7000,7300,4872,-3187,-9286,11757,11332,9808,1127604,0
100000,1,4,2,3,3,2,2,2,2,95890,95434,97410,98611,100787,102261,2000,4400,3700,4700,3300,3700,4110,4566,2590,1389,-787,-2261,568593,0
50000,2,2,2,-1,-1,-1,-1,-1,-1,48509,50724,50453,19703,19345,20106,3310,2039,1237,634,5000,844,1491,-724,-453,30297,30655,29894,195776,0
40000,2,2,2,-1,-1,-1,-1,-1,-1,40368,38623,67203,39764,39583,39839,1603,2000,2014,2503,2103,2221,-368,1377,-27203,236,417,161,252936,0
70000,2,2,2,2,2,3,2,-1,-1,68321,73190,71489,68981,66577,71013,6600,0,0,2500,5500,0,1679,-3190,-1489,1019,3423,-1013,404971,0
210000,1,4,2,-2,-2,-2,-2,-2,-2,191,376,569,378,378,378,376,569,378,378,378,378,209809,209624,209431,209622,209622,209622,-187,0
30000,2,4,1,-1,-1,-1,-1,-1,-1,25150,26253,27064,27884,29190,25789,3000,3000,2000,2000,1069,1074,4850,3747,2936,2116,810,4211,149187,0
100000,1,4,2,-1,-1,-1,-1,-1,-1,91844,90375,81572,71451,68530,66844,3200,3007,3200,3000,3500,2600,8156,9625,18428,28549,31470,33156,452109,0
20000,2,2,2,-1,-1,-1,-1,-1,-1,16754,17763,18854,19972,18090,19842,1291,2382,1500,605,2000,2000,3246,2237,1146,28,1910,158,101497,0
400000,2,2,2,-1,-1,2,-1,-1,-1,20818,1079,799,1883,587,0,1878,0,1883,0,0,0,379182,398921,399201,398117,399413,400000,21405,0
330000,2,2,1,-1,-1,-1,-1,-1,2,221793,225079,229947,233122,246414,253338,10000,10000,8507,17215,11000,0,108207,104921,100053,96878,83586,76662,1352971,0
240000,2,4,2,-1,-1,-1,-1,-1,-1,4684,18412,16580,416,416,416,18432,1416,16580,416,416,416,235316,221588,223420,239584,239584,239584,3248,1
70000,1,4,1,-1,-1,2,2,2,2,71237,76632,74853,78789,77084,80572,6577,0,5816,0,5364,0,-1237,-6632,-4853,-8789,-7084,-10572,441410,1
240000,1,4,1,-1,-1,-1,-1,-1,-1,358,176,0,540,100,2600,176,0,540,100,2600,704,239642,239824,240000,239460,239900,237400,-346,0
200000,1,2,1,1,-2,-1,2,-1,-1,-896,2500,653,653,653,0,7052,653,0,0,0,1300,200896,197500,199347,199347,199347,200000,-5442,0
100000,1,4,1,-2,-2,-2,-2,-2,-2,904,2635,636,2538,1735,2054,3710,636,4001,1735,2054,2581,99096,97365,99364,97462,98265,97946,-4215,0
180000,1,4,1,-1,-1,-1,-1,-1,-1,44109,20896,18193,18652,14545,18545,8000,5000,3000,2000,2000,6000,135891,159104,161807,161348,165455,161455,108940,0
360000,2,4,2,-1,-1,-1,-1,-1,-1,82195,99961,7968,1816,5549,1234,20500,8007,1825,5563,1240,0,277805,260039,352032,358184,354451,358766,161588,0
130000,2,4,1,-1,-1,-1,-1,-1,-1,113203,114053,117602,119119,120030,122510,4200,5800,5800,4300,4500,4500,16797,15947,12398,10881,9970,7490,677417,0
120000,2,4,2,-2,-2,-2,-2,-2,-2,2680,14770,7817,416,270,0,14770,7832,416,270,0,0,117320,105230,112183,119584,119730,120000,2665,0
230000,1,4,2,-2,-2,-2,-2,-2,-2,0,0,846,846,0,846,0,846,846,0,846,500,230000,230000,229154,229154,230000,229154,-500,0
340000,4,4,2,-1,-1,-1,-1,-1,-1,47001,47664,38192,39234,20960,360,2000,2000,2000,3000,360,360,292999,292336,301808,300766,319040,339640,183691,0
320000,1,4,1,-1,-1,-1,-1,-1,-1,198441,202806,207050,201114,190921,191781,10000,10000,10000,10000,7000,10000,121559,117194,112950,118886,129079,128219,1135113,0
330000,3,4,1,-1,-1,-1,-1,-1,-1,311577,319838,303679,271773,198604,149923,13110,10691,10373,7901,5328,5061,18423,10162,26321,58227,131396,180077,1502930,0
80000,3,4,2,2,-1,-1,-1,-1,-2,4794,4989,2065,1000,0,0,1074,1000,1000,0,0,0,75206,75011,77935,79000,80000,80000,9774,1
150000,1,2,2,-1,-1,-1,-1,-1,-1,4083,3534,6484,12287,21888,19960,3537,6484,12306,21888,0,134,145917,146466,143516,137713,128112,130040,23887,0
160000,3,2,2,-2,-2,-2,-2,-2,-2,207,565,1990,0,0,0,565,2009,0,0,0,0,159793,159435,158010,160000,160000,160000,188,1
50000,3,2,2,-1,-1,-1,-1,-1,-1,39804,41106,41843,42839,43690,44232,1964,1701,1697,1548,1620,1774,10196,8894,8157,7161,6310,5768,243210,0
300000,4,2,3,-2,-2,-2,-2,-2,-2,0,0,0,0,0,0,0,0,0,0,0,0,300000,300000,300000,300000,300000,300000,0,0
190000,2,2,2,-1,-1,-1,-1,-1,-1,185788,185959,179458,162482,158137,157956,7483,5902,7061,4902,6057,5381,4212,4041,10542,27518,31863,32044,992994,0
50000,2,4,1,-1,-1,-1,-1,-1,-1,25870,21511,20952,21873,22319,24371,1325,1392,1313,759,2371,3294,24130,28489,29048,28127,27681,25629,126442,0
90000,1,4,1,-1,-1,-1,-1,-1,-1,866,148,377,4229,6109,8832,148,377,4000,2109,2832,316,89134,89852,89623,85771,83891,81168,10779,0
210000,1,4,1,-1,-1,-1,-1,-1,-1,85672,68394,70305,65626,64638,67498,6009,5000,5000,5000,5000,5000,124328,141606,139695,144374,145362,142502,391124,0
240000,1,4,1,-1,-1,-1,-1,-1,-1,246310,250252,250169,249495,192368,196585,10500,9900,10907,7000,8000,7535,-6310,-10252,-10169,-9495,47632,43415,1331337,0
60000,2,2,2,2,2,2,2,2,-1,40511,44019,45020,45785,44750,45578,4200,2000,1800,0,1700,3600,19489,15981,14980,14215,15250,14422,252363,1
440000,2,4,2,-1,-1,-1,-1,-1,-1,3091,3853,4012,821,821,821,1150,1084,821,821,821,821,436909,436147,435988,439179,439179,439179,7901,0
30000,2,2,3,2,2,-1,-1,-1,-1,28485,27204,28234,28272,28494,28182,0,2000,2483,1003,969,1208,1515,2796,1766,1728,1506,1818,161208,1
230000,2,4,1,-1,-1,-2,-2,-2,-2,23758,0,0,0,0,0,0,0,0,0,0,0,206242,230000,230000,230000,230000,230000,23758,0
440000,2,4,1,1,2,2,-1,-1,-1,209176,215231,204369,186201,183518,148169,11000,54,7530,7648,6310,3312,230824,224769,235631,253799,256482,291831,1110810,1
80000,2,2,1,-1,-1,-1,-1,-1,-1,63899,62048,49814,45292,43190,39457,2500,2500,2010,2000,2000,2000,16101,17952,30186,34708,36810,40543,290690,1
30000,2,2,2,-1,-1,-1,-1,-1,-1,29265,28901,28883,29411,24602,22760,2000,1655,1513,499,688,0,735,1099,1117,589,5398,7240,157467,0
250000,2,4,2,-1,-1,-1,-1,-1,-1,238855,241711,205944,210513,214696,219218,8517,7481,8000,7682,7979,13350,11145,8289,44056,39487,35304,30782,1277928,0
30000,1,2,3,2,-1,-1,-1,-1,-1,26155,27196,28445,26766,27152,28355,1482,1731,1742,1128,1800,1200,3845,2804,1555,3234,2848,1645,154986,1
50000,3,6,3,-1,-1,-1,-1,-1,2,49402,50361,48762,49671,22895,19501,1800,2110,2010,1600,0,750,598,-361,1238,329,27105,30499,232322,0
50000,2,4,2,-1,-1,-1,-1,-1,-1,47303,48427,48069,49081,48485,49484,2807,3008,2812,2000,2000,2000,2697,1573,1931,919,1515,516,276222,0
30000,2,4,2,1,2,2,2,2,2,26330,25608,28781,28000,29779,27343,0,3600,0,2524,0,1139,3670,4392,1219,2000,221,2657,158578,0
30000,2,2,3,-1,-1,-1,-1,-1,-1,30788,30395,27294,27216,26432,30692,1759,1762,1717,966,5739,1577,-788,-395,2706,2784,3568,-692,159297,1
500000,2,2,3,-1,-1,-2,-2,-2,-2,149838,0,0,0,0,0,0,0,0,0,0,0,350162,500000,500000,500000,500000,500000,149838,0
50000,2,2,3,1,2,2,2,2,2,24540,25330,26620,26889,26158,27737,1500,2000,1000,0,2000,0,25460,24670,23380,23111,23842,22263,150774,1
50000,2,2,2,-1,-1,-1,-1,-1,-1,49872,32918,33998,34852,14163,14362,1600,2500,2000,1000,1000,1000,128,17082,16002,15148,35837,35638,171065,0
50000,1,4,1,-1,-1,-2,-2,-2,-2,2416,0,0,0,0,0,0,0,0,0,0,0,47584,50000,50000,50000,50000,50000,2416,0
90000,2,4,1,-1,-1,-1,-1,-1,-1,45069,43310,40275,37800,37323,34396,2000,2500,3000,3000,2000,3000,44931,46690,49725,52200,52677,55604,222673,0
30000,1,4,1,1,2,2,2,-1,-1,13890,15374,16141,15593,15908,16757,2000,1300,0,564,1100,1000,16110,14626,13859,14407,14092,13243,87699,1
150000,3,2,3,-1,-1,-1,-1,-1,-1,125403,110822,107782,84743,78804,76584,5018,5081,6041,3023,4049,6013,24597,39178,42218,65257,71196,73416,554913,0
50000,2,2,1,-1,-1,-1,-1,-1,-1,14465,48796,50206,50831,42731,43224,50295,2500,2031,1274,1500,1600,35535,1204,-206,-831,7269,6776,191053,0
70000,2,4,1,2,2,2,-1,-1,2,14871,17461,16892,18013,19315,19859,2850,0,1400,1600,1000,0,55129,52539,53108,51987,50685,50141,99561,1
80000,2,4,1,-1,-1,-2,-2,-2,-2,68850,0,0,0,0,0,0,0,0,0,0,0,11150,80000,80000,80000,80000,80000,68850,0
280000,1,4,1,-2,-2,-2,-2,-1,-1,-11,-11,-11,-11,2572,9532,0,0,0,2583,9566,145007,280011,280011,280011,280011,277428,270468,-145096,0
90000,2,2,2,-1,-1,-1,-1,-1,-1,6480,6973,7235,8248,8412,8589,1106,1124,1137,301,312,373,83520,83027,82765,81752,81588,81411,41584,0
330000,1,2,2,-1,-1,-1,-1,-1,-1,94384,46006,48123,50195,51942,55963,4000,3000,3000,3000,5000,2000,235616,283994,281877,279805,278058,274037,326613,0
190000,2,2,3,-1,-1,-1,-1,-1,-1,80903,83900,86897,90399,85698,88400,5000,5000,5600,3000,4000,4500,109097,106100,103103,99601,104302,101600,489097,0
210000,1,2,3,-1,-1,-1,-1,-1,-1,47109,47930,53615,55117,57192,63229,2000,6500,3000,3000,7000,2500,162891,162070,156385,154883,152808,146771,300192,0
100000,1,2,2,3,4,4,4,4,3,98094,101614,101072,105252,102742,100884,6000,1900,6686,0,0,0,1906,-1614,-1072,-5252,-2742,-884,595072,1
20000,2,4,2,3,2,-1,-1,-1,-1,20226,18702,18331,19111,15211,13562,0,2346,1400,304,271,0,-226,1298,1669,889,4789,6438,100822,1
260000,1,2,2,-1,-1,-1,-1,-1,-1,555,8078,27201,27879,28420,39206,8078,20000,2000,2000,12000,0,259445,251922,232799,232121,231580,220794,87261,0
20000,2,2,1,1,2,2,2,2,4,15803,15252,18093,18499,20898,19999,0,3103,1000,3000,0,0,4197,4748,1907,1501,-898,1,101441,1
80000,3,2,2,-1,-1,-1,-1,-1,-1,77480,75329,64228,49103,48649,49701,3000,2500,1800,2000,1800,2000,2520,4671,15772,30897,31351,30299,351390,1
50000,2,2,3,-1,-1,-1,-1,-1,-1,30640,31546,28405,27959,27785,28123,1746,1800,1729,945,1149,1200,19360,18454,21595,22041,22215,21877,165889,0
70000,3,2,2,2,2,2,2,2,2,50834,52163,51060,54200,52734,55903,2460,0,4600,0,4200,2200,19166,17837,18940,15800,17266,14097,303434,1
30000,2,2,2,-1,-1,2,2,-1,-1,26664,29803,30766,29918,29071,29527,3582,1734,0,1148,1034,2667,3336,197,-766,82,929,473,165584,0
100000,1,4,1,1,2,-1,-1,-1,-1,97271,88596,89218,63243,42510,41221,0,4950,2400,1200,1400,1203,2729,11404,10782,36757,57490,58779,410906,1
50000,1,4,1,-1,-1,-1,2,-1,-1,50673,47278,44993,36782,30442,29636,2500,4000,0,1200,1250,1300,-673,2722,5007,13218,19558,20364,229554,0
80000,2,2,1,2,-1,-1,-1,2,-1,63711,64961,66334,70312,68585,70027,2907,3014,5700,0,2700,2800,16289,15039,13666,9688,11415,9973,386809,1
50000,2,2,1,-1,-1,-1,-1,-1,-1,7439,8280,3403,1999,500,0,1028,3423,2005,501,0,0,42561,41720,46597,48001,49500,50000,14664,1
150000,4,2,1,-1,-1,-1,-1,-1,-1,152105,137472,118583,95094,50999,35383,6300,4500,2524,2000,2000,92000,-2105,12528,31417,54906,99001,114617,480312,0
140000,1,4,1,-1,-1,-1,-1,-1,-1,130261,95550,96273,91059,92609,95184,3474,4000,4000,3500,8000,5000,9739,44450,43727,48941,47391,44816,572962,0
70000,1,2,2,-1,-1,-1,-1,-1,-1,63820,60697,61139,56609,47819,43471,5000,4000,3000,3000,3000,2000,6180,9303,8861,13391,22181,26529,313555,0
30000,2,2,2,1,2,2,-1,-1,-1,28933,30109,29349,29400,30000,0,1949,0,1000,600,0,0,1067,-109,651,600,0,30000,144242,0
80000,2,2,2,2,2,-1,-1,-1,2,70381,68660,70081,70899,75331,74005,0,3126,2578,5616,0,3000,9619,11340,9919,9101,4669,5995,415037,1
40000,2,2,3,-1,-1,-1,-1,-1,-1,21960,21484,7145,2424,822,0,1176,1049,1000,0,0,0,18040,18516,32855,37576,39178,40000,50610,0
100000,2,2,2,-1,-1,-1,-1,-1,-1,34572,35173,35828,36126,36587,36957,1849,1894,1582,1433,1486,1327,65428,64827,64172,63874,63413,63043,205672,0
50000,2,2,3,-1,-1,-1,-1,-1,-1,48050,47238,47722,32920,28471,28834,2000,1871,1800,1100,1200,1040,1950,2762,2278,17080,21529,21166,224224,0
30000,3,2,2,2,2,2,2,2,2,26088,27160,26444,28694,27936,29930,1800,0,3000,0,2600,0,3912,2840,3556,1306,2064,70,158852,1
120000,1,2,2,-1,-1,-1,-1,-1,-1,9756,12092,15516,17373,17950,18363,2519,3643,2500,1000,689,1000,110244,107908,104484,102627,102050,101637,79699,0
260000,3,2,2,-1,-1,-1,-1,-1,-1,152735,149672,140068,140367,141710,146578,6627,7000,7000,5000,7000,5000,107265,110328,119932,119633,118290,113422,833503,0
90000,2,2,2,-1,-1,-1,-1,-1,-1,21093,14418,17217,16486,17390,19021,1256,3445,1099,1393,3045,1003,68907,75582,72783,73514,72610,70979,94384,0
30000,2,2,2,-1,-1,-1,-1,-1,-1,4101,157,30321,29225,29575,28850,172,33635,1368,1108,958,1353,25899,29843,-321,775,425,1150,83635,0
260000,1,2,2,-1,-1,-1,-1,-1,-1,174971,161671,156296,156248,120518,122649,10000,8000,5028,5000,5000,10000,85029,98329,103704,103752,139482,137351,849325,0
170000,1,2,2,1,2,-1,-1,-1,2,161105,145908,119161,120662,127815,125098,0,6000,5000,9000,0,6000,8895,24092,50839,49338,42185,44902,773749,0
150000,2,2,2,-1,-1,-1,-1,-1,-1,137664,140869,144954,101342,80819,81022,5500,6704,3712,3000,3890,3500,12336,9131,5046,48658,69181,68978,660364,0
90000,3,2,3,1,2,2,2,2,2,40467,41495,42520,42997,41698,43976,2000,2000,1800,0,3434,1708,49533,48505,47480,47003,48302,46024,242211,0
50000,3,4,3,-1,-1,-1,-1,-1,-1,3740,4382,5008,5627,6159,6677,1100,1091,1100,1000,1000,1000,46260,45618,44992,44373,43841,43323,25302,0
70000,1,4,1,-1,-1,-1,-1,-1,-1,66867,66502,54263,47562,43735,43509,3020,5040,2000,2000,12000,5000,3133,3498,15737,22438,26265,26491,293378,0
210000,1,4,1,-1,-1,-1,-1,-1,-1,217220,231500,197027,198293,197841,205864,7700,10292,8900,7200,14300,10000,-7220,-21500,12973,11707,12159,4136,1189353,0
450000,1,4,2,-2,-2,-2,-2,-2,-2,0,0,0,0,0,0,0,0,0,0,0,0,450000,450000,450000,450000,450000,450000,0,0
70000,3,2,2,-1,-1,-1,-1,2,-1,14180,10856,10822,13627,10852,12676,3000,2000,3000,0,2000,3000,55820,59144,59178,56373,59148,57324,60013,1
70000,3,4,2,2,2,2,-1,-1,2,23741,26021,24419,23541,10576,6985,4000,0,2000,1000,0,4000,46259,43979,45581,46459,59424,63015,104283,1
300000,3,4,2,-1,-1,2,-1,-1,-1,2344,7929,7667,26900,31500,33920,8000,0,20000,5000,33920,0,297656,292071,292333,273100,268500,266080,43340,0
70000,1,2,1,-1,-1,-1,-1,-1,-1,68494,68532,69475,69582,69589,68728,3200,3300,3100,2800,2600,2940,1506,1468,525,418,411,1272,396460,0
180000,2,2,2,-1,-1,-1,-1,-1,-1,88275,78089,75159,76602,76896,78588,2800,3333,3310,2900,3040,3500,91725,101911,104841,103398,103104,101412,454726,0
50000,3,2,1,2,2,-1,-1,-1,-1,59077,55607,54882,53894,52382,53947,0,2700,2450,1830,4300,6500,-9077,-5607,-4882,-3894,-2382,-3947,312009,1
20000,2,4,1,-1,2,-1,-1,-1,2,20556,19403,13536,17623,18662,10243,8,2072,15000,1500,0,10000,-556,597,6464,2377,1338,9757,71443,0
260000,1,4,2,-1,-1,-1,-1,-1,-1,229398,202429,206210,208752,209083,208463,8720,9000,8910,7570,7751,8200,30602,57571,53790,51248,50917,51537,1214184,0
70000,3,2,2,-1,-1,-1,-1,-1,-1,5219,6747,19948,20231,20757,18357,3092,19948,3000,3002,1002,2102,64781,63253,50052,49769,49243,51643,59113,0
50000,2,6,2,2,2,3,2,2,2,39193,42816,42838,43335,44220,45159,4600,1000,1500,1900,1800,1200,10807,7184,7162,6665,5780,4841,245561,1
150000,2,2,2,-1,-1,-1,-1,-1,-1,146661,142118,139750,142730,144083,130791,6800,6600,6800,5600,4900,5100,3339,7882,10250,7270,5917,19209,810333,0
150000,3,2,3,-1,-1,-1,-1,-1,-1,47372,42652,42306,41579,40669,39301,2000,2100,1837,1400,1486,1572,102628,107348,107694,108421,109331,110699,243484,0
20000,2,2,2,-1,-1,-1,-1,-1,-1,19326,20240,17800,18699,17770,48321,1263,1630,1529,1200,2000,742,674,-240,2200,1301,2230,-28321,133792,0
60000,2,4,3,-1,-1,-1,-1,-1,-1,57711,58760,49576,50802,11110,12543,2500,2384,3000,2000,2000,2000,2289,1240,10424,9198,48890,47457,226618,0
50000,2,2,2,-1,-1,-1,-1,-1,-1,40596,41632,42687,40614,29356,29815,2000,2047,3246,1164,1048,1100,9404,8368,7313,9386,20644,20185,214095,0
50000,1,4,1,-1,-1,-1,-1,-1,2,26240,26996,28056,29584,31595,30952,1500,1500,2000,2500,0,3000,23760,23004,21944,20416,18405,19048,162923,0
80000,1,2,1,3,2,-1,-1,-1,3,71965,70232,71794,73125,82798,81336,0,3278,3211,11457,0,0,8035,9768,8206,6875,-2798,-1336,433304,1
140000,1,4,1,-1,-1,-1,-1,-1,-1,10064,10551,11655,11377,735,1051,2000,2000,1000,735,1051,569,129936,129449,128345,128623,139265,138949,38078,0
20000,3,4,1,1,2,2,2,2,-1,6616,6364,7891,8913,8624,9628,0,1800,1300,0,1300,1900,13384,13636,12109,11087,11376,10372,41736,1
10000,2,2,3,2,-1,-1,-1,-1,-1,2240,3100,4116,5280,5543,5605,1057,1073,1237,500,300,205,7760,6900,5884,4720,4457,4395,21512,1
120000,2,2,3,-1,-1,-1,-2,-2,-2,11547,9836,0,0,0,0,5000,0,0,0,0,5562,108453,110164,120000,120000,120000,120000,10821,0
50000,2,2,3,1,3,2,-1,-1,-1,36291,35385,31558,31664,15700,0,0,0,1000,314,0,0,13709,14615,18442,18336,34300,50000,149284,1
30000,2,2,2,2,-1,-1,2,2,-1,11436,12439,14911,15819,15346,16666,1500,3000,1500,0,1500,2000,18564,17561,15089,14181,14654,13334,77117,1
210000,2,2,3,2,-1,-1,-1,-1,-1,114273,115302,111906,111423,92394,93321,6000,6000,5000,3000,3500,3000,95727,94698,98094,98577,117606,116679,612119,1
150000,1,4,1,-2,-2,-2,-2,-2,-2,0,0,0,0,0,0,0,0,0,0,0,0,150000,150000,150000,150000,150000,150000,0,1
180000,3,2,1,-1,-1,-1,-1,-1,-1,113125,67864,31613,25220,8654,4837,1923,1501,1000,0,0,49347,66875,112136,148387,154780,171346,175163,197542,0
590000,2,2,1,-2,-2,-2,-1,-1,-1,0,0,0,1387,2206,3014,0,0,1387,1000,1000,1000,590000,590000,590000,588613,587794,586986,2220,1
260000,1,2,2,-1,-1,-1,-1,-1,-1,25661,30196,69429,167640,169446,172989,5000,40000,100000,5720,5922,5958,234339,229804,190571,92360,90554,87011,472761,0
90000,3,2,2,-1,-1,-1,-1,-1,-1,13865,5128,6911,8774,9622,9824,2054,6911,2000,1000,357,1000,76135,84872,83089,81226,80378,80176,40802,0
110000,2,2,1,-1,-1,-1,-1,-1,-1,20186,19678,18145,17729,17239,10231,1300,1500,1200,467,400,500,89814,90322,91855,92271,92761,99769,97841,0
140000,1,4,1,-1,-1,-1,-1,-1,-1,1756,2201,923,1751,573,873,2209,923,1751,573,873,984,138244,137799,139077,138249,139427,139127,764,0
210000,1,4,2,-1,-1,-1,-1,-1,-1,7631,5583,5583,5583,5583,5500,5583,5583,5583,5583,5500,5823,202369,204417,204417,204417,204417,204500,1808,0
80000,2,2,2,-2,-2,-2,-2,-2,-2,0,0,0,0,0,0,0,0,0,0,0,0,80000,80000,80000,80000,80000,80000,0,0
30000,3,2,2,1,2,-1,2,2,-1,8910,7438,6242,4789,3597,21234,22,6245,3,6,30006,1221,21090,22562,23758,25211,26403,8766,14707,0
120000,3,2,1,-1,-1,-1,-1,-1,-1,93623,95472,93778,86416,53501,51931,3440,5017,5000,2000,1500,42800,26377,24528,26222,33584,66499,68069,414964,0
20000,3,2,3,-1,-1,-1,2,2,2,7661,8981,10860,12380,11400,0,1457,2600,2000,0,0,0,12339,11019,9140,7620,8600,20000,45225,0
80000,3,4,3,-1,-1,-1,-1,-1,-1,50320,49816,49457,49071,48242,47746,1784,1898,1985,1629,1655,1687,29680,30184,30543,30929,31758,32254,284014,0
110000,2,4,2,-1,-1,-1,-1,-1,-1,22514,23201,23914,24886,24903,25102,1378,1723,1695,1028,1056,907,87486,86799,86086,85114,85097,84898,136733,0
240000,2,2,2,-1,-1,-1,-1,-1,-1,77126,59832,45054,39245,75742,39389,5005,2116,1200,75742,0,62282,162874,180168,194946,200755,164258,200611,190043,0
100000,2,2,3,-1,-1,-1,-1,-1,-1,5532,5325,5423,29628,13252,3723,5325,5423,29628,0,0,3513,94468,94675,94577,70372,86748,96277,18994,0
200000,2,4,2,-1,-1,-1,-1,-1,-1,150204,153189,156406,159650,163625,167790,5479,5682,5850,6625,6790,6235,49796,46811,43594,40350,36375,32210,914203,0
450000,1,4,2,-2,-2,-2,-2,-2,-2,1249,142,5965,991,-9,1974,142,6001,996,0,1983,7228,448751,449858,444035,449009,450009,448026,-6038,0
150000,2,4,2,-1,-1,-1,-1,-1,-1,49760,39332,17563,10122,11622,8622,2538,2000,2000,1500,1000,64411,100240,110668,132437,139878,138378,141378,63572,0
120000,2,2,2,-1,2,-1,-1,-1,-1,11277,5624,5333,5333,5333,21348,0,5333,5333,5333,21348,5333,108723,114376,114667,114667,114667,98652,11568,0
70000,2,4,1,2,-1,-1,-1,-1,-1,66087,67510,69007,61845,60184,66801,3120,3303,2800,2200,7600,0,3913,2490,993,8155,9816,3199,372411,1
190000,1,4,2,-1,-1,-1,-1,-1,-1,132946,136809,140664,144395,147642,151410,6000,6000,6000,5500,6000,5500,57054,53191,49336,45605,42358,38590,818866,0
50000,3,2,3,-1,-1,-1,-1,-1,-1,49212,42376,20009,20877,19642,18769,1611,1700,1547,785,1000,888,788,7624,29991,29123,30358,31231,163354,0
60000,3,2,3,1,2,-1,-1,-1,-1,39466,32202,29503,29538,29971,29798,0,1802,1737,1170,1189,1230,20534,27798,30497,30462,30029,30202,183350,0
90000,1,4,2,2,2,2,2,2,2,15979,17414,16846,20559,19933,21454,2000,0,4000,0,2000,0,74021,72586,73154,69441,70067,68546,104185,1
300000,2,2,2,-1,-1,-1,-1,-1,-1,62951,64491,65692,64969,67771,66428,4007,5000,5000,6000,6000,6000,237049,235509,234308,235031,232229,233572,360295,0
210000,3,2,2,-1,-1,-1,-1,-1,-1,1406,0,712,1025,4584,0,0,712,1000,4000,0,821,208594,210000,209288,208975,205416,210000,1194,0
50000,2,2,2,2,2,2,-1,-1,-1,46843,49378,48052,48573,28902,28205,4310,0,2033,1119,985,2000,3157,622,1948,1427,21098,21795,239506,0
350000,1,2,2,-1,-1,-1,-1,-1,-1,37129,107295,108299,103487,90880,84387,75000,30000,4000,4000,5000,5000,312871,242705,241701,246513,259120,265613,408477,0
30000,2,2,2,-1,-1,-1,-1,-1,-1,26253,27256,28472,29212,29400,30000,1444,1660,1400,588,600,0,3747,2744,1528,788,600,0,164901,0
280000,3,2,2,1,-2,-2,-2,-2,-2,0,0,0,0,0,0,0,0,0,0,0,0,280000,280000,280000,280000,280000,280000,0,0
380000,3,2,2,-1,-1,-1,-1,-1,-1,18341,16681,16678,16650,17380,17074,2000,3000,2000,2000,2000,2000,361659,363319,363322,363350,362620,362926,89804,0
360000,2,4,2,-2,-2,-2,-2,-2,-2,724,1232,291,776,0,312,1232,291,776,0,312,576,359276,358768,359709,359224,360000,359688,148,0
260000,2,2,2,1,1,-2,-2,-1,-1,5917,-15910,-15910,-15910,24090,13977,0,0,0,40000,507,656,254083,275910,275910,275910,235910,246023,-44909,0
160000,2,2,2,-1,-1,-1,-1,-1,-1,27720,14413,13484,6714,-319,3583,5000,5017,5000,0,6774,0,132280,145587,146516,153286,160319,156417,43804,0
250000,3,2,3,-2,-2,-2,-1,-1,-1,8443,13782,22997,24209,23122,4000,13829,22997,25071,23122,4000,28650,241557,236218,227003,225791,226878,246000,-21116,0
320000,1,4,1,-1,-1,-1,-1,-1,-1,19950,24544,31236,66091,5800,5800,5000,10000,36091,5800,0,464,300050,295456,288764,253909,314200,314200,96066,0
140000,2,4,2,-1,-1,-1,-1,-1,-1,137326,138119,137950,140254,139679,141748,6400,6600,6500,5100,5300,6000,2674,1881,2050,-254,321,-1748,799176,0
80000,3,2,2,-1,-1,-1,-1,-1,-1,58091,58247,59495,58832,57677,58066,2700,2800,2100,2181,2500,2300,21909,21753,20505,21168,22323,21934,335827,0
100000,1,2,3,2,2,2,2,2,2,63422,64785,63179,67467,65784,69309,3000,0,5346,0,4600,3000,36578,35215,36821,32533,34216,30691,378000,1
210000,4,2,3,-2,-2,-2,-2,-2,-2,1662,13877,7600,5546,1241,1801,13934,7735,5551,1241,1801,1359,208338,196123,202400,204454,208759,208199,106,0
200000,3,4,1,-1,-1,-1,-1,-1,-1,5555,7485,12555,882,882,0,7485,12625,882,0,0,0,194445,192515,187445,199118,199118,200000,6367,0
110000,3,2,2,-1,-1,-1,-1,-1,-1,104691,103655,85761,87336,39025,40242,5000,5000,4000,3700,2000,2000,5309,6345,24239,22664,70975,69758,439010,0
70000,1,2,2,1,2,2,-1,-1,2,18514,19913,19310,20021,22175,21680,2000,0,1339,2493,0,792,51486,50087,50690,49979,47825,48320,114989,1
240000,2,2,3,-1,-1,-1,-1,-2,-2,233438,240715,246000,-150,-150,-150,11250,10950,0,0,0,672,6562,-715,-6000,240150,240150,240150,696831,0
80000,2,2,2,-1,-1,-1,-1,-1,-1,70613,71421,72932,74422,75920,77490,2006,2100,2109,2131,2195,2458,9387,8579,7068,5578,4080,2510,429799,0
150000,3,4,3,-1,-1,-1,-1,-1,-1,132093,129831,126485,124547,117364,117368,5000,5000,5000,5000,5000,5000,17907,20169,23515,25453,32636,32632,717688,0
50000,2,4,3,-1,-1,-1,-1,-1,-1,46566,47792,49322,50618,13842,14217,2000,2300,2500,500,600,600,3434,2208,678,-618,36158,35783,213857,0
230000,2,2,2,-1,-1,-1,-1,-1,-1,53327,52513,43726,22738,29019,20328,1973,1890,1595,29019,567,506,176673,177487,186274,207262,200981,209672,186101,0
290000,1,2,3,-1,-1,-1,-1,-1,-1,1457,1799,5029,3103,1838,690,1808,5054,3109,9,693,3579,288543,288201,284971,286897,288162,289310,-336,0
350000,1,4,2,-2,-2,-2,-2,-2,-2,3272,6968,0,0,0,0,7008,0,0,0,0,0,346728,343032,350000,350000,350000,350000,3232,0
100000,3,4,2,-1,-1,-1,-1,-1,-1,86453,84526,82078,25991,28071,28611,5000,5000,1300,5000,6000,5000,13547,15474,17922,74009,71929,71389,308430,0
50000,3,2,3,-1,-1,-1,-1,-1,-2,48796,48797,49115,47991,0,0,2000,2000,1018,0,0,0,1204,1203,885,2009,50000,50000,189681,0
360000,2,2,3,-2,-2,-2,-2,-2,-2,0,0,0,0,0,0,0,0,0,0,0,0,360000,360000,360000,360000,360000,360000,0,0
210000,2,4,2,-1,-1,-1,-1,-1,-1,1026,3751,4366,5602,21034,1026,3751,4366,5602,21034,1026,1026,208974,206249,205634,204398,188966,208974,0,0
500000,2,2,2,-2,-2,-2,-2,-2,-2,1948,599,552,6360,0,6054,599,552,6360,0,6054,0,498052,499401,499448,493640,500000,493946,1948,0
290000,2,2,3,-1,-1,-1,-1,-1,-1,244377,244394,244535,244518,243689,241125,10000,10000,10000,9009,9031,9000,45623,45606,45465,45482,46311,48875,1405598,0
350000,3,2,2,-1,-1,2,-1,-1,-1,255751,275156,260963,261263,255566,254941,33010,0,11021,9200,8500,8300,94249,74844,89037,88737,94434,95059,1493609,0
190000,2,2,2,-2,-2,-2,-2,-2,-2,2125,3405,2131,2131,2131,0,3411,2131,2131,2131,0,5354,187875,186595,187869,187869,187869,190000,-3235,0
180000,1,4,2,-1,-1,-1,-1,-1,-1,108016,180959,169362,163957,138409,132864,150000,8000,5500,5000,5500,6000,71984,-959,10638,16043,41591,47136,713567,0
110000,2,2,2,-1,-1,-1,-1,-1,-1,6137,7040,3861,4869,4966,5070,1053,1073,1081,178,184,185,103863,102960,106139,105131,105034,104930,28189,1
200000,3,4,2,1,2,2,2,2,2,51979,51016,54736,55424,56101,57137,0,5000,2000,2000,1900,2200,148021,148984,145264,144576,143899,142863,313293,1
210000,2,2,3,-1,-1,-1,-1,-1,-1,10240,-660,117,4890,-356,4644,0,5000,5000,0,5000,1000,199760,210660,209883,205110,210356,205356,2875,0
100000,3,2,2,-1,-1,-1,-1,-1,-1,476,476,476,476,476,1075,476,476,476,476,1075,876,99524,99524,99524,99524,99524,98925,-400,0
130000,2,2,3,-1,-1,-1,-1,-1,-1,135390,134974,132242,122832,55232,78266,6329,5472,5701,2211,38663,2350,-5390,-4974,-2242,7168,74768,51734,598210,0
70000,3,4,2,-1,-1,-1,-1,-1,-1,70621,69821,68683,68771,55168,49674,2506,3500,2104,2015,2001,2102,-621,179,1317,1229,14832,20326,368510,0
100000,2,2,2,-1,-1,-1,-1,-1,-1,92189,88832,89762,77986,71031,66983,3252,3215,2792,1881,1945,2184,7811,11168,10238,22014,28969,33017,471514,0
150000,3,2,2,-2,-1,2,-1,-1,-1,600,660,330,330,330,740,660,0,330,330,740,0,149400,149340,149670,149670,149670,149260,930,0
160000,3,2,2,-1,-1,-1,-1,-1,-1,102358,103698,1048,1048,1048,1221,4671,1048,1048,1048,1221,1048,57642,56302,158952,158952,158952,158779,200337,0
30000,3,2,3,1,-1,-1,-2,-2,-2,-100,100,0,0,0,0,200,0,0,0,0,0,30100,29900,30000,30000,30000,30000,-200,0
80000,2,2,2,-1,-1,-1,-1,-1,-1,816,1419,1845,1799,599,-1,1423,1856,1804,600,0,0,79184,78581,78155,78201,79401,80001,794,0
200000,2,2,3,-2,-2,-2,-2,-2,-2,7096,1323,8457,48757,4200,7312,1336,8457,48757,4200,7312,21740,192904,198677,191543,151243,195800,192688,-14657,0
180000,3,2,3,2,2,2,2,-1,-1,96093,100094,101204,98680,100644,102750,6500,3582,0,3605,3731,3752,83907,79906,78796,81320,79356,77250,578295,1
180000,2,2,2,-1,-1,-1,-1,-1,-1,47517,26137,18177,16866,15067,7615,1526,3006,5020,5000,2000,935,132483,153863,161823,163134,164933,172385,113892,0
170000,2,2,2,-1,-1,-1,-1,-1,-1,144606,136269,139337,141018,119039,88833,5007,7004,7008,5005,4009,3807,25394,33731,30663,28982,50961,81167,737262,0
50000,1,4,2,-1,-1,-1,-1,-1,-1,4309,10834,15251,12159,9581,15222,7000,8000,9400,1000,6000,3000,45691,39166,34749,37841,40419,34778,32956,0
160000,3,2,3,-1,-1,-1,-1,-1,-1,93287,91031,89764,87919,86279,84794,3230,3500,3000,2956,3100,3400,66713,68969,70236,72081,73721,75206,513888,0
160000,2,2,3,-2,-2,-2,-2,-2,-2,390,390,390,390,390,390,390,780,390,390,390,390,159610,159610,159610,159610,159610,159610,-390,1
20000,1,4,1,-1,-1,-1,-1,-1,-1,18390,19760,18570,17604,11973,9517,2000,1376,1383,1000,455,1500,1610,240,1430,2396,8027,10483,88100,0
70000,2,2,1,-1,-1,-1,-1,-1,-1,33602,41574,30777,30155,14298,1579,10096,3000,1005,2000,1579,2882,36398,28426,39223,39845,55702,68421,131423,0
240000,2,4,2,-2,-2,-2,-2,-2,-2,34752,30073,24315,3724,28347,11280,30073,24315,3724,28347,11280,31266,205248,209927,215685,236276,211653,228720,3486,0
300000,2,2,3,-1,-1,-1,-1,-1,-1,343205,335000,322462,312973,262255,251413,12429,11254,10956,8587,8638,9284,-43205,-35000,-22462,-12973,37745,48587,1766160,0
420000,2,2,2,-2,-2,-2,-2,-2,-2,4904,5248,5344,5058,2019,2443,5332,5348,5065,2019,2443,4697,415096,414752,414656,414942,417981,417557,112,0
200000,3,2,3,1,2,-1,-1,-1,-1,119432,116014,119576,123551,129486,133262,0,5000,5000,7000,5000,5000,80568,83986,80424,76449,70514,66738,714321,1
50000,2,2,3,-1,-1,-1,-1,-1,-1,27121,53680,20476,21781,17792,16657,2000,1700,2000,1000,702,600,22879,-3680,29524,28219,32208,33343,149505,0
50000,2,2,2,-1,-1,-1,-1,-1,-1,20606,18750,0,31288,27335,30626,2000,0,95000,1000,3700,16,29394,31250,50000,18712,22665,19374,26889,0
200000,1,2,2,-2,-2,-2,-2,-2,-2,2571,2772,2571,2571,2571,2571,2772,2571,2571,2571,2571,2571,197429,197228,197429,197429,197429,197429,0,0
200000,1,4,2,-1,-1,-1,-1,-1,-1,118532,121068,119122,121402,115419,116749,6000,4500,4300,6000,4400,4500,81468,78932,80878,78598,84581,83251,682592,0
380000,2,2,2,1,1,2,2,2,2,363944,385726,368318,354443,354765,354579,29540,74,14301,13000,12800,12800,16056,-5726,11682,25557,25235,25421,2099260,0
50000,1,4,1,-1,-1,-1,-1,-1,-1,17626,16789,12946,20650,20650,2529,1547,8000,8000,20650,2529,0,32374,33211,37054,29350,29350,47471,50464,0
50000,1,4,1,-1,-1,-1,-1,-1,-1,1460,1625,3505,12931,2972,1589,1625,3556,14010,3000,0,691,48540,48375,46495,37069,47028,48411,1200,0
500000,2,4,2,-2,-2,-2,-2,-2,-2,35757,22370,7303,19436,45604,25996,22372,7364,19445,45604,25996,4420,464243,477630,492697,480564,454396,474004,31265,0
300000,2,2,3,-1,-1,-2,-2,-2,-2,2470,0,0,0,0,0,0,0,0,0,0,0,297530,300000,300000,300000,300000,300000,2470,0
170000,2,4,2,-1,-1,-1,-1,-1,-1,10928,8400,5654,6285,4417,740,6151,4110,6920,6637,0,16744,159072,161600,164346,163715,165583,169260,-4138,1
20000,2,2,3,3,2,2,2,3,5,11698,13189,14663,16109,19525,18646,2000,2000,2000,4000,0,1000,8302,6811,5337,3891,475,1354,82830,1
20000,2,2,3,-1,-1,-1,-1,-1,-1,1475,1291,3898,1681,901,0,1291,3898,1681,901,0,0,18525,18709,16102,18319,19099,20000,1475,0
280000,2,4,2,-1,-1,-1,-1,-1,-1,183797,168402,161474,152092,145229,148602,6083,5913,5293,5126,5640,5119,96203,111598,118526,127908,134771,131398,926422,0
80000,2,4,1,-1,-1,-1,-1,-1,-1,858,1468,1724,2884,2994,28788,1000,1036,1196,306,26045,1513,79142,78532,78276,77116,77006,51212,7620,0
20000,2,4,1,-1,-1,-1,2,-1,-1,17372,17859,20567,19928,18711,19408,1500,3000,0,1000,1000,1500,2628,2141,-567,72,1289,592,105845,0
70000,1,4,1,-1,-1,-1,-1,-1,-1,110176,56378,57572,58130,59289,61331,2700,2700,2110,2125,3000,2300,-40176,13622,12428,11870,10711,8669,387941,0
30000,2,2,1,2,2,2,2,2,2,23888,26966,27640,26897,27949,29645,3800,1400,0,1500,2300,1114,6112,3034,2360,3103,2051,355,152871,1
170000,2,4,2,-1,-1,-1,-1,-1,-1,117527,120998,120582,112819,113932,107776,5837,4278,4021,3828,3843,3879,52473,49002,49418,57181,56068,62224,667948,0
320000,2,4,2,-1,-1,-1,-1,-1,-1,97541,99815,103701,106195,106946,109228,3900,5500,5700,4000,4000,4000,222459,220185,216299,213805,213054,210772,596326,0
210000,1,4,2,-2,-2,-2,-2,-2,-2,0,0,0,0,0,0,0,0,0,0,0,0,210000,210000,210000,210000,210000,210000,0,0
310000,2,4,2,-1,-1,-1,-1,-1,-1,14015,15377,16393,14855,12662,9628,2000,1300,1461,1000,2000,2000,295985,294623,293607,295145,297338,300372,73169,0
230000,1,4,1,1,-1,-1,-1,-1,-1,0,162,1129,1130,1130,1130,162,1140,1130,0,0,0,230000,229838,228871,228870,228870,228870,2249,0
90000,2,2,2,2,2,-1,-1,-1,-1,90089,91196,89779,89214,88847,88724,3500,4400,5013,4000,4000,4000,-89,-1196,221,786,1153,1276,512936,1
200000,1,4,2,-2,-2,-2,-2,-2,-2,6024,2180,2750,0,1060,2000,2180,2750,0,1060,2000,1060,193976,197820,197250,200000,198940,198000,4964,0
150000,2,4,2,3,3,4,4,5,5,103389,108189,112968,117613,122161,129616,8000,8000,8000,8000,10000,5000,46611,41811,37032,32387,27839,20384,646936,0
60000,1,4,1,-1,-1,-1,-1,-1,-1,23690,22413,17399,16553,14259,14134,1283,1584,1217,496,662,489,36310,37587,42601,43447,45741,45866,102717,0
50000,2,4,2,-1,-1,-1,-1,-1,-1,1496,35007,32672,34087,37114,45043,35007,2000,2000,5000,10000,2000,48504,14993,17328,15913,12886,4957,129412,0
200000,1,4,3,-1,-1,-1,-1,-1,-1,132563,135202,137111,137121,139343,141859,4841,5047,4922,4926,5105,5500,67437,64798,62889,62879,60657,58141,792858,0
220000,2,2,2,-1,-1,-1,-1,-1,-1,41259,37465,39494,16842,0,8419,2000,3000,1160,1000,0,1000,178741,182535,180506,203158,220000,211581,135319,0
300000,3,2,2,-2,-2,-2,-2,-2,-2,-75,29014,21180,-20,-20,4045,29089,21286,0,0,4065,0,300075,270986,278820,300020,300020,295955,-316,0
30000,2,2,3,2,2,2,-1,-1,-1,25893,30628,29368,27769,25999,26924,5501,22,2000,1000,2000,2039,4107,-628,632,2231,4001,3076,154019,1
330000,4,2,2,-1,-1,-1,-1,-1,-1,18768,3736,119340,134194,76865,78760,3744,119356,20062,10189,30032,4005,311232,326264,210660,195806,253135,251240,244275,0
280000,1,2,3,-1,-1,-1,-1,-1,-1,172886,175152,172505,175967,178548,176939,6232,12104,7002,6302,6417,6502,107114,104848,107495,104033,101452,103061,1007438,0
330000,1,4,2,-2,-2,-2,-2,-2,-2,0,0,0,0,0,0,0,0,0,0,0,0,330000,330000,330000,330000,330000,330000,0,1
390000,3,4,3,-1,-1,-1,-1,-1,-1,94373,2230,609,-3261,36635,38396,2230,609,0,40396,3000,105100,295627,387770,389391,393261,353365,351604,17647,0
200000,2,2,2,-1,-1,-1,-1,-1,-1,788,165,1520,413,150,150,165,1520,413,300,0,1638,199212,199835,198480,199587,199850,199850,-850,0
20000,3,4,3,-1,-1,-1,-1,-1,-1,12670,13682,14399,15408,15728,17082,1520,1234,1243,563,1609,1500,7330,6318,5601,4592,4272,2918,81300,0
140000,2,2,2,-1,-1,-1,-1,-1,-1,52825,52711,50440,47945,17990,15735,3000,5007,10000,5011,5000,10000,87175,87289,89560,92055,122010,124265,199628,0
30000,1,2,2,-1,-1,-1,-2,-2,-2,3684,2911,5831,2083,2903,3874,2911,5842,2088,2903,3874,3201,26316,27089,24169,27917,27097,26126,467,0
210000,2,2,3,1,-2,-2,-2,-2,-2,0,0,0,0,0,0,0,0,0,0,0,0,210000,210000,210000,210000,210000,210000,0,0
100000,3,2,3,-2,-2,-2,-2,-2,-2,1010,0,0,0,0,2947,0,0,0,0,2947,4193,98990,100000,100000,100000,100000,97053,-3183,0
50000,2,2,2,-1,-1,-1,-1,-1,-1,1121,-13,2254,1338,0,757,0,2267,1338,0,757,0,48879,50013,47746,48662,50000,49243,1095,0
30000,3,4,3,-1,-1,-1,-1,-1,-1,26012,27175,27822,28481,28265,28852,2000,1577,1626,800,814,629,3988,2825,2178,1519,1735,1148,159161,1
30000,4,4,3,2,-1,-1,-1,-1,-1,29278,30488,30900,30480,31124,29333,2000,1600,1500,1100,1053,1320,722,-488,-900,-480,-1124,667,173030,1
150000,1,4,2,1,-2,-1,-1,-1,-2,0,0,689,2943,-6159,-6159,0,689,2943,0,0,16007,150000,150000,149311,147057,156159,156159,-28325,0
180000,1,4,2,-2,-2,-2,-2,-2,-2,11732,6653,-6674,18084,16481,19359,6653,330,36550,16481,21264,16253,168268,173347,186674,161916,163519,160641,-31896,0
230000,2,2,3,1,-2,-2,-2,-2,-1,0,0,0,0,0,6946,0,0,0,0,6946,0,230000,230000,230000,230000,230000,223054,0,0
220000,1,4,2,-2,-2,-2,-2,-2,-2,122,104,2635,2460,859,2784,104,2653,2472,859,2784,2287,219878,219896,217365,217540,219141,217216,-2195,0
200000,1,4,2,-2,-2,-2,-2,-2,-2,5956,7690,1530,3107,1683,5784,10402,1530,4000,1683,6031,4512,194044,192310,198470,196893,198317,194216,-2408,0
80000,2,2,2,-2,-2,-2,-2,-2,-2,17087,1617,8140,7258,20171,5483,1617,8179,7285,20171,5483,42081,62913,78383,71860,72742,59829,74517,-25060,0
380000,3,2,3,-1,-1,-1,-1,-1,-1,7234,4772,4519,3818,4096,4058,1500,2000,2023,4102,4448,7274,372766,375228,375481,376182,375904,375942,7150,0
30000,2,2,3,2,-1,-1,-1,-1,2,9985,10688,11710,13030,13776,13415,1176,1198,1518,1264,0,1308,20015,19312,18290,16970,16224,16585,66140,1
160000,2,2,3,-1,-1,-1,-1,-1,-1,8091,5344,5117,4730,6634,3477,5344,5124,4730,6635,3477,2979,151909,154656,154883,155270,153366,156523,5104,0
60000,2,2,3,-1,-1,-1,2,-1,2,27970,28004,31688,30448,452,302,1456,4140,0,904,0,12985,32030,31996,28312,29552,59548,59698,99379,1
100000,3,2,3,-1,2,2,-2,-2,-2,7689,2052,1281,3770,2056,5628,0,1281,3786,2056,5634,6013,92311,97948,98719,96230,97944,94372,3706,0
150000,2,2,2,-2,-1,-1,-2,-2,-1,0,1771,0,730,626,2718,1771,0,730,626,2718,0,150000,148229,150000,149270,149374,147282,0,0
100000,2,2,2,2,2,2,2,-1,-1,36414,37516,38622,37706,38148,40630,2000,2000,0,1369,3100,0,63586,62484,61378,62294,61852,59370,220567,0
30000,2,4,3,-2,-2,-2,-2,-2,-2,0,1330,2988,0,30000,0,1330,2988,0,30000,0,1219,30000,28670,27012,30000,0,30000,-1219,0
220000,1,2,2,1,2,-1,2,-1,3,4086,3855,3055,1375,3338,3032,0,4000,0,3338,0,0,215914,216145,216945,218625,216662,216968,11403,1
220000,1,4,2,-1,2,2,2,2,2,2650,2650,150,150,150,150,0,0,0,0,0,0,217350,217350,219850,219850,219850,219850,5900,0
400000,2,4,2,-2,-2,-2,-2,-2,-2,-38,9465,4991,466,-1381,3122,10446,5002,504,499,5056,2152,400038,390535,395009,399534,401381,396878,-7034,1
680000,1,4,2,-1,-1,-1,-1,-1,-1,39639,-45,10251,25094,7327,167520,0,10296,25219,7341,163123,7267,640361,680045,669749,654906,672673,512480,36540,1
280000,1,4,2,-1,-1,-1,-1,-1,-1,36269,39229,48190,48758,49219,58412,10300,10018,10026,5000,10000,2401,243731,240771,231810,231242,230781,221588,232332,0
70000,2,2,3,-1,-1,-1,-1,-1,-1,34135,27683,28311,24094,21317,9736,2020,5000,3011,1500,1000,1000,35865,42317,41689,45906,48683,60264,131745,0
300000,2,2,2,-1,-1,-1,-1,-1,-1,6192,4784,6462,456,-2056,5251,4790,6462,456,0,14447,9196,293808,295216,293538,299544,302056,294749,-14262,1
250000,2,4,3,-1,-1,-1,-1,-1,-1,312,-18,3600,-10,2022,3809,0,3618,0,2032,3827,3710,249688,250018,246400,250010,247978,246191,-3472,0
200000,1,4,2,-1,-1,-2,-2,-2,-2,1570,0,0,0,0,0,0,0,0,0,0,0,198430,200000,200000,200000,200000,200000,1570,0
450000,1,4,2,-1,-1,-1,-1,-1,-1,12818,17522,35727,82517,91873,41628,17577,35758,90018,41340,20000,15000,437182,432478,414273,367483,358127,408372,62392,0
30000,1,4,2,3,2,2,2,-1,-1,21167,20529,24191,23510,24813,25264,0,4000,0,2000,1000,2000,8833,9471,5809,6490,5187,4736,130474,1
210000,2,4,1,-1,-1,-1,-1,-1,-1,1778,224,2018,0,1118,1858,226,2031,0,1118,1858,620,208222,209776,207982,210000,208882,208142,1143,0
250000,1,4,1,2,2,2,2,2,2,124780,127168,125721,122209,126129,127847,5900,4500,0,5954,3900,4826,125220,122832,124279,127791,123871,122153,728774,1
70000,2,4,2,-1,-1,-1,-1,-1,-1,64888,64454,103298,50978,51374,52453,2127,2151,2500,1836,1904,1915,5112,5546,-33298,19022,18626,17547,375012,0
230000,1,4,2,1,-2,-1,-1,-2,-1,-9,-9,986,0,0,900,0,995,0,0,900,0,230009,230009,229014,230000,230000,229100,-27,0
150000,2,2,2,-2,-2,-2,-2,-2,-2,0,0,0,283,0,0,0,0,283,0,0,0,150000,150000,150000,149717,150000,150000,0,0
70000,3,2,3,1,2,2,2,2,2,29386,31596,32492,33163,32334,34647,3000,1700,1500,0,3000,1402,40614,38404,37508,36837,37666,35353,183016,0
150000,2,2,2,-1,-1,-1,-1,-1,-1,102007,93116,84302,74986,67369,60434,5000,5045,2563,3006,3000,2218,47993,56884,65698,75014,82631,89566,461382,1
200000,2,2,2,-1,-1,-1,-1,-1,-1,313,0,313,152,148,498,0,313,152,148,498,148,199687,200000,199687,199848,199852,199502,165,0
200000,4,4,3,-1,-1,-1,-2,-1,-1,5433,7328,0,0,2621,-72,2000,0,0,2621,0,0,194567,192672,200000,200000,197379,200072,10689,0
300000,3,2,3,-1,-1,-2,-2,-1,-1,885,0,0,0,494,0,0,0,0,494,0,138,299115,300000,300000,300000,299506,300000,747,0
80000,3,2,2,-1,-1,-1,-1,-1,-1,2921,390,6837,7309,2568,2199,780,6837,1000,2568,2199,4067,77079,79610,73163,72691,77432,77801,4773,1
30000,2,4,3,5,4,3,2,-1,-1,31273,30499,29740,28736,28336,28336,0,0,0,0,0,18,-1273,-499,260,1264,1664,1664,176902,1
100000,2,2,3,-1,-1,-1,-1,-1,-1,89236,90828,83479,73749,68512,72518,3162,3523,3025,2344,5000,3000,10764,9172,16521,26251,31488,27482,458268,0
360000,1,4,2,-1,-1,-1,-1,-1,-1,290543,118479,112746,102611,92290,51489,7288,6079,6091,6227,5055,27486,69457,241521,247254,257389,267710,308511,709932,0
150000,2,4,2,-1,-1,-1,-1,-1,-1,32428,32136,28151,27697,18981,6155,2000,1650,1500,1004,500,1000,117572,117864,121849,122303,131019,143845,137894,0
180000,1,4,2,1,-2,-2,-1,-1,-2,-10,-10,-10,5650,-10,-10,0,0,5660,0,0,0,180010,180010,180010,174350,180010,180010,-60,0
210000,1,2,2,-2,-2,-2,-2,-2,-2,1345,6087,947,500,1283,500,6087,947,500,1283,500,500,208655,203913,209053,209500,208717,209500,845,0
110000,3,2,3,-1,-1,-1,-1,-1,-1,101316,104930,106053,108641,48519,33448,5300,4300,4800,2500,2000,2000,8684,5070,3947,1359,61481,76552,482007,0
80000,2,2,3,-1,-1,-1,-1,-1,-1,2727,1679,566,61664,58281,58281,1679,566,61664,0,0,4480,77273,78321,79434,18336,21719,21719,114809,0
50000,2,4,2,-1,-1,3,2,-1,2,263,1209,946,576,18611,17721,1209,0,0,18611,0,920,49737,48791,49054,49424,31389,32279,18586,0
150000,2,2,2,-2,-2,-2,-2,-2,-2,0,0,0,3564,0,0,0,0,3564,0,0,0,150000,150000,150000,146436,150000,150000,0,0
260000,1,4,3,-2,-2,-2,-2,-2,-2,0,0,0,0,0,0,0,0,0,0,0,0,260000,260000,260000,260000,260000,260000,0,0
200000,1,4,2,-2,-2,-2,-2,-2,-2,6421,846,4292,0,0,0,1064,4974,0,0,0,0,193579,199154,195708,200000,200000,200000,5521,0
230000,2,4,1,-1,-1,-1,-1,-1,-1,2624,1149,2140,3313,3750,2491,1149,2140,3313,3750,2491,9785,227376,228851,227860,226687,226250,227509,-7161,0
70000,1,2,2,-1,-1,-1,-1,-1,-1,70178,71312,71314,71595,70040,68927,2900,2766,3648,2700,2487,2600,-178,-1312,-1314,-1595,-40,1073,406265,1
70000,1,4,2,2,-1,-1,-1,-1,-1,34640,35757,37175,38254,39017,39834,2000,2000,1700,1400,1446,1500,35360,34243,32825,31746,30983,30166,214631,1
160000,2,4,2,-1,-1,-1,-1,-1,-1,2812,3826,4751,6604,8604,7072,1222,1147,2000,2000,0,766,157188,156174,155249,153396,151396,152928,26534,1
200000,3,4,2,-1,-1,-1,-1,-1,-1,195380,199642,188169,191549,195163,194101,7632,6839,6518,6356,6441,6763,4620,358,11831,8451,4837,5899,1123455,0
270000,2,4,2,-1,-1,-1,-1,-2,-2,1636,37,2845,-1000,-1000,-1000,37,3000,1000,0,0,0,268364,269963,267155,271000,271000,271000,-2519,0
100000,2,2,2,-1,-1,-1,-1,-1,-1,97026,96109,97647,91998,69915,72044,5000,5000,3500,3000,3000,5049,2974,3891,2353,8002,30085,27956,500190,0
410000,1,2,3,-1,-1,-1,2,-1,-1,12327,2306,4054,3830,3160,49828,2324,4204,0,3160,49828,1647,397673,407694,405946,406170,406840,360172,14342,0
160000,2,2,2,-1,-1,-1,-1,-1,-1,1655,4271,3711,2121,2275,2895,4271,3711,2121,2275,2895,8429,158345,155729,156289,157879,157725,157105,-6774,0
120000,2,4,2,-2,-2,-2,-2,-2,-2,326,3756,326,326,326,476,3756,652,326,326,476,326,119674,116244,119674,119674,119674,119524,-326,1
50000,2,2,2,-1,-1,-1,-1,-1,-1,12246,11901,11631,11035,1335,90,1196,1261,1000,1335,90,1335,37754,38099,38369,38965,48665,49910,42021,0
450000,1,2,2,-2,-2,-2,-2,-2,-2,0,0,0,0,0,0,0,0,0,0,0,0,450000,450000,450000,450000,450000,450000,0,0
200000,2,4,2,-1,-1,-1,-1,-1,-1,193083,195259,196120,168814,163509,172037,9000,8993,7503,6000,11300,6103,6917,4741,3880,31186,36491,27963,1039923,0
360000,2,4,3,-1,-1,-1,-1,-1,-1,3640,1436,1114,1917,19588,16666,1436,1114,1917,19588,16666,707,356360,358564,358886,358083,340412,343334,2933,0
340000,2,2,3,-1,-1,-1,-1,-1,-1,40681,43171,45465,46708,49912,52102,3171,3000,2000,4000,3000,2100,299319,296829,294535,293292,290088,287898,260768,0
300000,3,2,3,-2,-2,-2,-2,-2,-2,0,0,0,0,0,0,0,0,0,0,0,0,300000,300000,300000,300000,300000,300000,0,1
220000,3,4,3,-1,-1,-1,-1,-1,-1,220091,203554,207953,156699,157883,161208,7797,8201,7302,5437,5651,5683,-91,16446,12047,63301,62117,58792,1067317,0
370000,1,4,2,-1,-1,-1,-1,-1,-1,308011,302783,297700,298224,338565,288924,10404,10015,16502,60003,15008,20000,61989,67217,72300,71776,31435,81076,1702275,0
170000,2,2,2,-1,-1,-1,2,-1,-1,2947,4132,3967,592,864,1738,4134,3967,0,864,1738,1788,167053,165868,166033,169408,169136,168262,1749,0
500000,2,4,2,-1,-1,-1,-1,-1,-1,491395,464318,477183,496400,505473,474459,25799,35530,31376,70000,17670,20000,8605,35682,22817,3600,-5473,25541,2708853,0
100000,1,2,2,2,-1,-1,-1,-2,-2,94796,51713,25272,0,0,0,2624,1000,0,0,0,0,5204,48287,74728,100000,100000,100000,168157,0
110000,1,4,2,-1,-1,-2,-2,-2,-2,223,0,0,0,0,0,0,0,0,0,0,0,109777,110000,110000,110000,110000,110000,223,0
230000,1,2,2,-1,-1,-1,2,-1,-1,23526,12187,3239,3029,3029,800,7005,3239,0,0,0,0,206474,217813,226761,226971,226971,229200,35566,0
230000,1,4,2,-1,-1,-1,-1,-1,-1,33109,29830,11750,5194,15450,9368,5000,5000,15897,12000,9368,6000,196891,200170,218250,224806,214550,220632,51436,0
150000,2,2,2,-1,-1,-1,-1,-1,-1,25849,26852,27882,28894,29313,29924,1735,1765,1777,1196,1233,1238,124151,123148,122118,121106,120687,120076,159770,0
210000,1,2,2,-1,-1,-1,-1,-1,-1,7544,5525,6876,2692,5560,2866,5255,7067,2696,5560,2866,8680,202456,204475,203124,207308,204440,207134,-1061,0
100000,3,2,2,-1,-1,2,-1,-1,-1,24002,22329,2781,32231,2781,21651,2781,0,32231,0,21651,26748,75998,77671,97219,67769,97219,78349,22364,0
230000,1,2,3,-1,-1,-1,-1,-1,-1,147396,151030,145550,135626,103789,108348,10000,7000,5065,5000,10000,5000,82604,78970,84450,94374,126211,121652,749674,0
360000,1,4,2,-2,-2,-2,-2,-2,-2,0,0,0,0,0,0,0,0,0,0,0,0,360000,360000,360000,360000,360000,360000,0,1
360000,2,2,2,-1,-1,-1,-1,-1,-1,80540,83715,70881,53344,47058,8674,3933,2001,1318,1134,216,0,279460,276285,289119,306656,312942,351326,335610,0
200000,1,4,2,1,-2,-2,-2,-2,-2,-2113,-2113,-2113,-2113,-2113,-2113,0,0,0,0,0,423,202113,202113,202113,202113,202113,202113,-13101,1
200000,1,2,2,-2,-1,-1,-2,-2,-1,16024,18168,10274,4726,4484,4745,18184,10274,4726,4490,4745,1283,183976,181832,189726,195274,195516,195255,14719,0
150000,2,4,2,-1,-1,-1,-1,-1,-1,508,1155,1868,874,1735,1940,1166,1873,876,1741,2245,0,149492,148845,148132,149126,148265,148060,179,0
110000,1,2,3,3,2,2,7,7,7,150,150,150,150,150,150,0,0,0,0,0,0,109850,109850,109850,109850,109850,109850,900,0
320000,2,2,2,-2,-2,-2,-2,-2,-2,0,0,0,111,0,288,0,0,111,0,288,1200,320000,320000,320000,319889,320000,319712,-1200,0
50000,3,2,3,2,2,2,2,2,2,19178,20088,19499,21578,20940,22605,1500,0,2385,0,2000,0,30822,29912,30501,28422,29060,27395,118003,1
160000,2,4,2,-1,-1,-1,-1,-1,-1,32930,20090,49448,38415,59138,77579,14000,40015,1625,32044,27248,3650,127070,139910,110552,121585,100862,82421,159018,0
80000,2,2,3,-1,-1,-1,-1,-1,-1,43045,43024,9821,600,53900,55000,1301,5098,600,53900,1100,10000,36955,36976,70179,79400,26100,25000,133391,1
100000,2,2,2,-1,-1,-1,-1,-2,-2,28428,29753,30900,0,0,0,1800,1900,0,0,0,0,71572,70247,69100,100000,100000,100000,85381,0
150000,2,2,2,-1,-1,-1,-1,-1,-1,289463,296846,301634,314201,84135,90500,8245,7143,13700,15000,7500,0,-139463,-146846,-151634,-164201,65865,59500,1325191,0
60000,2,2,2,7,6,5,4,3,2,126220,76247,72225,67850,63073,61761,0,880,528,0,0,2380,-66220,-16247,-12225,-7850,-3073,-1761,463588,0
200000,1,4,2,-2,-2,-2,-2,-2,-2,345,355,0,0,907,0,355,0,0,907,0,0,199655,199645,200000,200000,199093,200000,345,0
160000,3,2,2,-2,-2,-2,-2,-2,-2,5207,207,207,207,207,207,207,207,207,207,207,207,154793,159793,159793,159793,159793,159793,5000,0
230000,2,2,2,-1,-1,-1,-1,-1,-1,4549,0,24962,34372,32630,33334,0,24962,10000,943,1000,1058,225451,230000,205038,195628,197370,196666,91884,0
230000,2,2,3,1,-2,-1,-1,-1,-1,0,0,3504,4272,2977,1900,0,3504,4272,2977,1900,0,230000,230000,226496,225728,227023,228100,0,0
90000,3,2,2,1,-2,-2,-1,-1,-1,0,0,0,873,873,0,0,0,873,0,0,0,90000,90000,90000,89127,89127,90000,873,0
140000,3,2,3,2,-1,-1,-1,2,2,30755,31757,32808,35342,35965,36741,1815,1866,3400,1500,1500,1484,109245,108243,107192,104658,104035,103259,191803,1
30000,3,4,3,-1,-1,-1,-1,-1,2,24217,24216,25254,27099,30297,28817,2000,3000,3000,5000,0,1500,5783,5784,4746,2901,-297,1183,145400,0
320000,1,2,3,-1,-1,-1,-1,-1,-1,59807,68080,67745,91798,90936,92588,10000,4200,30000,7,3000,0,260193,251920,252255,228202,229064,227412,423747,0
20000,3,2,2,-1,-1,-1,-1,-1,-1,17008,17922,18421,7032,0,1000,1501,1000,7200,0,1000,2017,2992,2078,1579,12968,20000,19000,48665,0
50000,3,4,2,-1,-1,-1,-1,-1,-1,3123,1326,2866,4406,2821,1854,1326,2866,4406,2821,1854,1688,46877,48674,47134,45594,47179,48146,1435,0
30000,3,2,2,-1,-1,-1,-1,-1,-1,24505,25592,26628,27678,28084,30068,1800,1750,1800,1165,2600,1200,5495,4408,3372,2322,1916,-68,152240,0
160000,3,4,2,-1,-1,-1,-1,-1,-1,27204,897,1066,1760,880,5510,897,1066,1760,0,5510,0,132796,159103,158934,158240,159120,154490,28084,0
280000,2,2,3,-1,-1,-1,-1,-1,-1,79536,31251,37071,16757,9509,10861,31280,26757,5076,9539,10861,56137,200464,248749,242929,263243,270491,269139,45335,0
390000,2,4,2,-1,-1,-1,-1,-1,-1,42286,30038,27402,28352,28066,28215,2389,2414,2378,892,925,938,347714,359962,362598,361648,361934,361785,174423,0
100000,3,2,3,-1,-1,-1,-1,-1,-1,41803,73882,75609,77265,78973,81665,33882,4000,4000,4000,5000,5900,58197,26118,24391,22735,21027,18335,372415,1
200000,4,4,3,-1,-1,-2,-2,-2,-2,198540,0,0,0,0,0,0,0,0,0,0,0,1460,200000,200000,200000,200000,200000,198540,0
110000,3,2,3,-1,-1,-1,-1,-1,-1,48796,49371,19413,20204,16627,14980,2350,1392,1183,511,1151,482,61204,60629,90587,89796,93373,95020,162322,0
50000,2,2,3,-1,-1,-1,-1,-1,-1,48875,50103,46641,31459,28901,29523,2080,1690,1458,1100,1076,1094,1125,-103,3359,18541,21099,20477,227004,0
100000,2,2,3,-1,-1,-1,-1,-1,-1,111925,107224,107126,101859,79519,74368,4000,7000,3533,2673,3500,4303,-11925,-7224,-7126,-1859,20481,25632,557012,0
200000,3,6,2,1,-2,-2,-2,-2,-2,0,0,0,0,0,0,0,0,0,0,0,0,200000,200000,200000,200000,200000,200000,0,0
250000,1,2,2,2,-1,-1,2,-1,-1,138380,141223,156858,151841,152803,155997,5136,17994,0,5469,5656,6811,111620,108777,93142,98159,97197,94003,856036,0
20000,3,2,3,2,2,2,2,2,2,13836,14805,15865,16062,15509,16558,1500,1595,750,0,1452,0,6164,5195,4135,3938,4491,3442,87338,1
260000,2,2,2,-2,-2,-2,-2,-2,-2,3439,10034,256,274,388,766,10127,258,274,388,766,1185,256561,249966,259744,259726,259612,259234,2159,0
20000,3,2,2,1,2,-1,-1,-1,-1,15043,14509,19092,19113,19483,14523,0,5166,2963,833,812,0,4957,5491,908,887,517,5477,91989,1
320000,2,2,3,1,-2,-2,-2,-2,-2,0,0,0,0,0,0,0,0,0,0,0,0,320000,320000,320000,320000,320000,320000,0,0
30000,1,2,2,-1,-1,-1,-1,-1,-1,7979,8301,9156,8983,8141,6422,1149,1191,1079,239,209,206,22021,21699,20844,21017,21859,23578,44909,0
50000,2,4,3,-1,-1,-1,-1,-1,-1,39859,38781,26823,26799,26536,27093,1501,2003,1420,937,972,1007,10141,11219,23177,23201,23464,22907,178051,0
80000,2,4,2,2,-1,-1,-2,-2,-2,19671,20650,0,0,0,0,1700,0,0,0,0,0,60329,59350,80000,80000,80000,80000,38621,1
120000,2,2,3,1,2,3,2,3,2,57816,62139,60584,63871,62251,63443,5900,0,4900,0,2500,2500,62184,57861,59416,56129,57749,56557,354304,1
290000,2,2,3,-1,-1,-1,-1,-1,-1,37246,36927,39769,35058,36965,38863,3000,3500,2500,2500,2500,2000,252754,253073,250231,254942,253035,251137,208828,0
50000,2,2,3,-1,-1,-1,-1,-1,-2,30530,41460,21897,23404,0,0,2000,2000,2000,0,0,0,19470,8540,28103,26596,50000,50000,111291,0
30000,3,2,2,-1,-1,-1,2,-1,-1,21173,22513,23826,20613,21269,22761,2000,2000,1000,1000,2000,2000,8827,7487,6174,9387,8731,7239,122155,1
580000,2,4,2,-1,-1,-1,-1,-1,-1,18812,15408,20629,10682,6788,10413,2000,10053,8017,6788,10413,10519,561188,564592,559371,569318,573212,569587,34942,0
270000,1,2,3,-1,-1,-1,-1,-1,-1,1278,-4,3564,1280,1898,0,0,3568,1280,1898,0,2605,268722,270004,266436,268720,268102,270000,-1335,0
30000,3,2,3,2,-1,-1,-1,-1,-1,836,836,836,1672,836,390,836,836,1672,0,390,930,29164,29164,29164,28328,29164,29610,742,0
160000,1,2,2,2,2,2,-1,-1,-1,147710,151368,147184,149053,136809,140678,7501,0,5790,4825,6000,5354,12290,8632,12816,10947,23191,19322,843332,0
180000,2,4,2,-1,-1,-1,-1,-1,-1,416,416,416,416,416,416,416,416,416,416,416,416,179584,179584,179584,179584,179584,179584,0,0
20000,2,2,2,-1,-1,2,-1,-1,-1,3223,3176,220,632,0,316,1220,0,632,0,316,782,16777,16824,19780,19368,20000,19684,4617,1
210000,2,2,2,-1,-1,-1,-1,-1,-1,7655,1644,2258,8241,428,3537,1644,2261,11008,428,3537,0,202345,208356,207742,201759,209572,206463,4885,0
200000,3,2,3,-1,-1,-1,-1,-1,-1,113570,113974,117248,104889,103668,105467,4149,5571,5221,4001,4001,4001,86430,86026,82752,95111,96332,94533,631872,0
130000,3,2,3,-1,-1,-1,-1,-1,-1,32667,33822,34975,35943,36447,37259,2000,2000,1850,1400,1400,1400,97333,96178,95025,94057,93553,92741,201063,0
30000,4,2,2,-2,-2,-2,-2,-2,-2,8839,0,4342,690,0,99,0,4342,690,0,99,0,21161,30000,25658,29310,30000,29901,8839,0
130000,2,2,3,-1,-1,-1,-1,-1,-1,4176,11806,1984,4649,6727,473,11839,3000,4649,6727,473,1669,125824,118194,128016,125351,123273,129527,1458,0
180000,3,2,3,-1,-1,-1,-1,-1,-1,3122,-26214,98834,34677,55634,44325,16,130000,40057,56000,10000,66000,176878,206214,81166,145323,124366,135675,-91695,0
110000,2,2,2,-1,-1,-1,-1,-1,-1,93111,91198,85136,80491,78967,80628,3226,3050,2765,2304,2400,1885,16889,18802,24864,29509,31033,29372,493901,0
20000,2,2,2,-1,-1,2,2,-1,-1,15299,14112,11221,10656,7928,580,1883,3520,0,1000,580,0,4701,5888,8779,9344,12072,19420,52813,0
150000,2,4,2,-1,-1,-1,-1,-1,-1,97268,71876,50043,55182,48983,50136,3500,2000,20000,2000,2000,2000,52732,78124,99957,94818,101017,99864,341988,0
210000,3,4,2,1,-1,-1,-1,-1,-1,0,202,4202,5152,5444,5786,202,4000,1208,500,400,5380,210000,209798,205798,204848,204556,204214,9096,0
90000,2,4,3,-1,-1,-1,-1,-1,-1,92837,95413,94460,10031,11243,3343,4500,2000,10061,11277,3808,14741,-2837,-5413,-4460,79969,78757,86657,260940,0
500000,2,2,3,-1,-1,-1,-1,-1,-1,62112,60246,74832,126778,82611,71338,20025,40000,85000,139,20000,29761,437888,439754,425168,373222,417389,428662,282992,0
300000,2,2,2,-1,-1,-1,-1,-1,-1,15695,11551,6224,14959,6885,22107,11551,6252,14959,6885,22107,6741,284305,288449,293776,285041,293115,277893,8926,0
370000,3,2,2,-1,-1,-1,-1,-1,-1,18082,18339,19031,17345,18245,23200,1628,1320,1100,1000,10000,1000,351918,351661,350969,352655,351755,346800,98194,0
200000,2,4,2,-1,-1,-1,-1,2,-1,104393,108956,109339,113799,75536,66643,6300,4588,6910,30,2375,9577,95607,91044,90661,86201,124464,133357,548886,0
500000,4,4,2,-2,-2,-2,-2,-2,-2,2252,2265,24667,40626,9255,8659,2265,24905,40827,30844,8695,3532,497748,497735,475333,459374,490745,491341,-23344,0
50000,2,4,3,-1,-1,-1,-1,-2,-2,43885,45408,36025,0,0,0,2408,2025,0,0,0,0,6115,4592,13975,50000,50000,50000,120885,1
120000,2,2,2,-1,-1,-2,-2,-1,-1,106609,380,0,970,5576,0,380,0,970,5576,0,2785,13391,119620,120000,119030,114424,120000,103824,0
270000,2,2,2,-1,-1,-1,-1,-1,-1,62263,60654,59464,54715,51796,53256,3000,3000,3019,5000,5000,10000,207737,209346,210536,215285,218204,216744,313129,0
300000,1,2,3,-1,-1,-1,-1,-1,-1,21953,32905,14458,18061,8016,5768,32905,14458,18061,8016,5768,7229,278047,267095,285542,281939,291984,294232,14724,0
90000,2,2,2,1,2,2,2,-1,-1,18255,17664,20667,20042,20408,22073,0,3300,0,1000,2000,0,71745,72336,69333,69958,69592,67927,112809,0
120000,2,2,3,-1,-1,-1,-1,-1,-1,626,0,1252,1252,1252,626,0,1252,1252,0,626,0,119374,120000,118748,118748,118748,119374,1878,0
90000,2,2,3,1,2,2,2,-1,-1,6681,6426,10289,10816,11333,11997,0,4000,1000,1000,1000,1000,83319,83574,79711,79184,78667,78003,49542,0
350000,1,4,3,-1,-1,-1,-1,-1,-1,122017,121505,119522,119947,117328,118400,6000,5900,5800,4100,4500,5000,227983,228495,230478,230053,232672,231600,687419,0
180000,2,2,1,1,4,3,2,2,-2,20867,20168,14464,3455,0,0,0,0,0,0,0,0,159133,159832,165536,176545,180000,180000,58954,0
30000,3,6,2,-1,-1,2,2,-1,-1,24171,27393,28089,25805,21356,15158,3634,1451,9,1003,905,409,5829,2607,1911,4195,8644,14842,134561,0
240000,2,4,1,-1,-1,-1,-1,-1,-1,2638,1526,2276,1486,1776,2308,1526,2276,1486,1776,2308,776,237362,238474,237724,238514,238224,237692,1862,1
80000,2,2,2,1,2,-1,-1,-1,-1,84372,77773,78499,79943,77354,78655,0,2900,3102,3000,3010,3400,-4372,2227,1501,57,2646,1345,461184,0
50000,2,2,2,-1,-1,-1,2,-1,-1,46239,47469,51145,45624,29172,27291,2000,4500,0,1153,1000,1065,3761,2531,-1145,4376,20828,22709,237222,1
370000,1,2,3,-1,-1,-1,-1,-1,-1,291006,271452,256269,200761,125646,111185,12100,11295,8300,5000,4600,10000,78994,98548,113731,169239,244354,258815,1205024,0
150000,2,2,3,-2,-2,-2,-2,-2,-2,5446,6671,4839,807,28023,7613,6682,6095,807,28023,7613,4331,144554,143329,145161,149193,121977,142387,-152,0
410000,1,4,2,-1,-1,-1,-1,-1,-1,400967,365398,367247,304903,310333,317330,14158,13000,13000,12000,12000,15000,9033,44602,42753,105097,99667,92670,1987020,0
230000,2,2,2,-1,-1,-1,-1,-1,-1,1680,1535,1836,2274,0,21166,1535,1836,2283,0,21166,1000,228320,228465,228164,227726,230000,208834,671,0
80000,3,4,2,-2,-2,-2,-2,-2,-2,4965,51932,0,2165,39881,14691,51932,0,2165,39881,14691,10500,75035,28068,80000,77835,40119,65309,-5535,0
140000,1,4,2,-1,-1,-1,-1,-1,-1,10281,32163,20421,19573,11611,0,32172,1476,2140,1000,0,0,129719,107837,119579,120427,128389,140000,57261,0
180000,2,2,2,-1,-1,-1,-1,-1,-2,5244,8135,12621,17987,-99,-99,3000,5000,15000,0,0,0,174756,171865,167379,162013,180099,180099,20789,0
240000,1,2,2,-1,-1,-1,-1,-1,-1,95835,90385,85011,77329,50673,48723,4060,3181,3000,1500,3042,1377,144165,149615,154989,162671,189327,191277,431796,0
160000,2,4,2,-2,-2,-2,-2,-2,-2,-38,-38,-38,-38,-38,-38,0,0,0,0,0,0,160038,160038,160038,160038,160038,160038,-228,0
320000,1,4,2,-1,-1,-1,-1,-1,-1,11910,4401,3345,1104,82434,82319,4445,3398,1104,82434,0,20895,308090,315599,316655,318896,237566,237681,73237,0
80000,2,2,2,2,2,-1,-1,-1,-1,252,-1624,2072,1752,1876,1876,0,5572,1752,2000,1876,2071,79748,81624,77928,78248,78124,78124,-7067,0
230000,2,2,2,-1,-1,-1,2,-1,-1,3745,4632,4979,631,1635,10244,3000,2023,0,1004,10019,1141,226255,225368,225021,229369,228365,219756,8679,0
230000,2,2,3,-2,-2,-2,-2,-2,-2,273,273,2418,1428,4398,5748,273,3588,1428,4398,5748,3768,229727,229727,227582,228572,225602,224252,-4665,0
20000,2,2,2,-1,-1,-1,-1,-1,-1,11904,13193,12236,13041,13641,14251,1500,1400,1500,1000,1000,0,8096,6807,7764,6959,6359,5749,71866,0
220000,2,2,2,-1,-1,-1,-1,-1,-1,158494,156004,149677,152724,142064,142649,7000,7000,7100,5000,5400,5600,61506,63996,70323,67276,77936,77351,864512,0
180000,1,2,3,-2,-2,-2,-2,-2,-1,626,0,1290,0,0,1200,0,1290,0,0,1200,0,179374,180000,178710,180000,180000,178800,626,0
260000,2,2,2,-1,-1,-1,-1,-1,-1,7258,7935,4979,3976,6623,24426,2037,4979,1019,6623,18119,1382,252742,252065,255021,256024,253377,235574,21038,0
360000,2,2,2,-1,-1,-1,-1,-1,-1,10000,17444,17165,10000,10000,10000,17444,10035,10000,10000,10000,0,350000,342556,342835,350000,350000,350000,17130,0
210000,2,2,2,1,2,-1,-1,-1,-1,167970,161852,163600,162303,162799,161912,0,8000,8000,6000,6000,6000,42030,48148,46400,47697,47201,48088,946436,1
200000,1,4,2,-2,-2,-2,-2,-2,-2,261,1715,281,1105,354,-2,1723,282,1110,390,0,0,199739,198285,199719,198895,199646,200002,209,0
350000,1,4,2,-2,-2,-2,-2,-2,-1,8526,10892,9218,9834,1458,5225,10951,9274,4711,1472,5251,68361,341474,339108,340782,340166,348542,344775,-54867,0
360000,1,2,2,1,-2,-2,-2,-2,-2,0,0,0,0,0,0,0,0,0,0,0,558,360000,360000,360000,360000,360000,360000,-558,0
60000,2,4,1,-1,-1,-1,3,2,2,30641,33787,42025,41067,40109,42695,3987,8825,0,0,3400,1800,29359,26213,17975,18933,19891,17305,212312,0
190000,1,4,3,-1,-1,-1,-1,-1,-1,314,3031,597,1640,306,39506,3031,597,1648,306,39506,697,189686,186969,189403,188360,189694,150494,-391,0
180000,1,4,2,-1,-1,-1,-1,-1,-1,24414,22479,21802,20100,16629,15628,2483,2808,2101,3,2000,0,155586,157521,158198,159900,163371,164372,111657,0
230000,1,2,2,-2,-2,-2,-2,-2,-2,312,2984,1786,363,437,843,3186,1786,363,437,843,500,229688,227016,228214,229637,229563,229157,-390,1
270000,1,2,3,-2,-2,-2,-2,-2,-2,0,0,0,0,0,0,0,0,0,0,0,0,270000,270000,270000,270000,270000,270000,0,1
220000,3,2,3,-1,-1,-1,-1,-1,-1,176879,182100,184900,170611,125433,83709,10150,10000,10000,10053,4000,3000,43121,37900,35100,49389,94567,136291,876429,0
80000,1,2,2,-1,-1,-2,-2,-2,-1,78780,0,0,0,0,59349,0,0,0,0,59349,0,1220,80000,80000,80000,80000,20651,78780,0
90000,1,4,1,-1,-1,-1,-1,-1,-1,79063,64135,46678,85156,43269,44181,3687,1997,1995,1686,1749,1840,10937,25865,43322,4844,46731,45819,349528,0
500000,1,2,2,-2,-1,-1,-1,-1,-1,5799,36189,23338,7896,8970,215305,36277,6112,10014,9018,215518,20018,494201,463811,476662,492104,491030,284695,540,0
210000,2,2,2,-1,-1,-1,-1,-1,-1,188,971,2871,5087,1943,3392,971,2871,5087,0,3392,4000,209812,209029,207129,204913,208057,206608,-1869,1
110000,1,4,1,-1,-1,-1,-1,2,-1,89603,88232,85362,74552,59902,42254,4113,3500,4005,0,1500,1999,20397,21768,24638,35448,50098,67746,424788,0
150000,1,4,2,-1,-1,-1,-1,-1,-1,10778,6798,6221,4711,6711,6711,6000,3039,9050,2000,0,4000,139222,143202,143779,145289,143289,143289,17841,0
90000,1,4,2,-1,-1,-1,-1,-1,-1,3000,6000,0,3000,3000,3000,6000,0,3000,3000,3000,3000,87000,84000,90000,87000,87000,87000,0,0
190000,2,2,2,-1,-1,-1,2,2,2,84031,86730,93705,91317,96079,94428,5000,9310,0,7200,0,8000,105969,103270,96295,98683,93921,95572,516780,0
180000,2,4,3,-1,-1,-1,-1,-1,-2,152122,98901,101689,102925,0,0,10000,6500,5000,0,0,0,27878,81099,78311,77075,180000,180000,434137,0
240000,2,2,2,-1,-1,-1,-1,-1,-1,51277,51999,52613,21696,22807,22877,10006,10000,10000,22807,10000,11109,188723,188001,187387,218304,217193,217123,149347,0
200000,2,4,1,-1,-1,-1,2,2,-2,4571,0,2983,2780,0,0,0,2983,0,0,0,3125,195429,200000,197017,197220,200000,200000,4226,0
200000,3,2,3,1,-2,-1,-1,-1,-1,0,0,2317,7588,7606,14053,0,2317,7588,7614,14053,0,200000,200000,197683,192412,192394,185947,-8,0
160000,2,4,2,-2,-2,-2,-1,-1,-1,0,0,0,68600,70000,0,0,0,68600,1400,0,0,160000,160000,160000,91400,90000,160000,68600,0
240000,1,4,1,1,2,-1,-1,-1,-1,7029,3932,2105,2487,777,5300,0,1057,1000,0,5300,1800,232971,236068,237895,237513,239223,234700,12473,0
80000,2,2,1,-1,-1,-1,-1,-1,-1,76358,77433,74050,73361,56966,59130,3000,3000,2700,2000,5000,2200,3642,2567,5950,6639,23034,20870,399398,0
180000,2,2,2,1,-2,-2,-2,-2,-2,0,0,0,0,0,0,0,0,0,0,0,0,180000,180000,180000,180000,180000,180000,0,1
80000,2,4,1,1,-2,-2,-2,-2,-2,0,0,0,0,0,0,0,0,0,0,0,0,80000,80000,80000,80000,80000,80000,0,0
70000,2,4,1,-1,-1,-1,-1,-1,-1,70805,70087,62750,53600,45215,46486,2600,2231,1800,1700,2000,2000,-805,-87,7250,16400,24785,23514,336612,0
160000,2,2,2,-1,-1,-1,-1,-1,-1,73902,119408,134243,12670,6349,10775,50000,20000,30037,6349,11000,4000,86098,40592,25757,147330,153651,149225,235961,0
200000,1,4,2,-1,-1,-1,-1,-1,-1,148646,132606,136183,127438,124816,92037,5000,8500,3500,3000,25000,70000,51354,67394,63817,72562,75184,107963,646726,0
20000,1,4,2,-2,-2,-2,-2,-2,-2,1789,16745,1464,1466,1691,4565,16745,1464,1466,1691,4565,4570,18211,3255,18536,18534,18309,15435,-2781,0
300000,2,2,2,-1,-1,-1,-1,-1,-1,155493,179071,42404,71493,13547,27710,50706,30028,60300,27054,25003,10,144507,120929,257596,228507,286453,272290,296617,0
150000,1,2,3,-1,-1,-1,2,2,2,107968,109234,37424,36446,39193,38297,5023,6086,0,5200,0,2769,42032,40766,112576,113554,110807,111703,349484,0
30000,1,4,3,1,2,-1,-1,-1,-1,5830,1330,909,390,29570,940,0,909,390,29570,940,3482,24170,28670,29091,29610,430,29060,3678,0
360000,2,4,2,-1,-1,-1,-1,-1,-1,333,333,5043,333,0,333,333,5043,333,0,333,210,359667,359667,354957,359667,360000,359667,123,1
280000,1,2,2,-1,-1,-1,-1,-1,-1,97694,89690,86812,87813,88267,89676,4014,4300,4153,2900,2500,2600,182306,190310,193188,192187,191733,190324,519485,0
30000,3,4,1,1,2,-1,-1,-1,-1,30335,29546,29826,29997,29789,29967,0,2000,1500,1000,2000,0,-335,454,174,3,211,33,172960,0
50000,1,4,1,-1,-1,-1,-1,-1,-1,48712,49587,21604,14772,9238,9588,2269,1286,1200,332,500,1000,1288,413,28396,35228,40762,40412,146914,0
160000,4,2,1,-1,-1,-1,-1,-1,-1,819,162,165,165,165,165,162,168,165,165,165,165,159181,159838,159835,159835,159835,159835,651,0
80000,1,4,1,-1,-1,-1,2,2,-1,36736,38079,40805,35740,32684,32605,1955,3681,1300,0,1500,1200,43264,41921,39195,44260,47316,47395,207013,0
100000,1,4,1,-1,-1,-1,-1,-1,2,92929,95471,98569,48695,54444,4948,5000,5000,1251,6000,0,1500,7071,4529,1431,51305,45556,95052,376305,0
60000,2,2,3,-1,-1,-1,-1,-1,-1,54532,54203,58199,59152,76006,19604,1970,6000,3000,1000,1000,1000,5468,5797,1801,848,-16006,40396,307726,0
420000,1,4,1,-1,-1,-1,-1,-1,-1,198604,202935,207548,211990,216362,220728,7518,7763,7768,7768,7877,7934,221396,217065,212452,208010,203638,199272,1211539,0
140000,2,4,1,-2,-2,-2,-2,-2,-2,0,0,0,0,0,1079,0,0,0,0,1079,88654,140000,140000,140000,140000,140000,138921,-88654,0
270000,1,4,2,2,2,2,-1,-1,-1,9220,14050,13539,15005,16438,17021,5000,0,2000,2000,1000,1000,260780,255950,256461,254995,253562,252979,74273,1
160000,1,2,2,1,-2,-2,-2,-2,-2,0,0,0,0,0,0,0,0,0,0,0,1404,160000,160000,160000,160000,160000,160000,-1404,1
230000,1,4,2,-1,-1,-1,-1,-1,-1,2850,1940,8508,-853,13909,29160,1940,8508,0,19000,19160,0,227150,228060,221492,230853,216091,200840,6906,0
100000,1,6,3,-1,-1,-1,-1,-1,-1,43175,42669,42238,41646,40976,40503,1680,1722,1603,1406,1598,1502,56825,57331,57762,58354,59024,59497,241696,0
260000,1,4,2,-2,-2,-2,-2,-2,-2,0,132,1109,1181,-18,3791,132,1119,1186,18,3809,1917,260000,259868,258891,258819,260018,256209,-1986,0
200000,1,4,2,-1,-1,-1,-1,-1,-1,191876,121296,121473,123943,127552,130380,4305,4408,4489,5660,6000,0,8124,78704,78527,76057,72448,69620,791658,0
380000,2,2,3,-1,-1,-1,-1,-1,-1,268755,270405,258979,261213,264550,163860,11035,10009,11003,10500,7500,7505,111245,109595,121021,118787,115450,216140,1430210,0
130000,2,2,2,-1,-1,-1,-1,-1,-2,41573,0,13853,14277,0,0,0,13853,1000,0,0,0,88427,130000,116147,115723,130000,130000,54850,0
70000,2,4,2,1,2,2,2,2,2,67967,66276,71307,71977,70306,71161,0,6124,2500,0,5300,2600,2033,3724,-1307,-1977,-306,-1161,402470,0
270000,2,2,2,-1,-1,-1,-1,-1,-1,10148,625,14430,7320,5500,500,625,14430,7325,5500,500,6921,259852,269375,255570,262680,264500,269500,3222,0
30000,2,2,3,-1,-1,-1,-1,-1,-1,27922,25214,26755,23235,25008,26761,2000,2000,2000,2000,2000,822,2078,4786,3245,6765,4992,3239,144073,1
290000,1,2,2,-1,-1,-1,-1,-1,-1,20565,8741,24250,97542,16950,0,8741,24257,97542,16950,0,21830,269435,281259,265750,192458,273050,290000,-1272,0
50000,2,4,3,-1,-1,2,-1,-1,-1,46319,49518,48188,49966,19294,18971,4000,1000,3800,820,900,695,3681,482,1812,34,30706,31029,221041,0
30000,2,2,3,1,2,2,-1,-1,-1,31230,31348,28034,26251,24133,22527,2007,8,2007,1005,782,2009,-1230,-1348,1966,3749,5867,7473,155705,1
210000,3,2,2,-1,-1,-1,-1,-1,-1,2569,3920,2529,3087,2811,3204,3920,2529,3087,2811,3204,4173,207431,206080,207471,206913,207189,206796,-1604,0
220000,3,4,3,-1,-1,-1,-1,-1,-1,223022,215787,220680,219459,177765,175238,7750,8397,7349,6518,7000,7000,-3022,4213,-680,541,42235,44762,1187937,0
340000,2,2,2,-1,-1,-1,-1,-1,-1,61605,64250,66293,57657,53035,54693,3500,3049,2706,1870,3000,4000,278395,275750,273707,282343,286965,285307,339408,0
500000,1,2,3,-2,-2,-2,-2,-2,-2,4513,4342,3321,6760,5788,12633,4375,3337,6789,5816,12696,4348,495487,495658,496679,493240,494212,487367,-4,0
30000,2,2,2,1,2,-1,-1,2,-1,20494,19867,21045,24681,23985,25099,0,1500,4000,0,1500,6000,9506,10133,8955,5319,6015,4901,122171,0
180000,2,2,2,2,2,2,2,2,-1,13286,15548,15009,17752,17172,18732,2800,0,3000,0,2000,5000,166714,164452,164991,162248,162828,161268,84699,1
60000,2,4,1,-1,-1,-1,-1,-1,-1,53910,55028,56449,56273,28316,30763,2600,2900,2034,2000,3000,1000,6090,4972,3551,3727,31684,29237,267205,0
100000,1,4,2,-1,-1,-1,-1,-1,-1,41531,6120,104346,91025,91120,1777,6157,100000,2017,1822,1777,7748,58469,93880,-4346,8975,8880,98223,216398,0
270000,2,2,2,-1,-1,2,-1,-1,-1,7780,7365,3097,48546,47250,46649,2228,0,48546,2000,3000,3000,262220,262635,266903,221454,222750,223351,101913,1
200000,2,2,3,-2,-2,-2,-2,-2,-2,8800,0,5738,0,2244,66000,0,5738,1626,2244,66000,30000,191200,200000,194262,200000,197756,134000,-22826,0
240000,2,2,2,-1,-1,-1,-1,-1,-1,234304,229519,229676,234928,160765,158184,7888,8522,9260,5700,5475,5520,5696,10481,10324,5072,79235,81816,1205011,0
110000,2,2,3,-1,-1,-1,-1,-1,-1,107035,110156,8871,66482,59578,57961,4000,2500,58000,2000,3000,3500,2965,-156,101129,43518,50422,52039,337083,0
360000,1,4,2,-1,-1,-1,-1,-1,-1,167232,166848,149903,138091,138123,140324,6121,7294,6135,4504,4669,4060,192768,193152,210097,221909,221877,219676,867738,0
50000,3,4,2,-1,-1,-1,-1,-1,-1,54731,51080,45536,38745,37395,19247,1730,52014,1200,19959,1402,811,-4731,-1080,4464,11255,12605,30753,169618,0
60000,2,2,2,-1,-1,-1,-1,-1,-1,50615,50200,19567,29035,27762,27740,1619,1429,31426,969,998,1545,9385,9800,40433,30965,32238,32260,166933,0
50000,2,2,2,-1,-1,-1,2,-1,-1,5764,6786,9095,8803,8975,9008,1278,2587,0,467,326,329,44236,43214,40905,41197,41025,40992,43444,0
120000,1,4,1,-1,-1,-1,-1,-1,-1,3564,2063,768,3096,2677,2592,2063,768,3146,2677,0,0,116436,117937,119232,116904,117323,117408,6106,0
140000,2,2,3,-1,-1,-1,-1,-1,-1,121096,123064,126749,127244,129495,126663,4407,6100,4518,4694,4745,4876,18904,16936,13251,12756,10505,13337,724971,0
100000,2,2,3,1,2,2,-1,-1,-1,97515,99028,96592,99801,27930,27377,4000,0,5000,2000,1116,1500,2485,972,3408,199,72070,72623,434627,0
280000,3,2,3,2,2,-1,-1,-1,-1,506515,491801,62236,54813,38669,18010,0,1803,1475,1105,534,318,-226515,-211801,217764,225187,241331,261990,1166809,1
180000,1,2,1,-1,-1,-1,-1,-1,-1,176793,173034,171772,172344,134321,131191,8000,8206,6500,5000,5000,5000,3207,6966,8228,7656,45679,48809,921749,0
180000,1,4,1,1,-2,-2,-2,-2,-2,0,0,0,0,0,0,0,0,0,0,0,0,180000,180000,180000,180000,180000,180000,0,0
150000,2,2,2,2,2,2,2,-1,-1,100390,108784,110405,106317,30906,31457,11600,4800,0,1240,1200,1200,49610,41216,39595,43683,119094,118543,468219,0
180000,1,4,3,2,2,2,2,2,2,130304,140191,142477,141674,146312,149133,13600,6000,3000,8500,5300,300,49696,39809,37523,38326,33688,30867,813391,1
180000,1,4,2,-1,-1,-1,-1,-1,-1,19369,7123,4569,29635,6489,0,7123,4569,36124,0,0,0,160631,172877,175431,150365,173511,180000,19369,0
30000,2,2,3,-1,-1,-1,-1,-1,-1,25735,27001,28261,29337,26189,21715,2000,2000,2000,500,1000,500,4265,2999,1739,663,3811,8285,150238,0
380000,2,2,3,-1,-1,-1,-1,-1,-1,64001,60427,58603,58359,59527,58482,5000,7000,7359,10000,7000,10000,315999,319573,321397,321641,320473,321518,313040,0
130000,3,4,2,-1,-1,-1,-1,-1,-1,1738,1738,1738,1738,1738,1738,1738,1738,1738,1738,1738,1938,128262,128262,128262,128262,128262,128262,-200,0
170000,1,4,1,-1,-1,-1,-1,-1,-1,1311,3008,4244,1718,0,1125,3008,4244,1718,0,1125,0,168689,166992,165756,168282,170000,168875,1311,0
220000,1,2,3,-1,-1,-1,2,-1,-1,941,911,9743,7480,22880,880,920,9752,0,22880,0,7270,219059,219089,210257,212520,197120,219120,2013,1
150000,1,2,3,1,-2,-2,-1,-1,-1,0,0,0,12200,16961,3000,0,0,12200,16961,3000,493,150000,150000,150000,137800,133039,147000,-493,0
180000,4,4,2,1,-1,-1,-2,-2,-2,0,149,0,0,0,0,149,0,0,0,0,0,180000,179851,180000,180000,180000,180000,0,0
180000,1,4,3,-2,-2,-2,-2,-2,-2,0,0,0,0,0,0,0,0,0,0,0,0,180000,180000,180000,180000,180000,180000,0,1
360000,1,4,1,1,-2,-2,-2,-2,-2,0,0,0,0,0,0,0,0,0,0,0,0,360000,360000,360000,360000,360000,360000,0,0
150000,1,2,2,-1,-1,-1,-1,-1,-1,107799,16332,13837,15855,9049,3244,16363,10149,10000,7000,0,0,42201,133668,136163,134145,140951,146756,122604,0
170000,4,2,2,-1,-1,-1,-1,-1,-1,1803,217,10121,12180,15667,9224,218,10121,12180,5011,0,265,168197,169783,159879,157820,154333,160776,21417,0
50000,1,4,3,-1,-1,-1,-1,-1,-1,10012,11039,12549,16995,17490,18253,1500,2000,5000,778,1200,752,39988,38961,37451,33005,32510,31747,75108,0
300000,1,4,2,-1,-1,-1,-1,-1,2,87540,89792,91558,93741,99802,97711,5000,4500,5000,8000,0,4000,212460,210208,208442,206259,200198,202289,533644,0
450000,1,4,3,-2,-2,-2,-2,-2,-2,799,0,0,0,0,0,0,0,0,0,0,0,449201,450000,450000,450000,450000,450000,799,0
210000,2,2,1,-1,-1,-1,-1,-1,-1,145499,107712,-564,4270,143607,144505,4751,0,6000,143754,5000,5314,64501,102288,210564,205730,66393,65495,380210,0
80000,2,2,2,2,2,-2,-2,-1,-1,15304,0,0,0,1005,5,0,0,0,1005,0,0,64696,80000,80000,80000,78995,79995,15309,0
240000,2,2,2,-2,-2,-2,-2,-2,-2,0,0,0,0,0,0,0,0,0,0,0,0,240000,240000,240000,240000,240000,240000,0,0
110000,2,4,2,-1,-1,-1,-1,-1,-1,68014,68788,70880,72403,73600,75261,2500,3200,3300,3000,3000,2746,41986,41212,39120,37597,36400,34739,411200,0
400000,3,2,3,-1,-1,-1,-1,-1,-2,27035,28119,31166,35238,1408,4869,28204,33716,37400,1408,4869,5539,372965,371881,368834,364762,398592,395131,16699,0
90000,2,2,3,1,-2,-2,-1,-1,-1,0,0,0,2146,2452,6990,0,0,2146,2452,6990,3550,90000,90000,90000,87854,87548,83010,-3550,1
210000,1,4,1,-1,-1,-1,-1,-1,-1,199251,205143,192260,168511,144980,153706,9025,8507,5740,5128,11000,0,10749,4857,17740,41489,65020,56294,1024451,0
260000,1,4,2,-1,-1,-1,-1,-1,-1,69343,70585,71430,73837,73271,74266,4000,4000,4007,13990,2056,2623,190657,189415,188570,186163,186729,185734,402056,0
170000,1,4,1,-1,-1,-1,-1,-1,-1,89909,61785,17848,14000,124208,122955,8941,3848,4000,124208,5000,5000,80091,108215,152152,156000,45792,47045,279708,0
210000,2,4,2,1,-2,-1,-1,2,-1,0,0,474,17171,16625,17030,0,474,17171,0,800,5000,210000,210000,209526,192829,193375,192970,27855,0
200000,1,2,2,1,-2,-2,-2,-2,-2,0,0,0,0,0,0,0,0,0,0,0,0,200000,200000,200000,200000,200000,200000,0,0
560000,1,2,3,-1,-1,-1,-1,-1,-1,34669,150228,151425,143343,127225,130479,150000,60052,10268,27225,15000,20000,525331,409772,408575,416657,432775,429521,454824,0
540000,1,4,2,-1,-1,-1,-1,-1,-1,1128,1784,892,946,946,946,1784,892,1000,946,946,946,538872,538216,539108,539054,539054,539054,128,0
100000,2,2,1,-1,-1,-2,-2,-2,-2,500,0,0,0,0,0,0,0,0,0,0,0,99500,100000,100000,100000,100000,100000,500,0
80000,2,2,1,-1,-1,-1,-1,-2,-2,77758,80468,82150,0,0,0,4000,4000,0,0,0,0,2242,-468,-2150,80000,80000,80000,232376,1
30000,2,2,2,2,2,2,2,2,-1,23785,20946,23785,24422,23688,19626,0,3500,1319,0,800,1610,6215,9054,6215,5578,6312,10374,129023,1
80000,2,2,1,-1,-1,-1,-1,-1,-1,77856,76079,78410,55417,50733,50441,3670,4520,3311,50441,1800,2100,2144,3921,1590,24583,29267,29559,323094,1
50000,1,4,1,2,2,-1,-1,-1,-1,19930,19316,20347,21354,21630,23123,0,1646,1653,929,2000,0,30070,30684,29653,28646,28370,26877,119472,1
120000,1,4,1,-1,-1,-1,-1,-1,-1,43629,56933,54724,32400,9207,5828,25000,45000,5151,2000,5000,9115,76371,63067,65276,87600,110793,114172,111455,0
240000,2,2,2,-1,-1,-1,-2,-2,-2,24615,27500,0,0,0,0,5000,0,0,0,0,0,215385,212500,240000,240000,240000,240000,47115,0
260000,2,2,2,-2,-2,-2,-2,-2,-2,3342,8978,4331,13860,1987,5626,9023,4353,13929,1997,5654,3964,256658,251022,255669,246140,258013,254374,-796,0
280000,2,4,2,-1,-1,-1,-1,-1,-1,71174,66228,39379,13409,40854,2930,2290,1304,1000,29485,2930,0,208826,213772,240621,266591,239146,277070,196965,0
30000,2,2,2,-1,-1,-1,-1,-1,-1,31955,30429,27286,21919,19015,2732,1800,1388,1501,1001,2732,3280,-1955,-429,2714,8081,10985,27268,121634,1
150000,3,4,2,1,-2,-1,2,2,2,1589,1335,9447,4887,11181,6692,1339,9460,0,6702,16,8242,148411,148665,140553,145113,138819,143308,9372,0
350000,2,2,2,-1,-1,-1,-1,-1,-1,21026,35588,38002,40357,43663,52735,15000,3000,3000,4000,10000,25000,328974,314412,311998,309643,306337,297265,171371,1
100000,2,4,2,-1,-1,-1,-1,-1,-2,1919,1831,163,1028,0,0,1831,163,1028,0,0,0,98081,98169,99837,98972,100000,100000,1919,0
320000,1,2,3,-1,-1,-1,-1,-1,-1,57593,534,2709,0,7779,0,534,2709,0,7779,0,417,262407,319466,317291,320000,312221,320000,57176,0
380000,2,2,3,3,3,2,-1,-1,-1,415735,400246,384705,383332,381423,377466,0,0,15135,13212,13529,15212,-35735,-20246,-4705,-3332,-1423,2534,2285819,1
40000,2,4,3,1,3,2,2,3,2,9268,8974,8885,10583,10269,9960,0,200,2000,0,0,1200,30732,31026,31115,29417,29731,30040,54539,0
100000,3,2,3,-1,-1,-1,-1,-1,-1,5719,6633,3461,4471,4560,4656,1043,1064,1074,163,169,169,94281,93367,96539,95529,95440,95344,25818,0
270000,1,4,2,-1,-1,-1,-1,-1,-1,81488,76257,70685,66539,61069,56211,3000,5000,3000,2200,2100,3879,188512,193743,199315,203461,208931,213789,393070,0
30000,3,2,3,2,-1,-1,-1,-1,-1,26627,27631,29179,30146,26371,27567,1452,2000,1500,933,2000,3000,3373,2369,821,-146,3629,2433,156636,1
50000,2,4,3,-1,-1,-1,-1,-2,-2,19869,15584,4377,0,0,0,15584,4377,0,0,0,0,30131,34416,45623,50000,50000,50000,19869,0
180000,1,4,2,-1,-1,-1,-1,-1,-1,44478,40311,43847,50763,69026,32030,8000,10000,10000,23000,5000,4000,135522,139689,136153,129237,110974,147970,220455,0
150000,1,4,2,-2,-2,-2,-2,-2,-2,5596,2569,0,0,0,302,2573,0,0,0,302,176,144404,147431,150000,150000,150000,149698,5416,0
360000,1,2,2,-1,-1,-1,-1,-1,-1,16039,20396,19382,13874,9398,10773,5000,2000,5019,2000,2500,5000,343961,339604,340618,346126,350602,349227,68343,0
170000,1,2,2,-1,-1,-2,-2,-2,-1,5910,0,0,0,0,3001,0,0,0,0,3001,9436,164090,170000,170000,170000,170000,166999,-3526,0
140000,2,4,2,-1,-1,-1,-1,-1,-1,86858,89509,91476,92591,95887,97739,5000,4300,3600,5000,3310,3400,53142,50491,48524,47409,44113,42261,529450,0
90000,2,2,3,-1,-1,-1,-1,-1,-1,25388,26460,26711,27722,28116,28552,1800,1747,1758,1152,1038,1073,64612,63540,63289,62278,61884,61448,154381,0
20000,3,4,3,-1,-1,-1,-1,-1,-1,942,942,9849,3870,6630,1170,942,9849,3870,6700,4780,150,19058,19058,10151,16130,13370,18830,-2888,0
160000,3,2,1,2,2,2,2,-1,-1,132528,135846,136732,101473,100895,103107,7000,5000,0,3770,4000,4000,27472,24154,23268,58527,59105,56893,686811,0
30000,2,4,2,-1,-1,-1,-1,-1,-1,26535,27131,27294,27853,28033,28756,1433,1481,1430,1000,1543,1200,3465,2869,2706,2147,1967,1244,157515,0
300000,2,2,2,1,-2,-2,-1,-1,-1,0,0,0,1000,890,390,0,0,1000,390,390,540,300000,300000,300000,299000,299110,299610,-40,1
80000,2,4,1,2,-1,-1,-1,-1,-1,81228,76590,73327,69760,50642,48690,3400,2800,3038,2000,2000,2000,-1228,3410,6673,10240,29358,31310,384999,1
360000,1,4,2,-1,-1,-1,-1,-1,-1,11358,17580,17416,14789,11800,21831,7079,7000,5000,0,11831,13000,348642,342420,342584,345211,348200,338169,50864,1
460000,1,4,3,-1,-1,-1,-2,-2,-1,6302,31293,0,0,0,18165,31321,0,0,0,18165,2008,453698,428707,460000,460000,460000,441835,4266,0
30000,3,4,3,2,2,-1,2,-1,-1,19830,15915,1736,1170,780,780,0,1736,0,0,0,0,10170,14085,28264,28830,29220,29220,38475,0
80000,2,2,2,-1,-1,-1,-1,-1,-1,2000,2000,2000,2000,2000,2000,2000,2000,2000,2000,2000,4206,78000,78000,78000,78000,78000,78000,-2206,1
140000,4,4,1,-1,-1,-1,-1,-1,-1,91485,78704,79449,45514,42155,42812,3009,3411,1523,1352,1526,1505,48515,61296,60551,94486,97845,97188,367793,0
280000,2,2,3,2,-1,-1,-1,-1,-1,644,499,1641,5280,6913,-741,499,1641,5280,6915,0,0,279356,279501,278359,274720,273087,280741,-99,0
300000,2,2,1,-1,-1,-1,-1,-1,-1,30631,14623,9728,28960,26589,18171,1373,1010,42348,0,0,173,269369,285377,290272,271040,273411,281829,83798,0
30000,2,2,1,2,2,2,-1,-1,2,15361,18274,17697,18416,20099,21631,3175,0,1317,2000,2000,0,14639,11726,12303,11584,9901,8369,102986,1
500000,1,2,2,-1,-1,-1,-1,-1,-1,208068,188873,170225,170407,196150,167748,30072,10093,20031,60030,15008,8008,291932,311127,329775,329593,303850,332252,958229,0
180000,2,2,3,-1,-1,-1,-1,-1,2,258662,265416,279551,285045,298652,296036,11056,20000,12000,18000,0,5651,-78662,-85416,-99551,-105045,-118652,-116036,1616655,0
160000,3,2,2,-1,-1,-1,-1,-1,-1,17500,15933,19536,7550,6977,7811,10000,10000,3006,3000,3000,0,142500,144067,140464,152450,153023,152189,46301,0
200000,1,2,3,-2,-2,-2,-2,-2,-2,0,0,2479,0,0,0,0,2479,0,0,0,0,200000,200000,197521,200000,200000,200000,0,0
130000,2,2,2,-1,-1,-1,-1,-1,-1,110434,108740,122873,122870,120373,134146,4100,20000,6000,5000,20000,6000,19566,21260,7127,7130,9627,-4146,658336,0
230000,3,4,2,-1,-1,-2,-2,-2,-1,2380,0,0,0,0,31868,0,0,0,0,31868,13216,227620,230000,230000,230000,230000,198132,-10836,0
230000,1,4,2,-1,-1,-1,-1,-1,-1,3251,4342,2557,4440,4832,6059,4347,2557,4443,4832,6314,7897,226749,225658,227443,225560,225168,223941,-4909,1
60000,3,2,3,-1,-1,-1,-1,-1,-1,316,316,316,316,316,316,316,316,316,316,316,316,59684,59684,59684,59684,59684,59684,0,1
80000,2,2,3,-1,2,2,-1,-1,-1,4166,3908,0,3521,0,14206,0,0,3521,0,14206,7500,75834,76092,80000,76479,80000,65794,574,0
240000,2,2,3,-2,-1,-1,-2,-1,-1,27884,23222,0,0,13143,27383,23610,0,0,13143,27383,21718,212116,216778,240000,240000,226857,212617,5778,0
240000,2,4,2,-1,-1,-1,-1,-1,-1,35380,64013,51380,25438,19376,12889,64013,1651,1705,564,2093,144734,204620,175987,188620,214562,220624,227111,-6284,0
220000,3,2,2,-2,-2,-2,-2,-2,-2,1037,1062,0,0,0,0,1062,0,0,0,0,0,218963,218938,220000,220000,220000,220000,1037,0
50000,2,2,3,-1,-1,-1,-1,-1,-1,10950,5662,6797,7565,9565,11357,1097,1232,1000,2000,2000,4000,39050,44338,43203,42435,40435,38643,40567,1
50000,3,2,3,-1,-1,-1,-1,-1,-1,50562,50906,48888,47037,12187,9962,2000,2009,1180,1000,1000,348,-562,-906,1112,2963,37813,40038,212005,0
50000,2,2,2,-1,-1,-1,-1,-1,-1,588,588,588,926,643,643,588,588,926,643,643,643,49412,49412,49412,49074,49357,49357,-55,0
90000,2,2,2,-2,-2,-2,-2,-2,-2,1330,950,1330,950,950,11786,950,1330,950,950,11786,1250,88670,89050,88670,89050,89050,78214,80,1
80000,2,4,3,-1,-1,-1,2,-1,-1,79812,80717,80366,74782,47767,49278,2854,7014,44,1693,4000,0,188,-717,-366,5218,32233,30722,397117,0
190000,3,2,3,-1,-1,-1,-1,-1,-1,93359,95376,98954,101512,106708,109639,3404,4954,4512,6708,4639,4793,96641,94624,91046,88488,83292,80361,576538,0
210000,1,2,2,-1,-1,-1,-1,-1,-1,157544,160437,129247,119579,120318,107122,7505,7072,4009,8000,10000,12000,52456,49563,80753,90421,89682,102878,745661,0
370000,2,2,3,-1,-1,-1,-1,-1,-1,137250,141167,103000,41200,1109,99723,5927,5000,41200,1109,99723,5000,232750,228833,267000,328800,368891,270277,365490,0
80000,2,2,3,1,2,2,2,2,2,53916,52462,55327,56804,57469,58505,0,4327,3000,2200,2100,0,26084,27538,24673,23196,22531,21495,322856,1
220000,2,2,2,-1,-1,-1,-1,-1,-1,28853,29145,27171,22067,17831,15671,2000,4000,1420,2000,3000,30789,191147,190855,192829,197933,202169,204329,97529,0
230000,2,2,3,-1,-1,-1,-1,-1,-1,899,1000,1685,3207,1941,329,1000,1685,3207,0,329,2208,229101,229000,228315,226793,228059,229671,632,0
200000,2,2,2,-1,-1,-1,-1,-1,-1,13145,15549,21375,9312,23958,10825,15571,21488,9312,23958,10825,10773,186855,184451,178625,190688,176042,189175,2237,0
400000,1,4,2,-1,-1,-1,-1,-1,-1,5974,2600,110958,164959,130737,128312,2600,110958,110000,20000,58312,9031,394026,397400,289042,235041,269263,271688,232639,0
80000,2,4,3,-1,-1,-1,-1,-1,-1,22771,17047,11885,8254,5144,15365,1239,1435,1350,5144,15365,2250,57229,62953,68115,71746,74856,64635,53683,0
360000,2,2,2,-1,-1,-1,-1,-1,-1,16557,18369,20067,48307,12918,12375,3000,2000,29079,1066,1000,1000,343443,341631,339933,311693,347082,347625,91448,0
310000,1,4,2,-1,-1,-1,-1,-1,-1,308105,303679,278488,256962,262381,278117,13088,9834,9500,9700,20200,11000,1895,6321,31512,53038,47619,31883,1614410,1
150000,1,4,1,-1,-1,-1,-1,-1,-1,80299,81963,84641,86330,88885,97402,3000,4000,4000,4000,10000,4000,69701,68037,65359,63670,61115,52598,490520,0
80000,2,4,2,-1,-1,-1,-1,-1,-1,90562,85919,83023,79031,41149,30244,3340,2000,83731,2000,2000,1000,-10562,-5919,-3023,969,38851,49756,315857,0
40000,2,2,2,2,2,2,2,2,2,14408,15370,16320,16456,16492,16086,1500,1500,700,600,0,1600,25592,24630,23680,23544,23508,23914,89232,1
320000,1,4,2,-1,-1,-1,-1,-1,-1,2419,3193,5127,6871,7751,8623,2000,2000,2000,1000,1000,1000,317581,316807,314873,313129,312249,311377,24984,0
170000,2,4,2,-1,-1,-1,-1,-1,-1,153123,151050,148362,142223,126060,123978,7000,6000,5012,5000,5000,5000,16877,18950,21638,27777,43940,46022,811784,0
80000,2,4,2,-1,-1,-1,-1,-1,-1,23347,29927,53599,52038,53175,55751,10000,24369,2500,2500,5000,2700,56653,50073,26401,27962,26825,24249,220768,0
420000,1,2,2,2,-1,-1,-1,-1,-1,8117,20837,21610,10654,4427,1800,20837,1118,10658,6341,0,3,411883,399163,398390,409346,415573,418200,28488,0
170000,2,2,3,-1,-1,-1,-1,-1,-1,169625,169944,169829,162988,125969,127643,6081,6336,5205,4452,4592,4677,375,56,171,7012,44031,42357,894655,0
230000,1,2,3,-1,-1,-2,-1,-1,-2,1163,0,1487,826,-4,-4,0,1487,830,0,0,1342,228837,230000,228513,229174,230004,230004,-191,0
200000,1,2,2,-1,-1,-1,-1,-2,-2,20375,12588,9571,0,0,0,1089,1526,0,0,0,0,179625,187412,190429,200000,200000,200000,39919,0
430000,2,2,3,2,2,2,2,2,2,282880,289358,296219,300873,294527,308523,12700,13000,11000,0,19000,15000,147120,140642,133781,129127,135473,121477,1701680,1
100000,2,2,2,-1,-1,-1,2,-1,-1,18641,23380,33045,32346,36597,46121,5000,10000,0,5000,10000,0,81359,76620,66955,67654,63403,53879,160130,0
210000,1,4,2,1,-1,-1,-1,-1,-1,15207,16529,16915,16266,571,18827,16529,16920,16266,0,19136,0,194793,193471,193085,193734,209429,191173,15464,0
50000,1,2,3,-2,-2,-2,-2,-2,-2,0,1470,0,0,591,426,1470,0,0,591,426,595,50000,48530,50000,50000,49409,49574,-595,0
290000,1,4,2,-1,-1,-1,-1,-1,-1,57721,57256,57094,55293,54738,55435,2514,3007,2004,2101,2503,2503,232279,232744,232906,234707,235262,234565,322905,0
200000,1,4,2,-2,-2,-2,-2,-2,-2,0,0,2090,0,0,2820,0,2090,0,0,2820,10540,200000,200000,197910,200000,200000,197180,-10540,0
170000,1,4,2,-2,-2,-2,-2,-2,-2,7365,255,4884,4442,1800,0,255,4892,4478,1800,0,150,162635,169745,165116,165558,168200,170000,7171,0
30000,2,4,2,-1,-1,-2,-2,-2,-2,9730,0,0,0,0,0,0,0,0,0,0,0,20270,30000,30000,30000,30000,30000,9730,0
360000,2,2,3,-2,-2,-2,-2,-2,-2,2500,0,0,0,0,0,0,0,0,0,0,0,357500,360000,360000,360000,360000,360000,2500,1
110000,1,4,2,1,-2,-2,-2,-2,-2,0,0,0,0,0,0,0,0,0,0,0,0,110000,110000,110000,110000,110000,110000,0,0
180000,1,2,2,-1,-1,-1,2,2,2,151776,157050,167293,168074,167235,179461,9300,14300,5000,3400,15000,6017,28224,22950,12707,11926,12765,539,937872,0
220000,2,4,2,-1,-1,-1,-1,-1,-1,93815,96121,56148,35642,33516,30177,4300,2407,2000,2000,1100,1000,126185,123879,163852,184358,186484,189823,332612,0
190000,2,4,2,-1,-1,-1,-1,-1,-1,90945,77668,79321,80401,80872,77377,3500,3500,3000,3083,3000,3000,99055,112332,110679,109599,109128,112623,467501,0
150000,4,4,1,-1,-1,-1,-1,-1,-1,17196,12991,3305,11164,18803,22891,2012,3310,11164,18800,10000,16910,132804,137009,146695,138836,131197,127109,24154,0
350000,2,2,2,-1,-1,-1,-1,-1,-1,62862,79927,76057,65139,56984,55038,24000,6000,5000,3000,6000,5000,287138,270073,273943,284861,293016,294962,347007,0
240000,2,2,3,-1,-1,-1,-1,-1,-1,121386,123877,127344,125050,126479,130266,6000,7000,6500,5000,6000,6000,118614,116123,112656,114950,113521,109734,717902,0
230000,2,4,2,-2,-1,-1,-1,-1,-1,0,63508,59835,60963,59337,71089,63508,2300,2200,2200,25000,2400,230000,166492,170165,169037,170663,158911,217124,0
500000,1,2,1,-2,-2,-2,-2,-2,-2,6887,2926,2546,5495,180,-486,2940,2569,6360,3,0,3012,493113,497074,497454,494505,499820,500486,2664,0
160000,2,2,2,-1,-1,-1,-1,-1,2,33712,14116,-2985,1472,2985,1513,14116,0,4457,1513,0,1328,126288,145884,162985,158528,157015,158487,29399,0
290000,1,4,2,-1,-1,-1,-1,-1,-1,41626,8341,17333,34539,35288,35438,5004,10000,18000,1200,3000,2000,248374,281659,272667,255461,254712,254562,133361,0
50000,2,2,2,-1,-1,-1,-1,-1,-1,22459,48535,49350,26499,21071,18713,26499,2248,1332,544,713,3703,27541,1465,650,23501,28929,31287,151588,0
270000,1,4,2,2,2,2,-1,-1,-1,172933,184761,164009,161843,151862,0,19028,0,3451,5004,0,0,97067,85239,105991,108157,118138,270000,807925,1
260000,2,4,2,-2,-2,-2,-2,-2,-2,4456,177,1406,1006,436,5860,177,1406,1006,440,5860,1306,255544,259823,258594,258994,259564,254140,3146,0
180000,3,2,2,-2,-1,-1,-1,-1,-1,10790,7239,30418,31370,13496,23943,7239,30418,31370,13496,12000,22593,169210,172761,149582,148630,166504,156057,140,0
180000,2,4,2,-2,-2,-2,-2,-2,-2,0,0,1980,0,0,858,0,1980,0,0,858,0,180000,180000,178020,180000,180000,179142,0,0
50000,4,2,2,-1,-1,-1,-1,-1,-1,43268,39605,39702,39200,40000,0,2011,2000,1000,800,0,0,6732,10395,10298,10800,10000,50000,195964,0
50000,2,2,2,2,-1,-1,-1,-1,-1,47993,49051,39945,40254,20040,3563,2010,1904,2214,1000,129,131,2007,949,10055,9746,29960,46437,193458,1
80000,1,2,2,-1,-1,-1,-1,-1,-1,27695,15372,25919,18449,2655,20808,10000,25919,18449,2655,20808,0,52305,64628,54081,61551,77345,59192,33067,1
250000,2,2,2,-1,-1,-1,-1,-1,-1,212954,215928,221963,224949,229577,234221,8000,9510,8160,8364,8493,8625,37046,34072,28037,25051,20423,15779,1288440,0
80000,2,2,3,-1,-1,-1,-2,-2,-2,81328,82150,0,0,0,0,3750,0,0,0,0,0,-1328,-2150,80000,80000,80000,80000,159728,0
160000,2,2,2,-1,-1,-1,-1,-1,-1,13307,22887,16846,2150,1033,8264,22887,16890,2150,0,8264,8799,146693,137113,143154,157850,158967,151736,5497,0
30000,2,4,3,-1,-1,-1,-1,-1,-1,27855,30787,30128,25178,21060,16893,5000,5137,2189,2007,1009,655,2145,-787,-128,4822,8940,13107,135904,0
100000,2,2,3,-1,-1,-1,-1,-1,-1,1603,1440,1440,1440,1440,6059,1440,1440,1440,1440,6059,1440,98397,98560,98560,98560,98560,93941,163,0
100000,2,2,3,1,-1,-1,-1,-2,-2,0,766,305,0,0,0,766,305,0,0,0,0,100000,99234,99695,100000,100000,100000,0,0
130000,2,2,3,-1,2,-1,-1,-1,-1,1980,990,990,990,990,1130,0,990,990,990,1130,1000,128020,129010,129010,129010,129010,128870,1970,0
80000,2,2,2,-1,-1,-1,-1,-1,-1,81513,82816,74170,73609,46443,47231,3612,2830,2194,1797,2000,2000,-1513,-2816,5830,6391,33557,32769,391349,0
170000,1,2,3,-1,-1,-1,-1,-1,-1,93095,95044,98505,99970,102303,104654,3500,5000,4000,4000,4000,4000,76905,74956,71495,70030,67697,65346,569071,0
280000,1,2,3,-2,-2,-2,-2,-2,-2,6425,3746,3863,5740,0,1170,3746,3863,5740,0,1170,4198,273575,276254,276137,274260,280000,278830,2227,0
500000,3,2,3,2,-1,-1,-1,-1,-1,1273,79108,329774,328950,336073,1257,79113,255005,6780,8401,1262,2120,498727,420892,170226,171050,163927,498743,723754,1
300000,2,4,3,-1,-1,-1,-1,-1,-1,1215,43909,27785,5221,1278,3245,43943,27863,5234,1278,3245,22,298785,256091,272215,294779,298722,296755,1068,0
310000,2,2,3,-1,-1,-1,2,-1,-1,21692,19697,17257,7900,17161,14585,19697,2270,4,17161,7030,0,288308,290303,292743,302100,292839,295415,52130,0
120000,1,4,1,-1,2,-1,-1,2,-1,8318,2730,3647,10730,1835,5843,0,3647,10752,0,5658,6928,111682,117270,116353,109270,118165,114157,6118,0
50000,3,2,3,2,-1,-1,-1,-2,-2,48297,50487,51400,0,0,0,3000,2400,0,0,0,0,1703,-487,-1400,50000,50000,50000,144784,1
340000,4,4,1,-1,-1,-1,-1,-1,-1,262621,167331,169625,104501,102700,103824,24298,7068,8015,10053,15000,9507,77379,172669,170375,235499,237300,236176,836661,0
90000,1,4,2,2,2,3,3,3,2,20052,79532,79872,80662,80740,83275,59872,2200,2700,2000,4000,2200,69948,10468,10128,9338,9260,6725,351161,0
60000,1,4,2,1,2,-1,-1,-1,2,17992,17405,18619,19636,20326,21534,0,1500,1328,1018,1687,778,42008,42595,41381,40364,39674,38466,109201,1
380000,1,4,1,-1,-1,-1,-1,-1,-1,384979,276655,174060,172167,142135,152135,20000,9500,4180,0,10000,5000,-4979,103345,205940,207833,237865,227865,1253451,0
200000,1,4,1,-2,-2,-2,-2,-2,-2,2692,4399,5555,5818,3686,2014,4403,5573,5947,3686,2041,2540,197308,195601,194445,194182,196314,197986,-26,0
460000,1,4,1,-1,-1,-1,-1,-1,-1,82315,170894,160223,160894,165246,169983,90150,7018,7000,7002,8007,8038,377685,289106,299777,299106,294754,290017,782340,0
300000,2,2,2,-1,2,-1,-1,-1,-1,10940,10104,1610,2749,155,3167,0,1610,2768,155,3167,435,289060,289896,298390,297251,299845,296833,20590,0
360000,1,4,2,-2,-2,-2,-2,-2,-2,4765,3415,1539,6501,3458,2786,3434,1546,6541,3475,2788,5710,355235,356585,358461,353499,356542,357214,-1030,0
120000,2,2,2,-1,-1,-1,-1,-1,-1,25657,27877,1150,29225,25893,11707,3000,2000,29225,2000,2000,20000,94343,92123,118850,90775,94107,108293,63284,0
500000,2,2,2,1,-1,-1,-1,-1,-1,0,5377,4131,44588,44388,5085,5377,4131,44588,0,0,3148,500000,494623,495869,455412,455612,494915,46325,0
210000,1,2,2,-1,-1,-1,-1,-1,-1,199851,190551,192717,195700,150525,137565,7000,7791,7000,5254,5400,5380,10149,19449,17283,14300,59475,72435,1029084,1
180000,2,2,2,2,2,2,2,2,2,115166,122519,123087,126564,123040,129098,10800,4000,7000,0,8200,1500,64834,57481,56913,53436,56960,50902,707974,1
200000,2,2,2,-1,-1,-1,-1,-1,-1,47550,51427,52672,53682,51841,52921,5000,2672,2492,2006,2069,2258,152450,148573,147328,146318,148159,147079,293596,0
240000,2,2,2,-1,-1,-2,-2,-2,-2,12000,0,0,0,0,0,0,0,0,0,0,0,228000,240000,240000,240000,240000,240000,12000,0
50000,2,2,2,-2,-2,-2,-2,-2,-2,943,0,0,0,20650,0,10528,0,0,20650,0,0,49057,50000,50000,50000,29350,50000,-9585,0
240000,1,4,2,-1,-1,-1,-1,-1,-1,89988,27329,21061,27585,18019,18116,18063,18008,27067,18046,10018,17038,150012,212671,218939,212415,221981,221884,93858,0
160000,3,2,2,-1,2,-1,-1,-2,-2,2364,1095,2190,0,0,0,0,2190,0,0,0,0,157636,158905,157810,160000,160000,160000,3459,1
150000,1,4,2,-1,-1,-1,-1,-1,-1,11529,6745,6177,7215,7644,8367,2000,1262,1300,700,1000,950,138471,143255,143823,142785,142356,141633,40465,0
100000,1,4,2,-1,2,2,-1,-1,-1,5640,1570,0,3198,3198,5198,0,0,3198,0,2000,3348,94360,98430,100000,96802,96802,94802,10258,0
50000,2,4,2,1,2,-1,-1,-1,-1,49633,48475,41848,40136,40626,41970,24,2039,1965,1455,2000,1877,367,1525,8152,9864,9374,8030,253328,0
180000,1,4,2,-1,-1,-1,-1,-1,-1,31689,30210,39634,42625,44935,48436,10000,10000,5000,3000,10000,30000,148311,149790,140366,137375,135065,131564,169529,0
50000,2,2,2,1,2,-1,-1,2,-1,23250,22578,23611,25825,25111,25708,0,1397,2611,0,1000,1092,26750,27422,26389,24175,24889,24292,139983,1
20000,3,6,3,-1,-1,2,2,-1,-1,18126,20771,20434,19874,19546,0,3599,1200,1000,400,0,0,1874,-771,-434,126,454,20000,92552,1
120000,2,4,2,-1,-1,-1,2,-1,-1,2753,0,390,390,780,1206,0,780,0,780,1206,0,117247,120000,119610,119610,119220,118794,2753,0
320000,1,4,3,-1,-1,-1,-1,-1,-1,29227,49177,143588,82261,44242,22999,49619,143588,82691,44242,24010,128424,290773,270823,176412,237739,275758,297001,-101080,0
370000,2,2,2,-1,-1,-1,-1,-1,-1,219386,181046,169132,128553,88817,83763,10500,14045,8553,8817,10763,2526,150614,188954,200868,241447,281183,286237,815493,0
210000,2,4,2,-1,-1,-1,-1,-1,-1,26557,31090,58054,44624,43339,44245,5000,28008,15000,1552,1605,1615,183443,178910,151946,165376,166661,165755,195129,0
220000,3,4,3,-1,-1,-1,2,-1,-1,197139,166221,178594,174330,179525,184562,6500,15000,0,8000,8000,15000,22861,53779,41406,45670,40475,35438,1027871,0
220000,2,4,3,-1,-1,-1,-1,-1,-1,119951,122336,126415,127447,129983,132727,4375,6047,4622,4652,4838,4838,100049,97664,93585,92553,90017,87273,729487,0
210000,3,4,2,2,-1,-1,-1,-1,-1,420522,203447,206683,99411,63322,73433,16000,6549,4500,2407,12700,3200,-210522,6553,3317,110589,146678,136567,1021462,0
200000,2,2,2,-1,-1,-1,-1,-1,-1,5481,6430,4494,4771,9454,8595,1068,1140,1000,5000,3000,3000,194519,193570,195506,195229,190546,191405,25017,0
180000,2,2,3,-1,-1,-1,-1,-1,-1,9309,7596,9086,11477,4817,7121,1119,1609,3000,2500,5000,5000,170691,172404,170914,168523,175183,172879,31178,0
60000,2,2,3,1,2,-1,-1,-1,-1,61049,57244,47551,36795,30596,28354,0,2400,2100,1300,1300,1300,-1049,2756,12449,23205,29404,31646,253189,0
430000,2,2,2,-1,-1,-1,-1,-1,-1,17800,18175,11153,11073,2853,3177,2003,2000,1030,2350,2000,1150,412200,411825,418847,418927,427147,426823,53698,0
20000,2,2,2,-1,-1,-1,-1,-1,-1,5185,6547,8879,10926,17536,2090,2000,3000,3000,7000,2090,0,14815,13453,11121,9074,2464,17910,34073,0
50000,2,2,2,-1,-1,-1,-1,-1,-1,48658,50709,36114,23706,20166,19930,3000,2000,3005,700,1000,1000,1342,-709,13886,26294,29834,30070,188578,0
500000,1,4,2,-2,-2,-2,-2,-2,-2,2937,5242,17840,11303,6943,16409,5242,17840,11642,6943,16409,3362,497063,494758,482160,488697,493057,483591,-764,0
340000,1,4,2,-1,-1,-1,-1,-1,-1,334125,335778,343792,301895,198944,197439,13562,15000,12000,8120,7720,4000,5875,4222,-3792,38105,141056,142561,1651571,0
80000,3,2,3,-1,2,-1,-1,-1,-1,780,390,390,25190,390,390,0,390,25190,390,390,9278,79220,79610,79610,54810,79610,79610,-8108,1
230000,1,2,3,-1,-1,-1,-1,-1,-1,54598,48568,43140,34039,26622,11891,1528,1538,1777,1160,1500,1000,175402,181432,186860,195961,203378,218109,210355,0
170000,2,4,2,-1,-1,-1,-1,-1,-1,170687,29570,31776,34228,36645,38885,3000,3000,3000,3000,3000,3000,-687,140430,138224,135772,133355,131115,323791,0
260000,2,2,3,-1,-1,-1,-1,-1,-1,411,209,217,613,2339,1474,209,217,613,2339,0,1254,259589,259791,259783,259387,257661,258526,631,0
120000,2,2,2,-1,-1,-1,-1,-1,-1,8505,4086,6389,4520,8708,1520,4086,6389,4520,8708,1520,1520,111495,115914,113611,115480,111292,118480,6985,0
110000,2,2,2,-1,-1,-1,-1,-1,-1,102801,104907,108107,96213,68003,52684,3818,4955,3446,3000,3000,4000,7199,5093,1893,13787,41997,57316,510496,0
200000,2,2,3,-1,-1,-1,-1,-1,-1,106651,103173,104137,103422,95206,65108,3692,5000,3300,2500,2930,1500,93349,96827,95863,96578,104794,134892,558775,0
80000,3,2,3,-1,-1,-1,2,-1,-1,25505,14696,1278,1107,16634,2136,1000,2278,0,17000,2500,0,54495,65304,78722,78893,63366,77864,38578,1
420000,3,4,2,-1,-1,-1,-1,-1,-1,65958,63715,62201,56125,49114,47563,3500,3002,2200,1700,1800,1700,354042,356285,357799,363875,370886,372437,330774,0
50000,1,2,2,-1,-1,-1,2,-1,-1,10379,11200,14568,14008,14827,19297,1000,3560,0,1000,4656,712,39621,38800,35432,35992,35173,30703,73351,1
30000,2,2,2,2,2,-1,-1,-1,-1,31207,30399,30147,29366,29555,29793,0,2000,1500,1010,1055,1089,-1207,-399,-147,634,445,207,173813,1
210000,3,2,3,-1,-1,-1,-1,-1,-1,2616,7537,6730,3447,16220,5566,7537,6730,3447,16220,7564,2632,207384,202463,203270,206553,193780,204434,-2014,0
240000,1,2,2,-1,-1,-1,-1,-1,-1,214361,218626,223329,227820,227154,231935,7830,8231,8332,8187,8500,8029,25639,21374,16671,12180,12846,8065,1294116,0
240000,1,2,3,-1,-1,-1,-1,-1,-1,8732,5286,5596,3328,3763,9529,5286,5596,3328,3763,9529,4895,231268,234714,234404,236672,236237,230471,3837,0
390000,2,2,2,-1,-1,-1,-1,-1,-1,175363,164292,144731,145140,130727,131619,5551,5358,5500,5000,20000,10000,214637,225708,245269,244860,259273,258381,840463,0
30000,2,4,2,-2,-2,-2,-2,-2,-2,498,4831,477,8560,1550,955,4831,477,8561,1550,955,570,29502,25169,29523,21440,28450,29045,-73,0
50000,3,2,2,-1,2,-1,-1,-1,-1,2564,2378,4167,5438,6193,6939,0,2000,1500,1000,1000,1000,47436,47622,45833,44562,43807,43061,21179,0
70000,2,2,3,-1,-1,-1,-1,-1,-1,64049,66079,67488,58246,48859,46688,3700,3100,2200,1600,1850,1800,5951,3921,2512,11754,21141,23312,337159,1
180000,2,2,2,-1,-1,-1,-1,-1,2,36479,38813,40611,42641,45287,44577,2810,2600,2568,3214,0,1630,143521,141187,139389,137359,134713,135423,235586,0
180000,3,2,3,-1,-1,-1,-1,-1,-1,92140,92517,94808,89137,88637,84966,3892,5002,3153,5000,3037,3200,87860,87483,85192,90863,91363,95034,518921,0
470000,1,2,2,-1,-1,-1,-1,-1,-1,163000,160298,135683,128719,116173,104283,10047,5001,6010,4512,4012,3522,307000,309702,334317,341281,353827,365717,775052,0
120000,2,2,2,2,2,2,2,2,2,63700,65069,66450,67373,68186,68959,3000,3000,2600,2500,2000,3000,56300,54931,53550,52627,51814,51041,383637,1
390000,2,2,2,-1,-1,-1,-1,-1,-1,8243,4610,7599,2947,86790,3628,4644,7677,2947,87476,3639,7769,381757,385390,382401,387053,303210,386372,-335,0
50000,3,2,3,1,2,-1,-1,-1,-1,49621,46863,46153,45284,23653,20733,0,2010,1807,812,743,844,379,3137,3847,4716,26347,29267,226091,1
50000,3,2,2,-1,-1,-1,-1,-1,-1,48694,46514,47771,43739,29090,24317,1803,2060,2025,1375,1035,900,1306,3486,2229,6261,20910,25683,230927,0
140000,1,4,2,-1,-1,-1,-1,-1,-1,112933,114564,118713,121248,123232,126242,5000,6000,6000,5500,5000,6000,27067,25436,21287,18752,16768,13758,683432,0
160000,1,2,3,-2,-2,-2,-2,-2,-2,0,3843,1876,4493,5929,2973,3843,1891,4520,5950,2979,5188,160000,156157,158124,155507,154071,157027,-5257,0
30000,3,2,2,-1,-1,-1,-1,-1,-1,3860,780,27557,28433,29477,28910,780,27557,2000,1500,1100,1500,26140,29220,2443,1567,523,1090,84580,0
20000,2,2,2,-1,-1,-1,-1,-2,-2,5500,8360,6000,0,0,0,3000,1000,0,0,0,0,14500,11640,14000,20000,20000,20000,15860,0
100000,2,2,3,-1,-1,-1,-1,-1,-2,6666,6666,0,6270,-396,-396,6666,0,6270,0,0,0,93334,93334,100000,93730,100396,100396,5874,1
80000,2,2,3,-1,-1,-1,-1,-1,-1,2795,3807,4595,5172,5278,3206,1067,1121,1000,106,64,1000,77205,76193,75405,74828,74722,76794,20495,0
40000,2,4,1,1,3,2,2,-1,-1,24171,23498,24235,23557,24025,24528,0,1400,0,850,880,884,15829,16502,15765,16443,15975,15472,140000,1
180000,1,4,1,-1,-1,-1,-1,-1,-1,131007,131632,136239,138116,135246,130436,5000,7000,6500,5000,5000,5000,48993,48368,43761,41884,44754,49564,769176,0
80000,2,2,2,-1,-1,-1,-1,-1,-1,8413,4942,989,2799,2818,3638,1029,1225,2799,2000,2000,2000,71587,75058,79011,77201,77182,76362,12546,0
300000,4,2,3,-1,-1,-1,-1,-1,-1,3399,0,4358,862,862,287,0,4358,862,0,287,5159,296601,300000,295642,299138,299138,299713,-898,0
220000,1,4,1,3,3,2,2,2,-1,4695,4488,4283,5807,5568,5827,0,0,1587,0,500,586,215305,215512,215717,214193,214432,214173,27995,1
80000,1,4,1,-1,-1,-1,-1,-1,-1,35303,36215,37330,38407,39168,40037,1800,2000,2000,1700,1650,3200,44697,43785,42670,41593,40832,39963,214110,0
290000,1,4,1,-2,-2,-2,-2,-2,-2,-4,-4,853,0,71,-73,0,857,0,71,0,14688,290004,290004,289147,290000,289929,290073,-14773,0
360000,1,4,1,-1,-1,-2,-1,-1,-1,5446,-8,-8,4635,3875,1034,0,0,4643,1019,1039,984,354554,360008,360008,355365,356125,358966,7289,0
500000,2,2,2,-1,-1,-1,-1,-1,-2,26455,12229,989,2008,-59,11835,7060,1003,2018,59,11894,2,473545,487771,499011,497992,500059,488165,31421,0
430000,1,4,2,1,2,-1,-1,2,-1,14965,11576,14099,15128,14647,16317,0,3000,3500,0,2000,2000,415035,418424,415901,414872,415353,413683,76232,0
280000,3,4,2,-1,-1,-1,-1,-1,-1,5716,0,105082,105908,98380,93649,0,105082,4172,3408,3489,5295,274284,280000,174918,174092,181620,186351,287289,0
150000,1,2,1,-1,-1,-1,-1,-1,-1,58322,36865,32311,12791,390,1508,36865,32311,12956,390,1508,2224,91678,113135,117689,137209,149610,148492,55933,0
200000,1,2,2,-1,-1,-1,-1,-1,-1,101685,100328,151733,147327,59949,39197,4000,59949,6000,2000,2000,2000,98315,99672,48267,52673,140051,160803,524270,0
110000,3,4,1,-1,-1,-1,-1,-1,-1,105979,108403,109172,111940,108594,111239,5340,4000,4600,4000,4450,4100,4021,1597,828,-1940,1406,-1239,628837,0
150000,3,4,2,-1,-1,-1,-1,-1,-1,24523,22224,20880,17305,16094,18516,2029,3030,3118,3003,3040,2050,125477,127776,129120,132695,133906,131484,103272,0
120000,1,2,2,-1,-1,-1,-1,-1,-1,32598,51662,30285,24879,29479,27553,20092,10000,6000,5000,7553,14587,87402,68338,89715,95121,90521,92447,133224,0
500000,1,2,3,-1,-1,-1,-1,-1,-1,329570,71921,367979,294969,189612,128459,72001,368199,6486,234,90,167116,170430,428079,132021,205031,310388,371541,768384,0
270000,2,4,1,-1,-1,-1,-1,-1,-1,38875,38589,27846,21787,16429,5488,6000,2000,1200,330,2000,8258,231125,231411,242154,248213,253571,264512,129226,0
50000,2,4,1,-1,-1,-1,-1,-1,-1,24399,23495,22611,14174,10809,9004,4000,5000,4000,3000,1000,3000,25601,26505,27389,35826,39191,40996,84492,0
300000,3,4,2,2,2,2,2,2,2,131957,134790,137637,138886,140116,147715,6500,6500,5000,5000,10000,7000,168043,165210,162363,161114,159884,152285,791101,0
140000,2,4,2,-1,-1,-1,-1,-1,-1,97288,98068,98098,97055,97035,101525,4400,4500,3500,3500,8000,500,42712,41932,41902,42945,42965,38475,564669,1
170000,1,4,2,-1,-1,-1,-1,-1,-1,6699,2999,4896,68,2761,2673,2999,4904,68,2761,2673,1861,163301,167001,165104,169932,167239,167327,4830,0
320000,2,2,2,-1,-1,-1,-1,-1,-1,158942,155925,126767,114110,109637,95850,5057,4606,5800,3375,3324,2500,161058,164075,193233,205890,210363,224150,736569,0
200000,3,2,2,-1,-1,-1,-1,-1,-1,145687,146519,144315,130807,124688,122518,7627,4631,5066,5033,5007,5125,54313,53481,55685,69193,75312,77482,782045,0
50000,2,2,2,-2,-2,-2,-2,-2,-2,0,323,0,0,0,0,323,0,0,0,0,0,50000,49677,50000,50000,50000,50000,0,0
120000,2,2,2,-1,-1,-1,-1,-1,-1,37981,36149,37179,38500,38955,39926,1586,1616,1937,1392,1596,1684,82019,83851,82821,81500,81045,80074,218879,0
170000,2,4,2,-1,-1,-1,-1,-1,-1,13451,10539,2087,6720,23000,0,10539,2087,6720,23000,0,44400,156549,159461,167913,163280,147000,170000,-30949,0
150000,1,4,3,-2,-1,-1,-1,-1,-1,798,2305,1036,5022,3938,316,2309,1036,5048,3946,316,314,149202,147695,148964,144978,146062,149684,446,0
200000,1,4,1,-1,-1,-1,-1,-1,-1,62574,63814,65265,66234,62356,55080,2278,2473,2161,2075,1973,2000,137426,136186,134735,133766,137644,144920,362363,0
110000,1,2,2,-1,-1,-1,-1,-1,-1,49069,14241,15205,16267,53869,54138,1600,1500,1400,38002,1415,1010,60931,95759,94795,93733,56131,55862,157862,0
50000,2,2,2,3,2,-1,-1,-1,-1,50437,49317,42052,22679,19099,19648,0,2000,1500,1000,1000,1000,-437,683,7948,27321,30901,30352,196732,0
50000,3,2,3,-1,-1,-1,-1,-1,-1,13562,14821,16657,17863,16811,16802,1500,2500,1518,1000,2000,1000,36438,35179,33343,32137,33189,33198,86998,0
50000,2,2,3,2,3,3,2,-1,-1,64350,63192,57205,54371,19946,17406,5000,0,0,613,573,593,-14350,-13192,-7205,-4371,30054,32594,269691,1
110000,2,2,2,-1,-1,-1,-1,-1,-1,101706,102946,104260,104162,104754,105707,3687,3850,3670,3662,4000,3795,8294,7054,5740,5838,5246,4293,600871,0
160000,1,4,2,-2,-2,-2,-2,-2,-2,6919,2384,3642,9889,4473,5375,2389,3642,9889,4473,5591,4951,153081,157616,156358,150111,155527,154625,1747,0
20000,2,4,3,-1,2,-1,-1,-1,-1,6483,6233,7254,8106,8418,8440,0,1283,1135,447,306,307,13517,13767,12746,11894,11582,11560,41456,1
200000,2,2,3,-1,-1,-1,-1,-1,-1,93713,59223,50290,49771,92192,90772,1866,1762,1827,53248,3293,3314,106287,140777,149710,150229,107808,109228,370651,0
460000,1,2,3,-1,-1,-1,-1,-1,-1,184,1899,1819,1572,237,1572,1904,1819,1572,237,1572,230,459816,458101,458181,458428,459763,458428,-51,0
50000,3,4,3,2,-1,-1,-1,-1,-1,344,5036,1780,5808,390,780,5128,1780,5808,390,780,0,49656,44964,48220,44192,49610,49220,252,0
80000,2,4,2,-1,-1,-1,-1,-1,-1,28590,27635,26808,27680,26658,27324,1500,1600,3400,1300,3000,2000,51410,52365,53192,52320,53342,52676,151895,0
180000,1,2,3,-1,-1,-1,-1,-1,-1,15118,6041,1459,2178,2634,968,6047,3262,2178,2634,968,2432,164882,173959,178541,177822,177366,179032,10877,0
440000,2,4,2,-1,-1,-1,-1,-1,-1,431557,743970,423621,385873,364175,376228,18174,20341,13005,15410,72000,14500,8443,-303970,16379,54127,75825,63772,2571994,0
300000,2,4,2,-2,-2,-2,-2,-2,-2,188,188,585,207,0,0,188,585,207,0,0,378,299812,299812,299415,299793,300000,300000,-190,0
180000,2,4,2,-1,-1,-1,-1,-1,-1,437,0,437,0,4013,0,0,437,0,4013,0,1518,179563,180000,179563,180000,175987,180000,-1081,1
80000,2,4,3,-1,2,-1,-1,-1,-1,3598,2464,7156,2099,915,915,2,7156,2099,0,915,1065,76402,77536,72844,77901,79085,79085,5910,0
20000,2,2,3,1,2,2,-1,-1,-1,10774,11596,11119,12429,12370,12659,1300,0,1502,443,489,2961,9226,8404,8881,7571,7630,7341,64252,1
310000,1,2,2,-1,-1,-1,-1,-1,-1,101941,71874,70459,72958,55547,30970,3016,3031,10091,1429,1500,10207,208059,238126,239541,237042,254453,279030,374475,0
180000,1,2,3,1,-2,-2,-1,-1,-2,1520,-10,-10,3844,0,0,10,0,3854,0,0,0,178480,180010,180010,176156,180000,180000,1480,0
20000,2,2,3,2,-1,-1,-1,-1,-1,15552,16560,17278,18289,18653,19195,1575,1293,1304,668,843,853,4448,3440,2722,1711,1347,805,98991,1
480000,1,2,2,-1,-1,-1,-1,-1,-1,29414,33482,37501,41399,35489,33081,5002,5002,5031,1006,986,986,450586,446518,442499,438601,444511,446919,192353,0
90000,2,2,2,-1,-1,-1,-1,2,2,75451,76395,79168,84904,87914,90043,2800,4000,8000,5348,3700,3128,14549,13605,10832,5096,2086,-43,466899,0
310000,1,4,2,-1,-1,-1,-1,-1,-1,27089,37919,40136,31242,18962,9950,20000,21890,15000,9481,19900,0,282911,272081,269864,278758,291038,300050,79027,0
310000,1,2,2,-1,-1,-1,-1,-1,-1,143072,153378,176904,174117,125526,108107,30000,30000,10054,10000,10000,5000,166928,156622,133096,135883,184474,201893,786050,0
200000,2,2,2,-1,-1,-1,2,-1,-1,7026,3815,4864,1958,805,3046,6599,5748,1958,805,3100,1311,192974,196185,195136,198042,199195,196954,1993,0
100000,2,2,2,-1,2,2,-1,-1,-1,246,246,123,7286,123,123,123,0,7286,123,123,123,99754,99754,99877,92714,99877,99877,369,1
100000,3,2,2,-1,-1,-1,-1,-1,-1,79277,80928,81284,71748,67577,68217,3580,3439,2474,2400,2500,2523,20723,19072,18716,28252,32423,31783,432115,0
370000,2,2,2,-1,-1,-1,-1,-1,-1,201666,200757,192231,187486,191019,186529,7094,8500,6983,6500,7150,7000,168334,169243,177769,182514,178981,183471,1116461,0
60000,3,2,3,-1,-1,-1,-1,-1,-1,58584,59250,52413,44436,28098,26749,2700,2219,1727,1120,1500,1100,1416,750,7587,15564,31902,33251,259164,0
50000,2,4,2,2,2,-1,-1,-1,-1,50932,49799,47652,49336,28390,28985,0,2098,2782,936,971,874,-932,201,2348,664,21610,21015,247433,0
280000,1,4,2,-1,-1,-1,-1,-1,-1,92095,173354,193994,195250,204850,86279,83959,28869,13000,10000,5279,6160,187905,106646,86006,84750,75150,193721,798555,0
90000,3,2,3,-1,-1,-1,-1,-1,-1,5965,6978,8152,9009,9359,9460,1120,1293,1150,500,400,400,84035,83022,81848,80991,80641,80540,44060,1
360000,3,4,3,-2,-2,-2,-2,-2,-2,0,700,0,0,1526,0,700,0,0,1526,0,0,360000,359300,360000,360000,358474,360000,0,0
100000,3,2,3,-1,-1,-1,-1,-1,-1,139550,70620,70000,70298,69677,69672,3500,2600,3000,2500,2500,2500,-39550,29380,30000,29702,30323,30328,473217,0
30000,3,2,2,2,2,2,2,2,2,21368,22194,18098,14542,15758,13149,1500,1400,0,1527,0,524,8632,7806,11902,15458,14242,16851,100158,1
230000,4,4,3,-2,-2,-1,-1,-1,-1,0,0,150,1528,3028,4117,0,150,1528,1500,1500,4000,230000,230000,229850,228472,226972,225883,145,0
180000,2,2,3,-1,-1,-1,-1,-1,-2,108,131,550,99,0,0,131,550,99,0,0,0,179892,179869,179450,179901,180000,180000,108,0
150000,3,2,3,-1,-1,-1,-1,-1,-1,9730,0,1366,1388,3118,1148,0,1366,1388,3118,1148,496,140270,150000,148634,148612,146882,148852,9234,0
240000,1,2,2,-1,-1,-1,-1,-1,-1,86701,90251,92900,93876,91678,94280,5000,5000,3511,4000,4000,4000,153299,149749,147100,146124,148322,145720,524175,0
110000,2,2,3,-1,-1,-1,2,2,-1,5174,6184,8383,8394,7709,8084,1106,2393,300,0,500,500,104826,103816,101617,101606,102291,101916,39129,0
180000,1,4,2,-1,-1,-1,-1,-1,-1,980,960,20924,65041,50983,48533,960,20964,50988,110,971,1677,179020,179040,159076,114959,129017,131467,111751,0
50000,2,2,3,-1,-1,-1,-1,-1,-1,41836,26598,14487,16233,18543,20240,6000,2000,2000,3000,2000,2000,8164,23402,35513,33767,31457,29760,120937,0
170000,3,4,3,-2,-2,-2,-2,-2,-2,0,0,0,0,0,0,0,0,0,0,0,0,170000,170000,170000,170000,170000,170000,0,0
120000,1,2,3,-1,-1,-1,-1,-1,-1,112237,114467,116900,119228,121805,115463,4097,4278,4308,11540,5685,4390,7763,5533,3100,772,-1805,4537,665802,0
400000,2,2,3,-2,-2,-1,-1,-1,-1,10985,2441,16046,2483,10719,1722,2441,16046,2483,10719,1722,2836,389015,397559,383954,397517,389281,398278,8149,0
240000,2,2,3,-1,-1,-1,-1,-1,-1,390,390,390,390,232,540,390,390,390,232,698,390,239610,239610,239610,239610,239768,239460,-158,0
50000,2,4,2,1,2,2,2,-1,-1,47071,40218,24587,14999,13410,7378,148,3115,3,1000,415,565,2929,9782,25413,35001,36590,42622,142417,1
290000,2,2,2,1,-1,-1,-1,-1,-1,0,1839,1750,19117,12693,28468,1839,1750,19117,400,2000,3496,290000,288161,288250,270883,277307,261532,35265,0
150000,2,4,2,-1,-1,-1,-1,-1,-1,134797,138269,144163,146171,136004,138903,5600,8000,5775,5000,5200,3320,15203,11731,5837,3829,13996,11097,805412,1
170000,1,4,3,-2,-2,-1,-1,-1,-1,-3549,-8964,157499,160946,50228,53525,4557,168499,12008,3000,4000,10000,173549,178964,12501,9054,119772,116475,207621,0
230000,1,2,3,-2,-2,-2,-2,-2,-2,4957,9463,7697,5308,2048,6283,9467,7697,5308,2048,6283,18157,225043,220537,222303,224692,227952,223717,-13204,0
180000,1,4,2,-2,-2,-2,-2,-2,-2,0,0,0,0,0,0,0,0,0,0,0,0,180000,180000,180000,180000,180000,180000,0,0
260000,1,2,3,1,-1,-1,-1,-1,-1,0,5848,0,8839,62140,6647,5848,0,8839,62140,6647,7573,260000,254152,260000,251161,197860,253353,-7573,0
90000,2,2,3,-1,-1,-1,-1,-1,-1,61287,62678,63198,61633,62837,69422,3021,4236,3000,2000,7000,0,28713,27322,26802,28367,27163,20578,361798,0
520000,1,4,2,-1,-1,-1,-1,-1,-1,57536,60912,56728,55758,57911,54152,5000,7000,5000,5004,5000,5000,462464,459088,463272,464242,462089,465848,310993,0
50000,3,2,3,-1,-1,-1,-1,-1,-1,48489,49495,50866,48390,17953,23,1813,2184,1248,359,0,20706,1511,505,-866,1610,32047,49977,188906,1
320000,1,2,3,1,-2,-2,-1,-1,-1,0,0,0,370,9301,0,0,0,370,9301,0,0,320000,320000,320000,319630,310699,320000,0,0
60000,3,2,3,-1,-1,2,2,2,-1,26536,26443,18486,19077,18487,18429,5000,0,3000,2,1000,1000,33464,33557,41514,40923,41513,41571,117456,0
180000,2,2,2,-1,-1,-1,-1,-1,-1,2569,11662,11867,8111,6312,3739,11662,6003,8111,273,3739,6547,177431,168338,168133,171889,173688,176261,7925,0
290000,2,4,3,-1,-1,-1,-1,-1,-1,170373,168738,103299,104583,106447,104045,5007,3500,3500,4000,4000,5000,119627,121262,186701,185417,183553,185955,732478,0
300000,2,2,3,-2,-2,-2,-2,-2,-2,0,0,2454,217960,0,0,0,2454,218000,0,0,179999,300000,300000,297546,82040,300000,300000,-180039,0
220000,1,2,3,-1,-1,-1,-1,-1,-1,3148,4206,30770,949,3359,619,4206,30775,949,3359,619,6641,216852,215794,189230,219051,216641,219381,-3498,0
70000,2,2,2,-1,-1,2,2,2,2,15623,18370,19281,18674,21361,21872,3009,1500,0,3000,1000,0,54377,51630,50719,51326,48639,48128,106672,1
150000,3,2,3,-2,-2,-2,-2,-2,-2,0,0,0,0,0,4095,0,0,0,0,4095,0,150000,150000,150000,150000,150000,145905,0,0
80000,2,2,3,-1,-1,-1,-1,-1,-1,3463,5143,8351,3234,1819,1909,5143,6458,3917,1819,2299,1909,76537,74857,71649,76766,78181,78091,2374,0
10000,3,2,3,-1,2,-1,-1,2,2,1838,1651,172,2034,2069,1891,0,179,2034,214,0,283,8162,8349,9828,7966,7931,8109,6945,1
280000,2,2,3,-1,-1,-1,-1,-1,-1,34433,34763,25048,24116,50483,47056,1383,1647,1004,41551,2056,1670,245567,245237,254952,255884,229517,232944,166588,0
450000,2,2,3,-1,-1,-1,-1,-1,-1,1448,6018,10402,6110,7848,14279,6018,10426,6110,7848,14279,20723,448552,443982,439598,443890,442152,435721,-19299,0
230000,2,4,2,-2,-2,-2,-2,-2,-2,1716,1518,909,-1307,-3237,-5459,1518,1000,0,0,0,0,228284,228482,229091,231307,233237,235459,-8378,0
320000,1,4,2,-2,-2,-2,-2,-2,-2,0,0,2500,0,0,0,0,2500,0,0,0,0,320000,320000,317500,320000,320000,320000,0,1
200000,2,2,3,-1,-1,-1,-1,-1,-1,25897,33587,46126,63720,80736,93354,10000,15000,20000,20000,15000,20000,174103,166413,153874,136280,119264,106646,243420,0
60000,2,2,2,-1,-1,-1,-1,-1,-1,38670,37606,35189,31373,28455,26598,1606,1674,1420,937,1006,1039,21330,22394,24811,28627,31545,33402,190209,0
50000,3,2,2,-1,-1,-1,-1,-1,-1,29731,30329,26823,27454,27286,27858,1500,1500,1500,1000,956,1000,20269,19671,23177,22546,22714,22142,162025,0
30000,3,2,3,1,2,2,2,-1,-1,13012,13502,13892,14369,15333,16289,1000,900,1000,1200,1200,1200,16988,16498,16108,15631,14667,13711,79897,0
260000,1,4,2,-1,-1,-1,-1,-1,-1,5160,0,15362,21068,27669,32202,0,15362,10000,7000,5000,5000,254840,260000,244638,238932,232331,227798,59099,0
210000,2,2,3,-2,-2,-2,-2,-2,-2,7065,1459,1835,2396,0,0,1459,1835,2396,0,0,0,202935,208541,208165,207604,210000,210000,7065,0
290000,2,4,3,-1,-1,-1,-1,-1,-1,32192,32595,14688,17105,18875,21304,2500,13500,3000,3000,3000,2000,257808,257405,275312,272895,271125,268696,109759,0
20000,3,2,3,-1,-1,2,-1,-1,-1,6667,8989,8685,7698,8425,7900,2600,0,1300,1000,286,505,13333,11011,11315,12302,11575,12100,42673,0
100000,3,2,3,3,2,2,2,-1,-1,94471,92058,97624,94316,2065,0,0,8806,0,2065,0,0,5529,7942,2376,5684,97935,100000,369663,1
230000,2,2,3,-1,-1,-1,-1,-1,-1,33907,35038,36574,36985,37701,30735,2000,2100,1500,1000,1000,1000,196093,194962,193426,193015,192299,199265,202340,0
300000,1,2,2,-1,-1,-1,-1,-1,-1,28292,28686,29052,16662,9187,3617,1583,1364,1042,402,3631,7796,271708,271314,270948,283338,290813,296383,99678,0
20000,2,4,2,2,-1,-1,-1,-1,-1,19946,18694,17228,16923,10467,10526,1593,1340,1171,402,600,538,54,1306,2772,3077,9533,9474,88140,1
30000,3,2,3,-1,-1,-1,2,2,2,21969,23306,27851,27098,29866,29276,1706,5251,0,3519,0,1368,8031,6694,2149,2902,134,724,147522,1
170000,2,4,3,1,-1,-1,-1,-1,-1,0,1010,970,290,590,1222,1010,970,290,590,1222,0,170000,168990,169030,169710,169410,168778,0,0
200000,2,2,3,-1,2,2,-1,-1,2,2893,2881,1436,1261,2849,1438,1436,0,1261,2849,0,1261,197107,197119,198564,198739,197151,198562,5951,1
50000,3,4,3,-1,-1,-1,-1,-1,-1,47788,48885,49273,40385,36901,29263,2201,2250,1509,1329,1300,1200,2212,1115,727,9615,13099,20737,242706,0
20000,2,2,3,-1,-1,-1,-1,-1,-1,20441,20245,20070,20621,20347,20389,1700,1700,1600,700,710,1001,-441,-245,-70,-621,-347,-389,114702,0
60000,2,2,2,-1,-1,-1,-1,-1,-1,59274,59240,59631,58105,57194,60650,2131,2133,2050,2191,5300,0,726,760,369,1895,2806,-650,340289,0
20000,2,2,3,3,3,2,-1,-1,-1,10145,9836,10525,18930,19320,19861,0,1000,9000,1000,1000,400,9855,10164,9475,1070,680,139,76217,1
220000,2,4,2,-2,-2,-2,-2,-2,-2,3327,-17,2706,0,0,92472,0,2723,0,0,92472,10000,216673,220017,217294,220000,220000,127528,-6707,0
20000,3,2,3,-1,-1,-1,-1,-1,-1,14959,32006,17139,17979,18518,15243,1600,1700,1500,1000,1000,1780,5041,-12006,2861,2021,1482,4757,107264,0
70000,2,4,2,-1,-1,-1,-1,-1,-1,9286,2748,4689,6569,4909,0,2748,2000,2009,2000,0,0,60714,67252,65311,63431,65091,70000,19444,0
380000,1,2,3,-1,-1,-1,-1,-1,-1,121868,114627,102551,101323,84087,86661,6000,5000,5000,5000,5000,5000,258132,265373,277449,278677,295913,293339,580117,0
30000,3,2,3,-1,-1,-1,2,-1,-1,36956,35422,35714,32193,29979,28191,1553,3345,0,1000,1000,1000,-6956,-5422,-5714,-2193,21,1809,190557,0
200000,2,4,2,1,-1,2,-1,-1,-1,-3258,7244,3498,10494,6996,3498,14000,0,10494,0,0,16248,203258,192756,196502,189506,193004,196502,-12270,0
80000,2,4,2,1,2,2,2,-1,-1,81606,154026,82385,79795,48999,48161,0,7600,5,2000,2000,2000,-1606,-74026,-2385,205,31001,31839,481367,1
150000,2,4,2,-1,-1,-1,-1,-1,-1,26495,24906,6763,6581,6733,6882,1291,1101,1098,250,247,300,123505,125094,143237,143419,143267,143118,74073,0
210000,2,2,3,-1,-1,-1,-1,-1,-1,111508,113753,116845,113571,105052,104167,4100,5000,4009,3500,4000,5000,98492,96247,93155,96429,104948,105833,639287,0
70000,3,2,3,2,-1,-1,-1,-1,-1,46092,40094,39610,31047,27431,16693,1700,1700,1243,1000,500,1000,23908,29906,30390,38953,42569,53307,193824,0
280000,2,4,2,-1,-1,-1,-1,-1,-1,92579,94451,96041,98301,74624,75173,4300,4000,4033,3000,3300,3500,187421,185549,183959,181699,205376,204827,509036,0
140000,2,2,2,-1,-1,-1,-1,-1,-1,326,326,6410,4246,326,326,326,6736,4246,326,326,502,139674,139674,133590,135754,139674,139674,-502,0
200000,4,2,3,-2,-2,-2,-2,-2,-2,0,1904,0,0,0,2206,1904,0,0,0,2206,686,200000,198096,200000,200000,200000,197794,-686,0
170000,2,4,3,-1,-1,-1,-1,-1,-1,117338,116936,115762,101581,100182,99565,4211,4002,4006,3412,3486,4000,52662,53064,54238,68419,69818,70435,628247,0
50000,2,2,3,1,2,2,2,-1,-1,19208,19608,22608,21951,22287,22778,1000,3321,0,1000,1000,1001,30792,30392,27392,28049,27713,27222,121118,0
90000,2,2,2,-1,-1,-2,-1,-1,-2,4857,-43,-43,968,4385,17889,0,0,1011,4385,17889,9455,85143,90043,90043,89032,85615,72111,-4727,0
130000,1,2,2,-1,-1,-1,-1,-1,-1,63505,64121,66351,73399,71007,71253,5000,5000,10000,3000,3000,3228,66495,65879,63649,56601,58993,58747,380408,0
250000,1,2,3,2,2,2,-1,-1,-1,170489,181700,177530,181147,184784,195574,13926,0,6408,6478,13629,0,79511,68300,72470,68853,65216,54426,1050783,0
120000,1,4,2,2,2,2,2,-1,-1,110581,104687,112279,108089,88594,87630,0,10800,0,3500,3400,3500,9419,15313,7721,11911,31406,32370,590660,1
490000,1,2,2,1,2,-1,-1,-1,-1,18961,11232,19173,20400,27979,27622,0,9173,5400,7979,7622,0,471039,478768,470827,469600,462021,462378,95193,0
200000,1,2,3,1,-1,-1,-2,-2,-1,0,601,0,0,0,259,601,0,0,0,259,150,200000,199399,200000,200000,200000,199741,-150,1
200000,2,2,3,-1,-1,-1,-1,-1,-1,192821,196113,202774,176737,147151,148866,8000,10120,6500,5500,7000,6000,7179,3887,-2774,23263,52849,51134,1021342,0
100000,2,2,2,2,-1,-1,-1,-1,-1,736,1237,40476,41408,36362,34213,1237,43757,2005,1500,2000,2000,99264,98763,59524,58592,63638,65787,101933,0
280000,1,4,2,-1,-1,-1,-1,-1,-1,14697,4492,1415,15251,316,316,4501,2343,15289,316,316,3179,265303,275508,278585,264749,279684,279684,10543,0
290000,1,4,2,-1,-1,-1,-1,-1,-1,21849,9318,7964,10335,12000,13463,1500,2016,5000,2000,1463,3365,268151,280682,282036,279665,278000,276537,59585,0
160000,4,2,3,-1,-1,-1,-1,-1,-1,151214,154669,154102,149903,148435,158498,6000,5500,7000,6000,12500,6500,8786,5331,5898,10097,11565,1502,873321,0
230000,2,2,3,-1,-1,-1,-1,-1,-1,71149,71922,77500,72851,72860,48758,3000,11261,10000,2100,5000,5000,158851,158078,152500,157149,157140,181242,378679,0
130000,2,2,3,-1,-1,-1,-1,-1,-1,53714,55404,56566,57139,58300,59523,2570,2650,2100,2100,2150,3000,76286,74596,73434,72861,71700,70477,326076,0
420000,1,2,3,1,-2,-2,-2,-2,-2,0,0,0,0,0,0,0,0,0,0,0,0,420000,420000,420000,420000,420000,420000,0,1
20000,2,4,3,-1,-1,-1,-1,-1,-1,15717,16724,18051,18759,19132,19684,1276,1603,1311,684,860,874,4283,3276,1949,1241,868,316,101459,0
70000,2,2,2,1,2,-1,-1,2,-1,73688,70254,71281,73229,71426,68911,0,2800,6500,0,2821,5500,-3688,-254,-1281,-3229,-1426,1089,411168,1
230000,1,2,3,-2,-2,-2,-2,-2,-2,-96,2935,2889,17978,9462,8134,3031,2889,17993,9468,8949,3915,230096,227065,227111,212022,220538,221866,-4943,0
340000,1,4,2,-1,-1,-1,-1,-1,-1,250475,244597,241509,275045,268429,262575,11000,11060,50008,8400,10000,10000,89525,95403,98491,64955,71571,77425,1442162,0
420000,1,4,2,-1,-1,-1,-1,-1,-1,19406,17791,11796,3089,4624,210,6000,1600,1000,4641,210,3523,400594,402209,408204,416911,415376,419790,39942,0
140000,1,2,2,-1,-1,-1,-1,-1,-1,22848,24459,26254,27728,28047,29315,2000,2000,2000,1000,1500,2000,117152,115541,113746,112272,111953,110685,148151,0
30000,3,2,1,-1,-1,-1,-1,-1,-1,27217,24346,9237,5881,29083,23795,1179,1361,5921,23665,566,213,2783,5654,20763,24119,917,6205,86654,0
50000,2,4,1,1,2,-1,-1,2,2,51176,48900,48854,50243,51187,47551,0,2200,3700,2000,0,2000,-1176,1100,1146,-243,-1187,2449,288011,1
430000,2,4,1,-1,-1,-1,-1,-1,-1,401298,433835,399755,357082,363968,346718,40000,15140,15000,12565,15000,13000,28702,-3835,30245,72918,66032,83282,2191951,0
260000,3,2,3,-1,-1,-1,-1,-1,-1,2472,8160,4549,5502,3487,5416,8160,4549,1056,139,2000,381,257528,251840,255451,254498,256513,254584,13301,1
180000,1,4,2,-2,-2,-2,-2,-2,-2,-20,50664,3200,2990,12280,56020,50684,3200,2990,12280,56020,5450,180020,129336,176800,177010,167720,123980,-5490,0
100000,2,2,2,1,2,2,2,2,2,12560,16103,11166,10099,10861,9932,0,4250,0,1209,0,1000,87440,83897,88834,89901,89139,90068,64262,0
160000,2,2,2,-1,-1,-2,-2,-1,-1,106260,0,0,0,390,86188,0,0,0,390,86188,3272,53740,160000,160000,160000,159610,73812,102988,0
260000,1,2,2,-2,-2,-2,-2,-2,-2,0,0,0,0,0,0,0,0,0,0,0,0,260000,260000,260000,260000,260000,260000,0,0
200000,2,2,2,-1,-1,-1,-1,-1,-1,23870,25168,26451,27437,29401,31939,2000,2000,1437,2401,3000,6000,176130,174832,173549,172563,170599,168061,147428,0
450000,1,4,2,-2,-2,-2,-2,-2,-2,1494,538,3218,0,429,168,538,3218,0,429,168,168,448506,449462,446782,450000,449571,449832,1326,0
390000,2,2,2,-1,-1,-1,-1,-2,-2,1162,759,695,-448,-1228,-1228,759,699,115,712,0,235,388838,389241,389305,390448,391228,391228,-2808,0
390000,1,2,2,-1,-1,-1,-1,-1,-1,43098,55068,15216,16659,35241,14216,42000,15224,16659,35241,14216,72944,346902,334932,374784,373341,354759,375784,-16786,0
40000,2,2,2,-1,-1,-1,2,-1,-1,37539,38132,41217,40255,39135,37235,2000,4000,0,1700,3000,0,2461,1868,-1217,-255,865,2765,222813,1
500000,2,2,3,-1,-1,2,2,-1,-1,198342,212155,185142,115640,78082,80588,19000,5000,0,5000,10000,50000,301658,287845,314858,384360,421918,419412,780949,0
180000,2,2,2,-1,-1,-1,-1,-1,-1,5360,6176,398,629,0,978,6207,398,629,0,978,2198,174640,173824,179602,179371,180000,179022,3131,0
100000,3,2,2,1,-1,-1,-1,-1,-1,-5,580,2207,630,540,0,585,2207,630,540,0,0,100005,99420,97793,99370,99460,100000,-10,0
50000,2,4,3,-1,-1,-1,-1,-1,-1,37606,17971,10812,12237,13057,15057,3000,15000,2000,2000,2000,0,12394,32029,39188,37763,36943,34943,82740,0
40000,2,2,2,-1,-1,-1,-1,-1,-1,40125,38809,36485,28152,22161,19789,2006,2002,1603,1000,2000,0,-125,1191,3515,11848,17839,20211,176910,0
350000,1,4,3,-1,-1,-1,-2,-2,-2,5372,12179,0,0,0,0,12277,0,0,0,0,0,344628,337821,350000,350000,350000,350000,5274,0
360000,1,2,2,-1,-1,-1,-2,-2,-2,1568,2500,0,0,0,0,2500,0,0,0,0,0,358432,357500,360000,360000,360000,360000,1568,0
200000,2,4,2,-1,-1,-1,-1,-1,-1,9738,10749,11773,12784,13039,13314,1177,1201,1212,467,485,1147,190262,189251,188227,187216,186961,186686,65708,1
230000,1,4,2,-2,-2,-2,-2,-1,-1,2581,2929,6966,1935,6665,11254,2929,6966,1935,6665,8000,15941,227419,227071,223034,228065,223335,218746,-10106,0
200000,2,4,2,-2,-2,-2,-2,-2,-2,2880,0,0,0,2894,210,0,0,0,2894,210,2595,197120,200000,200000,200000,197106,199790,285,0
230000,2,2,3,-2,-2,-2,-2,-2,-1,7906,2131,5733,4292,4694,4709,2138,5756,4303,4711,4741,6037,222094,227869,224267,225708,225306,225291,1779,0
500000,1,4,2,1,-1,-1,-1,-1,-1,29091,5763,15673,9393,69526,37940,5763,15691,9393,69526,5000,20000,470909,494237,484327,490607,430474,462060,42013,0
230000,2,2,2,-1,-1,-1,-1,-1,-1,198704,202217,204255,207347,51134,50222,10000,10000,10000,50000,2000,2000,31296,27783,25745,22653,178866,179778,829879,0
340000,1,4,2,-1,-1,-1,-1,-1,-1,332916,340159,73004,72338,58935,123936,14600,3035,1958,2819,100000,3000,7084,-159,266996,267662,281065,216064,875876,0
20000,1,2,3,-1,-1,-1,2,-1,-1,13963,15227,17968,17382,18094,19399,1500,3000,0,1000,1600,0,6037,4773,2032,2618,1906,601,94933,1
20000,3,2,3,-1,-1,-1,-1,-1,-1,14203,15215,16544,17250,17604,19993,1252,1581,1287,641,2684,0,5797,4785,3456,2750,2396,7,93364,0
310000,3,2,2,-1,-1,-1,-1,-1,-1,83719,81138,87523,77902,82165,97298,5000,18088,5500,6300,17300,25500,226281,228862,222477,232098,227835,212702,432057,0
160000,2,2,2,-1,-1,-1,-1,-1,-1,2054,1949,2562,8582,2758,0,1950,2562,8582,2758,0,4163,157946,158051,157438,151418,157242,160000,-2110,0
230000,3,2,3,-2,-2,-2,-2,-2,-2,34578,495,502,944,5814,965,495,502,950,5820,965,1028,195422,229505,229498,229056,224186,229035,33538,0
200000,1,4,3,-1,-1,-2,-2,-1,-1,7277,-6,-6,3044,4412,3412,6,0,3050,4412,0,0,192723,200006,200006,196956,195588,196588,10665,0
120000,2,2,3,-1,-1,-1,-1,-1,-1,114740,113994,113989,115225,116511,112823,4038,5000,4000,5000,4000,5000,5260,6006,6011,4775,3489,7177,660244,0
350000,2,4,2,-1,-1,-1,-1,-1,-1,336061,343205,351794,357090,342253,276516,12701,14100,12109,11482,11841,115165,13939,6795,-1794,-7090,7747,73484,1829521,0
170000,2,2,2,1,2,-1,-1,-1,-1,9990,4647,1399,6548,1399,0,0,1399,6548,0,0,0,160010,165353,168601,163452,168601,170000,16036,1
240000,3,4,2,-1,-1,-1,-1,-1,-1,18086,11226,7899,8072,728,24511,1133,1124,2000,728,24709,1972,221914,228774,232101,231928,239272,215489,38856,0
100000,2,2,3,1,-2,-2,-2,-2,-2,0,0,0,0,0,0,0,0,0,0,0,0,100000,100000,100000,100000,100000,100000,0,0
130000,1,4,2,2,2,-1,-1,-1,-1,73250,71473,73892,74400,62134,63430,0,3572,2645,1813,1878,2210,56750,58527,56108,55600,67866,66570,406461,1
410000,2,2,3,2,-1,-1,-1,-1,-1,348559,354506,363666,369776,368779,369358,13000,14600,15500,14000,13580,14000,61441,55494,46334,40224,41221,40642,2089964,1
200000,3,2,3,-1,-1,-1,2,-1,-1,390,742,4352,390,780,390,742,4000,0,780,0,1757,199610,199258,195648,199610,199220,199610,-235,0
60000,2,2,3,-1,-1,-1,-1,-1,-1,59998,59702,61188,57459,26551,24901,2152,2464,1462,847,1007,3004,2,298,-1188,2541,33449,35099,278863,0
400000,2,2,3,-2,-2,-2,-2,-2,-2,0,804,11192,0,0,0,804,11242,0,0,0,0,400000,399196,388808,400000,400000,400000,-50,0
380000,1,2,3,-2,-2,-2,-2,-2,-2,12839,11097,10933,62602,6408,16791,11212,10933,62602,150000,16791,5777,367161,368903,369067,317398,373592,363209,-136645,0
210000,2,4,3,-2,-2,-2,-2,-2,-2,3577,1003,0,0,0,0,1003,0,0,0,0,150,206423,208997,210000,210000,210000,210000,3427,0
500000,1,4,3,-1,-1,-1,-1,-1,-1,290,5640,52858,151479,29343,2355,5692,52858,100756,29488,2365,8762,499710,494360,447142,348521,470657,497645,42044,0
100000,2,2,3,2,2,-1,-1,-1,-1,91534,88637,90169,84714,69482,70226,0,4458,2973,2606,2696,2695,8466,11363,9831,15286,30518,29774,479334,1
80000,2,2,3,-1,-1,-1,-1,-1,-1,3995,2045,824,0,1000,0,1000,824,0,1000,0,0,76005,77955,79176,80000,79000,80000,5040,0
80000,2,4,2,-1,-1,-1,-1,-1,-1,1068,0,100,0,1050,-150,0,100,0,1050,0,0,78932,80000,79900,80000,78950,80150,918,1
200000,1,4,2,-1,-1,-1,-1,-1,-1,77670,80051,80906,82088,81564,87241,6782,5000,4000,3000,9000,4000,122330,119949,119094,117912,118436,112759,457738,0
260000,2,4,2,-1,-1,-1,-1,-1,-1,69957,72727,73562,65954,30948,0,3945,2764,5431,633,0,0,190043,187273,186438,194046,229052,260000,300375,0
310000,2,4,2,-1,-1,-1,-1,-1,-1,309080,314220,288581,294745,301286,306515,11900,12000,12500,12930,12000,13500,920,-4220,21419,15255,8714,3485,1739597,0
30000,2,4,2,-1,-1,-1,-1,-1,-1,29480,30394,28072,28885,29287,23012,1431,1579,1402,804,732,1820,520,-394,1928,1115,713,6988,161362,1
50000,3,2,2,-1,-1,-1,-1,-1,-1,40757,39847,37561,36725,35346,33810,2000,1719,1783,1200,1200,1500,9243,10153,12439,13275,14654,16190,214644,0
310000,2,2,3,-1,-1,-1,-1,-1,-1,43990,45872,47135,46944,49121,51337,3000,3000,2000,3000,3000,1000,266010,264128,262865,263056,260879,258663,269399,0
500000,3,4,3,-1,-1,-1,-1,-1,-1,212961,264961,237006,139311,128095,181304,63000,20078,30141,30000,60000,50000,287039,235039,262994,360689,371905,318696,910419,0
30000,1,2,3,-2,-2,-2,-2,-2,-2,3340,0,1220,480,0,174,0,1220,480,0,174,1162,26660,30000,28780,29520,30000,29826,2178,0
160000,2,2,3,-1,-1,-1,-1,-1,-1,3650,1650,5650,3300,1650,1650,1650,5650,3300,1650,1650,1650,156350,158350,154350,156700,158350,158350,2000,0
350000,2,2,3,-1,-1,-1,-1,-1,-1,110472,100849,5800,369718,2000,5910,100957,5800,371718,2180,5910,6000,239528,249151,344200,-19718,348000,344090,102184,0
350000,1,2,3,-1,-1,-1,-1,-1,-1,4025,2820,3094,0,330,330,2820,3094,0,330,0,1240,345975,347180,346906,350000,349670,349670,3115,1
50000,4,2,3,-1,-1,-1,-1,-1,-1,44749,46229,46798,47647,40500,41921,2229,2298,2100,2500,1921,8432,5251,3771,3202,2353,9500,8079,248364,0
30000,2,4,3,-1,-1,-1,-1,-1,-1,9725,10766,12070,11973,10166,7966,1200,1500,2000,1166,3500,1500,20275,19234,17930,18027,19834,22034,51800,0
110000,2,4,2,-1,-1,-1,-1,-1,-1,98531,99593,100093,90437,75701,77013,3577,3680,3030,2701,2674,2669,11469,10407,9907,19563,34299,32987,523037,1
50000,2,2,2,-1,-1,-1,-1,-1,-1,22716,19198,19462,14841,11088,10301,2000,1510,4000,1000,600,500,27284,30802,30538,35159,38912,39699,87996,0
320000,2,2,2,-1,-1,-1,-1,-1,-1,3825,3835,6746,9472,11777,14282,3000,3000,3000,3000,3000,4000,316175,316165,313254,310528,308223,305718,30937,0
80000,1,4,2,-1,2,-1,-1,-1,-1,652,326,326,326,326,326,0,326,326,326,326,326,79348,79674,79674,79674,79674,79674,652,1
40000,3,2,3,-1,-1,-1,-1,-1,-1,40285,40024,39706,36431,37154,37306,1658,1601,1587,1310,1510,2000,-285,-24,294,3569,2846,2694,221240,1
330000,2,2,2,1,-1,-1,-1,2,-1,0,1380,0,404,404,24420,1380,0,404,0,24420,480,330000,328620,330000,329596,329596,305580,-76,0
160000,3,2,2,-2,-2,-2,-2,-2,-2,170,1062,0,0,0,0,1062,0,0,0,0,0,159830,158938,160000,160000,160000,160000,170,0
210000,2,2,3,-1,-1,-1,-1,-1,-1,11790,2230,390,3470,390,2140,2230,390,3470,390,2140,780,198210,207770,209610,206530,209610,207860,11010,0
50000,2,2,2,-1,-1,-1,-1,-1,-1,26277,25371,22790,23372,22216,19586,1700,1800,1300,1000,1000,900,23723,24629,27210,26628,27784,30414,131912,0
50000,3,4,3,-1,-1,2,-1,-1,-1,46468,50669,48701,49066,30177,29274,5000,0,2500,1151,1156,1052,3532,-669,1299,934,19823,20726,243496,1
120000,1,4,2,-1,-1,-1,-1,-1,-1,71199,71993,73652,75482,76686,47781,2574,2816,3200,2911,1800,2000,48801,48007,46348,44518,43314,72219,401492,0
150000,1,2,3,-2,-2,-1,2,2,-2,882,258,629,349,2825,2240,258,629,3,2825,0,2011,149118,149742,149371,149651,147175,147760,1457,0
100000,2,4,2,-1,-1,-1,-1,-1,-1,960,4348,73689,76148,77254,78967,4348,70000,4000,3000,3000,3000,99040,95652,26311,23852,22746,21033,224018,0
50000,2,4,2,2,2,2,2,-2,-1,50539,50017,48310,420,560,29793,1000,0,420,560,29793,0,-539,-17,1690,49580,49440,20207,147866,0
240000,1,4,2,-1,-1,2,-1,-1,2,176035,196664,192140,194357,205637,202417,25228,0,6947,14402,33,7167,63965,43336,47860,45643,34363,37583,1113473,0
230000,1,2,2,1,-2,-1,-1,-1,-2,0,0,181,2680,0,0,0,181,2680,0,0,0,230000,230000,229819,227320,230000,230000,0,1
290000,2,2,3,-1,-1,-1,-1,-1,-1,36335,36085,35225,35711,35381,34468,1564,1594,1840,1378,1245,1388,253665,253915,254775,254289,254619,255532,204196,0
230000,1,2,3,-1,-1,-1,-1,-2,-2,7338,-15,4685,1925,2347,0,15,4700,1925,2347,0,0,222662,230015,225315,228075,227653,230000,7293,0
360000,1,2,2,1,-2,-2,-1,-1,-1,-390,-390,-390,10872,10540,2203,0,0,11652,358,2203,390,360390,360390,360390,349128,349460,357797,7842,0
320000,2,2,2,-1,-1,-1,-1,-1,-1,129416,129575,125866,130067,131128,124469,4836,4919,6246,4395,4524,4850,190584,190425,194134,189933,188872,195531,740751,0
360000,2,2,3,-1,-1,-2,-2,-1,-1,12040,0,0,0,150,1728,0,0,0,150,1728,0,347960,360000,360000,360000,359850,358272,12040,0
90000,1,2,2,-1,-1,-1,-1,-1,2,85376,86326,88122,62706,53612,40963,4326,4322,2706,3575,0,1670,4624,3674,1878,27294,36388,49037,400506,0
500000,1,4,2,-1,-1,-1,-1,-1,-1,4677,6187,4775,31188,5827,3637,6187,4775,31188,0,4119,7390,495323,493813,495225,468812,494173,496363,2632,0
210000,2,2,2,-1,-1,-1,-1,-1,-1,91801,93039,101393,89894,75652,54329,4000,10023,3047,2007,2086,2011,118199,116961,108607,120106,134348,155671,482934,0
90000,2,2,2,-1,-1,-1,-1,-1,-1,45406,47337,48575,49667,51119,23344,3000,2000,2000,2000,2000,1087,44594,42663,41425,40333,38881,66656,253361,0
80000,3,2,3,2,-1,-1,-1,-1,-1,31023,30390,390,390,780,780,1000,390,390,780,0,0,48977,49610,79610,79610,79220,79220,61193,0
390000,2,4,2,-1,-1,-1,-1,-1,-1,27918,3115,278505,288000,264214,266704,3145,278505,15000,9310,10000,9702,362082,386885,111495,102000,125786,123296,802794,0
170000,2,4,2,1,-2,-2,-2,-2,-2,-189,-189,-189,-189,-189,-189,0,0,0,0,0,0,170189,170189,170189,170189,170189,170189,-1134,0
300000,3,2,2,-1,-1,-1,-1,-1,-1,85405,84922,84870,69725,54744,9234,3479,3319,2210,1095,1594,126463,214595,215078,215130,230275,245256,290766,250740,0
30000,3,2,2,-2,-2,-2,-2,-2,-2,1535,835,8927,5371,0,1996,835,8939,5480,0,1996,0,28465,29165,21073,24629,30000,28004,1414,0
260000,2,2,2,-2,-2,-2,-1,-1,-1,0,2399,1647,502,597,4222,2399,1647,502,597,4222,2117,260000,257601,258353,259498,259403,255778,-2117,0
500000,1,2,3,-2,-2,-2,-2,-2,-2,2128,635,13258,4562,893,2030,635,13337,4562,893,2030,0,497872,499365,486742,495438,499107,497970,2049,0
240000,2,4,2,-1,-1,-1,-1,-1,-1,238887,222691,27627,161492,128496,197209,10000,3000,135050,5000,80000,8000,1113,17309,212373,78508,111504,42791,735352,0
100000,2,2,2,1,-2,-2,-2,-1,-1,0,0,0,0,4323,2000,0,0,0,4323,2000,0,100000,100000,100000,100000,95677,98000,0,0
180000,1,2,3,-1,-1,-1,-1,2,-1,16452,18472,20546,24956,24262,24782,2616,2690,5100,0,1058,2000,163548,161528,159454,155044,155738,155218,116006,0
50000,2,2,3,-1,-1,2,-1,-1,-1,3487,3159,213,3336,1863,390,1213,0,3336,0,0,390,46513,46841,49787,46664,48137,49610,7509,0
200000,2,2,2,-1,-1,-1,-1,-1,-1,27561,17365,9889,0,9002,728,5000,1015,0,9002,728,10000,172439,182635,190111,200000,190998,199272,38800,0
20000,3,2,3,-1,-1,-1,2,-1,-1,17235,18253,20858,20202,18950,17709,1610,3215,0,780,640,1400,2765,1747,-858,-202,1050,2291,105562,0
20000,2,2,3,1,2,2,-1,-1,-1,4426,2735,-211,1863,390,390,0,0,2253,0,390,1735,15574,17265,20211,18137,19610,19610,5215,1
60000,2,2,2,-1,-1,-1,-1,-1,3,20163,21517,22860,25154,29387,30607,2000,2000,3000,5000,2000,6000,39837,38483,37140,34846,30613,29393,129688,0
260000,1,2,3,-1,-1,-1,-1,-1,-1,16827,8606,3856,12996,8788,15104,1500,3856,13000,0,15104,16764,243173,251394,256144,247004,251212,244896,15953,0
180000,3,2,3,-1,-1,2,2,-2,-2,10324,10471,6566,2375,1911,1080,3744,0,2911,9,1080,990,169676,169529,173434,177625,178089,178920,23993,0
210000,1,4,3,-1,-1,-1,-1,-1,-1,4925,32767,6273,5651,9103,8660,32930,6975,5661,9109,8664,8917,205075,177233,203727,204349,200897,201340,-4877,0
270000,2,2,2,-1,-1,-1,-1,-1,-1,73953,68207,55382,46629,28115,12847,5168,5010,2005,2000,2000,2000,196047,201793,214618,223371,241885,257153,266950,0
370000,1,2,2,-2,-2,-2,-2,-2,-2,2788,25790,3007,4246,3737,2290,25794,3007,4305,3737,2290,22259,367212,344210,366993,365754,366263,367710,-19534,0
200000,1,4,2,-1,-1,-1,-1,-1,-1,467,2628,287,9471,985,4489,2700,1000,9500,1000,4500,1301,199533,197372,199713,190529,199015,195511,-1674,0
270000,1,2,2,-2,-2,-2,-2,-2,-2,6181,12110,26069,36630,37390,19816,12140,26134,36650,37390,19816,5272,263819,257890,243931,233370,232610,250184,794,0
350000,1,4,2,-1,-1,-1,-1,-1,-1,11942,3236,7241,6800,5163,942,3252,7289,8495,5184,1,2,338058,346764,342759,343200,344837,349058,11101,0
230000,2,4,2,2,-1,2,2,-1,-1,535,3881,2297,-3,3044,2424,3888,16,0,3047,12,0,229465,226119,227703,230003,226956,227576,5215,0
130000,2,2,3,-1,-1,-1,-1,-1,-1,8920,9538,10174,11036,10552,9934,1161,1187,1439,345,346,487,121080,120462,119826,118964,119448,120066,55189,0
260000,1,2,2,-1,-1,-1,-1,-1,-1,263688,257381,260497,261593,264184,264598,8993,9501,9577,9584,10006,9269,-3688,2619,-497,-1593,-4184,-4598,1515011,0
400000,1,2,2,-2,-2,-2,-2,-2,-2,3616,0,3328,3328,3828,4893,0,6656,3328,3828,4893,4687,396384,400000,396672,396672,396172,395107,-4399,0
180000,2,4,2,-2,-1,-1,-1,-2,-2,0,1290,2985,0,0,0,1290,2985,0,0,0,0,180000,178710,177015,180000,180000,180000,0,0
220000,1,2,3,-1,-1,2,-1,-1,-1,138657,156689,150748,154481,156487,154870,22000,0,8000,7000,6500,5000,81343,63311,69252,65519,63513,65130,863432,0
210000,1,4,2,1,-2,-1,-1,-1,-1,-974,-974,20363,770,0,6138,0,21337,770,0,6138,0,210974,210974,189637,209230,210000,203862,-2922,0
240000,2,2,2,1,-2,-2,-2,-2,-2,0,0,0,0,0,0,0,0,0,0,0,0,240000,240000,240000,240000,240000,240000,0,0
240000,2,4,2,-2,-2,-2,-2,-2,-2,0,0,0,0,0,0,0,0,0,0,0,0,240000,240000,240000,240000,240000,240000,0,0
150000,2,2,3,-1,-1,-1,-1,-1,-1,60236,51815,39051,25960,12889,12890,6007,1566,1441,259,12891,12497,89764,98185,110949,124040,137111,137110,168180,0
300000,1,4,2,-1,-1,-1,-1,-1,-1,123306,126251,131968,113866,10811,158664,5000,8000,5000,1342,150000,6800,176694,173749,168032,186134,289189,141336,488724,0
180000,2,6,3,-1,-1,-1,-1,-1,-1,81147,172920,176711,127004,114179,129622,101522,10264,4598,9600,20000,5000,98853,7080,3289,52996,65821,50378,650599,0
300000,1,2,3,3,2,2,2,2,2,5000,5000,5000,5000,5000,5000,0,0,0,0,0,0,295000,295000,295000,295000,295000,295000,30000,1
70000,2,2,2,-2,-2,-2,-2,-2,-2,1533,3921,6389,0,0,0,3921,6405,0,0,0,0,68467,66079,63611,70000,70000,70000,1517,0
60000,3,4,3,-1,-1,-1,-1,-1,-1,65349,61322,56414,47643,28208,27570,2300,2507,1000,28512,994,999,-5349,-1322,3586,12357,31792,32430,250194,1
260000,1,4,2,-2,-2,-1,-1,-1,-1,1900,0,204,-810,2190,810,0,204,0,3000,0,0,258100,260000,259796,260810,257810,259190,1090,0
400000,2,2,2,-2,-2,-2,-1,-1,-1,2218,13181,4039,10692,18692,19565,13256,4039,10692,8000,9000,1000,397782,386819,395961,389308,381308,380435,22400,0
490000,1,2,3,1,-1,-1,-1,-1,-1,500,7081,1460,6213,6040,1155,7081,1460,6213,7195,0,878,489500,482919,488540,483787,483960,488845,-378,0
50000,1,4,3,2,-1,-1,2,2,2,34218,35539,38246,37332,39702,38932,1893,3600,0,3000,0,3500,15782,14461,11754,12668,10298,11068,211976,1
130000,1,4,2,-1,-1,-1,-1,-1,-1,58776,53702,43760,31540,23675,15841,2010,2037,1218,2182,1003,1001,71224,76298,86240,98460,106325,114159,217843,0
150000,2,2,2,-1,2,-1,-1,-1,-1,3204,430,29425,30437,31123,28997,0,29425,2000,1528,1518,2000,146796,149570,120575,119563,118877,121003,87145,0
70000,2,2,2,1,2,-1,-1,-1,-1,51900,49307,48214,27572,26810,20541,0,1500,1300,1505,1000,1000,18100,20693,21786,42428,43190,49459,218039,0
240000,2,2,2,-1,-1,-1,-1,-1,-1,626,1921,20740,21274,888,360,1921,19000,2624,888,360,360,239374,238079,219260,218726,239112,239640,20656,0
250000,1,2,3,-1,-1,-2,-2,-1,-1,1104,0,0,0,3000,1500,0,0,0,3000,0,3212,248896,250000,250000,250000,247000,248500,-608,0
440000,2,2,3,-1,-1,-1,-1,-1,-1,348397,356586,366049,262697,267922,274502,14006,19077,9518,9576,11083,12010,91603,83414,73951,177303,172078,165498,1800883,0
130000,2,2,3,-1,-1,-1,-1,-1,-1,133559,129869,118032,95953,73970,107785,5400,6950,4600,4000,2000,2300,-3559,131,11968,34047,56030,22215,633918,0
60000,2,2,2,-1,-1,-1,-1,-1,-1,59462,60866,54007,52089,29397,29110,3000,2570,2202,1200,1100,1100,538,-866,5993,7911,30603,30890,273759,1
290000,2,2,3,-1,-1,-2,-1,-1,-1,2025,0,0,9194,9194,399,0,0,9194,0,399,9290,287975,290000,290000,280806,280806,289601,1929,0
150000,2,2,3,-1,-1,-1,-1,-1,-1,4474,3881,1207,1617,0,620,3000,2306,2610,0,620,0,145526,146119,148793,148383,150000,149380,3263,0
240000,2,2,2,-1,2,-1,-1,-1,-1,1769,842,14015,0,1317,566,0,14015,0,1317,0,0,238231,239158,225985,240000,238683,239434,3177,0
220000,1,2,3,-1,-1,-1,-1,-1,-1,4009,1689,12370,12095,1832,4691,1689,12373,12099,1832,5001,10311,215991,218311,207630,207905,218168,215309,-6619,1
100000,1,4,2,3,2,-1,-1,-1,-1,2156,1151,1151,35499,33051,36627,0,1151,35499,10000,6627,7000,97844,98849,98849,64501,66949,63373,49358,0
200000,1,2,2,-2,-2,-2,-2,-2,-2,5553,2294,359,0,353,342,2294,359,0,353,342,0,194447,197706,199641,200000,199647,199658,5553,0
400000,1,2,2,-1,-1,-1,-1,-1,-1,10677,31405,26717,25434,6973,9899,31008,26862,3000,2000,3000,0,389323,368595,373283,374566,393027,390101,45235,0
500000,1,2,3,-2,-2,-2,-2,-2,-2,3634,296,966,6675,-10,2055,299,1169,6708,0,2065,1133,496366,499704,499034,493325,500010,497945,2242,0
230000,1,2,3,-1,-1,-1,-1,-1,-1,6348,0,967,0,699,499,0,967,0,699,499,0,223652,230000,229033,230000,229301,229501,6348,1
50000,2,4,3,-1,-1,-1,-1,-1,-1,48474,48388,38972,47584,28055,28571,2334,1918,12530,1001,1035,1198,1526,1612,11028,2416,21945,21429,220028,0
180000,2,2,3,-1,-1,-1,-1,-1,-1,578,911,578,578,578,438,911,578,578,578,438,280,179422,179089,179422,179422,179422,179562,298,0
200000,1,4,2,-1,-1,-1,-1,-1,-1,90708,58787,104382,91888,88267,85471,2768,48617,3243,3000,3233,3000,109292,141213,95618,108112,111733,114529,455642,0
230000,1,4,2,-2,-2,-2,-2,-2,-2,1985,7150,20123,1671,1244,0,8075,20200,1671,1244,0,809,228015,222850,209877,228329,228756,230000,174,0
210000,2,2,2,-1,-1,2,-1,-1,-1,201223,214479,193598,178416,143879,125004,17580,0,7193,3500,4881,3679,8777,-4479,16402,31584,66121,84996,1019766,1
170000,3,4,2,2,-1,-1,-1,-1,-1,170348,166348,162319,165592,167482,171106,7622,7354,7464,6127,6550,6100,-348,3652,7681,4408,2518,-1106,961978,0
200000,1,4,3,-1,-1,-1,-1,-1,-1,2615,9855,11162,45607,23359,25713,9855,21162,45614,23359,25713,9884,197385,190145,188838,154393,176641,174287,-17276,0
350000,1,2,3,-1,2,-1,-1,-1,-1,3931,2570,27036,1559,1962,3683,0,27036,1559,1962,3683,3074,346069,347430,322964,348441,348038,346317,3427,0
360000,3,4,3,-2,-2,-2,-2,-2,-2,3578,3658,3578,3578,3578,4268,3658,3578,3578,3578,4268,3578,356422,356342,356422,356422,356422,355732,0,0
160000,1,4,2,-1,-1,-1,-1,-1,-2,3027,1116,2179,5468,80,1314,1116,2183,5468,80,1314,0,156973,158884,157821,154532,159920,158686,3023,0
230000,1,2,2,-2,-2,-2,-2,-2,-2,0,1663,4777,1755,2442,2724,1663,4777,1763,2445,2727,17136,230000,228337,225223,228245,227558,227276,-17150,0
110000,2,2,3,-1,-1,-1,-1,-1,-1,42214,43195,43699,45662,47592,48674,2000,3000,3000,3000,2000,2000,67786,66805,66301,64338,62408,61326,256036,0
520000,2,4,3,-1,-1,-1,-1,-1,-1,437492,405442,381086,353074,330171,324386,14710,14200,12300,11200,11200,11200,82508,114558,138914,166926,189829,195614,2156841,0
280000,1,4,2,-1,-1,-1,-1,-1,-1,192045,195162,198105,202919,197380,201927,9300,9500,9509,7100,7800,8200,87955,84838,81895,77081,82620,78073,1136129,0
240000,1,4,2,-1,-1,-1,-1,-1,-1,3376,0,4649,1528,7378,682,0,4649,1533,7378,0,0,236624,240000,235351,238472,232622,239318,4053,0
20000,3,4,2,1,-1,3,2,2,-2,-363,204,204,204,-14,-2400,567,0,0,0,20,3800,20363,19796,19796,19796,20014,22400,-6552,0
210000,2,4,2,-1,-1,-1,-1,-1,-1,184705,188235,193694,178664,149612,151226,7000,9057,6507,9808,6000,5500,25295,21765,16306,31336,60388,58774,1002264,0
250000,1,4,2,-1,-1,-1,-1,-1,-1,144807,162326,168186,175369,178156,189259,20000,10000,10000,7200,14000,7200,105193,87674,81814,74631,71844,60741,949703,0
90000,3,2,3,-1,-1,-1,-1,-1,-1,1473,1473,1473,1473,1473,1473,1473,1473,1473,1473,1473,34619,88527,88527,88527,88527,88527,88527,-33146,0
70000,2,4,2,-1,-1,-1,-1,-1,-1,2429,3878,4957,6209,6338,6587,1500,1300,1500,380,500,500,67571,66122,65043,63791,63662,63413,24718,1
90000,1,4,2,-1,-1,-1,-1,-1,-1,39317,28491,20367,16680,10320,7601,1808,1657,1000,206,7601,286,50683,61509,69633,73320,79680,82399,110218,1
180000,1,2,2,-1,-1,-1,-1,-1,-1,547,547,759,1042,796,547,547,759,1000,796,0,249,179453,179453,179241,178958,179204,179453,887,0
210000,1,2,3,1,-2,-2,-2,-2,-2,0,0,0,0,0,0,0,0,0,0,0,0,210000,210000,210000,210000,210000,210000,0,1
250000,2,4,2,-1,-1,-1,-1,-1,-1,197436,201831,206282,210963,215711,218692,7500,7527,8000,8000,8000,8500,52564,48169,43718,39037,34289,31308,1203388,0
200000,4,4,2,-1,-1,2,-1,-1,-1,17160,7289,2868,9470,5816,7809,2880,0,9470,5834,7809,2886,182840,192711,197132,190530,194184,192191,21533,0
240000,2,4,2,2,2,-1,-1,-1,-1,247477,241976,242629,239438,203445,203585,11,10949,9419,7461,7601,7501,-7477,-1976,-2629,562,36555,36415,1335608,0
500000,3,4,2,1,-2,-2,-2,-2,-2,0,0,0,0,0,0,0,0,0,0,0,0,500000,500000,500000,500000,500000,500000,0,0
20000,2,2,2,1,2,-1,-1,-1,-1,18931,18329,19441,20113,19864,15424,0,1414,1146,729,970,0,1069,1671,559,-113,136,4576,107843,0
160000,3,2,3,-2,-2,-2,-2,-2,-2,-18,-18,-18,-18,-18,-18,0,0,0,0,0,0,160018,160018,160018,160018,160018,160018,-108,0
250000,1,2,2,-2,-2,-2,-2,-2,-2,3829,4360,4420,18311,2887,4768,4374,4423,18311,2887,4768,591,246171,245640,245580,231689,247113,245232,3221,0
360000,2,2,3,-2,-2,-2,-2,-2,-2,1715,3662,12595,223,222,490,3680,12657,224,223,492,494,358285,356338,347405,359777,359778,359510,1137,0
300000,2,2,3,-1,-1,-1,-1,-1,-1,7948,576,2660,2319,1905,257,576,2684,2319,1905,257,3743,292052,299424,297340,297681,298095,299743,4181,0
500000,2,2,3,-1,-1,-1,-1,-1,-1,494140,274198,214481,112222,33958,9684,14515,10815,5874,2729,9784,279706,5860,225802,285519,387778,466042,490316,815260,0
420000,2,2,3,-1,-1,-1,-1,2,-1,101873,99516,99873,100361,90052,89112,3517,3537,6810,0,2764,3500,318127,320484,320127,319639,329948,330888,560659,0
30000,2,4,2,-1,-1,-1,-1,-1,-1,2114,490,30452,29667,28596,29180,490,33299,1400,572,584,400,27886,29510,-452,333,1404,820,83754,0
260000,2,2,3,-1,-1,-1,-1,-1,-1,85378,71870,72994,57382,58522,59748,2664,2376,2084,2095,2169,2182,174622,188130,187006,202618,201478,200252,392324,0
360000,2,2,3,-1,-1,-1,-1,-1,-1,20137,3332,3542,6487,3437,4875,3332,3752,6487,3437,4875,24181,339863,356668,356458,353513,356563,355125,-4254,0
220000,2,4,2,-1,-1,-1,-1,-1,-1,18477,16341,11125,10000,10000,10000,16370,11125,10000,10000,10000,301,201523,203659,208875,210000,210000,210000,18147,0
20000,3,2,2,-1,-1,-1,-1,-1,-1,19792,19995,20269,18268,19478,19885,1339,1500,1290,1500,704,882,208,5,-269,1732,522,115,110472,0
230000,1,4,2,-2,-2,-2,-2,-2,-2,-18,-18,-18,-18,-18,-18,18,0,0,0,0,0,230018,230018,230018,230018,230018,230018,-126,1
100000,2,2,3,-1,2,2,-1,-1,-1,2427,1225,935,5362,4082,-75,935,0,5362,0,0,0,97573,98775,99065,94638,95918,100075,7659,0
180000,1,2,3,-2,-2,-2,-2,-2,-2,0,0,0,0,0,0,0,0,0,0,0,0,180000,180000,180000,180000,180000,180000,0,0
300000,2,2,3,-1,-1,-1,-1,-1,-1,12975,13149,13408,12714,12437,11166,1520,2000,1452,1000,649,344,287025,286851,286592,287286,287563,288834,68884,0
160000,3,2,3,-1,-1,-1,-2,-2,-2,960,485,0,0,0,0,485,0,0,0,0,0,159040,159515,160000,160000,160000,160000,960,0
10000,2,6,3,-1,-1,-1,-1,-1,2,6110,6302,5972,6985,7845,7574,1240,1200,1120,980,0,268,3890,3698,4028,3015,2155,2426,35980,0
300000,1,2,2,-2,-2,-2,-2,-2,-2,2973,2694,7270,2970,2359,8492,2702,7286,2978,2369,10011,7259,297027,297306,292730,297030,297641,291508,-5847,0
80000,1,2,2,-1,-1,-1,-1,-1,-1,104989,100150,94413,89400,84271,79502,4369,3343,3137,2914,3151,3320,-24989,-20150,-14413,-9400,-4271,498,532491,0
440000,1,2,2,-1,-1,-1,-1,-1,-1,388357,390101,387948,354871,238196,200777,14193,14740,9655,6453,5478,4919,51643,49899,52052,85129,201804,239223,1904812,1
80000,2,4,2,-1,-1,-1,-1,2,-1,12554,13564,14608,17441,16866,17443,1523,1567,3400,0,1000,1000,67446,66436,65392,62559,63134,62557,83986,0
230000,1,2,3,-2,-2,-2,-2,-2,-2,0,0,0,0,0,136,0,0,0,0,136,1233,230000,230000,230000,230000,230000,229864,-1233,0
340000,2,2,3,-1,-1,-1,-1,-1,-1,507,892,5221,7627,580,999,892,5269,8193,596,999,176340,339493,339108,334779,332373,339420,339001,-176463,0
50000,2,4,3,-1,-1,-1,-1,-1,-1,50099,17402,19111,20784,23428,25040,1291,2000,2000,3000,2000,2000,-99,32598,30889,29216,26572,24960,143573,0
80000,1,2,2,-1,-1,-1,-1,-1,-1,2028,286,14255,10056,317,728,286,14255,10071,317,728,16312,77972,79714,65745,69944,79683,79272,-14299,0
150000,1,2,3,-2,-2,-2,-2,-2,-2,39139,15269,12853,12531,5325,2086,15374,12904,12541,5330,2086,2627,110861,134731,137147,137469,144675,147914,36341,0
160000,1,2,3,-1,-1,-1,-1,-1,-1,2980,2817,0,450,748,5054,2817,0,450,748,5054,4711,157020,157183,160000,159550,159252,154946,-1731,1
390000,4,2,3,-1,-1,-1,-1,-1,-1,195688,199033,197961,195958,196019,199014,7636,5653,5545,5532,5859,6818,194312,190967,192039,194042,193981,190986,1146630,0
500000,1,2,2,-2,-2,-2,-2,-2,-2,16801,14782,23095,49379,35313,23024,14805,23111,49397,35313,23856,27740,483199,485218,476905,450621,464687,476976,-11828,0
100000,2,2,2,-1,-1,-1,-1,-1,-1,29222,29378,25409,23072,22745,22492,1432,1452,1226,675,748,569,70778,70622,74591,76928,77255,77508,146216,0
310000,1,2,3,-1,-1,-1,-1,-1,-1,30680,126866,129449,106382,98892,92599,100000,16036,5000,3000,3000,3000,279320,183134,180551,203618,211108,217401,454832,0
30000,1,4,3,-1,-1,-1,-1,-1,-1,29327,30487,29417,30379,30452,0,1659,1589,1551,1124,0,0,673,-487,583,-379,-452,30000,144139,0
20000,2,4,3,-1,-1,-1,-1,-2,-2,7221,8329,8840,-1560,-1560,-1560,1245,1400,0,0,0,0,12779,11671,11160,21560,21560,21560,17065,0
500000,1,4,3,-1,-1,-1,-1,-1,-1,87206,90487,19892,20377,32177,41677,5303,10000,1200,12000,10000,0,412794,409513,480108,479623,467823,458323,253313,0
150000,1,4,2,-2,-2,-2,-2,-2,-2,702,0,0,0,0,0,0,0,0,0,0,0,149298,150000,150000,150000,150000,150000,702,0
360000,1,4,2,1,2,-1,-1,-1,-1,4741,4534,6491,8422,8665,0,0,2000,2000,243,0,0,355259,355466,353509,351578,351335,360000,28610,1
200000,1,4,2,-1,-1,-1,-1,-1,-1,68244,65243,61590,47301,47232,25231,6018,2507,2011,4140,5072,500,131756,134757,138410,152699,152768,174769,294593,0
270000,1,4,2,-1,-1,-1,-1,-1,-1,16699,17908,19114,20341,20617,16223,1800,1500,1600,830,1000,1000,253301,252092,250886,249659,249383,253777,103172,0
230000,2,4,2,-1,-1,-1,-1,-1,-1,17957,18063,20755,23278,24083,25145,3000,3000,3000,4000,4000,3000,212043,211937,209245,206722,205917,204855,109281,0
150000,1,2,3,-1,-1,-1,-2,-2,-2,1221,176,0,0,0,0,176,0,0,0,0,0,148779,149824,150000,150000,150000,150000,1221,0
240000,1,2,3,-1,-1,-1,-1,-1,-1,129776,126395,129371,132218,136003,139798,5000,5000,5000,6000,6000,5098,110224,113605,110629,107782,103997,100202,761463,0
250000,2,2,3,-1,-1,-1,-1,-1,-1,41075,31898,103675,91487,83374,67445,5000,94000,3000,7000,20006,30034,208925,218102,146325,158513,166626,182555,259914,0
240000,1,2,2,-1,-1,-1,-1,-1,-1,3664,5770,10412,4578,5928,5619,5770,10420,1150,5928,3619,13227,236336,234230,229588,235422,234072,234381,-4143,1
340000,1,4,2,-1,-1,-1,-1,-1,-1,1780,28620,66633,182856,166943,126445,28763,66652,123267,26207,948,52876,338220,311380,273367,157144,173057,213555,274564,0
160000,1,4,2,-2,-2,2,2,-1,-1,52010,4792,194,1900,1900,1150,4792,150,3800,0,0,0,107990,155208,159806,158100,158100,158850,53204,0
180000,2,2,2,-1,-1,-1,-1,-1,-1,44806,47050,49282,50159,51336,54332,3000,3000,2000,2011,4000,3000,135194,132950,130718,129841,128664,125668,279954,0
240000,2,2,3,-2,-1,-1,-1,-2,-2,852,1738,186673,5517,2660,1480,1746,187473,5517,2660,1480,0,239148,238262,53327,234483,237340,238520,44,0
120000,2,4,3,-1,-1,-1,-1,-1,-1,121427,60163,61723,25638,26092,14586,77225,21903,25646,5080,0,5052,-1427,59837,58277,94362,93908,105414,174723,0
150000,4,2,3,-1,-1,-1,-1,-1,-1,21001,12406,14587,59974,51049,47079,4000,2500,55000,1115,1000,0,128999,137594,135413,90026,98951,102921,142481,0
210000,1,4,2,1,-2,-2,-2,-2,-2,0,0,0,0,0,0,0,0,0,0,0,0,210000,210000,210000,210000,210000,210000,0,0
500000,2,2,2,-1,-1,-1,-1,-1,-1,348526,345128,337816,316739,167616,364940,15210,15022,20121,5925,35069,35110,151474,154872,162184,183261,332384,135060,1754308,0
80000,3,2,3,-1,-1,-1,-1,-1,-1,79967,75920,73968,71919,59894,59405,2700,2875,3000,3000,4000,2500,33,4080,6032,8081,20106,20595,402998,0
30000,3,4,3,-2,-2,-2,-2,-2,-2,0,0,0,0,300,390,0,0,0,300,390,930,30000,30000,30000,30000,29700,29610,-930,0
60000,2,2,2,-1,-1,-1,-1,-1,-1,56379,23161,21106,22345,25720,23467,3000,1386,1625,4000,3000,3000,3621,36839,38894,37655,34280,36533,156167,0
370000,2,4,2,-2,-2,-2,-2,-2,-2,20108,13976,12939,11367,17049,27337,13994,12939,11380,17049,27337,14146,349892,356024,357061,358633,352951,342663,5931,0
30000,2,2,2,-1,-1,-1,-1,-1,-1,390,390,390,390,390,0,390,390,390,390,0,780,29610,29610,29610,29610,29610,30000,-390,0
150000,1,2,2,-1,-1,-2,-2,-2,-2,6154,0,0,0,0,0,0,0,0,0,0,26286,143846,150000,150000,150000,150000,150000,-20132,1
100000,1,4,3,-1,-1,-1,-1,-1,-2,61618,60380,58567,79527,18950,19667,2406,2200,22004,656,1000,396,38382,39620,41433,20473,81050,80333,270047,0
80000,2,2,2,-1,-1,-1,-1,-1,-1,48784,46401,39456,30712,29629,28241,2194,1560,1421,1001,1000,1008,31216,33599,40544,49288,50371,51759,215039,0
200000,1,4,2,-1,-1,-1,-1,-1,-1,8479,2021,1050,0,400,976,2021,1050,0,400,976,1123,191521,197979,198950,200000,199600,199024,7356,0
80000,2,2,2,2,3,2,2,-1,-1,51016,51081,52059,47912,48646,49341,1200,2100,0,1800,2000,2000,28984,28919,27941,32088,31354,30659,290955,1
140000,2,2,3,-1,-1,-1,-1,-1,-1,156062,158495,160681,144194,144802,147311,5750,5530,6600,5100,5460,5460,-16062,-18495,-20681,-4194,-4802,-7311,877645,0
290000,2,4,3,-1,-1,-1,-1,-1,-1,258360,263820,265115,264323,221070,219295,12025,10000,9883,7738,7813,10000,31640,26180,24885,25677,68930,70705,1434524,0
350000,1,2,2,-1,-1,-1,-1,-1,-1,28489,28934,20558,29866,37587,15307,28950,20565,29880,27697,5330,31990,321511,321066,329442,320134,312413,334693,16329,0
310000,1,2,2,-2,-2,-2,-2,-2,-2,12080,1989,4566,5329,5724,1518,1989,4566,5433,5724,1336,0,297920,308011,305434,304671,304276,308482,12158,0
80000,2,2,3,-1,-1,-1,-1,-1,2,18172,19559,20437,26591,28350,27758,2000,1500,6500,2200,0,1100,61828,60441,59563,53409,51650,52242,127567,1
30000,3,2,2,-1,-1,-1,-1,-1,-1,25689,26455,27525,28545,29388,30133,1500,1500,1500,1300,1200,1500,4311,3545,2475,1455,612,-133,159235,1
230000,2,4,3,-2,-2,-2,-1,-1,-1,0,0,0,1360,680,600,0,0,1360,0,600,0,230000,230000,230000,228640,229320,229400,680,0
150000,1,2,2,-2,-2,-2,-2,-2,-2,0,0,0,0,0,0,0,0,0,0,0,0,150000,150000,150000,150000,150000,150000,0,0
110000,2,2,1,-1,-1,-1,-1,-1,-1,60101,61589,60822,62306,63768,65239,2505,2500,2500,2500,2500,2640,49899,48411,49178,47694,46232,44761,358680,0
170000,2,2,1,-1,-1,-1,-1,-1,-1,50104,32978,11779,79862,39617,34091,2000,2009,78417,8000,3000,3000,119896,137022,158221,90138,130383,135909,152005,0
200000,1,4,2,1,-1,2,-1,-1,-1,0,1186,1024,990,1000,0,1186,0,990,10,0,840,200000,198814,198976,199010,199000,200000,1174,0
260000,2,2,2,-1,-1,-1,-1,-1,-1,147565,149777,151583,155493,158624,161902,7129,5179,5276,4537,4670,4717,112435,110223,108417,104507,101376,98098,893436,0
50000,2,4,3,-1,-1,-1,-1,-1,-1,39296,40638,41741,45982,43041,42957,2000,1759,5000,1525,1569,3000,10704,9362,8259,4018,6959,7043,238802,0
50000,2,6,3,-1,-1,-1,-1,-1,-1,49699,49446,50694,44858,19298,19514,1857,2295,1572,5000,1000,813,301,554,-694,5142,30702,30486,220972,0
420000,1,2,3,-2,-2,-2,-2,-2,-2,19629,8705,18653,36076,27823,0,8765,18728,36430,27906,0,9268,400371,411295,401347,383924,392177,420000,9789,0
220000,1,4,2,-2,-2,-2,-1,2,-1,637,0,0,300,300,728,0,0,365,0,578,198,219363,220000,220000,219700,219700,219272,824,1
230000,1,2,2,-2,-2,-2,-2,-2,-2,928,282,282,2427,282,282,282,282,2427,282,282,1886,229072,229718,229718,227573,229718,229718,-958,0
280000,2,4,3,-1,-1,-1,-1,-1,-1,278569,277306,225732,229877,219267,225421,11005,12000,12100,12000,10000,10000,1431,2694,54268,50123,60733,54579,1389067,0
20000,2,2,3,-1,-1,2,-1,-1,-1,25102,27906,26153,26745,26359,25974,3550,0,2400,1000,1000,8000,-5102,-7906,-6153,-6745,-6359,-5974,142289,1
200000,1,4,3,-1,-1,-1,-1,-1,-1,35210,34606,34800,33275,33435,32778,1858,2100,2000,3435,3000,3277,164790,165394,165200,166725,166565,167222,188434,0
280000,1,2,2,-1,-1,-2,-1,-1,-1,8909,3173,13947,7676,6155,3695,3571,14080,7742,6178,3711,6056,271091,276827,266053,272324,273845,276305,2217,0
170000,2,2,3,-1,-1,-1,-1,-1,2,130668,121100,123414,114180,122332,120270,5900,5800,6000,11600,0,9400,39332,48900,46586,55820,47668,49730,693264,1
50000,2,2,3,-1,-1,-1,-1,-1,-1,49624,49357,49366,49221,48848,47545,2100,2150,2200,2000,2000,3000,376,643,634,779,1152,2455,280511,0
240000,1,4,2,-1,-1,-1,-1,-1,-1,103100,106908,109419,111838,112727,115479,5295,5500,5500,4000,4500,4000,136900,133092,130581,128162,127273,124521,630676,0
200000,3,6,3,-1,-1,-1,-1,-1,-1,45876,35732,18000,27404,2644,2262,1732,1000,27404,2644,2262,4500,154124,164268,182000,172596,197356,197738,92376,0
100000,2,4,3,-1,-1,-1,-1,-1,-1,117464,81625,81815,78927,77418,74657,2962,2986,2807,2686,2767,2909,-17464,18375,18185,21073,22582,25343,494789,1
230000,1,4,2,-1,-1,-1,-1,-1,-1,185129,185099,186698,181156,129441,135383,10024,8638,6500,50000,8008,4789,44871,44901,43302,48844,100559,94617,914947,0
240000,2,2,2,-1,-1,-1,-1,-1,-1,199789,203156,201267,182484,182478,175394,9000,9319,6200,5894,5100,6300,40211,36844,38733,57516,57522,64606,1102755,0
240000,2,4,2,-1,-1,-1,-1,-1,-1,132252,135069,136408,139192,142111,145165,6500,5000,5057,5239,5500,5000,107748,104931,103592,100808,97889,94835,797901,0
80000,2,2,2,-1,-1,-1,-1,-1,-1,22657,19940,19870,18155,11119,5203,1320,1540,1005,222,1000,2000,57343,60060,60130,61845,68881,74797,89857,0
80000,2,4,2,-1,-1,-1,-1,-1,-1,21072,2520,-3990,22193,21546,1922,2620,0,27194,1381,1922,2781,58928,77480,83990,57807,58454,78078,29365,0
50000,3,2,3,-1,-1,2,-1,-1,-1,2896,1360,812,4012,28672,28875,1500,500,4100,28800,1011,1041,47104,48640,49188,45988,21328,21125,29675,0
180000,2,2,2,-1,-1,-1,-1,-1,-1,150345,145797,147825,145482,141846,132687,5300,6840,6700,5100,5000,4800,29655,34203,32175,34518,38154,47313,830242,1
150000,1,4,2,-2,-2,-2,-2,-2,-2,4847,4268,0,1193,-127,-127,4268,0,1193,0,0,1956,145153,145732,150000,148807,150127,150127,2637,0
140000,1,2,3,2,2,2,-1,-1,-1,141321,141836,139070,134168,135678,136494,4300,1003,4854,5500,5200,5100,-1321,-1836,930,5832,4322,3506,802610,1
80000,2,2,3,2,-1,-1,-1,-1,-1,68612,69971,71846,72372,73475,74842,3100,3600,2720,2400,2224,3990,11388,10029,8154,7628,6525,5158,413084,0
300000,2,2,3,-2,-2,-2,-2,-2,-2,5972,1854,2105,835,1761,2849,1857,2109,835,1761,2853,6282,294028,298146,297895,299165,298239,297151,-321,0
350000,2,4,2,-1,-1,-1,-1,-1,-1,19202,16576,16801,15238,10267,9578,1300,2000,1500,1000,1500,2500,330798,333424,333199,334762,339733,340422,77862,0
110000,3,4,3,-1,-1,-1,-1,-1,-1,44590,45846,47104,48325,0,49461,2000,2000,2000,2000,0,2000,65410,64154,62896,61675,110000,60539,225326,1
130000,2,2,2,-1,-1,-1,-1,-1,-1,33346,37902,42496,45954,51419,55919,5448,5542,4500,5465,4500,5662,96654,92098,87504,84046,78581,74081,235919,0
130000,2,2,3,-1,-1,-1,-1,-2,-2,126840,116746,59839,0,0,0,5298,2606,0,0,0,0,3160,13254,70161,130000,130000,130000,295521,0
170000,2,4,3,-1,-1,-1,-1,-1,-1,99728,97889,99902,100128,101531,102770,4500,5000,4000,4000,4000,7000,70272,72111,70098,69872,68469,67230,573448,0
310000,1,2,3,-1,-1,-1,-1,-1,-1,112343,25349,21033,19033,9588,5222,3023,21033,1000,192,104,87268,197657,284651,288967,290967,300412,304778,79948,0
500000,3,4,2,-2,-2,-2,-2,-2,-2,51132,8830,7570,1576,0,13295,8830,7570,1576,0,13295,38090,448868,491170,492430,498424,500000,486705,13042,0
230000,1,4,2,-1,-1,-1,-1,-2,-2,1890,533,267,0,0,0,533,267,0,0,0,0,228110,229467,229733,230000,230000,230000,1890,0
50000,2,2,2,1,2,2,2,2,2,8917,8625,11475,10999,12311,11973,0,3000,0,1800,0,1950,41083,41375,38525,39001,37689,38027,57550,1
390000,3,2,3,-1,-1,-1,-1,-1,-1,35369,22238,7809,97774,100912,152955,15000,7809,97874,32494,100000,31000,354631,367762,382191,292226,289088,237045,132880,0
200000,3,4,3,-1,-1,-1,-1,-1,-1,5853,5512,492,2038,316,1226,1024,492,2038,0,1226,1582,194147,194488,199508,197962,199684,198774,9075,0
380000,1,4,2,-1,-1,-1,-1,-1,-1,25079,119811,22384,115548,164296,72084,100000,12384,100000,50000,20000,52500,354921,260189,357616,264452,215704,307916,184318,0
140000,2,4,3,-1,-1,-1,-1,-1,-1,130439,108411,107113,120327,62855,67243,5000,5000,20000,10000,10000,10000,9561,31589,32887,19673,77145,72757,536388,0
420000,2,4,3,-1,-1,-1,-1,-1,-1,115505,113724,112976,111344,100648,94891,4044,4297,4773,3203,2951,2837,304495,306276,307024,308656,319352,325109,626983,0
50000,2,2,3,3,3,2,2,-1,-1,24225,24046,24574,24348,16130,16467,500,1200,516,566,585,608,25775,25954,25426,25652,33870,33533,125815,1
100000,3,4,3,-1,-1,-1,2,2,-1,3780,0,203,203,0,7856,0,203,0,0,7856,10000,96220,100000,99797,99797,100000,92144,-6017,0
50000,2,4,2,2,2,2,2,-1,-1,50817,50523,51921,50767,48488,49503,2000,2500,0,1721,1782,1806,-817,-523,-1921,-767,1512,497,292210,1
140000,2,2,2,-1,-1,-1,-1,-1,-1,58075,59504,61544,62925,64280,67079,3000,3000,3000,3000,4000,4000,81925,80496,78456,77075,75720,72921,353407,0
50000,1,2,3,-1,-1,-1,-1,-1,-1,48519,35968,29453,26660,26235,27647,1800,1755,1500,1101,2000,1135,1481,14032,20547,23340,23765,22353,185191,0
20000,2,2,3,1,-2,-2,-2,-2,-1,0,0,0,0,0,1473,0,0,0,0,1473,930,20000,20000,20000,20000,20000,18527,-930,1
260000,2,2,3,-1,-1,-1,-1,-1,-1,243952,224426,193708,163477,139993,133197,15521,10005,7000,5500,5000,4000,16048,35574,66292,96523,120007,126803,1051727,0
240000,2,2,2,-2,-2,-2,-2,-2,-2,-150,-150,-150,-150,-150,-150,0,0,0,0,0,0,240150,240150,240150,240150,240150,240150,-900,1
20000,3,2,3,-1,-1,-1,-1,-1,-1,12165,13171,14054,14900,15000,0,1517,1400,1200,300,0,0,7835,6829,5946,5100,5000,20000,64873,0
200000,2,4,2,-1,-1,-1,2,-1,-1,18703,9733,7078,1195,43115,43869,1533,2395,0,45000,1600,2000,181297,190267,192922,198805,156885,156131,71165,0
150000,2,2,3,-1,-1,-1,-1,-1,-1,87105,82772,75928,66245,61833,62375,3000,3504,2300,2199,2414,2500,62895,67228,74072,83755,88167,87625,420341,0
280000,1,4,2,-1,-1,-2,-2,-2,-2,3072,0,0,0,0,0,0,0,0,0,0,0,276928,280000,280000,280000,280000,280000,3072,0
280000,1,4,2,-2,-2,-2,-2,-2,-2,2793,1356,19497,10164,1089,26218,1356,19497,10173,1089,28217,0,277207,278644,260503,269836,278911,253782,785,0
120000,1,2,2,1,-2,-1,-1,-1,-1,0,0,1471,3094,12623,10446,0,1471,3103,12623,0,1446,120000,120000,118529,116906,107377,109554,8991,1
160000,2,4,3,-1,-1,-1,-1,-2,-2,1961,5495,13029,0,0,0,5495,13036,0,0,0,0,158039,154505,146971,160000,160000,160000,1954,0
80000,2,2,2,-1,-1,-1,-1,-1,-1,63558,59812,68636,40659,32436,36658,2500,10000,3000,3000,5000,5000,16442,20188,11364,39341,47564,43342,273259,0
500000,2,2,3,-1,-1,-1,-1,-1,-1,42081,46495,39489,12421,11345,11968,16495,15720,12421,11345,11968,11824,457919,453505,460511,487579,488655,488032,84026,0
50000,2,4,3,5,4,3,2,-1,-1,20235,19635,19045,18300,17900,17900,0,0,0,0,0,0,29765,30365,30955,31700,32100,32100,113015,1
120000,1,2,2,-1,-1,-1,-1,-1,-1,2779,6375,1086,1230,1230,2806,6428,1086,1230,0,2806,1750,117221,113625,118914,118770,118770,117194,2206,1
150000,1,2,2,-2,-2,-2,-2,-2,-2,5712,14539,8796,20359,17329,20087,14539,8796,20375,17329,20087,0,144288,135461,141204,129641,132671,129913,5696,0
150000,2,2,2,-1,-1,-1,-1,-1,-1,150294,147979,147235,147997,145405,146502,6750,6900,6690,5300,5500,5500,-294,2021,2765,2003,4595,3498,848772,0
200000,2,4,2,-2,-2,-2,-2,-2,-2,1507,0,218,4360,0,0,0,218,4360,0,0,0,198493,200000,199782,195640,200000,200000,1507,0
160000,1,4,2,-2,-2,-2,-2,-2,-2,0,2036,796,5740,0,447,2036,796,5768,0,447,0,160000,157964,159204,154260,160000,159553,-28,0
200000,2,2,2,-1,-1,-1,-1,-1,-1,84064,85935,55548,134719,152290,152470,5935,5548,84719,23050,7470,5624,115936,114065,144452,65281,47710,47530,532680,0
280000,2,2,3,1,-1,-1,-1,-1,-1,0,4051,1196,19875,599,850,4051,1245,19875,599,850,185,280000,275949,278804,260125,279401,279150,-234,1
120000,2,4,2,-1,-1,-1,2,-1,-1,20693,22033,24067,24372,24670,25617,2000,2400,1000,1000,1500,1500,99307,97967,95933,95628,95330,94383,132052,1
360000,1,2,3,-1,-1,2,2,2,-1,10000,893,1224,331,0,2757,893,331,0,0,2757,2056,350000,359107,358776,359669,360000,357243,9168,0
150000,2,2,3,1,-1,-1,-1,-1,-1,0,1870,669,0,13453,5773,1870,669,0,13453,5773,100,150000,148130,149331,150000,136547,144227,-100,0
390000,1,2,2,-1,-1,-1,-1,-1,-1,42721,22836,24266,6088,2500,828,12041,24353,6118,2550,828,0,347279,367164,365734,383912,387500,389172,53349,0
200000,2,2,2,-1,-1,-1,-1,-1,-1,7271,9133,10972,12757,13069,13334,2000,2000,2003,1008,2029,1000,192729,190867,189028,187243,186931,186666,56496,0
200000,2,4,2,1,2,-1,-1,-1,-1,226365,214261,210315,206563,202896,173111,0,8000,9000,8000,7000,7200,-26365,-14261,-10315,-6563,-2896,26889,1194311,0
60000,2,2,3,-1,-1,-1,-1,-1,-1,60788,61005,60164,31211,30374,30432,2500,3001,3003,2000,2001,2000,-788,-1005,-164,28789,29626,29568,259469,0
300000,1,2,2,-2,-2,-2,-2,-2,-2,0,0,811,1128,1750,819,0,811,1128,1760,819,753,300000,300000,299189,298872,298250,299181,-763,0
420000,2,4,2,-1,-1,-1,-1,-1,-1,211688,205003,203118,198925,175684,164037,7300,8839,8000,5900,6000,6000,208312,214997,216882,221075,244316,255963,1116416,0
170000,1,2,2,1,-2,-2,-2,-1,-1,0,0,0,0,185,185,0,0,0,185,0,4578,170000,170000,170000,170000,169815,169815,-4393,0
170000,1,4,1,-1,-1,-1,-1,-1,-1,56766,59811,61987,63849,66276,68207,4000,3638,3500,3500,3000,3000,113234,110189,108013,106151,103724,101793,356258,0
160000,1,4,1,-1,-1,-1,-1,-1,-1,15525,34585,37439,47340,2473,4120,34604,37836,47340,2473,4120,6302,144475,125415,122561,112660,157527,155880,8807,0
210000,1,4,1,-1,-1,-1,-1,-1,-1,2670,262,3771,5474,69536,76188,262,3771,5474,69536,10000,4000,207330,209738,206229,204526,140464,133812,64858,0
200000,4,4,1,-2,-2,-2,-2,-2,-2,2618,784,611,0,0,150,784,611,0,0,150,478,197382,199216,199389,200000,200000,199850,2140,0
200000,2,4,2,-1,-1,-1,-1,-1,-1,154030,151604,146128,138919,132778,136272,5370,5217,4894,4800,5900,5074,45970,48396,53872,61081,67222,63728,828476,0
60000,1,4,2,-1,-1,-1,-1,-1,-1,59166,39328,38313,28660,31398,9966,2000,2300,1700,10000,1200,20000,834,20672,21687,31340,28602,50034,169631,0
500000,1,4,2,-1,-1,-1,-1,-1,-2,249,2655,249,99,-150,-150,2655,249,99,150,0,0,499751,497345,499751,499901,500150,500150,-201,0
150000,1,2,2,-1,2,-1,-1,-1,-1,3389,1600,1782,1600,0,11665,0,1782,1600,0,11665,0,146611,148400,148218,148400,150000,138335,4989,0
310000,2,4,3,-2,-1,-1,-1,-1,-1,-2123,246407,250249,254254,259960,265702,260000,10000,10000,10000,10000,10000,312123,63593,59751,55746,50040,44298,964449,0
350000,1,4,2,-1,-1,-1,-1,-1,-1,35420,38632,42499,46590,52606,59537,4000,5000,5000,7000,8000,10000,314580,311368,307501,303410,297394,290463,236284,0
140000,1,4,2,-1,-1,-1,-1,-1,-1,7921,9268,3943,7737,2456,15507,9268,3953,7737,2456,15507,0,132079,130732,136057,132263,137544,124493,7911,1
320000,1,4,2,-1,-1,-1,-1,-1,-2,9646,13438,14833,1920,10516,10350,13442,14838,1920,10516,10350,43982,310354,306562,305167,318080,309484,309650,-34345,0
330000,1,4,2,-1,-1,-1,-1,-1,-1,12118,11176,9369,7061,23421,21240,2000,1114,1493,20000,1000,700,317882,318824,320631,322939,306579,308760,58078,0
200000,2,4,2,-1,-1,-1,-1,-1,-1,10890,11902,12907,15369,15863,16059,1500,1500,3000,750,600,1490,189110,188098,187093,184631,184137,183941,74150,0
430000,4,4,3,-2,-2,-2,-2,-2,-2,2663,20679,6698,2104,888,888,20679,6698,2104,888,888,4232,427337,409321,423302,427896,429112,429112,-1569,0
170000,3,4,2,-1,-1,-1,-1,-1,-1,173922,164939,165597,163424,163204,159257,7400,7600,7800,6348,6200,6500,-3922,5061,4403,6576,6796,10743,948495,0
300000,1,2,2,-2,-2,-2,-2,-2,-2,15575,22187,1970,1687,248,600,10810,1979,1695,249,600,585,284425,277813,298030,298313,299752,299400,26349,0
450000,2,4,2,-1,-1,-1,-1,-1,-1,217126,43647,39827,43978,389,389,10329,3001,5217,1,390,390,232874,406353,410173,406022,449611,449611,326028,0
250000,2,4,3,-1,-1,-1,-1,-1,-1,23438,0,3850,0,32690,37141,0,3850,0,32690,5000,5000,226562,250000,246150,250000,217310,212859,50579,0
300000,1,4,1,-1,-1,-2,-1,-1,-2,11500,0,0,1780,0,0,0,0,1780,0,0,0,288500,300000,300000,298220,300000,300000,11500,0
230000,2,4,2,-1,-1,-1,-1,-1,-1,149775,107052,231164,120523,117102,116718,10000,130223,9953,4014,3307,4100,80225,122948,-1164,109477,112898,113282,680737,0
230000,1,2,2,-2,-2,-2,-2,-2,-2,9000,0,0,0,0,0,0,0,0,0,0,0,221000,230000,230000,230000,230000,230000,9000,0
100000,2,4,2,-2,-2,-2,-2,-2,-2,14394,35392,20000,0,0,0,36291,20000,0,0,0,0,85606,64608,80000,100000,100000,100000,13495,0
20000,3,4,4,-1,-1,-1,-1,-1,2,18603,15208,16153,18175,19876,19419,1555,1500,2300,2000,0,1000,1397,4792,3847,1825,124,581,99079,0
50000,1,2,4,-1,-1,-1,-1,-1,-1,45777,46816,47862,49064,66819,17288,1800,1800,2000,2300,2000,629,4223,3184,2138,936,-16819,32712,263097,0
70000,1,4,4,2,-1,-1,-1,-1,-1,62049,64315,58564,56741,25172,29186,4000,3000,10032,8000,5139,1000,7951,5685,11436,13259,44828,40814,264856,1
170000,2,2,4,-1,-1,-1,-1,-1,-1,170133,168945,160660,163652,131396,130402,7620,6200,10000,5100,5500,5000,-133,1055,9340,6348,38604,39598,885768,1
110000,3,2,4,-1,-1,-1,-1,-1,-1,105435,107599,108555,106692,103971,104140,5400,4200,5200,3800,3900,3700,4565,2401,1445,3308,6029,5860,610192,0
30000,3,4,4,-1,-1,2,-1,-1,-1,17891,19087,20078,20935,17228,17606,1800,1600,1600,1000,734,481,12109,10913,9922,9065,12772,12394,105610,0
60000,2,2,4,2,-1,-1,-1,-1,-1,60199,60742,60841,58902,19352,19523,2800,2600,2107,1000,1000,705,-199,-742,-841,1098,40648,40477,269347,1
70000,2,2,4,-1,-1,-1,-1,-1,2,67088,64376,62004,62985,69380,70498,2244,2301,2254,7600,2500,2422,2912,5624,7996,7015,620,-498,377010,0
20000,3,2,4,-1,-1,-1,-1,-2,-2,5141,3455,6906,0,0,0,3754,6906,290,0,0,0,14859,16545,13094,20000,20000,20000,4552,1
30000,3,2,4,-1,-1,-1,-1,-1,-1,15126,13327,13829,10898,9217,9048,1236,1518,1074,500,300,1000,14874,16673,16171,19102,20783,20952,65817,0
30000,2,2,4,2,2,2,-1,-1,-1,7033,10431,10120,11145,11368,12186,3700,0,1200,408,1002,0,22967,19569,19880,18855,18632,17814,55973,1
490000,3,2,4,-1,-1,-1,-1,-1,-1,396,396,361,7530,396,396,396,361,7600,396,396,396,489604,489604,489639,482470,489604,489604,-70,0
280000,2,2,4,-1,-1,2,2,-1,-1,1890,2846,920,390,7531,1240,2846,390,390,7531,1240,390,278110,277154,279080,279610,272469,278760,2030,0
150000,1,2,4,1,-2,-2,-2,-2,-2,0,0,0,0,0,0,0,0,0,0,0,0,150000,150000,150000,150000,150000,150000,0,0
240000,2,2,4,1,-2,-2,-2,-1,-1,0,0,0,0,2780,20034,0,0,0,2780,20034,0,240000,240000,240000,240000,237220,219966,0,0
230000,2,4,4,-1,-1,-1,-1,-1,-1,9358,13482,17874,26743,26431,35153,5000,5000,10000,5000,10018,6850,220642,216518,212126,203257,203569,194847,87173,0
100000,1,4,4,1,2,2,2,2,2,13687,14007,14236,12924,12467,10950,1600,1500,0,700,0,1150,86313,85993,85764,87076,87533,89050,73321,1
60000,2,2,4,-1,-1,-1,-1,-1,-1,57252,57771,47778,37858,36467,34419,2501,2032,2005,1507,1501,1502,2748,2229,12222,22142,23533,25581,260497,0
50000,3,2,4,-1,-1,-1,-1,-1,-1,38306,39338,40378,39067,25481,25861,1661,1701,2006,1041,922,1000,11694,10662,9622,10933,24519,24139,200100,0
70000,2,4,4,1,2,-1,-1,2,-1,38527,37608,39369,43627,15251,16285,0,2369,5178,0,1285,2308,31473,32392,30631,26373,54749,53715,179527,0
50000,3,2,4,3,2,-1,-1,-1,-1,49534,48061,48807,49347,17524,17497,0,2200,2100,606,624,622,466,1939,1193,653,32476,32503,224618,0
110000,2,4,4,-1,-1,-1,-1,-1,-1,38298,39295,40331,41346,42013,42890,1935,1971,1986,1653,1706,1714,71702,70705,69669,68654,67987,67110,233208,0
200000,4,4,4,2,-1,-1,-1,-1,-1,455293,441048,433541,425538,419080,98840,10688,10688,10278,11567,98843,156961,-255293,-241048,-233541,-225538,-219080,101160,1974315,0
220000,3,2,4,-1,-1,-1,-1,-1,-1,44076,40353,36314,32320,27803,25370,2000,1600,1600,1000,3000,1000,175924,179647,183686,187680,192197,194630,196036,0
30000,3,4,4,-1,-1,-1,-1,-2,-1,25648,25524,3737,0,0,22525,1000,3836,0,0,22525,0,4352,4476,26263,30000,30000,7475,50073,0
20000,2,2,4,-1,-1,-1,-1,2,-1,13779,14788,15815,17891,17308,17521,1245,1272,2348,0,640,1615,6221,5212,4185,2109,2692,2479,89982,1
20000,2,2,4,1,2,-1,-1,-1,-1,14710,14166,14040,13796,12909,12015,0,1253,2232,402,393,357,5290,5834,5960,6204,7091,7985,76999,0
20000,3,2,4,-1,-1,-1,-1,-1,-1,18768,19684,11580,780,780,0,1714,1000,780,0,0,0,1232,316,8420,19220,19220,20000,48098,0
280000,1,2,4,-2,-1,-1,-2,-1,-1,390,11223,15225,4951,2408,8360,11223,15262,4951,2408,8360,6202,279610,268777,264775,275049,277592,271640,-5849,1
100000,3,2,4,-1,-1,-1,-1,-1,-1,40112,40981,41963,43012,33270,33967,1661,1766,1942,1200,1233,1241,59888,59019,58037,56988,66730,66033,224262,0
300000,2,2,4,-1,-1,-1,-1,-1,-1,129234,127932,124793,123572,116832,115064,10060,10864,10078,10512,10020,10157,170766,172068,175207,176428,183168,184936,675736,0
200000,3,2,4,-1,2,-1,-1,-1,-1,2841,1709,1312,2404,3786,1916,0,1312,2404,3786,1916,2299,197159,198291,198688,197596,196214,198084,2251,0
50000,3,2,4,2,-1,-1,-1,-1,-1,48970,49366,49803,49830,49539,50418,2100,2128,2079,1896,1803,1954,1030,634,197,170,461,-418,285966,0
20000,2,4,4,-1,-1,-1,-1,-1,-1,18652,18506,18849,19917,19087,19588,1300,1500,1500,500,1380,385,1348,1494,1151,83,913,412,108034,0
30000,3,6,5,2,2,-1,-1,-1,-1,24453,23212,23964,24434,21340,5624,0,1522,1200,428,112,0,5547,6788,6036,5566,8660,24376,119765,0
430000,2,4,4,-1,-1,-1,-1,-1,-1,268537,207118,202412,207496,250337,255277,10000,8000,12000,50000,28000,60000,161463,222882,227588,222504,179663,174723,1223177,0
90000,2,2,4,-2,-2,-2,-2,-2,-2,3388,0,0,0,0,7707,0,0,0,0,7707,0,86612,90000,90000,90000,90000,82293,3388,0
280000,2,2,4,-1,-1,-1,-1,-1,-1,8740,4919,176823,117686,36708,18126,4919,176823,117686,36708,363,853,271260,275081,103177,162314,243292,261874,25650,0
20000,3,4,4,-1,-1,-1,-1,-1,-1,19681,19968,19261,20184,17016,15725,1313,1481,1404,0,0,822,319,32,739,-184,2984,4275,106815,0
150000,3,4,4,-1,-1,-1,-1,-1,-1,139733,138723,132441,94493,84936,77988,7000,6000,5000,5000,5000,5000,10267,11277,17559,55507,65064,72012,635314,0
300000,1,4,4,-2,-2,-2,-2,-2,-2,22443,31175,26476,27782,23325,49146,31175,26476,27782,23325,49146,13164,277557,268825,273524,272218,276675,250854,9279,0
80000,4,2,4,2,-1,-1,-1,-1,-1,79822,77747,77733,78017,29599,26927,2773,3236,2000,2000,1000,1500,178,2253,2267,1983,50401,53073,357336,0
280000,1,2,4,-1,-1,-1,-1,-1,-1,2712,4450,9754,0,8142,6997,4494,9754,0,8142,6997,0,277288,275550,270246,280000,271858,273003,2668,0
120000,3,2,4,-1,-1,-1,-2,-2,-2,121018,123150,0,0,0,0,5550,0,0,0,0,0,-1018,-3150,120000,120000,120000,120000,238618,0
210000,3,4,4,2,-1,-1,-1,-1,2,42795,43787,44826,45544,48497,47591,2007,2046,1764,3717,0,1885,167205,166213,165174,164456,161503,162409,261621,1
40000,2,2,4,-2,-2,-2,-2,-2,-2,0,0,0,0,0,0,3500,0,0,0,0,0,40000,40000,40000,40000,40000,40000,-3500,0
100000,2,2,4,-1,-1,-1,-1,-1,-1,39555,40550,41587,42602,43327,47950,1955,1992,2007,1732,5506,0,60445,59450,58413,57398,56673,52050,242379,0
90000,3,2,4,-2,-2,-2,-2,-2,-2,0,0,0,0,1805,0,0,0,0,1805,0,0,90000,90000,90000,90000,88195,90000,0,1
80000,2,4,3,-1,-1,-1,-1,-1,-1,390,390,390,390,780,390,390,390,390,780,0,390,79610,79610,79610,79610,79220,79610,390,1
170000,2,2,4,-1,-1,-1,-1,-1,-1,9773,4101,3866,14894,6833,6972,4146,3866,14894,137,139,3029,160227,165899,166134,155106,163167,163028,20228,0
350000,1,2,4,3,2,2,7,7,7,2400,2400,2400,2400,2400,2400,0,0,0,0,0,0,347600,347600,347600,347600,347600,347600,14400,1
80000,3,4,4,2,-1,-1,-1,-1,-1,76414,78009,78616,49662,48867,48278,3100,2420,2000,1656,1693,1767,3586,1991,1384,30338,31133,31722,367210,0
30000,3,4,4,-1,-1,-1,-1,-1,-1,24874,25961,27534,27670,28717,28786,1500,2000,1500,1500,1100,1300,5126,4039,2466,2330,1283,1214,154642,0
500000,1,2,4,-1,-1,-1,-1,-1,-1,6259,2937,10410,30016,8014,2630,2962,10457,30026,26,13,2283,493741,497063,489590,469984,491986,497370,14499,1
180000,2,2,4,-2,-2,-2,-2,-2,-2,0,533,2329,1778,2510,184,533,2329,1778,2514,184,1103,180000,179467,177671,178222,177490,179816,-1107,0
80000,3,2,4,-1,-1,-2,-1,-1,-1,33600,0,0,9618,10455,11131,0,0,9618,1000,1000,1000,46400,80000,80000,70382,69545,68869,52186,0
150000,2,4,4,-1,-1,-1,-2,-2,-1,13219,1179,0,0,0,35752,1179,0,0,0,35752,1448,136781,148821,150000,150000,150000,114248,11771,0
600000,3,4,4,-1,-1,-1,-1,-1,-1,95286,78404,147559,323129,310042,311840,10448,85113,217035,11032,15019,10033,504714,521596,452441,276871,289958,288160,917580,0
50000,2,4,4,-1,-1,-1,-1,-1,-1,24202,23664,21780,22722,21907,2917,1340,1402,1344,1002,58,29,25798,26336,28220,27278,28093,47083,112017,0
20000,2,2,4,-1,-1,-1,2,-1,-1,5411,6279,8163,8874,9722,12386,1116,2000,1000,1000,3000,0,14589,13721,11837,11126,10278,7614,42719,0
150000,3,2,6,-2,-2,-2,-2,-2,-2,0,1250,0,3871,6200,336,1250,0,3871,6200,336,0,150000,148750,150000,146129,143800,149664,0,0
100000,3,2,4,-1,-1,-1,-1,-1,-1,47895,48889,50099,52259,53389,55519,1790,2000,3000,2000,3000,2041,52105,51111,49901,47741,46611,44481,294219,0
20000,3,2,4,2,2,2,2,-1,-1,8287,10978,11207,11227,12042,12850,3000,700,500,1000,1000,1000,11713,9022,8793,8773,7958,7150,59391,1
80000,3,2,4,-1,-1,-1,2,-1,-1,67671,61346,59100,53133,48598,48882,2141,6433,0,2000,2000,2000,12329,18654,20900,26867,31402,31118,324156,0
50000,3,2,4,1,2,-1,-1,-1,-1,19371,18761,19469,20412,19755,20320,0,1700,1600,700,840,700,30629,31239,30531,29588,30245,29680,112548,0
150000,2,2,4,-1,-1,2,-1,-1,-1,85404,91457,89151,90071,92565,98291,8400,0,3300,4000,7400,0,64596,58543,60849,59929,57435,51709,523839,0
90000,3,2,4,-1,-1,-1,-1,-2,-2,49115,50477,51400,0,0,0,2477,2400,0,0,0,0,40885,39523,38600,90000,90000,90000,146115,0
80000,1,2,4,-1,-1,-1,-1,-2,-1,30711,28729,7605,0,0,3011,1957,1000,0,0,3011,2000,49289,51271,72395,80000,80000,76989,62088,0
190000,2,2,3,2,2,2,2,-1,-1,90128,92367,94227,91943,93546,95759,4500,4100,0,3500,3600,3500,99872,97633,95773,98057,96454,94241,538770,1
320000,1,4,4,-1,-1,-1,-1,-1,-1,1999,729,2462,12360,10943,9597,730,2472,12360,0,237,3417,318001,319271,317538,307640,309057,310403,18874,0
500000,2,4,4,-1,-1,-1,-1,-1,-1,10061,20587,9984,7461,8093,7342,20631,10009,7488,8129,7369,6027,489939,479413,490016,492539,491907,492658,3875,0
50000,3,2,4,-1,-1,-1,-1,-1,-1,50990,49123,50820,50706,30636,30501,2100,2500,3820,1636,1501,1700,-990,877,-820,-706,19364,19499,249519,1
60000,1,4,5,-1,-1,-1,-1,-1,2,57918,59878,51466,50506,56373,55341,3028,2006,1862,6729,0,2911,2082,122,8534,9494,3627,4659,314946,0
100000,3,2,4,-1,-1,-1,-1,-1,-1,98026,99768,100098,75296,73774,75603,3773,3919,3010,3000,6000,3500,1974,232,-98,24704,26226,24397,499363,0
150000,1,2,4,-2,-2,-2,-2,-2,-2,-1,262,329,39919,263,263,263,331,40118,264,264,790,150001,149738,149671,110081,149737,149737,-995,1
280000,4,2,4,-1,-1,-1,2,2,-2,5380,390,1843,1663,-147,-147,400,1843,0,0,0,1647,274620,279610,278157,278337,280147,280147,5092,0
100000,3,2,4,-1,-1,-1,-1,-1,-1,49032,48477,46605,48795,48968,49752,1736,1810,3000,1734,1944,2420,50968,51523,53395,51205,51032,50248,278985,0
30000,2,2,4,2,2,2,2,3,2,21993,22634,23057,24506,24711,24178,1300,1082,2131,900,0,2200,8007,7366,6943,5494,5289,5822,133466,1
50000,1,2,4,2,2,2,2,2,2,38483,39511,40582,41316,41998,42674,1960,2000,1700,1662,1493,0,11517,10489,9418,8684,8002,7326,235749,1
60000,2,2,4,-1,-1,-1,-1,-1,-1,33290,32867,32638,29743,26909,24955,1558,1571,1344,877,875,3000,26710,27133,27362,30257,33091,35045,171177,0
40000,3,4,4,1,2,2,2,2,2,27849,29093,28347,30561,29770,31666,2000,0,3000,0,2382,0,12151,10907,11653,9439,10230,8334,169904,0
160000,3,2,4,-2,-2,-2,-2,-2,-2,0,0,0,0,0,0,0,0,0,0,0,0,160000,160000,160000,160000,160000,160000,0,0
150000,2,4,4,-2,-2,-2,-2,-2,-2,8478,7890,8958,780,7500,0,7890,8958,780,7500,0,0,141522,142110,141042,149220,142500,150000,8478,0
200000,2,2,4,-2,-2,-1,-1,-1,-1,0,0,1350,0,1265,0,0,1350,0,1265,0,0,200000,200000,198650,200000,198735,200000,0,1
60000,3,2,4,-1,-1,-1,-1,-1,-1,60350,61112,60557,35555,30214,30170,2435,2575,1404,990,1347,1316,-350,-1112,-557,24445,29786,29830,267891,0
210000,1,2,4,-1,-1,-1,2,-1,-1,3490,3611,13920,10284,3813,1154,3611,12797,0,3829,1154,2766,206510,206389,196080,199716,206187,208846,12115,0
50000,1,4,4,2,-1,-1,-1,-2,-1,6379,3257,4166,0,0,318,1091,1000,0,0,318,0,43621,46743,45834,50000,50000,49682,11711,0
360000,1,2,4,-2,-2,-2,-2,-2,-2,6658,2598,1138,6730,3595,2915,2610,1240,6763,3613,2930,47183,353342,357402,358862,353270,356405,357085,-40705,0
80000,3,6,4,-1,-1,-1,-1,-1,-1,77086,77411,78686,66217,56167,53190,3000,5086,1750,2012,1630,2165,2914,2589,1314,13783,23833,26810,393114,0
360000,1,2,4,-2,-2,-2,-1,-1,-2,-3,-3,-3,1000,0,0,0,0,1003,0,0,0,360003,360003,360003,359000,360000,360000,-12,1
140000,2,2,4,-1,-1,-1,-1,-1,-1,850,12340,14910,44967,11669,5169,12340,14910,44967,11669,5169,17953,139150,127660,125090,95033,128331,134831,-17103,0
260000,3,2,4,1,2,-1,-1,-1,-1,9979,9371,18488,27022,28402,800,0,10000,11264,1580,2,1098,250021,250629,241512,232978,231598,259200,70118,1
180000,2,2,4,-1,-1,-1,-1,-1,-1,76538,71888,65832,51621,51191,49918,3200,2200,1800,2000,1800,1500,103462,108112,114168,128379,128809,130082,354488,0
300000,1,4,4,-2,-2,-2,-2,-2,-2,0,0,0,0,0,0,0,0,0,0,0,951,300000,300000,300000,300000,300000,300000,-951,0
200000,3,2,4,-1,-1,-1,2,-1,-1,88895,79074,47318,21594,19067,13814,2600,3224,0,8000,8000,8000,111105,120926,152682,178406,180933,186186,239938,0
390000,1,4,4,-1,-1,-1,-1,-1,-1,30400,34756,29530,27620,32364,34041,5000,5000,5000,5000,5000,1161,359600,355244,360470,362380,357636,355959,162550,0
130000,3,2,4,-1,-1,-1,-1,-1,-1,390,2356,1373,390,2746,390,2356,1373,390,2746,0,1570,129610,127644,128627,129610,127254,129610,-790,0
130000,3,2,4,-1,-1,-1,-1,-1,-1,30218,31706,34130,36245,38624,40989,2000,3000,3000,3000,3000,3000,99782,98294,95870,93755,91376,89011,194912,0
240000,2,2,4,-2,-2,-2,-2,-2,-2,890,236,0,2194,439,1085,236,0,2194,441,1085,858,239110,239764,240000,237806,239561,238915,30,0
80000,3,2,4,-1,-1,-1,-1,-1,-1,12158,13956,14382,15631,16080,17327,2000,1500,1500,1000,1500,2005,67842,66044,65618,64369,63920,62673,80029,0
350000,1,2,4,-2,-2,-2,-2,-2,-2,8451,36099,5117,6714,18801,13604,36108,5136,6735,18801,13604,7326,341549,313901,344883,343286,331199,336396,1076,0
110000,2,2,5,-1,-1,-1,-1,-1,2,65932,66740,68170,69634,73981,72676,2500,2500,2600,5519,0,3000,44068,43260,41830,40366,36019,37324,401014,0
30000,2,2,4,-1,-1,-1,2,-1,-1,10232,11564,14099,13580,13657,16356,1510,3042,0,600,2942,600,19768,18436,15901,16420,16343,13644,70794,1
130000,2,2,4,1,2,2,2,2,2,112363,109067,117301,113926,120846,118804,0,10000,0,8800,0,8000,17637,20933,12699,16074,9154,11196,665507,0
80000,3,2,4,-1,-1,-1,-1,-1,-1,75267,54889,56949,35684,10400,0,3000,4000,3000,1000,0,0,4733,25111,23051,44316,69600,80000,222189,0
60000,2,4,4,1,2,-1,-1,-1,-1,61278,59106,54647,56071,29199,29815,17,2249,2604,983,1023,1003,-1278,894,5353,3929,30801,30185,282237,0
180000,3,2,6,-1,-1,-1,-1,-1,-1,162647,157533,153351,144086,118645,104652,5644,5962,4374,3895,3691,3694,17353,22467,26649,35914,61355,75348,813654,0
50000,3,2,4,-1,-1,-1,-1,-1,-1,42326,43815,45156,46206,46968,47876,2200,2050,2100,1828,1815,3400,7674,6185,4844,3794,3032,2124,258954,0
70000,3,2,4,-1,-1,-1,-1,-1,-1,10042,10577,11129,11650,12997,14322,1176,1196,1185,2000,2000,2000,59958,59423,58871,58350,57003,55678,61160,0
270000,1,2,5,-1,-1,-1,-1,-1,2,836,836,836,836,1972,986,836,836,836,1972,0,836,269164,269164,269164,269164,268028,269014,986,1
110000,3,2,4,-1,2,-1,-1,2,2,4924,4305,4770,5819,4807,5579,0,1087,1532,0,1000,0,105076,105695,105230,104181,105193,104421,26585,1
150000,2,2,4,-1,-1,-1,-1,-1,-1,11589,28910,34731,18845,25745,13396,29190,34733,18857,25752,3396,8000,138411,121090,115269,131155,124255,136604,13288,0
150000,3,2,4,-1,-1,-1,-1,-1,-1,29076,14131,15112,13652,86575,82377,1200,1500,3795,80000,1700,0,120924,135869,134888,136348,63425,67623,152728,0
170000,3,4,4,-1,-1,-1,-1,-1,-1,390,17450,13366,17446,17056,16666,17450,13366,20894,17056,16666,34256,169610,152550,156634,152554,152944,153334,-37314,0
70000,2,2,5,2,-1,-1,-1,-1,-1,48367,49358,50396,51462,52609,53708,1796,1834,1900,2000,1945,2000,21633,20642,19604,18538,17391,16292,294425,1
360000,1,2,4,-2,-2,-2,-2,-2,-2,-2,-2,-2,-2,1422,0,0,0,0,1424,0,6624,360002,360002,360002,360002,358578,360000,-6634,0
200000,1,2,4,-1,-1,-1,-1,-1,-1,92215,94085,96174,98116,99490,101412,4300,4500,4438,3900,3800,3500,107785,105915,103826,101884,100510,98588,557054,0
200000,2,2,5,-1,-1,-1,-1,-1,-1,45870,46907,47952,49052,49936,50977,2100,2100,2200,2000,2000,2011,154130,153093,152048,150948,150064,149023,278283,0
140000,3,4,5,1,-2,-2,-2,-2,-2,0,0,0,0,0,0,0,0,0,0,0,0,140000,140000,140000,140000,140000,140000,0,1
360000,2,2,4,-2,-1,-1,-2,-2,-2,0,600,0,0,0,1459,600,0,0,0,1459,0,360000,359400,360000,360000,360000,358541,0,0
180000,4,2,4,-1,-1,-1,-1,-1,-1,87695,88545,90403,92245,94082,96050,3200,3279,3343,3366,3483,3507,92305,91455,89597,87755,85918,83950,528842,0
80000,2,2,4,-1,-1,-1,-1,-1,-1,79816,29536,28870,25049,23881,23668,1600,1514,1505,1005,2026,2000,184,50464,51130,54951,56119,56332,201170,0
390000,1,2,4,-1,-1,-2,-2,-1,-1,611,0,0,0,343,1343,0,0,0,343,1000,1076,389389,390000,390000,390000,389657,388657,-122,0
440000,1,2,4,-1,-1,-1,-1,-1,-1,295180,284145,255143,234395,216318,202530,13007,9102,10003,5000,5000,6000,144820,155855,184857,205605,223682,237470,1439599,0
50000,2,2,4,-1,-1,-2,-2,-2,-2,1100,0,0,0,0,0,0,0,0,0,0,0,48900,50000,50000,50000,50000,50000,1100,0
80000,2,4,5,-2,-2,-2,-2,-2,-2,577,494,438,387,246,939,500,438,387,246,939,350,79423,79506,79562,79613,79754,79061,221,0
230000,2,2,4,-1,-1,2,2,-2,-2,187,3327,3100,0,0,0,3327,0,0,0,0,0,229813,226673,226900,230000,230000,230000,3287,0
90000,3,2,4,-1,-1,-1,-1,-1,-1,60769,61943,62082,61436,27507,29218,2207,2500,1479,1000,3473,2500,29231,28057,27918,28564,62493,60782,289796,0
80000,3,4,4,-1,-1,2,-1,-1,-1,16613,19828,19227,20593,20951,21460,3500,0,2000,1000,1000,1000,63387,60172,60773,59407,59049,58540,110172,0
350000,3,2,5,-1,-1,-1,-1,-1,-1,30726,27639,28890,31090,32265,33737,3000,2000,3000,2000,2000,2000,319274,322361,321110,318910,317735,316263,170347,0
440000,4,2,5,-1,-1,-1,-1,-1,-1,133996,136606,136771,141131,147251,150332,6319,5000,6625,10000,5443,5501,306004,303394,303229,298869,292749,289668,807199,0
90000,3,2,4,3,2,2,2,2,-1,86228,85437,90635,91745,87466,85662,1500,7500,3500,0,3300,3500,3772,4563,-635,-1745,2534,4338,507873,1
40000,2,2,4,-1,-1,-1,-1,-1,-1,30048,31049,32144,33157,33657,34359,1805,1900,1851,1351,1394,1464,9952,8951,7856,6843,6343,5641,184649,1
50000,2,2,5,3,2,-1,-1,-1,-1,52659,51213,51696,50422,30145,30203,4,2346,2155,1046,1073,1246,-2659,-1213,-1696,-422,19855,19797,258468,1
50000,3,2,4,1,3,2,2,2,2,39649,40194,41150,41670,42188,43360,1500,1900,1500,1500,2000,1500,10351,9806,8850,8330,7812,6640,238311,0
100000,3,2,4,-2,-2,-2,-2,-2,-2,390,390,390,390,390,390,390,390,390,390,390,390,99610,99610,99610,99610,99610,99610,0,1
200000,3,2,4,-1,-1,-1,-1,-1,-1,193392,159546,158486,160375,163444,0,5039,8000,3500,3269,0,0,6608,40454,41514,39625,36556,200000,815435,0
180000,3,4,4,-1,-1,-1,-1,-1,-1,52824,53165,54842,54868,56286,56621,2000,3002,3000,2300,2345,2000,127176,126835,125158,125132,123714,123379,313959,0
180000,2,2,5,1,-2,-2,-2,-2,-2,0,0,0,0,0,0,0,0,0,0,0,0,180000,180000,180000,180000,180000,180000,0,1
20000,2,2,4,-1,-1,-1,-1,-2,-1,17895,13576,18286,-200,0,18486,13605,19352,0,200,18486,5656,2105,6424,1714,20200,20000,1514,10744,0
120000,3,2,5,-1,-1,-1,-1,-1,-1,49394,51261,51333,51174,44680,43760,3000,2000,2000,2000,2000,2000,70606,68739,68667,68826,75320,76240,278602,0
80000,3,4,5,2,-1,-1,-1,-1,-1,85882,84985,84247,81619,30095,20639,3900,4000,2048,1300,1700,401,-5882,-4985,-4247,-1619,49905,59361,374118,0
60000,3,2,5,-1,-1,2,2,4,4,47350,51230,54784,58232,61670,65120,5000,5000,5000,5000,5000,1000,12650,8770,5216,1768,-1670,-5120,312386,0
140000,2,2,4,-1,-1,-1,-1,-1,-1,108038,110216,84516,72391,61298,62193,4200,2822,2336,2588,2250,2491,31962,29784,55484,67609,78702,77807,481965,0
220000,2,1,2,-2,-2,-2,-2,-2,-2,1557,4445,4292,1803,2970,6348,4478,4323,1812,2985,6379,1860,218443,215555,215708,218197,217030,213652,-422,0
80000,1,2,1,2,2,-2,-2,-2,-2,79000,0,0,0,0,0,0,0,0,0,0,0,1000,80000,80000,80000,80000,80000,79000,0
360000,2,2,1,-1,-1,-1,-1,-1,-1,67273,47110,39017,0,6835,5562,10000,5000,0,6835,0,2009,292727,312890,320983,360000,353165,354438,141953,0
60000,3,2,1,-1,-1,-1,-1,-1,-1,56387,57648,59521,58637,38490,38492,2200,2805,1764,1356,1500,1523,3613,2352,479,1363,21510,21508,298027,0
50000,1,2,1,-1,-1,-2,-2,-2,-2,1528,0,0,0,0,0,0,0,0,0,0,0,48472,50000,50000,50000,50000,50000,1528,0
20000,2,2,1,-1,-1,-1,-1,-1,-1,17027,34235,18478,19215,15915,0,1500,3000,1200,400,0,0,2973,-14235,1522,785,4085,20000,98770,0
50000,2,2,1,1,-1,-1,-1,-1,-2,0,1054,1448,2535,0,0,1054,1448,2535,0,0,0,50000,48946,48552,47465,50000,50000,0,0
360000,1,2,1,-1,-1,-1,-1,-1,-1,390,390,390,390,390,690,390,390,390,390,690,4224,359610,359610,359610,359610,359610,359310,-3834,0
50000,2,2,2,-1,-1,-1,-1,-1,-1,44168,44727,26135,26730,12180,18179,1410,2000,1167,1017,18179,651,5832,5273,23865,23270,37820,31821,147695,0
130000,3,1,1,-1,-1,-1,-1,-2,-1,500,2000,1354,0,0,2699,2000,1354,0,0,2699,3766,129500,128000,128646,130000,130000,127301,-3266,1
20000,2,2,1,1,2,2,-1,-1,-1,17336,17751,18113,14885,14975,15311,1000,1003,1300,900,700,4700,2664,2249,1887,5115,5025,4689,88768,1
20000,2,2,1,3,2,2,2,3,2,16132,16562,19279,20663,20043,19584,1000,3000,2000,0,0,1803,3868,3438,721,-663,-43,416,104460,1
300000,1,1,2,-1,-1,-1,-1,-1,-1,91282,45885,35329,29368,18833,93329,3260,2240,1505,1250,80934,2700,208718,254115,264671,270632,281167,206671,222137,0
250000,1,1,2,-1,-1,-1,-1,-1,-1,5992,0,1400,79181,29172,14816,0,1400,79181,10000,0,4176,244008,250000,248600,170819,220828,235184,35804,1
100000,1,1,2,-1,-1,-1,-1,-1,-1,99516,87274,96414,74161,45585,40178,10184,20000,5150,5000,10000,10000,484,12726,3586,25839,54415,59822,382794,1
80000,1,1,2,2,-1,-1,-1,-1,-1,81970,78754,74789,45883,29616,28916,3000,3139,2001,2081,1200,1500,-1970,1246,5211,34117,50384,51084,327007,1
20000,2,2,1,1,2,2,2,2,-1,9422,10106,14127,14598,14069,14690,1000,4211,1000,0,1000,1000,10578,9894,5873,5402,5931,5310,68801,1
50000,1,2,1,-1,-1,-1,-1,-1,-1,34376,35300,32106,32994,18220,18755,1806,1612,1500,652,828,957,15624,14700,17894,17006,31780,31245,164396,0
50000,2,2,1,2,-1,-1,-1,-1,-1,49301,50660,50036,60770,10598,10122,2500,2142,2254,680,491,340,699,-660,-36,-10770,39402,39878,223080,1
20000,2,2,1,1,2,4,3,2,2,11113,14110,13609,13102,12595,14287,3500,0,0,0,1900,0,8887,5890,6391,6898,7405,5713,73416,1
50000,2,1,1,-1,-1,-2,-2,-2,-2,9156,0,0,0,0,0,0,0,0,0,0,0,40844,50000,50000,50000,50000,50000,9156,1
180000,1,2,1,-1,-1,-1,-1,-2,-2,177736,157096,33700,0,0,0,6849,1500,0,0,0,0,2264,22904,146300,180000,180000,180000,360183,0
50000,1,2,1,-1,-1,-1,-1,-1,-1,11306,6657,3565,3820,1275,1275,1069,1240,3840,1275,0,0,38694,43343,46435,46180,48725,48725,20474,1
20000,3,2,1,-1,-1,-1,-1,-1,-1,8038,9060,11600,12307,12703,12970,1161,2701,1204,600,620,622,11962,10940,8400,7693,7297,7030,59770,1
20000,2,2,1,1,2,2,-1,-1,-1,15471,16211,16752,17471,17830,19230,1300,1100,1300,649,1698,861,4529,3789,3248,2529,2170,770,96057,0
10000,2,2,1,1,2,2,2,-1,-1,7019,6760,8882,8520,8694,8871,0,2400,0,174,177,181,2981,3240,1118,1480,1306,1129,45814,1
10000,2,2,1,-1,-1,-1,-1,-1,-1,7327,8244,9259,9757,9887,9987,1500,1300,1000,206,2094,0,2673,1756,741,243,113,13,48361,0
20000,4,2,1,-1,-1,-1,-1,-1,-1,19614,19844,19929,18775,13854,10718,11630,1369,1162,524,606,0,386,156,71,1225,6146,9282,87443,0
150000,2,1,1,-1,-1,-1,-1,-1,-1,139125,0,435,0,81824,83101,0,870,0,82259,3018,3102,10875,150000,149565,150000,68176,66899,215236,0
10000,2,2,1,2,-1,-1,-1,-1,-1,8999,9042,10038,9784,9984,9780,1400,1305,1000,200,196,0,1001,958,-38,216,16,220,53526,1
20000,1,2,1,-1,-1,3,2,-1,-1,3286,6341,6097,6339,5143,5126,3300,0,511,300,300,1500,16714,13659,13903,13661,14857,14874,26421,0
20000,2,2,1,2,3,2,2,3,2,21034,19839,18663,20394,19228,19615,0,0,2616,0,1400,0,-1034,161,1337,-394,772,385,114757,0
50000,3,1,1,-1,-1,-1,-1,-1,-1,43087,44468,46653,43143,19003,-317,2100,3260,1200,1000,0,16628,6913,5532,3347,6857,30997,50317,171849,1
10000,2,2,1,1,2,2,-1,-1,3,5570,7327,7065,8058,9433,9008,2000,0,1125,1500,0,0,4430,2673,2935,1942,567,992,41836,1
50000,2,2,1,-1,-1,-2,-2,-2,-2,49276,0,0,0,0,0,0,0,0,0,0,0,724,50000,50000,50000,50000,50000,49276,0
20000,2,2,1,-1,-1,-1,-1,-1,-1,15932,16965,17993,18698,19075,20498,1605,1605,1310,687,1735,0,4068,3035,2007,1302,925,-498,102219,0
90000,3,2,1,3,2,-1,-1,-1,-1,92154,87700,61110,14223,9784,5155,0,2200,1000,477,103,0,-2154,2300,28890,75777,80216,84845,266346,1
30000,3,2,1,1,2,-1,-1,-1,-1,30391,29144,30419,30097,25887,25707,0,2033,1420,0,92,0,-391,856,-419,-97,4113,4293,168100,0
110000,1,2,1,-1,-1,-1,-1,-1,-1,89687,89434,91389,92003,95614,93399,4100,4304,4004,6007,4003,5017,20313,20566,18611,17997,14386,16601,524091,0
10000,1,2,1,-1,2,-1,-1,-1,-1,780,390,390,0,780,0,0,390,0,780,0,0,9220,9610,9610,10000,9220,10000,1170,1
20000,2,2,1,2,2,2,-1,-1,-1,16771,19403,18541,19254,19456,19323,2919,0,1298,1000,692,766,3229,597,1459,746,544,677,106073,1
10000,2,2,1,1,2,-1,-1,-1,2,5378,5146,6205,7139,7918,7646,0,1300,1200,900,0,700,4622,4854,3795,2861,2082,2354,35332,0
80000,2,2,1,-2,-2,-2,-2,-2,-2,302,-62,1958,-101,15932,950,0,2020,0,16033,11220,0,79698,80062,78042,80101,64068,79050,-10294,0
20000,2,2,1,-1,-1,-1,-1,-1,-1,6814,7670,8690,9699,10138,10400,1132,1152,1161,600,600,0,13186,12330,11310,10301,9862,9600,48766,0
240000,2,2,1,-1,-1,-1,-1,-1,-1,62946,61940,61412,62771,65038,67266,2212,2237,5000,5000,5000,3413,177054,178060,178588,177229,174962,172734,358511,0
170000,4,1,3,-1,-1,-1,-1,-1,-1,171650,171841,171014,168142,169821,173014,6384,7540,7540,6301,6517,6035,-1650,-1841,-1014,1858,179,-3014,985165,0
80000,2,2,1,-1,-1,-1,-1,-2,-2,78542,48563,20790,0,0,0,1750,1650,0,0,0,0,1458,31437,59210,80000,80000,80000,144495,0
20000,2,2,1,2,2,2,2,-1,-1,20433,19302,19276,19451,19641,20188,0,2100,1000,1000,1000,1000,-433,698,724,549,359,-188,112191,0
20000,2,2,1,-1,-1,-1,-1,-1,-1,9493,10531,11557,12546,9900,1000,1500,1500,1500,800,1500,0,10507,9469,8443,7454,10100,19000,48227,0
480000,1,1,2,-1,-1,-1,-1,-1,-1,2849,30999,53425,76538,106032,66535,45205,55328,77000,30048,30015,15056,477151,449001,426575,403462,373968,413465,83726,0
20000,2,2,1,3,3,2,-1,-1,2,11859,11385,10916,12419,13904,13538,0,0,2000,2000,0,1400,8141,8615,9084,7581,6096,6462,68621,1
20000,2,2,1,-1,-1,-1,-1,-1,-1,17924,18475,19539,19396,11643,11578,1400,1380,1181,1000,500,500,2076,1525,461,604,8357,8422,92594,0
100000,2,2,1,-1,-1,-1,-1,-1,-1,35986,36663,36218,38044,37222,37740,2548,2625,2451,890,1056,912,64014,63337,63782,61956,62778,62260,211391,0
50000,2,2,1,-1,-1,-1,-1,-2,-2,48784,50371,51400,0,0,0,2400,2400,0,0,0,0,1216,-371,-1400,50000,50000,50000,145755,0
80000,2,2,1,2,2,-2,-1,-1,-1,1430,0,0,872,22872,20641,0,0,872,22000,2002,2001,78570,80000,80000,79128,57128,59359,18940,0
200000,1,2,1,-1,-1,-1,-1,-1,-1,9167,200,198,18154,13677,2018,200,198,18156,0,1150,0,190833,199800,199802,181846,186323,197982,23710,0
150000,4,2,2,-1,-1,-1,-1,-1,-1,159919,68686,161192,150464,143375,146411,4019,146896,157436,4600,4709,5600,-9919,81314,-11192,-464,6625,3589,506787,0
30000,2,2,2,-1,-1,-1,-1,-2,-2,390,0,780,0,0,0,0,780,0,0,0,0,29610,30000,29220,30000,30000,30000,390,0
140000,2,2,1,-1,-1,-1,-1,-1,2,17172,18695,20880,23515,25122,24581,1815,3000,3000,2000,0,2500,122828,121305,119120,116485,114878,115419,117650,0
10000,2,2,1,-1,-1,-1,-1,-1,-1,7427,8057,8749,9413,10534,10210,1200,1165,1079,1200,754,0,2573,1943,1251,587,-534,-210,48992,0
20000,3,2,1,2,-1,-1,-1,-1,-1,11179,12188,12904,14217,14360,16140,1504,1220,1533,676,2177,559,8821,7812,7096,5783,5640,3860,73319,1
50000,1,2,1,-1,-1,-1,-1,-1,-1,12571,13656,15407,17127,17569,18162,1600,2280,2000,1000,1000,2000,37429,36344,34593,32873,32431,31838,84612,0
130000,2,2,1,-1,-1,-1,-1,-1,-1,101281,129217,128302,125300,4125,4210,31200,4268,89527,107,500,1000,28719,783,1698,4700,125875,125790,365833,0
50000,1,2,1,-1,-1,-1,-1,-1,-1,6905,7574,7652,7161,7531,7033,2000,2000,1000,1500,0,3000,43095,42426,42348,42839,42469,42967,34356,0
160000,1,2,1,-1,-1,-1,-1,-1,-1,5417,15134,15193,10845,46397,32334,15134,15199,10845,46397,1280,15000,154583,144866,144807,149155,113603,127666,21465,0
30000,2,2,1,-1,-1,-1,-1,-1,-1,29160,30640,23583,24195,24546,-354,2015,1800,1200,551,0,28983,840,-640,6417,5805,5454,30354,97221,0
80000,2,2,1,-1,-1,-1,-1,-1,-1,60829,57556,59083,60051,41757,42641,2061,2455,2667,2002,2055,1000,19171,22444,20917,19949,38243,37359,309677,0
20000,3,2,1,-1,-1,2,3,2,2,9248,11859,14264,13746,13228,14333,3100,2900,0,0,1325,670,10752,8141,5736,6254,6772,5667,68683,0
20000,3,2,1,-1,-1,-1,-1,-1,-1,15570,16996,18414,19843,19643,3300,2000,2000,2200,0,100,0,4430,3004,1586,157,357,16700,87466,0
10000,3,2,1,1,-1,-1,-1,-1,-1,-372,4253,1777,780,780,0,5253,1500,780,0,0,0,10372,5747,8223,9220,9220,10000,-315,0
110000,3,2,1,-1,-1,-1,-1,-1,-1,10183,11971,8164,10895,13503,16227,2000,2000,3000,3000,3000,2000,99817,98029,101836,99105,96497,93773,55943,0
50000,1,2,1,-1,-1,-1,-1,-1,-1,47796,49045,45506,41471,18298,19001,2100,1900,2000,1000,1000,1000,2204,955,4494,8529,31702,30999,212117,0
40000,1,2,1,-1,-1,-1,2,2,-1,977,1787,2566,3174,2634,1547,1190,1349,1200,0,547,231,39023,38213,37434,36826,37366,38453,8168,0
120000,2,2,1,-2,-2,-2,-2,-2,-2,316,316,316,316,316,316,316,316,316,316,316,316,119684,119684,119684,119684,119684,119684,0,0
50000,2,2,1,-1,-1,-1,-1,-1,-1,49458,50135,49889,20459,19727,19354,2200,1500,1933,600,461,350,542,-135,111,29541,30273,30646,201978,0
270000,1,2,1,-1,-1,-1,-1,-1,-1,176380,188744,194534,199524,203514,208396,15000,10000,7841,6930,7800,7730,93620,81256,75466,70476,66486,61604,1115791,0
200000,1,1,1,2,2,2,2,-1,-1,177998,174350,158632,154522,135375,142526,14600,7000,0,6000,11500,24,22002,25650,41368,45478,64625,57474,904279,1
20000,2,2,1,1,2,2,-1,-1,2,7733,8754,8469,9481,10324,10017,1300,0,1157,1000,0,1210,12267,11246,11531,10519,9676,9983,50111,0
30000,2,2,1,-1,-1,-1,-1,-1,-1,27880,29342,22974,24586,25675,30765,2000,1388,2000,1500,5541,0,2120,658,7026,5414,4325,-765,148793,0
20000,3,2,1,3,2,2,2,2,-1,150,150,150,150,150,1150,0,0,0,0,1150,0,19850,19850,19850,19850,19850,18850,750,1
20000,2,2,1,-1,-1,-1,-1,4,3,5212,6462,7846,10715,10406,9953,1500,1500,3000,0,0,0,14788,13538,12154,9285,9594,10047,44594,1
10000,1,2,1,2,2,-1,-1,-1,-1,8837,7554,8287,9580,9267,10096,0,1500,2000,700,1500,0,1163,2446,1713,420,733,-96,47921,1
50000,2,2,1,2,-1,-1,-1,-1,-1,47121,46623,46693,31040,30669,30218,1950,1949,1482,1040,913,779,2879,3377,3307,18960,19331,19782,224251,0
60000,2,1,1,-1,-1,-1,-1,-1,-1,45648,42596,39829,39324,32460,31735,2000,2500,2000,1100,1200,1200,14352,17404,20171,20676,27540,28265,221592,0
200000,1,2,1,-1,-1,-1,-1,-1,-2,14335,12452,4467,3285,0,0,1213,4467,1000,0,0,0,185665,187548,195533,196715,200000,200000,27859,0
110000,2,2,1,-1,-1,-1,-1,-1,-1,36770,7611,9275,5751,10592,9701,2000,2000,2000,5000,3470,0,73230,102389,100725,104249,99408,100299,65230,0
210000,4,2,1,-1,-1,-1,-1,-1,-1,196963,201741,219122,223267,227841,228377,7000,20000,8200,7100,6800,7000,13037,8259,-9122,-13267,-17841,-18377,1241211,0
20000,2,2,1,-1,-1,-1,-1,-1,-1,1663,1662,1473,1623,1623,1663,1662,1473,1623,1623,1663,1623,18337,18338,18527,18377,18377,18337,40,0
300000,2,1,1,-1,-1,-1,-1,-1,-1,11645,13450,11671,12888,17915,18923,3513,2012,3902,7924,2932,2077,288355,286550,288329,287112,282085,281077,64132,0
30000,2,2,1,3,2,2,2,2,3,26061,25349,27826,27080,30525,29764,0,3200,0,3900,0,0,3939,4651,2174,2920,-525,236,159505,1
50000,3,1,1,-1,-1,2,-1,-1,-1,29341,27139,13295,14126,12185,8419,1806,1000,1112,366,503,500,20659,22861,36705,35874,37815,41581,99218,0
80000,2,2,1,1,2,2,2,-1,-1,178541,174189,183197,177641,149806,141706,0,11900,6500,6500,5800,6500,-98541,-94189,-103197,-97641,-69806,-61706,967880,1
50000,2,2,1,1,2,2,2,2,2,31392,32976,34154,33311,35246,34548,2400,2000,0,2800,0,3100,18608,17024,15846,16689,14754,15452,191327,1
230000,2,2,1,-1,-1,-1,-1,-1,-1,147530,150313,146464,144227,133638,136605,6800,6707,10038,4782,5119,5632,82470,79687,83536,85773,96362,93395,819699,0
110000,3,2,1,-1,-1,-1,-1,-1,-1,71048,74242,78032,81392,48022,48068,5000,5000,5000,5000,3709,0,38952,35758,31968,28608,61978,61932,377095,0
140000,2,2,1,-1,-1,-1,-1,-1,-1,80210,67746,76230,77954,78953,81848,10000,10000,3393,3260,5000,3000,59790,72254,63770,62046,61047,58152,428288,0
140000,2,2,1,-1,-1,-1,-1,-1,-1,218318,135085,122762,76564,139508,142253,5000,6614,2198,140000,5413,4689,-78318,4915,17238,63436,492,-2253,670576,0
360000,1,2,1,-1,-1,2,-1,-1,-1,2711,780,390,390,390,540,780,0,390,390,540,390,357289,359220,359610,359610,359610,359460,2711,0
90000,3,2,1,1,3,2,2,2,2,25179,24496,23325,24336,24817,25338,0,0,1405,886,919,1104,64821,65504,66675,65664,65183,64662,143177,1
10000,1,2,1,-1,-1,-1,-1,-1,-1,4457,5622,6673,7890,8628,9360,1400,1300,1500,1000,1000,0,5543,4378,3327,2110,1372,640,36430,0
180000,1,2,1,-1,-1,-1,-1,-1,-1,14565,9500,10122,770,4159,4159,9500,10122,770,4159,0,5243,165435,170500,169878,179230,175841,175841,13481,0
120000,3,3,1,-1,-1,-1,-1,-1,-1,45753,53323,5257,13781,8636,5698,13160,5272,13832,8661,5715,38852,74247,66677,114743,106219,111364,114302,46956,0
130000,2,2,1,2,-1,-1,-1,-1,-1,128947,126454,128179,75525,76862,6131,5006,4252,3000,1537,10000,21300,1053,3546,1821,54475,53138,123869,497003,0
90000,2,2,1,-1,-1,-1,-1,-1,-1,2381,2908,1051,2422,1051,1051,1800,1052,2422,0,1051,83573,87619,87092,88949,87578,88949,88949,-79034,0
170000,2,2,1,-1,-1,-1,-1,-1,-1,164408,153323,152429,154704,96724,73916,5700,7400,5600,4500,3000,3500,5592,16677,17571,15296,73276,96084,765804,1
50000,2,2,1,-1,-1,2,-1,-1,-1,47378,50555,45532,47086,19045,19554,4000,0,2430,1000,800,700,2622,-555,4468,2914,30955,30446,220220,0
400000,1,2,1,-1,-1,-1,-1,-1,-1,98580,67946,161585,146093,129047,75427,8006,123692,7002,8167,3996,2000,301420,332054,238415,253907,270953,324573,525815,0
10000,3,2,1,-1,-1,-1,-1,-1,-1,9285,273,8327,9379,9566,9766,273,8327,1200,342,354,438,715,9727,1673,621,434,234,35662,0
360000,1,2,1,-2,-2,-2,-2,-2,-2,4614,6777,14101,11959,3184,7252,6813,14171,12023,3200,7288,1892,355386,353223,345899,348041,356816,352748,2500,0
100000,1,2,1,-1,-1,-1,-1,-1,-1,1522,291,1791,2367,4589,291,291,1791,2367,4613,291,291,98478,99709,98209,97633,95411,99709,1207,0
80000,1,2,1,-1,-1,2,-1,-1,-1,825,1650,825,825,825,825,1650,0,825,825,825,0,79175,78350,79175,79175,79175,79175,1650,0
20000,2,2,1,-1,-1,-1,-1,-1,-2,390,390,1128,19780,0,0,390,1128,19780,0,0,0,19610,19610,18872,220,20000,20000,390,0
50000,1,2,1,-1,-1,-1,-1,-1,-1,15639,10504,11824,13018,12303,18584,1200,1500,1500,281,18584,1000,34361,39496,38176,36982,37697,31416,57807,0
50000,1,2,1,-1,2,-1,-1,-1,-1,1959,662,1655,0,1250,1000,0,1655,0,1250,0,0,48041,49338,48345,50000,48750,49000,3621,0
50000,1,2,1,-1,-1,-1,-1,-1,-1,12570,11659,8312,11451,9312,7239,6000,6000,8000,186,0,0,37430,38341,41688,38549,40688,42761,40357,0
100000,2,2,1,-1,-1,-1,-1,-1,-1,30928,32186,32949,33680,34419,37782,2500,2000,2000,2000,4500,40000,69072,67814,67051,66320,65581,62218,148944,1
150000,1,2,1,2,2,2,2,2,-1,164576,160500,170405,176048,161874,144124,0,14000,10048,0,5118,4517,-14576,-10500,-20405,-26048,-11874,5876,943844,1
190000,1,2,1,-1,-1,2,-1,-1,-1,3173,5270,5040,6050,6447,7339,2323,0,1103,500,1000,400,186827,184730,184960,183950,183553,182661,27993,0
80000,1,2,1,-1,-1,-1,-1,-1,-1,75755,77397,77839,69534,60747,52280,3500,3328,2811,1192,1516,2316,4245,2603,2161,10466,19253,27720,398889,0
10000,2,2,1,-1,-1,-1,-1,-1,-1,9861,15147,6641,15318,8610,8790,1099,2234,1135,1086,319,319,139,-5147,3359,-5318,1390,1210,58175,0
50000,1,2,1,-1,-1,-1,-1,-1,-1,29021,28408,29117,28764,28390,29443,1768,1477,1444,1100,1500,1100,20979,21592,20883,21236,21610,20557,164754,0
140000,4,2,1,-1,-1,-1,-1,-1,-1,136013,136953,133265,82163,83238,85383,5300,6350,2900,2950,4000,3576,3987,3047,6735,57837,56762,54617,631939,0
80000,2,2,1,1,-2,-1,-1,-2,-2,0,0,431,0,0,0,0,431,0,0,0,0,80000,80000,79569,80000,80000,80000,0,0
50000,2,2,1,-1,-1,-1,-1,-1,2,42695,43679,44757,45703,48476,47603,2000,1781,1727,3500,0,3600,7305,6321,5243,4297,1524,2397,260305,0
80000,3,1,2,1,2,2,2,2,2,71104,72737,73987,72199,76621,78451,3400,3000,0,5637,3200,0,8896,7263,6013,7801,3379,1549,429862,1
20000,3,2,1,-1,-1,-2,-2,-2,-2,36908,0,0,0,0,0,0,0,0,0,0,0,-16908,20000,20000,20000,20000,20000,36908,0
170000,2,2,1,-1,-1,-1,-1,-1,-1,156411,143042,126395,119365,112801,108241,7100,5500,5000,5000,5000,5000,13589,26958,43605,50635,57199,61759,733655,1
210000,1,2,1,1,-1,-1,-1,-1,-1,0,582,0,582,291,1027,582,0,582,291,1027,291,210000,209418,210000,209418,209709,208973,-291,1
230000,2,2,1,-1,-1,-1,-1,-1,-1,5504,4782,3864,3242,1428,2358,2000,2000,2000,300,2000,1400,224496,225218,226136,226758,228572,227642,11478,0
50000,1,2,1,-1,-1,-1,-1,-1,-2,23266,16093,19906,11132,0,0,5224,19906,11132,0,0,0,26734,33907,30094,38868,50000,50000,34135,0
30000,2,2,1,2,-1,-1,-1,-1,-1,24104,25198,25988,27107,27450,29193,1800,1500,1600,1000,2100,1400,5896,4802,4012,2893,2550,807,149640,0
50000,2,2,1,-1,-1,-1,-1,-1,-1,48424,50340,48395,49604,48397,49847,2710,2760,2750,1507,2000,1500,1576,-340,1605,396,1603,153,281780,0
50000,2,2,1,2,-1,-1,2,-1,-1,14091,14752,18460,17749,18936,5925,1200,3972,0,1448,492,10000,35909,35248,31540,32251,31064,44075,72801,1
20000,2,2,1,-1,-1,-1,2,-1,-1,17961,17091,14120,12266,10783,5131,1513,4932,9,286,1000,15000,2039,2909,5880,7734,9217,14869,54612,0
160000,2,2,1,-2,-2,-2,-2,-2,-2,1987,0,99500,-500,-500,-500,0,99500,0,0,0,0,158013,160000,60500,160500,160500,160500,487,0
70000,3,2,1,-1,-1,2,-1,-1,-1,64494,69272,62196,62809,48047,49110,5916,0,2315,1718,2000,2000,5506,728,7804,7191,21953,20890,341979,1
290000,1,2,1,-1,-1,-1,-1,-1,-1,18359,18985,17742,17530,8135,7559,1500,1500,1021,185,387,2000,271641,271015,272258,272470,281865,282441,81717,0
120000,3,2,1,-1,-1,-1,-1,-1,-1,88143,83432,78471,77711,79250,55860,6000,4100,3000,3000,2000,0,31857,36568,41529,42289,40750,64140,444767,0
50000,2,2,1,-1,-1,-1,-1,-1,-1,45586,46573,47332,47382,47370,46200,3000,2200,1600,978,2000,1000,4414,3427,2668,2618,2630,3800,269665,0
110000,1,2,1,-1,-1,-1,-1,-1,-1,101860,99782,98236,92879,75216,76778,3577,4416,2972,2756,2839,2472,8140,10218,11764,17121,34784,33222,525719,0
160000,4,2,1,-1,-1,-1,-1,-1,-1,11152,11354,11486,12176,8044,0,5398,5676,8874,161,0,0,148848,148646,148514,147824,151956,160000,34103,0
30000,3,2,1,-1,-1,-1,-1,-1,-1,29584,25645,24564,25823,26269,26335,3000,2000,2000,2500,3000,2500,416,4355,5436,4177,3731,3665,143220,0
210000,2,2,1,1,-2,-1,2,-1,-1,0,0,709,397,1026,1026,0,709,0,1026,0,0,210000,210000,209291,209603,208974,208974,1423,0
150000,3,2,1,-1,-1,-1,-1,-1,-1,85993,81682,83467,86076,87829,58213,2922,3100,4000,3536,2200,2123,64007,68318,66533,63924,62171,91787,465379,0
120000,1,2,1,-1,-1,-1,-1,-1,-1,117303,15504,15748,15480,998,980,1256,1500,2000,998,980,0,2697,104496,104252,104520,119002,119020,159279,1
100000,2,1,1,1,-2,-2,-2,-2,-2,0,0,0,0,0,0,0,0,0,0,0,0,100000,100000,100000,100000,100000,100000,0,1
120000,1,2,1,2,2,-1,-1,2,2,114127,110826,113559,118784,118967,108887,0,6000,9000,3425,45,3500,5873,9174,6441,1216,1033,11113,663180,1
220000,4,2,1,-1,-1,-1,-1,-1,-1,181870,186428,190995,165452,170786,174213,7500,7500,7000,8000,8000,158956,38130,33572,29005,54548,49214,45787,872788,0
140000,2,2,1,2,2,2,2,2,2,119424,116014,133567,129953,136283,139961,0,19500,0,10000,6000,5000,20576,23986,6433,10047,3717,39,734702,1
20000,2,2,1,1,2,2,-1,-1,-1,6962,7898,7626,8692,9541,9885,1200,0,1200,1000,500,500,13038,12102,12374,11308,10459,10115,46204,1
330000,2,2,1,-1,-1,-1,-1,-1,-1,229229,227017,222040,218852,203312,196266,9520,8100,8500,7400,7200,7900,100771,102983,107960,111148,126688,133734,1248096,0
210000,1,2,1,-1,-1,-1,-1,-1,-1,183214,167757,170663,169291,140384,138574,6000,8000,5556,5100,5016,5200,26786,42243,39337,40709,69616,71426,935011,0
430000,1,2,1,-2,-2,-2,-2,-2,-2,325,325,325,0,325,650,325,325,0,325,650,150,429675,429675,429675,430000,429675,429350,175,0
150000,2,2,1,-1,-1,-1,-1,-1,-1,129151,101260,94545,93810,82668,64924,3501,3516,3003,2578,2300,2300,20849,48740,55455,56190,67332,85076,549160,0
210000,3,2,1,-1,-1,-1,-1,-1,-1,58340,58644,59855,61013,61097,65089,2107,3000,3000,2500,6000,8000,151660,151356,150145,148987,148903,144911,339431,0
240000,2,2,1,-1,-1,-1,-1,-1,-1,243774,242529,242079,243114,213930,219009,8891,12350,15969,7968,8700,17500,-3774,-2529,-2079,-3114,26070,20991,1333057,0
140000,2,2,2,2,-1,-1,-1,-1,-1,138421,137456,139977,136207,50464,49430,5000,6003,4771,2103,2000,43557,1579,2544,23,3793,89536,90570,588521,1
50000,2,2,1,-1,-1,-1,-1,-1,-1,45622,47061,48264,27806,24901,25441,2500,2500,2000,2000,941,3113,4378,2939,1736,22194,25099,24559,206041,1
400000,1,2,1,-1,-1,-1,-1,-1,-1,21012,10107,240244,287499,86684,6796,5056,241366,278006,425,34,2966,378988,389893,159756,112501,313316,393204,124489,0
160000,4,1,1,-1,-1,-1,-1,-1,-1,154412,157364,157834,159877,155545,147330,7028,5823,4764,4251,4348,5000,5588,2636,2166,123,4455,12670,901148,0
130000,1,2,1,-1,-1,-1,-1,-1,-2,91092,94581,94580,30000,0,0,5000,3000,4000,0,0,0,38908,35419,35420,100000,130000,130000,298253,0
160000,2,2,1,-2,-2,-2,-2,-2,-2,3720,396,396,396,396,1353,396,396,396,396,1353,2423,156280,159604,159604,159604,159604,158647,1297,0
30000,2,2,1,-1,-1,-1,2,-1,-1,25081,26358,29319,28510,29813,30179,2000,3700,0,2000,910,917,4919,3642,681,1490,187,-179,159733,0
20000,3,2,1,-1,-1,-1,-1,-1,-1,13384,14153,15417,16944,18992,15888,1300,1500,2000,2048,0,4500,6616,5847,4583,3056,1008,4112,83430,1
200000,2,2,1,-1,-1,-1,-1,-1,-1,202591,202924,204693,195319,193566,182175,7565,9593,6919,5666,4686,4500,-2591,-2924,-4693,4681,6434,17825,1142339,0
20000,2,2,1,1,-1,-1,-1,-1,-1,0,18965,20042,20115,20000,16433,18965,1391,1207,602,707,672,20000,1035,-42,-115,0,3567,72011,0
130000,1,2,1,-1,-1,-1,-2,-2,-2,2219,4141,0,0,0,0,2000,0,0,0,0,0,127781,125859,130000,130000,130000,130000,4360,0
100000,2,1,2,-1,-1,-1,-1,-1,-1,416,416,589,1416,416,416,416,1005,1416,416,416,0,99584,99584,99411,98584,99584,99584,0,0
150000,4,2,1,-1,-1,-1,-1,-1,-1,10459,11445,122175,111847,76628,64200,2516,122685,3328,2230,2062,1891,139541,138555,27825,38153,73372,85800,262042,0
100000,2,2,1,-1,-1,-1,-1,-1,-1,83749,85463,87189,89539,91258,93343,4000,4000,4100,4000,3241,5000,16251,14537,12811,10461,8742,6657,506200,0
40000,1,2,1,2,-1,-1,-1,-1,-1,10181,11058,11471,11776,12660,12660,2500,2000,1500,2330,2300,1000,29819,28942,28529,28224,27340,27340,58176,1
50000,1,2,1,-1,-1,-1,-1,-1,-1,43226,19278,18403,19369,20094,17934,1300,1300,1300,1000,1000,1000,6774,30722,31597,30631,29906,32066,131404,0
150000,2,2,2,1,2,-1,-1,-1,-1,127399,124835,127259,129115,131820,124322,0,5000,3500,3557,5929,23,22601,25165,22741,20885,18180,25678,746741,1
50000,2,2,1,2,2,2,-1,-1,-1,46346,49612,48546,49157,49890,48941,4355,0,1900,1333,0,999,3654,388,1454,843,110,1059,283905,0
50000,2,2,1,-1,-1,-1,-1,-1,-1,51112,51086,51365,50579,20413,20452,2109,2388,1602,900,838,707,-1112,-1086,-1365,-579,29587,29548,236463,0
60000,2,2,1,2,2,2,2,2,2,35932,35060,38176,38452,39423,38660,0,4000,1200,1900,0,2900,24068,24940,21824,21548,20577,21340,215703,1
320000,1,2,2,-2,-2,-2,-2,-2,-2,5562,6061,3829,933,5446,8523,6091,3848,937,5473,8565,0,314438,313939,316171,319067,314554,311477,5440,0
90000,2,2,2,2,2,2,2,2,-1,91562,67878,72323,71631,68427,69532,0,6500,2600,0,2700,3000,-1562,22122,17677,18369,21573,20468,426553,1
160000,2,2,2,-1,-1,-1,-1,-1,-1,155967,151161,132051,93367,84622,87255,7541,5500,4200,3032,4000,2609,4033,8839,27949,66633,75378,72745,677541,0
30000,2,2,1,1,2,-1,-1,-1,-1,3997,2522,261,1261,772,390,0,261,1000,772,8,390,26003,27478,29739,28739,29228,29610,6772,1
50000,2,2,1,-1,-1,-1,-1,-1,-1,41375,35398,27906,23043,19167,19478,1515,1424,1315,1000,1000,1000,8625,14602,22094,26957,30833,30522,159113,0
20000,2,2,1,-1,-1,-1,-1,-1,-1,19812,17678,19068,19642,27988,1280,1291,1681,1255,672,52,0,188,2322,932,358,-7988,18720,100517,0
150000,2,2,1,-1,-1,2,-1,-1,2,58795,62799,61233,61915,69079,67852,5600,0,2300,8219,0,9000,91205,87201,88767,88085,80921,82148,356554,0
70000,1,2,1,-1,-1,-1,-1,-1,-1,5154,5835,5960,11780,1360,468,5860,5979,11780,1360,468,4615,64846,64165,64040,58220,68640,69532,495,0
180000,1,2,1,-1,-1,-1,-1,-1,-1,40675,36126,30820,23852,17902,7784,1560,1735,1385,30,23,5411,139325,143874,149180,156148,162098,172216,147015,0
320000,1,2,1,-2,-2,-2,-2,-2,-2,9161,26156,13185,17439,66408,14333,28524,13270,17562,66751,14405,52677,310839,293844,306815,302561,253592,305667,-46507,0
90000,2,1,1,-1,-1,-1,-1,-1,-1,84844,65217,63943,62327,55800,56800,2277,3489,1639,1136,1000,0,5156,24783,26057,27673,34200,33200,379390,0
210000,2,2,1,-1,-1,-1,-1,-1,-1,62590,61942,118652,8757,8936,9118,3815,93575,1000,179,182,0,147410,148058,91348,201243,201064,200882,171244,0
180000,2,2,1,-1,-1,-1,-1,-1,-1,67276,65363,68877,48958,45255,41870,3000,10000,2000,1500,1500,1600,112724,114637,111123,131042,134745,138130,317999,0
360000,2,2,1,-1,-1,-1,-1,-1,-1,7156,9780,6672,11201,9718,8781,9849,6712,11244,9747,8806,11872,352844,350220,353328,348799,350282,351219,-4922,0
100000,4,2,1,-2,-2,-2,-2,-2,-2,1000,0,0,0,0,0,0,0,0,0,0,0,99000,100000,100000,100000,100000,100000,1000,0
300000,1,2,1,1,-2,-2,-2,-2,-2,0,0,0,0,0,0,0,0,0,0,0,0,300000,300000,300000,300000,300000,300000,0,0
160000,2,2,1,-1,-1,-1,-1,-1,-1,390,390,390,0,780,390,390,390,0,1170,0,540,159610,159610,159610,160000,159220,159610,-150,0
50000,2,2,1,2,2,-1,-1,-1,-1,43063,41932,38411,30659,30963,30505,0,1600,1712,1016,2500,0,6937,8068,11589,19341,19037,19495,208705,1
50000,1,2,1,-1,-1,-1,-1,-1,-1,27179,27878,28908,29922,30517,31164,1454,1484,1498,1093,1139,2039,22821,22122,21092,20078,19483,18836,166861,1
160000,4,2,2,-2,-2,-2,-2,-2,-2,144,6130,0,0,0,0,6636,0,0,0,0,0,159856,153870,160000,160000,160000,160000,-362,0
160000,1,2,2,-1,-1,-1,-1,-1,-1,11170,6393,11845,5431,6683,22285,1007,11907,5437,6693,22296,23500,148830,153607,148155,154569,153317,137715,-7033,0
20000,2,1,2,4,3,2,2,2,3,19379,18775,19612,18864,20556,20211,0,1433,0,2125,0,0,621,1225,388,1136,-556,-211,113839,0
250000,1,2,1,-1,-1,-1,-1,-1,-1,144525,183569,186020,186465,113336,0,43089,6959,110000,0,0,132818,105475,66431,63980,63535,136664,250000,521049,0
50000,1,2,1,-1,-1,-1,-1,-1,-1,33567,0,28971,30437,14106,794,2034,0,2500,1024,397,21885,16433,50000,21029,19563,35894,49206,80035,0
30000,2,2,1,3,2,2,-1,-1,-1,30311,31213,30425,30062,30270,29176,1700,0,1310,908,915,1052,-311,-1213,-425,-62,-270,824,175572,0
50000,2,2,2,-1,-1,2,-1,-1,-1,23051,18190,12521,14308,14769,15925,2719,0,2000,1000,1542,764,26949,31810,37479,35692,35231,34075,90739,0
50000,1,2,1,-1,-1,-1,-1,-1,-1,42046,47356,47445,49701,49068,0,11000,5000,5000,31507,0,0,7954,2644,2555,299,932,50000,183109,0
50000,3,2,1,-1,-1,-1,-1,-1,-1,57207,58211,48160,48398,17942,16334,2000,2100,1300,650,600,1652,-7207,-8211,1840,1602,32058,33666,237950,0
200000,1,2,1,-2,-2,-2,-2,-2,-2,2626,15912,1677,315,3042,374,15954,1677,315,3042,374,4500,197374,184088,198323,199685,196958,199626,-1916,0
80000,1,2,1,-1,-1,-1,-1,-1,-1,75923,57259,50845,36207,32515,15128,2500,2548,2500,1100,1000,1000,4077,22741,29155,43793,47485,64872,257229,0
220000,1,2,1,-1,-1,-1,-1,-1,-1,146022,145114,121369,100807,104432,107209,7000,5433,6000,5000,6000,5000,73978,74886,98631,119193,115568,112791,690520,0
60000,1,2,1,-1,-1,2,2,-1,-1,59059,50579,24193,23511,24019,24481,3800,1900,0,1200,1000,3500,941,9421,35807,36489,35981,35519,194442,0
230000,1,2,1,-2,-2,-2,-2,-2,-2,4649,3985,2234,-1,-1,-1,4004,2245,0,0,0,279,225351,226015,227766,230001,230001,230001,4337,0
210000,2,2,2,-1,-1,-1,-1,-1,-1,30785,29242,29883,30447,30803,29820,1472,1509,1469,1221,1100,1252,179215,180758,180117,179553,179197,180180,172957,0
50000,2,2,2,-1,-1,-1,-1,-1,-1,49292,48536,41045,41532,18646,19183,2661,3030,2124,646,828,1097,708,1464,8955,8468,31354,30817,207848,0
20000,3,1,1,2,3,2,3,2,-1,10449,10135,11926,11448,10970,11636,0,2100,0,0,1000,1000,9551,9865,8074,8552,9030,8364,62464,1
320000,2,2,1,-1,-1,-1,-1,-1,-1,46385,47439,48858,50893,52352,53480,2000,2000,3000,3000,1667,2019,273615,272561,271142,269107,267648,266520,285721,0
180000,2,2,1,1,2,2,2,2,2,29484,30309,28313,942,1038,492,2000,942,0,492,0,600,150516,149691,151687,179058,178962,179508,86544,0
140000,2,2,2,-1,-1,-1,-1,2,2,188,6229,7936,13194,5692,8410,6229,2000,5600,0,3002,2,139812,133771,132064,126806,134308,131590,24816,0
30000,3,2,1,-1,-1,-2,-2,-2,-2,1211,-50,-440,-830,-1220,-1220,0,0,0,0,0,2000,28789,30050,30440,30830,31220,31220,-4549,0
50000,3,2,1,-1,-1,-1,-1,-1,-1,35227,36236,21068,18132,18405,16754,2011,2000,2000,1000,1000,1000,14773,13764,28932,31868,31595,33246,136811,0
170000,4,2,2,-1,-1,-1,-1,-1,-1,297,1093,2633,1291,3117,1267,1096,2640,1294,3126,1270,1002,169703,168907,167367,168709,166883,168733,-730,0
80000,2,2,1,2,-1,-1,2,-1,-1,9928,11446,13150,13233,13663,13994,2000,2200,600,650,700,1449,70072,68554,66850,66767,66337,66006,67815,1
290000,2,1,2,-1,-1,-1,-1,-1,-1,8452,7718,237648,236463,146420,148600,7728,237648,8900,5300,5541,4700,281548,282282,52352,53537,143580,141400,515484,0
20000,2,2,1,2,2,-1,-1,-1,-1,17429,16849,17187,8585,8760,12000,0,1202,1000,175,3240,0,2571,3151,2813,11415,11240,8000,75193,1
20000,2,1,1,-1,-1,-1,-1,-1,-1,690,665,1164,1523,1228,500,665,1164,1523,1228,500,0,19310,19335,18836,18477,18772,19500,690,0
100000,1,2,1,-1,-1,-1,-1,-1,-1,1847,3614,3252,42058,33171,18379,2000,2000,42058,500,2000,2000,98153,96386,96748,57942,66829,81621,51763,0
10000,3,2,1,1,-2,-2,-2,-2,-2,0,0,0,0,0,0,0,0,0,0,0,0,10000,10000,10000,10000,10000,10000,0,0
30000,3,2,1,-1,-1,-1,-1,2,2,22634,23638,24689,28809,30052,29057,1385,1440,4560,2001,1,1228,7366,6362,5311,1191,-52,943,148264,1
180000,1,2,1,-1,-1,-1,-1,-1,2,183887,93962,95955,98354,105327,107500,4000,3500,4000,8600,4000,0,-3887,86038,84045,81646,74673,72500,660885,0
160000,1,1,2,1,2,-1,-1,-2,-2,3310,2250,1698,-51,-51,-51,0,1005,7,0,0,2821,156690,157750,158302,160051,160051,160051,3272,0
390000,2,2,1,-1,-1,-1,-1,-1,-1,65354,70758,70791,66495,52055,68567,20000,14000,10000,12000,30000,13000,324646,319242,319209,323505,337945,321433,295020,0
90000,2,2,1,-1,-1,-1,-1,-1,-1,42322,43314,44354,45372,46317,51292,1997,2037,2055,2000,5913,0,47678,46686,45646,44628,43683,38708,258969,0
310000,2,2,1,3,2,2,2,-1,2,400,400,400,400,20334,19050,0,0,0,20334,0,21573,309600,309600,309600,309600,289666,290950,-923,0
100000,2,1,1,-1,-1,-1,-1,-1,-1,66195,62771,63533,57079,16634,26438,2303,3000,3000,1000,10022,3065,33805,37229,36467,42921,83366,73562,270260,0
50000,3,2,1,-1,-1,-1,-1,-1,-1,3150,9375,725,21423,6308,12651,9375,730,21423,6308,12651,6243,46850,40625,49275,28577,43692,37349,-3098,0
500000,2,2,2,-1,-1,2,2,-1,-1,20544,25756,26176,18124,8133,4051,5835,1055,23,9,20,15099,479456,474244,473824,481876,491867,495949,80743,0
120000,2,1,2,1,2,2,2,-1,-1,80226,81812,82922,80989,82761,84766,3500,3000,0,3120,3500,3100,39774,38188,37078,39011,37239,35234,477256,0
80000,3,1,1,-1,-1,-1,-1,-1,-1,52175,45429,46595,47224,46903,46973,2034,2200,1738,1796,1832,1842,27825,34571,33405,32776,33097,33027,273857,0
140000,1,2,1,-1,-1,-1,-1,-1,-1,88588,86625,89226,91680,93220,94456,3200,4000,4003,4003,4006,4000,51412,53375,50774,48320,46780,45544,520583,0
50000,2,2,2,1,2,-1,-1,-1,-1,51086,49804,28662,29476,4011,1000,0,2000,1500,1000,1000,0,-1086,196,21338,20524,45989,49000,158539,0
400000,1,2,2,-1,-1,-1,-1,-1,-1,162540,155319,171087,172732,156830,139816,10000,32000,18000,5000,4000,10000,237460,244681,228913,227268,243170,260184,879324,0
380000,1,2,1,-1,-1,-1,-1,-1,-1,24469,30689,19947,22529,3885,23616,30690,10007,24012,3906,24018,13024,355531,349311,360053,357471,376115,356384,19478,0
100000,1,2,1,-1,-1,-1,-1,-1,-1,57757,60367,62959,61796,62602,64983,5003,5003,1723,3115,3000,3000,42243,39633,37041,38204,37398,35017,349620,0
110000,1,2,1,-1,-1,-1,-1,-1,-1,104216,104343,142622,73702,75513,77111,7316,3000,6000,3000,2935,3011,5784,5657,-32622,36298,34487,32889,552245,0
130000,2,2,1,1,-1,-1,-1,-1,-1,-4,1198,101424,-1175,111715,52337,1202,101726,1228,114488,2000,2007,130004,128802,28576,131175,18285,77663,42844,0
200000,2,1,1,-2,-2,-2,-2,-2,-2,1418,3052,3538,17091,2413,1301,3066,3555,17175,2435,1307,5839,198582,196948,196462,182909,197587,198699,-4564,0
170000,1,2,1,-2,-1,-1,-1,-1,-1,-1028,58324,57657,58832,60002,61260,60751,2100,2135,2148,2225,2396,171028,111676,112343,111168,109998,108740,223292,0
50000,2,2,1,-1,-1,-1,-1,-1,-1,17831,18139,18777,19662,19348,19355,1295,1323,1598,674,690,855,32169,31861,31223,30338,30652,30645,106677,0
140000,3,2,1,-1,-1,-1,-1,-1,-1,7307,11718,5280,8166,18002,22262,5000,3000,3000,10000,5000,2500,132693,128282,134720,131834,121998,117738,44235,0
50000,2,1,2,-1,-1,-1,-1,-1,-1,41266,50669,48942,27836,40346,38668,27004,1613,1484,3675,698,1000,8734,-669,1058,22164,9654,11332,212253,1
100000,4,2,1,-1,-1,-1,-1,-1,-1,92086,93153,96642,99362,100571,102680,3500,5000,4400,3669,3800,4000,7914,6847,3358,638,-571,-2680,560125,0
200000,2,1,2,2,2,2,2,2,-1,110419,112518,114247,115896,112545,115565,5400,5000,5000,0,5000,4235,89581,87482,85753,84104,87455,84435,656555,1
70000,3,1,2,-1,-1,-1,-1,-1,-1,70011,67411,65867,55969,41298,0,15000,3068,2410,0,0,0,-11,2589,4133,14031,28702,70000,280078,1
320000,2,2,1,-1,-1,-1,-1,-1,-1,146515,131130,123226,111975,95510,79385,4697,5920,4000,3012,3000,3000,173485,188870,196774,208025,224490,240615,664112,0
90000,1,2,2,-1,-1,2,-1,-1,-1,32581,36525,35660,36436,33548,32061,4500,0,3000,10000,2000,2000,57419,53475,54340,53564,56452,57939,185311,0
220000,2,2,2,-1,-1,-1,-1,-1,-1,167390,123981,250982,129905,131248,139420,6000,5000,6500,5000,10500,5200,52610,96019,-30982,90095,88752,80580,904726,1
170000,4,2,1,-1,-1,-1,-1,-1,-1,169763,166286,162330,110034,97018,96056,6300,8138,4206,3366,3421,3642,237,3714,7670,59966,72982,73944,772414,0
150000,2,2,1,1,2,-1,-1,-1,-1,155963,148095,143845,132677,86265,88390,12,8000,5300,3500,5000,4000,-5963,1905,6155,17323,63735,61610,729423,0
180000,1,2,1,-2,-1,-1,-1,-2,-2,0,300,740,0,0,0,300,740,0,0,0,0,180000,179700,179260,180000,180000,180000,0,1
110000,2,2,1,-1,-1,-1,-1,-1,-1,104968,107221,109494,111954,111771,111703,4000,4000,4300,4164,4500,4200,5032,2779,506,-1954,-1771,-1703,631947,0
200000,1,2,2,1,2,2,2,2,2,182499,184632,180260,192260,187714,195702,6600,0,15000,0,11013,5549,17501,15368,19740,7740,12286,4298,1084905,1
150000,1,2,2,-2,-2,-2,-2,-2,-2,989,1023,7542,1200,0,0,1023,7542,1200,0,0,689,149011,148977,142458,148800,150000,150000,300,0
260000,1,2,2,-2,-2,-2,-2,-2,-2,2322,1233,3302,6592,5008,3386,1233,3302,6592,5008,3386,2547,257678,258767,256698,253408,254992,256614,-225,0
360000,1,2,2,-1,-1,-1,-1,-1,-1,365290,362533,358716,353426,299403,260620,13000,14000,12080,10000,9500,6000,-5290,-2533,1284,6574,60597,99380,1935408,0
130000,2,2,1,2,2,2,-1,-1,-1,47272,47984,47113,48218,49408,50648,1600,0,1700,1800,2000,1800,82728,82016,82887,81782,80592,79352,281743,0
500000,1,2,1,-1,-1,-1,-1,-1,-1,29378,20154,11963,8839,2678,3028,5000,8000,3000,1000,3028,8878,470622,479846,488037,491161,497322,496972,47134,0
340000,1,2,1,-1,-1,-1,-1,-1,-1,277140,272579,271986,227152,221218,159462,10000,13012,8008,8343,9463,196000,62860,67421,68014,112848,118782,180538,1184711,1
70000,1,2,1,-1,-1,-1,-1,-1,2,51897,51961,51435,51512,54709,52462,2230,2009,2397,5912,0,2448,18103,18039,18565,18488,15291,17538,298980,0
90000,2,1,1,-1,-1,-1,-1,-1,-1,500,715,26854,28146,0,2000,715,26854,3000,0,2000,0,89500,89285,63146,61854,90000,88000,25646,0
50000,2,1,2,4,3,2,-1,-1,-1,49926,48840,46958,47796,48800,50108,0,0,2000,2000,2000,6000,74,1160,3042,2204,1200,-108,280428,1
170000,2,2,2,-2,-1,-1,-1,-1,-1,352,14540,14315,15535,14453,16518,14547,1500,1542,1456,3521,1881,169648,155460,155685,154465,155547,153482,51266,0
50000,3,2,2,-1,-1,-1,-1,-1,-1,43702,44979,46755,47412,47703,49495,2000,2501,2000,2000,2500,2000,6298,5021,3245,2588,2297,505,267045,0
90000,1,2,1,-1,-1,-1,-1,-1,2,47585,48575,49922,51290,56608,55576,1782,2129,2497,6815,0,4275,42415,41425,40078,38710,33392,34424,292058,0
200000,2,2,1,-1,-1,-1,-1,-1,-1,69182,69862,44150,43874,41378,832,3000,3500,1500,500,1000,109586,130818,130138,155850,156126,158622,199168,150192,0
20000,2,2,2,-1,-1,-1,-1,-1,-1,18472,19968,17199,18367,18130,18500,2000,17199,1600,363,370,1500,1528,32,2801,1633,1870,1500,87604,0
280000,3,1,2,-1,-1,-1,-1,-1,-1,158798,163164,168543,172083,173850,177469,6000,7000,6762,4880,5050,5100,121202,116836,111457,107917,106150,102531,979115,1
200000,3,1,2,-1,-1,-1,-1,-1,-1,5868,8654,3408,12019,22169,7416,8697,3439,12079,22219,185,12019,194132,191346,196592,187981,177831,192584,896,0
50000,2,2,2,-1,-1,-1,-1,-1,2,50240,50149,50021,44924,49669,42689,6000,8000,3000,9000,0,10000,-240,-149,-21,5076,331,7311,251692,1
100000,1,2,2,-1,-1,-1,-2,-1,-1,13565,8130,-332,-732,-1782,-2250,1000,0,1732,1268,2000,3500,86435,91870,100332,100732,101782,102250,7099,0
120000,2,1,2,-1,-1,-1,-1,-1,-1,1166,1491,995,1318,1322,2826,2000,1000,2000,1500,3000,0,118834,118509,119005,118682,118678,117174,-382,0
30000,3,2,2,-1,-1,-1,-1,-1,-1,5981,7369,8542,9552,9743,10085,1500,1300,1159,350,500,370,24019,22631,21458,20448,20257,19915,46093,0
160000,2,2,2,-1,-1,-1,-1,-1,-1,38254,38919,17243,18478,3541,6459,1907,2000,2000,300,6459,3000,121746,121081,142757,141522,156459,153541,107228,0
360000,1,2,1,-1,2,-1,-1,-1,-1,6902,1950,2618,2868,425,29879,141,2618,2868,425,29879,18780,353098,358050,357382,357132,359575,330121,-10069,0
200000,2,2,2,-1,-1,-1,-1,-1,-1,18044,390,20718,390,390,390,390,20718,390,390,390,540,181956,199610,179282,199610,199610,199610,17504,1
220000,1,2,1,-1,-1,-1,-1,-1,-1,26012,25916,24998,23965,23865,23667,1410,1417,1333,731,1019,1045,193988,194084,195002,196035,196135,196333,141468,0
80000,1,2,2,-1,-1,-1,-1,-1,-1,5504,6187,100,600,1438,1919,1004,504,500,1000,500,3500,74496,73813,79900,79400,78562,78081,8740,0
160000,1,1,2,-1,-1,-1,-1,-1,-1,16754,44946,40453,40951,40709,35569,40453,2002,1500,2000,1000,6443,143246,115054,119547,119049,119291,124431,165984,0
260000,2,2,2,-1,-1,-1,2,-1,-1,4640,5891,8840,8464,10068,10977,1500,4000,0,2000,1500,1000,255360,254109,251160,251536,249932,249023,38880,0
120000,2,2,2,-1,-1,-1,-1,-1,-1,120619,118983,109786,104000,121427,116652,5326,5059,4000,120203,5000,5000,-619,1017,10214,16000,-1427,3348,546879,0
80000,2,2,2,-1,-1,2,-1,-1,-2,53627,64913,19476,61302,0,0,33000,56,62877,0,41150,81000,26373,15087,60524,18698,80000,80000,-18765,0
20000,1,2,2,-1,-1,-1,-1,-1,-1,82812,85352,91161,92910,98710,150,2697,6000,3000,6000,150,1832,-62812,-65352,-71161,-72910,-78710,19850,431416,0
100000,3,2,2,-1,-1,-1,-1,-1,-1,92218,78066,77240,87919,75386,69410,3435,4608,25140,2566,2375,4621,7782,21934,22760,12081,24614,30590,437494,0
50000,2,2,2,-1,-1,3,2,-1,-1,10426,14466,13952,13418,13686,13456,4231,0,0,451,456,449,39574,35534,36048,36582,36314,36544,73817,0
50000,2,2,1,-1,-1,-2,-2,-2,-2,30900,0,0,0,0,0,0,0,0,1500,0,0,19100,50000,50000,50000,50000,50000,29400,0
260000,1,1,2,-1,-1,3,2,2,2,163553,192724,188441,191134,193673,197104,32000,0,7100,7000,6500,7000,96447,67276,71559,68866,66327,62896,1067029,1
50000,2,1,2,-1,-1,-1,-1,-1,-1,16486,17800,18546,19476,18694,19427,1592,1338,1268,636,1000,722,33514,32200,31454,30524,31306,30573,103873,0
190000,2,2,1,-1,-1,-1,-1,-1,-1,359280,362680,161193,123203,85510,83704,10367,6596,4831,2806,2870,10017,-169280,-172680,28807,66797,104490,106296,1138083,0
200000,1,2,2,-1,-1,-1,-1,-1,-1,48950,47766,42798,42142,37580,4831,2374,2355,1550,1000,500,461,151050,152234,157202,157858,162420,195169,215827,0
140000,2,1,3,-1,-1,-1,-1,-1,-1,131959,117153,109570,100086,76125,77720,4153,3965,3211,2772,2817,3211,8041,22847,30430,39914,63875,62280,592484,0
130000,1,1,3,-1,2,-1,-1,-1,-1,390,390,955,1170,1170,780,0,955,1170,0,0,0,129610,129610,129045,128830,128830,129220,2730,1
50000,3,1,1,1,2,2,-1,-1,-1,14655,15688,13400,13596,13861,14255,1600,0,2000,2000,2000,2000,35345,34312,36600,36404,36139,35745,75855,1
100000,2,2,2,1,2,2,-1,-1,2,36204,37412,36537,37474,38732,39234,2100,0,2000,2000,1000,0,63796,62588,63463,62526,61268,60766,218493,0
200000,3,2,2,-1,-1,-1,-1,-1,-1,103715,104025,97749,99168,58256,59313,3942,4949,4800,2256,2313,2194,96285,95975,102251,100832,141744,140687,501772,0
10000,3,2,1,-1,-1,-1,-1,-1,-1,7787,8412,9450,9414,5354,5275,1299,1337,1081,191,375,0,2213,1588,550,586,4646,4725,41409,0
20000,2,2,1,-1,-1,-1,-1,-1,-1,15408,17146,18856,18265,18123,18732,2000,2011,1650,600,900,900,4592,2854,1144,1735,1877,1268,98469,0
20000,2,2,1,-1,-1,-1,-1,-1,-1,5347,-1077,3347,4426,1906,942,5006,5000,2000,0,900,0,14653,21077,16653,15574,18094,19058,1985,0
30000,2,1,1,1,2,5,4,3,2,25147,28747,28029,27120,26154,25940,4311,0,0,0,0,0,4853,1253,1971,2880,3846,4060,156826,1
30000,2,1,1,4,4,3,2,2,3,10846,10533,10225,9912,11444,10975,0,0,0,1700,0,0,19154,19467,19775,20088,18556,19025,62235,1
310000,2,2,2,-1,-1,-1,-1,-1,-1,253549,259711,265931,245884,200380,221201,10400,11200,10840,9361,5300,8205,56451,50289,44069,64116,109620,88799,1391350,0
50000,2,2,2,-1,-1,-1,-1,-1,-1,49024,48778,96487,43639,5290,41302,1813,2079,2650,106,41302,2000,976,1222,-46487,6361,44710,8698,234570,1
320000,4,1,3,-1,-1,-1,-1,-1,-1,8748,5517,4980,7774,2582,3762,1285,4995,7834,2589,3773,0,311252,314483,315020,312226,317418,316238,12887,0
160000,2,1,3,-1,-1,-1,-1,-1,-1,155842,158665,132275,57318,42978,0,6139,4026,1492,860,0,0,4158,1335,27725,102682,117022,160000,534561,1
50000,3,2,2,-1,-1,-1,-1,-1,2,45194,22298,16055,17281,18996,18553,1500,1500,1500,2000,0,1000,4806,27702,33945,32719,31004,31447,130877,0
20000,2,1,2,-1,-1,-1,-1,-1,-1,3769,4782,5797,6654,6786,7077,1239,1254,1111,243,400,252,16231,15218,14203,13346,13214,12923,30366,1
330000,2,1,2,2,2,2,2,-1,-1,60804,65779,66545,64877,66398,72113,6000,2400,0,2600,8758,2700,269196,264221,263455,265123,263602,257887,374058,0
10000,3,2,2,-1,-1,-1,-1,-1,-1,576,3100,3629,6260,5990,6520,4009,4011,6260,120,2000,2000,9424,6900,6371,3740,4010,3480,7675,1
100000,1,1,3,1,2,-1,-1,2,-1,89137,86040,71910,65693,63835,18660,0,3515,6300,13,765,0,10863,13960,28090,34307,36165,81340,384682,0
130000,1,1,3,-1,-1,-1,-1,-1,-1,23970,23181,18912,19960,81985,80189,1288,1700,2000,63000,2885,3000,106030,106819,111088,110040,48015,49811,174324,0
20000,3,3,3,1,4,3,2,-1,-1,11027,10710,10398,10000,10000,10000,0,0,0,0,0,0,8973,9290,9602,10000,10000,10000,62135,1
370000,2,2,2,1,2,-1,-1,-1,-1,343248,334394,337272,340152,345904,322168,5,14005,12004,12362,12006,9555,26752,35606,32728,29848,24096,47832,1963201,1
190000,3,1,3,-1,-1,-1,-1,2,2,82926,326,176,804,478,952,326,176,954,0,950,0,107074,189674,189824,189196,189522,189048,83256,0
50000,2,1,2,-1,-1,-1,-1,-1,-1,20274,44996,21147,21964,21405,20297,2600,1800,1500,1000,1000,1000,29726,5004,28853,28036,28595,29703,141183,0
180000,1,2,1,-1,-1,-1,-1,-1,-1,26730,27757,28178,29055,59849,29840,1800,1500,2000,1400,1100,1400,153270,152243,151822,150945,120151,150160,192209,0
60000,2,1,2,1,2,2,2,2,-1,46138,44832,47830,48458,47176,47461,0,4000,2000,0,2000,1700,13862,15168,12170,11542,12824,12539,272195,1
170000,1,2,1,-1,-1,-1,-1,-1,-1,175349,165527,147798,120811,117680,118907,5800,6520,5700,4300,4500,4500,-5349,4473,22202,49189,52320,51093,814752,0
70000,1,2,3,1,2,-1,-1,2,2,38228,37318,38061,42545,43346,44105,0,1649,5133,1800,1600,1900,31772,32682,31939,27455,26654,25895,231521,1
150000,2,2,2,-1,-1,-1,-1,-1,-1,146785,92750,73822,35706,28178,20782,3300,3114,2000,2000,2000,3700,3215,57250,76178,114294,121822,129218,381909,1
100000,2,2,2,-1,-1,-1,2,2,2,34904,37007,42076,41105,44090,48914,3000,6000,0,4000,5700,2000,65096,62993,57924,58895,55910,51086,227396,1
20000,2,2,2,-1,-1,-1,3,7,6,6855,11392,15863,20581,20298,19424,5000,5000,5000,0,0,1000,13145,8608,4137,-581,-298,576,78413,1
330000,2,1,2,-1,-1,-1,-1,-1,-1,144729,124279,119672,95699,98424,101167,10000,4026,3507,5000,5000,5000,185271,205721,210328,234301,231576,228833,651437,0
20000,3,2,2,3,2,2,2,-1,-1,11358,10884,13109,12602,13093,13433,0,2716,0,700,700,500,8642,9116,6891,7398,6907,6567,69863,1
200000,3,2,2,-1,-1,-1,-1,-1,-1,4881,6685,34484,13361,5540,12495,6691,30088,13378,127,12502,109,195119,193315,165516,186639,194460,187505,14551,0
90000,3,3,3,-1,-1,-1,-1,-1,-1,53256,53695,55426,56544,57048,58421,1923,2597,2637,2041,2291,4824,36744,36305,34574,33456,32952,31579,318077,1
90000,2,1,3,-1,-1,-1,-1,-2,-1,54268,52500,2888,0,0,300,2425,2888,0,0,300,0,35732,37500,87112,90000,90000,89700,104343,1
150000,3,1,2,-2,-2,-2,-2,-2,-2,0,0,0,0,0,0,0,0,0,0,0,0,150000,150000,150000,150000,150000,150000,0,0
20000,3,2,3,1,2,-1,-1,-1,2,17629,17053,17796,18729,19049,17300,0,1325,1258,1373,0,602,2371,2947,2204,1271,951,2700,102998,1
50000,2,2,1,-1,-1,-1,-1,-1,-1,16889,17868,18028,38126,18690,19082,1271,1711,20809,668,692,740,33111,32132,31972,11874,31310,30918,102792,0
20000,2,1,2,-1,-1,-1,-1,-1,-1,7162,8229,8290,0,390,780,1200,1000,0,390,780,0,12838,11771,11710,20000,19610,19220,21481,0
180000,1,1,3,-1,-1,-1,-1,-1,-1,64788,66092,65236,65912,66523,67020,3000,2370,3000,3000,2588,2500,115212,113908,114764,114088,113477,112980,379113,0
50000,2,2,1,2,2,2,2,2,-1,35488,36606,37526,38214,37302,38546,2000,1800,1600,0,2000,1600,14512,13394,12474,11786,12698,11454,214682,1
180000,2,1,2,-1,-1,-1,-1,-2,-2,175287,180811,184389,-261,-261,-261,8440,8500,174,0,0,0,4713,-811,-4389,180261,180261,180261,522590,0
200000,2,1,3,2,2,-1,-1,-1,-1,208012,199367,202668,111486,118951,89077,0,8756,5003,10053,10066,10027,-8012,633,-2668,88514,81049,110923,885656,1
180000,1,2,1,2,2,2,2,2,2,175154,175790,153515,130864,131569,128983,5100,50,14500,4500,296,4500,4846,4210,26485,49136,48431,51017,866929,0
440000,1,2,2,-1,-1,-1,-1,-1,-1,37547,29349,23713,25427,21187,26486,20016,29748,25448,10015,14501,11501,402453,410651,416287,414573,418813,413514,52480,0
30000,2,2,3,3,3,2,-1,-1,-1,26129,25422,24728,26041,26511,27034,0,0,1730,1200,1100,1151,3871,4578,5272,3959,3489,2966,150684,1
270000,1,2,2,-1,-1,-1,-1,-1,-1,109611,64202,33846,42278,36841,57844,6285,33894,42399,36841,57844,35862,160389,205798,236154,227722,233159,212156,131497,0
130000,3,2,1,-1,-1,-1,-1,-1,-1,132703,132258,133781,133834,132336,132614,5000,6900,7000,7000,6000,5500,-2703,-2258,-3781,-3834,-2336,-2614,760126,0
50000,2,2,1,-1,-1,-1,-1,-1,-1,13200,12930,12684,12050,11005,9952,1506,1521,1148,364,355,390,36800,37070,37316,37950,38995,40048,66537,0
130000,2,1,3,-1,-1,-1,-1,-1,-1,396,396,396,396,396,396,396,396,396,396,396,396,129604,129604,129604,129604,129604,129604,0,0
190000,2,1,3,2,2,-1,-1,-1,-1,127370,117487,117568,103011,101336,91215,0,6000,5000,3300,5000,4000,62630,72513,72432,86989,88664,98785,634687,1
50000,2,2,2,1,2,2,2,-1,-1,53916,55036,56075,54515,52250,52433,2600,2500,0,2000,4000,0,-3916,-5036,-6075,-4515,-2250,-2433,313125,1
50000,2,2,2,-1,-1,-1,-1,-1,-1,49878,46785,41728,41163,29408,30047,1718,2070,1505,1500,1242,1300,122,3215,8272,8837,20592,19953,229674,0
50000,3,1,3,-1,-1,-1,-1,-1,-1,42238,29224,23807,17623,17974,18350,1425,2000,1293,644,666,676,7762,20776,26193,32377,32026,31650,142512,0
80000,3,2,3,-1,-1,-1,-1,-1,-1,55297,56677,57687,4500,4500,0,2300,2200,1005,4500,0,0,24703,23323,22313,75500,75500,80000,168656,1
70000,2,1,2,-1,-1,-1,-1,-1,-1,33050,34100,21351,19837,19273,13900,5000,2000,3000,4000,10000,10000,36950,35900,48649,50163,50727,56100,107511,0
50000,3,2,3,-1,-1,-1,-1,-1,-1,48245,27656,23168,20245,20251,19970,1286,21578,1310,706,806,656,1755,22344,26832,29755,29749,30030,133193,0
30000,1,2,2,1,2,2,2,2,2,25826,27274,25744,27504,26987,26927,3000,0,3000,1000,1300,0,4174,2726,4256,2496,3013,3073,151962,0
310000,2,2,2,-1,-1,2,-1,-1,-1,200328,48481,47426,48621,49743,50824,3860,0,2000,1895,2000,2000,109672,261519,262574,261379,260257,259176,433668,0
120000,2,2,2,-1,-1,-1,2,2,-1,49485,52108,56950,58419,56885,57920,3458,6300,3000,0,2103,2300,70515,67892,63050,61581,63115,62080,314606,1
280000,2,1,3,-1,-1,-1,-1,-1,-1,191759,189888,185018,182224,184859,185412,10051,10025,10009,10022,10049,7005,88241,90112,94982,97776,95141,94588,1061999,0
90000,2,1,2,-1,-1,-1,-1,-1,-1,36703,38089,40162,41422,42172,34477,2000,3000,2000,1600,1500,2000,53297,51911,49838,48578,47828,55523,220925,0
280000,1,1,3,-2,-2,-2,-2,-2,-2,-26,-26,-26,-26,5294,-4,0,0,0,5320,0,919,280026,280026,280026,280026,274706,280004,-1053,0
10000,2,1,3,-1,-1,-1,-1,-1,-1,6436,6398,5295,5635,8735,6745,3012,2000,3009,4000,0,0,3564,3602,4705,4365,1265,3255,27223,1
340000,1,1,3,-2,-2,-2,-2,-2,-2,185,4418,0,3931,2295,0,4418,0,3931,2295,0,2254,339815,335582,340000,336069,337705,340000,-2069,0
70000,2,1,3,1,2,2,2,2,2,54297,52837,56581,55084,56071,59008,0,5200,0,2500,4000,0,15703,17163,13419,14916,13929,10992,322178,1
560000,2,1,3,-1,-1,2,2,-1,-1,13432,12762,7077,3416,3416,416,3300,1416,0,3416,416,3416,546568,547238,552923,556584,556584,559584,28555,0
360000,2,1,3,-1,-1,2,-1,-1,-1,1473,3125,1473,1473,1473,1473,3125,0,1473,1473,1473,1473,358527,356875,358527,358527,358527,358527,1473,0
70000,3,2,3,-1,-1,-1,-1,-1,-1,40862,38910,25151,25433,25544,24573,1421,2524,1584,695,686,525,29138,31090,44849,44567,44456,45427,173038,0
220000,2,1,3,-1,-1,-1,-1,-1,-1,165583,168400,171249,173455,88063,90240,6500,6000,4500,3000,3000,3000,54417,51600,48751,46545,131937,129760,830990,0
200000,1,1,3,-2,-2,-2,-2,-2,-2,820,820,820,820,590,2099,820,820,820,590,2099,820,199180,199180,199180,199180,199410,197901,0,0
180000,3,1,2,-1,-1,-1,-1,-1,-1,24068,25071,26103,27113,27495,27914,1706,1738,1748,1130,1011,1016,155932,154929,153897,152887,152505,152086,149415,0
210000,2,3,2,-1,-1,-1,-1,-1,-1,173187,96550,82810,78255,77816,81392,4000,5000,5000,5000,5000,5000,36813,113450,127190,131745,132184,128608,561010,0
100000,2,1,2,-1,-1,-1,-1,-1,-1,74053,75040,76231,78392,79485,81397,3274,3000,3431,2994,3345,3233,25947,24960,23769,21608,20515,18603,445321,0
50000,3,1,3,-1,-1,2,-1,-1,-1,5789,46897,43134,12909,8797,9934,43134,0,1219,257,2000,2000,44211,3103,6866,37091,41203,40066,78850,0
50000,3,2,2,-1,-1,-1,-1,-1,-1,44036,35498,33043,25556,24389,25436,4500,4000,3000,2500,4000,2500,5964,14502,16957,24444,25611,24564,167458,0
210000,1,1,2,-1,-1,-1,-1,-1,-1,42617,67734,66612,65799,-41,8208,30020,4043,10329,0,8249,2572,167383,142266,143388,144201,210041,201792,195716,0
20000,2,2,2,3,2,2,7,7,7,2400,2400,2400,2400,2400,2400,0,0,0,0,0,0,17600,17600,17600,17600,17600,17600,14400,1
170000,1,2,2,2,2,-1,-1,-1,-1,177116,172711,167796,168915,121713,120909,0,6700,6000,4500,6000,4100,-7116,-2711,2204,1085,48287,49091,901860,0
180000,3,1,2,-2,-2,-2,-2,-2,-2,11368,3595,3837,5760,0,925,3595,3842,5760,0,925,2755,168632,176405,176163,174240,180000,179075,8608,0
270000,3,2,2,2,2,2,2,2,2,258442,263195,268769,263144,273783,239278,10350,11000,0,16002,111,8100,11558,6805,1231,6856,-3783,30722,1521048,1
450000,2,1,3,-2,-2,-2,-2,-2,-2,1068,1281,907,882,968,1243,1287,911,886,972,1249,1416,448932,448719,449093,449118,449032,448757,-372,0
60000,2,1,3,-1,-1,2,-1,-1,-1,27130,32932,31938,1236,720,16884,6300,0,1236,720,17000,0,32870,27068,28062,58764,59280,43116,85584,1
30000,2,1,2,-1,-1,4,3,2,2,22261,28083,27371,26645,25919,27535,6200,0,0,0,2038,1268,7739,1917,2629,3355,4081,2465,148308,0
50000,2,2,3,-1,-1,-1,-1,-1,-1,39369,40710,42736,43751,44619,45900,2000,3000,1729,1597,2000,1709,10631,9290,7264,6249,5381,4100,245050,0
280000,3,1,3,-1,-1,-1,-1,-1,-1,14186,2752,41673,33715,16955,13500,2836,41721,2090,356,67,8162,265814,277248,238327,246285,263045,266500,67549,0
420000,1,2,2,1,2,2,-2,-2,-2,170146,9771,0,24683,23702,46093,0,20,24683,752,30002,1056,249854,410229,420000,395317,396298,373907,217882,0
50000,3,1,3,-1,-1,-1,-1,-1,-1,29287,29875,15028,5639,6389,7130,1600,1700,1250,1000,1000,1000,20713,20125,34972,44361,43611,42870,85798,0
120000,2,1,3,-1,-1,-1,2,-1,-1,22573,22506,12440,10218,3516,4321,5000,10218,0,4500,4321,3000,97427,97494,107560,109782,116484,115679,48535,0
50000,2,1,3,1,4,3,2,2,2,32141,31350,30575,29784,31288,32634,0,0,0,2000,2000,0,17859,18650,19425,20216,18712,17366,183772,1
120000,1,1,3,-1,-1,-1,-1,-1,-1,10105,114804,117262,117427,116637,115794,106000,5800,5700,4400,8421,0,109895,5196,2738,2573,3363,4206,461708,0
100000,2,1,3,-1,-1,-1,-1,-1,-1,390,390,390,390,390,390,390,390,390,390,390,390,99610,99610,99610,99610,99610,99610,0,0
20000,1,2,1,1,2,-1,-1,-1,-1,10591,10277,11304,12311,12410,13358,0,1500,1500,600,1300,0,9409,9723,8696,7689,7590,6642,65351,0
20000,3,2,1,5,4,3,2,2,-2,21151,20537,19933,19167,18767,18767,0,0,0,0,0,0,-1151,-537,67,833,1233,1233,118322,0
30000,2,2,2,1,3,2,2,3,2,25907,25209,24524,29397,28628,32009,0,0,5621,0,4000,1500,4093,4791,5476,603,1372,-2009,154553,1
240000,1,2,2,-1,-1,-1,-1,-1,-1,178911,182510,186450,190523,194405,182630,6581,6881,7181,7281,6638,6881,61089,57490,53550,49477,45595,57370,1073986,0
360000,3,2,2,-1,-1,-1,-1,-1,-1,32290,33747,39840,46130,50534,53897,2000,7000,7000,5000,4000,4287,327710,326253,320160,313870,309466,306103,227151,0
50000,2,1,3,2,-1,2,-1,-1,-1,1473,2423,950,1560,1170,780,2423,0,1000,0,0,0,48527,47577,49050,48440,48830,49220,4933,1
180000,2,1,3,-2,-2,-2,-2,-2,-2,390,3182,780,0,0,0,3182,780,0,0,0,0,179610,176818,179220,180000,180000,180000,390,1
220000,1,1,2,-1,-1,-1,-1,-1,-1,96473,97887,94776,72842,46747,44236,10000,4000,5063,2000,1605,1697,123527,122113,125224,147158,173253,175764,428596,0
450000,1,1,3,-1,-1,-1,-1,-1,-1,26773,700,46727,46367,46191,20019,700,46727,1400,924,400,16608,423227,449300,403273,403633,403809,429981,120018,1
30000,2,2,3,-1,-1,-1,-1,-1,-1,2782,2975,2230,1390,4040,3080,2975,2230,1390,4040,3080,2190,27218,27025,27770,28610,25960,26920,592,0
50000,2,3,3,-1,-1,-1,-1,-1,-1,31197,24486,24777,24521,16773,16524,4590,3000,3005,3014,3632,4006,18803,25514,25223,25479,33227,33476,117031,0
360000,2,1,2,-2,-2,-2,-2,-2,-2,4671,928,5384,499,596,2338,929,5405,500,597,2340,2649,355329,359072,354616,359501,359404,357662,1996,0
360000,2,1,2,-1,-1,-1,-1,-1,-1,49792,52399,52950,44625,21906,16190,3444,3053,3122,1030,610,519,310208,307601,307050,315375,338094,343810,226084,0
20000,2,1,3,-1,-1,-1,-1,-1,-1,14353,16580,16730,17930,18267,18604,3000,1800,2000,1000,1000,1000,5647,3420,3270,2070,1733,1396,92664,0
230000,2,1,2,-2,-2,-2,-1,-1,-1,0,0,2800,346,346,999,0,2800,346,0,999,0,230000,230000,227200,229654,229654,229001,346,0
50000,2,2,3,-1,-1,-1,-1,-1,-1,47060,48117,49161,50173,18279,18266,2154,2588,2600,1000,653,1000,2940,1883,839,-173,31721,31734,221061,1
420000,1,1,3,-1,-1,-1,-1,-1,-1,13218,24671,19725,23933,24648,18610,24671,21417,23941,8000,18610,8631,406782,395329,400275,396067,395352,401390,19535,0
20000,3,1,3,-1,-1,-1,-1,-1,-1,18987,19909,16623,17634,17985,18362,1258,1282,1293,644,667,743,1013,91,3377,2366,2015,1638,103613,1
20000,3,1,3,-1,-1,2,3,2,2,13370,16326,17963,17386,16809,18137,3200,2200,0,0,1600,900,6630,3674,2037,2614,3191,1863,92091,1
70000,2,1,2,-1,-1,-1,-1,-1,-1,57981,66858,65303,63066,28291,25258,15000,3247,3500,837,1000,2500,12019,3142,4697,6934,41709,44742,280673,0
40000,2,1,3,2,2,2,3,2,3,27324,30108,32515,31698,33581,32772,3573,3206,0,2700,0,0,12676,9892,7485,8302,6419,7228,178519,1
20000,2,2,2,1,2,2,-1,-1,3,16456,17382,16814,18229,20314,19704,1500,0,1700,2700,0,600,3544,2618,3186,1771,-314,296,102399,1
140000,1,2,2,-1,-1,-1,-2,-2,-1,13468,5600,0,0,0,5302,1000,0,0,0,5302,5251,126532,134400,140000,140000,140000,134698,12817,0
130000,2,1,2,-1,-1,-1,-1,-1,-1,99,99,99,99,99,98,99,99,99,99,98,894,129901,129901,129901,129901,129901,129902,-795,0
240000,1,1,2,-1,-1,-1,-1,-1,-1,18079,6315,37046,0,1894,1894,6315,37046,0,1894,0,0,221921,233685,202954,240000,238106,238106,19973,0
20000,2,2,2,-1,-1,-1,-1,-1,-1,15070,16384,17413,18117,18632,19180,1568,1597,1301,816,1000,779,4930,3616,2587,1883,1368,820,97735,1
230000,2,2,2,-2,-2,-2,-2,-2,-2,27178,0,856,6147,7387,13492,0,856,6147,7387,13492,6701,202822,230000,229144,223853,222613,216508,20477,0
500000,2,1,3,-2,-1,-1,-1,-1,-1,77009,92353,223085,278999,207007,66516,94064,223792,85184,4803,1189,222429,422991,407647,276915,221001,292993,433484,313508,0
20000,2,1,3,-1,-1,-1,-1,-1,-1,17483,18552,19442,14678,16791,10361,1363,1256,1178,311,2264,0,2517,1448,558,5322,3209,9639,90935,1
50000,2,1,3,-1,-1,-1,-1,-1,-1,44637,40976,40134,16764,15215,16733,1880,1299,3007,1450,3000,3000,5363,9024,9866,33236,34785,33267,160823,0
130000,1,2,2,-1,-1,-1,-2,-2,-2,131197,133400,0,0,0,0,7000,0,0,0,0,0,-1197,-3400,130000,130000,130000,130000,257597,0
400000,2,1,3,-1,-1,-1,-1,-1,-1,2984,3353,8372,7743,4984,3027,3369,8379,1074,124,3042,2891,397016,396647,391628,392257,395016,396973,11584,1
50000,3,1,3,2,-1,-1,-1,-1,-1,37245,38324,39405,40748,41273,42206,1700,1700,2000,1500,1600,1600,12755,11676,10595,9252,8727,7794,229101,0
360000,1,2,2,-1,-1,-1,-1,-1,-1,8195,99996,795,1000,6398,9418,100496,799,1005,6398,3020,3040,351805,260004,359205,359000,353602,350582,11044,0
50000,3,2,2,2,2,2,2,3,2,44951,45906,46872,49974,50023,53367,2000,2000,4200,1170,4300,0,5049,4094,3128,26,-23,-3367,277423,1
20000,2,2,3,-1,-1,-1,-1,-1,-1,8843,9262,7102,5035,5152,2150,1115,1202,1000,117,246,0,11157,10738,12898,14965,14848,17850,33864,0
160000,1,1,3,-1,-1,-1,-1,-2,-2,500,1000,1000,0,0,0,1000,1000,0,0,0,720,159500,159000,159000,160000,160000,160000,-220,1
420000,3,1,2,-1,-1,-1,-1,-1,-1,1875,2499,86074,73930,57807,51014,2499,86113,10000,2256,1529,30281,418125,417501,333926,346070,362193,368986,140521,0
150000,1,2,2,2,3,2,-1,-1,-1,32355,31549,30759,32764,36229,79827,0,0,2535,5000,5000,3000,117645,118451,119241,117236,113771,70173,227948,1
190000,1,2,2,-1,-1,-1,-1,-1,-1,98588,80559,81481,75853,68074,64941,4007,4051,5013,3000,3000,3500,91412,109441,108519,114147,121926,125059,446925,0
20000,3,2,2,2,2,2,-1,-1,-1,16509,19116,18028,18200,16844,18082,2906,0,1250,594,3000,819,3491,884,1972,1800,3156,1918,98210,1
410000,1,2,2,-1,-1,-1,-1,-1,-1,3339,13047,7764,623,4695,4133,10000,7764,623,4695,5973,4421,406661,396953,402236,409377,405305,405867,125,0
270000,1,2,2,-1,-1,-1,-1,-1,-1,47116,47771,51414,52993,54962,56523,2000,5000,3000,4000,3000,3000,222884,222229,218586,217007,215038,213477,290779,0
120000,1,1,2,-1,-1,-1,-1,-2,-2,106552,110787,112900,0,0,0,6000,5500,0,0,0,0,13448,9213,7100,120000,120000,120000,318739,0
30000,2,1,2,-1,-1,-1,-1,-1,-1,30258,30539,29860,30350,59936,29962,2300,1009,30000,604,1500,2500,-258,-539,140,-350,-29936,38,172992,0
240000,3,1,2,-1,-1,-1,2,-1,-1,64853,67948,197032,169878,164926,160600,8000,157500,0,5759,5775,6407,175147,172052,42968,70122,75074,79400,641796,0
300000,1,1,2,-1,-1,-1,-1,-1,-1,31808,22743,22396,21055,14714,7323,1514,1216,3127,3046,2011,142,268192,277257,277604,278945,285286,292677,108983,0
500000,1,1,2,-1,-1,-1,-1,-1,-1,104638,104176,70726,45435,49408,53372,3780,3030,10327,10031,10255,115270,395362,395824,429274,454565,450592,446628,275062,0
700000,1,1,2,-2,-2,-2,-2,-2,-2,3609,6109,5810,7684,168,5836,6168,7105,7721,168,5836,52924,696391,693891,694190,692316,699832,694164,-50706,0
110000,1,2,2,-1,-1,-1,-1,-1,-1,92575,86147,87889,61123,59395,52189,4000,5009,4000,3027,3000,2500,17425,23853,22111,48877,50605,57811,417782,0
490000,2,1,2,-1,-1,-1,-1,-1,-1,25015,20912,18817,13424,162851,151961,1340,1397,3193,162856,5461,5010,464985,469088,471183,476576,327149,338039,213723,0
500000,1,2,2,-1,-1,-1,-1,-1,-1,32282,32307,7403,12225,16702,21253,5000,5000,5000,5000,5000,8000,467718,467693,492597,487775,483298,478747,89172,0
50000,2,2,3,-1,-1,-1,-1,-1,-1,396,396,396,792,396,396,396,396,792,0,396,792,49604,49604,49604,49208,49604,49604,0,1
430000,1,1,3,-2,-2,-2,-2,-2,-2,11362,11461,5741,8897,1350,10184,11461,5745,8935,1350,10184,4190,418638,418539,424259,421103,428650,419816,7130,0
200000,2,1,2,-1,-1,-1,-1,-1,-1,29312,19203,9544,15296,7045,10712,19313,9455,15306,7055,10700,12389,170688,180797,190456,184704,192955,189288,16894,0
270000,3,2,2,-1,-1,-1,-1,-1,-1,263842,179711,185948,184252,183601,187003,11021,12041,8028,7001,5454,6001,6158,90289,84052,85748,86399,82997,1134811,0
220000,2,1,3,-1,-1,-1,-1,-1,-1,540,1148,20752,19397,19581,25071,1158,20752,1051,7120,14928,1177,219460,218852,199248,200603,200419,194929,40303,0
20000,2,2,2,-1,-1,-1,2,2,-2,390,390,780,780,0,0,390,780,0,0,0,0,19610,19610,19220,19220,20000,20000,1170,0
280000,1,2,2,1,-2,-2,-1,-1,-2,-2,399,182,4411,976,4968,401,183,4429,981,4992,4517,280002,279601,279818,275589,279024,275032,-4569,0
70000,2,1,3,-1,-1,-1,-1,-1,-1,59156,54472,51258,48564,47512,48164,2020,2011,2013,2001,2000,2201,10844,15528,18742,21436,22488,21836,296880,0
420000,1,1,3,-2,-2,-2,-2,-2,-2,8100,14270,7324,2846,3027,5946,14274,8232,2853,3027,5946,32053,411900,405730,412676,417154,416973,414054,-24872,0
90000,2,1,3,2,-1,-1,-1,-1,-1,58395,59559,61640,62793,63493,67204,2134,3043,3000,2300,4506,15490,31605,30441,28360,27207,26507,22796,342611,1
10000,2,1,2,-1,-1,-1,-1,-1,-1,6930,6399,4634,5388,780,0,1065,1246,1000,780,0,390,3070,3601,5366,4612,9220,10000,19650,0
120000,2,2,3,1,2,-1,-1,-1,-1,121988,90063,27941,11990,390,390,0,1600,1000,390,390,0,-1988,29937,92059,108010,119610,119610,249382,1
340000,2,1,3,-1,-1,-1,-1,-1,-1,317686,302986,263928,260916,257001,210033,17000,18000,13000,12000,12000,8000,22314,37014,76072,79084,82999,129967,1532550,0
350000,2,1,3,-1,-1,-1,-1,-1,-1,213236,207648,212177,200000,197544,201886,7600,8008,7200,7200,7500,7500,136764,142352,137823,150000,152456,148114,1187483,0
100000,2,1,2,2,2,2,-1,-1,2,84196,74621,64930,58433,50859,40005,2300,2000,4500,3300,0,3500,15804,25379,35070,41567,49141,59995,357444,1
60000,1,1,2,2,-1,-1,-1,-1,-1,21962,23592,25702,26961,28509,29546,2000,2500,2000,2000,1500,2000,38038,36408,34298,33039,31491,30454,144272,1
290000,2,1,3,-2,-2,-2,-2,-1,-1,0,0,0,0,1855,3940,0,0,0,1855,3940,2490,290000,290000,290000,290000,288145,286060,-2490,1
30000,2,1,2,-1,-1,-1,-1,-1,-1,15054,15104,15428,16273,16305,780,1551,1265,1500,841,0,0,14946,14896,14572,13727,13695,29220,73787,1
180000,2,2,2,-1,-1,-1,-1,-1,-1,6221,3571,4333,3334,3334,3334,1000,4337,3334,3334,3334,3334,173779,176429,175667,176666,176666,176666,5454,1
50000,2,2,3,-1,-1,-1,-1,-1,-1,59236,53689,48551,34656,18077,18815,2000,2124,2047,5618,1000,2000,-9236,-3689,1449,15344,31923,31185,218235,1
160000,2,1,2,-1,-1,-1,2,2,-1,34171,34939,38038,38683,37764,39053,1639,3683,1564,0,2053,3228,125829,125061,121962,121317,122236,120947,210481,1
30000,4,2,3,-1,-1,-1,-1,-1,-1,29429,29959,29467,28292,28819,28787,3000,1800,2000,2590,10000,1452,571,41,533,1708,1181,1213,153911,0
240000,1,2,3,2,2,-2,-2,-2,-2,2500,0,0,0,0,0,0,0,0,0,0,0,237500,240000,240000,240000,240000,240000,2500,1
260000,3,2,3,-1,-1,-1,-1,-1,-1,154386,151549,158888,144169,151679,143995,10000,10000,10000,10000,8000,10000,105614,108451,101112,115831,108321,116005,846666,0
20000,2,2,3,1,2,-1,-1,2,-1,11063,10594,11714,13923,13405,13683,0,1600,2726,0,643,646,8937,9406,8286,6077,6595,6317,68767,1
50000,3,2,2,2,-1,-1,-1,-1,-1,42245,42022,45811,48192,9498,6733,30003,13000,9036,6190,10135,16000,7755,7978,4189,1808,40502,43267,110137,0
180000,1,2,2,-1,-1,-1,-1,-1,-1,49531,45612,0,245863,250472,251024,45612,0,245863,5009,5040,0,130469,134388,180000,-65863,-70472,-71024,540978,0
110000,3,1,3,-1,-1,-1,-1,-1,-1,390,390,5050,63032,33228,31073,390,5050,63032,1100,1100,1000,109610,109610,104950,46968,76772,78927,61491,0
130000,2,1,2,-1,-1,-1,-1,-1,-1,390,390,390,390,390,390,390,390,390,390,390,390,129610,129610,129610,129610,129610,129610,0,0
30000,2,1,3,-1,-1,-1,-1,-1,-1,390,390,390,390,0,780,390,390,390,0,780,0,29610,29610,29610,29610,30000,29220,390,0
130000,2,1,3,-2,-2,-2,-2,-2,-2,1115,1897,1020,3640,948,9071,1902,1023,3650,950,9093,4,128885,128103,128980,126360,129052,120929,1069,0
170000,2,1,2,-1,-1,-1,-1,-1,-1,16480,21770,11507,715,3282,715,15067,11572,3282,3282,0,3122,153520,148230,158493,169285,166718,169285,18144,1
240000,2,2,2,-1,-1,-1,-1,-1,-1,167544,168609,172591,145144,141134,127242,8400,10000,7500,5600,5500,4600,72456,71391,67409,94856,98866,112758,880664,0
360000,1,2,2,-1,-1,-1,-1,-1,-1,1800,2410,2722,2961,2669,2054,2413,2738,2969,2677,2060,2071,358200,357590,357278,357039,357331,357946,-312,0
150000,1,2,2,-1,-1,-1,-1,-1,-1,305,87920,17991,101553,95786,82645,89524,19406,102989,2608,7845,0,149695,62080,132009,48447,54214,67355,163828,0
70000,3,2,2,-1,-1,-1,-1,-1,-1,68370,69911,69970,57118,27510,27176,2682,2563,1568,970,1000,2000,1630,89,30,12882,42490,42824,309272,1
220000,2,2,2,-1,-1,-1,-1,-1,-1,226613,217800,189016,137788,106713,96588,7667,7261,5170,4054,4500,1225,-6613,2200,30984,82212,113287,123412,944641,0
80000,2,1,2,-1,-1,-1,-1,-1,-1,78356,70664,62223,26400,27201,27363,2600,2036,1500,1201,1500,2000,1644,9336,17777,53600,52799,52637,281370,0
180000,1,2,2,-1,-1,-1,-1,-1,-1,17426,29047,30572,38043,39441,42652,12000,2000,8043,2000,4000,12500,162574,150953,149428,141957,140559,137348,156638,0
390000,1,1,2,-1,-1,-1,-1,-1,-1,26214,25100,34131,31120,15768,30831,6000,10778,7063,7060,30009,10025,363786,364900,355869,358880,374232,359169,92229,0
20000,3,1,3,-1,-1,-1,-1,-1,-1,19195,20089,16739,17486,9392,9587,1257,1368,1115,301,310,352,805,-89,3261,2514,10608,10413,87785,1
100000,1,1,3,-1,-1,-1,-1,2,-1,81786,84489,86298,90857,89208,91119,3400,3400,6200,0,2800,2800,18214,15511,13702,9143,10792,8881,505157,0
10000,2,2,2,-1,-1,-1,-1,-1,-1,17018,13789,8236,9130,7302,7981,1117,2800,1200,265,800,500,-7018,-3789,1764,870,2698,2019,56774,0
80000,3,1,3,-2,-2,-2,-2,-2,-2,390,1780,120,0,0,0,1780,360,0,0,0,0,79610,78220,79880,80000,80000,80000,150,0
330000,1,1,3,-2,-2,-1,-1,-1,-1,0,12089,28933,14553,12400,20805,12089,28933,14553,12400,20805,0,330000,317911,301067,315447,317600,309195,0,0
20000,2,1,3,-1,-1,-1,2,2,2,10628,11650,14252,13678,15041,14751,1200,2800,0,1500,0,1000,9372,8350,5748,6322,4959,5249,73500,1
270000,1,2,2,-1,-1,-1,-1,-1,-1,288,765,1277,42402,33855,32349,765,1004,42522,1026,10000,1041,269712,269235,268723,227598,236145,237651,54578,0
280000,2,2,2,-2,-2,-2,-2,-2,-2,0,2650,3294,3640,2720,7598,2650,3294,3640,2720,7598,4434,280000,277350,276706,276360,277280,272402,-4434,0
180000,2,2,2,-1,-1,-1,-1,-1,-1,103956,103230,105945,111065,122028,125069,4100,4400,10000,12900,5000,5000,76044,76770,74055,68935,57972,54931,629893,0
350000,3,1,3,-1,-1,-1,-1,-1,-1,266692,3551,33112,2341,63698,38355,3569,33276,2353,64017,38546,435,83308,346449,316888,347659,286302,311645,265553,0
200000,3,1,3,2,-1,-1,-1,-1,-1,147817,121668,67240,69798,72243,75277,11000,11000,5000,5000,5000,3000,52183,78332,132760,130202,127757,124723,514043,1
50000,2,1,3,-1,-1,-1,-1,-1,-1,49401,50079,50463,49407,29708,29308,1803,1988,1514,1041,1056,1078,599,-79,-463,593,20292,20692,249886,1
500000,1,1,3,-1,-1,2,2,-1,2,62289,63485,2015,-121,679,529,2608,0,0,800,0,1500,437711,436515,497985,500121,499321,499471,123968,0
140000,1,1,3,-1,-1,-1,-1,-1,-1,1453,1872,1249,1872,1453,1453,1872,1249,1872,1453,1453,1034,138547,138128,138751,138128,138547,138547,419,0
180000,1,1,3,-2,-2,-2,-2,-2,-2,0,0,0,0,0,0,0,0,0,0,0,0,180000,180000,180000,180000,180000,180000,0,1
540000,4,2,3,-1,-1,-1,-1,-1,-1,83722,86030,82860,20879,3698,209167,3538,4380,2067,564,207019,6716,456278,453970,457140,519121,536302,330833,262072,0
30000,1,2,1,-1,-1,-1,-1,-2,-2,598,0,950,0,0,0,0,950,0,0,0,0,29402,30000,29050,30000,30000,30000,598,0
270000,1,1,3,-1,-1,-1,-1,-1,-1,6532,3904,8537,5048,7507,24170,3923,8537,5056,7507,24170,3840,263468,266096,261463,264952,262493,245830,2665,0
210000,1,2,1,1,-2,-2,-2,-2,-2,0,0,0,0,0,0,0,0,0,0,0,0,210000,210000,210000,210000,210000,210000,0,0
160000,4,1,3,1,-1,-1,-2,-1,-1,0,10427,0,0,1817,1817,10427,0,0,1817,0,4700,160000,149573,160000,160000,158183,158183,-2883,0
50000,3,2,2,-1,-1,-1,-1,2,-1,34617,34390,810,19009,18035,18364,1000,810,51000,0,1000,1000,15383,15610,49190,30991,31965,31636,70415,0
50000,2,2,1,-1,-1,-1,-1,-1,-1,5140,9377,5140,5140,5140,5140,9377,1000,5140,5140,5140,2600,44860,40623,44860,44860,44860,44860,6680,0
200000,2,1,2,-1,-1,-1,2,-1,-1,57579,50612,10537,5552,2506,9443,5250,10023,27,2614,9454,5019,142421,149388,189463,194448,197494,190557,103842,0
240000,1,2,2,-1,-1,2,-1,-1,-1,325,650,325,2250,1925,1925,650,0,2250,0,1925,1925,239675,239350,239675,237750,238075,238075,650,1
50000,1,2,2,1,2,2,2,2,2,45997,47003,46468,47198,49634,48708,2064,500,1800,3528,0,3000,4003,2997,3532,2802,366,1292,274116,1
80000,2,2,1,-1,-1,-1,-1,-2,-2,10677,9478,4603,0,0,0,2017,1033,0,0,0,1820,69323,70522,75397,80000,80000,80000,19888,0
80000,2,1,2,2,2,2,-1,-1,-1,81882,81814,78353,78814,49062,48764,3650,0,3328,1888,1787,1960,-1882,-1814,1647,1186,30938,31236,406076,1
80000,2,1,2,2,-1,-1,-1,-1,3,13708,22668,31456,40111,48633,56740,9200,9200,9200,9200,9200,0,66292,57332,48544,39889,31367,23260,167316,1
200000,2,1,2,-1,-1,-1,-2,-2,-2,7400,2872,212,2387,0,-2620,1005,220,2387,0,0,3380,192600,197128,199788,197613,200000,202620,3259,0
200000,3,1,3,-1,-1,-1,-1,-1,-1,171929,157860,145044,137480,6320,780,7000,8080,6000,0,0,0,28071,42140,54956,62520,193680,199220,598333,1
290000,1,2,2,1,-2,-2,-2,-2,-2,0,0,0,0,0,0,0,0,0,0,0,0,290000,290000,290000,290000,290000,290000,0,0
80000,2,1,2,-1,-1,-1,-1,-1,-1,145905,147860,78545,19212,36800,18900,5107,3269,1400,368,1000,0,-65905,-67860,1455,60788,43200,61100,436078,0
250000,1,1,3,-1,-1,-1,-1,-1,2,307321,4696,5579,8537,2500,2500,4730,5607,8634,2500,0,0,-57321,245304,244421,241463,247500,247500,309662,0
50000,2,1,2,1,-1,-1,-1,-1,-2,0,780,390,780,0,0,780,390,780,0,0,0,50000,49220,49610,49220,50000,50000,0,0
240000,2,1,3,-1,-1,-1,-1,-1,-1,228278,232449,223853,225623,221130,225446,10000,9000,10000,8301,9000,13000,11722,7551,16147,14377,18870,14554,1297478,0
130000,2,1,3,-1,-1,-1,-1,-1,-1,59762,61877,60390,390,390,390,3496,1208,390,390,390,390,70238,68123,69610,129610,129610,129610,176935,0
190000,2,1,3,-1,-1,-1,-1,-1,-1,82764,63105,55282,50864,48782,49241,5000,2600,2000,3000,5000,2000,107236,126895,134718,139136,141218,140759,330438,0
20000,2,2,3,-1,-1,-1,-1,-1,-1,1261,11839,9610,7004,10614,10433,11839,1266,1000,5000,209,0,18739,8161,10390,12996,9386,9567,31447,0
60000,2,2,2,1,2,2,2,2,2,47908,49823,48757,52312,52960,51985,3000,0,5000,2100,0,4600,12092,10177,11243,7688,7040,8015,289045,0
170000,2,1,2,1,2,2,2,2,-1,17920,19229,18642,19743,19422,3644,1900,0,2000,0,500,500,152080,150771,151358,150257,150578,166356,93700,0
50000,3,1,3,1,2,-1,-1,2,-1,35556,34685,36121,38135,37416,38503,0,2000,2800,0,1500,2500,14444,15315,13879,11865,12584,11497,211616,0
240000,2,1,2,-1,-1,-1,-1,-1,-1,230234,224376,230666,219162,189589,193546,8200,10000,8000,10000,6531,5543,9766,15624,9334,20838,50411,46454,1239299,0
200000,1,2,2,1,2,2,3,2,2,182307,186128,197509,193046,194368,182903,8300,15900,200,6100,7000,0,17693,13872,2491,6954,5632,17097,1098761,1
130000,1,2,2,1,-2,-2,-2,-2,-2,0,0,0,0,0,0,0,0,0,0,0,0,130000,130000,130000,130000,130000,130000,0,0
360000,4,1,2,-1,-1,-1,-1,-1,-1,270955,275178,280535,82455,83359,85171,8000,7500,3500,2500,2500,2600,89045,84822,79465,277545,276641,274829,1051053,0
200000,1,2,2,-1,-1,-1,2,-1,-1,54713,58184,62286,61305,62846,42634,5000,5700,2000,3000,2000,1000,145287,141816,137714,138695,137154,157366,323268,0
160000,3,2,2,-1,-1,-1,-1,-1,-1,138937,152723,138767,131237,76104,56237,120000,10000,10000,5000,3000,5000,21063,7277,21233,28763,83896,103763,541005,0
230000,1,1,2,-1,-1,-1,-1,-1,-1,660,660,660,660,660,660,660,660,660,660,660,660,229340,229340,229340,229340,229340,229340,0,0
280000,1,1,2,1,-1,-1,-1,-1,-1,4608,5393,2369,3700,5024,5188,5410,2380,3709,5849,5606,5299,275392,274607,277631,276300,274976,274812,-1971,0
210000,1,1,3,-1,-1,-1,-1,2,-1,23764,21911,23204,19709,14418,13366,1367,1777,1577,0,1366,3130,186236,188089,186796,190291,195582,196634,107155,0
380000,3,1,2,-1,-1,-1,-1,-1,-1,37096,45148,60615,65016,69286,67455,10012,20012,10014,10048,10022,20153,342904,334852,319385,314984,310714,312545,264355,0
270000,2,1,2,1,2,-1,-1,-1,-1,5714,3548,11419,20787,23471,25987,0,11000,10000,5000,5000,3000,264286,266452,258581,249213,246529,244013,56926,1
150000,2,2,2,-1,-1,-1,2,2,-2,917,167,1371,1200,0,0,2000,1371,0,0,0,0,149083,149833,148629,148800,150000,150000,284,0
110000,1,2,2,1,2,2,2,2,2,88312,90163,92035,93231,94309,96258,4200,4200,3600,3500,3600,0,21688,19837,17965,16769,15691,13742,535208,0
500000,1,2,2,-1,-1,-1,-1,-1,-1,27318,46364,30327,16314,1151,3074,40019,16107,3325,1151,3074,4984,472682,453636,469673,483686,498849,496926,55888,0
100000,2,2,3,-1,2,2,2,2,2,1941,3255,3056,4998,4769,9691,1500,0,2000,0,5000,0,98059,96745,96944,95002,95231,90309,19210,1
130000,1,2,2,-1,-1,-1,-1,-1,-1,80528,77939,78524,63421,60269,59984,3700,3916,3000,3000,3000,1000,49472,52061,51476,66579,69731,70016,403049,0
200000,1,2,2,2,-1,-1,-1,2,2,150493,156449,162377,174501,155355,129942,10000,10000,15000,0,10000,0,49507,43551,37623,25499,44645,70058,884117,1
280000,2,2,3,-1,-1,-1,-1,-1,-1,229281,233992,186321,180598,20596,15311,20213,8003,9002,5000,5000,5000,50719,46008,93679,99402,259404,264689,813881,0
420000,1,1,2,-1,-1,-1,-1,-1,-1,100333,102906,105030,107146,107896,110149,5138,5267,5347,4019,4152,4173,319667,317094,314970,312854,312104,309851,605364,0
380000,1,2,1,-1,-1,-1,-1,-1,-1,388,388,388,388,775,387,389,389,389,776,1,435,379612,379612,379612,379612,379225,379613,335,0
220000,1,2,2,1,-2,-2,-2,-2,-2,0,0,0,0,0,0,0,0,0,0,0,0,220000,220000,220000,220000,220000,220000,0,1
310000,2,1,2,-2,-2,-2,-2,-2,-2,-354,-354,-354,-354,-354,-354,0,0,0,0,0,352,310354,310354,310354,310354,310354,310354,-2476,0
310000,2,1,3,-1,-1,-1,-1,-1,-1,102646,101640,102740,97791,86200,83017,5200,4700,4250,3100,3100,3100,207354,208360,207260,212209,223800,226983,550584,0
550000,1,2,2,2,2,2,2,2,-1,539092,552234,565550,572805,823540,501370,23000,23000,18000,0,18373,18159,10908,-2234,-15550,-22805,-273540,48630,3454059,0
170000,1,2,2,-1,-1,-1,-1,-1,-1,37830,11160,4336,947,316,3797,11376,4346,947,316,3797,316,132170,158840,165664,169053,169684,166203,37288,0
50000,1,2,2,-1,-1,-1,-1,-1,-1,49241,26539,53920,0,47566,48393,1600,1000,2500,47566,1700,2000,759,23461,-3920,50000,2434,1607,169293,0
390000,1,1,3,-2,-2,-2,-2,-2,-2,7015,500,321,4411,1069,448,500,321,4412,1069,448,2661,382985,389500,389679,385589,388931,389552,4353,0
20000,2,2,1,-1,-1,-1,-2,-2,-2,18196,19495,-280,-280,-280,-670,1775,0,0,390,0,1600,1804,505,20280,20280,20280,20670,32416,0
80000,1,2,1,-1,-1,-1,-1,-1,-1,18229,27416,25253,5549,4549,4549,10000,2000,2000,0,0,3000,61771,52584,54747,74451,75451,75451,68545,0
200000,2,2,1,-1,-1,-1,-1,-1,-1,88569,101979,143982,146700,149339,162121,15000,43982,5150,6000,15027,463,111431,98021,56018,53300,50661,37879,707068,0
80000,2,2,1,1,-2,-2,-1,-1,-2,0,0,0,200,0,0,0,0,200,0,0,698,80000,80000,80000,79800,80000,80000,-698,0
200000,1,2,1,-1,-1,-1,-1,-1,-1,87390,115312,142912,161874,176431,180153,30002,30002,21876,16433,5661,5349,112610,84688,57088,38126,23569,19847,754749,0
130000,2,2,2,-1,-1,-1,-1,-1,-1,70142,10724,3995,7556,125682,128453,1100,2000,5000,128000,4700,4600,59858,119276,126005,122444,4318,1547,201152,0
200000,2,1,1,3,2,2,7,7,7,2443,2443,2443,2443,2443,2443,0,0,0,0,0,0,197557,197557,197557,197557,197557,197557,14658,1
20000,3,2,3,3,2,2,7,7,7,250,250,250,250,250,250,0,0,0,0,0,0,19750,19750,19750,19750,19750,19750,1500,1
310000,2,2,2,-2,-2,-2,-2,-2,-2,2186,1528,22217,-5,1116,374,1532,22328,0,1121,401,0,307814,308472,287783,310005,308884,309626,2034,0
160000,3,1,3,-1,-1,-1,-1,-1,-1,150451,152384,155976,157793,158652,157163,7000,7500,6008,5516,6011,6009,9549,7616,4024,2207,1348,2837,894375,0
190000,2,2,3,2,2,2,2,2,2,149411,145613,156765,159386,161870,165725,0,15000,6600,6500,6500,7000,40589,44387,33235,30614,28130,24275,897170,1
110000,2,1,3,-1,-1,-1,-1,-1,-1,51395,51803,52888,54570,55368,56623,1855,1921,2563,2300,2300,1704,58605,58197,57112,55430,54632,53377,310004,0
150000,2,2,3,-1,-1,-1,-1,-1,-1,86035,86414,87852,88692,90211,91543,3090,3218,3196,3360,3310,3573,63965,63586,62148,61308,59789,58457,511000,0
90000,1,1,2,-1,-1,-1,-1,-1,-1,51438,40028,38704,37135,35141,33502,1950,2000,1800,1150,1200,1150,38562,49972,51296,52865,54859,56498,226698,0
150000,1,2,2,-1,-1,-1,-1,-1,-1,56142,60855,53256,60945,60720,57407,10115,15010,10015,3022,1522,2013,93858,89145,96744,89055,89280,92593,307628,0
160000,1,1,3,-1,-1,-1,-1,-1,2,776,230,1350,1310,2374,1444,230,1500,1310,1444,0,1000,159224,159770,158650,158690,157626,158556,2000,1
180000,1,2,2,-2,-2,-2,-2,-2,-2,0,0,0,0,0,0,0,0,0,0,0,0,180000,180000,180000,180000,180000,180000,0,0
20000,2,2,1,1,2,2,-1,-1,2,8476,10187,9885,11398,12208,11869,2000,0,2000,1000,0,1200,11524,9813,10115,8602,7792,8131,57823,1
50000,2,1,2,-1,-1,-1,-1,-1,-1,50805,51088,50810,50814,50927,50438,2284,2006,2010,2123,2138,2442,-805,-1088,-810,-814,-927,-438,291879,1
420000,2,1,3,-1,-1,-1,-1,-1,-1,193370,198053,202618,197985,200163,2559,4988,4976,6019,5065,1035,182778,226630,221947,217382,222015,219837,417441,789887,0
30000,2,1,2,-1,-1,-1,-1,-1,-1,29202,30695,29342,23572,21381,28609,2001,10019,1219,1032,28609,1269,798,-695,658,6428,8619,1391,118652,0
20000,3,1,3,-1,2,2,-1,-1,-1,1836,1651,0,390,1170,780,0,0,390,1170,0,0,18164,18349,20000,19610,18830,19220,4267,1
200000,1,2,2,2,-1,-1,-1,-1,-1,1810,3388,-12,1081,1884,2089,3405,0,1093,1893,2097,7132,198190,196612,200012,198919,198116,197911,-5380,0
50000,1,2,2,2,2,-1,-1,-1,-1,45960,44883,40820,33545,46832,24101,0,1973,1784,845,1750,1010,4040,5117,9180,16455,3168,25899,228779,1
500000,1,1,2,2,-1,-1,2,2,2,15776,17467,120972,117088,121283,117583,3004,106000,0,8008,78,10549,484224,482533,379028,382912,378717,382417,382530,1
30000,3,1,3,1,2,-1,-1,-1,-1,14655,12731,13225,16952,11920,0,14,3000,5000,1000,0,0,15345,17269,16775,13048,18080,30000,60469,0
360000,2,1,3,-2,-2,-2,-2,-2,-2,8746,3093,1935,1205,1320,1068,3108,1952,1219,1326,1073,191,351254,356907,358065,358795,358680,358932,8498,1
130000,2,1,2,-1,-1,-1,-1,-2,-2,233617,115431,35400,0,0,0,10000,5000,0,0,0,0,-103617,14569,94600,130000,130000,130000,369448,0
20000,2,1,3,-2,-2,2,2,2,2,-2044,1961,2983,2790,3589,3388,5966,1201,0,1000,0,1000,22044,18039,17017,17210,16411,16612,3500,0
200000,1,2,2,-2,-2,-2,-2,-2,-2,1740,10108,291,2515,1133,-363,10108,291,2515,1133,0,0,198260,189892,199709,197485,198867,200363,1377,0
340000,1,1,2,-1,-1,2,2,-1,-1,177237,188765,193224,192578,195073,206924,16100,9000,4000,7200,15200,0,162763,151235,146776,147422,144927,133076,1102301,0
50000,1,1,2,-1,-1,2,-1,-1,-1,40505,46745,45727,45515,45470,4220,6930,0,1200,155,3000,0,9495,3255,4273,4485,4530,45780,216897,0
360000,1,2,2,-2,-2,-2,-2,-2,-2,780,286,0,0,390,-200,286,0,0,390,0,0,359220,359714,360000,360000,359610,360200,580,0
200000,2,2,2,-1,-1,-1,-2,-1,-1,1121,4621,4318,1640,6614,707,4621,4351,1654,6614,707,0,198879,195379,195682,198360,193386,199293,1074,0
50000,2,2,2,-1,-1,-1,-1,-1,-1,47364,48355,49715,49736,17599,16753,1780,2140,1161,510,503,500,2636,1645,285,264,32401,33247,222928,1
560000,2,1,2,-2,-2,-2,-2,-2,-2,4286,3273,2300,4930,2043,1019,3282,2306,4930,2049,1019,2580,555714,556727,557700,555070,557957,558981,1685,0
130000,3,2,2,2,2,2,2,2,2,66548,71034,69329,74175,72383,77217,5600,0,6000,0,6000,0,63452,58966,60671,55825,57617,52783,413086,1
20000,3,2,2,-1,-1,-1,-1,-1,-1,12248,15023,16773,18394,19268,14850,3000,2000,2000,2000,1003,904,7752,4977,3227,1606,732,5150,85649,0
360000,1,1,3,-1,-1,-1,-1,-1,-1,30860,20180,21908,1780,47307,0,20204,21908,1780,47307,0,0,329140,339820,338092,358220,312693,360000,30836,0
50000,3,1,2,-1,-1,-1,-1,-1,-1,23257,22938,21583,22453,21618,19525,1333,1500,1274,700,700,688,26743,27062,28417,27547,28382,30475,125179,0
70000,2,2,2,1,2,2,-1,-1,-1,44193,46168,45166,36283,20861,21374,3000,102,2400,894,1000,1000,25807,23832,24834,33717,49139,48626,205649,1
280000,2,1,3,-1,-1,-1,2,-1,-1,32311,32812,34943,33892,28005,22011,1429,2950,0,792,633,434,247689,247188,245057,246108,251995,257989,177736,0
280000,2,2,2,-2,-2,-2,-2,-2,-2,6251,12501,4873,4071,-30,-30,12577,4897,4176,0,0,0,273749,267499,275127,275929,280030,280030,5986,0
50000,3,1,2,-1,-1,-1,-1,-1,-1,44320,45211,45559,46164,46685,47272,2021,3259,1754,1665,1723,2099,5680,4789,4441,3836,3315,2728,262690,0
160000,2,1,3,-1,-1,-1,-1,-1,-1,101782,102308,103620,98888,94288,97504,3710,4000,4000,3500,7200,0,58218,57692,56380,61112,65712,62496,575980,0
240000,3,1,3,-1,-1,-1,-1,-1,-1,8936,1649,2999,2840,4114,5923,1658,3010,2840,4114,3923,3673,231064,238351,237001,237160,235886,234077,7243,0
300000,2,1,3,1,-2,-2,-2,-2,-2,0,0,0,0,0,0,0,0,0,0,0,0,300000,300000,300000,300000,300000,300000,0,0
280000,2,1,2,2,-1,-1,-1,-1,-1,130549,131955,134910,139280,139188,271388,5000,5000,6585,6409,6046,3053,149451,148045,145090,140720,140812,8612,915177,1
530000,1,2,2,-1,-1,-1,-1,-1,-1,205848,214022,393664,235392,232640,239004,13000,20000,10000,10000,10000,9000,324152,315978,136336,294608,297360,290996,1448570,0
120000,2,2,2,-1,-1,-1,-1,-1,-1,7111,5894,7670,20440,4260,15308,6000,7680,20440,4260,15308,7000,112889,114106,112330,99560,115740,104692,-5,0
130000,3,2,2,-1,-1,-1,-1,-1,-1,126592,123377,59064,46825,46730,47775,5264,2188,2500,1122,1500,1200,3408,6623,70936,83175,83270,82225,436589,0
500000,1,1,2,-1,-1,-1,-2,-1,-1,6257,10445,7009,12515,8037,7944,10492,7114,12587,8071,7978,13896,493743,489555,492991,487485,491963,492056,-7931,0
70000,2,1,2,-1,-1,-1,-1,-1,-1,3588,3204,2330,1499,1327,671,1505,1005,1002,503,502,0,66412,66796,67670,68501,68673,69329,8102,0
10000,2,2,2,-1,-1,-1,-1,-1,-2,390,390,0,780,0,0,390,0,780,0,0,0,9610,9610,10000,9220,10000,10000,390,0
500000,1,1,3,-1,-1,-1,-1,-1,-1,11060,6860,27243,2487,6269,10744,6895,27398,3104,6300,10797,4882,488940,493140,472757,497513,493731,489256,5287,0
340000,1,1,3,-2,-2,-2,-2,-2,-2,11379,11086,3112,3351,1259,19271,11258,3112,3351,1259,19271,16992,328621,328914,336888,336649,338741,320729,-5785,0
10000,3,2,2,-1,-1,-1,-1,-1,-1,4950,5963,6983,7993,8151,8322,1103,1123,1133,291,302,1000,5050,4037,3017,2007,1849,1678,37410,1
140000,2,2,3,-1,-1,-1,-1,-1,2,185948,170133,155737,140586,136641,117308,6088,5677,4797,15414,0,2330,-45948,-30133,-15737,-586,3359,22692,872047,0
50000,2,2,2,-1,-1,-1,-1,-1,-1,1261,1261,1665,1261,1261,390,1261,1665,1261,1261,390,390,48739,48739,48335,48739,48739,49610,871,0
270000,2,1,3,2,-1,-1,-1,-1,-1,187352,179247,180535,187524,185895,190396,8000,6700,10027,6700,7500,7000,82648,90753,89465,82476,84105,79604,1065022,1
290000,2,2,2,-1,-1,-1,-1,-1,-1,65369,67270,65357,66893,69740,56411,3360,3000,3000,4000,2500,8000,224631,222730,224643,223107,220260,233589,367180,0
50000,1,2,2,-1,2,2,2,-1,-1,36363,35483,48256,47098,46898,150,0,13500,0,0,0,0,13637,14517,1744,2902,3102,49850,200748,0
30000,2,1,2,-1,-1,-1,-1,-1,-1,6390,5454,5540,4605,2880,2516,1102,1128,1000,58,2516,3553,23610,24546,24460,25395,27120,27484,18028,0
290000,1,2,3,-1,-1,-1,-1,-1,-1,275367,255049,247090,242309,238609,238712,10580,9006,8507,10902,8600,8671,14633,34951,42910,47691,51391,51288,1440870,0
200000,1,2,2,-1,-1,-1,-1,-1,-1,9080,14280,13918,22836,20105,4415,14280,13918,12836,8000,1000,0,190920,185720,186082,177164,179895,195585,34600,0
50000,1,2,2,2,-1,-1,-1,-1,-1,56251,50758,49517,49528,44768,40295,8705,2501,2005,1312,1614,1706,-6251,-758,483,472,5232,9705,273274,0
290000,1,2,2,-1,3,2,-1,-1,-1,3739,3738,3737,179546,182148,185484,0,0,179460,6900,6600,7800,286261,286262,286263,110454,107852,104516,357632,1
130000,1,2,2,1,2,2,2,-1,-1,128190,131094,132549,128646,100845,101545,6500,5000,0,3512,3606,3699,1810,-1094,-2549,1354,29155,28455,700552,0
220000,2,1,3,-1,-1,-1,-1,-1,-1,3489,6246,29390,8460,19000,13550,6261,29390,8489,19000,13550,2969,216511,213754,190610,211540,201000,206450,476,0
250000,1,2,2,-1,-1,-1,-1,-1,-1,76412,80024,83952,87147,91191,94220,5000,5000,5000,5000,4000,5000,173588,169976,166048,162853,158809,155780,483946,0
360000,1,1,3,-1,-1,-1,-1,-1,-1,162773,158557,158098,153896,152053,128253,5676,6019,5315,4975,4701,4516,197227,201443,201902,206104,207947,231747,882428,0
150000,1,1,2,5,4,3,2,2,-2,288585,282677,159283,148309,143972,139650,0,0,0,5000,5000,0,-138585,-132677,-9283,1691,6028,10350,1152476,1
160000,2,2,2,-1,-1,-1,-1,-1,-1,140266,133372,129619,116388,114022,111743,5019,5000,4156,4500,4500,4000,19734,26628,30381,43612,45978,48257,718235,0
360000,1,1,2,-2,-2,-2,-2,-2,-2,2433,1218,505,843,-4,2237,1230,505,843,4,2241,56,357567,358782,359495,359157,360004,357763,2353,0
210000,2,2,3,-1,-1,-1,-1,-1,-1,197204,201218,205477,209754,212737,209083,8800,9000,9200,8000,8000,9000,12796,8782,4523,246,-2737,917,1183473,0
60000,3,1,3,-1,-1,-1,-1,-1,-1,44057,42706,42345,42849,17490,15633,1669,2000,1870,1000,586,619,15943,17294,17655,17151,42510,44367,197336,0
20000,2,3,3,-1,-1,-1,2,-1,-1,16537,16192,16926,17333,16820,17175,1500,3500,1000,1000,1000,1000,3463,3808,3074,2667,3180,2825,91983,0
50000,3,1,3,-1,-1,-1,2,-1,-1,10522,261,1305,1134,1073,1312,261,2305,0,1200,1500,0,39478,49739,48695,48866,48927,48688,10341,1
60000,3,1,3,-1,-1,-1,-1,-1,-1,58563,58344,57920,58064,55928,57108,2826,2269,2277,2002,2081,2395,1437,1656,2080,1936,4072,2892,332077,0
460000,1,2,2,-1,-1,-1,-1,-1,-1,290372,287696,197014,179698,167727,136894,15495,10089,8077,6184,8047,6035,169628,172304,262986,280302,292273,323106,1205474,0
240000,4,1,3,-2,-2,-2,-2,-2,-2,19295,2054,6984,0,0,0,2054,6984,0,0,0,0,220705,237946,233016,240000,240000,240000,19295,0
30000,2,2,3,2,-1,-1,-1,-1,-1,17766,18771,19965,20865,23465,24465,1306,1500,1400,3000,1000,0,12234,11229,10035,9135,6535,5535,117091,1
50000,2,1,3,-1,-1,-1,-1,-1,-1,43607,45375,46836,48635,19373,20129,2500,2500,3000,1500,2000,3000,6393,4625,3164,1365,30627,29871,209455,0
120000,2,1,3,-2,-2,-2,-2,-2,-2,0,0,0,0,0,0,0,0,0,0,0,0,120000,120000,120000,120000,120000,120000,0,1
120000,2,2,2,-1,-1,-1,-1,-1,-1,114476,113995,116574,117041,50980,51285,4100,6000,5000,5000,58895,5000,5524,6005,3426,2959,69020,68715,480356,0
230000,1,2,3,-2,-2,-2,-2,-2,-2,6514,7882,162,-868,-868,-868,7882,162,0,0,0,0,223486,222118,229838,230868,230868,230868,3910,1
80000,1,2,2,-1,-1,-1,-1,-1,-1,48491,55637,60163,0,780,390,8000,6000,0,390,390,540,31509,24363,19837,80000,79220,79610,150141,0
20000,2,2,2,2,2,2,-1,-1,-1,17497,20690,20075,19492,19859,19232,3500,0,1500,805,7000,542,2503,-690,-75,508,141,768,103498,1
360000,2,1,2,-1,-1,-1,-1,-1,-1,15299,44439,22637,101497,68960,28399,44730,22751,101691,2233,6138,16113,344701,315561,337363,258503,291040,331601,87575,0
500000,1,1,2,-1,-1,-1,-1,-1,-1,74797,75753,78031,78946,76689,77968,2800,3500,2818,2743,3000,10000,425203,424247,421969,421054,423311,422032,437323,0
30000,2,1,3,1,2,2,2,2,2,14728,15777,17224,18241,18446,18009,1600,2000,1600,800,0,1600,15272,14223,12776,11759,11554,11991,94825,1
170000,1,2,1,-1,2,-1,2,-1,-1,14479,27045,19041,12769,6283,3093,70,19136,64,6314,3107,3494,155521,142955,150959,157231,163717,166907,50525,0
240000,2,2,3,-1,-1,-1,-1,-1,-1,226047,230787,236518,232756,214781,219313,10000,11000,10300,7700,8000,8100,13953,9213,3482,7244,25219,20687,1305102,0
230000,1,1,3,-2,-2,-2,-2,-2,-2,169,2008,3587,2663,2660,2997,2018,3605,2681,2673,3012,2583,229831,227992,226413,227337,227340,227003,-2488,0
180000,1,2,2,1,2,2,2,2,2,172505,166692,176869,347813,171041,181637,0,16000,6000,0,15000,7000,7495,13308,3131,-167813,8959,-1637,1172557,0
210000,3,1,2,2,2,2,2,2,2,122157,130309,116004,78564,37154,0,12301,16,5812,218,0,0,87843,79691,93996,131436,172846,210000,465841,1
460000,1,2,3,2,2,2,2,2,2,282944,288729,295114,299739,304319,299400,12000,12500,11000,11000,0,27000,177056,171271,164886,160261,155681,160600,1696745,1
200000,1,1,3,1,2,2,-1,-1,-1,198663,201996,194396,166515,163673,145683,8013,13,8684,5500,7437,4600,1337,-1996,5604,33485,36327,54317,1036679,1
80000,2,1,3,-1,-1,-1,-1,-1,-1,71578,71896,73744,73572,73025,73087,3007,5012,3119,3007,3110,3101,8422,8104,6256,6428,6975,6913,416546,0
50000,2,1,3,1,2,2,-1,-1,-1,50435,50936,49463,50046,19858,19278,2400,0,2300,1000,1000,1000,-435,-936,537,-46,30142,30722,232316,1
230000,2,2,2,2,2,2,2,2,-1,177917,181465,185074,187053,176805,180826,8000,8000,6500,0,7000,6500,52083,48535,44926,42947,53195,49174,1053140,0
80000,2,1,2,-1,-1,-1,-1,-1,-1,40356,25023,16392,7467,6727,994,1631,1432,1000,520,1097,2236,39644,54977,63608,72533,73273,79006,89043,0
200000,2,1,2,-1,-1,-1,-1,-1,-1,80,89691,91517,72739,389,389,90001,3935,3759,390,390,390,199920,110309,108483,127261,199611,199611,155940,0
50000,3,1,3,-1,-1,-1,-1,-1,-1,1261,2522,170,1261,390,390,2522,170,1261,390,390,390,48739,47478,49830,48739,49610,49610,871,0
30000,2,1,2,1,-1,-1,-1,-1,-1,0,780,0,1170,780,0,780,0,1170,0,0,0,30000,29220,30000,28830,29220,30000,780,0
280000,3,1,3,2,-1,-1,-1,-1,-1,178220,184848,188411,191291,189029,192023,10000,9000,8000,6738,6974,7600,101780,95152,91589,88709,90971,87977,1075510,1
260000,2,1,2,-1,-1,-1,-1,-1,-1,128602,118109,21557,23186,14117,15797,3203,6015,5055,2011,4078,4522,131398,141891,238443,236814,245883,244203,296484,0
200000,2,2,2,2,-1,-1,-1,-2,-2,160106,162743,81890,0,0,0,7600,4000,0,0,0,0,39894,37257,118110,200000,200000,200000,393139,1
80000,2,2,2,2,-1,-1,-1,-1,2,79237,65301,67253,67352,74448,72928,3000,4005,2500,10000,0,5000,763,14699,12747,12648,5552,7072,402014,1
200000,1,2,3,-1,-1,-1,-1,-1,-1,14027,16016,16905,11791,7983,6327,5006,3024,2017,173,1002,3197,185973,183984,183095,188209,192017,193673,58630,0
20000,4,1,1,-1,-1,-1,-2,-2,-2,9278,10400,0,0,0,0,1400,0,0,0,0,0,10722,9600,20000,20000,20000,20000,18278,0
200000,2,1,3,-1,-1,-1,-1,-1,-1,42114,227075,217016,200316,169815,88071,235728,10000,5210,4009,3186,55152,157886,-27075,-17016,-316,30185,111929,631122,1
60000,3,2,3,-1,-1,-1,-1,-1,-1,866,29123,26766,-1644,6398,5556,29687,30000,0,20009,10000,10000,59134,30877,33234,61644,53602,54444,-32631,0
50000,2,1,2,-1,-1,-1,-1,-1,-1,46509,47072,47637,44429,27279,27318,2000,2000,2000,944,1118,1000,3491,2928,2363,5571,22721,22682,231182,0
50000,2,1,3,-1,-1,-1,-1,-1,-1,1345,1545,-306,18394,18760,19166,1000,0,18700,663,700,820,48655,48455,50306,31606,31240,30834,37021,0
50000,2,2,3,-1,-1,-1,-1,-1,-1,50516,44187,20314,19707,19566,19916,2721,1750,1200,1000,1000,1000,-516,5813,29686,30293,30434,30084,165535,0
200000,3,2,3,3,2,2,2,2,2,2500,2500,2500,2500,2500,2500,0,0,0,0,0,0,197500,197500,197500,197500,197500,197500,15000,1
130000,3,2,2,2,2,-1,-1,-1,-1,114726,107602,106907,94152,96365,97413,20,4544,3200,3500,3585,2519,15274,22398,23093,35848,33635,32587,599797,1
130000,2,2,3,-1,-1,-1,-1,-1,-1,131762,106130,66523,55678,20290,14802,3466,2781,1702,602,492,515,-1762,23870,63477,74322,109710,115198,385627,1
50000,2,2,2,-1,2,2,-1,-1,-2,780,390,0,780,0,0,0,0,780,0,0,0,49220,49610,50000,49220,50000,50000,1170,1
160000,1,2,2,2,2,2,-1,-1,-1,146129,158066,156898,154725,115841,111615,15000,4000,8000,4000,4000,4000,13871,1934,3102,5275,44159,48385,804274,1
50000,2,2,2,1,2,2,-1,-1,-1,48793,50194,49101,47549,48817,45928,2500,0,1800,2000,2000,2000,1207,-194,899,2451,1183,4072,280082,1
10000,2,2,3,-1,-1,-1,-1,-1,-1,8866,9844,9319,18202,9287,0,1143,1218,1000,372,0,0,1134,156,681,-8202,713,10000,51785,0
200000,2,2,2,-1,-1,-1,-1,-1,-1,87750,89618,91499,93317,96110,98906,3000,3000,3000,4000,4000,5000,112250,110382,108501,106683,103890,101094,535200,0
360000,1,2,2,-2,-2,-2,-2,-2,-2,12325,14118,38645,5235,4710,6392,14123,38722,5235,4710,6392,12576,347675,345882,321355,354765,355290,353608,-333,0
230000,1,1,2,-2,-2,-2,-2,-2,-2,1464,1742,3267,800,2458,1880,1742,3267,800,2458,1880,2414,228536,228258,226733,229200,227542,228120,-950,0
200000,1,2,2,-1,-1,-2,-2,-1,-1,3253,3969,-8,2315,4255,2010,4005,326,2323,4264,2028,1857,196747,196031,200008,197685,195745,197990,991,0
50000,3,1,3,-1,-1,-1,-1,-1,-1,27620,28923,29955,30666,31275,31940,1767,1799,1510,1119,1169,2000,22380,21077,20045,19334,18725,18060,171015,1
90000,2,1,2,-1,-1,-1,-1,-1,-1,106053,101023,97045,102372,100794,98277,3547,3580,13000,7000,6000,7000,-16053,-11023,-7045,-12372,-10794,-8277,565437,0
270000,1,2,2,-2,-2,-2,-2,-2,-2,11464,1879,6896,8583,880,4861,1879,6909,8587,880,4861,3212,258536,268121,263104,261417,269120,265139,8235,0
50000,2,1,3,-1,-1,-1,-1,-2,-2,49999,51043,51400,0,0,0,2263,2400,0,0,0,0,1,-1043,-1400,50000,50000,50000,147779,0
50000,2,1,2,2,3,2,-1,-1,-1,17150,16582,17014,17721,18184,20008,0,1000,1592,1055,2421,0,32850,33418,32986,32279,31816,29992,100591,1
20000,2,1,2,-1,-1,-1,-1,-1,-1,16621,7309,17120,18130,18491,18893,1200,10000,1301,662,700,1000,3379,12691,2880,1870,1509,1107,81701,0
50000,3,1,2,-1,-1,-1,-1,-1,-1,50500,50181,49630,50153,30914,29200,2000,2200,1968,1106,1040,1069,-500,-181,370,-153,19086,20800,251195,1
390000,2,1,2,-1,2,-1,-1,-1,-1,7831,3844,5797,7657,4086,5795,8,5806,7667,95,5804,4721,382169,386156,384203,382343,385914,384205,10909,0
50000,2,2,2,4,3,2,-1,-1,-1,51689,50567,48454,49843,51355,29276,3,0,2183,2695,29276,4,-1689,-567,1546,157,-1355,20724,247023,0
160000,3,2,2,1,-2,-2,-1,-1,-1,0,0,0,700,700,0,0,0,700,0,0,0,160000,160000,160000,159300,159300,160000,700,0
20000,2,1,2,3,2,2,2,2,2,17500,16926,19260,18653,20041,19582,0,2921,0,1702,0,1594,2500,3074,740,1347,-41,418,105745,1
230000,2,2,2,-2,-2,-2,-2,-2,-2,3245,1855,2577,8001,2970,-1,1864,2590,8039,2984,0,381,226755,228145,227423,221999,227030,230001,2789,0
50000,1,2,3,-1,-1,-1,-1,-1,-1,49386,49487,50401,49148,30036,29873,2000,2500,2040,2000,1037,2000,614,513,-401,852,19964,20127,246754,0
50000,3,2,3,-1,-1,-1,-1,2,2,55397,55877,57335,59595,55949,51225,2000,2356,3494,2000,0,1725,-5397,-5877,-7335,-9595,-5949,-1225,323803,0
80000,3,1,2,-1,-1,-1,-1,-1,-1,51925,51544,49430,46864,46473,48191,3018,2113,3007,2000,3000,20000,28075,28456,30570,33136,33527,31809,261289,0
240000,2,1,3,-1,-1,-1,-1,-1,-1,795,1916,1530,2961,5962,7336,1921,1534,2961,3001,2024,1000,239205,238084,238470,237039,234038,232664,8059,0
90000,3,1,2,-1,-1,-1,-1,-1,-1,93757,91359,88616,56887,46700,47272,4000,2625,2511,1501,1391,1393,-3757,-1359,1384,33113,43300,42728,411170,1
260000,3,1,3,-1,-1,-1,-1,-1,-1,250416,257987,260104,253488,145630,148720,11000,7100,135546,4500,4590,4501,9584,2013,-104,6512,114370,111280,1149108,0
50000,2,2,3,-1,-1,-1,-1,-1,-1,48017,47913,49225,18858,19166,19834,2488,2800,1610,918,1214,468,1983,2087,775,31142,30834,30166,193515,0
350000,1,1,3,-1,-1,-1,-1,-1,-1,24297,25299,26329,27343,27886,28470,1411,1441,1455,998,1033,1038,325703,324701,323671,322657,322114,321530,152248,0
20000,2,2,3,-1,-1,-1,-1,-1,-1,15717,16724,18051,18759,19132,19684,1276,1603,1311,684,860,874,4283,3276,1949,1241,868,316,101459,0
110000,3,1,3,-1,-1,-1,-1,-1,-1,53497,51110,48995,46772,33220,31858,2510,2509,2031,1507,2032,1521,56503,58890,61005,63228,76780,78142,253342,0
80000,3,1,2,-1,-1,-1,-1,-1,-1,5173,10809,8673,11590,5973,5878,10826,3683,5034,5981,2895,3789,74827,69191,71327,68410,74027,74122,15888,0
230000,2,1,2,1,-2,-1,2,2,-1,0,0,33,33,33,1133,0,33,0,0,1100,704,230000,230000,229967,229967,229967,228867,-605,1
370000,2,2,2,-1,-1,-1,-1,-1,-1,377259,310284,278781,256794,156583,17909,15198,14177,15118,15020,10000,308000,-7259,59716,91219,113206,213417,352091,1020097,0
100000,2,1,2,-1,-1,-1,2,-1,-1,7798,864,3302,2430,805,3415,864,2438,821,1,3110,2206,92202,99136,96698,97570,99195,96585,9174,1
490000,2,2,2,2,2,-1,-1,-1,-1,427020,370428,337432,286247,256618,188154,0,13932,11771,10187,8013,7014,62980,119572,152568,203753,233382,301846,1814982,1
50000,2,2,3,2,2,2,2,-1,-1,22591,21523,24538,22402,9528,8447,0,3701,554,10026,421,6106,27409,28477,25462,27598,40472,41553,88221,0
200000,3,2,3,-2,-2,-2,-2,-2,-2,20950,182,3150,0,0,0,182,3165,0,0,0,94,179050,199818,196850,200000,200000,200000,20841,0
70000,2,1,2,2,2,2,2,2,2,60514,61923,62740,63090,64470,65828,3000,2400,2000,3000,2508,0,9486,8077,7260,6910,5530,4172,365657,1
210000,2,1,2,-1,-1,-1,-1,-1,-1,326,0,2684,0,10652,326,0,2684,0,10652,326,0,209674,210000,207316,210000,199348,209674,326,0
50000,3,2,2,-1,-1,-1,-1,-1,-1,47834,47821,48442,42550,16324,17556,1866,2007,1915,589,1500,1000,2166,2179,1558,7450,33676,32444,211650,0
50000,3,2,2,-1,-1,-1,-1,-1,-1,49454,49157,49773,48398,32584,33322,1792,2208,1513,1149,1245,1271,546,843,227,1602,17416,16678,253510,0
100000,1,2,2,-1,-1,2,2,2,2,18185,24932,24246,26839,26109,27686,7100,0,3000,0,2000,0,81815,75068,75754,73161,73891,72314,135897,1
160000,2,2,2,4,3,2,2,3,2,99340,96860,99911,103928,101540,99587,0,5500,6700,0,27,2800,60660,63140,60089,56072,58460,60413,586139,1
30000,2,1,2,-2,-2,-2,-2,-2,-2,5066,6367,2109,5930,4192,0,6367,2115,5933,4192,0,0,24934,23633,27891,24070,25808,30000,5057,0
220000,1,2,2,-1,-1,2,2,-1,-1,170352,182711,183825,142216,118269,14960,15206,6000,0,5193,546,1485,49648,37289,36175,77784,101731,205040,783903,1
150000,3,2,1,-1,-1,2,-1,-1,-1,820,3191,1965,1300,936,901,3431,0,1300,936,901,911,149180,146809,148035,148700,149064,149099,1634,0
300000,2,2,2,-1,-1,-1,-1,-1,-1,281829,285038,291480,298378,131103,128742,10208,12507,15056,5027,5007,5063,18171,14962,8520,1622,168897,171258,1363702,0
390000,2,1,2,1,-2,-2,-2,-2,-2,0,0,0,0,0,0,0,0,0,0,0,0,390000,390000,390000,390000,390000,390000,0,0
180000,1,1,2,-1,-1,-1,-1,-1,-1,170619,172057,177813,178907,139825,118621,6063,8431,6845,4465,4287,4060,9381,7943,2187,1093,40175,61379,923691,0
300000,1,2,3,1,-2,-2,-2,-2,-2,0,0,0,0,0,0,0,0,0,0,0,0,300000,300000,300000,300000,300000,300000,0,0
150000,1,1,2,-1,-1,-1,-1,-1,2,112695,97907,100826,103297,111784,108887,3515,5002,5189,14002,8,4009,37305,52093,49174,46703,38216,41113,603671,0
80000,2,1,2,-1,-1,-1,-1,-1,-1,77870,79472,81757,77200,77669,79667,2900,3900,2750,2800,3200,2964,2130,528,-1757,2800,2331,333,455121,1
250000,2,2,2,1,-2,-2,-2,-2,-1,0,0,0,0,0,1026,0,0,0,0,1026,1026,250000,250000,250000,250000,250000,248974,-1026,0
350000,1,1,2,-2,-2,-2,-2,-2,-2,916,1123,604,4523,617,1902,1133,607,4545,620,1911,4690,349084,348877,349396,345477,349383,348098,-3821,0
380000,1,1,3,-1,-1,-1,-1,-1,-1,231759,233357,236292,237176,236379,239221,10000,9000,10021,10000,10000,10000,148241,146643,143708,142824,143621,140779,1355163,0
450000,1,2,2,-1,-1,-1,-1,-1,-1,583,-16,2312,192,1630,14099,0,2328,192,1638,14169,1122,449417,450016,447688,449808,448370,435901,-649,0
340000,1,2,2,-1,-1,-1,-1,-1,-1,62896,16480,27050,29103,58997,12518,16591,27283,29255,58276,12565,13507,277104,323520,312950,310897,281003,327482,49567,0
70000,2,1,3,-1,-1,-1,-1,-1,-1,14202,15149,15481,15266,13489,11837,1500,1585,1500,1000,600,1500,55798,54851,54519,54734,56511,58163,77739,0
320000,2,1,2,-1,-1,-1,-1,-1,-1,367670,374631,348144,311004,254598,227869,13200,13006,11500,9000,10000,8000,-47670,-54631,-28144,8996,65402,92131,1819210,1
180000,1,1,3,-1,-1,-1,-1,-1,-1,325,1260,325,1000,1100,1100,1260,325,1000,1100,0,0,179675,178740,179675,179000,178900,178900,1425,0
360000,1,1,3,-1,-1,-1,-1,-2,-2,38324,3374,3620,0,0,0,3390,3638,0,0,0,0,321676,356626,356380,360000,360000,360000,38290,0
230000,1,1,3,1,2,2,2,2,2,189724,193112,197039,200300,203018,199689,8000,8500,8000,7500,0,6622,40276,36888,32961,29700,26982,30311,1144260,1
280000,1,2,2,1,2,-1,-1,-1,-1,314318,307569,286773,275447,245409,211351,0,13500,14500,10000,9000,12000,-34318,-27569,-6773,4553,34591,68649,1581867,0
50000,2,2,2,-1,-1,2,-1,-1,-1,46413,50056,49072,49724,19801,14301,4729,86,2198,1198,600,1000,3587,-56,928,276,30199,35699,219556,0
260000,2,1,2,-1,-1,-1,-1,-1,-1,186189,176135,130369,68014,68529,69741,6203,5704,2411,2412,3100,3600,73811,83865,129631,191986,191471,190259,675547,1
230000,2,2,3,-1,-1,-1,-1,-1,-1,23216,25548,23769,17270,13903,1953,10014,1602,1017,332,9,3626,206784,204452,206231,212730,216097,228047,89059,0
240000,1,2,3,-2,-2,-2,-2,-2,-2,-317,63435,697,-3,635,1269,63752,700,0,638,1275,421,240317,176565,239303,240003,239365,238731,-1070,0
140000,1,1,3,-1,-1,-1,2,-1,-1,90547,92536,96535,98041,100504,103874,3500,5500,4000,5000,5000,5000,49453,47464,43465,41959,39496,36126,554037,0
360000,1,1,3,-1,-1,-1,-1,-1,-1,30769,13532,840,68110,55905,42239,13952,864,124037,1679,1163,1126,329231,346468,359160,291890,304095,317761,68574,0
320000,1,1,3,-1,-1,-1,-1,-1,-1,1329,4526,11906,14202,6956,4839,4526,11911,14425,7063,4839,6271,318671,315474,308094,305798,313044,315161,-5277,0
310000,1,1,2,-1,-1,-1,-1,-1,-1,8517,6734,6031,14884,5467,12510,6765,6076,14972,5512,12570,9215,301483,303266,303969,295116,304533,297490,-967,0
60000,2,2,3,-1,-1,-1,-1,-1,-1,78291,70154,69940,60170,29261,30233,3000,1405,60941,1056,2100,1101,-18291,-10154,-9940,-170,30739,29767,268446,0
380000,2,1,2,-1,-1,-1,-1,-1,-1,365427,363267,372261,375423,359527,361201,14008,17000,13070,15000,13000,14000,14573,16733,7739,4577,20473,18799,2111028,0
40000,4,2,2,-1,-1,-1,-1,-1,-1,36712,37403,18688,-620,32760,12500,1596,1006,0,17000,2000,780,3288,2597,21312,40620,7240,27500,115061,0
150000,2,1,3,-1,-1,-1,-1,-1,-2,74985,76745,19472,20650,0,0,3400,1600,1700,0,0,0,75015,73255,130528,129350,150000,150000,185152,0
360000,3,2,3,-1,-1,-1,-1,-1,-1,2569,316,4919,5559,5353,5401,316,4919,1000,110,1025,2684,357431,359684,355081,354441,354647,354599,14063,0
200000,1,1,2,-1,-1,-1,-1,-1,-1,4585,33282,16175,104872,22897,29339,33485,16254,100551,12077,20182,21104,195415,166718,183825,95128,177103,170661,7497,0
260000,4,1,3,-1,-1,-1,-1,-1,-1,204017,182048,63074,262317,201344,191829,8000,7100,200140,6500,6000,6500,55983,77952,196926,-2317,58656,68171,870389,0
430000,3,2,2,-2,-2,-2,-2,-2,-2,37693,3390,5930,33736,23558,8118,3507,5960,39507,11838,8158,8509,392307,426610,424070,396264,406442,421882,34946,0
200000,2,1,2,-1,-1,-1,-2,-1,-1,5440,7268,0,0,42362,43094,2000,0,0,87000,1566,1830,194560,192732,200000,200000,157638,156906,5768,0
380000,1,1,3,-1,-1,2,-1,-1,-1,95972,123558,114785,161444,163071,160076,30027,0,50005,20042,20000,20000,284028,256442,265215,218556,216929,219924,678832,0
110000,2,2,2,-1,-1,-1,-1,-1,-1,112091,112380,86544,77131,60895,60936,4625,3112,2467,2182,2190,2182,-2091,-2380,23456,32869,49105,49064,493219,0
200000,1,1,3,2,2,2,2,2,2,168289,172001,175281,177895,180078,184048,8000,7500,7000,6600,7000,7100,31711,27999,24719,22105,19922,15952,1014392,0
270000,1,2,2,1,2,-1,-1,2,-1,20979,17228,20924,22448,15490,17343,0,4000,2000,0,2000,2000,249021,252772,249076,247552,254510,252657,104412,0
120000,1,1,2,-1,-1,-1,-1,-1,-1,1216,416,416,416,416,416,416,416,416,416,416,566,118784,119584,119584,119584,119584,119584,650,0
420000,1,1,3,-1,-1,-1,-1,-1,-1,54799,53507,54678,55403,56260,57598,5000,5000,3000,3000,3000,3000,365201,366493,365322,364597,363740,362402,310245,0
20000,3,2,2,-1,-1,2,-1,-1,-2,6569,6939,4679,2960,0,0,2449,0,1000,0,0,0,13431,13061,15321,17040,20000,20000,17698,0
200000,2,2,3,1,2,2,-1,-1,-1,193773,196323,181932,132127,132245,138104,7350,261,6206,5006,9406,6,6227,3677,18068,67873,67755,61896,946269,1
80000,2,1,3,-1,-1,-1,-1,-1,-1,34905,35923,37339,38419,39316,35902,1600,2000,1703,1600,1400,10350,45095,44077,42661,41581,40684,44098,203151,0
270000,2,2,3,1,-2,-1,-1,-1,-1,0,0,7304,3076,0,16191,0,7304,3076,0,16191,277,270000,270000,262696,266924,270000,253809,-277,0
30000,2,1,3,3,2,2,2,-1,-1,12751,12256,15002,13914,11093,9508,0,2955,0,436,423,341,17249,17744,14998,16086,18907,20492,70369,1
80000,3,1,3,-1,-1,-1,-1,-1,-1,55385,52801,50209,43323,40275,38690,2019,2031,2013,2016,2002,3000,24615,27199,29791,36677,39725,41310,267602,0
30000,2,1,2,2,-1,-1,-1,-1,2,18557,19643,20721,21867,24291,23766,1700,1700,1800,3100,0,565,11443,10357,9279,8133,5709,6234,119980,1
20000,1,1,2,-1,-1,-1,-1,-1,-1,18958,19427,19021,19449,19162,0,1500,2000,1200,413,0,0,1042,573,979,551,838,20000,90904,1
20000,2,1,2,2,-1,-1,-1,-1,-1,17999,19090,19472,18629,12683,0,1700,3243,1200,254,0,0,2001,910,528,1371,7317,20000,81476,1
320000,2,1,2,-1,-1,-1,-1,-1,-1,274599,280021,286011,292636,298492,200098,11500,12000,12873,13020,8800,5650,45401,39979,33989,27364,21508,119902,1568014,1
120000,3,1,2,-2,-2,-2,-2,-2,-2,326,326,326,326,326,652,326,326,326,326,652,0,119674,119674,119674,119674,119674,119348,326,0
290000,2,1,2,1,2,-1,-1,-1,-1,296437,192441,194158,197590,187134,180887,25,10013,9526,6549,6373,6781,-6437,97559,95842,92410,102866,109113,1209380,0
380000,2,1,2,-2,-2,-2,-2,-2,-2,3074,-18618,-9415,-9415,-9415,-9415,9203,0,0,0,0,8000,376926,398618,389415,389415,389415,389415,-70407,0
480000,1,1,3,-1,-1,-1,-1,-1,-1,376186,389822,401982,410694,407436,407809,20000,18000,15000,15000,14000,13000,103814,90178,78018,69306,72564,72191,2298929,0
350000,2,2,3,-1,-1,-1,-1,-1,-1,190211,191582,163154,299409,250584,249412,8239,8902,213103,9036,10022,9027,159789,158418,186846,50591,99416,100588,1086023,0
220000,1,2,2,-1,2,-1,-1,-1,-1,792,396,396,396,396,546,0,396,396,396,546,396,219208,219604,219604,219604,219604,219454,792,0
360000,1,1,3,-2,-2,-2,-2,-2,-2,188,1610,1088,7870,5988,342,1610,1088,7870,5988,342,7159,359812,358390,358912,352130,354012,359658,-6971,1
420000,2,1,2,-1,-1,-1,-1,-1,-1,22219,22423,4889,14373,12881,3690,7573,4913,14415,6930,709,104259,397781,397577,415111,405627,407119,416310,-58324,0
160000,1,1,3,-1,-1,2,2,-1,2,4024,6484,3503,-473,3757,3286,3000,0,0,4700,0,3000,155976,153516,156497,160473,156243,156714,9881,1
30000,1,2,3,2,2,-1,-1,-1,2,26413,25690,26719,27774,28809,30399,0,1445,1500,1500,2200,0,3587,4310,3281,2226,1191,-399,159159,0
170000,2,2,2,-1,-1,-1,-1,-1,-1,8024,9338,11673,12770,12971,13312,1610,2500,1600,711,700,700,161976,160662,158327,157230,157029,156688,60267,0
710000,2,1,2,-1,-1,-1,-1,-1,-1,67061,64374,62858,69207,73333,121892,10045,10008,10019,10202,70001,10030,642939,645626,647142,640793,636667,588108,338420,0
350000,2,2,2,-2,-2,-2,-2,-2,-2,2184,1445,2424,4582,5600,2927,1445,2424,4584,5610,2927,1298,347816,348555,347576,345418,344400,347073,874,0
230000,2,1,2,-1,-1,-1,-1,-1,-1,4761,5786,7676,9877,10181,12472,1110,2000,2500,1000,2472,1000,225239,224214,222324,220123,219819,217528,40671,0
30000,2,3,3,2,-1,-1,-1,-1,2,2922,3869,4890,5975,6474,6225,1000,1090,1175,600,0,1000,27078,26131,25110,24025,23526,23775,25490,0
360000,1,1,2,-1,-1,-1,-1,-1,-2,475,-25,4993,498,-2,-2,0,5018,505,0,0,553,359525,360025,355007,359502,360002,360002,-139,0
500000,1,1,3,-1,-1,2,2,-1,2,390,780,390,0,3280,2500,780,0,0,3280,0,0,499610,499220,499610,500000,496720,497500,3280,0
380000,1,1,2,-1,-1,-1,-1,-1,-1,124486,106065,97979,100599,81087,82793,3563,3385,4074,2592,2696,3569,255514,273935,282021,279401,298913,297207,573130,0
240000,2,1,2,1,2,-1,-1,-1,-1,211808,208892,213637,216754,219276,223920,2000,9600,8500,6500,6500,7520,28192,31108,26363,23246,20724,16080,1253667,0
100000,1,2,3,-1,-1,-1,-1,-1,-1,31452,32453,33490,34926,35771,36366,1527,1564,2000,1426,1320,1333,68548,67547,66510,65074,64229,63634,195288,1
200000,2,2,2,-1,-1,-1,-1,-1,-1,176579,180233,184262,178674,181318,179477,6589,7074,7870,7028,6768,5906,23421,19767,15738,21326,18682,20523,1039308,1
500000,1,2,2,-2,-2,-2,-2,-2,-2,5925,11175,21176,5086,9552,14389,11194,21193,5094,9563,14403,5233,494075,488825,478824,494914,490448,485611,623,0
220000,3,1,3,-2,-2,-1,-1,-1,-1,0,0,2128,4071,5640,7078,0,2128,2000,2000,2000,1500,220000,220000,217872,215929,214360,212922,9289,1
640000,1,2,2,-1,-1,-1,-1,-1,-1,21189,4242,32110,62649,63218,53151,4258,32120,34000,5037,0,13855,618811,635758,607890,577351,576782,586849,147289,0
340000,3,2,2,-1,-1,-1,-1,-1,-1,334628,328749,285399,248984,251047,255303,16040,14000,11000,9200,10000,9500,5372,11251,54601,91016,88953,84697,1634370,1
400000,1,2,3,-1,-1,-1,-1,-1,-1,112789,115910,120657,122338,124145,113477,5000,6624,5200,3826,3363,3398,287211,284090,279343,277662,275855,286523,681905,0
200000,1,1,2,-2,-2,-2,-2,-2,-2,8852,3103,2005,15776,2696,6147,5585,2015,15854,2709,6178,16961,191148,196897,197995,184224,197304,193853,-10723,0
20000,2,1,3,-1,-1,-1,-1,-1,-1,9632,10676,13702,14713,15068,15425,1208,3234,1245,600,600,600,10368,9324,6298,5287,4932,4575,71729,0
210000,1,1,2,-1,-1,-1,-1,-2,-1,205,0,775,0,0,635,0,775,0,0,635,0,209795,210000,209225,210000,210000,209365,205,0
280000,3,2,2,-1,-1,-1,-1,-1,-1,275659,265870,269140,272665,159017,88321,10932,12011,10807,4306,4023,5387,4341,14130,10860,7335,120983,191679,1283206,0
150000,2,2,2,-1,-1,-1,-1,-1,-1,149931,152915,149867,144731,147661,149949,5500,5513,5200,5200,5400,6000,69,-2915,133,5269,2339,51,862241,0
50000,1,2,2,-1,-1,-1,-1,-1,-1,45010,45785,36131,29374,27059,27627,1919,1789,1442,967,1003,1030,4990,4215,13869,20626,22941,22373,202836,0
60000,2,1,2,-1,-1,-1,-1,-1,-1,37129,37593,37841,38634,28811,28907,1602,1989,1782,1169,1196,1152,22871,22407,22159,21366,31189,31093,200025,1
60000,3,1,2,1,-2,-2,-2,-2,-2,0,0,0,0,0,0,0,0,0,0,0,0,60000,60000,60000,60000,60000,60000,0,1
200000,2,1,3,-1,-1,-1,-1,-1,-1,197600,200378,162374,154234,143953,147834,10265,6061,7048,5016,10294,5136,2400,-378,37626,45766,56047,52166,962553,0
30000,2,2,2,-1,-1,-1,2,2,-2,21708,22583,25067,23237,0,0,1542,3026,0,0,0,0,8292,7417,4933,6763,30000,30000,88027,1
130000,2,1,3,1,-2,-2,-2,-2,-2,-52,-52,-52,-52,-52,-52,0,0,0,0,0,1000,130052,130052,130052,130052,130052,130052,-1312,1
140000,2,1,2,-1,-1,-1,-1,-1,-1,136032,139118,134651,135350,129135,132035,5400,5000,6000,4700,5000,5400,3968,882,5349,4650,10865,7965,774821,0
280000,2,2,2,-1,-1,-1,-1,-1,-1,273651,279296,282851,251648,255697,261691,11128,11234,11002,10000,10000,10000,6349,704,-2851,28352,24303,18309,1541470,0
110000,3,2,3,-1,-1,-1,-1,-1,-1,102274,103275,105225,83722,78894,74659,3734,3653,2914,2627,2624,4138,7726,6725,4775,26278,31106,35341,528359,0
130000,1,2,3,-1,-1,-1,-1,-1,-1,836,836,836,836,836,836,836,836,836,836,836,836,129164,129164,129164,129164,129164,129164,0,0
110000,2,1,3,-1,-1,-1,-1,-1,-1,92806,91217,89757,136859,60276,48652,5000,4087,64142,2038,1763,2500,17194,18783,20243,-26859,49724,61348,440037,0
320000,1,1,2,-1,-1,-1,-1,-1,-1,18924,21589,23926,31161,32234,35688,3000,3000,8000,1900,4000,1600,301076,298411,296074,288839,287766,284312,142022,0
490000,1,2,3,-1,-1,-1,-1,-1,-1,345075,354273,57454,59860,29377,30478,10000,4000,3500,978,1500,3500,144925,135727,432546,430140,460623,459522,853039,0
360000,1,2,3,-1,-1,-1,-1,-1,-2,287,29646,9251,18860,-40,-40,29794,9297,18954,0,0,0,359713,330354,350749,341140,360040,360040,-81,0
280000,1,1,2,2,-1,-1,-1,-2,-1,1405,1549,1504,0,0,2949,1549,1504,0,0,2949,2838,278595,278451,278496,280000,280000,277051,-1433,0
290000,1,1,2,2,-1,-1,-1,-1,-1,170953,170747,171002,170795,170795,171003,546,1002,795,795,1003,998,119047,119253,118998,119205,119205,118997,1020156,0
180000,2,2,2,-1,-1,-1,-1,-1,-1,119466,120491,124553,127096,128992,131660,4500,6000,6100,5500,4900,5500,60534,59509,55447,52904,51008,48340,719758,0
150000,2,2,2,-1,-1,-1,-1,-1,-1,32263,26283,17897,10945,5174,1910,3000,1305,1637,350,1910,0,117737,123717,132103,139055,144826,148090,86270,0
260000,2,1,3,-1,-1,-1,-1,-1,-2,11506,973,1183,2270,0,0,975,1186,2287,0,0,2580,248494,259027,258817,257730,260000,260000,8904,0
90000,3,2,2,-1,-1,-1,-1,-1,-1,74012,76777,78594,39209,40057,40744,4600,4300,2700,1500,1400,2000,15988,13223,11406,50791,49943,49256,332893,0
20000,3,2,2,-1,-1,-1,-1,-1,-1,16958,17028,15421,13895,11592,11433,1699,1600,2000,1000,1500,1000,3042,2972,4579,6105,8408,8567,77528,0
180000,1,2,2,-1,-1,-1,-1,-1,-1,4400,2990,3762,5231,2092,3395,3018,3772,5254,2098,3403,215,175600,177010,176238,174769,177908,176605,4110,0
230000,2,2,2,-1,-1,-1,-1,-1,-1,182,1407,0,2458,2458,2458,1407,0,2458,0,0,0,229818,228593,230000,227542,227542,227542,5098,0
260000,1,1,2,3,2,2,-2,-2,-2,2500,2500,0,0,0,0,0,0,0,0,0,0,257500,257500,260000,260000,260000,260000,5000,1
150000,1,2,2,3,2,2,-1,-1,-1,125086,121521,67164,54078,9778,389,4967,65,1346,5051,8601,4435,24914,28479,82836,95922,140222,149611,353551,1
480000,1,1,3,-1,-1,-1,-1,-1,-1,634,144,213,2133,3086,0,144,213,2133,3086,0,930,479366,479856,479787,477867,476914,480000,-296,0
110000,2,1,3,-1,-1,2,-1,-1,-1,112987,110899,111642,109584,50281,49373,7000,4000,2975,22000,1726,6000,-2987,-899,-1642,416,59719,60627,501065,1
150000,1,1,3,-1,-1,-1,2,-1,-1,20604,21614,24535,23778,24255,24630,1359,3280,0,1000,750,681,129396,128386,125465,126222,125745,125370,132346,0
170000,1,2,3,-1,-1,-1,-1,-1,-1,166708,85607,88228,91719,97759,99905,4000,4000,5000,7500,4000,5000,3292,84393,81772,78281,72241,70095,600426,0
50000,2,2,3,-1,-1,-1,-1,-1,-1,49699,49685,28637,38137,27128,29992,2300,1487,21704,3000,15000,18300,301,315,21363,11863,22872,20008,161487,0
400000,4,2,3,-1,-1,-1,-1,-1,-1,178069,181613,186905,188959,183659,96385,6496,8214,6621,3400,3541,6000,221931,218387,213095,211041,216341,303615,981318,0
430000,3,2,3,1,-1,-1,-1,-1,-1,-18,6390,8833,9906,14239,9562,6408,8840,9954,14285,9584,26023,430018,423610,421167,420094,415761,420438,-26182,0
300000,1,1,3,-1,-1,-2,-2,-2,-2,4950,-337,-337,-337,-337,-337,0,0,0,0,0,2000,295050,300337,300337,300337,300337,300337,1265,0
40000,1,1,2,-1,-1,2,2,2,3,21107,23837,23173,24476,26775,26069,3400,0,2000,3000,0,0,18893,16163,16827,15524,13225,13931,137037,0
180000,2,1,3,-1,-1,-1,-1,-1,-1,130950,119109,119166,121661,122244,119536,6000,6000,6000,5000,4200,3862,49050,60891,60834,58339,57756,60464,701604,0
300000,3,2,2,-1,-1,-1,-1,-1,-1,80928,82690,84462,86263,87238,89176,4000,4000,4100,3300,3500,3500,219072,217310,215538,213737,212762,210824,488357,0
20000,2,3,3,-1,-1,-1,-1,-1,-1,16336,17354,18376,18253,18458,19197,1294,2316,1256,1000,1000,800,3664,2646,1624,1747,1542,803,100308,1
230000,3,2,2,-1,-1,-1,-1,-1,-1,326,326,326,326,677,351,326,326,326,677,0,514,229674,229674,229674,229674,229323,229649,163,0
180000,1,1,3,-1,-1,-1,-1,-1,-1,178517,130975,135592,107315,56274,57608,5000,7000,5200,2000,2060,2000,1483,49025,44408,72685,123726,122392,643021,0
50000,2,2,2,1,2,2,2,2,2,19649,20526,19909,22096,22438,21941,1500,0,2531,1000,0,2000,30351,29474,30091,27904,27562,28059,119528,1
160000,1,1,2,-1,-1,-1,-1,-1,-1,16750,9715,5140,5379,3183,5120,1100,1500,1500,1000,2000,4000,143250,150285,154860,154621,156817,154880,34187,0
100000,2,2,3,-1,-1,-1,-1,-1,-1,6768,13054,10489,16146,25053,27671,10015,3018,10002,10007,5018,3438,93232,86946,89511,83854,74947,72329,57683,0
140000,2,1,2,-1,-1,-1,-1,-1,-1,135227,134215,102002,101046,98880,96884,5304,5033,4000,5017,5041,4003,4773,5785,37998,38954,41120,43116,639856,0
70000,3,1,2,-1,-1,-1,2,-1,-1,67730,67021,67328,60962,61146,56066,3000,6006,0,1900,2000,2000,2270,2979,2672,9038,8854,13934,365347,0
400000,1,2,2,-1,-1,-1,-1,-1,-1,55773,55917,51389,48272,49478,51242,3028,3023,3000,3000,3000,38662,344227,344083,348611,351728,350522,348758,258358,0
330000,1,1,2,-1,-1,-1,-1,-1,-1,3888,14704,2533,10664,1560,34847,14782,2544,10715,1566,34865,7273,326112,315296,327467,319336,328440,295153,-3549,0
130000,2,1,2,-1,-1,-1,-1,-1,-1,103566,105797,102729,104761,87660,92123,3969,3823,3836,3345,9116,0,26434,24203,27271,25239,42340,37877,572547,1
410000,1,1,3,-2,-2,-2,-2,-2,-2,8756,1237,11912,4922,766,640,1237,11912,4922,766,640,6171,401244,408763,398088,405078,409234,409360,2585,0
350000,2,2,2,-1,-1,-1,-1,-1,-1,15061,23719,36582,40452,15203,20596,10000,16000,6000,314,10000,7000,334939,326281,313418,309548,334797,329404,102299,0
360000,1,2,2,-1,-1,-1,-1,-1,-1,41327,47751,48521,79788,63835,44164,20059,13043,40528,10157,12068,8060,318673,312249,311479,280212,296165,315836,221471,0
90000,2,1,3,-2,-2,-2,-2,-2,-2,188,188,188,1708,1783,3933,188,188,1708,1783,3933,10754,89812,89812,89812,88292,88217,86067,-10566,0
100000,2,1,3,-1,-1,-1,-1,-1,-1,390,3505,5695,3480,2949,477,3505,2695,3480,2949,477,1753,99610,96495,94305,96520,97051,99523,1637,0
200000,2,2,2,-1,-1,-1,-1,-2,-2,193097,199873,205150,0,0,0,10000,10000,0,0,0,0,6903,127,-5150,200000,200000,200000,578120,0
20000,2,1,2,-1,-1,-1,-1,-1,2,5705,6715,7736,8745,9394,9101,1266,1287,1296,945,0,481,14295,13285,12264,11255,10606,10899,42121,1
230000,2,1,2,-1,-1,-1,-1,-1,-1,170413,166858,170323,172136,175550,179291,5976,6158,6247,6276,6562,7769,59587,63142,59677,57864,54450,50709,995583,0
20000,2,1,2,-1,-1,-1,-1,-1,-1,18764,19750,19848,20570,19980,19990,1610,1488,1600,400,400,400,1236,250,152,-570,20,10,113004,0
130000,2,2,2,3,2,2,3,3,2,300,300,300,300,300,150,0,0,0,0,0,1000,129700,129700,129700,129700,129700,129850,650,1
150000,3,2,2,-1,-1,-1,-1,-1,-1,150201,125858,105266,51456,35288,29818,5039,4030,1500,706,1000,0,-201,24142,44734,98544,114712,120182,485612,0
160000,1,2,2,-2,-2,-1,-1,-1,-1,2930,459,2613,22315,26911,35239,466,4171,22137,20000,12198,0,157070,159541,157387,137685,133089,124761,31495,0
20000,2,2,2,3,2,3,3,5,4,15556,16987,18406,20795,20175,21265,2000,2000,3000,0,2000,0,4444,3013,1594,-795,-175,-1265,104184,0
130000,1,2,3,-1,-1,-1,-1,-1,-1,102771,104003,102744,31384,30057,29206,4843,2608,2005,1180,1100,1234,27229,25997,27256,98616,99943,100794,387195,0
490000,1,1,3,2,-1,-1,-2,-1,-1,3956,3081,0,0,2236,3052,3081,0,0,2236,3052,3159,486044,486919,490000,490000,487764,486948,797,1
360000,1,1,3,-1,-1,-1,-1,-1,-1,2369,1367,8570,5625,3684,2804,1367,8570,5625,0,2804,2473,357631,358633,351430,354375,356316,357196,3580,0
150000,2,1,3,-1,-1,-1,-1,-1,-1,172935,46462,42407,28265,25402,21514,35749,3016,1201,601,2002,1020,-22935,103538,107593,121735,124598,128486,293396,0
70000,1,1,3,1,2,2,2,-1,-1,14960,11080,12695,11482,8896,10074,0,3116,0,1000,2000,0,55040,58920,57305,58518,61104,59926,63071,1
360000,2,3,2,-2,-2,-2,-2,-2,-2,10591,-326,56337,10959,7056,0,326,56663,11013,7091,0,0,349409,360326,303663,349041,352944,360000,9524,0
500000,1,1,2,1,-1,-1,-1,-1,-1,271115,15074,16205,21770,60827,18524,15873,16205,21976,50000,7000,21769,228885,484926,483795,478230,439173,481476,270692,0
250000,2,2,2,-1,-1,-1,-1,-1,-1,2395,29636,23850,8220,0,8420,29658,23938,8220,0,8420,0,247605,220364,226150,241780,250000,241580,2285,0
50000,2,2,2,-1,-1,-1,-1,-1,-1,46005,46234,17266,18253,18618,37495,1266,1298,1285,650,825,1582,3995,3766,32734,31747,31382,12505,176965,0
250000,2,1,3,-1,-1,-1,-1,-1,-1,142001,135291,138084,100574,40066,38765,5084,6399,5000,2000,1615,2000,107999,114709,111916,149426,209934,211235,572683,0
20000,1,2,3,2,2,2,-1,-1,2,15563,16995,16433,17443,19254,18804,2000,0,1289,2100,0,2000,4437,3005,3567,2557,746,1196,97103,0
360000,3,2,2,-2,-2,-2,-2,-2,-2,0,0,0,0,0,0,0,0,0,0,0,0,360000,360000,360000,360000,360000,360000,0,0
80000,2,2,3,-1,-1,-1,-1,-1,-1,80920,80956,73875,75949,44167,45362,3500,4000,3900,2000,2000,1500,-920,-956,6125,4051,35833,34638,384329,0
140000,1,2,3,-1,-1,-1,-1,2,-1,72763,75064,76892,79522,79623,80895,3905,4025,4924,2381,2926,3108,67237,64936,63108,60478,60377,59105,443490,0
140000,2,2,2,-1,-1,-1,-1,-1,-1,123474,125565,120847,121040,107310,105958,4409,4505,4100,3800,4000,3900,16526,14435,19153,18960,32690,34042,679480,1
50000,2,2,2,2,2,2,2,-1,-1,72034,75711,75322,71640,71114,67519,7300,3200,0,3000,5400,5000,-22034,-25711,-25322,-21640,-21114,-17519,409440,1
160000,2,2,2,-1,-1,-1,-1,-1,-1,144953,112501,115108,104295,61950,0,6000,5950,5128,3500,0,0,15047,47499,44892,55705,98050,160000,518229,0
50000,2,2,3,-1,-1,-1,-1,-1,-1,41638,28145,24569,26244,11540,13348,2000,2000,2500,1000,2000,1014,8362,21855,25431,23756,38460,36652,134970,0
200000,2,1,3,2,2,2,2,2,2,1075,11201,1383,976,1126,563,11000,980,0,563,0,413,198925,188799,198617,199024,198874,199437,3368,0
80000,1,2,2,1,2,2,2,2,2,67046,68439,69258,70526,71774,70503,3100,2500,3000,3000,0,2800,12954,11561,10742,9474,8226,9497,403146,1
140000,2,2,2,-2,-2,-2,-2,-2,-2,0,935,1490,0,3938,0,935,1490,0,3938,1160,0,140000,139065,138510,140000,136062,140000,-1160,0
90000,2,2,2,-1,-1,2,-1,-1,-1,77846,50281,14033,12628,20172,73512,5700,0,2000,20172,73512,3000,12154,39719,75967,77372,69828,16488,144088,0
40000,2,1,3,-1,-1,2,2,3,2,34664,37611,36726,40985,40085,39354,3524,0,4898,0,0,1800,5336,2389,3274,-985,-85,646,219203,0
10000,2,1,2,1,2,2,-1,-1,-1,4437,5355,6113,8012,8873,9229,1150,1000,2000,1000,500,500,5563,4645,3887,1988,1127,771,35869,0
500000,2,1,2,-1,-1,-1,-1,-1,-1,26597,16573,19080,13860,15904,134584,3357,3010,2000,2044,131438,4504,473403,483427,480920,486140,484096,365416,80245,0
410000,1,1,3,-1,-1,-1,-1,-1,-1,396975,409780,383225,396283,274224,321787,30000,20000,20000,50000,30000,43312,13025,220,26775,13717,135776,88213,1988962,0
20000,2,2,3,-1,-1,-1,-1,-1,-1,19111,18936,18588,19260,1500,0,1286,1328,1000,1500,0,0,889,1064,1412,740,18500,20000,72281,0
200000,1,1,2,1,-2,-1,-1,-1,-1,0,0,250,4188,1399,1196,0,250,4188,0,0,0,200000,200000,199750,195812,198601,198804,2595,0
50000,1,2,2,-1,-1,-1,-1,-1,-1,49571,48765,49453,49827,48930,48748,1773,2110,2324,2000,1920,2000,429,1235,547,173,1070,1252,283167,0
150000,1,1,3,-1,-1,-1,-1,-1,-1,4825,3003,6164,3370,7279,4445,3018,6201,3386,7299,1166,5,145175,146997,143836,146630,142721,145555,8011,0
180000,1,1,3,-1,-1,2,2,-2,-2,1092,1733,1405,-434,-434,-434,1733,0,0,0,0,0,178908,178267,178595,180434,180434,180434,1195,1
80000,3,2,2,1,-1,-1,-1,-2,-2,0,3495,500,0,0,0,3495,765,0,0,0,0,80000,76505,79500,80000,80000,80000,-265,0
300000,2,2,2,-1,-1,-1,-1,-1,-1,50281,51441,54107,55111,56688,58272,2000,3500,3000,2500,2500,2500,249719,248559,245893,244889,243312,241728,309900,0
150000,1,2,2,2,2,2,-2,-2,-2,167094,86193,-25443,-46627,-46627,-46627,5068,9,0,0,0,0,-17094,63807,175443,196627,196627,196627,82886,1
220000,3,1,3,1,-2,-2,-2,-2,-2,0,0,0,0,0,0,0,0,0,0,0,0,220000,220000,220000,220000,220000,220000,0,0
120000,2,2,2,-1,-1,-1,-1,-1,-1,90972,93452,95943,99340,101783,104929,4000,4000,5000,5000,5000,3400,29028,26548,24057,20660,18217,15071,560019,0
360000,1,2,3,-1,-1,-1,-1,-1,-1,59,4465,300,966,1730,0,4465,300,966,1730,0,969,359941,355535,359700,359034,358270,360000,-910,0
550000,4,1,2,-1,-1,-1,-1,-1,-1,452600,364447,318029,91903,91010,70045,16025,14407,3512,3506,2512,125020,97400,185553,231971,458097,458990,479955,1223052,1
260000,1,2,2,3,2,-1,-1,-1,-1,235799,124838,116164,106976,96938,98502,13,4276,3716,3600,3604,105642,24201,135162,143836,153024,163062,161498,658366,0
80000,3,1,3,-1,-1,2,-1,-1,-1,8133,10978,10511,11529,12332,13128,3000,0,1200,1000,1000,1000,71867,69022,69489,68471,67668,66872,59411,1
160000,1,1,3,1,-2,-2,-2,-2,-2,0,0,0,0,0,0,0,0,0,0,0,0,160000,160000,160000,160000,160000,160000,0,0
190000,2,1,3,-1,-1,-1,-1,-1,-1,6450,189102,189018,175871,157218,151618,189717,7779,6092,5018,6168,1218,183550,898,982,14129,32782,38382,653285,0
250000,1,1,3,-1,-1,-1,2,-1,-1,3893,54673,8402,2765,6037,3561,54946,8433,13,6049,17,4980,246107,195327,241598,247235,243963,246439,4893,0
30000,3,2,2,-1,-1,-1,-1,-1,-1,22629,11332,12471,7985,13619,17997,5002,5003,7983,10000,10103,10106,7371,18668,17529,22015,16381,12003,37836,0
100000,2,2,2,2,2,2,2,2,2,24927,27689,26960,29504,30020,29995,3185,0,3000,1300,600,2000,75073,72311,73040,70496,69980,70005,159010,1
350000,1,1,2,-1,-1,-1,2,-1,2,15193,19734,5338,3042,2418,2233,5197,3000,0,2500,0,5000,334807,330266,344662,346958,347582,347767,32261,0
120000,3,1,3,-1,-1,-1,-1,-1,-1,24591,16160,225,3550,3550,3550,3000,225,3550,0,0,0,95409,103840,119775,116450,116450,116450,44851,0
350000,1,1,3,-2,-2,-2,-2,-2,-1,2878,0,850,7980,22703,2093,0,850,3990,45406,2093,2090,347122,350000,349150,342020,327297,347907,-17925,0
340000,2,1,3,-1,-1,-1,-1,-1,-1,9983,43418,388126,358617,333690,302528,43418,388126,12500,11000,11000,11180,330017,296582,-48126,-18617,6310,37472,959138,0
360000,1,2,2,-1,-1,-1,-1,-2,-2,2758,1448,3740,0,0,0,1448,3740,0,0,0,3942,357242,358552,356260,360000,360000,360000,-1184,0
410000,2,1,3,-1,-1,-1,-1,-1,-1,40390,9760,9712,11756,4128,12424,9760,9712,11771,4128,12424,8702,369610,400240,400288,398244,405872,397576,31673,0
170000,2,1,3,-1,-1,-1,-1,-1,-1,162880,164824,132485,120267,117453,115778,8000,6107,6000,4500,4500,4500,7120,5176,37515,49733,52547,54222,780080,0
110000,2,2,2,-1,-1,-1,-1,-1,-1,95925,98331,100751,102496,80116,69391,4000,4000,3500,2500,2290,2060,14075,11669,9249,7504,29884,40609,528660,0
30000,3,2,4,-1,-1,-1,-1,-1,2,24070,25358,26447,26946,28957,29408,2000,1800,1300,2400,1000,1000,5930,4642,3553,3054,1043,592,151686,0
200000,2,1,4,-1,-1,-1,-1,-2,-2,41190,40921,17702,-2540,-6491,-7741,2138,5101,19,6,11,1,158810,159079,182298,202540,206491,207741,75765,0
250000,3,1,4,-1,-1,-1,-1,-1,2,254893,258013,263493,268861,274444,290235,9316,9637,9765,10021,20300,10023,-4893,-8013,-13493,-18861,-24444,-40235,1540877,0
240000,1,1,4,-1,-1,-1,-2,-1,-1,35117,17330,58422,54755,43605,26293,11051,116904,54762,43705,26293,13011,204883,222670,181578,185245,196395,213707,-30204,0
210000,1,1,4,1,-2,-2,-2,-2,-1,0,0,0,0,0,484,0,0,0,0,484,0,210000,210000,210000,210000,210000,209516,0,0
30000,3,1,4,-1,-1,-1,-1,-1,-1,28541,28889,30050,29797,18464,12235,1502,2002,1025,1230,1042,0,1459,1111,-50,203,11536,17765,141175,0
30000,3,1,4,-1,-1,-1,-1,-1,-2,13386,13218,14453,15525,0,0,1218,1453,1525,0,0,0,16614,16782,15547,14475,30000,30000,52386,0
40000,3,1,4,1,-2,-2,-2,-2,-2,0,0,0,0,0,0,0,0,0,0,0,0,40000,40000,40000,40000,40000,40000,0,1
50000,3,3,4,-1,-1,-1,-1,-1,-1,23498,22625,20197,19528,19520,17420,1336,1348,1257,639,622,638,26502,27375,29803,30472,30480,32580,116948,0
50000,2,1,4,-1,-1,-1,-1,-1,-1,47053,11165,12186,13280,14055,14428,1200,1206,1300,1000,600,530,2947,38835,37814,36720,35945,35572,106331,1
20000,2,1,4,-1,-1,2,2,2,2,14123,16758,17494,16916,18135,17703,3200,1300,0,1500,0,1200,5877,3242,2506,3084,1865,2297,93929,0
20000,3,1,4,2,2,2,2,-2,-2,8145,10474,10000,0,0,0,2474,0,0,0,0,0,11855,9526,10000,20000,20000,20000,26145,1
240000,2,1,4,-1,-1,-1,-1,-1,-1,98588,100545,102651,104749,106832,109062,3592,3719,3798,3821,3949,3976,141412,139455,137349,135251,133168,130938,599572,1
110000,3,2,4,-1,-1,-1,2,-1,-1,56327,57106,58489,57800,57312,57188,2700,3300,2044,2100,2000,2266,53673,52894,51511,52200,52688,52812,329812,0
90000,2,2,4,-1,-1,-1,-1,-1,-1,86826,87186,87526,88924,88735,87521,4000,3505,3962,2909,3107,3127,3174,2814,2474,1076,1265,2479,506108,0
110000,1,1,4,-1,-1,-1,-1,-1,-1,82390,84024,84485,81057,43113,40805,4000,4015,4012,3000,2164,2000,27610,25976,25515,28943,66887,69195,396683,0
500000,1,1,4,-1,-1,-1,-1,-1,-1,350340,359289,366475,248288,253283,258707,12884,13000,7029,7100,7500,7399,149660,140711,133525,251712,246717,241293,1781470,0
20000,2,1,4,-1,-1,-1,-1,-1,-1,18398,19014,17836,19410,18512,14483,2000,1500,2900,1500,1000,0,1602,986,2164,590,1488,5517,98753,0
70000,3,1,4,2,2,2,2,2,2,41087,42109,43135,43924,44700,45634,2000,2000,1800,1800,1800,1700,28913,27891,26865,26076,25300,24366,249489,1
50000,3,2,4,1,-2,-2,-2,-2,-2,0,0,0,0,0,0,0,0,0,0,0,0,50000,50000,50000,50000,50000,50000,0,1
120000,3,1,4,-1,-1,2,2,2,2,88702,101498,104480,105280,106149,108381,14357,5500,4000,4100,4100,4200,31298,18502,15520,14720,13851,11619,578233,1
50000,2,1,5,-1,-1,-1,-1,-1,-1,46344,41162,25245,25955,26470,27025,1389,1722,1432,947,981,985,3656,8838,24755,24045,23530,22975,184745,0
20000,2,1,4,-1,-1,-1,-1,-1,2,5519,6620,7556,8570,10020,9715,1200,1200,1300,1600,0,600,14481,13380,12444,11430,9980,10285,42100,0
30000,2,2,4,-1,-1,-1,-1,-1,-1,29628,29253,28342,28282,30118,24584,1460,1560,2000,3077,804,761,372,747,1658,1718,-118,5416,160545,0
290000,3,1,5,-1,-1,-1,-1,-1,-1,281967,288456,296084,218399,200461,204637,10492,12447,8973,6761,6983,5980,8033,1544,-6084,71601,89539,85363,1438368,0
80000,2,1,5,-1,-1,-1,-1,-1,-1,81647,65470,73855,41003,29690,27596,5500,10000,7003,4700,3600,3500,-1647,14530,6145,38997,50310,52404,284958,1
110000,2,1,4,-1,-1,-1,-1,-1,-1,110406,109550,109921,67212,49120,49772,4600,3348,2444,3869,1808,1751,-406,450,79,42788,60880,60228,478161,0
190000,3,2,4,-1,-1,-1,-1,-1,-1,142032,40883,42835,31982,36329,26964,5883,2835,5982,33329,1964,11849,47968,149117,147165,158018,153671,163036,259183,0
50000,1,2,3,-1,-1,-1,-1,-1,-1,56672,53540,53321,49263,29063,26644,2500,1066,50045,992,1000,1000,-6672,-3540,-3321,737,20937,23356,211900,0
50000,3,1,4,-1,-1,-1,-1,2,2,38302,39299,40703,44350,43517,46821,1634,2038,4685,0,3982,0,11698,10701,9297,5650,6483,3179,240653,0
20000,3,1,4,2,-1,-1,-1,-1,-1,16290,17301,19012,19959,19962,19988,1289,2000,1300,658,680,1000,3710,2699,988,41,38,12,105585,0
110000,3,1,4,-1,-1,-1,-1,-1,-1,390,390,390,390,390,390,390,390,390,390,390,390,109610,109610,109610,109610,109610,109610,0,0
350000,2,1,4,-1,-1,-1,-1,-1,-1,83134,84087,86492,91898,189555,192627,3969,4131,7261,103801,6007,6008,266866,265913,263508,258102,160445,157373,596616,0
60000,3,1,4,-1,-1,-1,-1,-1,-1,57470,58713,60251,57251,27896,28499,2200,2500,31000,981,1035,1059,2530,1287,-251,2749,32104,31501,251305,1
20000,3,2,4,2,2,2,2,-1,-1,7451,5119,5546,6302,7193,8075,2000,1500,1000,1000,1000,1000,12549,14881,14454,13698,12807,11925,32186,0
430000,1,1,4,-1,-1,-1,-1,-1,-1,4704,9714,13247,27555,17389,2919,9723,13298,27570,0,2919,96117,425296,420286,416753,402445,412611,427081,-74099,0
260000,2,1,4,-2,-2,-2,-2,-2,-2,0,0,0,0,0,0,0,0,0,0,0,0,260000,260000,260000,260000,260000,260000,0,1
140000,2,1,4,1,2,-1,-1,2,-1,31511,30705,31809,34374,33522,34481,0,1600,3100,0,1500,1500,108489,109295,108191,105626,106478,105519,188702,1
360000,1,1,4,-1,-1,-2,-1,-1,-2,1858,0,0,3000,0,0,0,0,3000,0,0,1033,358142,360000,360000,357000,360000,360000,825,0
280000,2,1,4,-2,-2,-2,-2,-2,-2,5622,4554,4373,7774,3355,16441,4573,4396,8055,3417,16557,41,274378,275446,275627,272226,276645,263559,5080,0
10000,2,1,4,-1,-1,-1,-1,-1,-1,3664,4526,6880,8830,5550,6195,1300,3000,2509,0,6195,0,6336,5474,3120,1170,4450,3805,22641,0
280000,2,1,3,-1,-1,-1,-1,-1,-1,94916,96838,98878,100899,102900,105057,3500,3600,3666,3683,3815,3900,185084,183162,181122,179101,177100,174943,577324,0
50000,1,1,5,-1,-1,2,-1,-1,-1,264,528,264,264,264,264,528,0,264,264,264,264,49736,49472,49736,49736,49736,49736,264,0
50000,2,2,4,-1,-1,-1,-1,-1,-1,37624,44915,46665,390,430,390,8000,26390,390,430,350,3581,12376,5085,3335,49610,49570,49610,91273,0
280000,2,1,4,-1,-1,-1,-1,-1,-1,278127,42518,31900,21342,11500,2000,1700,1500,1400,2000,2000,2900,1873,237482,248100,258658,268500,278000,375887,1
20000,2,1,4,-1,-1,-1,-1,-1,-1,18865,36059,18757,15521,13086,7688,1500,2580,1279,654,7688,0,1135,-16059,1243,4479,6914,12312,96275,0
80000,2,1,4,2,-1,2,-1,-1,-1,1041,780,390,992,602,-178,1000,0,992,0,0,0,78959,79220,79610,79008,79398,80178,1635,1
50000,2,1,4,-1,-1,-1,-1,-1,-1,46094,47157,48669,42360,19840,19840,1831,2343,1611,200,0,0,3906,2843,1331,7640,30160,30160,217975,0
360000,1,1,4,-1,-1,-1,-1,-1,-1,346225,353200,337593,341528,350949,355869,14562,13806,12303,15005,13729,7700,13775,6800,22407,18472,9051,4131,2008259,1
260000,1,1,4,-2,-2,-2,-2,-2,-2,390,7516,553,1080,1780,0,7516,553,1080,1780,0,0,259610,252484,259447,258920,258220,260000,390,0
20000,3,1,5,1,2,-1,-1,-1,-1,17495,16917,17922,18201,18566,19284,0,1287,2000,648,1000,1000,2505,3083,2078,1799,1434,716,102450,0
110000,2,1,4,-1,-1,-1,-1,-1,-1,45012,45964,46922,48140,49339,50542,2000,2000,2000,2000,2000,3000,64988,64036,63078,61860,60661,59458,272919,0
20000,2,2,4,-1,-1,-1,-1,-1,-1,19626,20002,19916,18970,19790,18990,1311,3005,2000,2000,5000,0,374,-2,84,1030,210,1010,103978,1
20000,4,2,4,-1,-1,-1,2,-1,-1,69257,70055,18997,10404,11170,380,2400,1833,1100,2300,0,400,-49257,-50055,1003,9596,8830,19620,172230,1
70000,1,1,5,-1,-1,-1,-1,-1,-1,69956,70688,68912,70652,50686,47093,2500,3300,3700,2100,2000,2300,44,-688,1088,-652,19314,22907,362087,0
30000,3,1,4,1,2,2,-1,-1,-1,3997,2522,0,1919,2658,2497,0,0,1919,2000,1100,201,26003,27478,30000,28081,27342,27503,8373,1
230000,3,1,5,2,2,-2,-2,-2,-2,2500,0,0,0,0,0,0,0,0,0,0,0,227500,230000,230000,230000,230000,230000,2500,1
160000,3,1,4,-1,-1,-2,-2,-1,-1,759,-660,-660,-660,340,596,209,0,0,1000,596,1436,159241,160660,160660,160660,159660,159404,-3526,1
30000,3,1,4,-1,-1,-1,-1,-1,-1,390,390,390,390,390,390,390,390,390,390,390,2109,29610,29610,29610,29610,29610,29610,-1719,0
50000,3,3,4,-2,-2,-2,-2,-2,-2,0,0,0,0,0,0,0,0,0,0,0,0,50000,50000,50000,50000,50000,50000,0,1
210000,3,1,3,-1,-1,-2,-2,-2,-2,1772,-55,-55,-55,-55,-55,0,0,0,0,0,0,208228,210055,210055,210055,210055,210055,1497,0
50000,3,2,5,-1,-1,-1,-1,-1,-1,46362,47393,48631,49143,27709,27549,1800,2000,1500,1000,1200,1100,3638,2607,1369,857,22291,22451,238187,0
150000,1,1,4,3,3,3,3,2,2,97719,99733,97297,98496,99683,101430,4500,0,3700,3700,3500,3000,52281,50267,52703,51504,50317,48570,575958,1
660000,1,2,4,-1,-1,-1,-1,-1,-2,284334,288120,325889,342408,19903,20843,6486,38507,20000,2000,1000,345,375666,371880,334111,317592,640097,639157,1213159,0
100000,2,1,3,1,2,-1,-1,-1,-1,99823,96932,96924,96122,97432,95062,0,3579,3472,3287,3590,10179,177,3068,3076,3878,2568,4938,558188,0
700000,2,1,4,-1,-1,-1,-1,-1,-1,280809,273492,224238,174189,121717,124040,10000,8500,7093,4500,4100,4100,419191,426508,475762,525811,578283,575960,1160192,0
300000,1,1,4,2,2,2,2,2,2,245193,250672,256178,260434,264114,269733,11000,11000,10000,9500,10000,1300,54807,49328,43822,39566,35886,30267,1493524,1
320000,1,1,4,-2,-2,-2,-2,-2,-2,18831,1809,1294,2310,50720,51736,1809,2588,2310,50720,51736,0,301169,318191,318706,317690,269280,268264,17537,0
250000,1,1,4,1,-2,-1,-1,-1,-1,0,0,191,2160,0,900,0,191,2160,0,900,2000,250000,250000,249809,247840,250000,249100,-2000,0
150000,1,2,4,-1,-1,-1,-1,-1,2,829,18311,3023,2914,3529,2989,18400,3500,3025,3600,0,1600,149171,131689,146977,147086,146471,147011,1470,0
200000,1,2,4,1,-1,-1,-1,-1,-1,-6676,5953,2870,390,1210,2551,16374,2392,500,1210,2551,0,206676,194047,197130,199610,198790,197449,-16729,1
50000,3,2,4,-1,-1,-1,-1,-2,-2,50717,36507,14890,0,0,0,1357,1000,0,0,0,0,-717,13493,35110,50000,50000,50000,99757,1
320000,1,1,4,-1,-1,-1,-1,-1,-1,293481,249201,232645,212184,204791,125974,10104,7216,10050,6313,4075,4033,26519,70799,87355,107816,115209,194026,1276485,0
20000,3,1,4,-1,-1,-1,-1,-1,-1,14962,17580,19748,19290,21000,0,2890,2458,1000,210,0,0,5038,2420,252,710,-1000,20000,86022,0
170000,2,1,5,-1,-1,-1,-1,-1,-1,1922,1788,1,2739,1158,685,1788,9,3897,0,685,0,168078,168212,169999,167261,168842,169315,1914,0
50000,2,1,4,1,2,2,2,-1,-1,50757,78196,43733,85652,29775,30243,0,5607,16,1167,1051,1165,-757,-28196,6267,-35652,20225,19757,309350,1
130000,2,1,4,-1,2,-1,-1,-1,-1,6954,4110,1030,357,357,370,12,1034,727,0,13,1330,123046,125890,128970,129643,129643,129630,10062,0
150000,1,1,4,-2,-2,-2,-2,-2,-2,5066,2616,3766,3289,8356,10916,2616,4097,3371,8923,13919,8227,144934,147384,146234,146711,141644,139084,-7144,0
500000,1,1,4,-2,-2,-2,-2,-2,-2,13331,13307,15734,-101,27145,1479,13941,16392,470,27916,1994,12670,486669,486693,484266,500101,472855,498521,-2488,0
410000,2,1,4,-1,-1,-1,2,-1,-1,1413,1701,6566,5206,986,986,1710,7064,430,990,990,990,408587,408299,403434,404794,409014,409014,4684,0
50000,2,1,4,-1,-1,-1,-1,-1,-1,70820,50813,51131,49099,19739,19905,1998,2374,1130,523,537,633,-20820,-813,-1131,901,30261,30095,254312,0
200000,4,1,5,-1,-1,-1,-1,-1,-1,143994,102211,54762,55858,56338,57360,4767,2573,2604,1997,2228,2094,56006,97789,145238,144142,143662,142640,454260,0
230000,3,1,4,-1,-1,-1,-1,-1,-1,208273,214423,214585,170063,176893,183699,10012,10000,10000,10000,10000,10000,21727,15577,15415,59937,53107,46301,1107924,0
20000,3,2,4,-1,-1,-1,-1,-1,-1,19165,16851,14431,9150,10100,0,3000,3000,5000,6000,0,0,835,3149,5569,10850,9900,20000,52697,1
300000,3,1,4,-2,-2,-2,-2,-2,-2,-3,-3,-3,580,992,1205,0,0,583,992,1205,96,300003,300003,300003,299420,299008,298795,-108,0
20000,3,3,4,-1,-1,2,-1,-1,-1,19071,20442,20141,19888,20318,20364,2000,1200,1300,1000,1000,1000,929,-442,-141,112,-318,-364,112724,0
380000,1,1,4,-1,-1,-1,-1,-1,-1,59881,61070,62350,63623,64846,66204,2185,2263,2310,2282,2363,2380,320119,318930,317650,316377,315154,313796,364191,0
150000,2,1,4,2,2,2,2,2,2,14496,15546,16303,15744,16582,17166,1600,1300,0,1100,1000,1000,135504,134454,133697,134256,133418,132834,89837,1
20000,2,1,4,1,2,2,-1,-1,-1,5397,6153,5914,13385,5490,0,1000,99,13401,5490,0,0,14603,13847,14086,6615,14510,20000,16349,0
130000,3,2,4,-1,-1,-1,-1,-1,-1,33928,35356,36782,31309,32480,33953,2000,2000,2000,2000,2000,3000,96072,94644,93218,98691,97520,96047,190808,0
350000,1,1,4,-1,-1,-1,-1,-1,-1,262719,269742,263086,269832,271763,276224,11500,18000,11000,11500,14000,12000,87281,80258,86914,80168,78237,73776,1535366,0
440000,1,1,5,-1,-1,-1,-1,-1,-1,427038,431540,413605,355274,361170,338732,20000,18000,18003,15000,13000,17000,12962,8460,26395,84726,78830,101268,2226356,0
170000,2,1,4,-1,-1,-1,-2,-2,-1,186,116,0,0,0,275,116,0,0,0,275,0,169814,169884,170000,170000,170000,169725,186,0
70000,1,1,5,1,-1,-1,2,2,2,275,400,2,2,2,2,10400,10002,0,0,0,0,69725,69600,69998,69998,69998,69998,-19719,0
270000,1,1,4,-2,-2,-2,-1,-1,-2,9211,8913,3255,9052,13615,14743,9012,3286,9097,13683,14774,14512,260789,261087,266745,260948,256385,255257,-5575,0
500000,2,1,4,-1,-1,-1,-1,-1,-1,197792,201418,205895,212010,214287,218266,7200,8000,10010,7500,7266,6218,302208,298582,294105,287990,285713,281734,1203474,0
200000,3,1,5,-1,-1,-1,2,2,2,135775,136946,142735,149574,151108,142190,4916,8011,10800,5411,0,4959,64225,63054,57265,50426,48892,57810,824231,0
290000,3,1,4,-1,-1,-1,-1,-1,-1,21372,25278,29127,32901,36634,40460,5000,5000,5000,5000,5000,5000,268628,264722,260873,257099,253366,249540,155772,0
50000,1,2,4,-1,-1,-1,-1,-1,-1,48092,35513,35230,32888,19624,20112,2500,2500,3000,2000,2000,2500,1908,14487,14770,17112,30376,29888,176959,0
20000,3,1,4,1,2,2,-2,-2,-1,1472,211,-1050,-1440,-1830,780,0,0,0,0,3000,0,18528,19789,21050,21440,21830,19220,-4857,1
80000,3,1,4,-1,-1,-1,-1,-1,-1,49897,50892,52472,53674,7886,16432,1822,2401,2581,1238,1816,3746,30103,29108,27528,26326,72114,63568,217649,0
70000,2,2,4,-1,-1,-1,-1,-1,-1,31081,23839,24717,19754,22032,25070,1474,1352,3722,2500,3292,663,38919,46161,45283,50246,47968,44930,133490,0
50000,3,1,4,-1,-1,-1,-1,-1,-1,48684,49466,50544,25381,9652,9464,1974,2442,1669,330,1342,330,1316,534,-544,24619,40348,40536,185104,0
160000,2,1,4,-1,-1,-1,-1,-1,-1,155389,152162,154715,155026,79051,81089,6911,6500,4270,2518,2994,0,4611,7838,5285,4974,80949,78911,754239,0
70000,1,3,4,-1,-1,-1,-1,-1,-1,70051,69398,70352,69936,68118,65942,3567,2667,2321,2391,2316,2466,-51,602,-352,64,1882,4058,398069,0
230000,1,2,4,1,-2,-2,-2,-1,-1,0,0,0,0,1715,0,0,0,0,1715,0,0,230000,230000,230000,230000,228285,230000,0,0
180000,2,1,6,-1,-1,-1,-1,-1,-1,12216,13724,15495,16232,16958,17685,1724,2000,1300,1000,1000,792,167784,166276,164505,163768,163042,162315,84494,0
20000,2,2,4,5,4,3,2,2,-2,19977,19375,18405,17680,18000,19000,0,0,0,1500,1000,1000,23,625,1595,2320,2000,1000,108937,0
350000,1,1,6,-1,-1,-1,-1,-1,-1,106813,100895,70244,64839,57583,45554,4000,3371,2089,3008,1300,1500,243187,249105,279756,285161,292417,304446,430660,0
70000,2,1,4,-1,-1,-1,-1,-1,-1,20706,21410,22437,23448,23914,24415,1351,1378,1389,855,885,1132,49294,48590,47563,46552,46086,45585,129340,0
20000,2,2,4,-1,-1,-1,-1,-1,-1,37720,12266,8999,8810,10167,11710,1200,1200,1600,1500,1700,1000,-17720,7734,11001,11190,9833,8290,81472,0
180000,2,2,4,-1,-1,-1,-1,-1,-1,89560,90940,92868,94243,94888,95819,3460,4000,3501,2690,3000,2603,90440,89060,87132,85757,85112,84181,539064,0
320000,3,1,4,-1,-1,-1,-1,-1,-1,274210,262737,199761,187759,68920,62702,9441,7821,7361,2227,2046,1892,45790,57263,120239,132241,251080,257298,1025301,0
50000,2,1,4,2,-1,-1,2,-1,-1,17946,18946,21904,21243,20225,19850,1306,3264,0,846,856,804,32054,31054,28096,28757,29775,30150,113038,0
50000,2,1,4,-1,-1,-1,-1,-1,-1,48895,49455,49245,48657,20050,17376,1775,2070,1232,625,585,560,1105,545,755,1343,29950,32624,226831,0
180000,2,1,4,-1,-1,-1,-1,-1,-1,6854,560,10600,0,9510,9510,560,10600,0,9510,0,4600,173146,179440,169400,180000,170490,170490,11764,1
130000,2,1,4,-1,2,2,-1,-1,2,780,780,390,390,1080,540,390,0,390,1080,0,390,129220,129220,129610,129610,128920,129460,1710,0
20000,3,2,4,-1,-1,-2,-1,-1,-1,170,-220,-610,18990,390,930,0,0,19990,390,930,0,19830,20220,20610,1010,19610,19070,-1660,0
500000,2,1,4,-1,-1,-1,-1,-1,-1,108075,106532,102315,90435,91924,81378,5014,4500,4000,4052,3007,4013,391925,393468,397685,409565,408076,418622,556073,0
50000,2,1,4,-1,-1,-1,2,2,-2,382,-286,954,1154,-572,-962,0,1908,764,0,0,0,49618,50286,49046,48846,50572,50962,-2002,0
760000,3,1,4,-1,-1,-1,-1,-1,-1,447670,455970,462497,469931,474421,480598,20011,19500,19019,18003,20000,22000,312330,304030,297503,290069,285579,279402,2672554,0
20000,2,1,4,3,2,2,2,-1,-1,13139,12636,15212,14675,14835,15047,0,3100,0,700,600,2000,6861,7364,4788,5325,5165,4953,79144,1
200000,1,1,4,-1,-1,-1,-1,-1,-1,22413,890,1649,2121,0,51110,890,1649,2121,0,51110,1053,177587,199110,198351,197879,200000,148890,21360,0
500000,2,1,4,-2,-2,-2,-2,-2,-2,-3182,-3885,1474,555,1096,1349,0,5359,555,1096,1349,2358,503182,503885,498526,499445,498904,498651,-13310,0
70000,1,1,4,-1,-1,-1,-1,-1,-1,1261,1261,390,780,390,0,1261,390,780,0,0,780,68739,68739,69610,69220,69610,70000,871,0
50000,2,1,4,2,2,2,2,2,2,48556,49240,48647,36411,32087,22909,1804,2045,1314,1268,0,2436,1444,760,1353,13589,17913,27091,228983,1
680000,2,2,5,-1,-1,-1,-1,-1,-1,568532,577681,577015,565669,524315,476846,22000,23000,21300,20000,17500,17000,111468,102319,102985,114331,155685,203154,3169258,0
290000,2,1,4,-1,-1,-1,-1,-1,-1,4975,3688,3164,2277,1497,1887,1027,1000,1000,1497,1887,2277,285025,286312,286836,287723,288503,288113,8800,0
450000,1,1,4,-1,-1,-1,-1,-1,-1,17530,3873,3119,8970,1323,11990,3885,3128,9008,1323,12008,214,432470,446127,446881,441030,448677,438010,17239,0
370000,1,1,5,-1,-1,-1,-1,-1,-1,8207,11054,15840,20542,25255,30034,3000,5000,5000,5000,5000,5000,361793,358946,354160,349458,344745,339966,82932,0
80000,1,1,4,-1,-1,-1,-1,-1,2,9527,42908,42108,30610,32396,31743,42908,2400,1900,2600,0,2700,70473,37092,37892,49390,47604,48257,136784,0
40000,1,1,4,-1,-1,-1,-1,-1,2,87313,88918,92387,94078,101340,20650,2729,3692,2846,7540,0,0,-47313,-48918,-52387,-54078,-61340,19350,467879,0
60000,1,1,4,1,2,-1,-1,-1,-1,60500,58926,58625,58822,56661,40700,0,2500,2500,3000,4500,3000,-500,1074,1375,1178,3339,19300,318734,0
300000,1,1,4,-1,-1,-1,-2,-1,-1,13620,5779,-1921,-1921,1912,1921,5823,0,0,3833,9,0,286380,294221,301921,301921,298088,298079,9725,0
430000,1,1,5,-1,-1,-1,-1,-1,-1,3658,1962,6591,854,44275,32731,1962,6591,1026,50000,0,3000,426342,428038,423409,429146,385725,397269,27492,0
190000,3,1,5,2,2,2,2,-1,-1,186797,191210,195681,190545,191478,187875,9000,9000,0,7033,7348,10000,3203,-1210,-5681,-545,-1478,2125,1101205,0
200000,2,1,5,-1,-1,-1,-1,-1,-1,1269,3784,5755,2255,8014,3635,3789,5860,2282,8042,3640,4850,198731,196216,194245,197745,191986,196365,-3751,0
150000,1,1,4,1,2,2,2,2,2,23959,23276,25294,26780,27143,27563,0,2400,2201,1100,1000,0,126041,126724,124706,123220,122857,122437,147314,1
200000,1,1,4,-2,-2,-2,-2,-2,-2,0,0,0,0,0,0,0,0,0,0,0,0,200000,200000,200000,200000,200000,200000,0,1
50000,1,1,4,-1,-1,-1,-1,-1,-1,55262,53057,50447,34608,22658,18503,2000,1703,1406,721,645,658,-5262,-3057,-447,15392,27342,31497,227402,0
300000,1,1,4,-2,-2,-2,-1,-1,-1,14202,0,0,11940,17693,2402,0,0,11940,17693,2402,0,285798,300000,300000,288060,282307,297598,14202,0
480000,2,1,4,1,-1,-1,-1,-1,-1,-11,11349,13461,9327,1368,1538,11360,13469,9327,1368,1538,15605,480011,468651,466539,470673,478632,478462,-15635,0
290000,3,1,4,-1,-1,-1,-1,-1,-1,271508,261713,267792,273208,277225,284010,11000,11800,11500,10000,11000,9000,18492,28287,22208,16792,12775,5990,1571156,0
360000,1,1,4,1,-1,-1,-1,-1,-1,-281,2520,7508,434,2139,993,3011,7545,502,2205,5,1799,360281,357480,352492,359566,357861,359007,-1754,1
110000,2,1,4,-1,-1,-1,-1,-1,-1,93983,88777,82501,54458,45943,44724,3371,2636,1883,1584,1604,2008,16017,21223,27499,55542,64057,65276,397300,0
220000,1,4,1,-1,-1,2,-1,-1,-1,375,750,375,375,750,375,750,0,375,750,0,420,219625,219250,219625,219625,219250,219625,705,0
120000,2,6,4,2,2,2,2,2,2,82172,80266,85919,86910,87893,86370,0,7898,3300,3300,0,3149,37828,39734,34081,33090,32107,33630,491883,1
50000,3,4,1,-1,-1,-1,-2,-2,-1,6450,10744,0,0,0,239,4500,0,0,0,239,3363,43550,39256,50000,50000,50000,49761,9331,1
70000,2,2,2,-1,-1,2,-1,-1,-1,67374,70890,66782,67266,66431,67046,6044,0,2975,2505,2590,2610,2626,-890,3218,2734,3569,2954,389065,0
30000,2,4,2,-1,-1,-1,-1,-2,-2,29728,30479,13052,0,0,0,1779,3345,0,0,0,0,272,-479,16948,30000,30000,30000,68135,0
60000,2,2,2,-1,-1,-1,-1,-1,-1,13070,14542,15998,16706,17188,17394,2000,2000,1278,760,631,786,46930,45458,44002,43294,42812,42606,87443,0
110000,2,4,1,-1,-1,-1,-1,-1,-1,35208,36619,38026,40332,41772,43052,2000,2000,3000,2000,2000,2000,74792,73381,71974,69668,68228,66948,222009,1
30000,3,2,2,-1,-1,-1,-1,-1,-1,1483,1378,2381,2967,1746,780,1378,2781,3067,35,780,3308,28517,28622,27619,27033,28254,29220,-614,0
60000,3,2,2,-1,-1,-1,-1,-1,-1,53748,41668,29306,27800,27552,29545,1778,2000,1748,1500,2600,1000,6252,18332,30694,32200,32448,30455,198993,0
60000,1,4,1,-1,-1,-1,-1,-1,-1,959,0,849,1120,327,531,0,849,1120,327,531,188,59041,60000,59151,58880,59673,59469,771,0
30000,2,4,1,1,2,2,2,2,-1,16704,18121,19030,19424,18818,23307,2000,1500,1000,0,5000,2000,13296,11879,10970,10576,11182,6693,103904,0
60000,3,2,3,-1,-1,-1,-1,-1,-1,60335,52211,48293,49311,50290,51346,6751,6803,1821,1800,1866,1896,-335,7789,11707,10689,9710,8654,290849,0
180000,4,4,1,-1,-1,-1,-1,-1,-1,42086,96998,133743,135900,159631,160881,90402,100028,20000,26000,7000,6654,137914,83002,46257,44100,20369,19119,479155,0
240000,2,2,2,-1,-1,-1,-1,-1,-1,65883,66386,67444,68461,69423,70843,3000,3038,3057,3000,3000,3500,174117,173614,172556,171539,170577,169157,389845,0
220000,1,4,2,-1,-1,-1,-1,-1,-1,8939,316,541,4188,3473,7653,316,541,4188,3473,7653,2280,211061,219684,219459,215812,216527,212347,6659,0
100000,3,2,2,-1,-1,-1,-1,-1,-2,390,390,0,780,0,0,390,0,780,0,0,0,99610,99610,100000,99220,100000,100000,390,0
180000,1,4,1,-1,-1,-1,-1,2,-1,4676,5764,6837,9367,8758,8800,1500,1500,2989,0,500,500,175324,174236,173163,170633,171242,171200,37213,0
140000,2,2,1,-1,-1,-1,-1,-1,-1,128720,129996,132004,127275,48724,48875,6450,7000,5000,2000,2000,2000,11280,10004,7996,12725,91276,91125,591144,0
60000,2,2,1,1,2,2,2,2,2,25547,24838,27725,26981,28921,29506,0,3300,0,2400,1200,1300,34453,35162,32275,33019,31079,30494,155318,1
90000,3,2,4,-1,-1,-1,-1,-1,-1,59524,57898,57739,55499,48246,47850,2670,2690,3041,3790,2000,2000,30476,32102,32261,34501,41754,42150,310565,0
50000,2,4,1,2,-1,-1,-1,2,2,16557,17975,20366,22710,23541,23027,2000,3000,3000,1500,0,1000,33443,32025,29634,27290,26459,26973,113676,1
290000,1,4,1,-1,-1,-1,-1,-1,-1,125679,113486,116427,103550,64527,64030,4315,6000,4000,3000,2500,3000,164321,176514,173573,186450,225473,225970,564884,0
400000,1,4,3,-2,-2,-2,-2,-2,-2,6573,8155,11724,10570,15120,11453,8195,11755,10617,15189,11495,18506,393427,391845,388276,389430,384880,388547,-12162,0
60000,2,4,2,-1,-1,-1,-1,-1,-1,42174,40510,20513,22123,17094,18668,3090,10709,22154,1000,2000,700,17826,19490,39487,37877,42906,41332,121429,0
60000,2,4,1,-1,-1,-1,-1,-1,-1,10450,3388,11722,10937,21528,20835,1011,11000,1220,21528,780,17,49550,56612,48278,49063,38472,39165,43304,0
180000,2,4,1,-2,-2,-2,-2,-2,-2,0,0,4690,0,150,193,0,4690,0,150,193,3403,180000,180000,175310,180000,179850,179807,-3403,1
130000,2,4,1,-1,-1,-1,-1,-1,-1,128499,131370,123434,122806,125287,127992,5100,4500,4400,4500,4700,6400,1501,-1370,6566,7194,4713,2008,729788,0
110000,1,4,1,2,-1,-1,-1,-1,2,85123,40882,35428,39680,44097,42543,2000,2000,5000,5000,0,2000,24877,69118,74572,70320,65903,67457,271753,1
160000,2,4,2,-1,-1,-1,2,-1,-1,24306,25590,29169,28406,28836,30208,2000,4000,0,1200,2000,1300,135694,134410,130831,131594,131164,129792,156015,0
500000,1,4,1,1,-1,-1,-1,-1,-1,-46,9412,1260,0,1121,6566,9458,1260,0,1121,6000,3000,500046,490588,498740,500000,498879,493434,-2526,0
160000,1,4,1,-1,-1,-1,-1,-1,-1,5323,1714,2003,2580,0,380,1726,2235,2605,0,380,1488,154677,158286,157997,157420,160000,159620,3566,0
80000,1,4,1,1,-1,-1,-1,-1,-1,0,416,832,28940,832,0,416,832,28940,832,0,416,80000,79584,79168,51060,79168,80000,-416,0
70000,1,4,1,-1,-1,-1,-1,-1,-1,12018,39270,603,2288,1380,2028,39270,603,2288,1380,2028,390,57982,30730,69397,67712,68620,67972,11628,0
130000,4,4,1,-1,-1,-1,-1,-1,-1,106852,107599,109902,112635,114472,117556,4000,4030,4600,4200,5000,5000,23148,22401,20098,17365,15528,12444,642186,0
20000,3,2,1,-1,-1,-1,-1,-1,-1,5373,7286,8311,11179,10400,3782,2000,1132,3000,1000,3782,3000,14627,12714,11689,8821,9600,16218,32417,0
90000,3,4,1,1,2,-1,-1,-1,-1,94699,92290,90719,39902,39200,38531,0,4183,1600,1280,1310,1432,-4699,-2290,-719,50098,50800,51469,385536,1
30000,1,4,1,-1,-1,-1,-1,-1,-1,4848,6524,6290,4440,4531,1300,3000,1108,1000,91,26,0,25152,23476,23710,25560,25469,28700,22708,0
360000,2,4,1,-1,-1,-1,-1,-1,-1,354626,356006,351383,335323,332865,333404,14000,14000,12000,12000,12000,12000,5374,3994,8617,24677,27135,26596,1987607,1
150000,2,4,2,-1,-1,-1,-1,-1,-1,106911,105889,96548,87085,52323,51260,4000,4500,5000,2000,1700,2300,43089,44111,53452,62915,97677,98740,480516,0
360000,2,2,1,-1,-1,-1,-1,-1,-1,358897,357100,362900,293597,249345,228470,14245,14061,11028,8813,7900,8100,1103,2900,-2900,66403,110655,131530,1786162,1
160000,1,4,1,-1,-1,-1,-1,-1,-1,3462,4673,12741,10023,11023,8922,4000,12841,1000,1000,178,4000,156538,155327,147259,149977,148977,151078,27825,0
120000,3,2,4,-1,-1,-1,2,2,2,26496,28586,33828,34236,34734,35292,2800,6000,1200,1300,1200,0,93504,91414,86172,85764,85266,84708,180672,0
160000,2,2,1,-1,-1,-1,-1,-1,-1,83005,84023,81765,84265,84437,81265,3900,3300,3906,3000,3100,3120,76995,75977,78235,75735,75563,78735,478434,0
190000,1,4,1,-1,-1,-1,-1,-1,-1,14671,15141,17574,18943,20405,42921,2000,3000,2000,2000,25921,1400,175329,174859,172426,171057,169595,147079,93334,0
110000,1,4,1,-1,-1,-1,-1,-1,-1,65024,61848,57944,53857,35036,31973,2500,2900,2000,2000,2000,2000,44976,48152,52056,56143,74964,78027,292282,0
290000,2,4,1,-1,-1,-1,-1,-1,-1,291861,254619,226755,155527,125986,107792,9596,7700,4402,3300,3100,4000,-1861,35381,63245,134473,164014,182208,1130442,0
20000,1,4,1,1,-1,-1,-1,-2,-1,0,1516,500,0,0,1500,1516,500,0,0,1500,0,20000,18484,19500,20000,20000,18500,0,0
200000,1,4,1,1,-1,3,2,2,-2,0,344,344,344,0,0,344,0,0,0,0,250,200000,199656,199656,199656,200000,200000,438,0
440000,1,4,2,-1,-1,-1,-1,-1,-1,777,612,87426,171244,150897,117870,612,87426,130007,3018,15000,51663,439223,439388,352574,268756,289103,322130,241100,0
70000,1,4,1,2,2,2,2,2,2,43616,44597,45784,46528,47458,48347,2000,2200,1800,2000,1800,2000,26384,25403,24216,23472,22542,21653,264530,1
160000,2,4,1,-1,-1,-1,-1,-1,-1,39604,24023,21323,18933,12763,0,1378,1533,1000,255,0,0,120396,135977,138677,141067,147237,160000,112480,0
120000,2,4,2,-1,-1,-1,-1,-1,-1,140,3230,3011,1964,1883,1538,3230,3011,1964,1883,1538,1911,119860,116770,116989,118036,118117,118462,-1771,0
20000,3,2,1,2,-1,-1,-1,-1,-1,16358,17063,18406,18992,16564,16944,1282,1625,1209,1000,570,411,3642,2937,1594,1008,3436,3056,98230,0
310000,1,4,1,-2,-2,-2,-2,-2,-2,1000,304,1852,2587,8441,14761,152,1868,2587,8441,14761,3418,309000,309696,308148,307413,301559,295239,-2282,0
80000,3,2,1,-1,-1,-1,-1,-1,-1,15008,17434,19145,21807,24442,27038,3000,2000,3000,3000,3000,1000,64992,62566,60855,58193,55558,52962,109874,0
180000,2,4,1,1,2,-1,-1,-1,2,77494,75658,76942,80419,90715,37376,0,3100,5000,11000,1000,1000,102506,104342,103058,99581,89285,142624,417504,0
250000,1,4,1,-1,-1,-1,-1,-1,-1,176925,179079,186166,189786,195130,198147,7000,10000,10000,10000,7300,8000,73075,70921,63834,60214,54870,51853,1072933,1
180000,2,4,1,-1,-1,-1,-1,-1,-1,8031,9269,9029,11186,23320,6666,2009,2626,3000,23320,1000,1000,171969,170731,170971,168814,156680,173334,34546,1
130000,2,4,1,2,-1,-1,-1,-1,-1,120844,123333,126347,129249,132093,129155,4500,5000,5000,5000,4700,5000,9156,6667,3653,751,-2093,845,731821,1
330000,3,2,1,-1,-1,-1,-1,-1,-1,7098,4863,906,46353,2175,30824,4885,906,46789,10,30824,6269,322902,325137,329094,283647,327825,299176,2536,0
310000,2,4,1,-1,-1,-1,-1,-1,-1,135195,78756,44127,44782,2108,1983,3500,2500,2150,1000,2000,119943,174805,231244,265873,265218,307892,308017,175858,0
70000,1,4,1,-1,-1,-1,-1,-1,-1,27990,24526,25532,25971,14859,14930,1394,1790,1229,519,687,557,42010,45474,44468,44029,55141,55070,127632,0
30000,2,4,1,2,2,2,2,2,-1,18872,21734,21103,22939,22273,22814,3500,0,2500,0,900,1000,11128,8266,8897,7061,7727,7186,121835,1
290000,2,2,1,2,-1,-1,-1,-1,-1,112676,113924,116828,119857,122243,124885,4500,4630,4857,4251,4485,4493,177324,176076,173172,170143,167757,165115,683197,1
260000,1,4,1,2,-1,-1,-1,-1,-1,19006,19113,16376,2590,390,390,6005,1525,2590,390,390,390,240994,240887,243624,257410,259610,259610,46575,1
250000,1,4,1,-1,-1,-1,-1,-1,-1,187336,184608,188570,188585,205272,208778,10000,10065,10000,20000,10000,20000,62664,65392,61430,61415,44728,41222,1083084,0
120000,2,4,1,1,-2,-2,-2,-2,-2,0,0,0,0,0,0,0,0,0,0,0,0,120000,120000,120000,120000,120000,120000,0,1
230000,1,4,1,-1,-1,-1,-1,-1,-1,166511,159766,142435,136502,122572,110839,6722,6500,6020,4056,4000,4500,63489,70234,87565,93498,107428,119161,806827,0
390000,1,4,1,-1,-1,-1,-1,-1,-1,375023,376767,359292,348513,272077,225079,13313,13705,15454,144206,9000,10000,14977,13233,30708,41487,117923,164921,1751073,0
30000,2,2,1,-2,-2,-2,-2,-2,-2,435,0,0,295,-5,-5,0,0,295,5,0,0,29565,30000,30000,29705,30005,30005,420,0
50000,2,4,1,1,2,2,2,2,-2,49119,44419,42521,38517,19221,19774,0,3213,1331,1000,1000,1100,881,5581,7479,11483,30779,30226,205927,1
180000,1,4,1,-1,-1,-1,-1,-1,-1,49550,43015,50238,49461,43877,32411,3006,10017,2018,1022,2322,23023,130450,136985,129762,130539,136123,147589,227144,0
500000,2,4,2,-1,-1,-1,-1,-1,-1,367463,287148,262173,90450,9685,-39046,10584,30232,3018,1335,30000,10000,132537,212852,237827,409550,490315,539046,892704,0
50000,1,4,1,-1,-1,-2,-1,-1,-1,2463,0,0,536,326,652,0,0,536,326,652,0,47537,50000,50000,49464,49674,49348,2463,0
80000,2,2,1,-1,-1,-1,-1,-1,-1,8432,928,3602,5495,10059,5700,928,3602,5495,10109,5700,3502,71568,79072,76398,74505,69941,74300,4880,0
460000,2,2,1,-1,-1,-1,-1,-1,-1,25537,23314,16098,3316,3316,3316,1335,10000,3316,3316,3316,3316,434463,436686,443902,456684,456684,456684,50298,0
150000,3,2,1,-1,-1,-1,-1,-1,-2,3558,4725,2980,3234,0,0,2000,1000,2234,0,0,0,146442,145275,147020,146766,150000,150000,9263,0
50000,2,2,1,-1,-1,-1,-1,-1,-1,48292,47171,37779,28424,29133,27509,2300,1900,1500,1194,1000,1000,1708,2829,12221,21576,20867,22491,209414,0
20000,1,4,1,-1,-1,-1,-1,-1,-1,5888,4088,6597,9333,4133,8456,4813,6597,5000,4431,8500,8032,14112,15912,13403,10667,15867,11544,1122,0
350000,1,4,2,-1,-1,-1,-1,-1,-1,14118,4278,8621,970,1345,2267,3922,8621,970,1000,1917,454,335882,345722,341379,349030,348655,347733,14715,0
20000,2,2,1,-1,4,4,3,4,3,19915,19902,19299,20686,20073,19470,600,0,2000,0,0,0,85,98,701,-686,-73,530,116745,1
400000,1,4,1,-1,-1,-1,-1,-1,-1,3807,3168,372,20031,916,30979,3168,372,20231,916,30979,1984,396193,396832,399628,379969,399084,369021,1623,0
490000,2,4,2,-1,-1,-1,-1,-1,-1,48108,45281,46705,41125,20205,6483,3000,5015,5007,20205,3000,1181,441892,444719,443295,448875,469795,483517,170499,0
280000,1,4,2,-1,-1,-1,-1,-1,-1,596,645,2550,349,1148,785,645,2550,349,1148,785,175,279404,279355,277450,279651,278852,279215,421,0
50000,2,4,1,-1,-1,-1,-1,-1,-1,48570,48599,49124,48930,50316,62794,1773,2246,2000,3000,1725,6120,1430,1401,876,1070,-316,-12794,291469,0
20000,2,2,1,2,2,-1,-1,-1,-1,19891,15895,17140,18457,21381,18914,0,1500,1600,1646,678,1000,109,4105,2860,1543,-1381,1086,105254,1
90000,1,4,1,-1,-1,2,-1,-1,-1,46588,49496,48425,50611,52764,55898,4000,0,3000,3000,4000,2043,43412,40504,41575,39389,37236,34102,287739,0
150000,1,4,1,-1,-1,-1,-1,-1,-1,1639,592,3784,2340,5920,5400,592,3791,2340,5920,5400,0,148361,149408,146216,147660,144080,144600,1632,0
70000,1,4,1,-1,-1,-1,-1,-1,-1,37325,38402,39476,40818,41833,45165,2000,2000,2000,2000,4000,0,32675,31598,30524,29182,28167,24835,231019,0
230000,1,4,2,-1,-1,-1,-1,-1,-1,1432,1094,665,582,472,746,1094,665,582,472,746,633,228568,228906,229335,229418,229528,229254,799,0
200000,2,4,1,-1,-1,-1,-1,-1,-1,3334,4772,7675,10519,6980,8702,1500,3000,3000,1000,2000,2000,196666,195228,192325,189481,193020,191298,29482,0
500000,2,4,1,-1,-1,-1,-1,-1,-1,182416,150298,88448,58009,47336,7112,5000,3850,3248,13736,14256,220371,317584,349702,411552,441991,452664,492888,273158,0
160000,2,4,1,-2,-2,-1,2,-1,-1,968,708,1841,441,3438,3046,710,1913,0,3456,3054,1224,159032,159292,158159,159559,156562,156954,85,0
250000,2,2,1,-1,-1,-1,-1,-1,-1,390,0,49140,32699,32949,34150,0,49140,1596,5000,2000,1800,249610,250000,200860,217301,217051,215850,89792,1
60000,2,4,1,-1,-1,-1,-1,-1,-1,57697,48934,44653,44056,42210,41796,2200,5000,2000,1500,2000,1600,2303,11066,15347,15944,17790,18204,265046,1
180000,2,4,1,-1,-1,-2,-2,-1,-1,3887,0,0,0,2454,4710,0,0,0,2454,3000,0,176113,180000,180000,180000,177546,175290,5597,0
500000,1,2,2,-1,-1,-1,-1,-1,-1,30376,32715,60927,76088,110294,108964,15000,30007,30000,50000,5000,5000,469624,467285,439073,423912,389706,391036,284357,0
50000,2,2,1,1,3,2,2,-1,-1,52207,51067,51278,49425,30113,29644,0,2536,13,1199,1058,1073,-2207,-1067,-1278,575,19887,20356,257855,0
140000,2,2,2,-2,-2,-2,-2,-2,-2,0,0,0,0,0,1122,0,0,0,0,1122,0,140000,140000,140000,140000,140000,138878,0,0
460000,1,4,1,-1,-1,-1,-1,-1,-1,21333,16560,12570,19403,10063,8628,4560,2500,9456,10063,0,0,438667,443440,447430,440597,449937,451372,61978,0
160000,2,4,2,-1,-1,2,2,2,-1,30633,37119,36263,43481,43515,49619,7000,0,7847,1026,7000,7968,129367,122881,123737,116519,116485,110381,209789,1
50000,1,4,1,1,-2,-2,-2,-2,-1,0,0,0,0,0,429,0,0,0,0,429,250,50000,50000,50000,50000,50000,49571,-250,0
110000,1,4,1,-1,-1,-1,-1,-1,-1,103705,94786,94708,83765,73122,74366,3500,3500,3000,3700,12488,100,6295,15214,15292,26235,36878,35634,498164,0
100000,2,4,1,-1,-1,-1,-1,-1,-1,65744,67050,68456,69849,71240,72736,2398,2485,2532,2549,2643,3000,34256,32950,31544,30151,28760,27264,399468,0
80000,1,4,1,-1,-1,-1,-1,-1,2,19833,21192,22842,24147,29133,28532,2000,2000,2000,5394,0,5000,60167,58808,57158,55853,50867,51468,129285,0
230000,1,4,1,-2,-2,-2,-2,-2,-2,2978,6666,1951,67101,5136,10316,7000,1951,67101,5142,10316,5720,227022,223334,228049,162899,224864,219684,-3082,0
280000,2,2,2,-1,-1,-1,-1,-1,-1,8868,14766,16272,10496,6876,34574,10006,10018,7011,6000,37000,10000,271132,265234,263728,269504,273124,245426,11817,0
20000,2,4,1,3,4,3,2,-1,-1,22353,21720,21098,20334,19943,19956,0,0,0,458,463,235,-2353,-1720,-1098,-334,57,44,124248,1
30000,2,4,1,2,-1,-1,-1,-1,-1,30324,30123,30299,27758,22720,19136,1900,1600,2000,2000,614,924,-324,-123,-299,2242,7280,10864,151322,1
30000,2,2,1,6,5,4,4,3,2,40439,37936,36489,33971,31632,28677,0,1011,0,0,0,2405,-10439,-7936,-6489,-3971,-1632,1323,205728,1
30000,1,4,1,-1,-1,-1,-1,-1,-1,10210,13754,-191,24149,25452,25104,6000,250,25000,2000,1000,1100,19790,16246,30191,5851,4548,4896,63128,0
30000,2,4,1,2,-1,-1,-1,-1,-1,729,479,859,755,755,220,483,859,755,0,0,0,29271,29521,29141,29245,29245,29780,1700,1
110000,2,4,1,-1,-1,-1,-1,-1,-1,90929,92303,92114,70057,28492,107453,3550,3200,2500,1600,80000,4000,19071,17697,17886,39943,81508,2547,386498,0
30000,2,4,1,2,2,-1,-1,-1,-1,28518,27774,28987,24960,14358,16123,0,2027,2000,1000,2000,2000,1482,2226,1013,5040,15642,13877,131693,0
220000,2,4,1,-1,-1,-1,-1,-1,-1,215036,216083,217461,212995,182534,169250,7800,8200,7039,6528,6100,6200,4964,3917,2539,7005,37466,50750,1171492,0
20000,2,4,1,1,-2,-1,-1,-1,-1,0,0,1568,1398,920,0,0,1568,1000,302,0,192,20000,20000,18432,18602,19080,20000,824,0
60000,2,4,1,2,2,2,2,2,2,55892,56685,55208,59175,60218,55447,2300,0,5000,2511,6,3000,4108,3315,4792,825,-218,4553,329808,0
90000,3,2,3,-1,-1,-1,2,-1,-1,1102,-14,21816,316,632,316,0,22146,0,632,0,7816,88898,90014,68184,89684,89368,89684,-6426,0
100000,1,4,2,-1,-1,2,-1,-1,-1,92909,96454,98010,99633,88708,93474,6000,4000,4507,2983,6000,4800,7091,3546,1990,367,11292,6526,540898,0
70000,2,2,2,-1,-1,-1,-1,-1,-1,52901,43981,33439,24926,10681,7431,2011,1683,3160,3000,3000,5060,17099,26019,36561,45074,59319,62569,155445,0
210000,2,4,1,-1,-1,-1,-1,-1,-1,40236,29230,24717,26563,22812,13620,2200,1854,2700,0,0,0,169764,180770,185283,183437,187188,196380,150424,0
50000,2,4,1,-1,-1,-1,-1,-1,-1,51417,48260,43889,35324,24146,22914,2054,1981,1344,810,828,824,-1417,1740,6111,14676,25854,27086,218109,0
50000,1,4,1,1,2,-1,-1,-1,-1,4112,3900,7737,3406,1470,1500,0,4019,2500,0,30,0,45888,46100,42263,46594,48530,48500,15576,0
20000,2,4,1,-1,3,2,2,-1,-1,18021,17439,17466,17846,18310,18923,0,600,1000,1000,1000,700,1979,2561,2534,2154,1690,1077,103705,1
130000,3,4,1,2,-1,-1,-1,-1,-1,1330,5719,15578,19887,11659,11735,5719,10000,5000,2000,2000,2000,128670,124281,114422,110113,118341,118265,39189,1
360000,1,2,3,1,-2,-2,-2,-2,-2,0,0,0,0,0,0,0,0,0,0,0,0,360000,360000,360000,360000,360000,360000,0,0
200000,1,4,1,-1,-1,-1,-1,-1,-1,134780,138349,141821,145144,148268,151604,6000,6000,6000,6000,6000,6200,65220,61651,58179,54856,51732,48396,823766,0
130000,1,2,2,-1,-1,-1,-1,-1,-1,23693,27228,30795,38637,39259,72981,4257,4338,8399,1260,34721,5202,106307,102772,99205,91363,90741,57019,174416,0
100000,2,2,1,-1,-1,-1,-1,-1,-1,6584,7560,4470,1490,542,679,2500,1193,1000,0,400,842,93416,92440,95530,98510,99458,99321,15390,0
80000,2,4,1,-1,-1,-1,-1,-1,-1,77408,78363,72602,72525,56951,21952,2677,3341,1850,1499,933,32000,2592,1637,7398,7475,23049,58048,337501,0
60000,2,4,1,3,2,2,2,2,2,61558,59967,59693,39686,30077,30761,10,3616,301,2501,1300,0,-1558,33,307,20314,29923,29239,274014,1
50000,2,4,1,-1,-1,-1,-1,-1,-1,50614,48702,47770,37239,20526,19771,2500,1700,2151,687,2000,669,-614,1298,2230,12761,29474,30229,214915,0
10000,2,4,1,1,2,3,3,2,-1,5699,7434,8164,7889,7614,7990,2000,1000,0,0,500,900,4301,2566,1836,2111,2386,2010,40390,1
30000,3,4,1,2,2,2,-1,-1,2,27588,30354,29150,26731,29273,29887,3540,73,1418,4499,1200,0,2412,-354,850,3269,727,113,162253,1
50000,2,4,1,-1,-1,-1,2,2,-2,26001,16982,19313,18700,0,0,1282,2613,0,0,0,0,23999,33018,30687,31300,50000,50000,77101,0
50000,1,4,1,2,2,-2,-2,-2,-2,4536,0,0,0,0,0,0,0,0,0,0,0,45464,50000,50000,50000,50000,50000,4536,1
30000,2,4,1,-1,2,2,2,2,2,11222,11738,13255,14380,14081,10796,1000,2000,1670,551,0,500,18778,18262,16745,15620,15919,19204,69751,1
50000,2,4,1,-1,-1,-1,-1,2,-1,11970,14445,16391,17804,10868,12151,3000,2500,2050,0,2000,3000,38030,35555,33609,32196,39132,37849,71079,0
70000,2,4,1,-1,-1,-1,-1,-1,-1,68969,67682,68448,69316,29083,28140,3200,3600,3075,1204,1200,1046,1031,2318,1552,684,40917,41860,318313,0
20000,1,4,1,-1,2,2,2,-1,-1,12831,12328,15195,14659,14642,15102,0,3077,0,524,696,300,7169,7672,4805,5341,5358,4898,80160,1
30000,2,4,1,-1,-1,-1,-1,-1,-1,19502,8999,11797,11972,16482,9082,3000,3000,4000,5000,5000,5000,10498,21001,18203,18028,13518,20918,52834,0
30000,2,4,1,-1,-1,-1,-1,-1,-2,24835,23527,20701,8263,0,0,1485,1138,1000,0,0,0,5165,6473,9299,21737,30000,30000,73703,0
80000,2,4,1,-1,-1,-1,-1,-1,-1,17220,14844,12718,8808,7952,7925,1400,1600,1088,245,636,0,62780,65156,67282,71192,72048,72075,64498,0
130000,1,4,1,-1,-1,-1,2,2,-1,3621,4530,6627,3300,0,18300,1130,2227,200,0,18300,0,126379,125470,123373,126700,130000,111700,14521,0
10000,2,4,1,-1,-1,-1,-1,-1,-1,9438,1985,9436,8057,8891,-873,1985,9436,1000,1500,0,11571,562,8015,564,1943,1109,10873,11442,0
70000,3,4,1,-1,-1,-1,-1,-1,-1,14816,8237,-2601,69823,30446,29585,1000,695,73820,1042,1054,1024,55184,61763,72601,177,39554,40415,71671,0
20000,2,4,1,-1,-1,-1,-1,-1,-1,19039,19684,18825,19876,20040,17755,1286,1416,1467,631,730,0,961,316,1175,124,-40,2245,109689,0
20000,2,4,1,1,-1,2,-1,-1,-1,0,6594,4840,780,390,0,6594,0,780,0,0,11000,20000,13406,15160,19220,19610,20000,-5770,0
30000,2,4,1,2,2,2,2,2,2,24874,26163,26449,27915,27170,29071,2000,1000,2201,0,2500,1001,5126,3837,3551,2085,2830,929,152940,0
50000,3,4,1,-2,-2,-2,-2,-2,-2,2498,-2,1697,0,0,5000,0,1699,0,0,5000,0,47502,50002,48303,50000,50000,45000,2494,0
20000,2,4,1,-1,-1,-1,2,-1,-1,396,1301,12056,11151,11219,18120,1301,11151,0,600,8120,1500,19604,18699,7944,8849,8781,1880,31571,0
60000,2,4,1,2,-1,-1,-1,-1,-1,46403,34438,30920,27817,26281,26830,1544,1759,1500,940,972,976,13597,25562,29080,32183,33719,33170,184998,1
50000,2,4,1,-1,-1,-1,-1,-1,-1,900,2757,4893,390,390,1670,3147,4893,390,390,1670,1890,49100,47243,45107,49610,49610,48330,-1380,0
20000,1,4,1,-1,-1,-1,-1,-1,-1,19458,18786,16249,16478,10735,3274,1552,1381,1000,215,65,0,542,1214,3751,3522,9265,16726,80767,0
30000,2,4,1,-1,-1,-1,-1,-1,-1,19759,19973,22058,24598,26564,27521,3000,3500,3000,2500,2000,3000,10241,10027,7942,5402,3436,2479,123473,0
20000,2,4,1,1,2,-1,-1,-1,2,15596,15053,15773,17102,18704,18263,0,1269,1598,2200,0,3700,4404,4947,4227,2898,1296,1737,91724,1
10000,1,4,1,2,-1,-1,-1,-1,2,3413,5188,6937,7946,8714,8432,2000,2000,1132,900,0,500,6587,4812,3063,2054,1286,1568,34098,0
50000,1,4,1,-1,-1,-1,-1,-1,-1,50813,50558,50455,49443,20405,19494,1972,2369,3592,1029,723,874,-813,-558,-455,557,29595,30506,230609,0
70000,1,2,1,-1,-1,-1,-1,2,-1,64525,66548,67344,62083,29914,29406,3093,2594,4512,0,1070,1065,5475,3452,2656,7917,40086,40594,307486,0
20000,3,6,1,-1,-1,-1,-1,-1,-1,14702,16445,17563,18290,18665,19077,2000,1388,1115,490,531,400,5298,3555,2437,1710,1335,923,98818,0
50000,2,4,1,1,-1,-1,-1,-1,-1,14191,5896,6175,10000,1952,406,5896,2006,5074,1300,406,0,35809,44104,43825,40000,48048,49594,23938,0
30000,2,2,1,2,-1,-1,-1,-1,-1,27997,26049,27222,27729,28437,25336,1800,1900,1330,1038,1128,5000,2003,3951,2778,2271,1563,4664,150574,0
50000,2,4,1,-1,-1,-1,-1,-1,-1,49619,50629,50778,48261,28768,29370,1836,1985,1468,1175,1214,1232,381,-629,-778,1739,21232,20630,248515,0
30000,3,4,1,3,2,-1,-1,-1,-1,30051,29274,30498,29713,29819,30342,0,2000,1500,2000,1100,2000,-51,726,-498,287,181,-342,171097,0
80000,2,4,1,1,2,2,2,2,2,68594,66893,72307,70556,74021,75675,0,6507,0,5260,3000,4584,11406,13107,7693,9444,5979,4325,408695,0
50000,3,4,1,-1,-1,-1,-1,-1,-1,32644,34096,34941,34243,28014,28528,2000,1700,1502,1000,1200,1200,17356,15904,15059,15757,21986,21472,183864,0
20000,1,4,1,-1,-1,-1,-1,-1,-1,16582,17721,18762,19729,20134,19590,1422,1333,1300,700,1000,1000,3418,2279,1238,271,-134,410,105763,0
30000,1,4,1,-1,-1,-1,-1,-1,-1,26376,27483,28242,16498,16923,17649,1550,1308,1300,700,1000,2000,3624,2517,1758,13502,13077,12351,125313,0
80000,1,4,1,2,-1,-1,-1,-1,-1,69614,68836,69714,57318,46921,41072,3238,3103,3000,1800,1500,1700,10386,11164,10286,22682,33079,38928,339134,1
140000,1,4,1,-1,-1,-1,-1,-1,-1,30077,2809,7541,10661,2214,6020,2809,7541,10661,2214,6020,0,109923,137191,132459,129339,137786,133980,30077,0
210000,2,4,1,-1,-1,-1,-1,-1,-1,119269,60133,56076,39135,25396,18553,2345,1915,5028,3200,371,25140,90731,149867,153924,170865,184604,191447,280563,0
200000,1,4,1,-1,-1,-1,-1,-1,-1,200849,146340,146660,145623,144166,145141,80000,4600,6000,4700,4800,5000,-849,53660,53340,54377,55834,54859,823679,0
20000,2,4,1,1,2,2,2,-1,-1,14645,14113,18550,17867,18072,17899,0,4675,0,701,563,1000,5355,5887,1450,2133,1928,2101,94207,0
30000,2,2,1,2,2,2,-1,-1,-1,30525,28574,14220,14188,7058,7976,1725,0,1230,1000,1000,0,-525,1426,15780,15812,22942,22024,97586,1
150000,3,4,1,-1,-1,-1,-1,-1,-1,11329,10775,11829,7031,7172,5833,1219,1273,1069,1683,202,299,138671,139225,138171,142969,142828,144167,48224,0
60000,1,4,1,-1,-1,-1,-1,-1,-1,35138,35776,34783,32158,28991,28434,1553,2000,1508,1080,1003,1000,24862,24224,25217,27842,31009,31566,187136,0
20000,2,4,1,-1,-1,-1,-1,-1,-1,10109,11153,11841,4725,9135,18355,3000,2000,1200,5000,10000,8906,9891,8847,8159,15275,10865,1645,35212,0
150000,1,4,1,-1,-1,-1,-1,-1,-1,119788,112824,92456,80532,59866,49472,4728,3610,2377,1714,828,846,30212,37176,57544,69468,90134,100528,500835,0
70000,1,4,1,-1,-1,-1,-1,-2,-1,1288,0,1999,0,0,842,0,1999,0,0,842,0,68712,70000,68001,70000,70000,69158,1288,0
60000,2,2,2,-1,-1,-1,-1,-1,-1,65460,64128,62736,59133,57662,53059,2299,2232,2152,2226,1908,1933,-5460,-4128,-2736,867,2338,6941,349428,1
30000,3,2,1,1,2,-1,-1,-1,2,30380,25839,25963,27030,29079,29865,1,1433,1500,2500,1400,1400,-380,4161,4037,2970,921,135,159922,1
330000,2,4,2,-1,-1,-1,-1,-1,-1,30532,33814,38243,39603,40542,41239,3814,5000,2000,1598,1500,2000,299468,296186,291757,290397,289458,288761,208061,0
20000,3,4,1,3,2,2,4,4,4,1650,1650,1650,1650,1650,1650,0,0,0,0,0,0,18350,18350,18350,18350,18350,18350,9900,1
180000,2,2,2,-1,-1,-1,-1,-1,-1,1175,5317,8388,8529,7739,3803,5317,3200,2700,2000,76,0,178825,174683,171612,171471,172261,176197,21658,0
20000,1,4,1,-1,-1,-1,-1,2,-1,23809,24798,24258,24172,21959,20898,1700,1800,2350,0,1000,2700,-3809,-4798,-4258,-4172,-1959,-898,130344,0
130000,2,4,1,-1,-1,-1,-1,-1,-2,14518,15000,0,1207,0,0,1150,0,1207,0,0,0,115482,115000,130000,128793,130000,130000,28368,0
30000,2,4,1,-1,-1,-1,-1,-1,-1,28709,28649,29619,30224,27326,30297,1462,1589,1351,2500,4000,1500,1291,1351,381,-224,2674,-297,162422,1
30000,2,4,1,-1,-1,2,-1,-1,-1,27762,30392,27688,28134,29591,28883,5000,0,3000,2000,1300,1500,2238,-392,2312,1866,409,1117,159650,0
500000,1,4,2,-2,-2,-2,-2,-2,-2,315,2579,3824,813,0,4443,2579,3824,813,0,4443,330,499685,497421,496176,499187,500000,495557,-15,0
450000,1,2,2,-1,-1,-1,-1,-1,-1,108390,96704,84033,72279,55757,37161,4300,3073,3000,2000,1500,2000,341610,353296,365967,377721,394243,412839,438451,0
50000,2,4,1,-1,-1,-1,-1,-1,-1,44593,33019,13552,0,28105,29684,5000,3000,0,28105,2000,2000,5407,16981,36448,50000,21895,20316,108848,0
60000,2,4,1,-1,-1,-1,-1,-1,-1,58692,61225,54673,2193,8258,0,5000,1098,2193,8258,0,0,1308,-1225,5327,57807,51742,60000,168492,0
130000,2,4,1,1,-2,-1,2,2,-2,0,0,1485,299,0,0,0,1485,0,0,0,0,130000,130000,128515,129701,130000,130000,299,0
280000,2,4,1,-1,-1,-1,-1,-1,-1,139019,141146,129252,103317,101085,104181,4074,4232,4022,3000,4010,100022,140981,138854,150748,176683,178915,175819,598640,0
100000,2,2,1,-1,-1,-1,-1,-1,-1,7086,7644,8197,9203,3815,5493,1500,1500,2000,1000,2493,2443,92914,92356,91803,90797,96185,94507,30502,0
60000,1,4,1,-1,-1,-1,-1,-1,-1,57802,58960,60862,59279,59176,58128,2960,2866,2279,2276,2128,2237,2198,1040,-862,721,824,1872,339461,0
80000,1,4,1,-1,-1,-1,-2,-1,-1,177,1200,0,0,7240,0,1200,0,0,7240,0,0,79823,78800,80000,80000,72760,80000,177,0
130000,1,4,1,1,-1,-1,-1,-1,-1,0,1386,5275,198,3992,8893,1386,4000,198,3992,5000,40000,130000,128614,124725,129802,126008,121107,-34832,0
30000,2,4,1,-1,-1,-1,-1,-1,-1,9696,10406,5068,2023,1163,0,2000,1000,1002,23,0,0,20304,19594,24932,27977,28837,30000,24331,0
50000,2,4,1,1,2,2,2,-1,-1,38633,36378,33533,28591,28390,28739,500,2231,1500,1300,1700,800,11367,13622,16467,21409,21610,21261,186233,0
50000,2,4,1,-1,-1,-2,-2,-2,-2,43634,0,0,0,0,0,0,0,0,0,0,0,6366,50000,50000,50000,50000,50000,43634,1
50000,3,4,1,2,2,-1,-1,-1,2,7285,7022,7887,8898,9565,9267,0,1138,1149,816,0,1710,42715,42978,42113,41102,40435,40733,45111,1
90000,2,4,1,-1,-1,-1,-1,-1,-1,90508,89618,75342,71668,49358,50296,3432,3615,3511,2500,2000,1850,-508,382,14658,18332,40642,39704,409882,1
70000,1,4,1,-2,-2,-1,-1,-1,-1,-22,-11,5173,6345,7083,8961,0,69900,1262,1000,2000,1000,70022,70011,64827,63655,62917,61039,-47633,0
110000,2,4,1,-1,-1,-1,-1,-1,-1,80374,81652,47291,43857,45684,40994,3000,3000,2173,3000,3500,1538,29626,28348,62709,66143,64316,69006,323641,0
80000,2,4,1,-1,-1,-1,-1,-1,-1,81477,81058,80510,81565,81232,81422,3100,2931,3600,2908,3117,3071,-1477,-1058,-510,-1565,-1232,-1422,468537,0
50000,3,4,1,-1,-1,-1,-1,-1,-1,49971,51132,50608,37700,11325,9814,2303,2252,2498,372,500,365,29,-1132,-608,12300,38675,40186,202260,0
130000,2,4,1,-1,-1,-1,-1,-1,-1,13429,2984,9811,5136,19040,2940,1000,10363,5177,19040,2940,1332,116571,127016,120189,124864,110960,127060,13488,0
130000,1,4,1,-1,-1,-1,-2,-2,-1,7353,3700,0,0,0,297,3727,0,0,0,297,0,122647,126300,130000,130000,130000,129703,7326,0
60000,2,4,1,-1,-1,-1,-1,-1,-1,28277,27295,27403,23837,23078,22618,1450,1724,1600,1000,1000,2500,31723,32705,32597,36163,36922,37382,143234,1
140000,3,4,1,-2,-2,-2,-2,-2,-2,0,580,2298,299,3330,0,580,2500,502,3531,0,0,140000,139420,137702,139701,136670,140000,-606,0
110000,2,4,1,1,2,-1,-1,-1,-1,72184,69650,70172,48720,48540,43692,0,3200,2478,2000,1900,2000,37816,40350,39828,61280,61460,66308,341380,0
100000,2,4,1,1,2,-1,-1,-1,2,7127,6867,8095,9296,10241,9936,0,1500,1500,1100,0,3000,92873,93133,91905,90704,89759,90064,44462,1
20000,2,2,1,-1,-1,-1,-1,-1,-1,17599,18920,19000,0,80,540,1920,1000,0,40,1000,844,2401,1080,1000,20000,19920,19460,51335,0
90000,2,4,1,-1,-1,-1,-1,-1,-1,89608,87743,87363,74329,48451,48715,4507,4000,2500,2000,2000,2000,392,2257,2637,15671,41549,41285,419202,0
50000,2,2,1,-1,-1,-1,-1,-1,-1,46437,40703,20215,21116,20036,18952,1912,1370,1271,664,658,638,3563,9297,29785,28884,29964,31048,160946,0
30000,2,4,1,-1,-1,-1,-1,-1,-1,1513,27350,28561,29684,32650,34299,26500,2048,2000,3769,5007,2007,28487,2650,1439,316,-2650,-4299,112726,0
130000,2,2,1,-1,-1,-1,-1,-1,-1,579,1186,0,497,0,186,1186,0,497,0,186,0,129421,128814,130000,129503,130000,129814,579,1
50000,2,4,1,-1,-1,-1,-1,-1,-1,390,2078,390,390,0,780,2078,390,390,0,780,0,49610,47922,49610,49610,50000,49220,390,0
80000,2,2,1,-1,-1,-1,-1,-1,-1,79874,60000,47160,32382,8706,3876,2100,2026,4360,2000,1000,2057,126,20000,32840,47618,71294,76124,218455,0
50000,2,4,1,-1,-1,-1,-1,-1,-1,21699,33109,32856,27438,4786,768,11877,1660,1600,624,768,173,28301,16891,17144,22562,45214,49232,103954,0
130000,1,4,1,-1,-1,-1,-1,-1,-1,78744,74511,81315,75538,77172,79442,3500,10000,4000,3500,3500,3500,51256,55489,48685,54462,52828,50558,438722,0
20000,1,4,1,-1,-1,-1,-1,-1,-1,390,390,390,1052,662,1202,390,390,1052,0,2030,5485,19610,19610,19610,18948,19338,18798,-5261,0
120000,1,4,1,-2,-2,-2,-2,-2,-2,0,0,0,0,1000,0,0,0,0,1000,0,0,120000,120000,120000,120000,119000,120000,0,0
20000,2,4,1,1,2,3,2,-1,-1,9739,12322,3023,2748,12351,13927,3023,0,0,12351,4000,2000,10261,7678,16977,17252,7649,6073,32736,0
80000,2,4,1,-1,-1,-1,-1,-1,-1,13118,11622,12011,3210,1651,2256,1500,1511,1000,1000,2256,924,66882,68378,67989,76790,78349,77744,35677,0
50000,1,4,1,-1,-1,-1,-1,-1,-1,35871,36312,35827,32834,29052,28288,5000,5000,5716,3000,2000,1500,14129,13688,14173,17166,20948,21712,175968,0
100000,1,4,1,-1,-1,-1,-1,-1,-1,76025,68016,63520,64825,65725,67183,3000,3600,3000,2500,2600,3000,23975,31984,36480,35175,34275,32817,387594,0
70000,2,4,1,-1,-1,-1,-1,2,-1,12954,14425,18171,20861,20231,22831,2000,4000,3000,0,3100,3000,57046,55575,51829,49139,49769,47169,94373,0
90000,2,2,1,-1,-1,-1,-1,-1,-1,7766,13788,15459,43380,46632,14177,93788,10000,33000,5300,5000,2913,82234,76212,74541,46620,43368,75823,-8799,0
280000,2,4,1,1,2,-1,-1,-1,-1,6714,4526,3868,389,389,384,22,4277,390,390,385,166196,273286,275474,276132,279611,279611,279616,-155390,0
400000,1,4,1,-1,-1,-1,-1,-1,-1,2871,6260,6651,6542,7093,9134,4016,4020,4066,4009,4021,3507,397129,393740,393349,393458,392907,390866,14912,0
130000,3,4,1,-1,-1,-1,-1,-1,-1,113707,115323,120461,121177,4623,5402,5000,7000,5000,2000,2000,5000,16293,14677,9539,8823,125377,124598,454693,0
30000,4,4,1,-1,-1,-1,-1,-1,-2,24979,26418,26791,14500,0,0,1859,1232,1040,0,0,0,5021,3582,3209,15500,30000,30000,88557,1
50000,3,4,1,2,-1,-1,2,-1,-1,25046,25174,27850,27038,27465,20943,1724,3400,0,1000,900,790,24954,24826,22150,22962,22535,29057,145702,1
80000,2,4,1,1,2,2,2,2,2,21775,21127,23772,23092,24806,24272,0,3000,0,2100,0,1500,58225,58873,56228,56908,55194,55728,132244,1
50000,3,4,1,2,2,2,-1,-1,-1,24729,22719,18408,19330,19561,19815,1651,0,1573,804,675,738,25271,27281,31592,30670,30439,30185,119121,0
10000,1,4,1,1,2,2,-1,-1,-2,8356,7864,6171,1681,0,0,1200,0,1681,0,0,1250,1644,2136,3829,8319,10000,10000,19941,0
90000,2,4,1,-1,-1,-1,-1,-1,2,83590,84960,85744,79963,70021,70853,3200,3110,4677,3200,2500,2500,6410,5040,4256,10037,19979,19147,455944,0
50000,1,4,1,3,2,2,2,-1,-1,8506,10194,10928,10456,11279,12095,2000,1200,0,1000,1000,1000,41494,39806,39072,39544,38721,37905,57258,1
100000,2,4,1,-1,-1,-2,-2,-1,-1,3587,660,6010,2789,2973,3611,660,6010,2789,2973,3611,11880,96413,99340,93990,97211,97027,96389,-8293,0
90000,2,2,1,2,-1,-1,-1,-1,-1,90371,87525,89052,85807,68186,69011,4100,4200,3000,3000,3000,2600,-371,2475,948,4193,21814,20989,470052,1
100000,1,4,1,-1,-1,-1,-1,-1,-1,40083,44385,45117,25845,7141,9141,5000,2000,2030,3000,2000,2000,59917,55615,54883,74155,92859,90859,155682,0
310000,1,4,1,-2,-2,-2,-2,-2,-2,297,0,0,0,0,0,0,0,0,0,0,0,309703,310000,310000,310000,310000,310000,297,0
210000,1,4,1,1,2,-1,-1,-1,-1,7271,4951,1815,3789,4721,5641,6,1600,2000,1000,1000,0,202729,205049,208185,206211,205279,204359,22582,0
340000,2,4,1,-2,-2,-2,-2,-2,-2,-2,-2,466,-3,1292,586,0,468,0,649,1178,0,340002,340002,339534,340003,338708,339414,42,0
30000,2,2,1,2,-1,-1,-1,-1,-1,27458,21203,18394,19560,13035,13836,1267,1342,1508,500,1000,1102,2542,8797,11606,10440,16965,16164,106767,1
70000,2,4,1,2,2,2,2,2,2,67588,68983,70691,71692,67740,68470,3100,3400,2752,0,5156,0,2412,1017,-691,-1692,2260,1530,400756,1
450000,1,4,1,-2,-2,-2,-2,-2,-2,0,0,0,0,0,0,0,0,0,0,0,0,450000,450000,450000,450000,450000,450000,0,0
110000,1,4,1,-1,-1,-1,-1,-1,-1,111306,111038,87820,67259,50007,51202,3931,2885,2212,1789,2000,2000,-1306,-1038,22180,42741,59993,58798,463815,0
30000,2,2,1,-1,-1,-1,-1,-1,-1,3761,7215,2730,1770,0,11242,7231,2732,1770,0,11242,2000,26239,22785,27270,28230,30000,18758,1743,0
10000,2,4,1,1,2,2,2,2,2,6220,5975,8104,7807,8329,6613,0,2400,0,615,0,539,3780,4025,1896,2193,1671,3387,39494,1
50000,1,4,1,-1,-1,-1,-1,-1,-1,49392,50350,50154,49766,24492,22974,1786,2162,1724,600,1000,47438,608,-350,-154,234,25508,27026,192418,0
120000,1,4,1,-1,-1,-1,-1,-1,-1,13060,23008,119558,93652,23862,0,23008,100000,3500,1000,0,122350,106940,96992,442,26348,96138,120000,23282,0
210000,1,4,1,-1,-1,-1,-1,-1,-1,21275,18405,76779,67518,66364,65038,2079,67000,2300,2365,2000,2000,188725,191595,133221,142482,143636,144962,237635,0
260000,2,4,1,-2,-2,-2,-2,-2,-2,895,0,0,0,0,0,0,0,0,0,0,0,259105,260000,260000,260000,260000,260000,895,0
300000,1,4,1,-1,-1,-1,-1,-1,-1,183468,180149,168098,181257,175362,179536,10000,6500,20000,7000,7000,7000,116532,119851,131902,118743,124638,120464,1010370,0
160000,1,4,1,-1,-1,-1,-1,-1,-1,96441,98353,99864,101900,103924,106101,4406,4000,3699,3719,3851,3880,63559,61647,60136,58100,56076,53899,583028,0
30000,2,4,1,-1,-1,-1,-1,2,2,8476,9677,10715,13218,12709,17463,1500,1500,3000,0,5000,0,21524,20323,19285,16782,17291,12537,61258,0
120000,2,2,1,2,2,-1,-1,-1,-1,121522,120084,122250,70901,40860,39553,2000,5700,2964,1527,1407,1873,-1522,-84,-2250,49099,79140,80447,499699,0
70000,2,4,1,-1,-1,-1,-1,-1,-1,68410,67449,66767,65528,47888,44198,2413,2605,2013,2003,1607,1606,1590,2551,3233,4472,22112,25802,347993,0
90000,1,4,1,-1,-1,-2,-1,-1,-1,3030,0,0,4220,1130,212,0,0,4220,1130,212,298,86970,90000,90000,85780,88870,89788,2732,0
60000,2,4,1,-1,-1,-1,-1,-1,-1,57674,59213,60764,60070,40479,39871,2500,2505,2000,3003,1500,2100,2326,787,-764,-70,19521,20129,304463,0
60000,1,4,1,-1,-1,-1,-1,-1,-1,22504,23547,24877,21465,21218,21300,1420,1750,1338,761,925,887,37496,36453,35123,38535,38782,38700,127830,0
50000,1,4,1,-1,-1,-1,-1,-1,-1,49772,50537,49556,49902,38391,29427,1778,2110,1456,1360,1057,1069,228,-537,444,98,11609,20573,258755,0
100000,1,4,1,-1,-1,-1,-1,-1,-1,4357,1897,4153,2972,1990,1861,1901,4153,1000,1990,1861,0,95643,98103,95847,97028,98010,98139,6325,0
50000,2,2,1,-1,-1,-1,-1,-1,-1,34983,34922,37248,30640,16158,0,1700,3000,1200,2000,0,0,15017,15078,12752,19360,33842,50000,146051,0
20000,2,4,1,3,2,2,2,2,2,322,322,322,322,322,322,0,0,0,0,0,0,19678,19678,19678,19678,19678,19678,1932,1
80000,1,4,1,-1,-1,-1,-1,-1,-1,34106,33045,32318,30171,32950,30899,3000,3000,2000,5000,3000,6000,45894,46955,47682,49829,47050,49101,171489,0
300000,4,4,1,-1,-1,-1,-1,-2,-2,293880,242669,76777,34072,11632,15429,11128,47009,34044,11677,15483,6098,6120,57331,223223,265928,288368,284571,549020,0
100000,2,4,1,-1,-1,-1,-1,-1,-1,892,2180,10876,11714,7177,10455,2180,10876,3000,7177,10455,2819,99108,97820,89124,88286,92823,89545,6787,0
140000,2,4,1,-1,-1,-1,-1,-1,-1,140286,143649,435,556,92556,94567,6500,436,621,94500,3500,3500,-286,-3649,139565,139444,47444,45433,362992,1
80000,2,4,1,2,-1,-1,-1,-1,-1,71975,64153,47680,33336,24439,26187,3139,4000,3000,2000,2000,0,8025,15847,32320,46664,55561,53813,253631,1
60000,3,4,1,-1,-1,-1,-1,-1,-1,30660,30286,29757,30122,30498,28647,1800,1630,3000,2000,2000,2000,29340,29714,30243,29878,29502,31353,167540,0
230000,2,4,1,1,-1,-1,-1,-1,-1,-15,6179,1502,708,2882,1939,6194,1502,708,2896,1939,365,230015,223821,228498,229292,227118,228061,-409,0
120000,2,4,1,-1,-1,2,-1,-1,2,46953,48670,49587,50961,53597,55094,2500,2000,2500,4100,2500,0,73047,71330,70413,69039,66403,64906,291262,0
50000,1,4,1,-1,-1,-1,2,-1,-1,48771,50062,51016,48133,47822,48126,2106,4206,391,1700,1806,1700,1229,-62,-1016,1867,2178,1874,282021,0
60000,1,4,1,-1,-1,-1,-1,-1,-1,59267,60042,59225,59947,60107,57338,2694,2800,2300,2250,2081,2120,733,-42,775,53,-107,2662,341681,0
50000,2,4,1,-2,-2,-2,-1,-1,-1,50096,49917,0,24415,25305,25775,1000,0,24415,1295,1275,0,-96,83,50000,25585,24695,24225,147523,0
210000,2,2,1,-1,-1,-1,-1,-1,-1,7788,8801,9825,10838,12652,13060,1149,1173,1186,2000,1000,1000,202212,201199,200175,199162,197348,196940,55456,0
90000,2,4,1,-1,-1,-1,-1,-1,-1,13107,13740,14770,13306,10465,9704,1251,1281,1173,500,1000,1000,76893,76260,75230,76694,79535,80296,68887,0
20000,1,4,1,-1,-1,-1,-1,-1,-1,19403,18989,18914,19883,19293,19993,1300,1332,1301,700,1000,900,597,1011,1086,117,707,7,109942,0
130000,2,4,1,-1,-1,-1,-1,-1,-1,34970,14867,10341,9788,7193,9006,2012,2000,2290,1005,4078,713,95030,115133,119659,120212,122807,120994,74067,0
20000,2,4,1,-1,-1,-1,-1,-1,-1,16653,18062,18374,19222,18014,18627,2000,1700,1500,1000,1000,1000,3347,1938,1626,778,1986,1373,100752,0
90000,2,4,1,-1,-1,-1,-1,-1,-1,14329,14520,14747,4753,5152,4664,3000,1240,1220,1000,500,800,75671,75480,75253,85247,84848,85336,50405,0
30000,1,4,1,-1,-1,-1,-1,-1,-1,23225,29801,10008,9336,24339,16710,30043,10024,9340,24363,5714,4,6775,199,19992,20664,5661,13290,33931,0
30000,2,2,1,-1,-1,-1,-1,-1,-1,27222,27630,28618,28833,9895,12155,1450,1638,1053,2000,5155,4145,2778,2370,1382,1167,20105,17845,118912,0
150000,2,4,1,1,-2,-2,-2,-1,-1,0,0,0,0,2000,2000,0,0,0,2000,2000,2000,150000,150000,150000,150000,148000,148000,-2000,0
20000,1,4,1,-1,-1,-1,-1,-1,-1,20933,22202,21867,21813,21228,21614,2700,1400,1400,800,1783,1000,-933,-2202,-1867,-1813,-1228,-1614,120574,1
80000,3,2,1,-1,-1,-1,-1,-1,-1,63214,61943,61458,57045,50652,48476,2300,2215,1900,1800,1920,2300,16786,18057,18542,22955,29348,31524,330353,0
40000,2,4,1,-1,-1,-1,2,-1,-1,34084,35169,37940,36824,37242,37900,1861,3755,0,1290,1337,1339,5916,4831,2060,3176,2758,2100,209577,0
240000,1,4,1,-2,-1,-1,-1,-1,-2,5886,5055,8774,1854,-9584,-15483,5055,8774,1854,0,0,66971,234114,234945,231226,238146,249584,255483,-86152,0
100000,4,4,1,-1,-1,-1,-1,-1,-1,152330,66107,60734,48816,28679,30231,3000,2231,1617,1000,2000,590,-52330,33893,39266,51184,71321,69769,376459,0
100000,1,4,2,1,-2,-2,-2,-2,-2,0,0,0,0,0,0,0,0,0,0,0,0,100000,100000,100000,100000,100000,100000,0,0
150000,3,4,1,-2,-2,-2,-2,-2,-2,0,1145,2580,0,0,0,1145,2580,0,0,0,0,150000,148855,147420,150000,150000,150000,0,0
270000,2,4,1,-1,-1,-1,-1,-1,-1,22579,23579,24613,25617,25434,25966,1380,1419,1423,910,942,951,247421,246421,245387,244383,244566,244034,140763,0
400000,2,4,1,-1,-1,-1,-1,-1,-1,35660,37065,38142,38870,30059,27656,2000,1673,1401,990,964,975,364340,362935,361858,361130,369941,372344,199449,0
50000,1,4,1,-1,-1,-1,-1,-1,-1,38153,34476,25857,26621,27178,28038,1700,2000,1500,1000,1300,1300,11847,15524,24143,23379,22822,21962,171523,0
80000,1,4,1,-1,2,2,-2,-2,-2,259,259,0,0,0,0,0,0,0,0,0,0,79741,79741,80000,80000,80000,80000,518,0
20000,2,4,1,-1,-1,-1,-1,-1,-1,4120,5387,6440,7373,8246,11095,1500,1300,1200,1000,3000,406,15880,14613,13560,12627,11754,8905,34255,0
240000,3,4,1,-1,-1,-1,-1,-1,-1,198768,2986,191142,98080,19380,100000,2986,191142,98080,79380,100000,50254,41232,237014,48858,141920,220620,140000,88514,0
70000,2,4,1,2,-1,-1,-1,2,2,19112,20115,20837,22986,22319,23952,1629,1351,2500,0,2000,0,50888,49885,49163,47014,47681,46048,121841,1
50000,2,4,1,2,-1,-1,-1,-1,-1,47510,32952,22289,22752,9325,9270,1744,1537,1000,187,185,0,2490,17048,27711,27248,40675,40730,139445,0
70000,1,4,1,-1,-1,-1,-1,-1,-1,45707,40238,36620,32163,29620,23384,1931,1626,1760,841,1000,1000,24293,29762,33380,37837,40380,46616,199574,0
170000,4,4,1,-2,-2,-1,-1,-1,-1,85663,-37,1740,97961,66257,12106,0,1777,114593,5823,439,497,84337,170037,168260,72039,103743,157894,140561,0
110000,3,4,1,1,3,2,-1,-1,-1,117274,116911,112706,108302,46774,48300,3000,0,4400,2000,3000,4000,-7274,-6911,-2706,1698,63226,61700,533867,0
100000,1,2,1,-1,-1,-1,-1,-1,-1,98530,95849,97235,93531,43975,45512,4301,4615,2729,1275,47052,1680,1470,4151,2765,6469,56025,54488,412980,0
10000,1,4,1,3,2,2,-1,-1,-1,7067,8092,7820,8824,8996,9182,1291,0,1295,467,479,480,2933,1908,2180,1176,1004,818,45969,1
230000,2,4,1,1,3,2,2,2,2,5263,5021,3579,31053,30334,38203,3,8,30334,0,8507,14,224737,224979,226421,198947,199666,191797,74587,0
230000,2,4,1,-1,-1,-1,-1,-1,-1,5049,1444,14019,1045,12525,12219,1444,14019,1045,12525,244,725,224951,228556,215981,228955,217475,217781,16299,0
60000,2,2,1,-1,-1,-1,-1,-1,-1,43714,47653,51400,399,500,10400,5000,5000,399,500,10400,0,16286,12347,8600,59601,59500,49600,132767,0
50000,3,4,1,-1,-1,-1,-1,-1,2,17976,18254,16428,16986,18579,17317,1564,1589,2000,3000,0,3000,32024,31746,33572,33014,31421,32683,94387,0
110000,1,4,1,-1,-1,-1,-1,-1,-1,50346,54489,58602,62001,65334,69097,5000,5000,5000,5000,5000,2707,59654,55511,51398,47999,44666,40903,332162,0
180000,3,4,3,-1,-1,-1,-1,-1,-1,102826,102646,82849,78064,73437,108072,5011,5006,5000,5005,42500,3000,77174,77354,97151,101936,106563,71928,482372,0
80000,2,4,1,-1,-1,-1,-1,-1,-1,390,2463,3409,12091,3371,3558,2463,1789,12091,3371,4682,500,79610,77537,76591,67909,76629,76442,386,0
30000,2,4,1,1,2,2,2,2,2,25193,24490,27474,27926,27189,28604,0,3400,1200,0,2500,1000,4807,5510,2526,2074,2811,1396,152776,1
50000,3,4,1,1,2,-1,-1,-1,-1,50162,48982,43579,43825,28396,27437,0,2207,2300,1006,1000,1100,-162,1018,6421,6175,21604,22563,234768,0
190000,1,4,1,1,-1,-1,-1,-1,-1,0,2236,5265,5034,1091,0,2236,3265,3060,22,0,0,190000,187764,184735,184966,188909,190000,5043,0
120000,2,4,1,-1,-1,-1,-1,-1,2,87151,88304,89657,41720,29022,28422,3500,3103,1800,2381,0,1100,32849,31696,30343,78280,90978,91578,352392,0
30000,2,2,1,-1,-1,-1,-1,-1,-1,28404,29009,29831,29992,21754,18519,1467,1679,1230,827,1000,1000,1596,991,169,8,8246,11481,150306,0
20000,2,4,1,-1,-1,-1,-1,-1,-1,19382,20040,17850,13560,11748,10632,1318,1499,1099,333,2000,2000,618,-40,2150,6440,8252,9368,84963,0
60000,1,4,1,-1,-1,-1,-1,-1,-1,57484,59521,59674,56018,36350,18203,3000,3000,1500,790,1000,1000,2516,479,326,3982,23650,41797,276960,0
20000,1,4,1,-1,-1,-1,-1,-1,-1,16936,18139,18024,18500,18067,17640,2684,2000,1600,361,353,360,3064,1861,1976,1500,1933,2360,99948,0
50000,2,4,1,-1,-1,-1,-1,-1,-1,97259,50017,48560,46978,19640,18937,3608,2110,2558,19640,683,699,-47259,-17,1440,3022,30360,31063,252093,1
30000,3,4,1,2,3,2,-1,-1,-1,26412,25700,24989,25068,26145,27219,0,0,1500,1500,1500,1050,3588,4300,5011,4932,3855,2781,149983,0
150000,2,4,1,-1,-1,-1,-1,-1,-1,58751,60163,62142,57777,51110,52284,3000,3000,2010,2000,2000,2000,91249,89837,87858,92223,98890,97716,328217,0
50000,1,4,1,2,2,-1,-1,-1,-1,50345,49245,50061,37766,29433,27537,0,1728,1730,1015,1000,1001,-345,755,-61,12234,20567,22463,237913,1
210000,2,4,1,-1,-1,-1,-1,-1,-1,177492,179951,171135,166199,144060,132326,10000,10000,10000,10000,10000,10000,32508,30049,38865,43801,65940,77674,911163,0
130000,3,2,1,-1,-1,-1,-1,-1,-1,24885,26196,25476,22394,17907,1739,1740,2000,1209,1120,1739,35,105115,103804,104524,107606,112093,128261,110754,0
50000,2,2,1,1,-2,-2,-2,-2,-2,0,-69777,0,0,0,0,0,70000,0,0,0,0,50000,119777,50000,50000,50000,50000,-139777,0
200000,1,4,1,-1,-1,-1,-1,-1,-1,32938,25985,19496,16104,28666,18215,3000,1241,5000,16831,1000,1000,167062,174015,180504,183896,171334,181785,113332,0
180000,1,2,1,-1,-1,-1,-1,-1,-1,4745,5865,6059,5537,17366,16971,5865,6091,5537,17366,16971,2785,175255,174135,173941,174463,162634,163029,1928,0
190000,1,4,1,-1,-1,-1,-1,-1,-1,174519,179122,182680,154753,90540,92248,9000,8382,10221,10000,3000,10490,15481,10878,7320,35247,99460,97752,822769,1
160000,3,4,1,-1,-1,-1,-1,-1,-1,133268,133059,135452,136804,116042,118202,4753,5142,4450,4178,5000,5000,26732,26941,24548,23196,43958,41798,744304,0
130000,1,4,1,-1,-1,-1,-1,-1,-1,4459,13453,3656,5008,13734,14976,13485,3656,5024,13734,3000,822,125541,116547,126344,124992,116266,115024,15565,0
50000,1,4,1,-2,-2,-2,-2,-2,-2,307,0,0,0,0,0,0,0,0,0,0,0,49693,50000,50000,50000,50000,50000,307,0
30000,3,2,1,-1,-1,-1,-1,2,-1,28884,25277,25289,25971,25350,5082,2091,1600,1600,301,102,40,1116,4723,4711,4029,4650,24918,130119,0
20000,1,4,1,-1,-1,-1,-1,-1,-1,4456,7339,9662,9708,4779,6968,3000,4029,5514,3000,3000,8000,15544,12661,10338,10292,15221,13032,16369,0
110000,2,4,1,-1,-1,-1,-1,-1,-1,37129,32761,26428,23043,20338,7680,1800,1554,1212,0,0,74458,72871,77239,83572,86957,89662,102320,68355,0
50000,3,4,1,2,-1,-1,-1,-1,-1,57396,58941,60630,53662,20229,19044,2500,3000,5064,1000,840,1000,-7396,-8941,-10630,-3662,29771,30956,256498,1
50000,1,4,1,2,2,2,2,-1,-1,45049,43379,46097,44187,43165,37967,0,3628,8,1500,1490,1303,4951,6621,3903,5813,6835,12033,251915,1
80000,2,4,1,-1,-1,-1,-1,-1,-1,80715,82687,80613,80671,72785,74313,5000,81000,2776,2600,2696,2812,-715,-2687,-613,-671,7215,5687,374900,0
20000,2,2,1,-1,-1,2,-1,-1,2,16505,18817,18227,19632,20298,20337,2905,0,1720,1754,893,0,3495,1183,1773,368,-298,-337,106544,1
20000,2,2,1,-1,-1,-1,-1,-1,-1,16393,8118,5463,1379,2668,390,1688,1463,1379,2668,390,390,3607,11882,14537,18621,17332,19610,26433,0
150000,1,4,1,-2,-2,-2,-2,-2,-2,0,0,0,0,0,0,0,0,0,0,0,0,150000,150000,150000,150000,150000,150000,0,0
50000,1,4,1,-1,-1,-1,-1,-1,-1,45345,46403,38343,32214,17292,7501,2010,2046,1866,310,300,483,4655,3597,11657,17786,32708,42499,180083,0
20000,1,4,1,-1,-1,2,-1,-1,-1,5275,5487,2778,6572,5016,2508,2778,0,6572,5016,0,0,14725,14513,17222,13428,14984,17492,13270,0
130000,1,2,1,1,2,-1,-1,-1,-1,126885,62717,29615,22110,15352,10452,239,29615,22135,15352,10452,4623,3115,67283,100385,107890,114648,119548,184715,0
130000,2,4,1,-1,-1,-1,-1,-1,-1,3639,396,396,396,396,396,396,396,396,396,396,396,126361,129604,129604,129604,129604,129604,3243,0
60000,2,4,1,-1,-1,-1,-1,-1,-1,52676,41956,29626,29804,28045,28629,1778,1794,1772,1200,1186,1513,7324,18044,30374,30196,31955,31371,201493,0
110000,2,4,1,-1,-1,-1,-1,-1,-1,6071,0,3308,2527,1076,1164,0,3308,2527,1079,1167,1974,103929,110000,106692,107473,108924,108836,4091,0
80000,2,4,1,1,2,2,-2,-2,-2,7369,7000,0,0,0,0,0,0,0,0,0,0,72631,73000,80000,80000,80000,80000,14369,0
50000,1,4,1,-1,-1,-1,-1,-1,-1,40246,41679,41688,32806,18609,19793,2128,3000,6000,1000,1500,705,9754,8321,8312,17194,31391,30207,180488,0
80000,2,4,1,-1,-1,-1,-1,-1,-1,75125,77353,78321,73731,39643,39457,3503,5001,2092,1218,1445,878,4875,2647,1679,6269,40357,40543,369493,0
150000,1,4,1,-2,-2,-2,-2,-2,-2,4244,9830,7588,13896,528,0,9830,7588,13907,528,0,6093,145756,140170,142412,136104,149472,150000,-1860,0
50000,1,4,1,1,2,2,-1,-1,2,50789,52158,51051,50959,51121,49344,2500,0,2100,3500,0,2000,-789,-2158,-1051,-959,-1121,656,295322,0
270000,2,2,1,-1,-1,-1,-1,-1,-1,184560,178592,170225,156719,151716,153519,6061,6081,5072,5009,5254,4069,85440,91408,99775,113281,118284,116481,963785,0
180000,1,4,1,-1,-1,-1,-1,-1,-1,6825,4094,4268,5423,6423,7404,2015,3000,3000,1000,1814,3000,173175,175906,175732,174577,173577,172596,20608,0
80000,1,4,1,-2,-2,-2,-2,-2,-2,0,698,4949,967,5762,0,698,4949,967,5775,0,0,80000,79302,75051,79033,74238,80000,-13,0
50000,2,4,1,-1,-1,-1,-1,-1,-1,48393,49405,50934,7728,8390,48679,1814,2343,1137,799,41933,1943,1607,595,-934,42272,41610,1321,163560,1
210000,2,4,1,-1,-1,-1,-1,-1,-2,1077,7882,816,300,0,0,7960,816,300,0,0,0,208923,202118,209184,209700,210000,210000,999,1
90000,2,4,1,-1,-1,-1,-1,-1,2,12750,15359,16404,17424,18925,18483,3155,1600,1600,2100,0,1500,77250,74641,73596,72576,71075,71517,89390,0
130000,1,4,1,-1,-1,-1,2,-1,-1,9920,5500,670,670,670,670,5555,670,0,0,0,0,120080,124500,129330,129330,129330,129330,11875,0
60000,2,4,1,-2,-2,-2,-2,-2,-2,5648,12270,0,0,479,27485,12270,0,0,479,27485,0,54352,47730,60000,60000,59521,32515,5648,0
320000,1,4,1,-1,-1,-1,-1,-1,-1,64232,67516,70774,70089,71994,57805,4000,4002,3000,15000,5000,5000,255768,252484,249226,249911,248006,262195,366408,0
130000,1,4,1,1,-1,-1,-1,-1,-1,0,2178,604,700,0,1440,2178,604,700,0,1440,412,130000,127822,129396,129300,130000,128560,-412,0
180000,2,4,1,-1,-1,-1,-1,-1,-1,109030,177633,139415,136942,114632,117808,78266,5203,30023,10024,10000,4458,70970,2367,40585,43058,65368,62192,657486,0
100000,3,4,1,-1,-1,-1,-1,-1,-1,97997,97018,94247,62919,10492,4809,4000,4046,4752,4000,4500,3000,2003,2982,5753,37081,89508,95191,343184,0
80000,2,4,1,-2,-2,-2,-2,-2,-2,0,0,0,0,0,0,0,0,0,0,0,0,80000,80000,80000,80000,80000,80000,0,0
90000,4,4,1,-1,-1,-1,-1,-2,-2,1407,4989,998,0,0,0,5000,998,0,0,0,0,88593,85011,89002,90000,90000,90000,1396,1
310000,1,4,1,-1,-1,-1,-1,-1,-1,140483,141796,145125,148388,152132,155887,4000,4500,4500,5000,5000,5000,169517,168204,164875,161612,157868,154113,855811,0
360000,2,4,1,2,2,-2,-2,-2,-2,1614,-40,-40,-40,-40,1153,40,0,0,0,1193,17,358386,360040,360040,360040,360040,358847,1357,0
180000,1,4,1,-1,-1,-1,-1,-1,-1,60258,51699,48469,49553,49772,50829,2130,2200,2200,2000,2000,2100,119742,128301,131531,130447,130228,129171,297950,0
40000,1,4,1,-2,-2,-2,-2,-2,-2,5247,7196,6597,5552,4081,3232,7196,6597,5552,4081,3232,8390,34753,32804,33403,34448,35919,36768,-3143,0
20000,1,4,1,2,-1,2,-1,-1,-1,1015,19214,15703,9914,8200,11876,19214,0,1000,0,5000,5400,18985,786,4297,10086,11800,8124,35308,1
90000,2,2,1,-1,-1,-1,-1,-1,2,86422,89710,70681,73595,90755,53692,5000,3300,22837,3300,0,1650,3578,290,19319,16405,-755,36308,428768,0
210000,2,4,1,-1,-1,-1,-1,-1,-1,2785,461,6472,83589,73689,64854,461,13966,80000,2326,2272,3661,207215,209539,203528,126411,136311,145146,129164,0
180000,2,4,1,-1,-1,-1,-2,-1,-1,11393,2963,0,0,351,1351,2000,0,0,351,1000,0,168607,177037,180000,180000,179649,178649,12707,0
220000,2,4,1,-1,-1,-1,-1,-1,2,47588,47721,31027,31807,33966,33288,1479,1820,1600,2688,0,1500,172412,172279,188973,188193,186034,186712,216310,1
150000,1,4,1,-1,-1,-1,-1,-1,-1,151160,152127,154652,157819,155982,154158,5526,5877,5804,5763,5669,5596,-1160,-2127,-4652,-7819,-5982,-4158,891663,0
50000,2,4,1,-1,-1,-1,-1,-2,-2,18734,19340,10000,0,0,0,1340,1000,0,0,0,0,31266,30660,40000,50000,50000,50000,45734,0
20000,1,4,1,1,-1,-1,-2,-1,-1,2521,17360,0,200,17976,17980,17388,0,200,17976,4,2170,17479,2640,20000,19800,2024,2020,18299,1
130000,1,4,1,-1,-1,-1,-1,-1,-1,55368,58035,47313,44568,48560,51529,5000,5000,5000,5000,5000,5000,74632,71965,82687,85432,81440,78471,275373,0
200000,1,4,1,-1,-1,-1,-1,-2,-2,136435,105,99230,92388,18758,0,105,99230,10038,18758,0,0,63565,199895,100770,107612,181242,200000,218785,0
320000,3,4,1,-1,-1,-1,-1,-1,-1,66497,68327,68759,69746,70040,71076,3084,3007,3031,2367,2450,2432,253503,251673,251241,250254,249960,248924,398074,0
90000,2,4,1,1,-2,-2,-2,-2,-2,0,0,0,0,0,0,0,0,0,0,0,0,90000,90000,90000,90000,90000,90000,0,0
160000,2,2,1,-1,-1,-1,-1,-1,-1,8030,8030,8030,19069,15359,10846,8030,8030,19069,5359,377,5877,151970,151970,151970,140931,144641,149154,22622,1
210000,1,2,1,1,2,-1,-1,-1,2,5589,2687,3746,5000,5618,3618,14,4062,5005,5618,0,1354,204411,207313,206254,205000,204382,206382,10205,0
360000,1,4,1,-2,-2,-2,-2,-2,-2,2741,-59,-59,11868,-2,450,0,0,11927,0,452,3818,357259,360059,360059,348132,360002,359550,-1258,0
220000,2,4,1,2,2,2,2,-1,-1,80055,82646,81229,80175,79563,82371,4500,450,2000,300,3310,16,139945,137354,138771,139825,140437,137629,475463,1
200000,1,4,1,1,-2,-2,-2,-2,-1,2396,1823,1630,2203,1443,1823,1823,1630,2203,1443,1823,1027,197604,198177,198370,197797,198557,198177,1369,0
60000,4,4,1,-1,-1,-1,-1,-1,-1,170536,175143,180162,190202,209923,55491,5143,5162,10202,19923,1591,5500,-110536,-115143,-120162,-130202,-149923,4509,933936,0
30000,2,4,1,-1,-1,-1,-1,-1,-1,27690,28543,8536,9497,29046,29873,1578,1239,1200,25000,1200,0,2310,1457,21464,20503,954,127,102968,0
50000,3,2,1,-1,-1,-1,-1,-1,-1,48789,49755,49551,49800,20000,0,1775,2221,1470,400,0,0,1211,245,449,200,30000,50000,212029,0
90000,1,4,1,-1,-1,-1,-1,-1,-1,14550,15205,15523,15850,15849,17309,2000,2000,5000,2000,2000,5000,75450,74795,74477,74150,74151,72691,76286,0
110000,2,4,1,-1,-1,-1,-1,-1,-1,38152,39214,39981,41312,42028,42899,2000,1700,2000,1700,1700,2300,71848,70786,70019,68688,67972,67101,232186,0
140000,2,4,1,-1,-1,-1,-1,-1,-1,133714,137585,131666,114989,81475,82812,6560,6200,4246,5000,3000,3000,6286,2415,8334,25011,58525,57188,654235,0
200000,2,4,1,-1,-1,-1,-1,-1,-1,2298,1490,1669,142,1100,6861,1490,1669,144,1100,6861,1110,197702,198510,198331,199858,198900,193139,1186,0
30000,2,4,1,-1,-1,-1,-1,-1,-1,26815,27990,29224,26692,18466,29824,2000,2000,1527,1600,1000,1000,3185,2010,776,3308,11534,176,149884,0
50000,1,4,1,-1,-1,-1,-1,-1,-1,3195,3548,23231,2881,3048,2739,3557,23501,2889,3057,2746,47651,46805,46452,26769,47119,46952,47261,-44759,0
50000,1,4,1,2,2,3,2,2,2,40959,43870,42891,43582,44561,45592,3900,0,1700,2000,1900,1800,9041,6130,7109,6418,5439,4408,250155,1
50000,1,4,1,-1,-1,-1,-1,-1,-1,4705,9557,7861,8984,10664,7292,5000,7861,1320,2000,6000,10000,45295,40443,42139,41016,39336,42708,16882,0
80000,3,2,1,-1,-1,-1,2,-1,-1,754,-69,3330,2699,1853,184,0,3399,0,1853,184,1350,79246,80069,76670,77301,78147,79816,1965,0
240000,4,4,1,-1,-1,-1,-1,-1,-1,26501,26869,27488,17891,6696,4129,5000,6000,3000,0,0,3585,213499,213131,212512,222109,233304,235871,91989,0
120000,3,4,1,-1,-1,-1,-1,-1,-1,106621,105893,107838,103273,101353,87934,4000,5013,4000,3199,3130,4000,13379,14107,12162,16727,18647,32066,589570,1
200000,1,4,1,-2,-2,-2,-2,-2,-2,5337,2322,7458,1086,25643,35237,2322,7471,1086,25643,35237,7678,194663,197678,192542,198914,174357,164763,-2354,0
140000,1,4,1,-1,-1,-2,-2,-2,-2,21688,0,0,0,0,0,0,0,0,0,0,0,118312,140000,140000,140000,140000,140000,21688,0
360000,2,4,1,-1,-1,-1,-1,-1,-1,22233,22935,23816,13800,11000,0,1287,1152,1000,1000,0,179,337767,337065,336184,346200,349000,360000,89166,0
70000,2,2,1,-1,-1,-1,-1,-1,-1,41659,42652,43705,45965,46900,47884,1687,1740,3000,1700,1739,1770,28341,27348,26295,24035,23100,22116,257129,0
170000,2,4,1,2,-1,-1,-1,2,-1,111170,113387,115807,119857,117100,118079,4065,5727,7500,2000,4200,5000,58830,56613,54193,50143,52900,51921,666908,1
140000,3,4,1,2,-1,-1,-1,-1,-1,144010,142724,142802,140103,142750,142855,5301,5400,5100,5300,5500,5400,-4010,-2724,-2802,-103,-2750,-2855,823243,1
20000,2,4,1,3,2,3,2,3,2,17690,19102,19502,20881,20266,20511,2000,1000,2000,0,700,0,2310,898,498,-881,-266,-511,112252,1
50000,1,4,1,-1,-1,-1,-1,-1,2,12986,13994,15020,16335,17040,16625,1230,1256,1571,1276,0,624,37014,36006,34980,33665,32960,33375,86043,0
110000,1,4,1,-1,-1,-1,-1,-1,-1,92332,77807,75559,74371,75126,73799,2800,3703,2700,2200,1810,3000,17668,32193,34441,35629,34874,36201,452781,0
180000,2,4,1,1,-2,-1,-1,-2,-2,0,0,1000,0,0,0,0,1000,0,0,0,0,180000,180000,179000,180000,180000,180000,0,0
90000,2,4,1,2,-1,-1,-1,-1,-1,77651,78651,79972,81415,81878,83206,3300,3600,3805,3100,3200,4100,12349,11349,10028,8585,8122,6794,461668,1
120000,1,4,1,-1,-1,-1,-1,-1,-1,115520,98551,84797,66398,44428,31738,5001,5076,5000,3042,2110,600,4480,21449,35203,53602,75572,88262,420603,0
140000,1,4,1,-1,-1,-1,-1,-1,-1,63119,64240,64992,52809,51406,50328,2450,2226,2367,1740,1754,1818,76881,75760,75008,87191,88594,89672,334539,0
290000,2,2,1,-1,-1,-1,-1,-1,-1,262518,180499,138326,128721,95657,90210,6500,5300,4000,5000,3000,2974,27482,109501,151674,161279,194343,199790,869157,1
310000,1,4,1,-1,-1,2,2,-1,2,11683,9624,9022,-422,6214,2360,3000,0,0,6900,0,1300,298317,300376,300978,310422,303786,307640,27281,0
30000,1,4,1,-1,-1,-1,-1,-1,-1,3812,5744,8642,11492,14285,17056,2000,3000,3000,3000,3000,1000,26188,24256,21358,18508,15715,12944,46031,0
200000,1,2,1,-1,-1,-2,-2,-2,-2,776,0,0,151,0,0,0,0,151,0,0,0,199224,200000,200000,199849,200000,200000,776,0
180000,3,4,1,-1,2,-1,2,2,-2,1728,1539,2703,1650,0,0,0,2703,0,0,0,0,178272,178461,177297,178350,180000,180000,4917,0
120000,2,2,1,-1,-1,-1,-1,-1,-1,56324,28542,13590,11501,10151,11171,3000,5007,3200,2000,3000,0,63676,91458,106410,108499,109849,108829,115072,0
290000,1,4,1,-1,-1,-1,-1,-1,-1,11102,9327,22149,23737,13449,17963,9358,22149,20000,3449,7000,11041,278898,280673,267851,266263,276551,272037,24730,0
90000,3,4,1,-1,-1,-1,-1,-1,-1,91564,43201,42219,1769,2269,3269,3000,3000,1000,500,1000,86500,-1564,46799,47781,88231,87731,86731,89291,0
260000,1,4,1,-1,-1,-1,-1,-1,-1,145165,149173,142730,148307,152375,158435,6500,7000,8000,6500,8500,5600,114835,110827,117270,111693,107625,101565,854085,0
230000,1,4,1,-2,-1,-1,-1,-1,-1,865,221,16601,17833,15708,10013,221,16601,1513,1000,350,500,229135,229779,213399,212167,214292,219987,41056,0
270000,1,4,1,-1,-1,2,2,-1,-1,9112,6035,3687,0,887,690,6035,0,0,887,690,6331,260888,263965,266313,270000,269113,269310,6468,0
280000,2,4,1,-1,-1,-1,-1,-1,-1,11536,3408,8220,2287,10969,5395,3419,8283,2287,10969,0,0,268464,276592,271780,277713,269031,274605,16857,0
110000,2,4,1,1,-2,-2,-2,-2,-2,0,0,0,0,0,0,0,0,0,0,0,0,110000,110000,110000,110000,110000,110000,0,1
60000,1,4,1,-1,-1,2,-1,-1,-1,1130,7,7,11965,11958,12069,7,0,11958,0,611,0,58870,59993,59993,48035,48042,47931,24560,0
70000,1,4,1,-1,-1,-1,-1,-1,-1,70844,64697,65455,66247,65230,66685,3000,2400,3000,2400,2500,2500,-844,5303,4545,3753,4770,3315,383358,0
100000,2,2,1,2,-1,-1,-1,-1,2,101429,79254,80910,83072,87774,90579,2833,2929,3500,6100,4367,0,-1429,20746,19090,16928,12226,9421,503289,1
140000,2,2,1,-1,-1,-1,-1,-1,-1,125792,126771,132730,124689,105447,106704,5000,10000,5000,5000,5000,5000,14208,13229,7270,15311,34553,33296,687133,0
50000,2,2,1,-1,-1,-1,-1,-1,-1,34250,34833,35625,36754,16943,16234,1550,1750,2270,603,713,1000,15750,15167,14375,13246,33057,33766,166753,1
80000,1,4,1,-1,-1,-1,-1,-1,-1,74464,69584,66342,60514,48965,29648,3117,2519,1838,1434,1015,1505,5536,10416,13658,19486,31035,50352,338089,0
40000,4,2,1,-1,-1,-1,-1,-1,-1,40848,39270,40929,40528,39575,40526,1650,2300,1600,1330,1500,1500,-848,730,-929,-528,425,-526,231796,0
140000,2,4,1,-1,-1,-1,-1,-1,-1,135432,136312,131559,111859,98815,97443,6500,4733,4015,4000,4000,3800,4568,3688,8441,28141,41185,42557,684372,1
200000,2,4,1,-1,-1,-1,-1,-1,-2,19326,20330,21362,22000,2000,950,1330,1362,1000,2000,950,0,180674,179670,178638,178000,198000,199050,79326,0
50000,2,4,1,1,2,3,2,2,2,16455,17885,18305,18708,19105,19653,2000,1000,1000,1000,1000,1000,33545,32115,31695,31292,30895,30347,103111,0
80000,2,4,1,-1,-1,-1,-1,-1,-1,41444,14262,14631,8592,1425,88516,1306,1500,1500,1425,88516,3300,38556,65738,65369,71408,78575,-8516,71323,0
270000,2,2,1,-1,-1,-1,-1,-1,-1,22804,11496,12273,12014,10597,31182,1496,2273,2014,597,31182,82615,247196,258504,257727,257986,259403,238818,-19811,0
70000,2,2,1,-1,-1,-1,-1,-1,-1,69762,68914,69252,70415,69212,70514,2450,2600,2700,2500,2800,2500,238,1086,748,-415,788,-514,402519,1
200000,1,4,1,-1,-1,-1,-1,-1,-1,11740,7221,1341,25068,52486,45047,2012,1025,32994,37042,2004,2502,188260,192779,198659,174932,147514,154953,65324,0
170000,2,4,1,-1,-1,-1,-1,-1,-1,26151,24019,26013,24471,23496,25333,3000,5000,2000,2000,5000,895,143849,145981,143987,145529,146504,144667,131588,1
420000,2,4,1,-1,-1,-1,-1,-1,-1,23191,24541,24813,25893,26397,26557,2267,2034,1500,1467,1267,1767,396809,395459,395187,394107,393603,393443,141090,0
50000,1,4,1,2,-1,-1,2,2,2,25875,27132,29695,30908,30112,32123,2000,3000,2000,0,2500,0,24125,22868,20305,19092,19888,17877,166345,1
140000,2,4,1,-1,-1,-1,-1,-1,-1,124753,101551,93649,89574,90413,90596,3626,4324,3207,4000,3500,3390,15247,38449,46351,50426,49587,49404,568489,0
130000,1,4,1,-1,-1,-1,-1,-1,-1,19486,52960,26491,19038,22297,25986,35000,10048,8000,5000,6000,8000,110514,77040,103509,110962,107703,104014,94210,0
270000,1,4,1,-1,-1,-1,-1,-1,-1,1390,363,14770,14367,14388,47441,363,14841,1200,1288,41437,1335,268610,269637,255230,255633,255612,222559,32255,0
80000,4,4,1,-1,-1,-1,-1,-1,-1,81787,77845,60159,54151,45108,44490,2600,3009,2200,2000,2000,2832,-1787,2155,19841,25849,34892,35510,348899,0
160000,2,2,1,1,2,-1,-1,-1,2,46835,45781,47040,47807,50711,40166,0,2000,1700,3550,0,2000,113165,114219,112960,112193,109289,119834,269090,0
130000,2,4,1,-1,-1,-1,-1,-1,-1,130318,131351,131352,121931,61755,61453,4700,5108,3860,82367,3041,2000,-318,-1351,-1352,8069,68245,68547,537084,1
160000,2,4,1,-1,-1,-1,-1,-1,-1,100613,78592,80240,39835,41150,0,3600,3700,1700,2000,0,0,59387,81408,79760,120165,118850,160000,329430,0
180000,2,4,1,-1,-1,-1,-1,-1,-1,173098,172494,172060,166204,145146,142961,8000,8100,8000,5600,5500,15000,6902,7506,7940,13796,34854,37039,921763,0
180000,1,4,1,1,-1,-1,-1,-1,-1,0,2039,2000,3918,710,6761,2039,2000,3918,710,6761,3077,180000,177961,178000,176082,179290,173239,-3077,0
210000,3,2,1,-1,-1,-2,-1,-1,-2,4700,0,0,1008,0,0,0,0,1008,0,0,0,205300,210000,210000,208992,210000,210000,4700,0
150000,3,4,1,-1,-1,-1,-1,-1,-1,21081,7985,7315,11295,10413,16745,2200,2500,6023,5000,6745,2155,128919,142015,142685,138705,139587,133255,50211,0
360000,1,2,1,-2,-2,-2,-2,-2,-2,1517,2742,2317,2482,1415,2095,2749,2322,2482,1417,2095,3228,358483,357258,357683,357518,358585,357905,-1725,0
470000,2,4,1,-1,-1,-1,-1,-1,-1,27134,26594,26805,24808,21101,17906,1500,1502,3696,1008,1006,1001,442866,443406,443195,445192,448899,452094,134635,0
40000,1,4,1,-1,-1,-1,-1,-1,-1,33563,20539,2360,38639,8899,0,1204,1000,38639,178,0,0,6437,19461,37640,1361,31101,40000,62979,0
200000,1,4,1,-1,-1,-1,-1,-1,-1,201202,202252,195276,167209,144232,137271,15200,9600,9503,5148,4968,4930,-1202,-2252,4724,32791,55768,62729,998093,0
150000,1,4,1,-1,-1,-1,-1,-1,-1,8000,13024,9809,8000,800,1072,13024,3000,8100,800,2524,24902,142000,136976,140191,142000,149200,148928,-11645,0
90000,2,4,1,-1,-1,-1,-1,-1,2,65924,58210,60050,61448,73852,72551,3000,2771,3000,13500,0,3000,24076,31790,29950,28552,16148,17449,366764,1
60000,2,4,1,1,2,-1,-1,-2,-2,47963,36871,3800,0,0,0,0,1038,0,0,0,0,12037,23129,56200,60000,60000,60000,87596,0
80000,1,4,1,-1,-1,-1,-1,-2,-1,4620,2991,1441,1608,1453,4287,2991,1500,1608,1453,4287,6000,75380,77009,78559,78392,78547,75713,-1439,0
160000,1,4,1,-1,-1,2,-1,-1,-1,13122,14011,12276,7457,7267,5529,4000,1000,2000,2000,2000,500,146878,145989,147724,152543,152733,154471,48162,0
130000,1,4,1,1,-2,-1,2,2,-1,0,0,98,98,98,2500,0,98,0,0,2500,0,130000,130000,129902,129902,129902,127500,196,0
70000,3,4,1,-1,-1,-1,-1,-1,-1,70251,29481,8948,9006,10570,11421,2000,1200,1500,2000,1000,2000,-251,40519,61052,60994,59430,58579,129977,0
170000,2,4,1,-1,-1,-1,-1,-1,-1,1471,6040,1471,3398,1929,11966,6040,1471,3398,2,11966,10051,168529,163960,168529,166602,168071,158034,-6653,0
50000,2,4,1,-1,-1,-1,-1,-1,-1,4406,3732,0,4249,4865,2157,3000,0,4249,2065,2157,0,45594,46268,50000,45751,45135,47843,7938,0
100000,1,2,1,-1,-1,-1,-1,-1,-1,7565,460,98796,52079,40183,35796,28,103350,1722,1100,1300,2000,92435,99540,1204,47921,59817,64204,125379,0
130000,1,4,1,1,-2,-2,-2,-2,-2,0,0,0,0,0,0,0,0,0,0,0,623,130000,130000,130000,130000,130000,130000,-623,0
60000,2,4,1,-1,-1,-1,-1,-1,-1,56397,57112,58057,59006,39578,38973,2039,2250,2060,1506,1500,1500,3603,2888,1943,994,20422,21027,298268,0
290000,2,4,1,-1,-1,-1,-1,-1,-1,140615,142201,145676,144305,140375,142119,7003,7037,7019,6005,6006,6011,149385,147799,144324,145695,149625,147881,816210,0
50000,2,2,1,1,-1,2,2,-2,-2,0,1000,2000,0,0,0,1000,0,0,0,0,0,50000,49000,48000,50000,50000,50000,2000,0
140000,1,4,1,-1,-1,-1,-1,-1,-1,28872,30083,31119,32597,33257,35061,2000,1522,2000,1500,2500,2000,111128,109917,108881,107403,106743,104939,179467,0
120000,1,4,1,-1,-1,-1,-1,-1,-1,3377,4644,8528,8200,3488,1161,2500,5000,1000,3488,1161,5036,116623,115356,111472,111800,116512,118839,11213,0
190000,2,4,1,-1,-1,2,-1,-1,-1,115608,138097,130898,130950,115342,115657,26500,0,7000,4550,4600,4170,74392,51903,59102,59050,74658,74343,699732,0
30000,2,4,1,2,-1,-1,-1,-1,-1,174,1995,3530,0,5960,0,1995,3530,0,5960,0,1778,29826,28005,26470,30000,24040,30000,-1604,0
160000,3,4,1,-1,-1,-1,-1,-1,-1,390,390,390,390,390,390,390,390,390,390,390,390,159610,159610,159610,159610,159610,159610,0,0
230000,4,4,1,1,-1,2,-1,-1,-1,0,500,500,624,1090,2952,500,0,624,1090,2952,1505,230000,229500,229500,229376,228910,227048,-1005,0
130000,3,4,1,-1,-1,-1,-1,-1,-1,124769,127966,119008,46659,47588,47698,5400,3941,1742,1671,1712,1730,5231,2034,10992,83341,82412,82302,497492,0
340000,1,4,1,-1,-1,-1,-1,-1,-1,195524,196119,197690,182112,166822,143166,7524,9809,7852,6525,6002,6007,144476,143881,142310,157888,173178,196834,1037714,0
230000,1,4,1,2,-1,-1,-1,-1,-1,101347,95956,87294,85336,81640,82462,4179,4231,4061,2846,2800,2909,128653,134044,142706,144664,148360,147538,513009,1
90000,1,4,1,-1,-1,-1,-1,-1,-1,33336,39009,47657,52372,52112,56257,10000,10000,6000,1570,5000,1363,56664,50991,42343,37628,37888,33743,246810,0
300000,2,4,1,-1,-1,-1,-1,-1,-1,63425,50294,38235,29944,26259,26288,3005,2691,2400,1000,1000,859,236575,249706,261765,270056,273741,273712,223490,0
110000,2,4,1,-1,-1,-1,-1,-1,-1,52059,49709,8504,7277,7774,8261,1150,1330,2500,1000,1000,1000,57941,60291,101496,102723,102226,101739,125604,1
140000,1,4,1,-1,-1,-1,-1,-1,-1,38199,38810,39811,41133,41730,42026,2000,2000,2000,2000,2000,2000,101801,101190,100189,98867,98270,97974,229709,0
180000,2,4,1,-1,-1,-1,-1,-1,-1,3739,4889,7768,7156,6956,29402,3889,4739,2289,4289,26735,3972,176261,175111,172232,172844,173044,150598,13997,1
70000,1,4,1,1,2,2,2,2,2,52204,53250,53799,52330,55666,56839,2500,1983,0,4206,2200,0,17796,16750,16201,17670,14334,13161,313199,1
180000,2,2,1,-1,-1,-1,-1,-1,-1,117703,116372,115445,112938,109306,104106,4171,4200,4000,3789,3959,3300,62297,63628,64555,67062,70694,75894,652451,0
150000,2,4,1,-1,-1,-1,-1,-1,-1,7815,4914,6237,3280,11167,15915,4933,6237,3280,11167,10000,686,142185,145086,143763,146720,138833,134085,13025,0
30000,2,2,1,-1,-1,2,-1,-1,-1,27347,31402,30047,30869,29403,29831,5500,0,3000,998,3000,3000,2653,-1402,-47,-869,597,169,163401,0
230000,2,4,1,-1,-1,2,-1,-1,-1,14330,222761,197630,172058,174123,178052,232557,0,7556,6219,6721,7074,215670,7239,32370,57942,55877,51948,698827,0
180000,2,2,1,1,-1,-1,-1,-1,-1,0,376,0,390,698,636,376,0,390,698,636,456,180000,179624,180000,179610,179302,179364,-456,0
150000,2,4,1,-1,-1,-1,-1,-1,-1,61162,50928,47542,46644,31595,24473,3000,5000,5065,5000,2000,5000,88838,99072,102458,103356,118405,125527,237279,0
40000,1,4,1,-1,-1,-1,-1,-1,-1,30923,26175,27251,29397,19650,23202,5000,1522,10000,10000,15000,841,9077,13825,12749,10603,20350,16798,114235,0
40000,1,4,1,-1,-1,-1,2,2,2,37005,38084,41156,39986,40465,36745,2000,4000,0,1000,0,0,2995,1916,-1156,14,-465,3255,226441,1
120000,2,4,1,2,2,2,2,-1,-1,113354,115503,121861,117485,118381,115604,6200,10900,0,5000,4800,4505,6646,4497,-1861,2515,1619,4396,670783,1
140000,1,4,1,-1,-1,-1,-1,-1,-1,14997,16437,18848,21209,25503,27918,2000,3000,3000,5000,3000,10000,125003,123563,121152,118791,114497,112082,98912,0
80000,1,2,1,-1,-1,-1,-1,-2,-2,494,329,4724,0,1054,0,329,4750,0,1054,0,4252,79506,79671,75276,80000,78946,80000,-3784,0
420000,1,4,1,-1,-1,-1,-1,-1,-1,15629,5402,1237,24712,11912,12647,5402,1237,24712,0,2647,22019,404371,414598,418763,395288,408088,407353,15522,0
180000,3,4,1,-1,-1,-1,-1,-1,-1,3578,3898,0,715,4079,0,3898,0,715,6942,0,213,176422,176102,180000,179285,175921,180000,502,0
90000,2,2,1,-1,-1,-1,-1,-1,-1,73849,70549,49858,43303,29888,24973,2900,2012,1603,1208,1000,707,16151,19451,40142,46697,60112,65027,282990,0
330000,2,2,1,-2,-2,-2,-2,-2,-1,0,0,0,0,0,2234,0,0,0,0,2234,1000,330000,330000,330000,330000,330000,327766,-1000,0
260000,2,2,1,-1,-1,-1,-1,-1,-1,71865,75459,77240,78856,80350,84040,5000,3000,3000,3000,5000,5000,188135,184541,182760,181144,179650,175960,443810,0
200000,2,4,1,-1,-1,-1,-1,-1,-1,1126,390,390,390,540,770,390,390,390,540,770,13993,198874,199610,199610,199610,199460,199230,-12867,0
30000,2,4,1,-1,-1,-1,-1,2,-1,19769,24285,26143,26929,19610,20591,5896,3002,2130,2,3004,8013,10231,5715,3857,3071,10390,9409,115280,0
300000,2,4,1,-1,-1,-1,-1,-1,-1,16463,11537,9265,7263,14145,11535,1500,1500,1500,9433,2000,3000,283537,288463,290735,292737,285855,288465,51275,0
130000,1,4,1,-1,-1,2,-1,-1,-1,16078,16055,13371,4405,1292,390,4176,0,1000,1292,390,2165,113922,113945,116629,125595,128708,129610,42568,0
30000,2,4,1,-1,-1,-1,-1,-1,-1,2293,3158,5547,3312,3145,3022,1009,5572,3321,3154,3031,3339,27707,26842,24453,26688,26855,26978,1051,0
30000,2,4,1,1,2,2,2,2,2,11174,11989,12997,12491,13374,13017,1300,1500,0,1090,0,2000,18826,18011,17003,17509,16626,16983,69152,1
130000,1,4,1,-1,-1,-1,-1,-1,-1,102087,101079,93977,94427,89041,89833,4500,4363,3300,3178,3178,3424,27913,28921,36023,35573,40959,40167,548501,0
190000,2,4,1,-1,-1,-1,-1,-1,2,188370,188550,187521,190448,195492,190598,8700,8500,9270,14100,0,7200,1630,1450,2479,-448,-5492,-598,1093209,0
230000,2,4,1,3,2,2,-1,-1,-2,1090,490,0,878,0,0,0,0,878,0,0,0,228910,229510,230000,229122,230000,230000,1580,1
50000,2,4,1,-1,-1,-1,2,2,-2,18625,19956,5177,2071,0,0,2071,5191,6,0,0,10450,31375,30044,44823,47929,50000,50000,28111,0
70000,2,2,1,-1,-1,-1,-1,-1,-1,8193,7569,8127,8838,8736,10753,1122,2127,2000,1736,2753,2177,61807,62431,61873,61162,61264,59247,40301,0
50000,2,2,1,-1,-1,-1,-1,-1,-1,59010,57593,56203,54794,53509,52021,2039,2015,2000,2100,2000,2100,-9010,-7593,-6203,-4794,-3509,-2021,320876,1
60000,1,4,1,-1,-1,-1,-1,-1,-1,47386,4807,3434,2386,2837,3358,4807,1048,1000,2837,3358,5093,12614,55193,56566,57614,57163,56642,46065,1
150000,2,4,1,-2,-2,-2,-2,-2,-2,36215,6105,1076,0,3113,0,6105,1084,0,3113,0,0,113785,143895,148924,150000,146887,150000,36207,0
240000,2,2,1,-1,-1,-1,-1,-1,-1,240428,235782,129479,125584,128752,130651,7227,4486,3557,4235,3593,349,-428,4218,110521,114416,111248,109349,967229,0
110000,2,4,1,-1,-1,-1,-1,-1,-1,50406,45099,46002,44701,42706,43513,1800,1800,1700,1500,1600,2000,59594,64901,63998,65299,67294,66487,262027,0
110000,2,2,1,-1,-1,-1,-1,-1,-1,108001,90128,92103,87049,66820,65823,3500,3500,3000,2342,2390,3000,1999,19872,17897,22951,43180,44177,492192,0
50000,2,4,1,-1,-1,-1,-1,-1,-1,47858,40506,40110,41070,40731,40440,1949,1685,2777,1423,1462,1463,2142,9494,9890,8930,9269,9560,239956,0
210000,1,4,1,-2,-2,-2,-2,-2,-2,10692,-3,-3,-3,650,1850,0,0,0,653,1859,1411,199308,210003,210003,210003,209350,208150,9260,0
160000,1,4,1,-1,-1,-1,-1,-1,-1,3849,6393,6969,9044,2325,3998,6458,6980,9044,2325,4997,9947,156151,153607,153031,150956,157675,156002,-7173,0
120000,1,4,1,-1,-1,-1,-1,-1,-1,3706,101833,103108,100953,83739,51424,100000,5369,4014,1000,1000,1000,116294,18167,16892,19047,36261,68576,332380,0
130000,4,2,1,-1,-1,-1,-1,-1,-1,131041,133792,127622,129795,122416,124653,6500,5000,5000,5000,5000,5000,-1041,-3792,2378,205,7584,5347,737819,0
170000,2,4,1,-1,-1,-1,-1,-1,2,168858,171530,164509,128279,139968,127502,7000,6500,8000,15462,2163,4300,1142,-1530,5491,41721,30032,42498,857221,0
120000,1,4,1,-1,-1,-1,-1,-1,-1,35238,35907,31513,31659,30069,8005,1777,2254,1400,800,400,6262,84762,84093,88487,88341,89931,111995,159498,0
170000,1,4,1,1,-2,-2,-2,-2,-2,0,0,0,0,0,0,0,0,0,0,0,0,170000,170000,170000,170000,170000,170000,0,0
290000,2,4,1,-1,-1,-1,-1,-1,-1,240506,235475,240584,212024,216379,209440,8601,9300,8000,7612,8015,7008,49494,54525,49416,77976,73621,80560,1305872,0
70000,1,4,1,-1,-1,-1,-1,-1,-1,157,157,157,157,157,307,157,157,157,157,307,507,69843,69843,69843,69843,69843,69693,-350,0
140000,2,4,1,-1,-1,-1,-1,-1,-1,136276,139504,140262,138958,136898,141634,7000,6000,7000,5000,10700,4600,3724,496,-262,1042,3102,-1634,793232,0
180000,1,4,1,1,2,2,2,-1,-1,5892,4824,3784,3089,2715,1821,0,3089,0,1521,0,347,174108,175176,176216,176911,177285,178179,17168,1
200000,1,4,1,-1,-1,-2,-1,-1,-2,1171,0,0,680,0,0,0,0,680,0,0,442,198829,200000,200000,199320,200000,200000,729,0
90000,2,4,1,-1,-1,2,-1,-1,-1,97973,100442,89242,82784,53609,49048,12500,2,5085,5000,3000,1004,-7973,-10442,758,7216,36391,40952,446507,1
80000,2,4,1,-1,-1,-1,-1,-1,-1,52934,54217,52394,2131,744,758,3000,1064,2500,1000,1000,1000,27066,25783,27606,77869,79256,79242,153614,0
130000,1,2,1,-1,-1,-1,-1,-1,-1,3363,8305,15253,7338,3666,7856,8319,15253,7338,3669,7856,7836,126637,121695,114747,122662,126334,122144,-4490,0
20000,2,2,1,-1,-1,2,-1,-1,-1,191,20391,19292,19545,18945,19494,20200,0,1310,678,854,767,19809,-391,708,455,1055,506,74049,0
200000,1,4,1,-2,-2,-2,-2,-2,-2,4257,3690,4460,3190,5238,950,3690,4460,3190,5238,950,250,195743,196310,195540,196810,194762,199050,4007,1
200000,2,4,1,-1,-1,-1,-1,-1,-1,13285,2150,14122,27413,35377,29922,2155,14122,23007,7212,29922,37790,186715,197850,185878,172587,164623,170078,8061,0
120000,2,4,1,1,-2,-1,-1,-2,-2,0,0,2382,0,0,0,0,2382,0,0,0,0,120000,120000,117618,120000,120000,120000,0,1
60000,3,2,1,-1,-1,-1,-1,-1,-1,7207,12625,6244,13615,25475,26237,12625,6244,13615,25478,5000,5000,52793,47375,53756,46385,34525,33763,23441,0
340000,3,4,1,-1,-1,-1,-1,-1,-1,1830,4777,7681,12519,15299,15905,3000,3000,5000,3000,1000,10000,338170,335223,332319,327481,324701,324095,33011,0
150000,1,4,1,-1,2,-1,2,-1,-1,1040,148,9173,296,148,446,0,9173,0,0,446,0,148960,149852,140827,149704,149852,149554,1632,1
160000,3,4,1,-1,-1,-1,-1,-1,-1,408,99,99,398,99,569,99,99,398,99,569,751,159592,159901,159901,159602,159901,159431,-343,0
200000,1,4,1,-1,-1,-1,-1,-1,-1,52935,51971,51341,49090,50009,51076,2500,2200,2500,3500,3000,3000,147065,148029,148659,150910,149991,148924,289722,0
50000,3,2,1,-1,-1,2,2,-1,-1,43165,49091,50453,49037,28589,29392,6987,2433,0,1145,3167,0,6835,909,-453,963,21411,20608,235995,1
170000,1,4,1,-2,-2,-2,-2,-2,-2,106,18719,30000,0,0,1532,18719,30000,0,0,1532,0,169894,151281,140000,170000,170000,168468,106,1
280000,2,2,1,-1,-1,2,2,2,2,109392,128447,131053,132418,134038,136939,21000,6150,5000,5300,5200,5250,170608,151553,148947,147582,145962,143061,724387,0
270000,1,4,1,-1,-1,-1,-1,-1,-1,209164,201798,186008,173810,159418,139200,6429,5959,6863,3762,3907,4207,60836,68202,83992,96190,110582,130800,1038271,0
120000,2,4,1,-1,-1,-1,2,-1,-1,1184,1066,5079,2528,4007,7457,1066,5079,0,4007,7457,2819,118816,118934,114921,117472,115993,112543,893,0
280000,1,4,1,-1,-1,-1,-1,-1,-1,6585,4308,0,1265,1627,204,4308,0,1265,1638,204,3908,273415,275692,280000,278735,278373,279796,2666,0
50000,1,4,1,-1,-1,-1,-1,-1,-1,30951,28622,11656,5435,6337,7227,1600,1542,1100,1000,1000,284,19049,21378,38344,44565,43663,42773,83702,0
200000,1,4,1,-2,-2,-2,-2,-2,-2,0,0,0,0,0,0,0,0,0,0,0,510,200000,200000,200000,200000,200000,200000,-510,0
50000,2,2,1,-1,-1,-1,-1,-1,-1,47254,43583,35245,27520,25928,26470,1720,3100,1723,1100,1111,1200,2746,6417,14755,22480,24072,23530,196046,1
150000,1,4,1,-1,-1,-1,-1,-1,-1,6121,4391,6269,8992,4314,11131,4391,6269,8914,4300,11100,52900,143879,145609,143731,141008,145686,138869,-46656,0
50000,3,4,1,3,2,2,7,7,7,2350,2400,2400,2400,2400,2400,50,0,0,0,0,0,47650,47600,47600,47600,47600,47600,14300,1
150000,2,4,1,-1,-1,-1,-1,-1,-1,1518,1798,5699,4644,70337,67902,1798,5699,4644,70331,3000,3000,148482,148202,144301,145356,79663,82098,63426,0
150000,1,4,1,-2,-2,-2,-1,-1,-1,-3706,-6108,32662,59350,41136,28596,3449,46128,60260,30218,17000,20133,153706,156108,117338,90650,108864,121404,-25258,0
90000,2,4,1,-1,-1,-1,-1,-1,-1,18674,88907,90659,82827,79359,81401,92858,4100,3200,3100,3500,3500,71326,1093,-659,7173,10641,8599,331569,0
500000,1,4,1,-1,-1,-1,-1,-1,-1,93625,101723,95390,102203,47388,73230,11723,15390,12239,6000,30000,6000,406375,398277,404610,397797,452612,426770,432207,0
300000,2,4,1,-1,-1,-1,-1,-1,-1,327724,325970,325020,319750,265136,262378,11250,11877,10487,7831,8092,7634,-27724,-25970,-25020,-19750,34864,37622,1768807,0
240000,2,4,1,-1,-1,-1,-1,-1,-1,234053,132007,234638,239790,132697,135561,5000,120000,10000,5000,4100,4000,5947,107993,5362,210,107303,104439,960646,0
120000,2,4,1,-1,-1,-1,-1,-2,-2,48499,48684,6344,0,0,0,1621,1000,1326,0,0,0,71501,71316,113656,120000,120000,120000,99580,0
120000,2,2,1,-2,-2,-2,-2,-2,-2,1613,136,0,0,0,0,136,0,0,0,0,0,118387,119864,120000,120000,120000,120000,1613,0
390000,1,4,1,-1,-1,-1,-1,-1,-1,125863,131249,119175,115922,101725,90334,10053,5028,5045,3012,3000,5572,264137,258751,270825,274078,288275,299666,652558,0
200000,2,2,1,-1,-1,-1,-1,-1,-1,5733,4426,3559,22458,20888,17875,2023,2018,22491,7521,2000,3000,194267,195574,196441,177542,179112,182125,35886,0
80000,2,4,1,-1,-1,2,2,2,2,70411,75874,76710,74792,79636,77757,6657,2629,0,6000,0,3000,9589,4126,3290,5208,364,2243,436894,0
20000,2,4,1,2,2,-1,-1,-1,-1,12492,11995,13324,14029,14308,14625,0,1528,1233,512,547,3880,7508,8005,6676,5971,5692,5375,73073,1
50000,2,4,1,-1,-1,-1,-1,-1,-1,26735,26994,28331,27138,26499,27301,1500,1798,1605,966,1247,1500,23265,23006,21669,22862,23501,22699,154382,0
70000,2,4,1,2,-1,-1,-1,-1,-1,46526,47820,48750,49936,51102,52276,2070,2000,2000,2000,2000,2100,23474,22180,21250,20064,18898,17724,284240,1
170000,2,4,1,-1,-1,-1,-1,-1,-1,169398,143539,125642,48926,23381,24492,5679,6642,8926,3381,4000,2983,602,26461,44358,121074,146619,145508,503767,0
80000,2,4,1,2,2,2,-1,-1,-1,77096,83189,81308,81847,81077,79885,8000,0,2800,3000,3390,7950,2904,-3189,-1308,-1847,-1077,115,459262,0
310000,2,4,1,-1,-1,-1,-1,-1,-1,122127,110388,119365,113435,140988,145161,10000,10124,20000,30125,30137,20171,187873,199612,190635,196565,169012,164839,630907,0
230000,1,4,1,-1,-1,-1,-1,-1,-1,145959,94798,70299,40299,33112,18009,3551,3000,1284,1000,1000,1000,84041,135202,159701,189701,196888,211991,391641,0
20000,2,4,1,-1,-1,-1,-1,-1,-1,18833,19404,18699,19324,16234,16609,1290,2000,2000,1000,1000,3000,1167,596,1301,676,3766,3391,98813,0
270000,2,2,1,1,2,-1,-1,-1,-1,253072,247521,253024,258109,243331,247504,0,11000,11000,8900,9000,9200,16928,22479,16976,11891,26669,22496,1453461,0
230000,3,4,1,-1,2,-1,-1,-1,-1,6155,5650,3004,4200,1400,4222,500,3004,4200,0,4222,4649,223845,224350,226996,225800,228600,225778,8056,1
230000,2,4,1,-1,-1,-1,-1,-1,-1,7865,12377,12543,13713,17960,650,5000,2000,1500,5000,650,0,222135,217623,217457,216287,212040,229350,50958,0
200000,1,4,1,-1,-1,-1,-1,2,2,58833,61991,7357,9471,8538,7685,4100,3000,3000,0,1000,0,141167,138009,192643,190529,191462,192315,142775,0
30000,3,4,1,-1,-1,-1,-1,-1,2,8432,25460,557,1299,600,450,25460,1000,1306,600,0,11961,21568,4540,29443,28701,29400,29550,-3529,0
300000,2,4,1,-1,-1,2,2,2,2,275855,286812,280337,318248,316147,303666,15000,7000,50000,12000,0,13000,24145,13188,19663,-18248,-16147,-3666,1684065,1
500000,1,4,1,-1,-1,-1,-1,-1,-1,16090,36635,75434,928,56705,81334,37039,78079,1708,25000,106260,20000,483910,463365,424566,499072,443295,418666,-960,0
170000,1,4,1,1,-1,-1,-1,-2,-2,0,6390,1690,0,0,0,6390,1690,0,0,0,0,170000,163610,168310,170000,170000,170000,0,0
200000,2,4,1,-1,-1,-1,-1,-1,-1,18568,-49,980,3682,3682,0,0,1029,3682,0,0,590,181432,200049,199020,196318,196318,200000,21562,0
500000,1,4,1,-1,-1,-1,-1,-1,-1,33107,34773,35426,28479,15729,7905,7000,6664,1500,501,5000,3000,466893,465227,464574,471521,484271,492095,131754,0
50000,2,4,1,-1,-1,-1,-1,-1,-1,50029,48347,49268,50437,37302,38302,2100,2000,2100,1400,1600,1600,-29,1653,732,-437,12698,11698,262885,0
150000,1,4,1,-1,2,-1,-1,-1,-1,2599,1530,390,1366,780,0,0,390,1366,0,0,431,147401,148470,149610,148634,149220,150000,4478,0
100000,2,4,1,-1,-1,-1,-1,-1,-1,47107,60800,68095,64339,15522,51336,18000,10000,2635,15522,41136,2000,52893,39200,31905,35661,84478,48664,217906,0
150000,1,4,1,-1,-1,-1,-1,-1,-1,24848,22726,11145,15690,17875,24590,14000,5000,5000,7875,13000,2000,125152,127274,138855,134310,132125,125410,69999,0
170000,1,4,1,-1,-1,-1,-1,-1,-1,22680,13827,9522,10254,5520,6212,2000,2000,2000,0,2000,1320,147320,156173,160478,159746,164480,163788,58695,0
100000,2,4,1,-1,-1,-1,-1,-1,-1,42713,50270,22576,18247,22029,19540,10000,10000,1500,4000,5000,5000,57287,49730,77424,81753,77971,80460,139875,0
160000,1,4,1,-2,-2,-2,-2,-2,-2,1040,1188,1276,372,372,372,1320,1276,372,372,372,372,158960,158812,158724,159628,159628,159628,536,0
90000,1,4,1,-1,-1,-1,2,-1,-1,37026,40641,42142,35349,29790,26414,5000,3611,199,208,0,2000,52974,49359,47858,54651,60210,63586,200344,0
190000,2,4,1,-1,-1,-1,-1,-1,-1,97136,98767,101452,103471,104083,106359,4418,5452,5471,4083,4359,3697,92864,91233,88548,86529,85917,83641,583788,0
200000,2,4,1,-1,-1,-1,-1,-1,-1,61940,63314,64699,66029,66836,68390,3000,3000,3000,2500,2632,2700,138060,136686,135301,133971,133164,131610,374376,0
50000,2,2,1,-1,-1,2,2,-1,-1,56701,57421,54587,49571,50028,17159,5000,2000,0,1809,35082,2000,-6701,-7421,-4587,429,-28,32841,239576,0
260000,1,4,1,-2,-2,-2,-2,-2,-2,-28,5735,693,1557,685,11625,5763,703,1564,688,11683,6997,260028,254265,259307,258443,259315,248375,-7131,0
250000,2,4,1,-1,-1,-1,-2,-1,-1,20687,14082,-38,-38,7581,5625,14158,0,0,7619,5653,652,229313,235918,250038,250038,242419,244375,19817,0
230000,1,4,1,-2,-1,2,-1,-1,-1,3764,10943,6588,4571,2526,5375,11142,1430,4571,2526,5375,3133,226236,219057,223412,225429,227474,224625,5590,0
240000,1,4,1,-1,-1,-1,-1,-1,-1,28700,21944,12450,27255,6280,7619,1639,12450,28969,6280,7619,3000,211300,218056,227550,212745,233720,232381,44291,0
110000,1,4,1,-1,-1,-1,-1,-1,-1,110553,108387,111427,111697,111956,111325,4000,4800,4300,4300,4400,3874,-553,1613,-1427,-1697,-1956,-1325,639671,1
60000,1,4,1,1,-2,-2,-1,-1,-1,0,0,0,150,1179,778,0,0,150,1179,778,496,60000,60000,60000,59850,58821,59222,-496,0
80000,1,4,1,-1,-1,-1,-1,-1,-1,42377,32482,20782,11632,64989,62392,2008,1000,11632,64989,1470,5027,37623,47518,59218,68368,15011,17608,148528,0
230000,2,4,1,-1,-1,-1,-1,-1,-1,111295,112425,95155,72983,70329,69340,4473,5000,2624,2360,3100,1600,118705,117575,134845,157017,159671,160660,512370,0
210000,1,4,1,-1,-1,-1,-1,-1,-1,7457,1512,8475,5499,2960,670,1512,8475,5499,2960,670,25594,202543,208488,201525,204501,207040,209330,-18137,0
100000,2,4,1,2,2,2,2,2,-1,72464,70710,72432,74322,74496,76058,0,3462,3700,2000,2760,2776,27536,29290,27568,25678,25504,23942,425784,1
50000,2,4,1,2,2,2,2,-1,-1,48286,49286,50006,48846,45944,46925,2100,1800,0,1624,1700,3000,1714,714,-6,1154,4056,3075,279069,1
50000,2,4,1,-1,-1,-1,2,-1,-1,42391,44689,48172,46937,48570,50144,3000,4200,0,3000,3800,0,7609,5311,1828,3063,1430,-144,266903,0
40000,1,4,1,-1,-1,-1,-1,-1,-1,27025,32228,38904,4235,87230,72647,6000,8040,4235,87230,3000,10000,12975,7772,1096,35765,-47230,-32647,143764,1
90000,2,4,1,-1,-1,-2,-1,-1,-2,3386,-63,0,1176,0,0,0,780,1176,0,0,0,86614,90063,90000,88824,90000,90000,2543,0
70000,1,4,1,-1,-1,-1,-1,2,2,35871,37174,37904,40651,39697,42253,1902,1632,3379,0,3200,0,34129,32826,32096,29349,30303,27747,223437,0
30000,2,2,1,-1,-1,-1,-1,2,-1,20105,21419,22278,24423,19985,15021,1650,1506,2651,0,2044,550,9895,8581,7722,5577,10015,14979,114830,0
170000,1,4,1,-1,-1,-1,-1,-1,-1,272,272,272,755,759,602,272,272,755,759,602,2581,169728,169728,169728,169245,169241,169398,-2309,0
80000,2,4,1,-1,-1,-1,-1,-1,-1,83120,51347,44878,42108,28316,29523,1764,1906,2000,2000,2000,2000,-3120,28653,35122,37892,51684,50477,267622,0
140000,2,4,1,-1,-1,-1,-1,-1,-1,16037,17066,21199,390,0,390,2000,5000,390,0,390,780,123963,122934,118801,139610,140000,139610,46522,0
30000,2,4,1,-1,-1,2,-1,-1,-1,5293,8107,7738,10179,11902,13109,3000,0,3000,2000,1500,1000,24707,21893,22262,19821,18098,16891,45828,0
40000,2,4,1,-1,-1,-1,-1,-1,-1,26133,26896,27961,28995,29612,30434,1500,1500,1500,1100,1300,1200,13867,13104,12039,11005,10388,9566,161931,1
50000,1,4,1,1,-2,-2,-1,-1,-1,0,0,0,1363,0,1624,0,0,1363,0,1624,2349,50000,50000,50000,48637,50000,48376,-2349,0
230000,2,4,1,-1,-1,-1,-1,-1,-1,2656,3678,4650,3234,4174,5100,1074,1046,1060,1000,1000,5000,227344,226322,225350,226766,225826,224900,13312,0
60000,1,4,1,1,-1,-1,-1,-1,-1,0,3947,5691,21001,17931,2439,3947,5691,21028,0,0,841,60000,56053,54309,38999,42069,57561,19502,0
60000,1,4,1,-1,-1,-1,-1,-1,-1,62321,61015,58160,51237,29999,28972,3000,3016,5011,1005,1000,14000,-2321,-1015,1840,8763,30001,31028,264672,0
250000,2,4,1,-1,-1,-1,-1,-1,-1,46948,46351,33227,33732,32245,37589,2500,10000,3000,3000,8000,0,203052,203649,216773,216268,217755,212411,203592,0
240000,1,2,1,-1,-1,-1,-1,-1,-1,41923,21409,17833,194043,194991,192800,1779,1000,194043,6530,7000,7000,198077,218591,222167,45957,45009,47200,445647,0
310000,1,4,1,-1,-1,-1,-1,-1,-1,176565,152037,166900,154297,146844,146883,25532,50120,30000,20000,5807,5800,133435,157963,143100,155703,163156,163117,806267,0
320000,1,4,1,-1,-1,-1,-1,-1,-1,293073,293210,290057,25922,22982,20553,13300,12756,1295,10312,8394,8242,26927,26790,29943,294078,297018,299447,891498,0
20000,1,4,1,-1,-1,-1,-2,-2,-2,12031,13446,0,0,0,0,5000,0,0,0,0,612,7969,6554,20000,20000,20000,20000,19865,0
300000,1,4,1,-1,-1,-1,-1,-1,-1,10291,19617,19326,10662,10162,10250,19326,10000,1940,10200,10500,10000,289709,280383,280674,289338,289838,289750,18342,0
50000,2,4,1,-1,-1,-1,-1,-1,-1,10051,14149,21514,25359,30400,39678,5000,10000,5000,5780,10000,10000,39949,35851,28486,24641,19600,10322,95371,0
570000,1,4,1,-1,-1,-1,-1,-1,-1,33675,29865,33337,32646,30465,31126,3000,5000,3016,3000,4000,4000,536325,540135,536663,537354,539535,538874,169098,0
160000,1,4,1,-1,-1,-1,-1,-1,-1,118695,125186,131648,137902,145046,152551,10000,10000,10000,10000,10000,6000,41305,34814,28352,22098,14954,7449,755028,0
230000,2,4,1,-1,-1,-1,-1,-1,-1,7539,6500,6500,45914,1465,600,6500,6500,45914,1465,600,958,222461,223500,223500,184086,228535,229400,6581,0
250000,1,4,1,-1,-1,-1,-1,-1,-1,45687,31114,21867,13190,27817,22001,5000,1585,3028,27817,0,0,204313,218886,228133,236810,222183,227999,124246,0
80000,2,4,1,-1,-1,-1,-1,-1,-1,77391,78198,78840,79855,79488,80001,2784,2887,3402,2790,2867,2894,2609,1802,1160,145,512,-1,456149,0
60000,3,4,1,-1,-1,-1,-1,-1,-1,396,43902,44802,42984,38495,39038,87804,2000,1567,1320,1500,2000,59604,16098,15198,17016,21505,20962,113426,0
90000,4,4,1,-1,-1,-1,-1,-1,-1,17584,18377,18496,11716,3163,30483,2000,1300,2000,67,30483,2905,72416,71623,71504,78284,86837,59517,61064,0
150000,1,2,1,-1,-1,-1,-1,-1,-1,8319,5056,2441,4471,2441,0,5056,2441,4471,2441,0,3987,141681,144944,147559,145529,147559,150000,4332,0
90000,3,2,1,-1,-1,-1,-1,-1,-1,25806,16919,17566,8718,6432,2655,1619,1266,1048,1032,1655,0,64194,73081,72434,81282,83568,87345,71476,0
150000,1,4,1,1,-2,-2,-2,-2,-1,0,0,0,0,0,9240,0,0,0,0,9240,0,150000,150000,150000,150000,150000,140760,0,0
150000,1,4,1,-1,-1,-1,-1,-1,-1,52824,15214,16452,17281,18576,18783,4000,2000,2000,2000,2000,3000,97176,134786,133548,132719,131424,131217,124130,0
400000,3,2,1,-1,-1,-1,-1,-1,-1,12570,958,4465,14272,1965,958,958,4465,14272,1965,958,6405,387430,399042,395535,385728,398035,399042,6165,0
200000,1,4,1,-1,-1,-1,-1,-1,-1,198890,200299,181617,181994,150013,150283,8058,6900,7022,5300,5368,5520,1110,-299,18383,18006,49987,49717,1024928,0
210000,1,4,1,-1,-1,-1,-1,-1,-1,66517,63828,60713,61949,61908,59914,3000,2500,6259,5000,3000,5000,143483,146172,149287,148051,148092,150086,350070,0
140000,2,2,1,-1,2,-1,-1,-1,-1,1953,1366,464,337,548,395,0,464,337,548,395,681,138047,138634,139536,139663,139452,139605,2638,1
220000,2,4,1,-1,-1,-1,-1,-1,-1,7468,5045,4944,7083,2495,8365,5045,4949,7083,2495,8365,5574,212532,214955,215056,212917,217505,211635,1889,0
250000,2,2,1,-1,-1,-1,-1,-1,-1,227762,191424,18016,15353,325,325,35018,1000,20000,325,325,318,22238,58576,231984,234647,249675,249675,396219,0
120000,1,4,1,-1,-1,-1,-1,-1,-1,328,413,3007,1927,1838,2472,417,3012,1927,1838,2472,2341,119672,119587,116993,118073,118162,117528,-2022,0
200000,2,2,1,1,-1,-1,-1,-1,-1,0,2658,150,3570,2853,0,2658,150,3570,2853,0,0,200000,197342,199850,196430,197147,200000,0,0
50000,2,4,1,1,2,2,2,-1,-1,22021,22334,21047,19925,20638,18803,1000,2000,1000,1000,1000,1000,27979,27666,28953,30075,29362,31197,117768,0
50000,3,4,1,-1,-1,-1,-1,-1,-1,50148,50761,35777,7464,42705,43662,1840,1311,2000,42705,1569,2822,-148,-761,14223,42536,7295,6338,178270,0
230000,1,4,1,-2,-2,-1,-1,-2,-2,20517,12883,10867,10100,3068,21064,12903,10880,10125,3076,21162,3224,209483,217117,219133,219900,226932,208936,17129,0
100000,1,2,1,2,2,-2,-2,-2,-2,1526,0,0,0,0,0,0,0,0,0,0,0,98474,100000,100000,100000,100000,100000,1526,0
50000,2,2,1,1,2,-1,-1,-1,-1,26293,25492,19680,19271,19659,19915,0,1609,2000,1000,715,883,23707,24508,30320,30729,30341,30085,124103,0
330000,1,4,1,-1,-1,-1,-1,-1,-1,37587,39183,39305,40251,41683,38978,2000,2000,3000,3000,3000,1500,292413,290817,290695,289749,288317,291022,222487,0
90000,1,4,1,-1,-1,-2,-2,-2,-2,3000,0,0,0,0,0,0,0,0,0,0,0,87000,90000,90000,90000,90000,90000,3000,0
150000,2,2,1,-1,-1,-1,-1,-1,-1,5877,6640,7408,8147,8054,7819,1268,1284,1271,426,283,484,144123,143360,142592,141853,141946,142181,38929,0
70000,3,4,1,2,2,2,2,2,2,24799,24102,26305,27570,28021,27436,0,2600,2000,1200,0,1500,45201,45898,43695,42430,41979,42564,150933,0
80000,1,4,1,-1,-1,-1,-1,-1,-1,71126,71009,69504,68262,70547,73040,4000,5002,4500,3000,3000,10000,8874,8991,10496,11738,9453,6960,393986,0
130000,2,4,1,-1,-1,-1,-1,-1,-1,131630,65325,2315,101035,82288,86788,3600,2315,100000,3500,8000,4000,-1630,64675,127685,28965,47712,43212,347966,0
130000,1,4,1,-1,-1,-1,3,3,2,101650,106271,119728,121140,117767,115640,4621,15107,5000,0,0,4200,28350,23729,10272,8860,12233,14360,653268,0
140000,2,4,1,-1,-1,-1,-2,-2,-2,389,403,0,0,0,0,407,0,0,0,0,1260,139611,139597,140000,140000,140000,140000,-875,1
240000,3,2,1,-1,-1,-1,-1,-1,-1,2400,152,3250,2391,1182,321,152,3250,2391,1182,321,118,237600,239848,236750,237609,238818,239679,2282,1
160000,1,4,1,-1,-1,-1,-1,-1,-1,2659,3859,10709,8677,4318,2659,3859,10709,1000,100,1000,2856,157341,156141,149291,151323,155682,157341,13357,0
50000,1,4,1,-1,-1,-1,-1,-1,-1,651,651,1072,1713,651,646,651,1072,1713,651,646,651,49349,49349,48928,48287,49349,49354,0,1
500000,1,4,1,-1,-1,-1,-1,-1,-2,17531,27016,10627,680,0,0,26588,10663,680,0,0,2360,482469,472984,489373,499320,500000,500000,15563,0
260000,2,2,1,-1,-1,-1,-1,-1,-1,238896,244419,250051,247271,250327,253355,11000,11065,9500,9000,9100,9500,21104,15581,9949,12729,9673,6645,1425154,0
100000,2,4,1,-1,-1,-1,-1,-1,-1,10693,26226,18726,19225,18299,20056,22622,2326,1600,0,4000,0,89307,73774,81274,80775,81701,79944,82677,0
130000,2,4,1,-1,-1,-1,-1,-1,-1,111388,113900,109062,105252,103969,104254,6000,5000,6000,10000,10000,5000,18612,16100,20938,24748,26031,25746,605825,0
80000,1,4,1,-1,-1,-1,-1,-1,-1,124224,124762,125778,128293,127839,128714,4574,4737,5753,5000,4330,4341,-44224,-44762,-45778,-48293,-47839,-48714,730875,0
400000,2,4,1,-1,-1,-1,-1,-1,-1,52875,55544,994,5030,4568,500,55544,994,5030,0,500,150,347125,344456,399006,394970,395432,399500,57293,0
360000,2,4,1,-1,-1,-1,-1,-1,-1,44179,37697,29686,23724,5576,2273,1498,1799,1008,120,2289,5302,315821,322303,330314,336276,354424,357727,131119,0
190000,1,4,1,-1,-1,2,-1,-1,-1,7188,9521,9224,10262,13083,13372,2459,0,1200,3000,500,510,182812,180479,180776,179738,176917,176628,54981,0
90000,2,4,1,-1,-1,-1,-1,-1,-1,41138,38755,38448,37612,36174,33769,2000,1866,1347,1065,1041,1500,48862,51245,51552,52388,53826,56231,217077,0
50000,1,4,1,-1,-1,-1,-1,-1,-1,8838,7662,40125,37552,22960,14735,6540,37130,2858,3000,1000,5000,41162,42338,9875,12448,27040,35265,76344,0
80000,2,4,1,-1,-1,2,2,2,2,49196,54033,52595,56709,55201,69270,6292,0,5000,0,15000,2600,30804,25967,27405,23291,24799,10730,308112,0
120000,2,4,1,-1,-1,-2,-1,-1,-1,1450,0,0,1187,1187,1187,0,0,1187,0,0,0,118550,120000,120000,118813,118813,118813,3824,0
100000,2,4,1,2,-1,-1,2,2,2,21117,22163,26789,26065,27615,28122,1400,5000,0,2300,1100,1300,78883,77837,73211,73935,72385,71878,140771,1
170000,1,2,1,1,-1,-1,-1,-1,-1,0,1295,0,376,0,376,1295,0,376,0,376,0,170000,168705,170000,169624,170000,169624,0,0
90000,1,4,1,-1,-1,-1,2,2,2,38355,39413,41181,41701,44000,45651,1700,2404,1500,3000,2500,600,51645,50587,48819,48299,46000,44349,238597,0
400000,1,4,1,-2,-2,-2,-2,-2,-2,0,0,0,0,18014,0,0,0,0,18014,3710,0,400000,400000,400000,400000,381986,400000,-3710,1
230000,1,4,1,-1,-1,-1,2,-1,-1,79108,70757,76049,68989,54450,39862,3187,7100,0,2700,2000,1572,150892,159243,153951,161011,175550,190138,372656,0
260000,1,4,1,-1,-1,-1,-1,-1,-1,207593,205105,209805,203532,199611,94363,7011,11932,4709,6087,0,1600,52407,54895,50195,56468,60389,165637,1088670,0
110000,2,4,1,-1,-1,-1,-1,-1,-1,56073,59635,63179,66637,68037,70448,4500,4500,4500,2500,3500,5800,53927,50365,46821,43363,41963,39552,358709,0
500000,2,4,1,-1,-1,-1,-1,-1,-1,319082,0,300165,281019,44528,40325,8752,0,21420,1002,935,967,180918,500000,199835,218981,455472,459675,952043,0
90000,2,4,1,-1,-1,-1,-1,-1,-1,2943,906,669,0,400,182,906,669,0,400,182,5634,87057,89094,89331,90000,89600,89818,-2691,0
60000,1,4,1,-1,-1,2,2,-1,-1,20729,14486,12163,8891,1723,40276,3016,1000,0,1723,40276,3000,39271,45514,47837,51109,58277,19724,49253,0
320000,2,2,1,-1,-1,2,-1,-1,-1,320635,313060,293055,269585,248093,239025,12500,22,11155,9100,8700,9183,-635,6940,26945,50415,71907,80975,1632793,1
320000,2,2,1,-1,-1,-1,-1,-1,-1,34818,22718,9398,10222,13791,13498,1690,1500,1000,3628,1041,1006,285182,297282,310602,309778,306209,306502,94580,0
190000,1,4,1,-1,-1,-1,-1,-1,-1,112039,114347,102229,83779,72666,63714,4600,4500,4000,2900,2800,3000,77961,75653,87771,106221,117334,126286,526974,0
80000,1,4,1,1,-2,-2,-2,-2,-2,0,0,0,0,0,0,0,0,0,0,0,0,80000,80000,80000,80000,80000,80000,0,1
230000,2,2,1,2,2,2,2,2,2,35610,38701,35043,35678,36730,35994,3706,0,1513,1730,2000,9000,194390,191299,194957,194322,193270,194006,199807,1
310000,1,2,1,-2,-2,-2,-2,-2,-2,594,235,5641,0,0,0,477,5648,0,0,0,2287,309406,309765,304359,310000,310000,310000,-1942,0
260000,2,4,1,-1,-1,-1,-1,-1,-1,150709,151527,155081,156138,145251,139784,6911,7514,6756,5176,5200,5700,109291,108473,104919,103862,114749,120216,861233,0
200000,1,4,1,1,-1,-1,-1,-1,-1,0,928,1280,1675,97,138,928,1000,1000,97,138,0,200000,199072,198720,198325,199903,199862,955,0
200000,1,4,1,-1,-1,-1,-1,-1,-1,65199,21489,0,1762,1768,860,6532,0,1762,6,1257,8308,134801,178511,200000,198238,198232,199140,73213,0
200000,2,4,1,-1,-1,-1,-1,-1,-1,50925,51519,53693,55506,63261,52979,2455,2629,2442,10000,1502,1517,149075,148481,146307,144494,136739,147021,307338,0
50000,2,4,1,-1,-1,-1,-1,-1,-1,28157,28409,27589,27875,28539,29202,1430,1770,1446,1500,1500,1073,21843,21591,22411,22125,21461,20798,161052,0
50000,3,4,1,-1,-1,-1,-1,-1,-1,52775,54397,55328,42511,31032,34510,2500,2000,2000,5000,4000,3000,-2775,-4397,-5328,7489,18968,15490,252053,1
50000,1,4,1,-1,-1,-1,-1,-1,-1,44498,41897,17304,16544,14787,15975,4000,4000,2000,3000,3000,3000,5502,8103,32696,33456,35213,34025,132005,0
240000,2,2,1,-1,-1,-1,-1,-1,-1,187431,186968,187967,187731,188603,185252,8200,8000,8000,7025,6500,7000,52569,53032,52033,52269,51397,54748,1079227,0
100000,2,4,1,-1,-1,-1,-1,-1,-1,7815,11139,3708,2180,1949,717,5000,1000,2180,1949,717,39000,92185,88861,96292,97820,98051,99283,-22338,0
230000,2,4,1,-1,-1,-1,-1,-1,-1,2454,1197,4556,4316,4316,4316,1197,4566,4316,4316,4316,4316,227546,228803,225444,225684,225684,225684,-1872,0
230000,1,4,1,-1,-1,-1,-1,-1,-1,4827,5605,7719,7601,12140,16145,2000,3050,5000,5000,5000,5000,225173,224395,222281,222399,217860,213855,28987,0
240000,2,2,1,2,2,2,2,2,-1,191137,210333,206332,214981,194817,186895,24000,0,12014,0,5307,5001,48863,29667,33668,25019,45183,53105,1158173,1
150000,2,2,2,-1,-1,-1,-1,-1,-1,35213,115041,135090,80085,35940,38460,115041,66066,2031,35940,38460,41154,114787,34959,14910,69915,114060,111540,141137,0
150000,2,2,2,-1,-1,-1,-1,-1,-1,1499,1231,0,1872,0,113,1231,0,1872,0,113,0,148501,148769,150000,148128,150000,149887,1499,0
200000,1,4,1,-1,-1,-1,-1,-1,-1,27869,5531,6781,12162,12410,12410,5531,6781,12162,248,0,1703,172131,194469,193219,187838,187590,187590,50738,0
60000,2,4,1,2,-1,-1,-1,-1,-1,58501,54932,85672,41483,19394,18893,2000,1900,1572,1000,700,668,1499,5068,-25672,18517,40606,41107,271035,1
50000,2,4,2,-1,-1,-1,-1,-1,-1,19889,20451,20426,19894,20294,20145,1500,1600,1600,1000,900,1000,30111,29549,29574,30106,29706,29855,113499,0
140000,2,4,2,-1,-1,-1,-1,-1,-1,277,19983,17685,36603,27886,7659,19983,17725,36621,0,7847,43467,139723,120017,122315,103397,112114,132341,-15550,0
220000,1,2,2,2,2,-1,-1,-1,-1,150682,139629,136020,115942,54611,42363,0,6824,2726,1239,2953,112742,69318,80371,83980,104058,165389,177637,512763,0
300000,1,4,1,-2,-2,-2,-2,-2,-2,936,0,744,2826,0,18525,0,744,3000,0,18525,3078,299064,300000,299256,297174,300000,281475,-2316,0
300000,1,4,1,-2,-2,-2,-2,-2,-2,-5478,-8584,-14998,10980,1123,4665,1220,33,30044,12,11493,4983,305478,308584,314998,289020,298877,295335,-60077,0
200000,1,4,1,-1,-1,-1,-1,-1,-1,118296,94899,71050,68967,47951,45519,3900,3000,3015,1600,1600,1400,81704,105101,128950,131033,152049,154481,432167,0
80000,2,6,1,-1,-1,2,-1,-1,-1,6441,14342,6187,7757,8451,6625,14349,5,7761,8460,6630,6218,73559,65658,73813,72243,71549,73375,6380,0
430000,2,4,1,2,-1,-1,-1,-1,-1,75249,77754,79822,81859,83844,86082,3754,3322,3359,3344,3582,3623,354751,352246,350178,348141,346156,343918,463626,1
60000,2,6,1,-1,-1,-1,-1,-1,-1,4134,3596,3801,694,531,531,1200,1000,2694,531,531,681,55866,56404,56199,59306,59469,59469,6650,0
170000,2,4,1,-1,-1,-1,-1,-1,-1,1333,1359,886,1042,1577,1574,1359,886,1051,1577,1574,287,168667,168641,169114,168958,168423,168426,1037,0
50000,2,4,1,-1,-1,-1,-1,-1,-1,26159,27222,27954,26702,26993,25758,1800,1500,1800,1000,1200,1200,23841,22778,22046,23298,23007,24242,152288,0
420000,2,4,1,-1,-1,-1,-1,-1,-1,24434,22586,36569,28994,15159,9379,1500,28000,1210,303,2000,0,395566,397414,383431,391006,404841,410621,104108,0
80000,2,4,1,3,2,2,2,2,2,45088,46040,46998,47929,46860,51931,2000,2000,2000,0,6000,0,34912,33960,33002,32071,33140,28069,272846,1
230000,1,4,1,-1,-1,-1,-1,-1,-2,17077,22420,57255,34289,0,0,22437,57326,34311,0,0,0,212923,207580,172745,195711,230000,230000,16967,1
270000,2,4,1,-1,-1,-1,-1,-1,-1,62516,48770,47846,39772,35143,44371,1854,1952,1418,5000,14000,2500,207484,221230,222154,230228,234857,225629,251694,0
500000,1,4,1,-1,-1,-1,-1,-1,-1,56437,58076,59534,51006,44360,34229,2357,2001,6620,6015,10001,4137,443563,441924,440466,448994,455640,465771,272511,0
220000,2,4,1,-1,-1,-1,2,-1,-1,94311,95967,97995,97577,98583,99708,4319,5419,3000,3501,3629,7442,125689,124033,122005,122423,121417,120292,556831,0
180000,3,4,1,-1,-1,-1,-1,-1,-1,100772,85185,77698,67459,52777,46337,3034,4031,2495,1556,1431,1293,79228,94815,102302,112541,127223,133663,416388,0
50000,2,4,1,-1,-1,-1,-1,2,2,34448,35545,36620,40767,41495,42377,1975,1950,5100,1700,1700,700,15552,14455,13380,9233,8505,7623,218127,0
20000,4,4,1,1,2,-1,-1,-1,-1,11871,11375,10620,11355,11209,11299,0,1265,1000,244,500,500,8129,8625,9380,8645,8791,8701,64220,0
20000,1,4,1,1,-1,-1,-1,-1,-1,0,890,467,500,0,647,890,467,500,0,647,0,20000,19110,19533,19500,20000,19353,0,0
80000,1,4,1,1,2,2,-1,-1,-1,6261,6170,4258,7032,6348,1606,1000,0,7032,6348,1606,0,73739,73830,75742,72968,73652,78394,15689,0
120000,2,2,1,-1,-1,-1,-1,-1,-1,64049,65984,66825,68820,69776,71297,3000,2500,3100,2700,2800,2800,55951,54016,53175,51180,50224,48703,389851,0
40000,1,4,1,-1,-1,-1,-1,-1,-1,10389,11410,12970,13246,11024,9798,1200,1751,1027,250,385,1000,29611,28590,27030,26754,28976,30202,63224,0
100000,2,2,3,-2,-2,-2,-2,-2,-2,2811,1055,8090,5524,4973,1000,1055,8090,5549,4973,1000,1000,97189,98945,91910,94476,95027,99000,1786,0
90000,2,4,1,1,2,-1,-1,-1,-1,91830,89448,83949,47118,44942,45886,0,2549,1583,1444,1500,1511,-1830,552,6051,42882,45058,44114,394586,0
160000,2,4,1,-1,-1,-1,-1,-1,-1,160553,162449,157395,159178,121642,124347,6050,7771,7300,4163,4470,4609,-553,-2449,2605,822,38358,35653,851201,0
100000,1,4,1,-1,-1,-1,-1,-1,-1,27753,28306,14320,180,2500,12411,1632,1000,180,2500,10000,0,72247,71694,85680,99820,97500,87589,70158,0
230000,1,4,1,-1,-1,-1,-1,-1,-1,50757,52906,54454,53457,55128,52788,3000,3000,2000,2500,2500,2000,179243,177094,175546,176543,174872,177212,304490,0
60000,1,4,1,-1,-1,-1,-1,-1,-1,37878,35511,28894,21556,21494,21838,3000,2000,1600,3000,2800,0,22122,24489,31106,38444,38506,38162,154771,0
300000,1,2,1,2,-1,-1,-1,-1,-1,800,1946,2612,3408,1908,1108,1946,2612,1914,0,1108,530,299200,298054,297388,296592,298092,298892,3672,0
140000,2,2,1,-1,-1,-1,-1,-1,-1,129289,90352,85052,65758,46847,39777,3713,3546,2589,1960,1733,1379,10711,49648,54948,74242,93153,100223,442155,0
300000,1,4,1,-2,-2,-2,-2,-2,-2,1049,205,4962,13634,41510,-1087,205,4962,13634,41510,0,3940,298951,299795,295038,286366,258490,301087,-3978,1
60000,1,4,1,-1,-1,-1,-1,-1,-1,23304,20517,20261,22832,24234,24928,3000,3000,3000,2000,2000,2000,36696,39483,39739,37168,35766,35072,121076,0
360000,2,4,1,-2,-2,-2,-2,-1,-1,0,1307,747,1707,792,1346,1307,747,1707,850,1346,0,360000,358693,359253,358293,359208,358654,-58,0
100000,1,4,1,1,2,-1,-1,-1,-1,3788,1263,2394,2839,32934,31056,0,2000,3000,31000,2000,5000,96212,98737,97606,97161,67066,68944,31274,0
100000,2,4,1,-1,-1,-1,-1,-1,-1,3262,3262,326,6198,326,326,3262,326,6198,326,326,326,96738,96738,99674,93802,99674,99674,2936,0
320000,1,4,1,-2,-1,2,-1,-1,-1,0,192,192,2518,255,1945,192,0,2518,255,1945,301,320000,319808,319808,317482,319745,318055,-109,0
500000,2,4,1,-2,-2,-2,-2,-2,-2,902,0,0,0,0,0,0,0,0,0,0,19440,499098,500000,500000,500000,500000,500000,-18538,0
180000,1,4,2,-2,-2,-2,-2,-2,-2,405,4445,5047,200,745,0,4445,5047,200,745,0,0,179595,175555,174953,179800,179255,180000,405,0
280000,2,2,2,2,-1,-1,-1,-1,-1,18925,20223,15883,15547,14472,15086,1976,2000,1600,1000,1000,1100,261075,259777,264117,264453,265528,264914,91460,1
140000,2,2,2,-1,-1,-1,-1,-1,-1,13859,16229,16459,14753,13437,14745,5000,1286,1476,423,3000,1000,126141,123771,123541,125247,126563,125255,77297,0
200000,2,2,2,-1,2,-1,2,-1,-1,1877,1690,6314,6034,6034,2493,0,6314,0,0,0,0,198123,198310,193686,193966,193966,197507,18128,0
270000,1,4,2,-1,-1,-1,2,-1,-1,25628,27880,35387,34524,36630,38871,3000,8000,0,3000,3000,2000,244372,242120,234613,235476,233370,231129,179920,0
230000,1,2,2,-1,-1,-1,-1,-1,-1,5442,5142,5305,5661,3935,4460,1210,3116,1000,2000,2000,2000,224558,224858,224695,224339,226065,225540,18619,0
210000,1,4,1,1,-1,-1,-2,-1,-1,-12,2425,-12,-12,5884,0,2437,0,0,5896,0,89886,210012,207575,210012,210012,204116,210000,-89946,0
170000,1,4,1,-1,-1,-1,-1,-1,-2,1380,9493,8794,2301,0,0,9533,5004,2301,0,0,7800,168620,160507,161206,167699,170000,170000,-2670,0
230000,1,4,1,-2,-2,-2,-2,-2,-2,360,0,0,0,100,900,0,0,0,100,900,715,229640,230000,230000,230000,229900,229100,-355,0
300000,2,4,1,-1,-1,-1,-1,-1,-1,164437,140536,124802,80088,25283,12358,5100,6001,3500,705,3000,2300,135563,159464,175198,219912,274717,287642,526898,0
150000,3,4,1,-1,-1,-1,-2,-2,-1,3850,227,0,0,0,1500,227,0,0,0,1500,1606,146150,149773,150000,150000,150000,148500,2244,0
360000,1,4,1,1,-2,-2,-2,-2,-2,0,0,0,0,0,0,0,0,0,0,0,0,360000,360000,360000,360000,360000,360000,0,0
110000,2,4,1,2,-1,-1,-1,-1,-1,99876,72548,74379,75878,78503,80451,3000,3000,3000,3500,3000,3000,10124,37452,35621,34122,31497,29549,463135,1
150000,1,6,2,1,-1,2,-1,-1,-1,6043,50,6527,2168,-7,1373,0,8589,2500,0,1380,0,143957,149950,143473,147832,150007,148627,3685,0
50000,1,4,1,-1,-1,-1,-1,-1,-1,49959,47675,48349,46192,45272,46230,2100,2426,2100,1600,2000,1900,41,2325,1651,3808,4728,3770,271551,0
170000,1,4,1,-1,-1,2,-1,-1,-1,356,1472,736,736,736,736,1536,0,736,736,736,736,169644,168528,169264,169264,169264,169264,292,0
210000,2,4,1,-1,-1,-1,-1,-1,-1,26311,24805,25810,27071,27817,28401,2000,1800,2000,1500,1031,1191,183689,185195,184190,182929,182183,181599,150693,0
50000,2,4,1,2,2,2,-1,-1,-1,45004,48119,42958,37812,15617,9625,3880,10,8656,1044,349,414,4996,1881,7042,12188,34383,40375,184782,1
200000,2,4,2,-1,-1,-1,2,-1,-1,4644,5670,8107,7523,8345,19030,1263,2700,0,1000,11000,707,195356,194330,191893,192477,191655,180970,36649,0
100000,1,4,1,-1,-1,-1,-1,-1,-1,29086,19091,17916,12233,6741,-24,1400,1506,1209,0,0,0,70914,80909,82084,87767,93259,100024,80928,0
180000,2,4,2,-1,-1,-1,-1,-1,-1,112900,0,178143,181625,164914,145052,0,181625,8350,5005,5000,6800,67100,180000,1857,-1625,15086,34948,575854,0
80000,2,2,2,-1,-1,-1,-1,-1,-1,75564,77708,78888,80466,28186,28445,3406,3518,3558,1200,1100,1500,4436,2292,1112,-466,51814,51555,354975,0
80000,2,2,1,-1,-1,-1,-2,-2,-2,56720,5958,4303,3850,0,0,5958,4321,3869,0,0,0,23280,74042,75697,76150,80000,80000,56683,1
50000,3,2,1,-1,-1,-1,-1,-1,-1,47425,48171,46466,47226,46917,47571,2100,2100,2105,2000,1800,3500,2575,1829,3534,2774,3083,2429,270171,0
560000,2,2,1,-2,-2,-2,-2,-2,-2,2740,2740,2740,2740,1703,27802,2740,2740,2740,1703,27802,1500,557260,557260,557260,557260,558297,532198,1240,0
150000,2,4,1,2,-1,-1,-1,-1,-1,89336,90337,84905,86814,73827,60284,4027,4004,5016,5004,3000,5005,60664,59663,65095,63186,76173,89716,459447,1
310000,2,4,1,-1,-1,-1,-1,-1,-1,1261,1261,1261,1651,390,390,1261,1261,1651,0,390,390,308739,308739,308739,308349,309610,309610,1261,1
210000,2,4,1,-1,-1,-1,-1,-1,-1,1856,8657,10371,0,2700,2278,8657,10427,0,2700,2278,2900,208144,201343,199629,210000,207300,207722,-1100,0
200000,1,4,1,-2,-2,-2,-2,-2,-2,4941,5555,15546,1665,3370,-36,5610,15616,1673,3385,0,95456,195059,194445,184454,198335,196630,200036,-90699,0
100000,1,4,1,-1,-1,-1,-1,-1,-1,14309,11226,13142,12280,938,796,1268,2184,38500,938,796,0,85691,88774,86858,87720,99062,99204,9005,0
200000,2,2,1,-2,-2,-2,-2,-2,-2,34819,165,1850,1538,165,165,165,1850,1538,165,165,165,165181,199835,198150,198462,199835,199835,34654,0
40000,2,2,1,-1,-1,2,-1,-1,-1,29195,32043,31250,31962,32752,33571,3650,0,1533,1322,1500,1221,10805,7957,8750,8038,7248,6429,181547,0
80000,3,2,1,-2,-2,-2,-2,-2,-2,456,3351,9452,1584,2200,7042,3366,9481,1588,2206,7073,4186,79544,76649,70548,78416,77800,72958,-3815,0
360000,3,4,1,-2,-2,-2,-2,-2,-2,3307,0,0,0,0,1131,0,0,0,0,1131,3409,356693,360000,360000,360000,360000,358869,-102,0
290000,2,4,1,-1,-1,-1,-1,-1,-1,15042,28827,45913,44656,24692,7208,15000,20000,37092,20000,7208,34000,274958,261173,244087,245344,265308,282792,33038,0
90000,1,4,1,-2,-2,-2,-2,-2,-2,1944,0,0,0,0,0,0,0,0,0,0,0,88056,90000,90000,90000,90000,90000,1944,0
280000,1,4,1,-1,-1,-1,-1,-1,-1,33210,526,9252,21254,1608,407,726,9298,21360,1614,2,4069,246790,279474,270748,258746,278392,279593,29188,0
50000,1,4,1,-1,-1,-1,-1,-1,-1,22120,14577,16275,23790,2250,2100,4000,3096,12000,2250,500,0,27880,35423,33725,26210,47750,47900,59266,0
200000,3,2,1,-1,-1,-1,-1,-1,-1,203621,203424,199728,195609,131981,131294,7464,7889,6600,4602,4900,4726,-3621,-3424,272,4391,68019,68706,1029476,0
400000,2,4,2,-1,-1,-1,-1,-1,-1,438569,446484,454826,411587,368563,252669,16718,16289,14100,12958,7807,6667,-38569,-46484,-54826,-11587,31437,147331,2298159,0
210000,1,4,2,-2,-2,-2,-2,-2,-2,0,0,4811,2994,14321,5193,0,4811,2994,14327,5193,2723,210000,210000,205189,207006,195679,204807,-2729,0
50000,2,2,2,-1,-1,-1,-1,-1,-2,47800,50725,53518,4199,0,0,3725,2364,2398,0,0,17324,2200,-725,-3518,45801,50000,50000,130431,1
150000,1,4,2,-1,-1,-1,-1,-1,-1,4205,1264,10830,2501,4461,1240,1264,10830,2501,4461,1240,165,145795,148736,139170,147499,145539,148760,4040,0
230000,1,4,1,1,-2,-1,-1,-1,-1,0,0,249,0,449,1530,0,249,0,449,1530,0,230000,230000,229751,230000,229551,228470,0,0
70000,1,4,1,-1,-1,-1,-1,-1,-1,75040,75705,69514,69312,69412,68692,3000,3000,3100,3000,3000,2700,-5040,-5705,486,688,588,1308,409875,0
450000,1,2,1,-1,-1,-1,-1,-1,-1,104457,68877,62223,65522,61413,63547,2489,2528,10179,10013,5183,5000,345543,381123,387777,384478,388587,386453,390647,0
80000,2,4,1,-1,-1,-1,-1,-1,-1,70810,72231,73953,69366,57435,39322,3200,3501,2500,2000,2000,1000,9190,7769,6047,10634,22565,40678,368916,0
380000,2,4,2,-1,-1,-1,-1,-1,-1,305489,299641,256345,258936,228387,203931,11687,12160,12434,8651,8531,6974,74511,80359,123655,121064,151613,176069,1492292,0
100000,2,2,2,-1,-1,-1,-1,-1,-1,91192,91305,103216,88782,35146,39849,4000,15074,16197,13112,43122,43000,8808,8695,-3216,11218,64854,60151,314985,0
30000,2,2,2,-1,-1,-1,-1,-1,-1,24358,23798,23071,23496,26562,27346,3000,4000,3000,5000,5000,3000,5642,6202,6929,6504,3438,2654,125631,0
140000,1,4,2,-1,-1,-1,-1,-1,-1,3886,4906,5233,6206,7140,8161,1100,1500,1100,1000,1100,1000,136114,135094,134767,133794,132860,131839,28732,0
320000,1,4,1,1,2,2,2,2,2,43243,42537,41370,40694,39606,38680,2000,1500,2000,1500,1500,0,276757,277463,278630,279306,280394,281320,237630,1
20000,2,2,1,-1,-1,-1,-1,-1,-1,18919,16743,17857,18310,18000,17294,1600,1687,1140,1800,1000,0,1081,3257,2143,1690,2000,2706,99896,0
350000,2,4,1,-1,-1,2,-1,-1,-1,327915,342405,344459,351335,143291,98042,20000,9000,15076,5000,4000,4000,22085,7595,5541,-1335,206709,251958,1550371,1
180000,2,4,1,-1,-1,-1,-1,-1,-1,175063,126801,96043,85554,77007,72461,5000,5015,4000,3000,3000,3000,4937,53199,83957,94446,102993,107539,609914,0
30000,2,4,1,-1,-1,-1,-1,-1,-1,28347,28296,25819,26409,26401,26448,2300,2390,1718,1100,1000,2000,1653,1704,4181,3591,3599,3552,151212,0
110000,1,4,1,-1,-1,2,-1,-1,-1,111863,111569,110768,110480,48708,47060,6001,5000,5060,2000,3000,5000,-1863,-1569,-768,-480,61292,62940,514387,0
50000,2,4,1,-1,-1,-1,-1,-1,-2,2568,3589,4608,4919,0,0,1070,1089,1000,0,0,0,47432,46411,45392,45081,50000,50000,12525,0
200000,2,4,2,-1,-1,-1,-1,-1,-1,2718,590,8971,8509,29645,7300,591,8981,8525,29713,7305,20914,197282,199410,191029,191491,170355,192700,-18296,0
100000,2,4,1,-1,-1,-1,-1,-1,-1,87018,75666,74709,76143,73327,147496,3267,3324,4220,2728,2800,2825,12982,24334,25291,23857,26673,-47496,515195,0
100000,1,4,1,-1,-1,-2,-2,-1,-1,4829,0,0,0,5330,0,0,0,0,5330,1274,2100,95171,100000,100000,100000,94670,100000,1455,0
150000,1,4,1,-1,-1,-1,-1,2,-1,1148,3019,100,802,802,702,2000,100,702,0,0,0,148852,146981,149900,149198,149198,149298,3771,1
60000,2,2,1,-1,-1,-1,-1,-1,-1,60915,54738,47023,57554,27412,27829,2255,2469,25000,1200,1008,1057,-915,5262,12977,2446,32588,32171,242482,0
80000,2,2,1,-1,-1,-1,-1,-1,-1,20417,3061,7920,2830,3092,2315,3082,7932,2838,3112,2333,0,59583,76939,72080,77170,76908,77685,20338,0
150000,1,4,1,-1,-1,-1,-1,-1,-1,7448,2089,174,640,2414,500,2089,174,640,2414,500,3158,142552,147911,149826,149360,147586,149500,4290,0
30000,1,4,1,-1,-1,-1,-1,-1,-1,30342,29337,29956,29782,27290,27865,1500,1485,2000,1000,1014,4413,-342,663,44,218,2710,2135,163160,1
150000,1,4,1,-1,-1,-1,-1,-1,-1,205467,195764,197085,202517,56898,58262,6000,6000,6000,5000,2000,2000,-55467,-45764,-47085,-52517,93102,91738,888993,0
250000,1,4,1,-1,-1,-1,-1,-1,-1,50122,44742,43194,41381,33246,32948,2027,2020,1510,1000,1000,7000,199878,205258,206806,208619,216754,217052,231076,0
500000,1,4,1,-1,-1,-1,-1,-1,-1,36051,30912,33740,15272,17015,18740,2065,25099,2000,2000,2000,2000,463949,469088,466260,484728,482985,481260,116566,0
230000,1,4,1,-1,-1,-1,-1,-1,-1,65862,61532,37214,37680,33708,565,5000,1954,1420,3708,565,0,164138,168468,192786,192320,196292,229435,223914,0
160000,1,4,1,-2,-2,-2,-2,-2,-2,386,4194,196,7730,3113,3484,4194,196,7741,3113,3484,2475,159614,155806,159804,152270,156887,156516,-2100,0
360000,1,2,2,-2,-2,-2,-2,-2,-2,9315,58319,48179,14702,20444,30833,58617,48426,14775,20559,30954,14905,350685,301681,311821,345298,339556,329167,-6444,0
400000,2,2,2,-1,-1,-1,-1,-1,-1,30667,31160,23054,8453,10387,9222,5034,2086,2025,5006,543,1711,369333,368840,376946,391547,389613,390778,96538,0
130000,1,4,1,-1,-1,2,-1,-1,-1,93761,100172,97727,98588,97129,98016,8901,0,3401,3509,3671,3240,36239,29828,32273,31412,32871,31984,562671,0
80000,1,4,1,-1,-1,-1,-1,-1,-1,70723,72151,73888,75345,75040,75211,3200,3500,3300,2800,2900,2900,9277,7849,6112,4655,4960,4789,423758,0
160000,1,4,1,-2,-2,-2,-2,-2,-2,316,1599,2328,1798,1000,1442,1617,2378,1798,1000,1442,0,159684,158401,157672,158202,159000,158558,248,0
390000,1,2,1,-1,-1,-1,-1,-1,-1,60697,64440,67503,68566,65411,66597,5000,5000,5007,5000,5000,5000,329303,325560,322497,321434,324589,323403,363207,0
200000,2,4,2,-1,2,2,-1,-1,-1,3707,3347,0,665,2846,6586,0,16550,665,2846,6586,3807,196293,196653,200000,199335,197154,193414,-13303,1
30000,2,2,2,-1,-1,-1,-1,-1,-1,9211,9133,10165,11441,11479,11719,1154,1186,1462,500,400,434,20789,20867,19835,18559,18521,18281,58012,0
50000,3,4,2,-1,3,2,-1,2,-1,780,780,390,2724,2183,2638,0,0,2724,0,1004,2032,49220,49220,49610,47276,47817,47362,3735,0
180000,2,4,2,-1,-1,-1,-1,-1,-1,69502,69878,71866,72140,60885,32397,2500,3300,2140,1885,4000,95000,110498,110122,108134,107860,119115,147603,267843,0
200000,3,4,2,-1,-1,-1,-1,-1,-1,148959,152810,159907,168200,148987,152224,6700,10000,10000,4183,4465,4352,51041,47190,40093,31800,51013,47776,891387,0
180000,2,2,2,-1,-1,-1,-1,2,-1,151307,143025,140984,85948,80069,77462,6000,6000,8009,0,3000,3000,28693,36975,39016,94052,99931,102538,652786,0
250000,1,4,2,-1,-1,-1,-1,-1,-1,36439,30161,24326,13198,6686,9423,5000,1298,1000,134,9423,19346,213561,219839,225674,236802,243314,240577,84032,0
180000,1,4,1,-1,-1,-1,-1,-1,-1,3900,222,906,6101,50372,1203,222,908,6101,48251,1207,4545,176100,179778,179094,173899,129628,178797,1470,0
50000,2,2,2,-1,-1,-1,-1,-1,-1,48971,38736,26945,27541,27689,28868,1754,1500,3038,976,2000,1077,1029,11264,23055,22459,22311,21132,188405,0
220000,1,2,2,-1,-1,-1,-1,-1,-1,199040,182158,143895,147039,152384,159631,10032,7000,7500,10000,10000,7000,20960,37842,76105,72961,67616,60369,932615,0
360000,2,2,2,-2,-2,-2,-2,-2,-2,990,990,990,990,990,990,990,990,990,990,990,4970,359010,359010,359010,359010,359010,359010,-3980,0
500000,1,4,1,-1,-1,-1,-1,-1,-1,33252,39078,33086,18304,16604,9505,10000,2014,3030,8006,1000,1000,466748,460922,466914,481696,483396,490495,124779,0
50000,3,2,2,-1,-1,-1,-1,-1,-1,1032,1464,1722,316,2615,2104,1464,1722,316,2615,2104,3379,48968,48536,48278,49684,47385,47896,-2347,0
150000,2,4,2,-1,-1,-2,-2,-1,-1,55,-94,-208,-208,993,0,0,239,0,1201,0,2184,149945,150094,150208,150208,149007,150000,-3086,0
150000,2,4,2,-1,-1,-1,-1,-1,-1,13701,12009,11985,24310,17280,36986,12013,12005,24322,6000,37000,25017,136299,137991,138015,125690,132720,113014,-86,0
300000,1,4,2,-1,-1,-1,-1,-1,-1,720,0,69190,0,686,2927,0,69190,0,686,2927,2995,299280,300000,230810,300000,299314,297073,-2275,0
130000,1,4,1,-1,-1,-1,2,-1,-1,76582,86333,91715,89245,90827,87779,12000,7700,0,3001,3011,2816,53418,43667,38285,40755,39173,42221,493953,0
30000,3,4,1,2,-1,-1,2,2,2,15048,16795,18524,19923,19305,20994,2000,2000,2000,0,2000,0,14952,13205,11476,10077,10695,9006,102589,0
90000,2,4,1,-1,-1,-1,-1,-1,-1,27658,11865,4602,28426,8978,5104,6708,8853,28990,9028,5119,428,62342,78135,85398,61574,81022,84896,27507,0
90000,2,4,1,-1,-1,-1,-1,-1,2,88822,76400,0,2757,3060,2864,1588,0,2757,500,0,475,1178,13600,90000,87243,86940,87136,168583,1
70000,3,4,1,-1,-1,-1,-1,-1,-1,31337,34439,25170,20921,18229,20915,4000,3069,3000,2000,3000,3000,38663,35561,44830,49079,51771,49085,132942,0
80000,2,2,1,-1,-1,-1,-1,-1,-1,73267,74425,76347,51150,43193,44230,2971,3435,1750,1593,1730,1972,6733,5575,3653,28850,36807,35770,349161,1
60000,2,4,1,-1,-1,-1,-1,-1,-1,7885,9244,11082,12133,16891,17615,1500,2000,1242,5000,1000,700,52115,50756,48918,47867,43109,42385,63408,1
60000,3,4,1,-1,2,-1,-1,-1,-1,4837,3642,6232,6444,3783,3219,0,6472,6444,3219,0,0,55163,56358,53768,53556,56217,56781,12022,0
420000,2,4,1,-2,-2,-2,-2,-2,-2,15000,15000,15000,15000,15000,15000,15000,15000,15000,15000,15000,14996,405000,405000,405000,405000,405000,405000,4,0
200000,1,4,1,-2,-2,-2,-2,-2,-2,0,0,0,0,0,0,0,0,0,0,0,0,200000,200000,200000,200000,200000,200000,0,1
220000,1,4,1,-2,-2,-2,-1,-1,-1,2848,7146,4690,16331,77894,2576,7181,4714,16493,97910,0,4862,217152,212854,215310,203669,142106,217424,-19675,0
170000,1,4,1,-1,-1,-1,-2,-2,-2,1000,6000,0,0,0,0,5000,0,0,0,0,0,169000,164000,170000,170000,170000,170000,2000,0
500000,3,4,1,-2,-2,-2,-2,-2,-2,5024,798,5921,2381,823,801,802,5950,2392,827,805,30435,494976,499202,494079,497619,499177,499199,-25463,1
60000,1,4,1,1,-1,2,-1,-1,-1,0,351,199,3697,0,532,351,0,3697,0,532,0,60000,59649,59801,56303,60000,59468,199,1
140000,2,4,2,-2,-2,-2,-2,-2,-2,107,232,107,107,107,107,232,107,107,107,107,107,139893,139768,139893,139893,139893,139893,0,0
100000,2,2,2,-1,-1,-1,-2,-1,-1,95160,94327,0,0,2743,1782,2000,0,0,2743,1782,0,4840,5673,100000,100000,97257,98218,187487,0
180000,1,4,2,-2,-2,-2,-2,-2,-2,-23,5631,2771,390,0,0,5654,2771,390,0,0,999,180023,174369,177229,179610,180000,180000,-1045,0
360000,1,4,2,1,-2,-2,-2,-2,-2,0,0,0,0,0,0,0,0,0,0,0,0,360000,360000,360000,360000,360000,360000,0,0
420000,1,4,2,-1,-1,-1,-1,-1,-1,233413,241503,277447,287781,294010,319257,12000,40000,15000,11000,30000,15000,186587,178497,142553,132219,125990,100743,1530411,1
200000,2,4,1,-1,-1,-1,-1,-1,-1,779,860,496,2755,2048,2318,860,496,2763,2048,2318,3311,199221,199140,199504,197245,197952,197682,-2540,0
260000,2,2,2,-1,-1,-1,-1,-1,-1,82156,83083,85346,87620,89566,91502,3611,3712,3800,3500,3400,3100,177844,176917,174654,172380,170434,168498,498150,0
300000,2,4,2,-2,-2,-2,-2,-2,-2,19333,19333,19333,19333,20333,20333,19333,19333,19333,20333,20333,1000,280667,280667,280667,280667,279667,279667,18333,0
400000,1,4,1,-1,-1,2,-1,-1,-1,74829,77970,70557,71867,72137,72955,7017,0,3200,2750,3000,5800,325171,322030,329443,328133,327863,327045,418548,1
220000,1,4,2,-1,-1,-1,-1,-1,-1,22959,37955,25741,17875,14639,27042,20066,1318,1102,14710,28087,1174,197041,182045,194259,202125,205361,192958,79754,0
130000,1,4,2,-1,-1,-1,-1,-1,-1,1493,1492,1310,1310,2046,1574,1492,1310,1310,2046,574,1995,128507,128508,128690,128690,127954,128426,498,1
150000,1,4,1,-1,-1,-1,-1,-1,-1,962,5868,15218,15965,9275,25321,5868,15283,15972,9275,25321,7350,149038,144132,134782,134035,140725,124679,-6460,0
280000,1,4,2,-1,-1,-1,-1,-1,-1,266030,264176,267668,262905,260296,254023,12000,12001,12000,9510,10002,10000,13970,15824,12332,17095,19704,25977,1509585,0
230000,1,4,2,-1,-1,-1,-1,-1,-1,181532,187639,193252,200648,203103,207573,9000,10000,12000,7130,7600,8100,48468,42361,36748,29352,26897,22427,1119917,0
180000,2,2,1,-1,-1,-1,-1,-1,-1,54972,42329,42071,39649,39221,40731,2000,2002,2000,2000,2000,2000,125028,137671,137929,140351,140779,139269,246971,0
270000,2,4,1,-1,-1,-1,-1,-1,-1,39004,28963,23021,17934,13650,12864,1520,1719,1200,1000,2000,3022,230996,241037,246979,252066,256350,257136,124975,0
190000,4,4,2,-1,-1,-1,-1,-1,-1,198098,194576,202868,198936,28950,28666,4515,15466,4700,47450,16666,17549,-8098,-4576,-12868,-8936,161050,161334,745748,0
150000,3,4,2,-1,-1,-1,-1,-1,-1,69235,69407,69232,71089,65793,66651,2500,3000,3067,2344,2419,2500,80765,80593,80768,78911,84207,83349,395577,0
230000,1,4,1,-2,-2,-2,-2,-2,-1,355,0,916,0,0,8878,0,916,0,0,8878,800,229645,230000,229084,230000,230000,221122,-445,1
70000,3,2,1,-1,-1,-1,-1,-1,-1,22438,24055,25359,26434,26993,28551,2000,2000,1500,1000,2000,1500,47562,45945,44641,43566,43007,41449,143830,0
500000,2,4,1,-2,-2,-2,-2,-2,-2,2140,3919,3572,2749,2140,3109,3919,3763,2749,2140,3109,2140,497860,496081,496428,497251,497860,496891,-191,0
50000,2,2,2,-1,-1,-1,-1,-1,-1,46800,37395,38591,40037,32260,27649,1604,1800,2200,1400,1100,1300,3200,12605,11409,9963,17740,22351,213328,1
220000,1,4,1,-1,-1,-1,-1,-1,-1,206879,211037,215139,218513,131660,134346,9100,9000,7887,4800,4900,6000,13121,8963,4861,1487,88340,85654,1075887,1
210000,2,2,2,-1,-1,-2,-2,-2,-2,2818,0,0,0,0,0,0,0,0,0,0,0,207182,210000,210000,210000,210000,210000,2818,0
260000,2,2,2,-1,-1,-1,-1,-1,-1,66433,67134,67768,69033,70166,71377,2400,2496,2429,2599,2827,2050,193567,192866,192232,190967,189834,188623,397110,0
280000,1,4,1,-1,-1,-1,-1,-1,-1,1939,333,779,8029,8040,2979,333,779,8029,11,3129,138,278061,279667,279221,271971,271960,277021,9680,0
180000,1,4,2,-1,-1,-1,-1,-1,-1,360,120,360,360,450,90,120,600,360,450,0,0,179640,179880,179640,179640,179550,179910,210,0
30000,3,2,1,1,2,2,2,2,2,27705,28452,29693,30206,30309,28218,1500,2000,1500,1044,0,2000,2295,1548,307,-206,-309,1782,166539,1
20000,2,2,2,1,-2,-1,2,2,-2,0,0,780,780,0,0,0,780,0,0,0,0,20000,20000,19220,19220,20000,20000,780,1
200000,2,2,2,1,-1,2,-1,2,2,-400,163,163,2231,2048,4732,563,0,2250,0,2732,0,200400,199837,199837,197769,197952,195268,3392,0
80000,1,4,2,3,2,-1,-1,-1,-1,82523,80586,80783,75115,49420,50677,0,4000,3000,1800,2000,2000,-2523,-586,-783,4885,30580,29323,406304,1
90000,2,4,2,-1,-1,-1,-1,2,2,22259,23418,24443,26695,25967,26946,1838,1408,2660,0,1400,2000,67741,66582,65557,63305,64033,63054,140422,1
20000,2,2,2,2,-1,-1,-1,2,2,15073,15431,16176,18204,17614,18826,1600,1300,2300,0,1500,0,4927,4569,3824,1796,2386,1174,94624,1
30000,3,2,2,-1,-1,-1,2,-1,-1,27395,25947,30473,27940,28397,29009,2000,5303,0,1200,1200,1200,2605,4053,-473,2060,1603,991,158258,0
70000,1,4,1,-1,-1,-1,-1,-1,-1,61217,62601,63990,64355,56195,43803,3000,3000,3000,1900,1600,2600,8783,7399,6010,5645,13805,26197,337061,0
200000,2,2,1,-1,-1,-1,-1,-1,-1,74566,73700,73624,73928,72060,72393,3213,3304,3815,3004,3006,4012,125434,126300,126376,126072,127940,127607,419917,0
420000,2,4,1,-1,-1,-1,-1,-1,-1,326239,318143,15926,4169,158062,156341,7108,17570,1000,158556,5000,5080,93761,101857,404074,415831,261938,263659,784566,0
130000,2,2,1,-1,-1,-1,-1,-1,-1,130927,133658,132026,122804,121663,122032,7000,5306,5000,5000,6000,10000,-927,-3658,-2026,7196,8337,7968,724804,0
160000,1,4,2,-1,-1,-1,-1,-1,-1,78623,65315,52890,50275,51337,53349,3000,4000,2500,2500,3000,2800,81377,94685,107110,109725,108663,106651,333989,0
320000,1,2,1,-1,-1,-1,-2,-2,-2,2799,7932,0,0,0,0,7329,0,0,0,0,0,317201,312068,320000,320000,320000,320000,3402,0
130000,1,4,1,-1,-1,-1,-1,-1,-1,790,390,99235,98080,97224,97940,390,99235,4368,3449,3713,3610,129210,129610,30765,31920,32776,32060,278894,0
200000,1,4,1,1,-2,-1,-1,-2,-1,0,0,35063,0,0,5799,0,35063,16720,0,5799,0,200000,200000,164937,200000,200000,194201,-16720,1
320000,1,4,2,-2,-2,-2,-2,-2,-2,1259,5152,4257,-3,-3,670,5177,4278,0,0,673,11288,318741,314848,315743,320003,320003,319330,-10084,0
400000,2,2,2,-1,-1,-1,-1,-1,-1,68835,60549,63047,65508,66954,68411,2600,3000,3000,2000,2002,3020,331165,339451,336953,334492,333046,331589,377682,0
390000,2,4,2,-1,-1,-1,-1,-1,-1,35169,17147,3350,4710,80474,80330,1070,1226,4710,83756,3100,3100,354831,372853,386650,385290,309526,309670,124218,0
100000,1,2,1,-1,-1,-1,-1,-2,-1,27304,28537,32498,0,0,21648,2000,4652,0,0,21648,9600,72696,71463,67502,100000,100000,78352,72087,0
100000,2,2,2,-1,-1,-1,-1,-1,-1,98048,97585,84514,85496,69656,61532,3903,8000,5000,4000,3000,2300,1952,2415,15486,14504,30344,38468,470628,0
400000,2,4,2,-1,-1,-1,-1,-1,-1,9123,7496,7558,6877,4880,6728,1500,1500,1000,1000,3000,3000,390877,392504,392442,393123,395120,393272,31662,0
100000,2,2,1,-1,2,-1,2,-1,-1,667,667,6637,6300,12300,0,0,6637,0,6000,0,3022,99333,99333,93363,93700,87700,100000,10912,1
300000,3,2,1,-1,-1,-1,-1,-1,-1,1890,1570,390,390,390,390,1570,390,390,390,390,1890,298110,298430,299610,299610,299610,299610,0,0
20000,2,4,1,-1,-1,-1,-1,-1,-1,14248,15703,17140,18127,18605,16351,2000,2000,1600,1030,1000,1000,5752,4297,2860,1873,1395,3649,91544,0
50000,2,4,1,-1,-1,-1,-1,-1,-2,27314,28353,30299,33760,0,0,1500,3000,4000,0,0,0,22686,21647,19701,16240,50000,50000,111226,0
100000,1,4,2,2,2,2,2,2,2,29668,32463,33350,34003,34647,35348,3600,1700,1500,1500,1400,0,70332,67537,66650,65997,65353,64652,189779,0
200000,2,2,2,-1,-1,-1,-1,-1,-1,194747,197031,196787,194632,198839,196550,9000,7100,7100,7400,7200,7300,5253,2969,3213,5368,1161,3450,1133486,0
300000,2,4,2,-1,-1,-1,-1,2,-1,251986,231773,225295,236540,168519,172674,11000,11000,17000,0,7000,12000,48014,68227,74705,63460,131481,127326,1228787,0
240000,3,2,2,-1,-1,-1,-1,-1,-1,7075,15732,9285,1617,188,98,17003,9343,1617,188,98,0,232925,224268,230715,238383,239812,239902,5746,0
240000,2,2,2,-1,-1,-1,-1,-1,-1,17047,15188,11366,14231,11135,7774,15188,11366,14231,11135,7774,7785,222953,224812,228634,225769,228865,232226,9262,0
120000,3,2,2,1,2,-1,-1,-1,-1,119511,116086,117580,120041,80578,82280,3,4351,5000,3000,3000,3200,489,3914,2420,-41,39422,37720,617522,1
350000,1,4,2,-1,2,-1,-1,-1,-1,403,403,1351,4656,0,1190,0,1351,4677,0,1190,150,349597,349597,348649,345344,350000,348810,635,0
590000,1,4,2,1,-1,-1,-1,-1,-1,-154,240,244,-1469,925,3319,1000,1026,0,3000,3000,2271,590154,589760,589756,591469,589075,586681,-7192,0
240000,1,4,2,1,-2,-2,-2,-2,-2,0,0,0,0,0,0,0,0,0,0,0,0,240000,240000,240000,240000,240000,240000,0,0
200000,4,4,1,-2,-2,-2,-2,-2,-2,0,0,0,0,0,0,0,0,0,0,0,0,200000,200000,200000,200000,200000,200000,0,0
300000,1,4,1,-1,-1,-1,-1,-1,-1,131760,132770,130595,132683,128557,125900,4700,4995,4516,4034,4088,3886,168240,167230,169405,167317,171443,174100,756046,0
240000,2,2,1,-1,-1,-1,-1,-1,-1,5740,5639,3428,4634,4590,9675,1215,2000,2000,4590,9675,15000,234260,234361,236572,235366,235410,230325,-774,0
170000,1,4,1,-1,-1,-1,-1,-1,-1,3497,17920,2863,0,949,0,17920,2863,0,949,0,1069,166503,152080,167137,170000,169051,170000,2428,0
470000,2,4,2,-1,-1,-1,-1,-1,-1,26549,25247,28019,27139,26923,28350,1420,5000,1408,2000,2000,10000,443451,444753,441981,442861,443077,441650,140399,0
110000,1,4,2,-1,-1,-1,-1,-1,-1,51276,52064,53160,54331,53024,51317,3000,3031,3000,3000,2000,3000,58724,57936,56840,55669,56976,58683,298141,0
30000,3,4,1,-1,-1,-1,-1,-1,-1,27276,26937,26679,27779,28691,29726,2000,2500,2000,2000,2000,2000,2724,3063,3321,2221,1309,274,154588,1
80000,2,4,1,1,1,-1,-1,-1,-1,62550,0,10000,18150,7490,7490,10000,10000,18150,7490,7490,7490,17450,80000,70000,61850,72510,72510,45060,0
100000,1,4,1,1,-2,-2,-2,-2,-2,-78,-78,-78,-78,-78,-78,0,0,0,0,0,0,100078,100078,100078,100078,100078,100078,-468,0
160000,2,4,1,-1,-1,-1,-1,-1,-1,45835,45474,42601,33581,29827,19056,2000,2000,1400,600,0,0,114165,114526,117399,126419,130173,140944,210374,0
110000,1,4,1,-1,-1,-1,-1,-1,-1,52426,45107,44310,34820,36005,25976,1772,1900,1815,2000,1500,2000,57574,64893,65690,75180,73995,84024,227657,0
150000,3,4,1,2,-1,-1,-1,-1,-1,107603,109835,110255,110247,110955,105145,5500,5500,5300,3853,4000,4000,42397,40165,39745,39753,39045,44855,625887,0
390000,1,4,2,-1,-1,-1,-1,-1,-1,7650,8500,4090,8342,7611,8018,3031,2010,6500,2000,1000,1000,382350,381500,385910,381658,382389,381982,28670,0
180000,2,2,2,-2,-2,-2,-2,-2,-2,5100,9861,11021,16883,150,4661,9861,11021,16883,150,4661,873,174900,170139,168979,163117,179850,175339,4227,1
300000,1,4,1,-1,-1,-1,-1,-1,-1,45117,43460,14291,7331,10018,6213,1281,1093,1000,5014,2000,1000,254883,256540,285709,292669,289982,293787,115042,0
400000,1,2,1,-1,-1,-1,-1,-1,-1,5074,4097,7716,12538,17305,22499,1097,3716,5000,5000,5668,7000,394926,395903,392284,387462,382695,377501,41748,0
110000,1,4,1,1,2,-1,-1,-1,-1,113093,106321,107630,106354,79154,69988,3,4334,4250,2946,2506,2458,-3093,3679,2370,3646,30846,40012,566043,0
120000,1,4,1,-1,-1,-1,-1,-1,-1,20578,21742,23384,24268,24665,21833,2000,2000,1312,1009,1000,1000,99422,98258,96616,95732,95335,98167,128149,0
200000,2,4,1,-1,-1,-1,-1,-1,-1,8837,9491,3632,7673,5830,6890,9690,3632,7673,2530,6000,6925,191163,190509,196368,192327,194170,193110,5903,0
120000,2,2,1,-1,-1,-1,-1,-1,-1,70282,71463,60364,70420,62549,47683,4000,3000,11299,1943,2000,1684,49718,48537,59636,49580,57451,72317,358835,0
270000,2,4,1,-1,-1,-1,-1,-1,-1,162905,156151,127423,126824,115961,112929,5085,4795,4470,3847,3943,5000,107095,113849,142577,143176,154039,157071,775053,0
250000,1,4,1,-1,-1,-1,-1,-1,-1,18761,10656,7099,11758,17047,16483,4662,2101,7227,7865,8485,5777,231239,239344,242901,238242,232953,233517,45687,0
130000,2,2,1,-1,-1,-1,-1,-1,-1,61223,4003,3223,23264,20582,18182,4003,3223,43264,2000,1000,2000,68777,125997,126777,106736,109418,111818,74987,0
290000,1,4,1,-1,-1,-2,-1,-1,-1,32126,10823,5248,32307,28492,1799,10884,5275,32563,29143,1809,11384,257874,279177,284752,257693,261508,288201,19737,0
210000,2,4,1,-1,-1,-1,-1,-1,-1,78632,49707,37998,32062,27056,15955,2000,2200,2008,2000,5000,5000,131368,160293,172002,177938,182944,194045,223202,0
200000,2,4,1,1,-1,2,-1,-1,-1,-1544,8510,4141,15305,10368,5642,12651,0,15305,0,0,16335,201544,191490,195859,184695,189632,194358,-1869,0
240000,1,4,1,1,2,2,2,-1,-1,17868,188,2288,2100,405,1665,0,2100,405,0,1665,0,222132,239812,237712,237900,239595,238335,20344,0
170000,1,2,2,-2,-2,-2,-1,-1,-1,5280,5020,996,35490,6000,5350,5020,996,35490,6000,5350,12500,164720,164980,169004,134510,164000,164650,-7220,0
180000,1,4,1,-1,-1,-1,-1,-1,-1,26000,5480,5960,600,6800,12627,5488,5960,600,6800,12627,0,154000,174520,174040,179400,173200,167373,25992,0
280000,1,4,1,-2,-2,-2,-2,-2,-2,40683,1888,1592,1312,486,886,1888,1592,1312,486,1036,438,239317,278112,278408,278688,279514,279114,40095,0
490000,2,4,1,-1,-1,-1,-1,-1,-1,128821,93626,52074,118595,93461,86682,3047,2647,88595,3203,3142,3166,361179,396374,437926,371405,396539,403318,469459,0
240000,2,4,2,-1,-1,-1,-1,-1,-1,7414,2020,-9032,13756,0,3138,2020,1000,23724,0,3138,367,232586,237980,249032,226244,240000,236862,-12953,0
150000,1,2,2,-1,-1,-1,-1,-1,-1,67852,68312,70203,71321,72235,73611,2500,3300,3200,3000,3000,3000,82148,81688,79797,78679,77765,76389,405534,0
350000,1,4,2,-1,-1,-1,-1,2,-1,260076,265242,271726,295642,283684,282575,9501,10766,29060,55,10104,9324,89924,84758,78274,54358,66316,67425,1590135,0
80000,2,2,2,-1,-1,-1,-1,-1,-1,22113,21507,13207,13997,10914,10685,1600,1700,1400,200,1000,0,57887,58493,66793,66003,69086,69315,86523,0
330000,1,4,2,-1,-1,-1,-1,-1,-1,3437,7525,32096,1665,166,0,7565,32096,1665,166,0,16705,326563,322475,297904,328335,329834,330000,-13308,0
20000,2,2,2,1,-1,-1,-1,-1,-1,-19,3350,883,470,240,0,4540,883,470,240,0,0,20019,16650,19117,19530,19760,20000,-1209,0
210000,2,4,2,-1,-1,-1,-1,-1,-1,44304,46255,50486,54019,58091,61630,3000,5000,5000,5000,4500,5000,165696,163745,159514,155981,151909,148370,287285,0
400000,2,4,2,-2,-2,-2,-2,-2,-2,0,626,118,10349,2817,2410,626,118,10349,2817,2410,10715,400000,399374,399882,389651,397183,397590,-10715,0
230000,2,2,1,-2,-2,-2,-2,-2,-2,0,0,0,0,0,0,0,0,0,0,0,0,230000,230000,230000,230000,230000,230000,0,0
200000,1,4,1,-2,-2,-2,-2,-2,-2,8695,14323,44326,9353,11156,17725,14329,44452,9355,11156,17725,9289,191305,185677,155674,190647,188844,182275,-728,0
180000,2,4,2,-2,-2,-2,-2,-2,-2,0,2813,12937,50500,0,0,2813,12937,50500,0,0,0,180000,177187,167063,129500,180000,180000,0,0
200000,2,2,2,-1,-1,2,-1,-1,-1,33604,35706,34064,30519,26166,28097,3000,1500,2547,2500,2500,3500,166396,164294,165936,169481,173834,171903,172609,0
50000,2,4,1,-1,-1,-1,-1,-1,-1,48057,48457,44932,20024,18830,18087,2007,1351,1561,628,775,1602,1943,1543,5068,29976,31170,31913,190463,0
290000,1,4,1,-1,-1,-1,-1,-1,-1,168,569,1401,1503,834,931,569,1000,1000,200,265,500,289832,289431,288599,288497,289166,289069,1872,0
100000,2,2,2,-1,-1,-1,-1,-1,-1,75818,76887,78178,79858,74785,54849,2745,2939,3500,3000,1989,1987,24182,23113,21822,20142,25215,45151,424215,0
150000,2,4,2,-1,-1,-1,2,2,2,9545,14350,17118,16546,20052,20385,5000,3000,0,3800,800,0,140455,135650,132882,133454,129948,129615,85396,1
20000,2,4,2,-1,-1,-1,-1,-1,-1,9763,925,4033,897,2147,1359,925,4033,1136,2147,407,700,10237,19075,15967,19103,17853,18641,9776,0
200000,1,2,2,-1,-1,-1,-1,-2,-2,12367,13732,1513,0,0,0,2000,1513,0,0,0,0,187633,186268,198487,200000,200000,200000,24099,0
80000,2,4,2,-1,-1,-1,-1,-1,-1,77535,78579,67097,50214,48738,3860,3010,3061,2000,1000,3860,0,2465,1421,12903,29786,31262,76140,313092,0
290000,1,4,1,-1,-1,-1,-1,-1,-1,78928,73380,67146,68063,63910,73553,8000,10000,5005,8000,15000,10000,211072,216620,222854,221937,226090,216447,368975,0
200000,2,2,1,-1,-1,-1,-1,-1,-1,118729,121398,125899,128933,129427,132338,4874,6690,7000,4500,5000,4682,81271,78602,74101,71067,70573,67662,723978,0
150000,2,4,1,-1,-1,-1,-1,-1,-1,933,598,1062,0,1810,0,598,1062,0,1810,0,3163,149067,149402,148938,150000,148190,150000,-2230,0
180000,1,4,1,-1,-1,-1,-1,-1,-1,101489,78738,78639,44295,44113,37805,10006,8000,1610,10000,1333,8818,78511,101262,101361,135705,135887,142195,345312,0
420000,2,2,2,-1,-1,-1,-1,-1,-1,546485,228070,184810,131304,110930,84193,18546,8931,4940,1796,3100,133131,-126485,191930,235190,288696,309070,335807,1115348,0
30000,3,2,1,-1,-1,2,2,2,2,10456,13164,12668,15038,14502,15501,3200,0,2905,0,1386,0,19544,16836,17332,14962,15498,14499,73838,1
230000,1,4,2,-1,-1,2,-1,-1,-1,2155,2010,165,5908,283,283,2010,0,5908,283,133,0,227845,227990,229835,224092,229717,229717,2470,0
60000,2,4,1,1,2,2,2,2,2,5087,7236,8104,7825,8580,8300,2410,1131,0,886,0,332,54913,52764,51896,52175,51420,51700,40373,0
220000,2,4,1,-1,-1,-1,-1,-1,-1,43436,46883,44179,44704,44997,45199,5012,2500,2000,2000,3000,3000,176564,173117,175821,175296,175003,174801,251886,0
240000,1,4,1,-1,-1,-1,-1,-1,-1,186969,167474,168081,166589,165981,165951,5510,6000,8808,6006,6000,6000,53031,72526,71919,73411,74019,74049,982721,0
140000,2,4,2,-2,-2,-2,-2,-2,-2,518,518,518,518,518,668,518,518,518,518,668,518,139482,139482,139482,139482,139482,139332,0,0
200000,1,4,2,-2,-2,-2,-2,-2,-2,6890,11002,517,11212,19090,24949,11002,517,11214,19116,24949,10904,193110,188998,199483,188788,180910,175051,-4042,0
410000,1,4,2,-2,-2,-2,-2,-2,-2,0,8417,0,2830,0,0,8417,0,2830,0,0,500,410000,401583,410000,407170,410000,410000,-500,0
140000,2,2,2,-1,-1,-1,-1,-1,-1,47922,49930,51980,54606,55220,56527,2710,2760,3386,2000,2082,2000,92078,90070,88020,85394,84780,83473,301247,0
80000,2,4,2,-1,-1,-1,-1,-1,-1,127580,91812,96599,93389,29716,27283,13000,6000,5122,5012,13000,18000,-47580,-11812,-16599,-13389,50284,52717,406245,0
340000,2,4,1,-1,-1,-1,-1,-1,-1,246245,250923,256428,233608,171349,158565,8730,9680,8613,6101,5725,5524,93755,89077,83572,106392,168651,181435,1272745,0
140000,1,4,1,-1,-1,-2,-1,-1,-1,4880,0,0,6560,3617,0,0,0,6560,3617,0,2770,135120,140000,140000,133440,136383,140000,2110,1
170000,1,4,2,2,2,2,2,2,2,155910,158819,161487,157577,168094,170922,6800,6500,0,13000,5500,1000,14090,11181,8513,12423,1906,-922,940009,1
290000,1,4,2,-1,-1,-1,-1,-1,-1,288033,260683,190012,36223,-4724,225276,10784,10295,2082,4724,230000,10000,1967,29317,99988,253777,294724,64724,727618,0
360000,2,4,2,-1,-1,-1,-1,-2,-2,3386,5964,1340,1650,4350,4792,5964,1340,1650,4350,4792,40682,356614,354036,358660,358350,355650,355208,-37296,0
310000,1,2,2,-1,-1,-1,-1,-1,-1,4762,26943,7488,10276,96059,6434,26943,5000,6000,93000,3000,5000,305238,283057,302512,299724,213941,303566,13019,1
500000,2,4,2,-1,-1,-1,-1,-1,-1,9609,5609,967,16638,15721,17349,5637,972,16671,5749,7376,10723,490391,494391,499033,483362,484279,482651,18765,0
250000,1,4,2,2,-1,-1,-1,-1,2,243262,238599,198588,203286,215882,214320,7991,9000,8000,16000,2000,6200,6738,11401,51412,46714,34118,35680,1264746,1
500000,1,4,2,-2,-2,-2,-2,-2,-2,10361,263,8050,8234,835,87878,263,8050,8234,835,87878,5000,489639,499737,491950,491766,499165,412122,5361,0
80000,2,2,2,-1,-1,-1,-1,-1,-1,74973,66613,66437,54631,49219,50094,3113,2627,1850,1870,1773,1800,5027,13387,13563,25369,30781,29906,348934,0
180000,2,4,2,-1,-1,-1,-1,-1,-1,23398,14445,15404,19885,22355,22902,1541,1500,4911,10355,10902,3500,156602,165555,164596,160115,157645,157098,85680,0
320000,1,4,2,-1,-1,-1,-1,-1,-1,60947,62660,22693,23705,24012,24703,2868,1681,1693,1000,1077,1336,259053,257340,297307,296295,295988,295297,209065,0
130000,2,2,2,-1,-1,-1,-1,-1,-1,106796,108673,104535,105349,105254,120756,4000,4000,6500,5400,124582,10000,23204,21327,25465,24651,24746,9244,496881,0
250000,3,4,2,-1,-1,-1,-1,-1,-1,1962,82,82,82,82,82,82,82,82,82,82,4099,248038,249918,249918,249918,249918,249918,-2137,0
380000,1,4,1,-1,-1,-1,-1,-1,-1,119628,36965,32932,37368,35543,36756,3250,6200,5000,1543,1776,1483,260372,343035,347068,342632,344457,343244,279940,0
200000,1,4,1,-1,-1,-2,-2,-2,-2,24635,0,0,0,0,0,0,0,0,0,0,0,175365,200000,200000,200000,200000,200000,24635,0
260000,4,2,1,-1,-1,-1,-1,-1,-1,237212,228643,231156,223415,158739,159210,8006,7550,8080,4645,5047,4528,22788,31357,28844,36585,101261,100790,1200519,0
150000,2,4,1,2,2,2,2,2,2,137564,137327,146648,147865,149356,145262,3500,13000,5200,5300,400,5000,12436,12673,3352,2135,644,4738,831622,1
100000,1,4,1,1,-2,-2,-2,-2,-2,-4894,-4894,-4894,-4894,-4894,-4894,0,0,0,0,0,0,104894,104894,104894,104894,104894,104894,-29364,0
180000,2,2,1,-1,-1,-1,-1,-1,-1,85557,73121,68650,67895,68442,70131,3200,2500,3000,2500,3000,5000,94443,106879,111350,112105,111558,109869,414596,0
150000,1,4,1,-1,-1,-1,-1,-1,-1,136736,125651,116684,101581,77741,77264,4486,4235,3161,2647,2669,2669,13264,24349,33316,48419,72259,72736,615790,0
230000,2,4,1,-1,-1,-1,-1,-1,-1,175050,164054,127369,108702,77703,79123,10000,10000,4000,3000,5000,5000,54950,65946,102631,121298,152297,150877,695001,0
160000,2,4,1,-1,-1,-1,-1,-1,-1,36370,35996,35275,34873,35677,34942,4002,5390,6000,5000,5000,4000,123630,124004,124725,125127,124323,125058,183741,0
360000,2,2,2,-1,-1,-1,-1,-1,-1,20992,40125,44454,48382,51951,55957,20000,5000,5000,5000,5000,3000,339008,319875,315546,311618,308049,304043,218861,0
150000,3,2,1,-1,-1,-1,-1,-1,-1,146325,140902,131798,115350,105770,111850,5125,10104,10017,4000,15000,8000,3675,9098,18202,34650,44230,38150,699749,0
360000,1,2,2,-2,-2,-2,-2,-2,-2,0,0,0,0,0,0,0,0,0,0,0,0,360000,360000,360000,360000,360000,360000,0,1
10000,2,4,2,-1,-1,-1,-1,-1,-1,6993,4165,5794,9576,7818,7580,6495,5794,9585,7580,152,390,3007,5835,4206,424,2182,2420,11930,0
20000,2,4,2,-1,-1,-1,-1,-1,-1,15852,16861,17884,18590,18959,19347,1579,1602,1308,677,692,1577,4148,3139,2116,1410,1041,653,100058,1
50000,2,2,2,-1,-1,-1,-1,-1,-1,34265,34175,33392,28340,24384,22643,2000,2000,2000,2000,1000,1000,15735,15825,16608,21660,25616,27357,167199,0
50000,2,4,2,1,2,-1,-1,-1,-1,26305,25583,26649,27584,28135,28878,0,1481,1416,967,1156,1000,23695,24417,23351,22416,21865,21122,157114,0
60000,2,2,2,1,2,2,2,2,2,49335,48241,52222,52777,51332,55489,0,4763,2000,0,5000,2000,10665,11759,7778,7223,8668,4511,295633,1
20000,3,4,2,2,2,2,2,-1,-1,12443,13947,14331,12495,12787,13583,2000,902,500,500,1000,700,7557,6053,5669,7505,7213,6417,73984,0
130000,2,4,2,2,2,2,-1,-1,2,108879,111115,107185,108569,112541,114885,5500,0,5399,8000,5000,0,21121,18885,22815,21431,17459,15115,639275,0
50000,3,4,2,-1,-1,-1,-1,-1,-1,48831,46763,44302,42942,20103,20163,2002,4228,1603,900,700,810,1169,3237,5698,7058,29897,29837,212861,0
350000,2,2,2,-1,-1,-1,-1,-1,-1,50889,45881,36578,37717,58311,58467,10000,9000,10000,30000,9000,1800,299111,304119,313422,312283,291689,291533,218043,0
210000,2,2,3,-1,-1,-1,-1,-1,-1,41826,42820,44156,44864,45768,48204,1520,1856,1564,1468,3000,2000,168174,167180,165844,165136,164232,161796,256230,0
10000,2,4,1,-1,-1,-1,-1,2,-1,8536,8617,7902,9166,8885,9185,1117,1302,1566,0,429,182,1464,1383,2098,834,1115,815,47695,0
20000,2,2,2,1,2,2,2,-1,-1,17970,17389,20491,19803,19734,19613,0,3700,0,1000,2000,710,2030,2611,-491,197,266,387,107590,0
80000,1,2,2,-1,-1,-1,-1,-1,-1,65484,66798,68120,70088,71345,72314,3000,3000,3109,3000,3000,3000,14516,13202,11880,9912,8655,7686,396040,0
110000,2,4,2,-1,-1,-1,-1,-1,-1,83762,84677,87748,99201,78281,77772,3200,4521,20000,2710,2800,2700,26238,25323,22252,10799,31719,32228,475510,1
180000,1,4,3,-2,-2,-2,-2,-2,-2,0,0,1040,258,0,0,0,1040,258,0,0,0,180000,180000,178960,179742,180000,180000,0,0
360000,3,4,2,-1,-1,-1,-1,-1,-1,646,0,740,871,1980,0,0,740,871,1980,0,0,359354,360000,359260,359129,358020,360000,646,0
250000,2,2,2,-1,-1,-1,-1,-1,-1,484,0,242,28932,0,100000,0,242,28932,0,100000,0,249516,250000,249758,221068,250000,150000,484,0
180000,2,2,2,-1,-1,-1,-1,-1,-2,13954,5589,4312,2490,0,0,5589,4312,2490,0,0,150,166046,174411,175688,177510,180000,180000,13804,0
190000,2,4,2,-1,-1,-1,-1,-1,-1,66859,68204,70009,65845,67347,70096,3054,3529,3000,2600,4000,3000,123141,121796,119991,124155,122653,119904,389177,0
150000,1,4,2,-1,2,2,2,2,2,15349,12834,25740,20995,21353,14453,0,15600,0,758,0,2580,134651,137166,124260,129005,128647,135547,91786,0
90000,2,2,2,-1,-1,-1,2,2,2,37003,38082,41150,41677,42191,43371,2000,4000,1500,1500,2000,2000,52997,51918,48850,48323,47809,46629,230474,0
230000,1,4,2,-1,-1,-1,-1,-1,-1,4612,2906,23777,78287,8986,11666,2906,23820,78287,35890,11000,10180,225388,227094,206223,151713,221014,218334,-31849,0
120000,3,2,3,-2,-2,-2,-2,-2,-2,0,0,0,0,0,0,0,0,0,0,0,0,120000,120000,120000,120000,120000,120000,0,0
100000,3,2,2,2,-1,-1,2,-1,-1,99298,101972,115335,112016,112906,120101,5220,16608,0,4233,9200,21000,702,-1972,-15335,-12016,-12906,-20101,605367,1
60000,3,4,3,-1,-1,-1,-1,-1,-1,26350,23908,24215,17728,18087,17730,1413,1500,1173,532,597,469,33650,36092,35785,42272,41913,42270,122334,0
360000,1,4,2,-1,-1,-1,2,-1,-1,254900,259974,268459,271691,277226,283210,9300,14200,9200,10000,10403,11900,105100,100026,91541,88309,82774,76790,1550457,0
310000,2,2,2,-1,-1,-1,-1,-1,-1,302623,310142,308006,239008,245493,250797,12000,12000,8500,10000,9000,8500,7377,-142,1994,70992,64507,59203,1596069,0
280000,2,4,2,-1,-1,-1,-1,-1,-1,12693,13214,13466,12619,13985,12603,13214,13466,12619,13985,12603,16921,267307,266786,266534,267381,266015,267397,-4228,0
30000,3,4,2,2,2,2,2,2,-1,11403,8151,8892,8563,-510,390,0,2500,0,0,1290,930,18597,21849,21108,21437,30510,29610,32169,0
260000,2,2,2,-1,-1,-1,-1,-1,-1,81745,83371,85128,86910,88637,90682,2984,3100,3200,3172,3473,6994,178255,176629,174872,173090,171363,169318,493550,0
180000,2,2,2,-1,-1,-1,-2,-2,-2,1252,23,-820,-1140,0,0,23,3,0,2000,0,150,178748,179977,180820,181140,180000,180000,-2861,0
330000,2,4,2,-1,-1,-1,-1,-1,-1,257156,257576,256014,245244,239441,242025,10037,10109,10053,10014,9001,9001,72844,72424,73986,84756,90559,87975,1439241,0
400000,3,2,3,-1,-1,2,-1,-1,-1,260,58257,42948,25962,15316,6813,60064,42,1202,9,6813,4682,399740,341743,357052,374038,384684,393187,76744,1
90000,2,2,2,-1,-1,2,-1,-1,-1,86155,92406,90049,86984,67076,66533,8600,0,4100,5000,5000,5000,3845,-2406,-49,3016,22924,23467,461503,0
200000,1,4,2,-2,-2,-2,-2,-2,-2,0,0,0,0,0,0,0,0,0,0,0,0,200000,200000,200000,200000,200000,200000,0,1
280000,3,4,2,-1,-1,-1,-1,-1,-1,6491,-1277,8413,19825,22085,12316,4041,16830,19862,12098,19,7428,273509,281277,271587,260175,257915,267684,7575,0
350000,1,2,2,-2,-2,-2,-2,-2,-2,1140,0,4100,0,0,0,0,4100,0,0,0,0,348860,350000,345900,350000,350000,350000,1140,0
50000,2,2,3,-1,-1,-1,-1,-1,-1,47867,40937,28868,44751,27557,29125,2083,1840,31000,977,2003,1214,2133,9063,21132,5249,22443,20875,179988,0
50000,2,4,3,-1,-1,-1,-1,-1,-1,390,390,390,18015,17150,17102,390,390,18015,400,342,3334,49610,49610,49610,31985,32850,32898,30566,0
120000,2,2,3,-1,-1,-1,-1,-1,-1,4591,0,28466,21455,15685,6737,0,28466,21455,0,0,200,115409,120000,91534,98545,104315,113263,26813,0
80000,2,4,2,-1,-1,-1,-1,-1,-1,17816,18095,17374,14298,12259,10498,3000,2000,1000,2000,2000,2000,62184,61905,62626,65702,67741,69502,78340,0
90000,2,6,2,-1,-1,-1,-1,-1,-1,91552,88751,54704,37660,32074,18372,55000,5023,5030,11000,9765,10000,-1552,1249,35296,52340,57926,71628,227295,0
50000,2,6,3,-1,-1,-1,-1,-1,-1,42941,44002,43378,28048,28477,29056,1800,2122,1600,1000,1000,1000,7059,5998,6622,21952,21523,20944,207380,0
180000,1,2,3,-1,-1,-1,2,-1,-1,123100,125674,145212,141409,142861,166960,6102,23200,0,5295,26550,6045,56900,54326,34788,38591,37139,13040,778024,0
200000,3,2,2,-1,-1,-1,-1,-1,-1,202139,202431,201911,201971,201351,201933,7000,7000,7000,7000,7000,7000,-2139,-2431,-1911,-1971,-1351,-1933,1169736,0
420000,2,2,2,-1,-1,-1,-1,-1,-1,147344,116483,90368,85616,81461,77925,4153,4031,3040,3026,3017,3079,272656,303517,329632,334384,338539,342075,578851,0
270000,2,2,2,-1,-1,-1,-1,-1,-1,6894,14246,43615,33336,36045,28725,14305,43000,1740,16045,2000,5000,263106,255754,226385,236664,233955,241275,80771,0
50000,3,2,3,-1,-1,-1,-1,-1,-1,46970,36260,29311,27932,28274,27605,3005,2000,2000,2000,1000,2000,3030,13740,20689,22068,21726,22395,184347,0
30000,1,2,3,-1,-1,-1,-1,-1,-1,26300,27308,28425,29233,21575,22029,1450,1560,1350,1000,801,1000,3700,2692,1575,767,8425,7971,147709,0
170000,2,2,2,2,2,2,2,2,2,15570,15031,16784,17711,17131,18197,0,2500,1500,0,1500,1000,154430,154969,153216,152289,152869,151803,93924,0
170000,2,2,3,-1,-1,-1,-1,-2,-2,52262,36518,20533,-919,-919,-919,1985,1000,16000,16000,16000,24288,117738,133482,149467,170919,170919,170919,31283,0
150000,4,4,3,-1,-1,-1,-1,-1,-2,157548,164305,156201,149975,0,0,160812,3173,3749,0,0,0,-7548,-14305,-6201,25,150000,150000,460295,1
20000,2,4,2,1,4,3,2,-1,-1,21769,21139,20521,19817,14932,10812,0,0,0,448,380,345,-1769,-1139,-521,183,5068,9188,107817,0
120000,2,2,3,-1,-1,-1,-1,-1,-1,105124,109399,109397,36850,37739,38381,6020,3900,1700,1500,1400,1400,14876,10601,10603,83150,82261,81619,420970,0
50000,2,2,3,2,2,2,2,2,-1,17028,20543,21919,20828,20272,18816,3828,2000,600,0,637,700,32972,29457,28081,29172,29728,31184,111641,1
500000,3,4,3,-1,-1,-1,-1,-1,-1,206766,196931,190584,124514,211301,200525,20077,20972,5045,100055,10018,10197,293234,303069,309416,375486,288699,299475,964257,0
40000,2,2,2,2,2,2,2,-1,-1,7129,8850,9733,9375,6003,2435,3147,1172,0,500,1015,1000,32871,31150,30267,30625,33997,37565,36691,1
70000,2,2,3,-1,-1,-1,-1,-1,-1,3838,1930,6384,4286,2333,930,1930,6384,4292,0,930,1422,66162,68070,63616,65714,67667,69070,4743,0
30000,2,2,3,-1,-1,-1,-1,-1,-1,28467,29792,29739,24950,25248,25109,1814,1459,1373,871,890,1375,1533,208,261,5050,4752,4891,155523,1
70000,3,2,3,1,2,-1,-1,-1,-1,9518,9217,10557,11576,12383,13180,0,1500,1200,1000,1000,500,60482,60783,59443,58424,57617,56820,61231,1
20000,3,2,3,-1,-1,-1,-1,-1,-1,17543,17888,18577,18111,19114,17038,2100,1700,3500,2000,1000,1000,2457,2112,1423,1889,886,2962,96971,1
140000,3,2,3,-1,-1,-1,-1,-1,-1,1352,381,2281,437,1320,300,381,2290,437,1320,300,0,138648,139619,137719,139563,138680,139700,1343,0
200000,2,2,2,3,2,2,2,2,-1,117868,114483,118855,125357,121853,124731,0,6216,10000,0,5000,4552,82132,85517,81145,74643,78147,75269,697379,1
90000,3,2,3,-1,-1,-1,-1,-1,-1,34672,35270,36150,36528,37128,37348,1562,1832,1600,1000,1000,0,55328,54730,53850,53472,52872,52652,210102,0
30000,3,4,3,1,2,2,-2,-2,-2,3213,3000,0,0,0,0,0,0,0,0,0,0,26787,27000,30000,30000,30000,30000,6213,0
260000,2,2,3,-2,-2,-2,-2,-2,-2,8154,1365,717,717,2325,1117,1365,717,717,2325,1117,891,251846,258635,259283,259283,257675,258883,7263,0
100000,2,2,2,1,-2,-1,-1,-1,-1,0,0,19928,23255,23968,24531,0,19928,4000,1100,1100,1400,100000,100000,80072,76745,76032,75469,64154,0
150000,4,4,2,1,-2,-2,-2,-1,-1,0,0,0,0,1966,500,0,0,0,1966,500,754,150000,150000,150000,150000,148034,149500,-754,0
50000,3,4,3,2,-1,-1,2,2,2,23268,24377,27164,26429,28291,27702,1500,3500,0,2300,0,1500,26732,25623,22836,23571,21709,22298,148431,1
200000,2,2,2,-1,2,-1,2,2,-1,2480,150,206,56,56,440,0,206,0,0,880,440,197520,199850,199794,199944,199944,199560,1862,0
480000,1,4,2,-1,-1,-1,-1,-1,-1,19810,3478,7782,4720,4440,96628,3495,8037,4523,4462,96665,6865,460190,476522,472218,475280,475560,383372,12811,0
150000,4,2,2,-2,-2,-2,-2,-2,-2,7160,5253,0,0,0,0,5279,0,0,0,0,0,142840,144747,150000,150000,150000,150000,7134,0
80000,1,2,2,-1,-1,-1,-1,-1,-1,2226,6259,1393,1627,5189,10747,6259,1393,1627,5189,10747,4412,77774,73741,78607,78373,74811,69253,-2186,0
310000,3,2,2,-1,-1,-1,-1,-1,-1,11819,14300,18731,23078,27354,31725,3000,5000,5000,5000,5000,5000,298181,295700,291269,286922,282646,278275,99007,0
200000,3,2,3,-1,-1,-1,-1,-1,-1,14617,1261,8187,1261,1261,1261,1261,8187,1261,1261,1261,1261,185383,198739,191813,198739,198739,198739,13356,0
20000,2,2,3,-1,-1,-1,-1,-1,-1,11511,12521,13851,14558,14847,15157,1205,1535,1242,531,549,552,8489,7479,6149,5442,5153,4843,76831,0
480000,3,2,3,-1,-1,-1,-1,-1,-1,44018,74152,107675,110289,100520,37080,35176,45000,12022,14000,14000,10000,435982,405848,372325,369711,379480,442920,343536,0
200000,2,4,2,-1,-1,-1,-1,-1,-1,6512,4312,0,2412,1396,0,2000,0,2412,1396,0,396,193488,195688,200000,197588,198604,200000,8428,0
20000,3,2,3,-1,-1,-1,-1,-1,-1,1649,2301,2840,0,1740,0,1071,1000,0,1740,0,0,18351,17699,17160,20000,18260,20000,4719,0
300000,1,4,2,-1,-1,-1,-1,-1,-1,515,200,208,2609,2040,1341,200,208,2610,0,0,0,299485,299800,299792,297391,297960,298659,3895,0
230000,2,2,2,1,-2,-2,-2,-2,-2,0,0,0,0,0,0,0,0,0,0,0,0,230000,230000,230000,230000,230000,230000,0,0
50000,2,2,2,-1,-1,-1,-1,-1,-1,7378,7543,7754,7825,7132,7319,1121,1168,1075,218,1100,0,42622,42457,42246,42175,42868,42681,40269,1
50000,3,2,2,-1,-1,-1,-1,-1,-1,49575,48208,47619,19929,15693,13766,2067,3000,1171,2000,2000,2500,425,1792,2381,30071,34307,36234,182052,0
110000,3,2,3,-1,-1,-1,-1,-1,-1,105055,105886,108819,79027,80709,82406,4058,4913,3000,3000,3000,3100,4945,4114,1181,30973,29291,27594,540831,0
70000,3,2,3,2,2,2,-1,-1,-1,16127,20035,19416,17153,17866,19413,4500,0,2000,1000,2000,691,53873,49965,50584,52847,52134,50587,99819,1
50000,3,6,3,-2,-1,-1,-1,-1,-1,-1494,2590,3506,19792,19422,19830,7084,1000,19286,664,689,761,51494,47410,46494,30208,30578,30170,34162,0
50000,3,2,2,-1,-1,-1,-1,-1,-1,33231,34544,35976,15996,32714,16720,1868,2300,1239,600,600,600,16769,15456,14024,34004,17286,33280,161974,1
440000,2,2,3,-1,-1,-1,-1,-1,-1,177425,180641,181557,149944,113135,105280,7700,8610,6907,3727,3800,4001,262575,259359,258443,290056,326865,334720,873237,0
150000,2,4,2,-1,-1,-2,-2,-2,-2,1242,0,0,0,0,0,0,0,0,0,0,0,148758,150000,150000,150000,150000,150000,1242,0
420000,2,2,2,-1,-1,-1,-1,-1,-1,36032,41932,9778,158901,161876,165378,7022,1846,163862,6000,6000,6000,383968,378068,410222,261099,258124,254622,383167,0
180000,2,2,2,-1,-1,-1,-1,-1,-1,3490,0,1112,10383,1980,2672,0,1112,10383,1980,2672,2197,176510,180000,178888,169617,178020,177328,1293,0
230000,1,4,2,-1,-1,-1,-1,-1,-1,38646,40000,41354,42368,43161,45056,2000,2000,2000,1800,2600,2000,191354,190000,188646,187632,186839,184944,238185,0
50000,2,4,3,-1,-1,2,3,2,-1,16094,18961,20857,20229,19623,19878,3155,2500,0,0,707,713,33906,31039,29143,29771,30377,30122,108567,1
260000,2,4,2,-1,-1,-1,-1,-1,-1,251330,256988,234260,227884,202178,198467,10000,9014,11002,7503,7502,7500,8670,3012,25740,32116,57822,61533,1318586,1
260000,2,4,2,-1,-1,-1,-1,-1,-1,5188,12357,28656,7497,7685,15434,13000,29022,7500,27769,12000,6200,254812,247643,231344,252503,252315,244566,-18674,1
310000,1,2,2,-2,-2,-2,-2,-2,-2,2729,0,0,0,0,343,0,0,0,0,343,410,307271,310000,310000,310000,310000,309657,2319,1
60000,2,2,2,2,2,2,2,2,2,42101,43594,44700,45465,46215,47125,2500,2100,1800,1800,1800,2000,17899,16406,15300,14535,13785,12875,257200,1
120000,2,4,3,-1,-1,-1,-1,-1,-1,32130,3610,3790,18508,20737,-28,3613,3818,18564,20988,0,0,87870,116390,116210,101492,99263,120028,31764,0
400000,2,2,3,-1,-1,-1,-1,-1,-1,10928,12730,14486,13419,14313,14524,2000,2002,2000,2000,3000,5000,389072,387270,385514,386581,385687,385476,64398,0
80000,3,2,3,-2,-2,-2,-2,-2,-2,640,23699,2676,-4,-4,-4,23699,22670,0,0,0,0,79360,56301,77324,80004,80004,80004,-19366,0
60000,2,2,3,-1,-1,-1,-1,-1,-1,31168,32649,34117,35243,36350,37113,2000,2000,2000,2000,1500,2000,28832,27351,25883,24757,23650,22887,195140,0
160000,2,2,3,-1,-1,-1,2,-1,-1,137930,137695,146193,139323,140719,143638,6574,12121,0,5100,10251,5205,22070,22305,13807,20677,19281,16362,806247,0
220000,2,2,2,-1,-1,-1,-1,-1,-1,208009,212271,166288,168146,172345,177151,8200,8000,6108,7000,7743,7700,11991,7729,53712,51854,47655,42849,1059459,0
300000,2,2,3,-1,-1,-1,-1,-1,-1,5287,5750,2977,4796,2367,7367,3000,3000,2500,2367,5000,3000,294713,294250,297023,295204,297633,292633,9677,0
100000,2,4,2,-1,-1,-1,-1,-1,-1,101556,98734,98858,98259,80849,81151,3481,6006,3246,2994,2903,2849,-1556,1266,1142,1741,19151,18849,537928,0
60000,2,2,2,-1,-1,-1,-1,-1,-1,55233,54898,52890,49066,34105,32778,1940,2019,2236,1351,1326,1454,4767,5102,7110,10934,25895,27222,268644,0
80000,2,2,3,-1,-1,-1,-1,-1,-1,71100,72066,71751,72034,73261,74479,10000,9000,9000,9000,9000,9500,8900,7934,8249,7966,6739,5521,379191,0
10000,3,4,3,-1,-1,-1,-1,-1,-2,1593,1928,5797,7727,4196,0,2006,5805,4013,4217,4,12700,8407,8072,4203,2273,5804,10000,-7504,0
30000,3,6,3,-1,-1,-1,-1,-1,-1,29896,11158,18245,9714,28103,9207,11158,18245,9714,28112,9207,14379,104,18842,11755,20286,1897,20793,15508,0
500000,1,2,2,-2,-2,-2,-2,-2,-2,9241,10786,12376,12660,8000,20514,10786,12390,12692,8016,20514,16625,490759,489214,487624,487340,492000,479486,-7446,0
40000,3,2,3,1,-1,2,2,2,-2,-531,2661,3871,1488,0,0,3383,2000,0,0,0,431,40531,37339,36129,38512,40000,40000,1675,1
300000,2,4,2,-1,-1,-1,-1,-1,-1,48926,22580,300,5107,5107,3028,1006,350,5107,0,3028,60,251074,277420,299700,294893,294893,296972,75497,0
20000,2,2,2,2,2,2,2,2,2,13552,16513,17549,18907,19114,19186,3188,1600,3570,801,901,1,6448,3487,2451,1093,886,814,94760,0
280000,1,4,2,-1,2,-1,-1,-1,-1,2560,2343,4689,2289,1700,803,0,4689,2300,1725,803,129,277440,277657,275311,277711,278300,279197,4738,1
190000,1,4,2,-1,-1,-1,-1,-1,-1,39468,33983,35042,35699,36410,38067,2151,1910,1558,1269,2209,123347,150532,156017,154958,154301,153590,151933,86225,0
500000,2,2,2,-1,-1,-1,-1,-1,-1,9511,1468,3766,580,8120,1821,1468,3766,580,8120,1821,979,490489,498532,496234,499420,491880,498179,8532,0
250000,4,2,3,-2,-2,-2,-2,-2,-2,-6,1298,826,2044,-16,-16,1304,830,2054,0,0,0,250006,248702,249174,247956,250016,250016,-58,0
120000,3,4,3,-1,-1,-1,-1,-1,-1,7301,4542,3390,460,338,679,2327,1083,500,350,700,500,112699,115458,116610,119540,119662,119321,11250,0
20000,3,4,2,-2,-2,-2,-2,-2,-2,0,1492,0,0,0,0,1492,0,0,0,0,0,20000,18508,20000,20000,20000,20000,0,0
210000,1,2,3,1,2,2,2,-1,-1,66635,56729,73783,58144,27617,14695,0,20012,24,33,0,223,143365,153271,136217,151856,182383,195305,277311,0
220000,4,4,3,-1,-1,-1,-1,-1,-1,104603,107850,112108,113520,101164,88354,5000,6000,5000,3649,3580,4000,115397,112150,107892,106480,118836,131646,600370,0
30000,3,2,3,-1,-1,-1,-1,-1,-1,28806,13406,14485,15936,16370,17105,1600,1600,2000,1000,1000,1000,1194,16594,15515,14064,13630,12895,97908,0
340000,2,2,3,-1,-1,-1,-1,-1,-1,284099,286067,290374,5329,5029,7079,11000,10005,5336,5036,38592,4448,55901,53933,49626,334671,334971,332921,803560,0
180000,1,2,2,-1,-1,-1,-1,-1,-1,4911,6688,8432,9977,10030,10836,2000,2000,2000,500,1100,0,175089,173312,171568,170023,169970,169164,43274,0
40000,1,2,3,-1,-1,-1,-1,-1,-1,776,776,776,776,1552,776,776,776,776,1552,0,1459,39224,39224,39224,39224,38448,39224,93,1
20000,2,2,2,-1,-1,-1,-1,-1,-1,19969,19568,19189,13708,11467,10614,1400,2000,1500,1000,1000,2000,31,432,811,6292,8533,9386,85615,0
130000,2,2,3,2,2,2,2,2,2,105500,107761,109965,110797,107529,114104,5500,5400,4100,0,8500,0,24500,22239,20035,19203,22471,15896,632156,1
50000,2,2,3,-1,-1,-1,-1,-1,-1,47406,48332,44295,43638,18788,15468,2200,2100,2228,1000,500,1150,2594,1668,5705,6362,31212,34532,208749,1
300000,1,2,2,-1,-1,-1,2,-1,-1,17641,2749,27838,4184,856,6781,2765,28773,0,856,6781,8462,282359,297251,272162,295816,299144,293219,12412,0
140000,2,4,2,-1,-1,-1,-1,-1,-1,62063,56426,41717,42823,25224,26855,22400,2000,2000,900,2000,10000,77937,83574,98283,97177,114776,113145,215808,0
260000,2,2,3,-1,-1,-1,2,2,2,16170,18256,19556,18136,24018,21490,3000,2934,0,8000,0,2000,243830,241744,240444,241864,235982,238510,101692,0
100000,2,2,3,-1,-1,-1,-1,-1,-1,90483,91893,91531,82398,73011,73711,3315,3664,3157,2572,3048,2680,9517,8107,8469,17602,26989,26289,484591,0
130000,2,4,3,2,-1,-1,2,-1,-1,8539,9559,12394,11883,9826,10167,1165,3000,0,500,500,2700,121461,120441,117606,118117,120174,119833,54503,1
200000,2,4,3,1,-2,-2,-2,-2,-1,0,0,0,0,0,665,0,0,0,0,665,0,200000,200000,200000,200000,200000,199335,0,1
200000,1,2,3,-1,-1,-1,-1,-1,-1,657,0,2080,3567,0,1731,0,2080,3567,0,1731,1081,199343,200000,197920,196433,200000,198269,-424,1
200000,1,4,2,1,-1,-1,-1,-1,-1,0,6372,2180,6605,970,0,6372,2182,6605,970,0,0,200000,193628,197820,193395,199030,200000,-2,0
180000,1,4,2,-1,-1,-1,-1,-1,-1,17332,14579,17814,8260,9090,4441,4579,5000,2000,4110,4441,3549,162668,165421,162186,171740,170910,175559,47837,0
360000,2,2,2,-2,-2,-2,-2,-2,-2,0,0,3240,1943,0,0,0,3240,1943,0,0,0,360000,360000,356760,358057,360000,360000,0,1
420000,1,4,2,-1,-1,-1,-1,-1,-1,26232,8955,33661,12957,10221,40060,8967,33661,3005,3000,40060,5000,393768,411045,386339,407043,409779,379940,38393,0
180000,1,2,2,-1,-1,-1,2,-1,-1,3544,-36,163,163,1772,148,0,1000,0,2000,0,5000,176456,180036,179837,179837,178228,179852,-2246,0
50000,3,2,2,3,2,2,2,-1,-1,34440,32823,34699,30869,29890,29719,0,3511,0,1045,1066,1134,15560,17177,15301,19131,20110,20281,185684,0
120000,1,2,2,-2,-2,-2,-2,-2,-2,3755,0,0,0,0,0,0,0,0,0,0,0,116245,120000,120000,120000,120000,120000,3755,1
80000,3,2,2,-1,-1,-1,-1,-1,-1,54986,55111,55239,54892,45862,45086,1966,2055,1720,1458,1475,1587,25014,24889,24761,25108,34138,34914,300915,0
180000,1,2,2,1,-2,-2,-2,-2,-2,0,0,0,0,0,0,0,0,0,0,0,0,180000,180000,180000,180000,180000,180000,0,0
20000,2,2,2,-1,-1,2,-1,-1,2,15547,18186,17606,18708,20093,20721,2900,0,1400,1700,1100,600,4453,1814,2394,1292,-93,-721,103161,1
180000,4,2,2,-1,-1,-1,-1,-1,-1,136055,136095,136201,136857,130839,131059,6400,6400,7000,5000,5000,5000,43945,43905,43799,43143,49161,48941,772306,0
230000,2,2,2,-2,-1,-1,-1,-1,-1,3256,1401,1624,4180,2665,3915,1401,1635,4180,2667,3915,2091,226744,228599,228376,225820,227335,226085,1152,0
80000,2,2,3,-1,-1,-1,-1,-2,-2,78374,80472,82150,0,0,0,4000,4000,0,0,0,0,1626,-472,-2150,80000,80000,80000,232996,0
90000,2,2,3,-1,-1,-1,-1,-1,-1,1367,2086,2987,5850,2720,4541,2086,2987,5856,2720,4541,11387,88633,87914,87013,84150,87280,85459,-10026,0
300000,3,2,2,-1,-1,-1,-1,-1,-1,25936,26008,26324,27249,46007,46764,1500,1800,2000,20000,2160,2400,274064,273992,273676,272751,253993,253236,168428,0
160000,1,4,2,1,-2,-2,-2,-2,-1,0,0,0,0,0,300,0,0,0,0,300,0,160000,160000,160000,160000,160000,159700,0,1
180000,2,4,3,-1,-1,-1,-1,-1,-1,4164,701,411,955,416,2408,701,411,960,416,2408,1609,175836,179299,179589,179045,179584,177592,2550,0
160000,2,4,2,-1,-1,-1,-1,-1,-1,13680,6729,119200,115893,113309,110073,2019,120377,3612,3100,3200,2558,146320,153271,40800,44107,46691,49927,344018,0
230000,1,4,2,-1,-1,-1,-1,-1,-1,246101,261430,237267,212105,186149,159683,38172,9000,7800,6650,5496,5145,-16101,-31430,-7267,17895,43851,70317,1230472,0
360000,1,4,2,-2,-2,-2,-2,-2,-2,3429,33535,2441,5681,65816,17577,33702,2453,5710,66145,17589,8050,356571,326465,357559,354319,294184,342423,-5170,0
500000,1,2,2,-2,-2,-2,-2,-2,-2,26760,747,2652,-11,-213,-213,750,2676,1,0,0,0,473240,499253,497348,500011,500213,500213,26295,0
120000,2,2,2,2,2,2,2,2,2,69443,70896,72381,70629,74827,76470,3200,3200,0,6000,3000,3000,50557,49104,47619,49371,45173,43530,416246,0
280000,1,2,2,-2,-2,-2,-2,-2,-2,0,0,0,787,1233,0,0,0,787,1233,0,0,280000,280000,280000,279213,278767,280000,0,1
200000,2,1,2,1,2,-1,-1,-1,-1,134625,98699,74015,54472,50540,46486,341,8024,5000,8000,1821,5000,65375,101301,125985,145528,149460,153514,430651,0
180000,1,2,2,-1,-1,-1,-1,-1,-1,89903,66236,59932,52382,40661,32385,3073,3010,2010,1200,1000,1000,90097,113764,120068,127618,139339,147615,330206,0
240000,1,2,2,-1,-1,-1,-1,-1,-1,1670,1479,1479,1479,1479,1240,1479,1479,1479,1479,1240,1655,238330,238521,238521,238521,238521,238760,15,1
500000,1,2,3,-1,-1,-1,-1,-1,-1,322849,331476,339278,85500,87192,92581,14000,15000,4000,4000,6784,0,177151,168524,160722,414500,412808,407419,1215092,0
180000,2,2,3,-1,-1,-1,-1,-2,-2,4498,-2,760,0,0,245,0,762,0,0,245,884,175502,180002,179240,180000,180000,179755,3610,0
330000,2,2,3,-1,-1,-1,-1,-1,-1,15018,17365,19114,14093,16005,4935,3000,2500,3000,3000,170,2000,314982,312635,310886,315907,313995,325065,72860,0
420000,1,4,2,-1,-1,-1,-1,-1,-1,433837,426169,411637,340947,267641,214445,15500,17000,13541,10008,7705,7246,-13837,-6169,8363,79053,152359,205555,2023676,0
220000,2,2,2,-1,-1,-1,-1,-1,-1,41352,43757,46012,47543,48489,49506,3100,3269,2800,1736,1799,1964,178648,176243,173988,172457,171511,170494,261991,0
170000,2,4,2,-1,-1,-2,-2,-2,-2,2435,0,0,0,0,0,0,0,0,0,0,0,167565,170000,170000,170000,170000,170000,2435,0
140000,1,2,3,-1,-1,-1,-1,-1,-1,907,19830,11639,14362,0,46514,19891,11639,14362,0,46514,2400,139093,120170,128361,125638,140000,93486,-1554,0
200000,3,4,2,-1,-1,-1,-1,-1,-1,187864,191756,194283,191693,188261,155159,8500,7500,7000,5000,7000,2000,12136,8244,5717,8307,11739,44841,1072016,0
230000,2,2,2,-1,-1,-1,-1,-1,-1,55623,59913,60991,37289,37368,37357,5855,3000,1848,1457,4443,0,174377,170087,169009,192711,192632,192643,271938,0
150000,4,4,2,-2,-2,-2,-2,-1,2,9846,5345,0,0,1493,159,5345,0,0,1493,0,1119,140154,144655,150000,150000,148507,149841,8886,0
240000,1,4,2,-2,-2,-2,-2,-2,-2,660,31187,1280,7623,0,11353,31187,1280,7643,0,11353,2576,239340,208813,238720,232377,240000,228647,-1936,0
210000,2,2,3,-2,-2,-1,-1,-1,-1,21639,8455,18062,3019,5587,28210,8455,18145,3019,5587,28210,2706,188361,201545,191938,206981,204413,181790,18850,0
500000,1,4,2,-1,-1,-1,-1,-1,-1,113466,116857,116402,95244,68182,60153,12197,15263,4672,0,1296,54,386534,383143,383598,404756,431818,439847,536822,0
180000,3,2,2,1,-2,-2,-1,3,2,0,0,0,300,300,150,0,0,300,0,0,645,180000,180000,180000,179700,179700,179850,-195,0
60000,2,4,2,-1,-1,-1,-1,-1,2,59426,59643,61279,61017,30117,29526,2800,3200,2535,2331,0,1073,574,357,-1279,-1017,29883,30474,289069,0
290000,1,2,2,-1,-1,-1,-1,-1,-1,276365,199540,191188,145089,137942,116689,9263,9041,7027,10088,8027,10025,13635,90460,98812,144911,152058,173311,1013342,0
80000,3,6,3,-1,-1,-1,-1,-1,-1,36320,29106,15290,4456,33661,34275,2030,2000,2000,30000,12000,0,43680,50894,64710,75544,46339,45725,105078,0
180000,1,2,3,-1,-1,-1,-1,-1,-1,182283,167160,173685,179213,182271,156029,15000,11080,10000,10000,7000,10000,-2283,12840,6315,787,-2271,23971,977561,0
350000,3,2,2,-1,-1,-1,-1,-1,-1,61937,65343,1355,7069,0,180,5343,1359,14615,0,180,1340,288063,284657,348645,342931,350000,349820,113047,0
160000,2,6,3,-1,-1,-1,-1,-2,-1,8554,1375,2310,0,0,351,1000,1000,0,0,351,0,151446,158625,157690,160000,160000,159649,10239,1
210000,3,4,2,-1,-1,-1,-1,-1,-1,57605,58727,59854,61330,62394,63912,3000,3000,2804,3000,3000,2468,152395,151273,150146,148670,147606,146088,346550,0
160000,1,2,2,1,-2,-2,-2,-1,-1,0,0,0,0,1240,0,0,0,0,1240,0,0,160000,160000,160000,160000,158760,160000,0,0
350000,1,2,3,-2,-2,-2,-2,-2,-2,3286,-114,20482,0,0,0,0,20596,0,0,0,0,346714,350114,329518,350000,350000,350000,3058,0
130000,2,2,3,-1,-1,-1,-1,-1,-1,104898,103920,102270,96440,85065,85105,4714,4553,4203,3000,3100,3500,25102,26080,27730,33560,44935,44895,554628,0
240000,2,2,3,-2,-1,2,-1,-1,-1,0,2353,2135,3305,0,5370,2421,0,3305,0,5370,4605,240000,237647,237865,236695,240000,234630,-2538,0
330000,3,2,3,-1,-1,-1,-1,-1,-1,81084,82838,84470,80923,82580,84330,3100,3026,3000,3000,3078,3238,248916,247162,245530,249077,247420,245670,477783,0
500000,2,2,3,1,-1,-1,-1,-2,-2,0,1376,3719,-200,-200,-200,1376,3723,1319,0,0,0,500000,498624,496281,500200,500200,500200,-1923,1
170000,3,2,3,-1,-1,-1,-1,-1,-1,1000,0,978,1009,1101,0,0,978,1009,1101,0,912,169000,170000,169022,168991,168899,170000,88,0
240000,4,2,3,-2,-2,-2,-2,-2,-2,4522,1868,7182,6398,2498,3466,1868,7208,6450,2498,3466,2156,235478,238132,232818,233602,237502,236534,2288,0
180000,4,4,3,-1,-1,-1,-1,-1,-1,167915,163279,166994,150812,123957,55778,6028,7758,5188,4570,1876,1701,12085,16721,13006,29188,56043,124222,801614,1
260000,2,4,2,-1,-1,-1,-1,-1,-1,17631,13184,1700,5190,8455,1462,13184,1700,5190,8455,1462,3641,242369,246816,258300,254810,251545,258538,13990,0
130000,2,2,3,-1,-1,-1,-1,-1,-1,2292,6776,2811,3589,11151,1543,6776,2811,3589,11351,1543,1109,127708,123224,127189,126411,118849,128457,983,0
30000,2,4,2,-1,-1,-1,-1,-1,-2,497,1169,220,1705,0,0,1001,220,1705,0,0,0,29503,28831,29780,28295,30000,30000,665,0
440000,2,4,3,1,-2,-2,-1,-1,-1,0,0,0,17297,0,13497,0,0,17297,0,13497,0,440000,440000,440000,422703,440000,426503,0,0
260000,2,2,3,-1,-1,-1,-2,-1,-1,684,1726,0,0,5055,5996,1742,0,0,5055,5996,5648,259316,258274,260000,260000,254945,254004,-4980,0
30000,1,2,2,2,-1,-1,-1,-1,-1,25080,26460,27042,27617,28546,13487,1800,2000,1400,1300,700,1000,4920,3540,2958,2383,1454,16513,140032,0
390000,2,2,2,-1,-1,-1,-1,-1,-1,200927,200612,202794,191419,81360,66864,17843,8315,6839,3000,2348,2401,189073,189388,187206,198581,308640,323136,903230,0
260000,2,2,3,-1,-1,-1,-1,-1,-1,113872,118281,119564,68707,39517,33842,6302,5300,2600,2500,5000,15000,146128,141719,140436,191293,220483,226158,457081,0
70000,2,2,3,-1,-1,-1,-1,-1,-1,65906,67271,25323,25829,26589,16776,3500,2000,2000,1500,1000,1000,4094,2729,44677,44171,43411,53224,216694,0
200000,3,2,2,2,2,2,2,2,2,140327,143137,145374,147273,149244,151973,6600,6000,5860,6000,5000,0,59673,56863,54626,52727,50756,48027,847868,0
150000,2,2,2,-1,-1,-1,-2,-2,-2,21274,22704,0,0,0,0,11540,0,0,0,0,0,128726,127296,150000,150000,150000,150000,32438,0
460000,1,4,2,-2,-2,-2,-2,-2,-2,13377,12776,8364,20465,13714,38090,12840,8403,20552,13778,38266,25005,446623,447224,451636,439535,446286,421910,-12058,0
180000,3,2,2,-1,-1,-1,-1,-1,-1,478,478,2272,3970,330,0,478,2272,3970,420,0,0,179522,179522,177728,176030,179670,180000,388,0
70000,1,4,2,-1,-1,-1,-1,-1,-1,64860,64533,48493,48824,19000,39000,2200,3000,1400,500,20000,0,5140,5467,21507,21176,51000,31000,257610,0
250000,2,2,3,-2,-2,-2,-2,-2,-2,1385,4843,2942,1054,1708,3014,4843,2942,1057,1708,3014,3037,248615,245157,247058,248946,248292,246986,-1655,0
170000,2,2,2,-1,-1,-1,-1,-1,-1,22870,20653,21577,20334,19161,18613,2000,1685,1231,608,650,547,147130,149347,148423,149666,150839,151387,116487,0
160000,2,4,2,-1,-1,-1,-1,-1,-1,149,1100,240,236,4022,4245,1100,240,236,4026,1000,1000,159851,158900,159760,159764,155978,155755,2390,0
80000,1,4,2,2,-1,-1,2,-1,-1,12639,13419,18171,17582,19281,19968,1300,5000,0,2000,1000,10000,67361,66581,61829,62418,60719,60032,81760,1
400000,3,4,3,1,-1,-1,-1,-1,-1,0,877,33508,9506,8967,4326,877,33508,9506,8967,4326,5420,400000,399123,366492,390494,391033,395674,-5420,0
20000,2,2,3,4,4,3,2,2,2,28447,27721,27009,27170,26295,34171,0,0,924,0,9648,2000,-8447,-7721,-7009,-7170,-6295,-14171,158241,1
130000,2,4,3,-1,-1,-1,-1,-1,-1,128854,111896,116183,115034,88163,87388,4000,6097,4085,3007,3028,3000,1146,18104,13817,14966,41837,42612,624301,0
60000,1,2,2,-1,-1,-1,2,2,2,4373,5428,9754,7795,8258,8370,1131,4457,37,500,300,0,55627,54572,50246,52205,51742,51630,37553,0
90000,3,2,3,-1,-1,-1,-1,-1,-1,87240,88519,84573,78617,64344,63417,10000,3519,5014,2679,4600,1000,2760,1481,5427,11383,25656,26583,439898,0
210000,2,4,3,-1,-1,-1,-1,-1,-1,84298,85379,87469,90380,91355,92565,3379,3469,4380,3355,3565,3607,125702,124621,122531,119620,118645,117435,509691,0
380000,1,4,2,2,2,2,2,2,2,315912,322199,331518,337703,343612,351089,13000,16001,13150,13000,13150,13300,64088,57801,48482,42297,36388,28911,1920432,0
200000,2,2,2,-1,-1,-1,-1,-1,-1,29327,30536,31740,32909,34058,35056,2000,2000,2000,2000,1700,1600,170673,169464,168260,167091,165942,164944,182326,0
180000,1,2,2,2,-1,-1,-1,-1,-1,326,326,326,480,1011,2685,326,326,480,1011,2000,3000,179674,179674,179674,179520,178989,177315,-1989,1
20000,2,2,3,1,3,2,-1,-1,-1,21001,20372,19376,20295,19505,19964,0,0,1400,390,459,241,-1001,-372,624,-295,495,36,118023,0
350000,3,2,2,-2,-2,-2,-2,-2,-2,1316,3033,2168,7951,4986,3641,3061,2181,8071,5002,3654,5820,348684,346967,347832,342049,345014,346359,-4694,0
200000,4,2,3,1,-2,-1,-1,-2,-1,0,0,650,0,0,89,0,650,0,0,89,0,200000,200000,199350,200000,200000,199911,0,0
400000,3,4,2,-2,-2,-2,-2,-2,-2,10150,5869,5750,132866,21780,41050,5869,5750,132872,21780,20525,74984,389850,394131,394250,267134,378220,358950,-44315,0
230000,1,2,2,1,-1,-1,-1,-2,-2,828,1533,7234,824,4690,1408,1547,7247,828,4713,1415,1820,229172,228467,222766,229176,225310,228592,-1053,0
230000,1,2,3,-1,-1,-1,-1,-1,-2,390,390,0,780,0,0,390,0,780,0,0,0,229610,229610,230000,229220,230000,230000,390,1
50000,2,2,2,-1,-1,-1,-1,-1,-1,25184,26261,27334,28374,28804,29488,1800,1800,1800,1200,1300,1300,24816,23739,22666,21626,21196,20512,156245,0
300000,2,4,3,-1,-1,-1,-1,-1,-1,225542,212958,195533,98158,66438,68863,7055,5536,5052,1794,5000,2000,74458,87042,104467,201842,233562,231137,841055,0
230000,3,2,3,-1,-1,-1,-1,-1,-1,15160,14513,15221,16501,10283,9086,1500,3000,3000,1000,1000,2140,214840,215487,214779,213499,219717,220914,69124,0
50000,3,2,3,-1,-1,-1,-1,-1,-1,47569,48768,49234,21067,15007,31043,1986,1452,1200,300,27000,1412,2431,1232,766,28933,34993,18957,179338,0
150000,1,4,2,-1,-1,-1,-1,-1,-1,7249,4090,36897,35755,16251,7392,1070,35755,2000,0,2000,2931,142751,145910,113103,114245,133749,142608,63878,0
260000,1,4,2,-2,-2,-2,-2,-2,-2,2537,2587,3727,1885,2013,3001,2606,3749,1900,2025,3019,2680,257463,257413,256273,258115,257987,256999,-229,0
320000,2,2,2,-1,-1,-1,-1,-1,-1,3077,1651,1060,4070,2695,7544,1661,1060,4070,2700,7544,3563,316923,318349,318940,315930,317305,312456,-501,1
100000,2,2,3,-1,-1,-1,-1,-1,-1,55084,49358,89406,77924,78683,77357,2500,43075,2750,2750,2800,2853,44916,50642,10594,22076,21317,22643,371084,0
60000,3,2,2,1,-2,-2,-2,-2,-1,0,0,0,0,0,150,0,0,0,0,150,499,60000,60000,60000,60000,60000,59850,-499,0
420000,3,2,3,-2,-2,-2,-2,-2,-2,87263,20793,34676,48823,74475,47108,20803,34682,48919,74481,47108,219844,332737,399207,385324,371177,345525,372892,-132699,0
500000,2,2,2,-1,-1,-1,-1,-1,-1,80460,79689,74664,70270,66053,63924,3527,3030,3028,2513,2100,2524,419540,420311,425336,429730,433947,436076,418338,0
450000,2,2,2,-1,-1,-1,-1,-1,-1,372188,383052,74835,87584,95161,103398,20000,3703,15000,10000,10000,25000,77812,66948,375165,362416,354839,346602,1032515,0
30000,3,2,3,-1,-1,-1,-1,-1,-1,75112,24530,13375,2592,30094,29147,1371,1210,1000,30000,1046,1390,-45112,5470,16625,27408,-94,853,138833,1
60000,2,2,3,2,2,2,2,-1,-1,26782,29104,30027,28928,29346,29717,3400,2000,0,1500,1300,3500,33218,30896,29973,31072,30654,30283,162204,1
180000,2,2,3,-1,-1,-1,-1,-1,-1,316,316,316,396,396,3306,316,316,396,396,3306,3306,179684,179684,179684,179604,179604,176694,-2990,0
320000,2,4,2,-1,-1,-1,-1,-1,-1,1302,3571,311,8088,10881,11600,3571,311,8088,5000,1600,1810,318698,316429,319689,311912,309119,308400,15373,0
250000,1,4,2,-1,-1,-1,-1,-1,-1,116861,97569,90937,87445,84268,80762,3424,3317,3023,2937,2931,3022,133139,152431,159063,162555,165732,169238,539188,0
30000,2,4,2,-1,-1,-1,-1,-1,-1,23336,24642,25382,26351,25165,25536,1700,1440,1409,1048,927,932,6664,5358,4618,3649,4835,4464,142956,0
360000,2,2,2,-1,-1,-1,-1,-1,-2,4874,9561,5866,1297,0,0,5000,1166,1297,0,0,0,355126,350439,354134,358703,360000,360000,14135,0
360000,3,2,3,-2,-2,-2,-2,-2,-2,4435,799,1071,15584,3195,4261,805,1071,15604,3195,4269,3525,355565,359201,358929,344416,356805,355739,876,0
150000,1,2,2,-2,-2,-2,-2,-2,-2,32440,13447,17877,25172,4694,6292,13447,17914,25349,4694,6324,14433,117560,136553,132123,124828,145306,143708,17761,0
400000,2,2,2,-1,2,-1,-1,-1,-1,58126,10446,5299,8841,18612,6115,31,5316,8858,18769,6115,11000,341874,389554,394701,391159,381388,393885,57350,0
350000,1,4,3,2,3,2,2,2,2,309250,314607,322032,327193,333278,340791,12000,14000,12000,13000,13000,13000,40750,35393,27968,22807,16722,9209,1870151,1
80000,3,2,3,-2,-2,-2,-2,-2,-2,3473,3329,2939,3627,3868,2193,3329,2939,3627,3991,2299,3031,76527,76671,77061,76373,76132,77807,213,0
140000,3,2,2,-1,-1,-1,-1,-1,-1,1208,4411,3957,5241,3943,3933,4411,3957,5241,3943,3933,0,138792,135589,136043,134759,136057,136067,1208,0
150000,3,4,3,-1,-1,-1,-1,-1,-1,175095,175522,173918,174074,178671,178869,10011,6200,5874,10000,6054,7108,-25095,-25522,-23918,-24074,-28671,-28869,1010902,0
480000,3,2,3,-2,-2,-2,-2,-2,-2,5664,12781,7169,6749,2436,14155,12871,7169,6749,2436,14155,9286,474336,467219,472831,473251,477564,465845,-3712,0
200000,3,2,3,-2,-2,-2,-2,-2,-2,0,0,0,0,0,0,0,0,0,0,0,504,200000,200000,200000,200000,200000,200000,-504,0
180000,1,4,1,-1,-1,-1,-1,-1,-2,9862,2896,2458,305,0,0,2903,2458,305,0,0,0,170138,177104,177542,179695,180000,180000,9855,0
260000,1,4,2,-2,-2,-2,-2,-2,-2,0,3459,0,0,200,0,3459,0,0,200,0,950,260000,256541,260000,260000,259800,260000,-950,0
450000,1,2,2,1,-1,2,-1,-1,-1,621,11368,2370,2823,2243,4322,11420,0,2243,0,4322,0,449379,438632,447630,447177,447757,445678,5762,0
140000,3,2,2,-1,-1,-1,-1,-1,-1,136302,127178,78950,80457,41150,-10193,6000,5000,4000,2000,0,71000,3698,12822,61050,59543,98850,150193,365844,0
220000,3,2,3,-1,-1,-1,-1,-1,-1,242526,228858,218878,193596,167149,157817,8100,8100,7000,5900,5600,5000,-22526,-8858,1122,26404,52851,62183,1169124,1
100000,3,2,2,-1,-1,-1,-1,-1,-1,380,1357,1977,380,380,1253,1357,1000,380,380,1253,2434,99620,98643,98023,99620,99620,98747,-1077,0
160000,2,2,3,-2,-2,-2,-2,-2,-2,550,550,550,550,550,550,550,550,550,550,550,550,159450,159450,159450,159450,159450,159450,0,0
140000,2,2,2,-1,-1,-1,-1,-1,-1,74500,64615,59862,42040,32591,21090,3508,10027,5008,5013,5008,2004,65500,75385,80138,97960,107409,118910,264130,0
200000,2,4,2,-1,-1,-2,-2,-2,-1,1017,0,0,0,0,11700,0,0,0,0,11700,121513,198983,200000,200000,200000,200000,188300,-120496,0
460000,1,4,2,-2,-2,-2,-2,-2,-2,0,0,0,0,630,0,0,0,0,630,0,0,460000,460000,460000,460000,459370,460000,0,0
50000,3,4,2,-1,-1,-1,-1,-1,-1,41124,38634,75580,17014,-1963,7671,1750,3016,1000,0,10400,5000,8876,11366,-25580,32986,51963,42329,156894,0
100000,1,2,2,-1,-1,-1,-1,-1,-1,6033,19922,40000,1133,22579,2834,19922,21000,1133,22579,2834,0,93967,80078,60000,98867,77421,97166,25033,0
150000,2,4,2,-1,-1,-1,-1,-1,-1,138363,138979,37713,35592,35808,36730,6000,2000,2000,1300,1500,1500,11637,11021,112287,114408,114192,113270,408885,0
460000,1,2,2,-1,-1,-1,-1,-1,-1,5085,3883,5115,5714,1530,1868,3282,6000,5714,1530,1868,9250,454915,456117,454885,454286,458470,458132,-4449,0
360000,2,4,2,-2,-2,-2,-2,-2,-2,171,1058,3494,6339,2131,535,1058,3494,6339,2131,535,82000,359829,358942,356506,353661,357869,359465,-81829,0
180000,1,4,2,-1,-1,-1,-1,-1,-1,4019,1550,4278,331,3456,11964,1550,4278,334,3456,11964,5690,175981,178450,175722,179669,176544,168036,-1674,0
470000,1,2,3,-1,-1,-1,-1,-1,-1,10360,7450,5719,1730,-7,24672,2474,1751,1012,0,24679,2600,459640,462550,464281,468270,470007,445328,17408,0
320000,3,2,3,1,-1,2,2,-1,-1,-1,507,507,-900,3750,3216,508,0,0,5330,3216,2041,320001,319493,319493,320900,316250,316784,-4016,0
360000,2,4,3,-2,-2,-2,-2,-2,-2,3899,6571,7486,24472,5935,4999,7148,8063,25217,6487,5000,0,356101,353429,352514,335528,354065,355001,1447,0
60000,2,2,2,-1,-1,-1,-1,-1,-1,2079,6964,1013,5254,2932,2248,6964,1013,5254,2932,2248,3000,57921,53036,58987,54746,57068,57752,-921,0
310000,1,2,2,-2,-2,-2,-2,-2,-2,4934,1275,1572,240,-1226,-2074,1275,1572,240,970,0,6585,305066,308725,308428,309760,311226,312074,-5921,0
140000,2,2,2,-1,-1,-1,-1,-1,-1,50663,50847,50768,50629,49974,49897,1788,2182,2041,1715,1982,30000,89337,89153,89232,89371,90026,90103,263070,0
450000,2,2,3,-2,-2,-2,-2,-2,-2,7361,8670,6982,15945,7841,7676,8692,7010,15998,7871,7696,6957,442639,441330,443018,434055,442159,442324,251,0
210000,2,2,2,-1,2,-1,-1,-1,-1,857,1030,380,705,705,705,725,380,705,705,705,705,209143,208970,209620,209295,209295,209295,457,0
180000,1,4,2,-1,-1,-1,-1,-1,-1,2196,1634,1586,1758,480,1918,1640,1586,1758,480,1918,2799,177804,178366,178414,178242,179520,178082,-609,1
360000,2,4,2,-1,-1,-2,-2,-2,-2,1659,0,0,0,0,0,0,0,0,0,0,0,358341,360000,360000,360000,360000,360000,1659,0
50000,1,2,2,2,2,2,2,2,2,40669,43102,44313,45286,44256,47549,3424,2200,2000,0,4000,2300,9331,6898,5687,4714,5744,2451,251251,1
340000,2,4,2,-1,-1,-1,-1,-1,-1,16462,12927,10814,7880,2338,0,1310,3011,5000,2338,0,0,323538,327073,329186,332120,337662,340000,38762,0
140000,3,2,2,2,2,2,-1,-1,2,119715,122283,118913,120435,139795,142950,6000,0,5000,21500,5500,0,20285,17717,21087,19565,205,-2950,726091,0
120000,1,4,2,-1,-1,-1,-1,2,-1,32051,39861,42957,43876,27231,249,10000,5000,3132,0,0,115660,87949,80139,77043,76124,92769,119751,52433,0
180000,2,2,2,1,-2,-2,-2,-2,-2,0,0,0,0,0,0,0,0,0,0,0,800,180000,180000,180000,180000,180000,180000,-800,1
360000,1,4,2,-1,-1,-1,-1,-1,-1,192160,197204,119028,103046,15863,10503,20104,4816,2061,15863,21,5016,167840,162796,240972,256954,344137,349497,589923,0
340000,1,2,2,-1,-1,-1,-1,-1,-1,254219,252984,252180,250359,203580,192415,9500,9780,9425,7500,6800,7200,85781,87016,87820,89641,136420,147585,1355532,0
200000,2,2,2,-1,-1,-1,-1,-1,-1,136264,138994,142744,146363,149920,153107,5000,6000,6000,6000,6000,6000,63736,61006,57256,53637,50080,46893,832392,0
80000,2,4,2,-2,-2,-2,-2,-2,-2,3966,0,0,0,0,0,0,0,0,0,0,0,76034,80000,80000,80000,80000,80000,3966,0
500000,2,2,2,-1,-1,-1,-1,-1,-1,286595,292813,302966,300000,400000,0,11000,14846,6000,100000,0,279260,213405,207187,197034,200000,100000,500000,1171268,0
150000,2,2,2,-2,-2,-2,-2,-1,-1,416,416,416,416,37911,38299,416,416,416,37911,1400,1400,149584,149584,149584,149584,112089,111701,35915,0
20000,1,4,3,1,2,2,2,-1,-1,14231,14893,16160,15603,15943,16286,1200,1800,0,600,600,751,5769,5107,3840,4397,4057,3714,88165,1
500000,2,2,3,-1,-1,-1,-1,-1,-1,275956,277193,284198,285419,261073,233343,15000,13000,10000,10000,10000,10000,224044,222807,215802,214581,238927,266657,1549182,0
340000,3,2,3,-1,-1,-1,2,-1,-1,169842,158469,154170,135951,123353,110723,7000,14000,0,4000,4000,5000,170158,181531,185830,204049,216647,229277,818508,0
500000,2,4,2,-1,-1,-1,-1,-1,-1,2730,3926,17501,17194,9030,2180,5606,17501,2194,1030,2180,2012,497270,496074,482499,482806,490970,497820,22038,0
240000,2,4,2,-1,-1,-1,-1,2,2,173628,177556,179549,225556,219642,232652,8000,7000,50000,0,16302,0,66372,62444,60451,14444,20358,7348,1127281,0
80000,2,4,2,-1,-1,-1,-1,-1,-1,7437,8906,7718,1388,0,6951,4000,1000,1388,0,6951,1980,72563,71094,72282,78612,80000,73049,17081,0
200000,1,2,2,1,-2,-1,-1,-2,-2,-58,-58,2786,0,116,0,0,2844,0,116,0,0,200058,200058,197214,200000,199884,200000,-174,0
230000,2,4,2,-2,-2,-2,-2,-2,-2,-18,3919,6164,3612,7756,4906,3937,6164,3612,7761,4906,3632,230018,226081,223836,226388,222244,225094,-3673,0
300000,3,2,2,-2,-2,-2,-2,-2,-2,4035,0,0,0,379,0,0,0,0,379,0,0,295965,300000,300000,300000,299621,300000,4035,0
140000,2,2,2,-1,-1,-1,-1,-1,-1,165,341,165,1031,487,863,341,165,1031,0,863,487,139835,139659,139835,138969,139513,139137,165,1
300000,1,4,2,-1,-1,-1,-2,-2,-2,3854,142,0,0,0,0,142,0,0,0,0,0,296146,299858,300000,300000,300000,300000,3854,0
360000,3,4,2,-2,-2,-2,-2,-2,-2,0,0,0,0,0,0,0,0,0,0,0,0,360000,360000,360000,360000,360000,360000,0,1
320000,3,2,2,-1,-1,-1,-1,-1,-1,157249,148123,142852,133583,129049,128325,6000,6048,6000,5000,5000,5000,162751,171877,177148,186417,190951,191675,806133,1
380000,2,2,2,-1,-1,-1,-1,-1,-1,384846,359926,349753,296465,193342,311009,13291,15287,8532,4334,317077,11892,-4846,20074,30247,83535,186658,68991,1524928,0
170000,3,2,2,-1,-1,-1,-1,-1,-1,136639,138223,140964,138064,131845,128827,7200,7405,6022,4606,5006,4809,33361,31777,29036,31936,38155,41173,779514,0
300000,1,2,3,-1,-1,-1,-1,-1,-2,66132,6917,3050,1760,0,0,6983,3331,1760,0,0,891,233868,293083,296950,298240,300000,300000,64894,0
60000,3,4,3,-1,-1,-2,-2,-2,-2,2802,0,0,0,0,0,0,0,0,0,0,0,57198,60000,60000,60000,60000,60000,2802,0
240000,2,2,2,-1,-1,-1,-1,-1,-1,214122,217850,212593,180867,173780,168880,19000,10000,7000,10000,8000,10000,25878,22150,27407,59133,66220,71120,1104092,0
500000,3,4,3,-2,-2,-2,-2,-2,-2,0,1275,0,0,1300,0,1275,0,0,1300,0,0,500000,498725,500000,500000,498700,500000,0,0
230000,2,2,3,-1,-1,-1,-1,-1,-1,12047,17091,8743,31886,14893,8343,17094,8786,32467,14893,0,8968,217953,212909,221257,198114,215107,221657,10795,0
290000,4,4,2,-1,-1,-1,-1,-1,-1,33278,33694,32453,27981,14096,10240,1600,1700,2015,2000,1000,1000,256722,256306,257547,262019,275904,279760,142427,0
60000,2,2,2,-1,-1,-1,-1,-1,-1,59449,58548,53054,47933,29254,29981,2300,2600,2000,1200,1200,1500,551,1452,6946,12067,30746,30019,267419,0
100000,2,4,2,-1,-1,-1,-1,-1,-1,98118,99577,95736,98679,67007,67485,3500,4000,5700,2507,2500,3000,1882,423,4264,1321,32993,32515,505395,0
270000,2,4,2,-2,-2,-2,-1,-1,-1,-33,-33,24646,1585,15376,497,0,24679,4893,15376,497,5373,270033,270033,245354,268415,254624,269503,-8780,0
280000,2,4,2,-1,-1,-1,-1,-1,-1,259637,259593,261595,267359,236734,231064,10028,12500,13106,231064,15004,8004,20363,20407,18405,12641,43266,48936,1226276,0
100000,2,2,2,3,2,2,3,3,3,750,750,750,750,750,750,0,0,0,0,0,1500,99250,99250,99250,99250,99250,99250,3000,0
100000,1,4,2,-1,-1,2,-1,-1,-1,1876,9814,6690,1196,416,620,9814,443,1196,2080,620,928,98124,90186,93310,98804,99584,99380,5531,0
90000,1,4,2,1,-2,-2,-2,-2,-2,0,0,0,0,0,0,0,0,0,0,0,0,90000,90000,90000,90000,90000,90000,0,0
280000,4,2,3,-2,-2,-2,-2,-2,-2,5374,12360,20721,0,0,17131,12360,20721,0,0,17131,2681,274626,267640,259279,280000,280000,262869,2693,1
150000,4,2,2,-2,-2,-2,-2,-2,-2,0,0,1597,-3,1764,718,0,1597,0,1767,718,0,150000,150000,148403,150003,148236,149282,-6,0
70000,2,2,3,-1,-1,2,-1,-1,-1,390,780,390,390,780,0,780,0,390,780,0,0,69610,69220,69610,69610,69220,70000,780,0
180000,1,4,2,-1,-1,-1,-1,-1,-1,1160,2884,1165,4685,1165,3472,2889,1165,4685,0,3472,799,178840,177116,178835,175315,178835,176528,1521,0
190000,1,4,2,-1,-1,-1,-1,-1,-1,153962,161376,162437,117364,100765,112095,10000,6000,30000,5000,13000,34000,36038,28624,27563,72636,89235,77905,709999,0
500000,2,2,2,-1,-1,-1,-1,-1,-1,15050,20852,26741,27854,30961,54017,7000,7000,2000,5000,25002,3000,484950,479148,473259,472146,469039,445983,126473,0
190000,3,2,3,1,2,-1,-1,-1,-1,194487,189894,185512,169728,143260,136901,92,7791,4000,2865,40000,0,-4487,106,4488,20272,46740,53099,965034,0
210000,1,4,2,-2,-2,-2,-2,-2,-2,524,4581,248,1448,398,150,4581,300,1448,398,150,2043,209476,205419,209752,208552,209602,209850,-1571,0
60000,1,2,2,-1,-1,-1,-1,-1,-1,6842,15772,23011,9941,12688,8719,15772,23011,9941,12688,8958,6484,53158,44228,36989,50059,47312,51281,119,0
200000,3,2,2,-1,-1,-1,-1,-1,-1,198482,182115,154994,153386,144067,110946,5014,4699,7543,3970,3146,6941,1518,17885,45006,46614,55933,89054,912677,0
470000,1,4,2,1,-2,-2,-1,-1,-1,0,0,0,200,34325,37325,0,0,200,34325,3000,77412,470000,470000,470000,469800,435675,432675,-43087,0
260000,1,4,2,-1,-1,-1,-1,-1,-1,235961,222409,215056,212791,177159,143920,7988,7979,6807,5247,5240,5000,24039,37591,44944,47209,82841,116080,1169035,0
140000,1,4,2,-1,-1,-1,-1,-1,-1,13626,21399,27923,32330,33374,38588,8399,6923,5330,2074,5588,20290,126374,118601,112077,107670,106626,101412,118636,0
190000,2,2,2,-2,-2,-2,-2,-2,-1,-2650,-2650,-2650,-5036,-5036,93493,0,1941,0,0,98529,3188,192650,192650,192650,195036,195036,96507,-28187,1
80000,2,2,2,-1,-1,-1,-1,-1,-1,73873,61134,49746,49033,48553,48377,2006,8199,2000,1700,2000,2000,6127,18866,30254,30967,31447,31623,312811,0
310000,2,4,2,-1,-1,-1,-1,-1,-2,68430,72280,77097,7636,0,0,5000,7097,7636,0,0,2039,241570,237720,232903,302364,310000,310000,203671,0
150000,1,4,3,-1,-1,-1,2,-1,-1,16986,18693,20885,21738,22080,23558,2000,2500,1500,1000,2000,2000,133014,131307,129115,128262,127920,126442,112940,0
340000,2,2,2,-1,-1,-1,-1,-1,-1,338624,338272,339191,325675,285417,284834,15000,15000,15000,15000,12000,12500,1376,1728,809,14325,54583,55166,1827513,1
360000,2,4,2,-1,-1,-1,-1,-1,-1,49011,62438,77461,79025,75556,63097,15000,20000,3500,2300,5000,5000,310989,297562,282539,280975,284444,296903,355788,0
250000,2,2,2,2,-1,-1,-1,-1,-1,236546,232795,189111,189558,185565,189003,8007,7000,8200,7000,7000,8000,13454,17205,60889,60442,64435,60997,1177371,0
220000,2,2,2,-1,-1,-1,-1,-1,-1,3410,1619,1756,1986,4772,1115,1623,1756,2075,4774,1115,7160,216590,218381,218244,218014,215228,218885,-3845,0
30000,3,2,3,1,-2,-2,-1,-1,-1,0,0,0,14071,14350,14650,0,0,14071,514,532,543,30000,30000,30000,15929,15650,15350,27411,0
210000,3,2,3,-2,-2,-2,-2,-2,-2,16486,15725,18210,10784,41477,6879,15728,18213,10784,41477,6879,9498,193514,194275,191790,199216,168523,203121,6982,0
350000,1,2,2,-1,-1,-2,-2,-2,-2,30625,60003,7147,9950,22117,4874,60396,7147,9950,22117,4874,0,319375,289997,342853,340050,327883,345126,30232,1
270000,2,2,2,-1,-1,-1,-1,-1,-1,1481,3952,25237,44395,44741,45209,3952,22438,20000,1587,2000,4000,268519,266048,244763,225605,225259,224791,111038,0
200000,2,4,2,-1,-1,-1,-1,-1,-1,205362,177755,3455,1078,1598,171700,5504,1526,1078,1598,173026,6000,-5362,22245,196545,198922,198402,28300,372216,0
70000,2,4,3,2,-1,-1,-1,-1,-1,64744,66030,67450,68587,57710,58918,2361,2482,2293,2063,2135,2188,5256,3970,2550,1413,12290,11082,369917,1
220000,3,2,3,-1,-1,2,-1,-1,-1,1196,8087,3606,4656,8960,13264,8087,13,4656,5000,5000,0,218804,211913,216394,215344,211040,206736,17013,0
230000,2,2,2,-1,-1,-1,-1,-1,-1,5650,3798,6701,10382,4842,5792,3798,3000,5000,4842,3000,3000,224350,226202,223299,219618,225158,224208,14525,1
120000,2,2,2,-1,-1,-1,-1,-2,-2,22148,21120,4746,0,0,0,1550,1000,0,0,0,0,97852,98880,115254,120000,120000,120000,45464,0
360000,2,2,2,-1,-1,-1,-2,-2,-2,17602,5986,-29,-1671,87329,89608,1030,37,1642,89000,3000,3000,342398,354014,360029,361671,272671,270392,101116,0
210000,3,4,2,-1,-1,-1,-1,-1,-1,13438,9241,7924,13416,2228,4490,9315,7924,13421,2240,4490,10834,196562,200759,202076,196584,207772,205510,2513,0
460000,1,2,3,3,2,2,3,3,3,2650,2650,2650,2650,2650,2650,0,0,0,0,0,200,457350,457350,457350,457350,457350,457350,15700,1
500000,1,2,2,-2,-2,-2,-2,-2,-2,13000,13000,13000,13000,13000,13000,13000,13000,13000,13000,13000,13000,487000,487000,487000,487000,487000,487000,0,0
180000,2,4,2,-2,-2,-2,-2,-2,-2,3010,1679,2027,1764,11383,330,1679,2027,1774,11383,330,300,176990,178321,177973,178236,168617,179670,2700,0
180000,3,2,2,-2,-2,-2,-1,-1,-1,11540,633,606,20972,940,1383,633,606,20999,940,1383,0,168460,179367,179394,159028,179060,178617,11513,0
220000,2,2,1,-1,-1,-1,-1,-1,-1,68090,58218,47679,37788,23293,7288,4039,3021,1400,3000,2000,100000,151910,161782,172321,182212,196707,212712,128896,0
600000,2,4,2,-1,-1,-1,-1,-1,-1,501499,510470,520492,525749,480722,460068,19500,20462,19445,17348,16536,16845,98501,89530,79508,74251,119278,139932,2888864,0
180000,2,4,2,-1,-1,-1,-1,-1,-2,360,2240,6071,1554,0,0,2240,6071,1554,0,0,0,179640,177760,173929,178446,180000,180000,360,1
360000,2,2,2,-1,-1,-1,-1,-1,-1,26680,22312,19181,16155,5936,15330,22434,19286,16243,5966,15407,43019,333320,337688,340819,343845,354064,344670,-16761,0
620000,1,4,2,-1,-1,-1,-2,-1,-1,1966,35703,1241,-119,23969,5567,35703,1241,119,24088,0,0,618034,584297,618759,620119,596031,614433,7176,0
60000,3,2,3,-1,-1,-1,-1,-1,-1,63236,64683,66510,58622,47317,48726,2500,3000,2292,1526,2000,2000,-3236,-4683,-6510,1378,12683,11274,335776,1
100000,1,4,2,-1,-1,-1,-1,-1,-1,11273,694,1694,2096,2143,1723,694,1000,1000,47,0,3354,88727,99306,98306,97904,97857,98277,13528,0
200000,1,4,2,-1,-1,-1,-1,-1,-1,7773,3426,2000,1000,3000,2000,3643,2000,1000,2000,0,1249,192227,196574,198000,199000,197000,198000,9307,0
50000,3,4,2,-1,-1,-1,-1,-1,-1,49889,50326,50687,37200,29838,30062,1952,1703,1444,1027,1053,1077,111,-326,-687,12800,20162,19938,239746,0
200000,2,4,1,1,-2,-2,-2,-2,-2,0,0,0,0,0,0,0,0,0,0,0,246,200000,200000,200000,200000,200000,200000,-246,1
10000,2,2,3,-1,-1,-1,-1,-1,-1,4834,1803,2819,3828,3905,4023,1038,1054,1063,140,181,80,5166,8197,7181,6172,6095,5977,17656,1
280000,2,4,2,-1,-1,-1,-1,-2,-2,93982,105695,77704,0,0,0,15000,40000,0,0,0,336,186018,174305,202296,280000,280000,280000,222045,0
450000,2,2,3,-2,-2,-2,-2,-2,-2,30535,83371,17471,10342,51786,45747,84267,17566,10401,52045,45812,169,419465,366629,432529,439658,398214,404253,28992,0
260000,1,4,1,-1,-1,-1,-1,-1,-1,267336,264929,234214,169096,117873,79782,11000,9800,6000,4088,3000,3000,-7336,-4929,25786,90904,142127,180218,1096342,1
140000,2,6,2,-1,-1,-1,-1,-1,-1,124288,123172,130095,122342,77536,80783,10000,18000,10000,10000,20000,15000,15712,16828,9905,17658,62464,59217,575216,0
390000,1,4,2,-1,-1,-1,-1,-1,-1,84100,85538,79875,82853,82747,44143,5000,3500,4502,3518,2003,3001,305900,304462,310125,307147,307253,345857,437732,0
350000,1,2,3,-2,-2,-2,-2,-2,-2,5037,14994,3101,17321,-22,4443,15069,3116,17414,0,4465,9434,344963,335006,346899,332679,350022,345557,-4624,0
50000,3,2,3,-1,-1,-1,-1,-1,-1,47497,47122,46789,37465,27450,28025,2306,2400,2000,983,1018,1030,2503,2878,3211,12535,22550,21975,224611,0
120000,2,4,3,-1,-1,-1,-1,-1,-1,68168,69187,68466,42941,40718,41613,2650,2884,2018,1411,1504,1500,51832,50813,51534,77059,79282,78387,319126,0
80000,2,2,3,-1,-1,-1,-1,-1,-1,17613,19009,20361,18722,12514,8905,2000,2000,1009,0,2000,0,62387,60991,59639,61278,67486,71095,90115,0
160000,3,6,2,-1,-1,-1,-1,-1,-1,9330,31745,22829,6000,6000,0,31745,1049,6000,6000,0,4345,150670,128255,137171,154000,154000,160000,26765,0
90000,3,2,3,-2,-2,-2,-2,-2,-2,316,10758,10613,316,316,316,10758,10613,316,316,316,316,89684,79242,79387,89684,89684,89684,0,0
190000,2,2,2,-1,-1,-1,-1,-1,-1,180201,181443,155045,95145,86025,87836,7000,7000,3100,92101,3200,4300,9799,8557,34955,94855,103975,102164,668994,1
100000,3,2,3,2,2,-1,-1,-1,-1,13278,12773,16179,17597,18499,20531,0,3950,2000,1500,2500,4800,86722,87227,83821,82403,81501,79469,84107,1
210000,2,4,2,-1,-1,-1,-1,-1,-1,147812,135624,125469,103409,75498,72020,5000,7000,5000,4000,2447,3000,62188,74376,84531,106591,134502,137980,633385,0
160000,2,4,2,2,2,3,2,-1,-1,161771,172632,168541,164310,162681,163005,15000,0,0,6100,12300,6100,-1771,-12632,-8541,-4310,-2681,-3005,953440,0
240000,3,2,2,-1,-1,-1,-1,-1,-1,238166,236686,186613,189470,119525,121178,8522,9100,8244,5000,5000,4011,1834,3314,53387,50530,120475,118822,1051761,1
20000,1,4,2,-2,-2,-2,-2,-2,-2,223,0,0,0,0,0,0,0,0,0,0,0,19777,20000,20000,20000,20000,20000,223,0
220000,2,2,2,2,2,2,2,-1,-1,192654,195725,197466,189149,187531,187856,8500,8200,0,7000,7000,7200,27346,24275,22534,30851,32469,32144,1112481,1
260000,1,4,3,-1,-1,-1,-1,-1,-1,279670,286796,295631,299692,164332,183033,11778,15000,8526,20000,20000,20092,-19670,-26796,-35631,-39692,95668,76967,1413758,0
500000,1,2,2,-1,-1,-1,-1,-1,-1,250263,247516,245012,243417,233968,209220,29000,29000,30000,30000,6110,6200,249737,252484,254988,256583,266032,290780,1299086,0
200000,2,4,2,-2,-2,-2,-2,-2,-2,0,0,0,445,2309,-10,0,0,445,2332,10,0,200000,200000,200000,199555,197691,200010,-43,0
260000,2,2,2,-1,-1,-1,-1,-1,-1,151123,134736,135593,120909,102524,40157,4002,6067,10000,3000,40157,1466,108877,125264,124407,139091,157476,219843,620350,1
170000,1,4,2,-1,-1,-1,-1,-1,-1,171992,168531,171440,174643,165584,169230,6027,6300,8451,6000,6320,6700,-1992,1469,-1440,-4643,4416,770,981622,0
150000,2,2,2,-1,-1,-1,-1,-1,-1,5584,1106,2199,2997,735,1104,1106,1208,1006,50000,1104,0,144416,148894,147801,147003,149265,148896,-40699,0
360000,2,2,2,-2,-2,-2,-2,-2,-2,-5,-5,-5,-5,-5,-5,0,0,0,0,0,0,360005,360005,360005,360005,360005,360005,-30,0
260000,1,2,3,-1,-1,-1,-1,-1,-1,296349,300155,305798,306082,304048,14982,6891,8668,6907,6088,14982,12588,-36349,-40155,-45798,-46082,-44048,245018,1471290,0
170000,1,4,2,-1,-1,-1,-1,-1,-1,15220,8404,16835,2200,7510,12510,8404,16835,2200,5510,5000,8100,154780,161596,153165,167800,162490,157490,16630,0
230000,1,4,2,-1,-1,-1,-1,-1,-1,10765,11107,11748,12269,12102,12414,1300,1300,1200,500,500,500,219235,218893,218252,217731,217898,217586,65105,0
620000,1,4,2,-1,-1,-1,-1,-1,-1,12136,7938,620,16022,2581,2867,8638,620,16032,2856,4197,920,607864,612062,619380,603978,617419,617133,8901,0
180000,1,2,2,-1,-1,-1,-1,-1,-1,68488,47603,48705,50140,60607,67976,3603,5705,3003,10607,7976,5412,111512,132397,131295,129860,119393,112024,307213,0
180000,1,2,2,-1,-1,-1,-1,-1,-1,7017,14824,19692,13115,24623,485,14824,19713,13117,24630,485,33283,172983,165176,160308,166885,155377,179515,-26296,0
30000,2,6,3,-1,2,2,2,-1,2,5239,3434,4845,3048,8314,5080,0,3048,0,8314,0,4132,24761,26566,25155,26952,21686,24920,14466,1
300000,1,4,2,-1,-1,-1,-1,-1,-1,31827,11158,1616,3658,658,662,1009,1000,2700,658,662,0,268173,288842,298384,296342,299342,299338,43550,0
370000,2,2,2,-1,-1,-1,-1,-1,-1,236242,240804,243293,226471,217901,195244,10301,11000,9004,6930,6000,6100,133758,129196,126707,143529,152099,174756,1310620,0
80000,2,4,2,-1,-1,-1,-1,-1,-1,28788,27620,26352,939,2202,1369,8000,1000,939,2202,1369,4827,51212,52380,53648,79061,77798,78631,68933,0
200000,4,4,3,-1,-1,-1,-1,-1,-1,201598,198373,152601,105588,73886,198487,10100,6700,5500,4500,127600,7500,-1598,1627,47399,94412,126114,1513,768633,0
150000,3,2,3,-1,-1,-1,-1,-1,-1,11070,5947,6152,7306,18726,13839,6151,6427,7306,18738,0,7154,138930,144053,143848,142694,131274,136161,17264,0
210000,2,2,2,-1,-1,-1,2,2,2,159715,163060,168218,169726,173687,176510,6000,8000,6000,7000,6000,20000,50285,46940,41782,40274,36313,33490,957916,0
70000,1,2,2,1,2,2,2,2,-1,41730,40764,46281,47026,45971,47573,0,6500,1800,0,2500,2000,28270,29236,23719,22974,24029,22427,256545,0
80000,2,2,2,-1,-1,-1,-1,-1,-1,4404,5096,11473,21086,2034,17678,5096,11476,16037,0,17678,6000,75596,74904,68527,58914,77966,62322,5484,0
50000,2,6,3,-1,-1,-1,-1,-1,-1,390,390,390,390,390,390,390,390,390,390,390,390,49610,49610,49610,49610,49610,49610,0,0
210000,1,4,2,-1,-1,-1,-1,2,-1,14682,1220,4048,1871,1320,257,1075,3923,1723,5,257,10843,195318,208780,205952,208129,208680,209743,5572,1
260000,2,2,2,-1,-1,-1,-1,-1,-1,112501,110395,112288,113388,114128,117005,4000,5550,5600,4100,4700,11002,147499,149605,147712,146612,145872,142995,644753,0
170000,1,2,2,-2,-2,-2,-2,-2,-2,7346,26797,3824,22709,0,0,27183,3824,22865,0,0,3809,162654,143203,166176,147291,170000,170000,2995,0
360000,3,4,2,-1,2,2,-2,-2,-2,2500,2500,0,0,0,0,0,0,0,0,0,0,357500,357500,360000,360000,360000,360000,5000,0
500000,1,4,2,-1,-1,-1,-1,-1,-1,43643,46586,48832,49568,46939,49147,4000,3000,2000,2000,3000,7000,456357,453414,451168,450432,453061,450853,263715,0
290000,1,4,3,-1,-1,-1,-1,-1,-1,113618,289002,1332,21429,2228,156721,34507,1343,21542,2239,156733,7219,176382,998,288668,268571,287772,133279,360747,0
200000,3,2,2,-1,-1,-1,-1,-1,-1,215090,208556,214321,134517,54711,23611,7700,9300,6500,3000,856,1152,-15090,-8556,-14321,65483,145289,176389,822298,0
90000,2,2,3,-1,-1,-1,-1,-1,-1,28240,28477,28718,28847,28747,29177,2000,2000,2000,2000,2000,2000,61760,61523,61282,61153,61253,60823,160206,0
100000,2,4,3,-1,-1,-2,-1,-1,-1,1023,0,0,50063,22767,23399,0,0,50063,900,1000,1000,98977,100000,100000,49937,77233,76601,44289,0
290000,1,4,2,-1,-1,-1,-1,-1,-1,82939,82814,71541,59493,67821,71546,5017,4033,2828,10000,5000,3000,207061,207186,218459,230507,222179,218454,406276,0
50000,1,4,2,1,-2,-2,-2,-2,-2,0,0,0,0,0,0,0,0,0,0,0,0,50000,50000,50000,50000,50000,50000,0,1
150000,1,2,2,-1,-1,-1,-2,-2,-2,75918,77025,0,0,0,0,3525,0,0,0,0,0,74082,72975,150000,150000,150000,150000,149418,0
400000,3,2,3,-1,-1,-1,-1,-1,-1,44198,10132,16932,13088,28540,11860,10132,16932,13088,28540,11860,3978,355802,389868,383068,386912,371460,388140,40220,0
50000,3,2,2,-1,-1,-1,-1,-1,-1,49080,49240,48751,30250,29570,26969,2228,2000,1370,949,922,2500,920,760,1249,19750,20430,23031,223891,0
400000,1,2,3,-1,2,-1,-1,-1,-1,80,80,3710,33605,47029,39400,0,3828,33627,47029,40000,0,399920,399920,396290,366395,352971,360600,-580,0
50000,2,2,2,2,2,2,2,2,3,19068,19947,21124,21480,22822,22171,1500,1800,1000,2000,0,1000,30932,30053,28876,28520,27178,27829,119312,1
50000,1,4,1,3,3,2,3,2,2,49624,48530,50255,49104,51044,50933,0,2800,0,3000,800,3000,376,1470,-255,896,-1044,-933,289890,1
100000,1,4,2,-1,-1,-1,-1,-1,2,66193,63155,50385,31371,54713,28347,3413,5010,10005,30326,0,20000,33807,36845,49615,68629,45287,71653,225410,0
170000,2,2,2,-1,-1,-1,-1,-1,-1,100849,100000,10274,16446,16578,20487,2000,10274,6446,332,10487,5000,69151,70000,159726,153554,153422,149513,230095,0
150000,1,4,2,-2,-2,-2,-2,-1,-1,52806,12871,4876,9128,10460,5157,13497,4372,18853,10975,5157,15182,97194,137129,145124,140872,139540,144843,27262,0
360000,1,4,2,-1,-1,-1,-1,-1,-2,37012,4810,3969,6657,642,6204,4924,3969,6657,642,6204,7052,322988,355190,356031,353343,359358,353796,29846,0
50000,2,2,2,-1,-1,-1,-1,-1,-1,46993,48208,49598,46363,9283,9632,2000,2200,1150,500,500,393,3007,1792,402,3637,40717,40368,203334,1
180000,1,2,2,-1,-1,-1,-1,-1,-1,37701,32003,32254,47186,54286,112040,32005,32270,47186,44286,86000,148225,142299,147997,147746,132814,125714,67960,-74502,0
350000,2,4,2,-1,-1,-1,-1,-1,-1,314309,313673,322806,328616,278858,281692,13000,15074,20353,10040,15000,10000,35691,36327,27194,21384,71142,68308,1756487,0
120000,3,2,2,-1,-1,-1,-1,-1,-1,111098,114863,118038,118805,59210,61267,5600,6500,5000,3000,3000,3000,8902,5137,1962,1195,60790,58733,557181,0
140000,2,2,2,-1,-1,-1,-1,-1,-1,1750,397,13126,3454,1747,1240,397,13126,3456,89,156,2813,138250,139603,126874,136546,138253,138760,1677,0
150000,3,2,2,-1,-1,-1,-1,-1,-1,28210,19130,10000,8000,0,10000,1130,1000,8000,2000,10000,0,121790,130870,140000,142000,150000,140000,53210,0
260000,3,4,3,-1,-1,-2,-2,-2,-2,6783,0,0,0,0,0,0,0,0,0,0,0,253217,260000,260000,260000,260000,260000,6783,1
50000,2,2,1,-1,-1,-1,-1,-1,-1,45797,47226,48065,49158,50646,12927,2500,1900,1898,2386,629,792,4203,2774,1935,842,-646,37073,243714,1
180000,2,2,2,-1,-1,-1,-1,-1,-1,1000,92,92,603,1760,826,92,92,603,1760,826,826,179000,179908,179908,179397,178240,179174,174,0
290000,3,2,3,-1,-1,-1,-1,-1,-1,2615,0,679,3390,5784,5784,0,679,3390,5784,0,150,287385,290000,289321,286610,284216,284216,8249,0
40000,2,2,3,-1,-1,-1,-1,-1,-1,36159,38241,39121,40400,40000,40000,3000,1800,2000,0,0,0,3841,1759,879,-400,0,0,227121,0
310000,1,4,2,-1,-1,-1,-1,-1,-1,67940,45746,46979,42045,40334,49542,2000,2000,2000,2000,13000,2000,242060,264254,263021,267955,269666,260458,269586,0
70000,2,4,3,-1,-1,-1,-1,-1,-1,86919,83200,80389,75854,33563,34563,3000,3815,3064,1000,1000,34000,-16919,-13200,-10389,-5854,36437,35437,348609,1
180000,1,2,2,-2,-2,-2,-2,-2,-2,0,0,0,0,0,0,0,0,0,0,0,0,180000,180000,180000,180000,180000,180000,0,0
570000,2,2,3,-1,-1,-1,-1,-1,-1,563892,569577,577957,563543,451401,108890,19534,25100,15159,11732,42880,422000,6108,423,-7957,6457,118599,461110,2298855,0
150000,3,4,3,2,-1,-1,-1,-1,-1,102629,85817,78898,70886,65869,67805,3100,3160,2505,2500,3000,5000,47371,64183,71102,79114,84131,82195,452639,1
20000,2,4,2,1,2,-1,-1,-1,-1,16560,15997,17336,18345,18643,19094,0,1600,1602,900,900,636,3440,4003,2664,1655,1357,906,100337,0
180000,3,2,2,-1,-1,-1,-1,-1,-1,166,1484,2526,3452,3522,4909,1484,1074,1000,70,1387,28,179834,178516,177474,176548,176478,175091,11016,0
100000,3,2,2,-1,-1,-1,-1,-1,-1,9728,11099,8761,8289,6980,5571,5000,1333,3000,3000,5571,5149,90272,88901,91239,91711,93020,94429,27375,0
90000,1,4,2,-1,-1,2,2,2,2,77278,83357,85229,85939,83680,89319,8000,4100,3000,0,7000,3100,12722,6643,4771,4061,6320,681,479602,1
150000,3,4,3,-1,-1,-1,-1,-1,-1,153412,153720,150540,153103,152060,151470,7000,7000,7000,5200,5500,6300,-3412,-3720,-540,-3103,-2060,-1470,876305,0
490000,2,2,2,-1,-1,-1,-1,-1,-1,245566,238208,226020,212422,201680,164989,10095,9861,7055,6189,5046,5089,244434,251792,263980,277578,288320,325011,1245550,0
30000,3,2,2,-1,-1,2,2,2,-1,39577,39995,38049,35435,31976,29704,3800,1700,1100,0,1030,1000,-9577,-9995,-8049,-5435,-1976,296,206106,1
300000,2,2,2,-1,-1,-1,-1,-1,-1,996,1496,1496,1496,2490,1996,1500,1500,1500,2494,1006,1498,299004,298504,298504,298504,297510,298004,472,0
140000,2,2,2,-1,2,2,-1,-1,-1,739,739,-200,8700,1367,1367,0,0,8900,1367,0,0,139261,139261,140200,131300,138633,138633,2445,1
50000,2,4,2,-1,-1,-1,-1,-1,-1,12513,13595,14570,15523,15964,16554,1600,1500,1500,1000,1000,1000,37487,36405,35430,34477,34036,33446,81119,0
150000,1,4,2,2,2,2,2,2,-1,17893,20669,20050,24701,24006,26599,3400,0,5000,0,3000,3000,132107,129331,129950,125299,125994,123401,119518,1
350000,1,4,2,-1,-1,-1,-1,-1,-1,87611,87325,90539,92941,99930,108411,3300,5116,5000,10000,10000,10000,262389,262675,259461,257059,250070,241589,523341,0
140000,2,4,2,-1,-1,-1,-1,-1,-1,15497,15073,11755,7453,38415,31685,1231,1262,1000,38415,4000,4000,124503,124927,128245,132547,101585,108315,69970,0
80000,3,2,3,-1,-1,-1,-1,-1,-1,1520,23190,0,19465,19454,19851,23190,0,19465,389,397,0,78480,56810,80000,60535,60546,60149,40039,0
80000,2,2,3,-1,-1,-1,-1,-1,-1,390,390,390,390,390,540,390,390,390,390,540,390,79610,79610,79610,79610,79610,79460,0,0
210000,3,2,2,-2,-2,-2,-2,-2,-2,11848,5677,8173,6855,2200,1500,5687,8177,6860,2200,1500,2390,198152,204323,201827,203145,207800,208500,9439,0
110000,2,2,2,-1,-1,-1,2,-1,-1,45302,44980,46987,45165,44636,45094,2100,4100,0,1800,2000,2000,64698,65020,63013,64835,65364,64906,260164,0
120000,2,4,1,1,-2,-2,-2,-2,-2,0,0,0,0,0,0,0,0,0,0,0,0,120000,120000,120000,120000,120000,120000,0,0
180000,2,4,1,-1,-1,-1,-1,-1,-1,3840,18588,1557,2540,3058,16030,18588,1562,2540,3058,16030,330,176160,161412,178443,177460,176942,163970,3505,0
340000,3,2,3,3,3,2,-1,-1,-1,160596,155508,149627,150733,140171,134203,6,8,5117,5008,5021,6026,179404,184492,190373,189267,199829,205797,869652,1
220000,1,4,1,-2,-2,-1,-1,-1,-2,-12,-12,88,2207,1577,-963,0,100,2300,3083,732,231,220012,220012,219912,217793,218423,220963,-3561,0
230000,4,2,2,-1,-1,-1,-1,-2,-2,7479,31280,120000,0,0,0,31280,90000,0,0,0,0,222521,198720,110000,230000,230000,230000,37479,0
170000,1,4,1,-1,-1,-1,-1,-1,-1,10596,13410,15788,4853,5697,47830,3000,3000,1156,1000,46793,1760,159404,156590,154212,165147,164303,122170,41465,0
70000,1,4,1,-1,-1,-1,-1,-1,-1,44397,44923,46189,39327,38618,38404,3000,3000,3000,2000,2000,1800,25603,25077,23811,30673,31382,31596,237058,0
50000,3,2,2,-1,-1,-1,-1,-1,-1,10184,12204,13239,15254,16394,18124,2204,1239,2254,1394,2000,1019,39816,37796,36761,34746,33606,31876,75289,0
200000,3,4,2,-1,-1,-1,-1,-1,-1,192743,196031,196143,189524,167163,146975,9003,7300,7108,7680,6200,5000,7257,3969,3857,10476,32837,53025,1046288,0
290000,2,4,2,2,2,2,2,2,2,219757,214747,227698,232468,227226,241556,0,18000,10000,0,18000,0,70243,75253,62302,57532,62774,48444,1317452,1
80000,4,4,2,-1,-1,-1,-1,-1,-1,2994,16709,29459,30472,36317,21671,16709,29469,5000,10000,2000,3000,77006,63291,50541,49528,43683,58329,71444,0
30000,3,2,2,1,2,2,2,2,2,25574,22897,25647,24937,26938,26374,0,3128,0,2419,0,700,4426,7103,4353,5063,3062,3626,146120,0
280000,1,4,2,-1,-1,-1,-1,-1,-1,280323,284176,283680,273446,279458,269333,10505,10424,10047,10683,10073,9084,-323,-4176,-3680,6554,542,10667,1609600,1
100000,1,4,1,-1,-1,-1,-1,-1,-1,85268,65279,33077,43593,40782,37949,5000,5024,43593,1700,1500,1500,14732,34721,66923,56407,59218,62051,247631,0
50000,1,2,2,-1,-1,-1,-1,-1,-1,50202,39765,14565,15421,16061,4344,1200,5000,1500,1000,500,2000,-202,10235,35435,34579,33939,45656,129158,0
240000,2,2,3,-1,2,-1,-1,-1,-1,2077,1588,41513,10657,7893,5347,0,41000,10657,0,5041,9190,237923,238412,198487,229343,232107,234653,3187,1
240000,1,2,2,-1,-1,-1,-1,-1,-1,3371,2880,6809,29324,30924,35770,2000,4015,25000,2000,5000,2000,236629,237120,233191,210676,209076,204230,69063,0
100000,1,2,2,1,-2,-2,-2,-2,-1,0,0,0,0,0,6179,0,0,0,0,6179,0,100000,100000,100000,100000,100000,93821,0,0
210000,1,4,2,-2,-2,-2,-1,-1,-1,14516,4895,5292,8866,16809,5794,4915,5292,8872,16876,5794,2415,195484,205105,204708,201134,193191,204206,12008,0
400000,1,2,2,-1,-1,-1,-1,-1,-1,49447,59781,86070,100620,133307,117194,30000,50000,50006,38000,10000,12000,350553,340219,313930,299380,266693,282806,356413,0
280000,2,2,3,-2,-2,-2,-2,-2,-2,396,396,396,396,10948,61123,396,396,396,10948,61123,54802,279604,279604,279604,279604,269052,218877,-54406,0
180000,2,4,2,-1,-1,-1,-2,-2,-1,802,2240,0,0,0,7322,2240,0,0,0,7322,2208,179198,177760,180000,180000,180000,172678,-1406,0
500000,1,2,2,-1,-1,-1,-1,-1,-1,238847,242326,248425,242854,226764,210947,10000,10146,10103,7108,7396,5000,261153,257674,251575,257146,273236,289053,1360410,0
200000,2,2,3,-1,-1,-1,-1,-1,-1,144314,147532,147911,57903,60117,61828,7008,8000,5000,3000,3000,3000,55686,52468,52089,142097,139883,138172,590597,0
500000,1,4,1,-1,-1,-1,-1,-1,-1,8328,24491,26085,27644,28884,32930,25450,2000,2000,2000,5000,5000,491672,475509,473915,472356,471116,467070,106912,1
200000,2,4,2,-2,-1,-1,-2,-2,-2,389,5889,389,389,389,389,5890,390,390,390,390,1168,199611,194111,199611,199611,199611,199611,-784,0
110000,2,2,1,1,2,2,-1,-1,-1,110593,111679,108455,109392,78524,75745,4363,0,4012,3120,2800,3000,-593,-1679,1545,608,31476,34255,577093,0
280000,2,4,2,-1,-1,-1,-1,-1,-1,21489,-86,4414,64183,61001,60601,5,4500,60000,1244,2000,4000,258511,280086,275586,215817,218999,219399,139853,0
100000,2,4,2,2,2,2,2,2,2,41052,42081,41131,43637,42635,45440,2000,0,3500,0,3500,2000,58948,57919,58869,56363,57365,54560,244976,1
70000,2,2,2,-1,-1,-1,-1,-1,-1,31130,16171,16373,16945,21462,11128,10171,3000,1260,6138,1128,500,38870,53829,53627,53055,48538,58872,91012,0
130000,3,2,3,-1,2,2,-1,-1,-1,5027,4151,1622,5032,1749,3645,1622,16,5377,829,3645,4213,124973,125849,128378,124968,128251,126355,5524,0
30000,2,2,2,2,2,2,2,2,2,17880,19288,20313,19696,20670,20200,2000,1626,0,1600,0,1126,12120,10712,9687,10304,9330,9800,111695,1
30000,2,2,3,-1,-1,-1,2,2,2,13135,14150,17210,16636,17908,17482,1240,3300,0,1548,0,637,16865,15850,12790,13364,12092,12518,89796,0
180000,1,4,1,-1,-1,-1,-1,-1,-1,2381,28048,25900,22964,21878,13715,28100,1743,1200,2000,2000,0,177619,151952,154100,157036,158122,166285,79843,0
100000,2,4,1,-1,-1,-1,-1,-1,-1,48051,49247,48799,49508,50686,51815,2000,2200,1822,2000,2100,2100,51949,50753,51201,50492,49314,48185,285884,0
150000,2,4,2,1,-2,-2,-2,-1,2,0,0,0,0,268,118,0,0,0,268,0,7800,150000,150000,150000,150000,149732,149882,-7682,0
140000,2,2,2,-1,-1,-1,-1,-1,-1,142357,141236,133779,135943,111264,111785,5300,5300,5000,5000,4500,4500,-2357,-1236,6221,4057,28736,28215,746764,0
240000,1,4,3,-2,-2,-2,-2,-2,-2,103344,0,0,0,0,0,0,0,0,0,0,73826,136656,240000,240000,240000,240000,240000,29518,0
180000,1,2,3,-2,-2,-2,-2,-2,-2,8308,437,21645,5800,24283,11545,440,21849,5829,24404,11602,5819,171692,179563,158355,174200,155717,168455,2075,0
340000,2,2,2,-2,-2,-2,-2,-2,-2,7200,0,0,0,0,0,0,0,0,0,0,0,332800,340000,340000,340000,340000,340000,7200,0
200000,2,2,2,-1,-1,-1,-1,-1,-1,114480,117791,123108,124327,127011,134519,5000,7000,4500,4500,9500,5000,85520,82209,76892,75673,72989,65481,705736,0
360000,2,2,2,-2,-2,-2,-2,-2,-2,4201,0,0,0,0,0,0,0,0,0,0,0,355799,360000,360000,360000,360000,360000,4201,1
500000,1,2,2,1,-1,-1,-1,-1,-1,0,17250,2287,96501,12143,50143,17250,3037,96501,12500,38000,0,500000,482750,497713,403499,487857,449857,11036,0
270000,4,2,2,-2,-2,-2,-2,-2,-2,0,0,1205,0,0,0,0,1205,0,0,0,0,270000,270000,268795,270000,270000,270000,0,0
140000,3,2,2,-1,-1,-1,-1,-1,-1,1247,1654,840,2153,827,-8808,1654,840,2153,827,827,9635,138753,138346,139160,137847,139173,148808,-18023,0
120000,2,4,2,-2,-2,-2,-2,-2,-2,0,0,0,0,0,0,0,0,0,0,0,0,120000,120000,120000,120000,120000,120000,0,0
210000,2,2,2,-1,-1,-1,-1,-1,-1,205475,206616,212391,208931,146005,145343,9500,9207,8500,5200,5200,5000,4525,3384,-2391,1069,63995,64657,1082154,0
300000,1,2,2,-1,-1,-2,-2,-2,-1,5345,0,0,0,0,477,0,0,0,0,477,348,294655,300000,300000,300000,300000,299523,4997,0
360000,2,2,3,-1,-1,-1,-1,-1,-1,4528,6365,2991,4919,12792,20981,2000,2000,2000,8000,10000,10000,355472,353635,357009,355081,347208,339019,18576,0
120000,2,2,1,-1,-1,-1,-1,-1,-1,1164,1844,-7809,120680,63530,63552,1671,380,131062,2000,3000,3000,118836,118156,127809,-680,56470,56448,101848,0
430000,1,4,1,-1,-1,-1,-1,-1,-1,42130,34785,0,18518,16574,12215,1000,0,18518,5,244,1038,387870,395215,430000,411482,413426,417785,103417,0
250000,2,4,1,-1,-1,-1,-1,-1,-1,4883,3090,1404,5208,59006,12072,2500,1000,5208,54000,5000,10000,245117,246910,248596,244792,190994,237928,7955,0
180000,1,4,1,-1,-1,-1,-1,-1,-1,326,326,546,546,546,1225,326,546,546,546,1225,2225,179674,179674,179454,179454,179454,178775,-1899,1
170000,2,2,1,-1,-1,-1,-1,-1,-1,56980,55889,51328,31541,47406,23062,3000,2236,2478,904,2546,2000,113020,114111,118672,138459,122594,146938,253042,0
500000,1,2,2,-1,-1,-1,-1,-1,-1,64266,47971,25581,15406,6196,45045,26000,11725,15406,6903,45045,10000,435734,452029,474419,484594,493804,454955,89386,0
20000,2,2,2,-1,-1,-1,-1,-1,-1,425,1626,460,360,1520,1160,1629,460,360,1520,0,2233,19575,18374,19540,19640,18480,18840,-651,0
200000,4,2,3,-1,-1,-1,-1,-1,-1,132823,132700,182868,166755,111450,53049,71998,116000,3771,2229,37609,40000,67177,67300,17132,33245,88550,146951,508038,0
50000,2,2,3,-1,-1,-1,-1,-1,-1,46589,48009,48942,36545,5107,4640,2500,2174,2117,117,4853,0,3411,1991,1058,13455,44893,45360,178071,0
120000,1,4,2,-1,-1,-1,-1,-1,-1,515,882,6531,6313,1100,1330,882,6900,5037,1100,1330,3800,119485,119118,113469,113687,118900,118670,-2378,0
340000,2,2,2,-1,-1,-1,-1,-1,-1,192860,189272,137255,137180,135783,135201,7332,5008,6367,4800,4941,4696,147140,150728,202745,202820,204217,204799,894407,0
80000,1,4,2,-1,-1,-1,-1,-1,-1,5566,5783,6011,5783,2257,8257,6000,6011,5783,2257,6000,0,74434,74217,73989,74217,77743,71743,7606,0
90000,2,2,2,-1,-1,-1,-1,-1,-2,3817,8545,8961,11676,1189,0,5000,1285,3000,1189,0,8832,86183,81455,81039,78324,88811,90000,14882,0
90000,2,2,2,-1,-1,-1,-1,-1,-1,39664,24589,22677,20842,20545,20989,1657,1676,1554,805,846,651,50336,65411,67323,69158,69455,69011,142117,0
80000,1,2,2,-1,-1,-2,-2,-1,-1,1784,871,3179,3344,3552,0,871,3381,3384,3958,0,0,78216,79129,76821,76656,76448,80000,1136,0
170000,2,4,3,-1,-1,-1,-1,-1,-1,162110,156444,151504,151377,148530,149628,6000,6000,7000,6000,7000,6000,7890,13556,18496,18623,21470,20372,881593,0
230000,1,4,1,-1,-1,-1,-1,-1,-1,33147,1672,3677,18346,3900,4167,1672,3677,18346,3900,4167,399,196853,228328,226323,211654,226100,225833,32748,0
290000,2,4,2,-2,-2,-2,-2,-2,-2,4603,2698,6401,1864,5156,3277,2699,6491,1864,5157,3277,4883,285397,287302,283599,288136,284844,286723,-372,0
360000,2,2,3,1,2,-1,-1,-1,-1,48114,47044,47887,49158,49834,46034,0,1900,2100,1707,2000,2000,311886,312956,312113,310842,310166,313966,278364,0
270000,2,2,3,-1,-1,-1,-1,-1,-1,94125,1321,806,629,686,834,1326,920,629,686,834,5112,175875,268679,269194,269371,269314,269166,88894,0
60000,3,2,3,-1,-1,-1,-1,-1,-1,49340,49116,48220,39595,29899,28722,4570,5348,4035,8804,3000,3000,10660,10884,11780,20405,30101,31278,216135,0
360000,2,4,2,-1,-1,-1,-1,-1,-1,7157,8446,9034,8340,3144,0,2000,1501,1000,900,0,0,352843,351554,350966,351660,356856,360000,30720,0
100000,1,4,1,-1,-1,-1,-1,-1,-1,20068,21226,22573,23596,24068,24679,1800,2000,1400,863,1000,2000,79932,78774,77427,76404,75932,75321,127147,0
180000,4,2,3,-1,-1,-1,-1,-1,-1,20916,0,850,0,6881,10340,0,850,0,6881,10340,182,159084,180000,179150,180000,173119,169660,20734,0
80000,2,2,2,-2,-2,-2,-2,-2,-2,3506,2372,2988,273,0,1542,2372,2988,273,0,1542,3200,76494,77628,77012,79727,80000,78458,306,0
80000,2,2,2,-2,-2,-2,-2,-2,-2,0,0,0,0,0,0,0,0,0,0,0,0,80000,80000,80000,80000,80000,80000,0,0
220000,2,2,2,-1,-1,-1,-1,-1,-1,45739,46975,48211,47418,48657,48129,2000,2000,2000,2000,2000,2000,174261,173025,171789,172582,171343,171871,273129,0
240000,2,2,3,1,-2,-2,-1,-1,-1,0,0,0,12700,12500,26225,0,0,12700,0,13725,0,240000,240000,240000,227300,227500,213775,25000,0
210000,2,4,3,-1,-1,-1,-1,-1,-1,308361,314507,320167,327871,34285,30900,9408,10300,11642,1602,1500,0,-98361,-104507,-110167,-117871,175715,179100,1301639,1
270000,2,2,2,-1,-1,-1,-1,-1,-1,106600,109383,113480,114432,112124,114885,4500,5800,4300,5000,4500,4500,163400,160617,156520,155568,157876,155115,642304,0
170000,2,4,3,-1,-1,-1,-1,-1,-1,2376,2870,390,590,30490,4300,2870,390,590,30490,4300,0,167624,167130,169610,169410,139510,165700,2376,1
190000,3,4,1,-1,-1,-1,-1,-1,-2,132669,134605,136202,9207,0,0,6000,6000,1000,0,0,0,57331,55395,53798,180793,190000,190000,399683,0
200000,1,4,2,-1,2,2,-2,-2,-2,2500,2500,0,0,0,0,0,0,0,0,0,0,197500,197500,200000,200000,200000,200000,5000,1
240000,2,2,2,-1,-1,-1,-1,-1,-1,234774,231155,236914,241351,244202,115036,10000,11000,11000,10000,5000,5000,5226,8845,3086,-1351,-4202,124964,1251432,0
150000,2,2,2,-1,-1,-1,-1,-2,-2,23900,22164,3096,-1076,0,0,1329,3107,0,10382,0,2817,126100,127836,146904,151076,150000,150000,30449,0
90000,3,2,3,-1,-1,3,2,-1,-1,421,9522,9223,8480,2181,2983,9422,0,79,2181,2991,2453,89579,80478,80777,81520,87819,87017,15684,0
400000,3,2,3,-1,-1,-1,-1,-1,-1,35504,36680,35670,30364,28085,28708,5025,5044,2514,988,2004,5000,364496,363320,364330,369636,371915,371292,174436,0
420000,2,2,3,-1,-1,-1,-1,-1,-1,347531,345620,344364,202241,196082,189064,13503,15031,7011,7010,7013,7015,72469,74380,75636,217759,223918,230936,1568319,0
140000,1,4,1,-1,-1,-1,-1,-1,-1,52196,16982,20199,20746,2260,4180,2000,5000,1000,1260,3000,439,87804,123018,119801,119254,137740,135820,103864,0
50000,3,2,3,-1,-1,-1,-1,-1,-1,50411,48409,42248,33855,28064,29660,5000,2000,2500,2500,2000,2500,-411,1591,7752,16145,21936,20340,216147,0
210000,2,2,3,-1,-1,-1,-1,-1,-1,134700,132799,111335,114037,67224,69177,6149,4100,4547,2500,3000,2500,75300,77201,98665,95963,142776,140823,606476,0
210000,1,4,2,-1,-1,-1,-1,-1,-1,87292,89534,89173,91489,93463,95021,4600,3789,3811,3465,3186,4389,122708,120466,120827,118511,116537,114979,522732,0
180000,2,2,3,-1,-1,-1,-1,-1,-1,4351,11953,9380,3070,8263,12663,12069,9443,3262,8302,12668,5502,175649,168047,170620,176930,171737,167337,-1566,0
100000,1,4,2,-1,-1,-1,-1,-2,-2,430,35993,2772,0,0,0,35993,2772,0,0,0,0,99570,64007,97228,100000,100000,100000,430,0
300000,1,2,2,-1,-1,-1,-1,-2,-2,56,0,849,0,0,112,0,849,0,0,112,550,299944,300000,299151,300000,300000,299888,-494,0
250000,2,4,2,-1,-1,-1,-1,-1,-1,396,396,396,3160,396,396,396,396,3160,396,396,396,249604,249604,249604,246840,249604,249604,0,0
200000,1,4,2,-1,-1,-1,-1,-1,-1,19572,28858,52512,71923,19923,-77,10000,25000,20400,0,0,77,180428,171142,147488,128077,180077,200077,137234,0
380000,1,2,2,-1,-1,-1,-1,-1,-1,372926,354068,327342,247528,128386,128820,13248,9543,6106,3013,3398,6067,7074,25932,52658,132472,251614,251180,1517695,0
30000,1,4,1,-1,-1,-1,-1,-1,-1,26417,27421,28573,29222,28451,27270,1448,1600,1500,1000,1000,1200,3583,2579,1427,778,1549,2730,159606,0
80000,2,2,2,-1,-1,-1,-1,-1,-1,70492,68652,67881,38465,27773,29132,2806,4006,1804,2003,3004,1502,9508,11348,12119,41535,52227,50868,287270,1
300000,2,2,1,1,2,-1,-1,-1,-1,311987,305417,296009,92553,94259,96868,0,12500,3200,3000,3000,3000,-11987,-5417,3991,207447,205741,203132,1172393,0
240000,1,2,2,1,-1,-1,-1,-1,-1,-25,4078,2223,31136,4367,3632,4103,2223,31136,100,0,1101,240025,235922,237777,208864,235633,236368,6748,0
80000,1,4,1,-1,-1,-1,-1,-1,-1,25084,20685,30688,23674,23636,22426,1500,12000,2000,1000,1000,1100,54916,59315,49312,56326,56364,57574,127593,0
280000,2,4,1,-1,-1,-1,-1,-1,-1,272507,219510,217637,177535,178337,180885,8533,8888,8006,6406,6606,7006,7493,60490,62363,102465,101663,99115,1200966,0
50000,2,4,2,-1,-1,2,-1,-1,-1,23368,27050,27086,28525,30895,33003,4400,761,2200,2862,2770,2200,26632,22950,22914,21475,19105,16997,154734,1
200000,2,2,2,2,-1,-1,-1,-1,-1,197810,201362,164183,136199,139209,135742,9051,7000,5000,5000,5000,5000,2190,-1362,35817,63801,60791,64258,938454,1
210000,2,4,2,-2,-2,-2,-2,-2,-2,355,975,410,0,0,0,979,412,0,0,0,0,209645,209025,209590,210000,210000,210000,349,0
160000,2,4,2,-1,-1,-1,-1,-1,2,112878,118601,115874,111346,111553,108434,8000,5014,4500,11781,0,4000,47122,41399,44126,48654,48447,51566,645391,0
130000,1,2,3,-2,-2,-2,-2,-2,-2,2798,2732,8072,5723,6232,8873,3228,8141,5744,6232,8873,3982,127202,127268,121928,124277,123768,121127,-1770,0
300000,2,2,2,-1,-1,-1,-2,-2,-2,301945,307650,0,0,0,0,13700,0,0,0,0,0,-1945,-7650,300000,300000,300000,300000,595895,0
50000,2,2,3,1,3,2,-1,-1,-1,21638,21008,20388,21092,21511,21964,0,0,1350,769,799,1000,28362,28992,29612,28908,28489,28036,123683,1
150000,2,2,3,-1,-1,-1,-1,-1,-1,16019,0,7937,3307,2894,0,0,7937,3307,2894,0,0,133981,150000,142063,146693,147106,150000,16019,0
500000,2,2,3,-2,-2,-2,-2,-2,-2,10330,12320,12209,16727,17738,14117,12320,12209,16727,17744,14117,11691,489670,487680,487791,483273,482262,485883,-1367,0
270000,2,2,2,-1,-1,-1,-1,-1,-1,203657,194792,181341,170107,158889,147344,10015,6538,7744,7068,5350,10077,66343,75208,88659,99893,111111,122656,1009338,0
500000,1,2,3,-2,-2,-2,-2,-2,-2,270,9390,0,14153,5254,11676,9483,0,14153,5274,11676,2276,499730,490610,500000,485847,494746,488324,-2119,0
200000,2,2,3,-1,-1,-1,-1,-1,-1,21464,22065,23382,21522,8815,4280,2000,2000,1128,4280,0,0,178536,177935,176618,178478,191185,195720,92120,0
300000,1,4,2,-1,-1,-1,-1,-1,-1,13889,1465,2095,1215,340,1424,1465,2095,1215,340,1424,0,286111,298535,297905,298785,299660,298576,13889,0
230000,2,4,3,-1,-1,-1,-1,-1,-1,164208,161207,1665,1228,8599,3890,7105,1762,1228,8599,3890,6999,65792,68793,228335,228772,221401,226110,311214,0
500000,1,4,2,-1,-1,-1,-1,-1,-1,5946,132696,141204,160275,138067,117049,140000,25012,40022,3024,0,90000,494054,367304,358796,339725,361933,382951,397179,0
80000,1,4,2,-2,-2,-2,-2,-2,-2,2431,29426,5288,1823,19879,1974,31386,5296,1823,19884,1974,9686,77569,50574,74712,78177,60121,78026,-9228,0
500000,1,4,3,-1,-1,-1,-1,-1,-1,237066,171440,177859,159518,186563,168083,20000,50000,10000,50000,20000,50000,262934,328560,322141,340482,313437,331917,900529,0
30000,3,2,3,-1,-1,-1,-1,-1,-1,29263,27516,28133,28780,28756,29566,1441,1597,1634,1000,1124,1223,737,2484,1867,1220,1244,434,163995,0
170000,2,2,3,-2,-2,-2,-2,-2,-2,736,736,1156,316,316,316,736,1156,316,316,316,316,169264,169264,168844,169684,169684,169684,420,0
70000,2,4,2,-1,-1,-1,-1,-1,-1,69099,69684,64801,64863,123234,60733,3018,3400,2200,2500,2500,2510,901,316,5199,5137,-53234,9267,436286,0
310000,2,2,3,-1,-1,-1,-1,-1,-2,12479,423,430,843,857,-777,423,430,845,857,628,0,297521,309577,309570,309157,309143,310777,11072,0
50000,1,2,3,1,2,2,3,3,2,45313,46262,49188,50084,48980,50050,2000,4000,2000,0,2000,3000,4687,3738,812,-84,1020,-50,276877,0
180000,2,4,3,-1,-1,-1,-1,-2,-1,25706,30251,30900,0,0,5386,5000,1900,0,0,5386,1103,154294,149749,149100,180000,180000,174614,78854,0
310000,1,4,2,-1,-1,-1,-1,-1,-1,192454,196708,189210,181491,176661,173532,9088,7044,9072,11210,6116,5362,117546,113292,120790,128509,133339,136468,1062164,0
500000,1,2,2,-2,-2,-2,-2,-2,-2,4419,2584,4524,3518,2208,2550,2584,4524,3518,2208,2550,5953,495581,497416,495476,496482,497792,497450,-1534,0
330000,2,4,3,-1,-1,-1,-1,-1,-1,76279,79179,82293,86458,91512,100433,4179,5000,6458,6512,10433,5442,253721,250821,247707,243542,238488,229567,478130,0
150000,4,6,3,1,-2,-1,-1,-1,-1,-260,-2835,3960,10410,2361,2868,4,7920,10426,0,2868,4384,150260,152835,146040,139590,147639,147132,-9098,0
110000,2,4,3,-1,-1,-1,-1,-1,-1,106478,107517,103609,79421,78286,65875,3951,4276,2666,2811,2500,465,3522,2483,6391,30579,31714,44125,524517,0
230000,2,2,3,-1,-1,-1,-1,-1,-1,782,316,0,632,316,2398,316,0,632,316,2398,1783,229218,229684,230000,229368,229684,227602,-1001,1
50000,1,2,3,1,-2,-1,-1,-1,-1,10372,-110,1684,3697,1397,0,110,1794,3697,1392,0,0,39628,50110,48316,46303,48603,50000,10047,0
60000,3,4,3,-1,-1,-2,-2,-2,-2,728,0,0,0,0,0,22,10785,0,0,0,0,59272,60000,60000,60000,60000,60000,-10079,0
250000,1,2,2,1,-1,-1,-1,-1,-1,-154973,59514,220765,180488,173140,170233,225066,198031,6069,4310,5752,4638,404973,190486,29235,69512,76860,79767,205301,0
450000,1,4,3,-2,-2,-2,-2,-2,-2,2656,1861,-30,3332,873,1110,1861,0,3362,873,1110,4688,447344,448139,450030,446668,449127,448890,-2092,0
260000,2,4,2,2,2,2,-1,-1,-1,258150,265961,258903,131150,214180,153755,20485,27,2914,159658,5592,5837,1850,-5961,1097,128850,45820,106245,1087586,1
380000,2,2,3,-1,-1,-1,-1,-1,-1,220208,225537,230898,237118,240452,245499,9000,9000,10068,8768,9087,9133,159792,154463,149102,142882,139548,134501,1344656,0
240000,1,4,2,-2,-2,-2,-2,-2,-2,3816,3816,3816,3816,816,3816,3816,3816,3816,816,3816,816,236184,236184,236184,236184,239184,236184,3000,0
30000,3,2,2,-2,-1,-1,-1,-1,-1,14840,8435,6991,17176,8053,10363,10483,6998,17186,8054,10375,6929,15160,21565,23009,12824,21947,19637,5833,1
90000,2,2,3,-2,-2,-2,-2,-2,-2,0,0,0,0,0,0,0,0,0,0,0,0,90000,90000,90000,90000,90000,90000,0,0
230000,2,2,3,-1,-1,-1,-1,-1,-1,226319,230825,234832,217987,169529,172143,9309,8795,8337,6015,6292,6080,3681,-825,-4832,12013,60471,57857,1206807,1
60000,2,2,3,-1,-1,-1,-1,-1,-1,57966,3751,72334,73396,12271,24278,1900,72334,4000,2000,14000,2000,2034,56249,-12334,-13396,47729,35722,147762,0
170000,2,2,2,-1,-1,-1,-2,-2,-2,9550,5556,0,0,0,0,1055,0,0,0,0,0,160450,164444,170000,170000,170000,170000,14051,0
440000,1,2,3,-1,-1,-1,-1,-1,-1,3982,12516,15869,20849,331985,185315,16282,16031,23613,320008,5721,5376,436018,427484,424131,419151,108015,254685,183485,0
120000,2,2,2,-1,-1,2,-1,-1,-1,15591,17156,17227,18560,10067,15594,7227,683,8560,10067,10000,7223,104409,102844,102773,101440,109933,104406,50435,0
240000,1,2,2,-1,-1,-1,-1,-1,-1,180517,175125,176674,160551,150735,154200,8022,6161,5730,5486,5987,5568,59483,64875,63326,79449,89265,85800,960848,0
260000,1,2,3,-1,-1,-1,-1,-1,-1,2788,4046,2800,2800,2979,8247,4058,2800,2800,2979,8247,0,257212,255954,257200,257200,257021,251753,2776,0
300000,2,4,3,-1,-1,-1,-1,-1,2,36062,37055,38354,39634,21597,481,1897,2196,2476,3439,0,1248,263938,262945,261646,260366,278403,299519,161927,0
190000,4,2,2,-1,-1,-1,-1,-1,-1,7251,11990,39360,5090,2787,23405,11996,39382,5090,2787,23405,978,182749,178010,150640,184910,187213,166595,6245,0
110000,1,2,3,-1,-1,-1,-2,-2,-2,33794,10570,-28,-28,-28,-28,6725,0,0,0,0,0,76206,99430,110028,110028,110028,110028,37527,1
280000,2,2,2,-1,-1,-1,-1,-1,-1,242864,237821,223180,237301,201226,207802,11000,11000,20000,10000,10000,15000,37136,42179,56820,42699,78774,72198,1273194,0
220000,2,2,3,-1,-1,-1,-1,-1,-1,1129,227,0,13137,13637,9744,227,0,13137,1500,214,0,218871,219773,220000,206863,206363,210256,22796,0
280000,1,4,2,-1,-1,-1,-1,-1,-1,4126,7001,12984,-5,1411,5654,7065,13046,5,1416,5654,6055,275874,272999,267016,280005,278589,274346,-2070,0
70000,2,2,2,3,2,2,2,2,2,20392,19772,22234,21579,22720,23704,0,3100,0,1500,1500,0,49608,50228,47766,48421,47280,46296,124301,1
500000,2,2,2,-1,-1,-1,-1,-1,-1,352986,352870,350017,347410,337015,332360,13016,13172,15200,12000,13617,13000,147014,147130,149983,152590,162985,167640,1992653,0
130000,2,4,2,-1,-1,-1,-1,-1,-1,118410,87199,90782,94261,96694,98982,5001,5001,5000,4000,4000,10001,11590,42801,39218,35739,33306,31018,553325,0
610000,1,4,3,-1,-1,2,-1,-1,-1,403546,418882,413942,420120,427886,437131,25002,8000,16385,16000,16000,34000,206454,191118,196058,189880,182114,172869,2406120,0
210000,1,4,2,-2,-2,-2,-1,-1,-1,6518,14265,9718,11285,8115,27977,14272,9890,11297,8115,27977,8013,203482,195735,200282,198715,201885,182023,-1686,0
210000,2,2,3,-1,-1,-1,-1,-1,-1,203273,188955,183774,152509,136376,131656,6515,7113,6011,4471,4513,4261,6727,21045,26226,57491,73624,78344,963659,0
80000,3,6,2,-2,-2,-2,-2,-2,-2,600,0,0,0,0,0,0,0,0,0,0,0,79400,80000,80000,80000,80000,80000,600,0
150000,1,2,2,2,2,2,2,2,2,105610,106885,108706,105470,111687,113747,4500,5000,0,8000,4000,4700,44390,43115,41294,44530,38313,36253,625905,1
160000,1,2,2,1,-2,-2,-2,-2,-2,0,0,0,0,0,0,0,0,0,0,0,0,160000,160000,160000,160000,160000,160000,0,0
150000,4,2,2,-1,-1,-1,-1,-1,-1,14967,17705,19394,18956,20684,22237,3000,2000,2000,2000,2000,1000,135033,132295,130606,131044,129316,127763,101943,0
130000,3,2,3,-1,-1,-1,2,-1,-1,780,0,780,390,540,11040,0,780,0,540,11040,953,129220,130000,129220,129610,129460,118960,217,0
210000,2,2,3,-2,-2,-1,-1,-2,-2,2245,1789,4292,2388,4090,2375,1794,4326,2395,4102,2382,2614,207755,208211,205708,207612,205910,207625,-434,0
360000,2,2,3,-1,-1,-1,-1,-1,-1,64268,45659,18875,7742,5572,131869,2339,4564,2200,1000,131869,3862,295732,314341,341125,352258,354428,228131,128151,0
500000,2,2,3,-2,-2,-2,-2,-2,-2,443118,155322,67515,68639,70302,40721,155484,67533,72049,70430,40721,133611,56882,344678,432485,431361,429698,459279,305789,0
220000,1,4,2,-1,2,-1,-1,-1,-1,652,326,1070,1163,2044,204,0,1070,1163,2049,204,4953,219348,219674,218930,218837,217956,219796,-3980,0
320000,2,2,3,-2,-2,-2,-1,-1,-1,15176,24845,12680,5522,44743,18931,24969,12743,5542,44956,19011,8138,304824,295155,307320,314478,275257,301069,6538,0
220000,1,2,3,8,7,6,5,4,3,246915,243234,238172,232446,227800,225044,0,0,0,0,0,0,-26915,-23234,-18172,-12446,-7800,-5044,1413611,1
80000,2,4,2,-1,-1,-1,-1,-1,-1,50189,57701,66736,74626,74092,59274,10000,10000,10104,5000,5000,5000,29811,22299,13264,5374,5908,20726,337514,0
210000,4,4,2,-2,-2,-2,-2,-2,-2,0,0,0,0,0,0,0,0,0,0,0,0,210000,210000,210000,210000,210000,210000,0,0
160000,1,2,2,-1,-1,-1,-1,-1,-1,111907,106109,89231,67134,55773,46485,3805,2993,2293,1838,1687,2735,48093,53891,70769,92866,104227,113515,461288,0
160000,1,4,2,-1,-1,-2,-2,-2,-2,699,0,26808,0,0,0,0,26808,0,0,0,0,159301,160000,133192,160000,160000,160000,699,1
440000,1,2,2,-1,-1,-1,-1,-1,-1,14234,11061,19669,18613,13669,24849,11066,19669,33152,0,20000,7046,425766,428939,420331,421387,426331,415151,11162,0
90000,2,2,2,1,-1,-1,-1,-1,-1,0,950,628,284,1055,2607,950,628,284,1055,2607,0,90000,89050,89372,89716,88945,87393,0,0
230000,3,2,2,-1,-1,-1,-1,-1,-1,225800,228342,189966,142377,143828,143698,8440,6100,7000,5356,5400,5200,4200,1658,40034,87623,86172,86302,1036515,0
180000,1,4,2,1,-1,-1,-1,-2,-1,0,4163,7683,0,0,9500,4163,7683,200,0,9500,0,180000,175837,172317,180000,180000,170500,-200,0
440000,2,2,2,2,-1,-1,-1,-1,-1,339410,324469,324109,287932,287892,276902,11500,11129,10300,11098,11200,12000,100590,115531,115891,152068,152108,163098,1773487,0
200000,1,2,3,1,-1,-1,-1,2,-1,2217,61328,2877,160944,156864,160066,61634,2877,160944,0,5900,13000,197783,138672,197123,39056,43136,39934,299941,1
220000,2,2,3,-2,-2,-2,-2,-2,-2,24435,2131,36010,1050,9522,2340,2142,36204,1055,9569,6995,492,195565,217869,183990,218950,210478,217660,19031,0
360000,2,2,2,-1,2,2,-1,-1,-1,1220,330,165,5773,3598,3598,170,0,5773,3598,3598,6208,358780,359670,359835,354227,356402,356402,-4663,0
120000,1,4,1,-1,-1,-2,-2,-2,-2,934,0,0,0,0,0,0,0,0,0,0,0,119066,120000,120000,120000,120000,120000,934,1
20000,1,4,1,-1,-1,-1,-1,-1,-1,5635,5735,4941,4236,3200,1375,1186,1300,1246,264,375,700,14365,14265,15059,15764,16800,18625,20051,0
230000,1,4,1,-1,2,-1,-1,-1,-1,2376,2178,27460,22515,20109,13700,0,27446,1400,0,274,0,227624,227822,202540,207485,209891,216300,59218,0
30000,2,4,1,-2,-2,-2,-2,-2,-2,647,1222,249,5051,1188,375,1222,249,5051,2202,375,264,29353,28778,29751,24949,28812,29625,-631,0
160000,1,4,1,-1,-1,-1,-1,-1,2,157067,155760,153047,122831,124794,116746,5708,7424,4251,6010,5000,4000,2933,4240,6953,37169,35206,43254,797852,1
170000,2,4,1,-1,-1,-1,-1,-1,-1,69314,65083,67062,68188,56454,58453,2330,3028,2847,2600,3400,2045,100686,104917,102938,101812,113546,111547,368304,0
140000,1,4,1,1,-1,-1,-1,-1,-1,0,1216,2677,2985,3739,1242,1216,2698,6069,3889,1242,3061,140000,138784,137323,137015,136261,138758,-6316,0
160000,1,2,2,-1,2,2,-2,-2,-1,7845,2956,3161,600,65000,2206,0,3161,0,65000,2206,339,152155,157044,156839,159400,95000,157794,11062,1
500000,1,4,2,-1,-1,-1,-1,-2,-2,13302,1040,3662,0,1770,3384,1051,3722,0,1770,3384,206,486698,498960,496338,500000,498230,496616,13025,0
80000,3,2,2,-1,-1,-1,-1,-1,-1,62636,61808,22227,48215,45618,37799,5000,4000,50012,10000,10000,7177,17364,18192,57773,31785,34382,42201,192114,1
150000,1,2,2,-1,-1,-1,-1,-1,-1,23364,22846,25779,22303,16981,16837,1450,5779,1300,700,1000,1000,126636,127154,124221,127697,133019,133163,116881,0
30000,1,4,3,-1,-1,-1,-1,2,-1,18910,20592,21949,24116,23430,25044,2000,2000,2535,0,2000,2300,11090,9408,8051,5884,6570,4956,123206,0
180000,2,2,3,-1,-1,-2,-2,-2,-2,11900,4256,4000,4000,4000,4000,4256,4000,4000,4000,4000,4000,168100,175744,176000,176000,176000,176000,7900,0
150000,2,2,3,2,2,2,2,2,2,68571,69845,71434,72365,73377,75052,3000,3300,2700,2800,3000,2800,81429,80155,78566,77635,76623,74948,413044,1
320000,1,4,2,-1,-1,-1,-1,-1,-1,13122,6796,7788,6751,8354,12271,1500,8000,7000,8500,13000,15000,306878,313204,312212,313249,311646,307729,2082,0
440000,1,4,2,-1,-1,-1,-1,-1,-1,164269,160608,150150,139178,123627,48175,5666,5802,3577,2955,12000,1025,275731,279392,289850,300822,316373,391825,754982,0
200000,2,2,2,-2,-2,-2,-2,-2,-2,1430,6002,2400,2185,6718,2298,6002,2400,2185,6718,2298,2851,198570,193998,197600,197815,193282,197702,-1421,0
200000,2,2,3,-1,2,2,2,-1,-1,8934,5264,6769,2487,1857,0,0,2491,0,0,0,4313,191066,194736,193231,197513,198143,200000,18507,0
230000,1,2,2,-1,-1,-1,-1,-1,-1,6012,0,1897,0,89,2398,78,1897,0,89,2398,671,223988,230000,228103,230000,229911,227602,5263,1
350000,1,4,2,-2,-2,-2,-2,-2,-2,10354,29812,15209,9260,2120,2459,29916,15217,9280,2128,2459,11409,339646,320188,334791,340740,347880,347541,-1195,0
100000,1,4,2,-2,-2,-2,-2,-2,-2,1500,3794,-1678,-1478,1058,5556,3794,0,200,4058,5738,21173,98500,96206,101678,101478,98942,94444,-26211,0
360000,3,4,3,-2,-2,-2,-2,-2,-2,0,0,0,0,0,0,0,0,0,0,0,0,360000,360000,360000,360000,360000,360000,0,1
210000,1,4,2,-1,-1,-1,-1,-1,-1,202064,206107,174581,176527,181127,172851,6000,6000,4000,5000,4000,0,7936,3893,35419,33473,28873,37149,1088257,0
360000,1,2,2,-1,-1,-1,-1,-1,-1,317024,313710,299059,281436,274358,270877,11200,12112,11500,9600,10005,9651,42976,46290,60941,78564,85642,89123,1692396,0
200000,1,4,2,-1,-1,-1,-1,-1,-1,14279,3904,24274,5196,4996,16890,3904,24277,4996,0,16890,6077,185721,196096,175726,194804,195004,183110,13395,0
230000,1,2,2,-2,-2,-2,-2,-2,-2,711,-1,-1,-1,-1,-1,0,0,0,0,0,0,229289,230001,230001,230001,230001,230001,706,0
180000,4,2,3,-1,-1,-1,-1,-1,-1,22777,20311,20726,22111,25560,2461,20328,20789,22169,25560,2461,10947,157223,159689,159274,157889,154440,177539,11692,0
170000,2,4,3,-1,-1,-1,-1,-1,-1,34804,35525,36948,38031,38698,39524,1600,2000,2000,1600,1600,1700,135196,134475,133052,131969,131302,130476,213030,0
50000,2,2,3,-1,-1,2,-1,-1,-1,6732,9052,8763,9924,9967,10176,2441,0,1313,356,369,508,43268,40948,41237,40076,40033,39824,49627,0
180000,2,4,2,1,2,-1,-1,-1,-1,37095,32881,33627,128051,106834,105551,0,3042,109470,4000,4000,7028,142905,147119,146373,51949,73166,74449,316499,0
100000,1,2,3,1,-2,-1,2,2,2,-84,-474,800,410,20,-370,0,3000,0,0,0,2500,100084,100474,99200,99590,99980,100370,-5198,1
150000,1,4,1,-1,-1,-1,-1,-1,-1,82559,84681,87308,89316,91458,89063,3500,4000,3500,3500,3500,3500,67441,65319,62692,60684,58542,60937,502885,0
180000,1,4,2,-2,-2,-2,-2,-2,-2,8492,5199,9973,10069,13190,20127,5199,9973,10083,13279,20127,9422,171508,174801,170027,169931,166810,159873,-1033,0
280000,2,4,2,-1,-1,-1,-1,-1,-1,55709,51834,41426,35212,40052,46510,9441,2691,3001,6010,10000,6655,224291,228166,238574,244788,239948,233490,232945,0
150000,2,4,3,-2,-2,-2,-2,-2,-2,8482,3493,4724,5749,345,349,3514,4724,5749,345,349,24026,141518,146507,145276,144251,149655,149651,-15565,0
100000,2,2,2,2,2,2,2,2,2,78063,79346,77977,79071,76918,81713,3500,3300,3000,0,6500,3000,21937,20654,22023,20929,23082,18287,453788,1
70000,2,2,2,-1,-1,-1,-1,2,-1,66447,66759,68200,72972,71248,50610,2391,2518,5950,0,1782,1985,3553,3241,1800,-2972,-1248,19390,381610,1
220000,2,2,2,2,-1,-1,-1,-1,-1,166513,163731,167204,169009,169554,178683,7400,7600,6100,6205,12000,7500,53487,56269,52796,50991,50446,41317,967889,0
240000,2,2,3,-2,-2,-2,-2,-2,-2,0,0,0,0,0,0,0,0,0,0,0,0,240000,240000,240000,240000,240000,240000,0,1
710000,4,4,2,-1,-1,-1,-1,-1,-1,377249,382116,391305,195642,189101,182062,11000,12000,8000,7000,7000,6500,332751,327884,318695,514358,520899,527938,1665975,0
470000,2,4,2,-2,-2,-2,-2,-1,-1,0,0,0,0,779,0,0,0,0,779,0,0,470000,470000,470000,470000,469221,470000,0,1
80000,2,2,3,-1,-1,-1,-1,-1,-1,390,390,390,390,390,390,390,390,390,390,390,390,79610,79610,79610,79610,79610,79610,0,1
180000,3,2,3,-1,-1,-1,-1,-1,-1,162567,163900,145992,124841,125596,113105,5821,5000,5935,4263,4200,4283,17433,16100,34008,55159,54404,66895,806499,1
250000,2,2,2,-1,-1,-1,-1,2,2,195044,198294,202571,226423,221296,234762,8000,7478,27349,0,17000,0,54956,51706,47429,23577,28704,15238,1218563,0
690000,3,4,2,-1,-1,-1,-1,-1,-1,390757,397292,390166,360568,331674,160287,14724,19118,7415,20348,160671,91323,299243,292708,299834,329432,358326,529713,1717145,0
340000,1,4,3,-1,-1,-1,-1,-1,-1,68288,70573,69808,66670,63277,62027,15000,13500,13000,13000,13000,13000,271712,269427,270192,273330,276723,277973,320143,0
220000,2,4,3,-1,-1,-1,-1,-1,-1,103078,111729,115173,116513,119370,121516,10000,6500,5000,5000,5000,5000,116922,108271,104827,103487,100630,98484,650879,0
60000,3,4,3,2,2,2,2,2,2,11847,62478,55887,70562,71322,58821,55887,0,20783,2500,0,3000,48153,-2478,4113,-10562,-11322,1179,248747,1
80000,2,4,2,-1,-1,-1,-1,-1,-1,5919,5545,2154,583,11381,9508,5548,2154,583,11381,190,74,74081,74455,77846,79417,68619,70492,15160,0
290000,1,2,2,-2,-2,-2,-2,-2,-2,3602,6107,4536,6074,0,817,6107,4538,6074,0,817,1662,286398,283893,285464,283926,290000,289183,1938,0
170000,3,4,3,-1,-1,-1,-1,-1,-1,76704,50301,50896,52554,53084,54197,2405,2000,2500,2000,1968,2000,93296,119699,119104,117446,116916,115803,324863,0
90000,3,6,3,-1,-1,2,-1,-1,-1,12174,15035,14509,15518,15563,18289,3072,0,1555,600,3000,2000,77826,74965,75491,74482,74437,71711,80861,1
130000,1,4,2,-1,-1,-1,-1,-1,-1,133845,126804,130264,133603,132215,131848,7000,7000,7000,5500,5100,5500,-3845,3196,-264,-3603,-2215,-1848,751479,0
200000,3,2,2,-2,-2,-2,-2,-2,-2,1380,3706,18145,14163,7909,1485,3706,18458,14170,7909,1485,1302,198620,196294,181855,185837,192091,198515,-242,0
360000,2,4,2,-1,-1,-1,-1,-1,-1,35327,42032,35665,37071,38680,42352,10000,2453,5000,5000,10000,10017,324673,317968,324335,322929,321320,317648,188657,0
240000,1,2,2,-1,-1,-1,-1,-1,-1,157668,165762,173429,176943,176843,177183,10762,10429,10423,6843,7183,6398,82332,74238,66571,63057,63157,62817,975790,0
60000,1,2,1,-1,-1,-1,-1,-1,2,46233,47263,48696,50385,52045,52661,2100,2500,2500,2500,1600,1500,13767,12737,11304,9615,7955,7339,284583,0
130000,2,4,3,1,2,2,2,2,2,117391,119378,121993,123503,124578,127434,5400,6000,5000,4600,5000,5100,12609,10622,8007,6497,5422,2566,703177,0
310000,2,4,2,-1,-1,-1,-1,-1,-1,325056,327591,322273,272890,208257,206609,13294,12131,8543,10185,8290,7500,-15056,-17591,-12273,37110,101743,103391,1602733,0
80000,2,4,1,2,2,-1,-1,-1,-1,260,130,130,130,130,130,0,130,130,130,130,130,79740,79870,79870,79870,79870,79870,260,1
70000,2,4,2,-1,-1,2,-1,-1,-1,10705,58825,53080,49153,47139,37610,50071,0,2000,2000,2000,2000,59295,11175,16920,20847,22861,32390,198441,0
180000,2,2,2,-1,-1,-1,-1,-1,-1,115400,26721,8581,2475,2654,2676,2006,1407,1000,1000,1000,1107,64600,153279,171419,177525,177346,177324,150987,0
110000,2,2,3,-1,-1,-1,-1,-1,-1,36267,37234,37341,38208,39121,39785,1587,1694,1561,1474,1370,1514,73733,72766,72659,71792,70879,70215,218756,0
30000,3,4,3,-1,-1,-1,-1,-1,-1,29851,30451,28115,23092,24829,10400,1500,1695,2000,2000,2000,0,149,-451,1885,6908,5171,19600,137543,0
200000,2,4,1,-1,-1,-1,-1,-1,-1,125854,127843,131352,130884,132142,118084,4775,6579,4734,4368,4183,4227,74146,72157,68648,69116,67858,81916,737293,0
30000,4,2,2,-1,-1,-1,-1,-1,-1,25083,25244,26286,26458,26668,28195,1406,1838,1400,1000,2342,1000,4917,4756,3714,3542,3332,1805,148948,0
210000,1,4,1,-1,2,-1,-1,-1,-1,780,390,390,1554,5705,6386,0,390,1554,5705,2000,0,209220,209610,209610,208446,204295,203614,5556,1
80000,4,2,2,-2,-2,-2,-2,-2,-2,0,0,0,0,0,0,0,0,0,0,0,0,80000,80000,80000,80000,80000,80000,0,0
120000,3,2,3,-1,-1,-1,-1,-1,-1,97886,74638,70864,64193,61733,59717,3003,2823,2514,1732,1756,1689,22114,45362,49136,55807,58267,60283,415514,0
30000,2,2,3,-1,-1,-1,-1,-2,-1,10443,4503,9000,0,0,5394,4503,9000,0,0,5394,6171,19557,25497,21000,30000,30000,24606,4272,0
490000,2,4,2,-1,-1,-1,-1,-1,-1,58308,64927,60011,49409,39945,49932,10000,8160,7000,2000,37000,3000,431692,425073,429989,440591,450055,440068,255372,0
260000,4,2,3,-1,-1,-1,-1,-1,-1,2398,2289,3593,5332,1994,5782,2294,3601,5348,2802,5801,2013,257602,257711,256407,254668,258006,254218,-471,0
230000,2,4,2,-1,-1,-1,2,-1,-1,3948,5899,4080,1935,1656,2351,5899,4080,0,1656,2351,3312,226052,224101,225920,228065,228344,227649,2571,1
110000,2,2,3,-1,-1,-1,-1,-1,-1,2359,2410,2151,2161,1719,107591,2410,2151,2161,1719,107591,5000,107641,107590,107849,107839,108281,2409,-2641,1
150000,2,4,3,-1,-1,-1,-1,-1,-1,76282,78800,67443,68720,70572,72275,3705,4000,3000,3000,3000,4000,73718,71200,82557,81280,79428,77725,413387,0
170000,2,2,1,-1,-1,-1,-1,-1,-1,79091,62575,63317,63903,43505,43995,2235,2493,2585,1683,1901,2111,90909,107425,106683,106097,126495,126005,343378,0
90000,2,2,2,-1,-1,2,-1,-1,-1,35232,38329,37433,38507,39468,40183,4000,0,1700,1600,1500,4000,54768,51671,52567,51493,50532,49817,216352,0
70000,3,2,3,-1,-1,-2,-2,-2,-2,14896,0,0,0,0,0,0,0,0,0,0,5704,55104,70000,70000,70000,70000,70000,9192,0
100000,1,4,1,1,2,-1,-1,-1,-1,102122,96193,82342,81967,82177,78840,322,3600,3800,3000,3000,3023,-2122,3807,17658,18033,17823,21160,506896,0
50000,3,2,2,-1,-1,-1,-1,-1,-1,24203,23708,23609,22675,21628,20576,1367,1741,1280,706,700,776,25797,26292,26391,27325,28372,29424,129829,0
30000,2,2,2,-1,-1,-1,-1,-1,-1,30471,30578,29846,28631,27359,21750,1472,2000,1064,1000,1223,0,-471,-578,154,1369,2641,8250,161876,0
280000,2,2,2,-1,-1,-1,-1,-1,-1,252814,255974,110389,114874,118273,114204,10610,10018,10000,5038,5039,5010,27186,24026,169611,165126,161727,165796,920813,1
210000,3,2,3,-1,-1,-1,-1,-2,-2,59071,58830,364,-649,-649,-649,2000,17864,569,0,0,1000,150929,151170,209636,210649,210649,210649,94885,0
20000,3,6,2,-1,-1,2,2,-1,-1,3975,362,2182,1500,500,0,362,2000,0,500,0,0,16025,19638,17818,18500,19500,20000,5657,0
250000,4,2,2,-1,-1,-1,-1,-1,-1,211084,211577,202346,203132,201230,199820,6934,7000,8975,7043,8000,10000,38916,38423,47654,46868,48770,50180,1181237,0
70000,2,2,2,-1,-1,-1,-1,-1,-1,43662,44733,45775,46911,48128,51182,1800,1764,1900,2000,4000,2000,26338,25267,24225,23089,21872,18818,266927,1
120000,1,4,2,-1,-1,-1,-1,-1,-1,8113,8796,12210,3095,0,2873,2000,5312,3095,0,2873,0,111887,111204,107790,116905,120000,117127,21807,0
300000,1,4,2,-2,-2,-2,-2,-2,-2,230,469,899,0,0,0,469,899,0,0,0,1051,299770,299531,299101,300000,300000,300000,-821,0
310000,2,2,2,-2,-2,-2,-2,-2,-2,360,360,360,360,360,360,360,360,360,360,360,360,309640,309640,309640,309640,309640,309640,0,0
20000,3,4,2,-2,-2,-2,-2,-2,-2,0,0,0,0,0,0,0,0,0,0,0,0,20000,20000,20000,20000,20000,20000,0,1
50000,2,4,2,-1,-1,-1,2,-1,-1,16090,38710,43085,42093,44393,45682,38710,5000,0,3000,2000,5000,33910,11290,6915,7907,5607,4318,176343,0
100000,2,2,2,-1,-1,-1,-1,-1,-1,98908,60868,60652,58338,56849,45744,2749,4800,2000,2000,2000,2000,1092,39132,39348,41662,43151,54256,365810,0
280000,2,2,3,-1,-1,-1,-1,-1,-1,9713,264,252,2632,5410,5834,264,252,2656,5410,5834,0,270287,279736,279748,277368,274590,274166,9689,0
210000,2,2,2,-2,-2,-2,-2,-2,-2,2978,1798,379,768,2308,1026,1798,379,768,2308,1026,1208,207022,208202,209621,209232,207692,208974,1770,0
290000,3,4,3,-1,-1,-1,-1,-1,-1,1163,6619,0,28974,7524,0,6650,0,28974,0,0,0,288837,283381,290000,261026,282476,290000,8656,0
160000,1,2,2,-2,-2,-2,-2,-2,-1,25386,2542,2916,4257,629,6267,2549,2916,4321,700,6267,1727,134614,157458,157084,155743,159371,153733,23517,0
100000,2,2,3,2,-1,-1,-1,-1,-1,155351,159591,163665,170257,57747,16998,105200,6035,9410,1000,2000,3093,-55351,-59591,-63665,-70257,42253,83002,596871,1
280000,2,4,2,-1,-1,-1,-1,-1,-1,1876,2716,1876,1876,1876,1870,2716,1876,1876,1876,1870,10267,278124,277284,278124,278124,278124,278130,-8391,0
200000,2,2,2,-2,-2,-2,-2,-2,-2,899,-1,-1,228,1374,380,0,0,229,1380,381,3880,199101,200001,200001,199772,198626,199620,-2991,0
180000,2,4,2,-1,-1,-1,-1,-1,-1,3316,3385,6186,6695,7173,5094,3446,6186,6695,4000,955,2401,176684,176615,173814,173305,172827,174906,8166,0
240000,1,4,2,1,-2,-1,-1,-1,-1,-25,-25,2062,-1,311,2005,0,2087,0,312,2015,224,240025,240025,237938,240001,239689,237995,-311,0
180000,2,4,2,-1,-1,-1,-1,-1,-1,174068,160979,165896,145300,152877,156074,10000,10092,10000,10000,10000,5000,5932,19021,14104,34700,27123,23926,900102,0
180000,2,2,2,-2,-2,-2,-2,-2,-2,0,0,0,0,0,0,0,0,0,0,0,0,180000,180000,180000,180000,180000,180000,0,0
50000,2,4,2,1,2,2,2,-1,-1,18544,17954,21678,21032,21465,24103,0,4351,0,784,3000,0,31456,32046,28322,28968,28535,25897,116641,0
30000,3,4,2,2,-1,-1,2,-1,-1,24524,25546,28820,28538,28208,29326,1426,3700,718,1500,1500,3000,5476,4454,1180,1462,1792,674,153118,1
180000,2,2,3,-1,-1,-1,-1,-1,-1,144481,1620,334,9379,1100,43505,1620,337,9379,1100,43505,0,35519,178380,179666,170621,178900,136495,144478,0
50000,1,2,2,2,3,2,-1,-1,-1,64760,60747,54902,54280,18595,18838,2000,0,1200,15000,2000,1000,-14760,-10747,-4902,-4280,31405,31162,250922,0
230000,3,2,3,-1,-1,-1,-1,-1,-1,182787,173108,163937,90980,91180,90260,7000,5665,4154,3300,3418,3600,47213,56892,66063,139020,138820,139740,765115,0
60000,2,2,2,-1,-1,-1,-1,-1,-1,49581,35465,29732,29411,28859,28309,1500,1600,1394,1000,1000,1500,10419,24535,30268,30589,31141,31691,193363,0
50000,3,4,2,-1,-1,-1,-1,-1,-1,48237,49097,43763,37657,38530,39409,1755,1614,1627,1500,1500,1822,1763,903,6237,12343,11470,10591,246875,0
280000,1,2,2,-1,-1,-1,-1,-1,-1,137630,116209,117118,116689,117757,118432,6000,6000,5000,5000,4012,4779,142370,163791,162882,163311,162243,161568,693044,0
170000,2,2,3,-1,-1,-1,-1,-1,-1,12847,9807,8101,6208,10460,11143,9807,5000,3749,6711,4432,0,157153,160193,161899,163792,159540,158857,28867,0
110000,2,2,2,-1,-1,-1,-1,-1,-1,2002,1056,4680,880,880,880,1056,4756,880,880,880,880,107998,108944,105320,109120,109120,109120,1046,1
70000,3,2,2,2,-1,-1,-1,-1,-1,1183,41263,40206,42184,43182,42674,41263,2500,2468,1466,1328,1501,68817,28737,29794,27816,26818,27326,160166,1
90000,3,2,3,2,2,2,-1,-1,-1,92454,94156,91710,79884,49810,51012,4100,0,3424,1790,2012,1814,-2454,-4156,-1710,10116,40190,38988,445886,1
260000,1,2,2,-1,-1,-1,-1,-1,-1,10942,7045,246,7156,7164,3677,3000,246,7178,5164,1209,1209,249058,252955,259754,252844,252836,256323,18224,0
60000,2,2,2,-1,-1,-1,-1,-1,-1,57810,56189,58283,59385,57792,59010,2100,3000,2800,2000,2000,2200,2190,3811,1717,615,2208,990,334369,0
320000,2,2,2,2,2,2,2,2,2,289260,297888,304025,308421,315291,310339,14500,12001,10500,13000,1,120021,30740,22112,15975,11579,4709,9661,1655201,0
160000,2,4,2,-1,-1,-1,-1,-1,-1,2828,1473,8404,8875,8509,4630,1473,8404,8875,8509,4630,2038,157172,158527,151596,151125,151491,155370,790,0
230000,1,4,2,1,-1,-1,-1,-1,-1,-3,4532,0,6264,6392,2538,4535,0,6264,128,0,407,230003,225468,230000,223736,223608,227462,8389,0
50000,2,4,3,-1,-1,-1,-1,-1,-1,1309,2158,1787,860,896,1087,1000,1787,860,900,1087,3123,48691,47842,48213,49140,49104,48913,-660,0
180000,2,4,2,-1,-1,-1,-1,-1,-1,25359,28432,1535,14470,14270,4529,28703,1535,15000,0,5793,36702,154641,151568,178465,165530,165730,175471,862,0
390000,2,4,3,-1,-1,-1,-1,-1,-1,60082,58694,61735,63337,59693,62776,5000,5000,5000,4000,4000,4000,329918,331306,328265,326663,330307,327224,339317,0
290000,2,4,3,-1,-1,-1,-1,-1,-1,286391,140960,112394,113459,123967,131735,10000,5620,10000,20000,10000,10000,3609,149040,177606,176541,166033,158265,843286,0
290000,2,2,2,-1,-1,-1,-1,-1,-1,32485,21080,430,430,12715,16895,10000,430,430,12715,5000,15000,257515,268920,289570,289570,277285,273105,40460,0
30000,3,2,3,-1,-1,-1,-1,-1,-1,29003,28544,27177,28630,25087,25342,1500,2000,2390,1000,1000,2000,997,1456,2823,1370,4913,4658,153893,0
100000,1,2,2,1,-2,-2,-1,-1,2,0,0,0,53,4009,316,0,0,53,4328,0,10401,100000,100000,100000,99947,95991,99684,-10404,0
190000,2,2,2,1,-2,-2,-2,-2,-2,-18,-18,-18,-18,-18,-18,0,0,0,0,0,0,190018,190018,190018,190018,190018,190018,-108,0
200000,1,4,2,-2,-2,-2,-2,-2,-2,441,0,3514,4042,8606,1870,0,3514,4042,8606,1870,10332,199559,200000,196486,195958,191394,198130,-9891,0
180000,3,4,2,-1,-1,-1,-1,-1,-1,4480,7354,6930,6090,2435,2074,3000,3000,2018,1200,1500,3000,175520,172646,173070,173910,177565,177926,15645,0
250000,2,2,3,-1,-1,-1,-1,-1,-1,3233,13244,12462,8977,1503,96834,12716,12158,8777,1503,96834,2204,246767,236756,237538,241023,248497,153166,2061,0
80000,2,2,2,-1,-1,-1,-1,-1,-1,41753,42956,43850,38112,38876,39697,2200,2000,2000,1700,1600,1700,38247,37044,36150,41888,41124,40303,234044,0
140000,2,2,2,-1,-1,-1,-1,-1,-1,137545,136820,128445,125049,119402,123055,6206,6100,6330,4400,8700,0,2455,3180,11555,14951,20598,16945,738580,0
260000,2,2,3,-1,-1,-1,-1,-1,-1,35211,43944,46957,45114,26114,46750,40000,48058,46000,26000,48000,33000,224789,216056,213043,214886,233886,213250,3032,0
360000,1,4,2,-1,-1,-2,-2,-1,-1,1070,0,0,0,906,0,0,0,0,906,0,4341,358930,360000,360000,360000,359094,360000,-3271,1
250000,2,2,3,-2,-2,-2,-2,-2,-2,2218,4912,412,6264,5880,0,4940,416,6303,5880,0,230,247782,245088,249588,243736,244120,250000,1917,0
320000,1,2,2,-1,-1,2,2,-2,-2,7225,9336,945,-37,-37,-37,9386,13,0,0,0,7445,312775,310664,319055,320037,320037,320037,551,0
100000,2,2,3,-1,-1,-1,-1,-1,-1,63984,65917,67673,66292,67793,67182,3000,4000,3000,2500,3000,2500,36016,34083,32327,33708,32207,32818,380841,0
340000,1,2,2,-1,-1,-1,-1,-1,-1,183898,185268,326074,276519,251815,218706,60075,160444,10143,7190,6283,5208,156102,154732,13926,63481,88185,121294,1192937,0
230000,2,4,3,-2,-2,-2,-2,-2,-2,24477,23722,4791,3516,7475,5352,23722,4791,3516,7475,5352,2120,205523,206278,225209,226484,222525,224648,22357,0
150000,3,2,3,-1,-1,-1,-1,-1,-1,18308,19973,21000,22013,22449,22922,1973,1353,1366,802,833,837,131692,130027,129000,127987,127551,127078,119501,1
60000,3,2,3,-1,-1,-1,-1,-1,-1,49890,51060,52236,54362,55458,56767,2000,2000,3000,2000,2200,2500,10110,8940,7764,5638,4542,3233,306073,0
500000,3,4,3,-2,-2,-2,-2,-2,-2,83948,25321,14364,123903,71463,54924,25325,14364,124081,71541,54924,47148,416052,474679,485636,376097,428537,445076,36540,0
10000,2,4,3,1,2,-1,-1,-1,-1,3133,1473,9196,8518,8690,7472,0,9196,1106,278,258,268,6867,8527,804,1482,1310,2528,27376,0
140000,3,2,2,-1,-1,-1,-1,-1,-1,73166,66565,76412,70091,63279,56854,3112,20000,3043,2359,2187,1706,66834,73435,63588,69909,76721,83146,373960,0
90000,2,4,2,-1,-1,-1,-1,-1,-1,89129,89543,84447,78238,68234,69684,3308,3014,3203,3000,3000,3000,871,457,5553,11762,21766,20316,460750,0
390000,2,4,2,-1,-1,-1,-1,-1,-1,53386,52746,55535,57154,58774,62372,2000,5000,3000,3000,5000,3000,336614,337254,334465,332846,331226,327628,318967,0
150000,1,2,2,-1,-1,-2,-2,-2,-2,9474,0,0,0,0,0,0,0,0,0,0,0,140526,150000,150000,150000,150000,150000,9474,0
170000,2,4,3,-1,-1,-1,-1,-1,-1,24953,24334,25558,24580,24855,26123,2000,2000,1400,1000,2000,2000,145047,145666,144442,145420,145145,143877,140003,0
400000,2,2,2,-1,-1,-1,-1,-1,-1,41305,206028,21153,15631,14417,12228,206032,21153,15948,10000,10000,22934,358695,193972,378847,384369,385583,387772,24695,0
180000,2,2,2,-1,-1,-1,-1,-1,-1,151031,152510,151651,159019,123022,126075,7011,5657,10372,5000,5000,5000,28969,27490,28349,20981,56978,53925,825268,0
440000,2,2,3,-1,-1,-1,-2,-2,-2,70548,42651,0,27549,77349,10456,20000,0,27549,50000,18956,9307,369452,397349,440000,412451,362651,429544,102741,0
340000,1,4,2,-1,-1,-1,-1,-1,-1,3474,1974,2774,43824,11308,3540,1974,2774,43831,11308,0,824,336526,338026,337226,296176,328692,336460,6183,0
170000,2,2,3,1,2,2,-1,-1,-1,110970,117076,113778,117989,118803,121434,9460,0,6100,4210,4500,4500,59030,52924,56222,52011,51197,48566,671280,1
280000,1,4,3,-1,-1,-1,-1,-1,-1,2475,1236,2726,10898,1050,812,1236,2726,10916,1056,812,9109,277525,278764,277274,269102,278950,279188,-6658,0
320000,4,2,3,-2,-2,-2,-2,-2,-2,17849,5149,16615,2914,696,740,5149,16654,2914,696,740,6498,302151,314851,303385,317086,319304,319260,11312,0
190000,4,2,3,-1,-1,-1,-1,-1,-1,58783,59881,136994,118268,110476,111802,3100,80000,5000,4000,4100,5000,131217,130119,53006,71732,79524,78198,495004,0
210000,2,2,3,-1,-1,-1,-2,-1,-1,1708,2928,-2,-2,918,-164,2928,0,0,920,0,0,208292,207072,210002,210002,209082,210164,1538,0
110000,2,2,3,1,2,2,2,2,2,100987,101941,98364,103189,99578,104412,4600,0,8500,0,7700,3900,9013,8059,11636,6811,10422,5588,583771,0
90000,2,4,2,-1,-1,-1,-1,-1,-1,30026,29239,14027,13559,14331,14948,2000,1518,1500,1000,1000,1000,59974,60761,75973,76441,75669,75052,108112,0
500000,1,2,3,-1,-1,-1,-1,-1,-1,29178,26963,33166,48858,66050,43769,26963,33169,48858,66050,43769,37509,470822,473037,466834,451142,433950,456231,-8334,0
50000,2,4,2,-1,-1,-1,-1,-1,-1,29647,30845,32821,34855,11776,12088,2000,2800,3732,750,500,1000,20353,19155,17179,15145,38224,37912,141250,1
210000,1,4,2,-1,-1,-1,-1,-1,-1,5119,20927,3702,3673,1883,384,20965,3702,3673,0,384,0,204881,189073,206298,206327,208117,209616,6964,0
80000,2,2,2,2,2,2,2,2,-2,1662,3347,4140,3920,0,0,2427,1000,0,0,0,0,78338,76653,75860,76080,80000,80000,9642,1
320000,2,2,3,-1,-1,-1,-1,-1,-1,2862,18729,23405,16662,38459,2836,18729,23421,16683,38459,2836,1286,317138,301271,296595,303338,281541,317164,1539,0
50000,3,2,3,-1,-1,-1,-1,-1,-1,48169,48163,49302,16522,15175,16371,2400,2500,1318,700,1600,600,1831,1837,698,33478,34825,33629,184584,0
270000,2,4,2,-2,-2,-2,-2,-2,-2,128620,2222,9076,5424,9577,8130,2222,9076,5424,9577,8130,20177,141380,267778,260924,264576,260423,261870,108443,0
30000,3,4,2,-1,-1,-1,-1,-1,-1,28467,22308,48376,26013,27089,28161,2000,3000,3000,1500,1500,2280,1533,7692,-18376,3987,2911,1839,167134,0
150000,3,4,2,-1,2,-1,2,-1,-1,1877,709,2264,1143,163,2036,0,2264,0,163,2036,0,148123,149291,147736,148857,149837,147964,3729,0
140000,2,2,3,-1,-1,-1,-1,-1,-1,56379,51993,52678,53753,54821,56145,1855,1913,1952,1963,2208,2084,83621,88007,87322,86247,85179,83855,313794,0
120000,3,2,3,-1,-1,-1,-1,-1,-1,2386,780,2158,6968,2552,626,1000,2826,7026,2620,1000,26187,117614,119220,117842,113032,117448,119374,-25189,0
300000,1,2,2,-1,-1,-1,-1,-1,-1,147277,149893,152529,152882,113347,114554,7000,7000,6000,4084,4056,4300,152723,150107,147471,147118,186653,185446,798042,0
480000,1,2,3,-1,-1,-1,-1,-1,-1,276681,282328,288120,294000,300000,3493,5647,5792,5880,6000,3493,21308,203319,197672,191880,186000,180000,476507,1396502,0
460000,1,2,2,1,2,-1,-1,-1,-1,268775,262956,268463,273066,278594,284423,0,9737,9060,9200,9480,9627,191225,197044,191537,186934,181406,175577,1589173,1
280000,2,2,2,-1,-1,-1,-1,-1,-1,269472,253792,276979,238527,239280,238926,8229,150062,50000,4786,4779,4876,10528,26208,3021,41473,40720,41074,1294244,0
50000,3,2,2,-1,-1,-1,-1,-1,-2,44115,44619,38604,33570,0,0,1652,1906,1000,0,0,0,5885,5381,11396,16430,50000,50000,156350,0
350000,1,4,2,-2,-2,-2,-2,-2,-2,384,717,409,0,944,534,717,409,0,944,534,2281,349616,349283,349591,350000,349056,349466,-1897,0
300000,2,4,2,-1,-1,-1,-1,-1,-1,114690,117682,120777,123835,127830,130931,4682,4777,4835,5830,4931,5079,185310,182318,179223,176165,172170,169069,705611,0
380000,1,4,2,-2,-2,-2,-2,-2,-2,11924,16615,3273,9833,6580,6080,16615,3273,9833,6580,6080,4697,368076,363385,376727,370167,373420,373920,7227,0
190000,1,4,2,-2,-2,-2,-2,-2,-2,211,4031,6036,4238,2907,3122,4031,6045,4247,2907,3122,12419,189789,185969,183964,185762,187093,186878,-12226,0
230000,2,4,2,-2,-2,-2,-2,-2,-2,0,0,0,0,0,0,0,0,0,0,0,0,230000,230000,230000,230000,230000,230000,0,1
390000,2,2,2,2,2,2,-1,-1,-1,62474,62878,59601,60422,59094,59862,2757,0,2734,2254,2178,2174,327526,327122,330399,329578,330906,330138,352234,0
220000,4,2,2,-2,-2,-2,-2,-2,-2,0,319,10567,319,319,319,319,10567,319,319,319,2420,220000,219681,209433,219681,219681,219681,-2420,0
120000,2,2,3,-1,-1,-1,-1,-1,-1,118131,116607,108720,92649,89533,89204,4211,3710,3184,3200,3200,3133,1869,3393,11280,27351,30467,30796,594206,1
300000,2,4,3,1,-2,-2,-2,-2,-2,0,0,0,0,0,0,0,0,0,0,0,0,300000,300000,300000,300000,300000,300000,0,0
210000,1,4,3,-1,-1,-1,-1,-1,-2,4131,24255,7838,7139,-320,-320,24255,7862,7146,0,0,32000,205869,185745,202162,202861,210320,210320,-28540,0
50000,2,2,2,-1,-1,-1,-1,-1,-1,50664,49163,49811,49978,20062,20259,3000,2500,2000,1102,2000,2900,-664,837,189,22,29938,29741,226435,0
330000,1,4,3,2,-1,-1,2,-1,-1,238795,243621,259517,253863,257535,262753,10300,21400,0,9400,9542,9766,91205,86379,70483,76137,72465,67247,1455676,1
110000,3,2,3,-1,-1,-1,-1,-1,-1,110191,110736,63652,62738,50687,49850,3200,2450,2027,1710,1800,1700,-191,-736,46348,47262,59313,60150,434967,0
20000,1,4,2,1,-2,-2,-1,-1,-2,0,0,0,1004,0,0,0,0,1004,0,0,0,20000,20000,20000,18996,20000,20000,0,0
150000,2,2,3,-1,-1,-1,-1,-1,-1,6369,5215,4090,51893,52033,51188,5215,4090,51893,2000,3000,2202,143631,144785,145910,98107,97967,98812,102388,0
140000,3,2,2,-1,-1,-1,-1,-1,-1,127896,131764,134654,138303,119845,122457,7500,6500,7500,5000,4700,5228,12104,8236,5346,1697,20155,17543,738491,0
160000,1,2,3,-1,-1,-1,-1,-1,-1,661,2881,362,20680,7429,527,2881,362,20680,7429,527,0,159339,157119,159638,139320,152571,159473,661,0
260000,3,2,2,-1,-1,-1,-1,-1,-1,1973,1973,1973,6746,1973,1973,1973,1973,6746,1973,1973,3733,258027,258027,258027,253254,258027,258027,-1760,0
150000,3,2,3,1,-2,-2,-2,-2,-1,0,0,0,0,0,10640,0,0,0,0,10640,0,150000,150000,150000,150000,150000,139360,0,0
50000,2,2,2,-1,-1,-1,-1,-1,-1,34065,35422,32612,31842,27438,26127,3000,2011,1402,3089,3482,5000,15935,14578,17388,18158,22562,23873,169522,0
80000,3,2,2,-1,-1,-1,-1,-1,-1,65205,72922,74943,75399,53373,55554,20000,5000,3000,5000,3000,3000,14795,7078,5057,4601,26627,24446,358396,0
270000,2,2,2,-1,-1,-2,-1,-1,-1,304,-22,-348,326,326,304,0,0,1000,326,304,0,269696,270022,270348,269674,269674,269696,-740,0
60000,2,2,3,-1,-1,-1,-1,-1,-1,58127,59345,58196,47007,32834,29116,2800,2200,1500,1200,1100,1200,1873,655,1804,12993,27166,30884,274625,0
50000,2,2,3,-1,-1,-1,-1,-1,-1,15240,16252,17678,18658,18784,18779,1574,2000,1290,806,824,697,34760,33748,32322,31342,31216,31221,98200,0
290000,1,2,2,2,-1,-1,2,2,2,88176,21956,24815,24120,25218,24855,1354,3213,0,1616,0,724,201824,268044,265185,265880,264782,265145,202233,1
180000,2,4,2,-1,-1,-1,-1,-1,-1,671,671,671,671,671,671,671,671,671,671,671,671,179329,179329,179329,179329,179329,179329,0,1
360000,1,2,3,-1,-1,-1,-1,-1,-2,17412,18455,19245,18370,0,0,1328,1637,5000,0,0,0,342588,341545,340755,341630,360000,360000,65517,0
260000,3,4,3,-1,-1,-1,-2,-2,-2,260,3000,0,0,0,0,3000,0,0,0,0,0,259740,257000,260000,260000,260000,260000,260,0
200000,2,4,3,-2,-2,-2,-2,-2,-2,430,430,430,5241,430,59415,430,430,5241,439,59415,1999,199570,199570,199570,194759,199570,140585,-1578,0
290000,2,4,2,-2,-2,-2,-1,-1,-1,0,130,0,24756,25147,25685,130,0,24756,899,942,927,290000,289870,290000,265244,264853,264315,48064,0
50000,2,2,2,1,3,3,2,-1,-1,17292,18705,18125,17530,18251,19965,2000,0,0,1000,2002,0,32708,31295,31875,32470,31749,30035,104866,0
10000,2,2,2,-1,-1,-1,-1,-1,-1,5050,3704,6222,974,8834,6010,5011,6222,984,8834,0,6481,4950,6296,3778,9026,1166,3990,3262,0
180000,1,2,2,2,-1,-1,-1,-1,-1,1343,437,2297,4428,985,4028,438,2308,4446,987,4040,600,178657,179563,177703,175572,179015,175972,699,1
150000,2,4,2,-1,-1,2,2,-1,-1,22724,21019,19890,19271,19037,20448,3221,1602,0,1000,1709,0,127276,128981,130110,130729,130963,129552,114857,0
250000,1,4,3,-1,-1,-2,-2,-1,-1,891,-33,-33,-33,267,144,0,0,0,300,144,0,249109,250033,250033,250033,249733,249856,759,0
130000,2,4,2,2,2,2,2,-1,-1,82640,85505,87587,85428,86251,88094,5000,4200,0,3000,3100,3100,47360,44495,42413,44572,43749,41906,497105,1
540000,1,4,2,-1,-1,-1,-1,-1,-1,4696,6579,1464,-2800,13916,12517,2033,1485,16,20016,2016,2019,535304,533421,538536,542800,526084,527483,8787,0
320000,1,2,3,-1,-1,-1,-1,-1,-1,212883,197352,201913,103278,62891,64948,9000,9000,6000,3000,3000,3000,107117,122648,118087,216722,257109,255052,810265,0
440000,2,2,2,-1,-1,-1,-1,-1,-1,58639,66698,43399,44534,25341,20000,30000,2000,24534,5000,20000,20839,381361,373302,396601,395466,414659,420000,156238,0
80000,2,4,3,-1,-1,-1,-1,-1,-1,79390,79835,81229,82456,82854,80868,3200,4300,3340,3500,2999,3300,610,165,-1229,-2456,-2854,-868,465993,0
120000,2,2,2,1,-2,-1,-1,-2,-2,0,0,1100,0,0,0,0,1100,0,0,0,0,120000,120000,118900,120000,120000,120000,0,1
230000,2,2,2,-1,-1,-1,-1,-1,-2,68755,35137,34305,22752,5123,0,1607,4305,1000,5123,0,2810,161245,194863,195695,207248,224877,230000,151227,0
60000,3,4,2,-1,-1,-1,-1,-1,-1,53867,54971,57284,58562,29121,27003,2000,3200,3300,1000,1100,1000,6133,5029,2716,1438,30879,32997,269208,0
290000,4,2,3,-1,-1,-2,-2,-2,-1,3950,0,0,1085,445,145,0,0,1085,447,145,247,286050,290000,290000,288915,289555,289855,3701,0
130000,2,2,3,1,-2,-1,-1,-2,-1,0,-390,390,0,-390,390,0,1560,0,0,1170,1170,130000,130390,129610,130000,130390,129610,-3900,0
180000,2,4,3,-2,-2,-2,-2,-2,-2,1905,2453,6997,3064,2158,9331,2453,6997,3064,2158,9331,0,178095,177547,173003,176936,177842,170669,1905,0
140000,3,2,3,-1,-1,-1,-1,-1,-1,138391,135476,135956,137143,137195,136300,6300,6500,6265,5000,5006,5000,1609,4524,4044,2857,2805,3700,786390,1
500000,1,4,3,-1,-1,-1,-1,-1,-1,120452,190135,212134,201014,222520,208271,100000,50000,10012,50000,10000,10000,379548,309865,287866,298986,277480,291729,924514,0
300000,2,2,3,-1,-1,-1,-1,-1,-1,168796,165430,147077,127270,129397,132142,7010,6000,5006,5000,5000,6000,131204,134570,152923,172730,170603,167858,836096,0
210000,2,2,3,-2,-2,-2,-2,-2,-2,0,0,0,0,0,0,0,0,0,0,0,0,210000,210000,210000,210000,210000,210000,0,0
150000,2,2,3,-1,-1,-1,-1,-1,-1,575,25622,4992,1578,1216,4475,25622,4992,1578,1216,4475,15964,149425,124378,145008,148422,148784,145525,-15389,0
360000,2,2,2,-2,-2,-2,-2,-2,-2,10072,7728,2344,9536,9043,0,7728,2344,9536,9043,0,2909,349928,352272,357656,350464,350957,360000,7163,0
250000,2,2,2,-1,-1,-1,-1,-1,-1,107476,87000,48162,48803,41207,34792,5143,10025,10074,10049,10076,10012,142524,163000,201838,201197,208793,215208,312061,0
30000,3,4,3,-1,-1,3,2,2,2,21007,27506,26784,28123,27994,27029,7200,0,2100,1000,0,3000,8993,2494,3216,1877,2006,2971,145143,0
200000,1,2,3,-1,-1,2,-1,-1,-1,796,770,770,5259,1329,3609,770,0,5269,1329,2280,0,199204,199230,199230,194741,198671,196391,2885,0
130000,2,2,2,-1,-1,-1,-1,-1,-1,128649,100902,127102,65517,66925,68344,5500,7328,5000,2500,2500,3000,1351,29098,2898,64483,63075,61656,531611,0
290000,3,2,3,-1,-1,-2,-1,-1,-1,52894,0,0,44777,26201,2780,21560,0,44777,0,5560,6420,237106,290000,290000,245223,263799,287220,48335,0
100000,3,2,2,-1,-1,-1,-1,-1,-1,50327,51326,52403,53410,54030,55157,1835,1902,1878,1446,1500,30000,49673,48674,47597,46590,45970,44843,278092,0
40000,3,2,3,-1,-1,-1,2,-1,-1,780,177,1583,1020,630,240,177,1583,0,0,0,1080,39220,39823,38417,38980,39370,39760,1590,0
130000,3,2,2,-1,-1,2,-1,-1,-1,91982,99328,96898,97990,100160,102190,8900,0,3600,3800,3800,5000,38018,30672,33102,32010,29840,27810,563448,1
160000,3,2,2,-2,-2,-2,-2,-2,-2,717,594,1217,697,650,691,597,1223,700,653,691,17,159283,159406,158783,159303,159350,159309,685,0
150000,1,4,2,-2,-2,-2,-2,-2,-2,0,26660,858,0,3600,0,26660,858,0,3600,0,458,150000,123340,149142,150000,146400,150000,-458,0
130000,2,4,3,-1,-1,-1,-1,-1,-1,131221,128161,128884,124514,67739,69614,10006,5069,3634,2476,3019,2394,-1221,1839,1116,5486,62261,60386,623535,0
180000,2,2,2,-2,-2,-2,-2,-2,-2,0,0,0,0,0,0,0,0,0,0,0,289,180000,180000,180000,180000,180000,180000,-289,1
150000,2,4,2,-1,-1,-1,2,2,2,61785,63150,68125,66432,73312,72015,3000,6000,0,8023,0,5700,88215,86850,81875,83568,76688,77985,382096,0
100000,2,4,2,-2,-2,-2,-2,-2,-2,4576,1872,2511,3333,2765,900,1872,2517,3339,2765,900,2575,95424,98128,97489,96667,97235,99100,1989,1
30000,2,4,2,-1,-1,-1,-2,-2,-2,26830,30900,0,0,0,0,5000,0,0,0,0,0,3170,-900,30000,30000,30000,30000,52730,0
160000,1,4,1,-1,-1,-1,-1,-1,-1,6087,1934,11376,2199,10856,0,1000,11426,2199,10000,0,9867,153913,158066,148624,157801,149144,160000,-2040,0
50000,2,4,1,-1,3,2,-1,-1,-1,1876,1690,429,4836,1170,780,0,0,4836,0,0,0,48124,48310,49571,45164,48830,49220,5945,1
130000,2,2,1,-1,-1,-1,-1,-1,-1,67260,69269,72276,74347,77259,78403,4000,5000,4347,5000,3038,2135,62740,60731,57724,55653,52741,51597,415294,0
140000,3,4,2,-1,-1,-1,-1,-1,-1,137254,92636,94641,96667,98883,79972,3320,3500,3600,3900,3000,3000,2746,47364,45359,43333,41117,60028,579733,0
340000,3,2,2,-1,-1,-1,-1,-1,-1,11049,57301,59375,60216,59842,46882,57301,3000,2600,1000,1817,11022,328951,282699,280625,279784,280158,293118,217925,0
340000,2,2,2,-2,-1,-1,-1,-1,-1,1632,3121,44092,31292,17391,21678,2027,39774,43325,5000,10000,10079,338368,336879,295908,308708,322609,318322,9001,0
90000,2,4,2,2,2,2,2,2,2,89282,91247,68552,67324,39573,28610,6201,0,25000,0,2235,0,718,-1247,21448,22676,50427,61390,351152,0
300000,2,2,3,-1,-1,-1,-1,-1,-1,281000,291482,297425,296884,241037,247383,15000,12039,13000,9000,10059,10000,19000,8518,2575,3116,58963,52617,1586113,0
50000,2,4,1,-1,-1,-1,-1,-1,-1,37034,37698,37252,38254,38445,39273,1586,1624,1626,1377,1448,1399,12966,12302,12748,11746,11555,10727,218896,0
50000,2,2,2,-1,-1,-1,-1,-1,-1,48890,49083,48102,91452,9551,9746,1787,2247,1900,382,195,199,1110,917,1898,-41452,40449,40254,250114,0
100000,2,2,3,-2,-2,-2,-2,-2,-2,0,0,3168,0,0,550,0,3168,0,0,550,0,100000,100000,96832,100000,100000,99450,0,0
20000,3,4,3,3,3,2,-1,-1,-1,18244,17670,17105,18335,10415,8526,0,0,2001,3000,3000,3000,1756,2330,2895,1665,9585,11474,79294,0
160000,1,4,2,-1,-1,-1,-1,-1,-1,86454,61510,62921,64274,66198,68126,3000,3000,3000,3000,3000,3000,73546,98490,97079,95726,93802,91874,391483,1
390000,2,2,2,-1,-1,-1,-1,-1,-1,2075,0,682,10943,9942,11168,0,682,11130,9942,6600,1000,387925,390000,389318,379057,380058,378832,5456,0
30000,3,2,2,-1,2,-1,-1,-2,-2,1937,640,1751,0,0,0,0,1751,0,0,0,0,28063,29360,28249,30000,30000,30000,2577,1
20000,2,2,3,1,2,-1,-1,-2,-2,3098,2901,3800,0,0,0,0,1000,0,0,0,0,16902,17099,16200,20000,20000,20000,8799,1
210000,2,4,2,-1,-1,-1,-1,-1,-1,168161,133113,130769,95962,49839,46824,5000,5032,3783,2021,3000,0,41839,76887,79231,114038,160161,163176,605832,0
300000,4,2,2,-2,-2,-2,-2,-2,-2,0,0,0,0,0,0,0,0,0,0,0,0,300000,300000,300000,300000,300000,300000,0,0
220000,1,4,2,-1,-1,-2,-2,-2,-1,232,0,0,0,0,500,0,0,0,0,500,0,219768,220000,220000,220000,220000,219500,232,0
270000,1,4,2,-1,-1,-1,-1,-1,-1,68589,58751,53401,51401,36177,29209,6000,2028,5010,5000,5000,3000,201411,211249,216599,218599,233823,240791,271490,0
90000,2,2,3,2,2,2,2,2,-1,4918,4694,6547,7481,7212,7595,0,2100,1200,0,500,1000,85082,85306,83453,82519,82788,82405,33647,1
360000,2,4,1,-1,-1,-1,-1,-1,-1,214711,179651,139310,143215,168839,171153,10440,13360,6123,28002,6116,10056,145289,180349,220690,216785,191161,188847,942782,0
300000,1,4,1,1,-2,-2,-2,-2,-2,0,0,0,0,0,0,0,0,0,0,0,0,300000,300000,300000,300000,300000,300000,0,0
310000,2,4,2,-1,-1,-1,-1,-1,-1,313956,314859,307371,299501,217763,217659,11000,12500,11000,6600,7000,7493,-3956,-4859,2629,10499,92237,92341,1615516,1
130000,2,4,2,-1,-1,-1,-1,-1,-1,95292,97544,99208,102946,103750,105818,4600,4000,5300,3700,3600,3700,34708,32456,30792,27054,26250,24182,579658,0
80000,1,2,1,-1,-1,-1,-1,-1,-1,2175,358,1872,746,746,4424,358,1872,746,0,4424,0,77825,79642,78128,79254,79254,75576,2921,0
280000,2,2,2,-2,-2,-2,-2,-2,-2,6398,8321,12798,3581,10310,11717,8331,12805,3587,10361,11734,8800,273602,271679,267202,276419,269690,268283,-2493,0
80000,3,4,3,-1,-1,-1,2,-1,-1,45412,32091,36633,35749,36353,37115,1900,5400,0,1500,1500,1600,34588,47909,43367,44251,43647,42885,211453,1
130000,3,4,2,1,2,2,2,-1,-1,4867,3189,4634,2946,1473,780,0,2946,0,0,780,0,125133,126811,125366,127054,128527,129220,14163,0
270000,1,2,3,-1,-1,-1,-1,-1,-1,1870,0,8091,8350,8350,0,0,8091,1000,0,0,0,268130,270000,261909,261650,261650,270000,17570,0
20000,2,2,3,-1,-1,-1,-1,-1,-1,958,1546,1156,9646,6510,2514,1546,1156,9646,130,50,0,19042,18454,18844,10354,13490,17486,9802,0
260000,1,2,2,-1,-1,-1,-1,-1,-1,122825,88273,91908,90857,-81334,142645,5000,6000,5020,81569,331788,10002,137175,171727,168092,169143,341334,117355,15795,0
170000,2,4,3,-1,-1,-1,-1,-1,-1,62927,36885,34289,31518,31338,31838,1566,1606,1325,1015,10000,1111,107073,133115,135711,138482,138662,138162,212172,0
160000,1,4,2,-1,-1,-1,-1,-1,-1,19082,2815,27380,10028,2824,9940,2815,27380,10050,3000,9940,12498,140918,157185,132620,149972,157176,150060,6386,0
240000,1,4,2,-2,-2,-2,-2,-2,-2,5757,2904,24671,2249,4505,11859,3242,24685,3535,4505,11859,12000,234243,237096,215329,237751,235495,228141,-7881,0
170000,2,4,2,-2,-2,-2,-2,-2,-2,2848,1941,0,0,0,0,1941,0,0,0,0,0,167152,168059,170000,170000,170000,170000,2848,0
500000,2,2,3,-1,-1,-1,-1,-1,-1,215508,214460,220047,217920,159393,149626,10004,10025,10294,6046,5076,5000,284492,285540,279953,282080,340607,350374,1130509,0
260000,1,2,2,-2,-2,-1,-1,-2,-2,629,622,3074,0,688,2605,625,3084,691,0,2613,378,259371,259378,256926,260000,259312,257395,227,1
150000,1,4,2,-1,-1,-1,-1,-1,-1,43544,47751,49096,49848,52007,54161,5000,5000,3000,3000,3000,3500,106456,102249,100904,100152,97993,95839,273907,0
500000,1,2,2,-2,-2,-2,-2,-2,-2,8561,682,15714,5390,43386,0,1364,15714,5390,43386,0,0,491439,499318,484286,494610,456614,500000,7879,1
320000,2,4,2,-1,-1,-1,-1,-1,-1,1800,0,312,311,311,8571,0,312,311,311,8571,4204,318200,320000,319688,319689,319689,311429,-2404,0
90000,2,2,2,-1,-1,-1,-1,-1,-1,18358,14764,8374,29525,28333,27879,1300,1300,22000,1000,1012,1400,71642,75236,81626,60475,61667,62121,99221,0
300000,2,4,3,-2,-2,-2,-2,-2,-2,2936,1669,743,3040,1927,14713,1676,743,3047,1927,14713,159,297064,298331,299257,296960,298073,285287,2763,0
200000,2,4,2,1,2,2,2,2,2,73459,76308,78669,75995,79781,81533,4500,4000,0,5500,3000,0,126541,123692,121331,124005,120219,118467,448745,0
160000,3,2,3,2,2,-2,-2,-2,-2,1500,0,0,0,0,0,0,0,0,0,0,0,158500,160000,160000,160000,160000,160000,1500,1
120000,1,4,1,-2,-2,-2,-2,-2,-2,0,0,0,0,0,0,0,0,0,0,0,0,120000,120000,120000,120000,120000,120000,0,0
120000,1,4,2,2,-1,-1,-1,-1,-1,416,416,416,416,0,832,416,416,416,0,832,416,119584,119584,119584,119584,120000,119168,0,1
90000,2,4,2,1,2,-1,-1,-1,2,88093,85730,54727,55506,58529,57157,0,1984,2004,4251,0,2083,1907,4270,35273,34494,31471,32843,389420,1
170000,2,2,2,-2,-2,-2,-2,-2,-2,6015,7810,2760,3474,7680,7860,7820,26058,3474,7680,7860,9333,163985,162190,167240,166526,162320,162140,-26626,1
170000,1,4,2,-1,-1,-1,2,-1,-1,144031,147135,158528,138030,139444,148093,5500,14000,0,5200,11100,0,25969,22865,11472,31970,30556,21907,839461,0
500000,1,2,2,-2,-2,-2,-2,-2,-2,10486,32539,10644,7780,19099,4281,32648,11000,7823,19215,4281,8190,489514,467461,489356,492220,480901,495719,1672,0
240000,1,4,2,-1,-1,-1,-1,-1,-1,239278,237018,238641,230758,196830,201112,9582,9963,8013,6658,7059,6609,722,2982,1359,9242,43170,38888,1295753,0
230000,2,2,2,-1,-1,-1,-1,-1,-1,4942,2554,1249,2959,7079,1880,2554,1000,2959,5000,1000,0,225058,227446,228751,227041,222921,228120,8150,0
210000,2,2,2,-2,-2,-2,-2,-2,-2,0,0,0,0,0,0,0,0,0,0,0,0,210000,210000,210000,210000,210000,210000,0,0
400000,1,2,2,-1,-1,-1,2,-1,-1,10858,15892,18182,12205,941,6346,16000,2600,24,1000,7053,5000,389142,384108,381818,387795,399059,393654,32747,0
150000,3,2,3,-1,-1,-1,-1,-1,-1,88818,90585,92485,94373,96245,98263,3241,3358,3427,3443,3567,3585,61182,59415,57515,55627,53755,51737,540148,1
50000,1,4,1,-1,-1,-2,-1,-1,-1,6018,0,0,6085,6085,5605,0,0,6085,0,0,6690,43982,50000,50000,43915,43915,44395,11018,0
150000,2,2,1,-1,-1,-1,-1,-1,-1,12780,850,850,430,840,430,850,850,430,840,430,860,137220,149150,149150,149570,149160,149570,11920,1
230000,2,4,1,-2,-2,-2,-2,-2,-2,0,0,0,0,0,0,0,0,0,0,0,0,230000,230000,230000,230000,230000,230000,0,1
470000,1,2,1,-1,-1,-1,-1,-1,-1,178262,177644,171997,165014,158839,148035,6100,6000,7100,5100,5200,4900,291738,292356,298003,304986,311161,321965,965391,0
30000,2,4,1,3,2,2,5,5,4,1200,1200,1200,1200,1200,600,0,0,0,0,0,0,28800,28800,28800,28800,28800,29400,6600,1
100000,3,2,1,1,-2,-2,-1,-1,-1,0,0,0,338,9448,1183,0,0,4838,9448,4183,1485,100000,100000,100000,99662,90552,98817,-8985,0
30000,3,2,2,-1,-1,-1,2,-1,-1,8090,0,3398,2855,2115,521,0,6253,0,2115,0,2000,21910,30000,26602,27145,27885,29479,6611,1
110000,2,4,3,-1,-1,-1,-1,-1,-1,96950,93571,86595,81077,77747,78913,3255,3056,2802,2813,4000,3500,13050,16429,23405,28923,32253,31087,495427,0
300000,3,2,2,2,-1,-1,2,2,2,36656,37672,40743,41226,40263,42788,1929,4000,1446,0,3179,0,263344,262328,259257,258774,259737,257212,228794,0
240000,3,6,2,-1,-1,-1,-1,-1,-1,374,1823,1788,6229,15829,20785,1823,1788,6229,10000,10000,5640,239626,238177,238212,233771,224171,219215,11348,0
350000,2,4,1,1,2,-1,-1,-1,-1,358895,346575,345088,341811,265953,93300,0,14579,13557,12000,5000,11000,-8895,3425,4912,8189,84047,256700,1695486,1
220000,1,4,1,-2,-2,-2,-2,-2,-2,2956,2968,3054,4701,2869,3654,2968,3054,4701,2869,3654,2754,217044,217032,216946,215299,217131,216346,202,0
400000,1,4,2,-2,-2,-2,-2,-2,-2,26930,11187,16593,18569,16947,28590,11187,16596,18572,16947,28590,159259,373070,388813,383407,381431,383053,371410,-132335,0
500000,2,2,3,-1,-1,-1,-1,-1,-1,26102,33012,56116,31924,33255,27668,33009,50018,30023,30013,18019,40018,473898,466988,443884,468076,466745,472332,6977,0
280000,3,4,3,-1,-1,-1,-1,-1,-1,166473,167864,140466,142417,126321,117613,7750,5195,5098,4319,4209,4127,113527,112136,139534,137583,153679,162387,830456,0
30000,2,2,2,-2,-2,-2,-2,-2,-2,108,709,11726,2628,2659,4483,709,11726,2713,2659,4483,3676,29892,29291,18274,27372,27341,25517,-3653,0
20000,1,4,3,-1,-1,-1,-1,-1,-1,16715,16719,34196,18760,19132,19533,1271,1300,2612,684,709,875,3285,3281,-14196,1240,868,467,117604,0
270000,4,4,1,1,-1,-1,-1,-2,-1,-9,3265,6125,0,0,29961,3274,6129,0,0,29961,6216,270009,266735,263875,270000,270000,240039,-6238,0
270000,1,4,2,-1,-1,-1,-1,-1,-1,126642,127741,132405,131241,127080,122213,4500,7028,4728,5037,4530,5000,143358,142259,137595,138759,142920,147787,736499,0
400000,2,2,2,-1,-1,-1,-1,-1,-1,45514,42620,28584,40673,38068,24418,4854,5005,14218,1722,1438,3381,354486,357380,371416,359327,361932,375582,189259,0
320000,1,4,2,-1,-1,-1,-1,-1,-1,91224,93025,99433,107659,110567,99935,10000,10000,10000,10000,5000,5000,228776,226975,220567,212341,209433,220065,551843,0
430000,1,4,2,-1,-1,-1,-1,-1,-1,62774,68284,74806,82241,80298,53289,10284,10806,12241,1606,1119,52319,367226,361716,355194,347759,349702,376711,333317,0
140000,2,4,2,1,-2,-2,-1,-1,-1,0,0,0,76,76,76,0,0,76,0,0,0,140000,140000,140000,139924,139924,139924,152,1
70000,2,2,2,-1,-1,-1,-1,-1,-1,9319,3652,5284,5950,5296,5713,3652,2284,3000,5296,2000,2625,60681,66348,64716,64050,64704,64287,16357,0
110000,2,4,2,-1,-1,-1,-1,-1,-1,7398,2009,1651,1823,1208,0,1500,1177,1000,550,0,790,102602,107991,108349,108177,108792,110000,9072,0
30000,4,2,2,-1,-1,-1,-1,-1,-1,28731,27927,27601,26921,15525,0,1656,1545,1300,825,0,0,1269,2073,2399,3079,14475,30000,121379,0
550000,2,2,2,2,-1,-1,-1,-1,-1,548551,546741,535509,548020,530672,155083,21094,22863,167622,14000,4300,158064,1449,3259,14491,1980,19328,394917,2476633,1
310000,1,2,3,-1,-1,-1,-1,-1,-1,2257,5202,6495,5781,7754,12315,3000,3000,1000,4000,5000,5000,307743,304798,303505,304219,302246,297685,18804,0
130000,1,4,2,-1,-1,-1,-1,-1,-1,126164,126080,129104,130745,127344,127809,6500,7000,8000,5000,4500,4500,3836,3920,896,-745,2656,2191,731746,0
130000,2,2,2,-1,-1,-1,-1,-1,-1,119720,120066,121587,119784,117605,120307,6000,5000,4531,5000,4596,10000,10280,9934,8413,10216,12395,9693,683942,0
220000,2,2,2,-1,-1,-1,-1,-1,-1,154029,153012,154508,152829,152842,152747,5700,6000,6814,5500,5800,5700,65971,66988,65492,67171,67158,67253,884453,0
300000,1,2,2,-2,-2,-2,-2,-2,-2,0,0,0,0,0,0,0,0,0,0,0,0,300000,300000,300000,300000,300000,300000,0,0
110000,2,2,2,-1,-1,-1,-1,-1,-1,1245,1245,1490,2490,1245,2675,1245,1490,2245,0,2675,0,108755,108755,108510,107510,108755,107325,2735,0
50000,2,2,3,1,2,2,2,2,2,24622,26999,28071,27326,28769,28170,3100,1800,0,2200,0,2700,25378,23001,21929,22674,21231,21830,154157,1
300000,1,4,3,-1,3,2,2,2,2,5130,4903,4679,6596,6344,9067,0,0,2000,0,3000,0,294870,295097,295321,293404,293656,290933,31719,1
200000,2,2,2,-2,-2,-2,-2,-2,-2,3131,207,3578,0,0,0,207,3599,0,0,0,3832,196869,199793,196422,200000,200000,200000,-722,0
360000,3,4,2,-1,-1,-1,-1,-1,-1,6904,-507,751,15369,7845,6786,0,1502,15369,200,0,0,353096,360507,359249,344631,352155,353214,20077,1
500000,1,4,2,-1,-1,-1,-1,-1,-1,80630,80112,81726,74297,66132,67695,3000,3006,2600,3000,2600,2800,419370,419888,418274,425703,433868,432305,433586,0
290000,2,2,3,-1,-1,-1,-1,-1,-1,19281,21654,20073,25966,22347,12572,6654,1476,10002,447,251,16338,270719,268346,269927,264034,267653,277428,86725,0
430000,1,2,2,-2,-2,-2,-2,-2,-2,1013,0,2320,0,4139,0,0,2320,0,4139,1015,0,428987,430000,427680,430000,425861,430000,-2,1
180000,3,4,2,1,-2,-2,-2,-1,-1,3700,4696,3763,-3,3667,1598,4696,3763,3,3670,1799,0,176300,175304,176237,180003,176333,178402,3490,0
90000,3,2,2,-1,-1,-1,-1,-1,-1,35872,35687,35538,34780,34468,30520,1578,1583,1773,1294,1248,1276,54128,54313,54462,55220,55532,59480,198113,0
280000,2,2,3,-2,-2,-2,-2,-2,-2,14633,5600,13397,20004,10571,8430,5600,13397,20004,10571,8430,13561,265367,274400,266603,259996,269429,271570,1072,0
230000,2,4,2,-1,-1,2,-1,-1,-1,29087,30589,20958,21637,19846,12770,2100,1000,1252,500,1000,1000,200913,199411,209042,208363,210154,217230,128035,0
70000,2,2,2,-1,-1,-1,-1,-1,-2,54801,52714,18596,9760,0,0,5336,1268,1052,0,0,0,15199,17286,51404,60240,70000,70000,128215,0
110000,2,2,2,-2,-2,-2,-2,-2,-2,4976,2532,3102,1979,690,1042,2532,3102,1979,690,1042,8420,105024,107468,106898,108021,109310,108958,-3444,0
70000,3,2,2,-1,-1,-1,-1,-1,-1,70122,69080,68530,69753,70111,70212,2431,3112,3000,2438,2500,2554,-122,920,1470,247,-111,-212,401773,0
180000,2,2,2,-1,2,-1,-1,-1,-1,3305,1649,1473,1473,2705,1473,0,1473,1473,2705,1473,1473,176695,178351,178527,178527,177295,178527,3481,0
240000,3,4,2,-2,-2,-2,-2,-2,-2,0,0,0,0,0,0,0,0,0,0,0,0,240000,240000,240000,240000,240000,240000,0,1
210000,1,2,3,-2,-2,-2,-2,-2,-2,0,0,0,0,0,0,0,0,0,0,0,0,210000,210000,210000,210000,210000,210000,0,0
20000,2,4,3,-1,-1,-1,-1,-2,-2,390,0,780,0,0,0,0,780,0,0,0,0,19610,20000,19220,20000,20000,20000,390,1
80000,3,2,3,-1,-1,-1,-1,-1,-1,3188,6239,7304,5050,5357,5466,6239,1185,1000,307,109,112,76812,73761,72696,74950,74643,74534,23652,0
50000,1,4,2,-1,-1,-1,-1,-1,-1,13452,14524,15586,16622,17344,17864,1300,1300,1300,1000,800,1000,36548,35476,34414,33378,32656,32136,88692,0
80000,3,4,2,-1,-1,-1,-1,-1,-1,6607,6205,-1573,12481,4104,2052,6205,675,14956,0,0,3274,73393,73795,81573,67519,75896,77948,4766,0
80000,1,4,2,-1,-1,-1,2,-1,-1,34827,27881,16801,12532,12059,1242,27881,12532,1,0,0,717,45173,52119,63199,67468,67941,78758,64211,0
60000,2,6,2,1,-1,-1,-1,-2,-1,0,60559,56317,0,0,567,60559,1126,0,0,567,1222,60000,-559,3683,60000,60000,59433,53969,0
360000,2,4,2,1,-2,-1,-1,-1,-1,0,0,22190,21416,6854,357,0,22190,21416,1545,357,357,360000,360000,337810,338584,353146,359643,4952,0
50000,2,4,3,1,4,3,2,2,2,10024,9723,9427,9075,10037,12503,0,0,0,1000,0,264,39976,40277,40573,40925,39963,37497,59525,0
200000,4,2,3,-1,-1,-1,-1,-1,-1,198595,194734,190447,187224,183641,178239,7003,7000,7000,6510,6550,6001,1405,5266,9553,12776,16359,21761,1092816,0
140000,2,2,3,1,-2,-1,-1,-1,-1,0,0,1497,1039,1139,0,0,1497,1039,1139,0,5023,140000,140000,138503,138961,138861,140000,-5023,0
180000,2,4,2,-1,-1,-1,-1,-1,-1,174104,171889,172288,175557,178010,178976,7000,8000,8000,7001,6600,7000,5896,8111,7712,4443,1990,1024,1007223,0
160000,2,2,2,-1,-1,-1,-1,-1,-1,18400,18699,26919,29801,40433,51329,10000,10018,15021,15000,20000,20000,141600,141301,133081,130199,119567,108671,95542,0
200000,2,2,2,-2,-2,-2,-2,-2,-2,0,0,0,0,0,0,0,0,0,0,0,0,200000,200000,200000,200000,200000,200000,0,1
600000,2,2,2,1,2,2,2,-1,-1,51072,49889,39635,35130,33229,32171,0,4000,0,1500,2000,3000,548928,550111,560365,564870,566771,567829,230626,0
20000,2,2,3,4,3,2,3,2,-1,15833,15286,17021,16461,15901,16294,0,2277,0,0,800,1400,4167,4714,2979,3539,4099,3706,92319,1
220000,1,2,3,-1,-1,-1,-1,-1,-1,215191,215969,216849,214030,213678,190469,10000,10000,7000,6568,6000,5000,4809,4031,3151,5970,6322,29531,1221618,0
140000,1,2,3,2,2,-1,-1,-1,2,34359,33521,34685,35399,36616,36893,0,2000,1583,1800,1000,3000,105641,106479,105315,104601,103384,103107,202090,1
240000,2,4,2,1,-2,-2,-2,-2,-2,0,0,0,0,0,0,0,0,0,0,0,0,240000,240000,240000,240000,240000,240000,0,1
150000,2,2,2,1,-1,-1,-1,-1,-1,-1474,137049,145900,146168,149712,-288,140916,10000,3119,3744,0,57916,151474,12951,4100,3832,288,150288,361372,0
20000,1,4,2,-1,-1,-1,-2,-1,-1,2095,7733,0,0,4076,1911,7733,0,0,4076,1911,0,17905,12267,20000,20000,15924,18089,2095,1
310000,2,2,2,-1,-1,-1,-1,-1,-1,69886,70950,71403,69478,53786,52791,2177,2216,1879,1563,2000,1539,240114,239050,238597,240522,256214,257209,376920,0
230000,3,2,2,1,2,-1,2,-1,-1,6499,4791,4858,316,316,316,0,4858,0,632,0,2468,223501,225209,225142,229684,229684,229684,9138,0
130000,1,4,2,-2,-2,-2,-2,-2,-2,0,0,388,0,418,0,0,388,0,418,0,238,130000,130000,129612,130000,129582,130000,-238,0
300000,1,4,2,-1,-1,-1,-1,-1,-1,16612,19099,17865,9215,154926,126482,19099,17865,9243,154975,0,29390,283388,280901,282135,290785,145074,173518,113627,0
300000,2,2,2,-1,-1,-1,-1,-1,-1,37505,57210,36667,34252,25583,28676,57210,36679,34263,25583,28676,37173,262495,242790,263333,265748,274417,271324,309,0
20000,2,2,1,2,2,2,-1,-1,-1,19098,19953,18756,19968,15333,10056,1474,0,2403,0,6000,0,902,47,1244,32,4667,9944,93287,0
200000,3,4,2,1,2,-1,-1,-1,-1,18021,17374,15463,17314,14245,0,0,3027,6223,0,0,0,181979,182626,184537,182686,185755,200000,73167,0
200000,2,2,3,-2,-2,-2,-2,-2,-2,531,0,2358,2477,958,11312,0,2358,2477,958,11312,0,199469,200000,197642,197523,199042,188688,531,0
500000,1,4,1,-2,-2,-2,-2,-2,-1,4428,-31,-31,3963,3418,858,0,0,3994,3435,860,0,495572,500031,500031,496037,496582,499142,4316,0
80000,2,2,2,-1,-1,-1,-1,-1,-1,10559,11991,14286,1554,6554,2615,1621,5000,1554,5000,2615,5308,69441,68009,65714,78446,73446,77385,26461,0
360000,1,4,1,-2,-2,-2,-2,-2,-2,0,0,0,0,0,0,0,0,0,0,0,0,360000,360000,360000,360000,360000,360000,0,1
30000,2,2,2,-1,-1,-1,-1,-1,-1,28938,30246,30485,30274,29967,23477,1800,1574,1300,886,1000,686,1062,-246,-485,-274,33,6523,166141,0
190000,2,4,3,-1,-1,-1,-1,-1,-1,162051,168517,169675,171908,153857,153988,17917,7601,7602,6010,6010,6001,27949,21483,20325,18092,36143,36012,928855,0
350000,1,2,2,-2,-2,-2,-2,-2,-2,1133,0,1342,2195,0,37800,0,1342,2195,0,37800,1000,348867,350000,348658,347805,350000,312200,133,0
260000,2,2,2,-1,-1,-1,-1,-1,-1,2224,1996,1497,-3,2138,900,2007,1501,0,2141,902,197,257776,258004,258503,260003,257862,259100,2004,0
190000,2,2,2,-1,-1,2,2,2,2,105679,115049,117856,119570,116284,123528,11000,6000,5000,0,9000,4000,84321,74951,72144,70430,73716,66472,662966,0
230000,2,2,2,-2,-2,-2,-2,-2,-2,0,0,615,0,0,0,0,615,0,0,0,0,230000,230000,229385,230000,230000,230000,0,0
650000,3,4,2,-1,-1,-1,-1,-2,-1,5865,0,1904,-61,-261,13050,0,1904,0,0,13311,64731,644135,650000,648096,650061,650261,636950,-59449,0
250000,1,4,2,-1,-1,-1,-1,-1,-1,10495,2150,46975,10880,8974,36805,2150,46975,10890,8974,30000,65325,239505,247850,203025,239120,241026,213195,-48035,0
700000,2,4,2,-2,-2,-2,-2,-2,-2,1878,4343,804,778,1913,200,4354,804,778,1916,200,628,698122,695657,699196,699222,698087,699800,1236,0
270000,1,2,3,-1,-1,-1,-1,-1,-1,9658,8714,6425,10116,15953,19556,8781,6425,6000,8000,6000,6000,260342,261286,263575,259884,254047,250444,29216,0
100000,2,2,3,-1,-1,-1,-1,-1,-2,94713,97503,100138,99000,0,0,4366,5100,2000,0,0,0,5287,2497,-138,1000,100000,100000,379888,0
260000,2,2,2,-1,-1,-1,-1,-1,-1,163550,166795,171803,175248,175157,178850,5966,7692,7788,6267,6513,10000,96450,93205,88197,84752,84843,81150,987177,0
410000,2,4,2,-2,-2,-2,-2,-2,-2,4720,25488,7022,3321,2745,500,25488,7022,3326,2745,500,1543,405280,384512,402978,406679,407255,409500,3172,0
520000,2,2,3,-2,-2,-2,-2,-2,-2,76762,107039,19046,7359,16336,20040,107124,19058,7387,16475,20040,98205,443238,412961,500954,512641,503664,499960,-21707,0
80000,2,2,2,-1,-1,-1,-1,-1,-1,77020,76246,49428,34024,46073,47038,3179,1699,1712,22965,1706,1727,2980,3754,30572,45976,33927,32962,296841,1
450000,3,2,2,-2,-2,-2,-2,-2,-2,0,0,0,0,0,0,0,0,0,0,0,0,450000,450000,450000,450000,450000,450000,0,0
30000,4,4,3,-1,-1,-1,-1,-1,-1,25298,26866,27662,28474,28494,0,2000,2000,1500,1000,0,0,4702,3134,2338,1526,1506,30000,130294,0
600000,3,4,3,-1,-1,-1,-1,-1,-1,140179,112498,82803,380337,368527,390197,5000,8340,380478,12625,60000,7000,459821,487502,517197,219663,231473,209803,1001098,0
200000,1,4,2,-1,-1,-1,-1,-1,-1,692,-6,890,14137,18067,24306,0,896,14337,7022,12000,16045,199308,200006,199110,185863,181933,175694,7786,0
60000,2,4,2,2,-1,-1,-1,-1,-1,60707,59675,59690,59513,28494,29149,2102,2922,1586,570,31110,1212,-707,325,310,487,31506,30851,257726,0
280000,2,2,2,-2,-2,-2,-2,-2,-2,9103,6419,11966,5844,8994,14631,6439,12042,5844,4672,14724,4429,270897,273581,268034,274156,271006,265369,8807,0
230000,1,2,2,-1,-1,-1,-1,-1,-1,1240,2078,380,2100,530,2282,2078,380,2100,530,2282,1390,228760,227922,229620,227900,229470,227718,-150,0
210000,2,4,2,-1,-1,-1,-1,-1,-1,1154,1368,1080,1567,788,0,1368,1080,1567,788,0,1638,208846,208632,208920,208433,209212,210000,-484,1
60000,1,4,2,1,-2,-1,-1,-1,-1,1242,0,4028,59334,54526,58575,0,4028,56626,2100,5000,2000,58758,60000,55972,666,5474,1425,107951,0
270000,1,4,2,-2,-2,-2,-2,-2,-2,7842,6380,16098,1350,558,0,6380,16098,1350,558,0,128934,262158,263620,253902,268650,269442,270000,-121092,0
80000,3,2,3,-1,-1,-1,-1,-1,-1,3526,10129,6100,6420,606,7228,10129,6100,6434,606,7228,14387,76474,69871,73900,73580,79394,72772,-10875,0
80000,2,2,3,-2,-2,-2,-1,4,3,0,0,0,600,600,300,0,0,600,0,0,0,80000,80000,80000,79400,79400,79700,900,0
360000,2,2,3,-1,-1,-1,-1,-1,-1,4343,725,4268,2085,26896,18455,725,4268,2085,13448,7455,4759,355657,359275,355732,357915,333104,341545,24032,0
300000,1,4,2,-1,-1,2,-1,-1,-1,15001,12751,2318,3792,11977,29127,2318,0,3792,11977,29127,16600,284999,287249,297682,296208,288023,270873,11152,1
270000,1,2,3,-2,-2,-2,-2,-2,-2,-106,2894,25417,3839,1794,2459,3000,25500,4000,2000,2459,10000,270106,267106,244583,266161,268206,267541,-10662,0
200000,1,4,3,-2,-2,-2,-2,-2,-2,2263,3441,2124,6041,2975,3441,3448,2124,6063,2975,3441,1841,197737,196559,197876,193959,197025,196559,393,0
20000,2,4,3,-1,-1,-1,-1,-1,-2,189,2249,3551,6180,0,0,2249,3551,5000,0,0,0,19811,17751,16449,13820,20000,20000,1369,1
20000,2,2,2,-1,-1,-1,2,2,2,8217,9910,12146,11954,14750,14371,2000,2400,600,3000,0,600,11783,10090,7854,8046,5250,5629,62748,1
30000,2,2,2,2,2,-1,-1,-1,-1,29498,28718,29761,30203,29803,29803,1,2000,1400,0,0,67,502,1282,239,-203,197,197,174318,1
50000,1,2,2,-1,-1,-1,-1,-1,-1,45822,47173,48592,-22108,45709,39188,2413,2832,39,91983,1570,1445,4178,2827,1408,72108,4291,10812,104094,0
230000,4,4,2,-1,-1,-1,-1,-1,-1,168708,161074,151884,146113,147650,43703,10699,5080,10000,3560,45000,86000,61292,68926,78116,83887,82350,186297,658793,0
50000,2,2,2,1,2,2,2,2,2,16983,16413,21128,20492,30079,29460,0,5000,0,10000,0,10000,33017,33587,28872,29508,19921,20540,109555,1
70000,3,2,2,-1,-1,-1,2,2,-1,9633,11462,14259,15525,14772,15380,2000,3000,2000,0,1000,1000,60367,58538,55741,54475,55228,54620,72031,0
100000,1,4,2,1,2,-1,-1,-1,-1,9311,5107,1647,3348,1458,1458,0,1647,3348,1458,1458,1677,90689,94893,98353,96652,98542,98542,12741,0
100000,3,2,2,1,2,2,-1,-1,-1,46809,47121,45239,44712,43654,44678,2000,0,1900,1600,3200,0,53191,52879,54761,55288,56346,55322,263513,0
210000,1,4,2,-1,-1,-1,-1,-1,-1,12618,6313,16488,12900,20108,18378,6344,16560,13024,12541,7091,11414,197382,203687,193512,197100,189892,191622,19831,0
450000,1,4,2,-1,-1,-2,-2,-1,-1,2609,0,0,0,17855,3430,0,0,0,17855,0,2500,447391,450000,450000,450000,432145,446570,3539,0
300000,3,4,2,-1,-1,-1,-1,-1,-1,92235,67283,65059,147613,236687,237105,4505,6039,100000,100000,8600,8500,207765,232717,234941,152387,63313,62895,618338,0
140000,1,4,2,-2,-2,-2,-2,-2,-2,1399,1519,1404,540,0,0,1519,1404,540,0,0,0,138601,138481,138596,139460,140000,140000,1399,0
480000,1,4,2,-2,-2,-2,-2,-2,-2,11872,38933,23479,52177,54005,53853,40000,23479,52209,54005,54500,42321,468128,441067,456521,427823,425995,426147,-32195,0
100000,2,4,2,1,2,-1,-1,2,2,31708,30904,31953,34308,34951,34261,0,1850,3200,1500,0,1500,68292,69096,68047,65692,65049,65739,190035,1
110000,1,4,2,-1,-1,-1,-1,-1,-1,3610,15427,19563,21994,21994,8391,12000,5000,3000,3000,2000,1000,106390,94573,90437,88006,88006,101609,64979,0
100000,2,4,2,-1,-1,-1,-1,-1,-1,91344,92309,94421,97486,97604,97241,3309,4421,5486,3400,3541,3894,8656,7691,5579,2514,2396,2759,546354,1
200000,1,4,2,-2,-2,-2,-2,-2,-2,0,950,0,1782,669,0,950,0,2422,669,0,0,200000,199050,200000,198218,199331,200000,-640,0
100000,1,4,2,-1,-1,2,2,2,2,7384,10253,9945,14269,13743,16011,3000,0,4500,0,2500,0,92616,89747,90055,85731,86257,83989,61605,0
50000,2,2,2,-1,-1,-2,-2,-2,-2,1500,0,0,0,0,0,0,0,0,0,0,0,48500,50000,50000,50000,50000,50000,1500,1
20000,2,2,2,-1,-1,-1,-1,-1,-1,13080,10911,18890,11026,5863,3273,1500,2000,2000,1000,1000,0,6920,9089,1110,8974,14137,16727,55543,0
490000,2,2,2,-1,-1,-1,-1,-1,-1,470579,482733,492718,282450,287363,272578,19469,20000,12000,11000,10000,10000,19421,7267,-2718,207550,202637,217422,2205952,0
90000,1,4,2,-1,-1,-2,-1,-1,-1,7563,-12,-12,3230,387,1642,0,0,3242,387,1642,0,82437,90012,90012,86770,89613,88358,7527,0
310000,1,2,2,-1,-1,-1,-1,-1,-1,141203,84594,66624,48213,144758,601,7000,5500,4000,100000,601,360,168797,225406,243376,261787,165242,309399,368532,0
240000,1,4,2,-2,-2,-2,-2,-2,-2,5000,0,5000,0,254,9366,0,5000,0,254,9366,1150,235000,240000,235000,240000,239746,230634,3850,0
390000,1,4,2,-1,-1,-1,-1,-1,-1,16566,20213,15204,13529,14139,14496,9076,8000,1500,1500,519,7000,373434,369787,374796,376471,375861,375504,66552,0
140000,2,4,2,-1,-1,-1,-1,-1,2,59097,59655,60992,62253,69594,68262,2137,2300,2278,9300,0,3000,80903,80345,79008,77747,70406,71738,360838,0
120000,1,4,2,-1,-1,-1,-1,-1,2,332,332,538,3160,2928,2596,332,538,3160,100,0,2959,119668,119668,119462,116840,117072,117404,2797,1
30000,3,2,2,-1,-1,-1,-1,-1,-1,29666,29033,29345,29125,29859,29016,1763,1676,1456,1190,1056,1592,334,967,655,875,141,984,167311,0
230000,2,2,2,-1,-1,-1,-1,-1,-1,399,1560,1766,2720,3720,0,1560,1046,1000,1000,0,0,229601,228440,228234,227280,226280,230000,5559,0
320000,1,4,2,-1,-1,-1,-1,-1,-1,13720,20219,18087,5639,-41,5613,8015,1140,5639,0,5654,0,306280,299781,301913,314361,320041,314387,42789,0
110000,1,4,2,-1,-1,-1,-2,-2,-2,60558,30900,0,0,0,0,1900,0,0,0,0,0,49442,79100,110000,110000,110000,110000,89558,0
60000,2,4,2,-1,-1,-1,2,2,2,36434,39925,43350,42057,26877,26493,4100,4073,0,1600,0,1100,23566,20075,16650,17943,33123,33507,204263,1
180000,1,4,2,-2,-2,-2,-2,-2,-2,-30,2200,5643,2285,1498,3092,2230,5643,2298,1502,3101,2959,180030,177800,174357,177715,178502,176908,-3045,0
430000,1,4,2,-1,-1,-1,-1,-1,-1,345053,336467,321019,272838,206081,163130,13206,36000,30000,30000,30000,104000,84947,93533,108981,157162,223919,266870,1401382,0
230000,1,4,2,-1,-1,-1,-1,-1,-1,7990,13450,56729,-1310,6734,87161,13450,56729,0,8044,87161,5000,222010,216550,173271,231310,223266,142839,370,0
140000,2,2,2,1,-1,-1,-1,-1,-1,-23,5742,0,1920,1180,0,5765,0,1920,1180,0,60000,140023,134258,140000,138080,138820,140000,-60046,0
180000,1,4,2,-1,-1,-1,-1,-1,-1,766,243,243,243,4889,243,243,243,243,4889,243,13868,179234,179757,179757,179757,175111,179757,-13102,0
60000,2,4,2,1,2,-1,-1,-1,2,20544,19921,20993,21736,23172,22661,0,1700,1400,1800,0,1800,39456,40079,39007,38264,36828,37339,122327,0
310000,2,4,2,-1,-1,-1,2,2,-1,86082,78328,78380,77102,66828,58520,3550,6000,2559,45,3033,3000,223918,231672,231620,232898,243172,251480,427053,0
320000,2,2,2,-1,-1,-1,-1,-1,-1,324160,295866,226752,222278,224190,226836,10067,11000,5000,4519,2646,21457,-4160,24134,93248,97722,95810,93164,1465393,0
100000,1,4,2,-2,-2,-2,-2,-2,-2,3417,7366,12146,752,5931,7855,7400,12146,752,5931,7855,3966,96583,92634,87854,99248,94069,92145,-583,0
120000,2,4,2,1,2,2,2,2,2,68493,70275,68592,72525,73741,72440,3500,0,5700,3000,0,3000,51507,49725,51408,47475,46259,47560,410866,1
260000,1,4,2,-2,-2,-2,-2,-2,-2,18480,3958,-86,-86,17315,14961,3978,0,0,17401,15036,18207,241520,256042,260086,260086,242685,245039,-80,1
170000,1,4,2,-1,-1,-1,-1,-1,-1,13880,6367,9351,22222,20437,8744,6593,9361,22222,20437,8744,3620,156120,163633,160649,147778,149563,161256,10024,0
200000,1,4,2,-1,2,2,-2,-2,-2,450,450,0,0,0,0,0,0,0,0,0,0,199550,199550,200000,200000,200000,200000,900,0
110000,1,2,2,1,2,5,4,4,4,76817,89765,87486,90126,94687,97585,15200,0,5000,7000,5000,5000,33183,20235,22514,19874,15313,12415,499266,0
50000,1,4,2,-1,-1,-1,-1,-1,-1,5458,5175,12950,11188,12167,14873,1500,7956,3188,2200,7000,2810,44542,44825,37050,38812,37833,35127,37157,0
350000,2,4,2,-1,-1,-1,-1,-1,-1,10362,42541,10723,1310,7796,5225,42541,10723,1310,7796,0,0,339638,307459,339277,348690,342204,344775,15587,0
110000,1,4,2,-1,-1,-1,-2,-2,-2,14268,2491,0,0,0,0,2491,0,0,0,0,0,95732,107509,110000,110000,110000,110000,14268,0
240000,1,2,2,-1,-1,-1,-1,-1,-1,236823,241067,240998,244836,233036,237938,10279,10500,10581,8000,8500,9400,3177,-1067,-998,-4836,6964,2062,1377438,0
120000,2,2,2,2,-1,3,2,-1,-1,1248,1701,1551,1410,479,3158,1701,0,9,0,3158,0,118752,118299,118449,118590,119521,116842,4679,0
150000,1,4,2,-1,-1,-1,-1,-1,-1,18519,19926,18600,13551,20759,21200,3000,4003,2551,15579,11200,3575,131481,130074,131400,136449,129241,128800,72647,0
180000,2,2,2,-2,-2,-2,-2,-2,-2,10485,274,9333,26656,274,1624,274,9333,26656,274,1624,274,169515,179726,170667,153344,179726,178376,10211,1
200000,2,4,2,-1,-1,-1,-1,-2,-2,13112,13011,12000,0,0,0,13011,12000,0,0,0,107918,186888,186989,188000,200000,200000,200000,-94806,0
250000,1,4,2,-1,-1,-2,-1,-1,-1,16317,0,0,188841,194321,198156,0,0,188841,8500,8000,7080,233683,250000,250000,61159,55679,51844,385214,0
350000,1,2,2,-1,-1,-1,2,-1,-1,326,326,652,326,3817,2802,326,652,0,3817,2802,0,349674,349674,349348,349674,346183,347198,652,0
200000,2,2,2,-2,-2,-2,-2,-2,-2,0,0,0,0,0,0,0,0,0,0,0,0,200000,200000,200000,200000,200000,200000,0,0
30000,2,2,2,-1,-1,-1,-1,-1,-1,25239,26847,26319,26868,25345,26781,3000,3000,2000,3304,2000,3000,4761,3153,3681,3132,4655,3219,141095,0
150000,2,2,3,-1,-1,-1,-1,-1,-1,141292,131970,136267,138934,140315,139258,4719,6419,6436,5113,5210,5549,8708,18030,13733,11066,9685,10742,794590,0
380000,3,2,3,1,-2,-1,-1,-1,-1,0,0,224,4034,0,2062,0,224,4034,0,2062,0,380000,380000,379776,375966,380000,377938,0,0
180000,2,2,3,-1,-1,-1,-1,-1,-1,176424,164745,168208,171667,175219,173597,5896,6117,6268,6445,6379,6300,3576,15255,11792,8333,4781,6403,992455,0
20000,2,2,2,1,2,2,2,-1,-1,16335,15780,18411,17809,18009,16595,0,3200,0,765,700,774,3665,4220,1589,2191,1991,3405,97500,1
100000,1,2,3,1,2,-1,-1,-1,2,103307,97590,99560,95952,98744,97896,0,4700,4400,6000,2000,4000,-3307,2410,440,4048,1256,2104,571949,1
300000,2,4,2,-1,-1,-1,-1,-1,-1,8310,2592,77000,78718,80908,90495,2592,77000,3000,3500,11100,0,291690,297408,223000,221282,219092,209505,240831,0
450000,1,4,2,1,-2,-1,-1,-1,-2,5909,964,613,1797,679,10643,968,615,1834,682,10697,30451,444091,449036,449387,448203,449321,439357,-24642,0
220000,2,2,2,2,2,2,2,-1,-1,29202,30420,32222,32983,34031,36321,2000,2600,1600,1600,3000,0,190798,189580,187778,187017,185969,183679,184379,1
500000,2,2,2,-1,-1,-1,-1,-1,-1,58448,60182,67153,64079,64120,61295,5000,10000,5169,2322,5174,0,441552,439818,432847,435921,435880,438705,347612,0
200000,3,4,3,-2,-2,-2,-2,-2,-2,0,10221,1356,0,984,134,10221,1356,0,984,134,81,200000,189779,198644,200000,199016,199866,-81,0
80000,2,2,2,1,2,2,2,-1,-1,78959,76699,81477,79035,28503,29711,0,6800,0,1000,2000,1500,1041,3301,-1477,965,51497,50289,363084,1
430000,1,2,3,-2,-2,-2,-2,-2,-2,9270,43717,4153,4196,447,0,43717,4153,4196,447,0,3566,420730,386283,425847,425804,429553,430000,5704,0
200000,2,2,3,-2,-2,-2,-2,-2,-2,1521,-5,-5,-5,-5,1028,0,0,0,0,1033,12857,198479,200005,200005,200005,200005,198972,-11361,0
90000,1,2,2,-1,-1,-1,-1,-1,-1,3860,1770,2135,316,3491,1716,1826,2150,316,3491,1716,2706,86140,88230,87865,89684,86509,88284,1083,0
200000,1,2,2,-1,-1,-1,-1,-1,-1,4891,28258,14712,5216,6317,6207,28258,14712,5229,6317,6207,5464,195109,171742,185288,194784,193683,193793,-586,0
60000,2,2,3,-1,-1,-1,-1,-1,-1,9253,56120,57614,58699,57302,51812,50000,3000,2700,3000,3000,3000,50747,3880,2386,1301,2698,8188,226100,0
250000,1,4,2,-2,-2,-2,-1,-1,-1,2200,0,0,124832,7984,1500,0,0,124832,7984,1500,12674,247800,250000,250000,125168,242016,248500,-10474,0
200000,1,2,3,-1,-1,-1,-1,-1,-1,9141,9046,9635,10197,10118,10535,1138,1157,1149,500,1000,1000,190859,190954,190365,189803,189882,189465,52728,0
360000,2,4,3,-2,-1,2,2,-2,-2,0,2500,2500,0,0,0,2500,0,0,0,0,0,360000,357500,357500,360000,360000,360000,2500,0
200000,1,4,2,-1,-1,-1,-1,-1,-1,196304,195766,195191,182027,139901,135720,9000,8939,8099,5000,5000,5000,3696,4234,4809,17973,60099,64280,1003871,0
500000,2,4,3,-2,-2,-2,-2,-2,-2,6305,5692,1556,2080,4403,3405,6332,1742,2080,4409,3405,0,493695,494308,498444,497920,495597,496595,5473,0
200000,1,2,2,-1,-1,-1,-1,-1,-1,185155,180069,179899,170716,164553,165326,6500,8000,7520,6000,6100,7500,14845,19931,20101,29284,35447,34674,1004098,0
230000,1,4,3,-1,-1,-1,-1,-1,-1,230101,224517,223544,147971,61570,80279,10125,12966,5506,1623,80000,105451,-101,5483,6456,82029,168430,149721,752311,0
50000,3,2,2,-1,-1,-1,-1,-1,-1,389,25352,25998,26579,26710,26871,25742,1435,1406,927,952,966,49611,24648,24002,23421,23290,23129,100471,0
260000,1,2,2,-1,-1,-1,-1,-1,-1,16995,12947,31394,26254,6522,0,3087,33000,2000,6522,0,5320,243005,247053,228606,233746,253478,260000,44183,0
140000,1,2,2,-1,-1,-1,-1,-1,-1,27942,29472,30579,31227,34898,35528,2000,1600,2000,5000,2000,30000,112058,110528,109421,108773,105102,104472,147046,0
320000,2,4,2,-1,-1,-1,-1,-1,-1,125567,125782,118294,119014,120567,128642,6831,12000,6700,5000,10000,0,194433,194218,201706,200986,199433,191358,697335,0
50000,2,2,2,-1,-1,-1,-1,-1,-1,48651,48939,49204,46415,28453,29094,2200,1739,9500,1500,1210,1000,1349,1061,796,3585,21547,20906,233607,0
150000,2,2,2,-2,-2,-2,-2,-2,-2,-10,8846,6731,0,1800,0,8856,6731,0,1800,0,0,150010,141154,143269,150000,148200,150000,-20,1
160000,1,2,2,-1,-1,-1,-1,-1,-1,1714,2845,3342,171,1770,837,2845,1000,171,1770,837,299,158286,157155,156658,159829,158230,159163,3757,0
500000,2,2,3,-1,-1,-1,-1,-1,-1,374802,355323,352868,353297,377371,365278,14000,14500,13000,13000,15000,15000,125198,144677,147132,146703,122629,134722,2094439,0
350000,1,2,3,-2,-2,-2,-2,-2,-2,8544,0,0,0,8631,277,0,0,0,8631,277,7545,341456,350000,350000,350000,341369,349723,999,0
230000,3,4,3,-1,-1,-1,-1,-1,-1,3096,518,4988,3528,3642,14073,518,5003,3528,3642,14073,1485,226904,229482,225012,226472,226358,215927,1596,1
200000,2,2,2,-1,-1,-1,-1,-1,-1,2485,3788,5512,1986,2504,13484,3798,5512,1996,2504,13484,10075,197515,196212,194488,198014,197496,186516,-7610,0
500000,2,4,2,-1,-1,-1,-1,-1,-1,229332,161360,117606,18343,15737,203291,7400,6000,1889,3781,208122,6084,270668,338640,382394,481657,484263,296709,512393,0
130000,1,4,2,-1,-1,-1,-1,-1,-1,76589,77387,78995,80190,79920,80972,3400,4200,4500,3000,3200,3000,53411,52613,51005,49810,50080,49028,452753,0
290000,2,4,2,-1,-1,-1,-1,-1,-1,25530,37737,29636,24104,33814,32530,15035,1539,1290,10000,5000,3000,264470,252263,260364,265896,256186,257470,147487,0
210000,2,4,2,-1,-1,-1,-1,-1,-1,73415,76188,78276,81246,78971,80359,4002,4000,4323,3501,3000,2700,136585,133812,131724,128754,131029,129641,446929,0
240000,1,4,2,-1,-1,-1,-1,-1,-1,330,3152,5400,3799,574,4899,3152,5416,3799,577,4899,1450,239670,236848,234600,236201,239426,235101,-1139,0
80000,2,2,2,-2,-2,-2,-2,-2,-2,6746,556,556,2904,556,4226,556,556,2904,556,4226,3683,73254,79444,79444,77096,79444,75774,3063,0
150000,1,4,2,-1,-1,-1,-1,-1,2,127204,247984,125502,129589,133145,139322,5900,5000,6163,7200,10500,4900,22796,-97984,24498,20411,16855,10678,863083,1
200000,4,2,2,-2,-2,-2,-2,-2,-2,500,0,0,0,0,0,0,0,0,0,0,0,199500,200000,200000,200000,200000,200000,500,0
110000,2,4,2,2,2,-2,-2,-2,-2,112900,0,0,0,0,0,0,0,0,0,0,0,-2900,110000,110000,110000,110000,110000,112900,1
320000,3,2,2,-1,-1,-1,-1,-1,2,71047,19161,19829,17692,15648,15255,2000,1300,1600,2500,0,1000,248953,300839,300171,302308,304352,304745,150232,0
340000,1,4,2,-1,-1,-1,-1,-1,-1,20624,20651,16308,21065,20581,15936,8641,16400,15000,15000,10000,10000,319376,319349,323692,318935,319419,324064,40124,0
380000,2,2,3,1,-2,-2,-1,-1,-1,0,0,0,2039,0,4481,0,0,2039,0,4481,312,380000,380000,380000,377961,380000,375519,-312,0
150000,1,2,3,-1,-1,-1,-1,-1,-1,6940,6200,6962,9301,9266,6441,6200,6962,9301,9266,6441,6706,143060,143800,143038,140699,140734,143559,234,0
500000,1,4,2,-2,-2,-2,-2,-2,-2,747,0,0,989,0,0,0,0,989,0,0,880,499253,500000,500000,499011,500000,500000,-133,0
500000,2,2,3,-2,-2,-2,-2,-2,-2,12871,5177,4199,7507,4696,58292,5177,4199,7507,4696,58292,36000,487129,494823,495801,492493,495304,441708,-23129,0
370000,2,2,3,-2,-2,-2,-2,-2,-2,0,1742,0,0,0,0,1742,0,0,0,0,0,370000,368258,370000,370000,370000,370000,0,0
360000,2,2,3,-2,-2,-2,-2,-2,-2,8736,969,6083,9852,27210,1765,974,6120,9901,27352,1768,2111,351264,359031,353917,350148,332790,358235,6389,0
300000,2,2,2,-2,-2,-2,-2,-2,-2,2022,537,142,656,620,502,537,142,656,620,502,142,297978,299463,299858,299344,299380,299498,1880,0
150000,2,4,2,-2,-2,-2,-2,-2,-2,0,0,596,22131,0,1596,0,596,22131,1980,1596,4617,150000,150000,149404,127869,150000,148404,-6597,0
210000,1,2,2,-2,-2,-2,-2,-2,-2,-81,-81,-81,-81,-81,-81,0,0,0,0,0,0,210081,210081,210081,210081,210081,210081,-486,0
280000,1,2,2,-2,-2,-2,-2,-2,-2,1397,0,136,0,0,350,0,136,0,0,350,297,278603,280000,279864,280000,280000,279650,1100,0
230000,2,2,3,-2,-2,-2,-2,-1,-1,14029,9035,11979,6667,11972,8654,9140,12039,6700,11988,22,8910,215971,220965,218021,223333,218028,221346,13537,0
360000,2,4,2,-1,-1,-1,-1,-1,-1,292725,296679,301181,303398,289602,289457,10638,11115,10700,9820,9902,9910,67275,63321,58819,56602,70398,70543,1710957,0
230000,2,2,3,-1,-1,-1,-1,-1,-1,1215,225,5703,6560,11560,0,525,5703,1000,5000,0,7790,228785,229775,224297,223440,218440,230000,5245,0
450000,2,2,3,-2,-2,-2,-2,-2,-2,8521,15934,7266,8331,8188,10455,16080,7299,8364,8266,10505,7268,441479,434066,442734,441669,441812,439545,913,0
240000,1,4,2,2,-1,-1,-1,-1,-1,5488,1788,2840,3750,4750,-10,1700,1090,1000,1000,0,0,234512,238212,237160,236250,235250,240010,13816,1
300000,1,4,3,-1,-1,-2,-2,-2,-2,5770,0,0,0,0,0,0,0,0,0,0,0,294230,300000,300000,300000,300000,300000,5770,0
240000,2,2,2,-1,-1,-1,-1,-1,-1,197231,185901,189190,193018,188593,179309,6702,7000,7000,6500,6600,6230,42769,54099,50810,46982,51407,60691,1093210,0
230000,2,2,2,-1,-1,-1,-1,-1,-1,1054,2869,5567,2622,5550,7446,2000,3000,2000,3000,2000,3000,228946,227131,224433,227378,224450,222554,10108,1
230000,1,4,3,-1,-1,-1,-1,-1,-1,12731,6684,10834,28540,56660,46213,7000,15000,29000,30000,0,5000,217269,223316,219166,201460,173340,183787,75662,0
240000,2,2,3,-1,-1,-1,-1,-1,-1,3204,4888,0,1197,46834,0,4888,0,1197,46834,0,5252,236796,235112,240000,238803,193166,240000,-2048,1
160000,1,4,2,-2,-2,-2,-2,-2,-2,0,300,0,0,821,0,300,0,0,821,0,0,160000,159700,160000,160000,159179,160000,0,0
360000,4,2,2,-1,-1,-1,-1,-1,-1,3102,552,31029,7731,1154,799,552,31051,7731,0,799,3238,356898,359448,328971,352269,358846,359201,996,0
160000,1,2,3,-1,-1,-1,-1,-1,-1,169867,126973,88072,88783,79684,78656,3360,92532,2859,2638,3000,2584,-9867,33027,71928,71217,80316,81344,525062,0
10000,2,2,3,-1,-1,-1,-1,-1,-1,8710,9601,8810,7637,6307,4877,1200,1172,1000,500,400,3000,1290,399,1190,2363,3693,5123,38670,0
430000,1,4,2,-1,-1,-1,-1,-1,-1,590,590,590,590,590,590,590,590,590,590,590,590,429410,429410,429410,429410,429410,429410,0,0
80000,1,2,2,1,2,2,2,-1,-1,21340,22389,23017,22349,22791,23331,1700,1280,0,814,905,30331,58660,57611,56983,57651,57209,56669,100187,0
310000,1,2,2,-1,-1,-1,-1,-1,-1,3803,678,3050,9080,4990,4940,681,3072,9100,23,4964,1676,306197,309322,306950,300920,305010,305060,7025,0
150000,3,2,3,-1,-1,-1,-1,-1,-2,20934,21364,21196,21715,0,0,1500,1500,1000,0,0,0,129066,128636,128804,128285,150000,150000,81209,0
200000,2,2,3,-1,-1,-2,-1,-1,-2,2893,0,230,2059,0,0,0,230,2059,0,0,0,197107,200000,199770,197941,200000,200000,2893,0
210000,1,2,3,-1,-1,-1,-1,-1,-1,360,360,1234,722,1326,360,360,1234,722,1326,0,2388,209640,209640,208766,209278,208674,209640,-1668,0
400000,2,4,3,-2,-2,-2,-2,-2,-2,15000,18400,15000,492,14926,7626,18400,15000,492,15000,7725,3000,385000,381600,385000,399508,385074,392374,11827,0
80000,2,2,3,-1,-1,-1,-1,-1,-1,2667,2035,32194,1729,590,9628,2035,32194,1729,590,9628,16059,77333,77965,47806,78271,79410,70372,-13392,0
160000,2,2,3,-1,-1,-1,-1,-1,-1,34186,35186,36512,36382,37105,38034,1569,1895,1606,1329,1528,1600,125814,124814,123488,123618,122895,121966,207878,0
170000,2,2,3,-1,-1,-1,-1,-1,-1,17914,1253,4427,1459,24511,1163,1253,4427,1459,24511,1163,2821,152086,168747,165573,168541,145489,168837,15093,0
240000,2,2,3,-2,-2,-2,-2,-2,-2,5366,-34,6911,611,2631,4583,0,6945,614,2634,4606,6242,234634,240034,233089,239389,237369,235417,-973,0
300000,2,2,2,2,2,-1,-1,-1,-1,279065,273067,278910,283920,253113,246560,0,10638,10569,8809,8883,9960,20935,26933,21090,16080,46887,53440,1565776,1
90000,2,2,3,2,2,-1,-1,-1,-1,1654,827,827,2040,1279,1292,0,827,2040,1279,1292,1378,88346,89173,89173,87960,88721,88708,1103,0
180000,2,2,2,-1,-1,-1,-1,-1,-1,11285,11781,13613,8401,1859,429,11798,13694,8401,1859,429,946,168715,168219,166387,171599,178141,179571,10241,0
210000,2,2,3,-1,-1,-1,-1,-1,-1,1417,-3,355,12816,0,102,0,358,12816,0,102,210,208583,210003,209645,197184,210000,209898,1201,0
300000,1,2,3,1,-2,-2,-2,-1,3,-694,-694,0,0,694,394,0,694,0,694,0,0,300694,300694,300000,300000,299306,299606,-1688,0
240000,1,4,2,3,2,2,2,2,2,164691,167489,170329,173033,175678,179707,7000,7000,7000,7000,7000,7000,75309,72511,69671,66967,64322,60293,988927,1
170000,1,2,3,-2,-2,-2,-2,-2,-2,0,0,0,0,0,0,0,0,0,0,0,0,170000,170000,170000,170000,170000,170000,0,0
50000,1,4,2,-1,-1,-1,-1,-1,-1,43886,50411,9688,857,3810,4741,2500,7026,1000,3000,1000,1000,6114,-411,40312,49143,46190,45259,97867,0
50000,2,2,2,-1,-1,-1,-1,-1,-1,45989,47302,48330,47763,48578,49015,2081,2109,2049,1864,1923,1882,4011,2698,1670,2237,1422,985,275069,0
230000,1,4,2,-1,-1,-1,-2,-2,-2,900,1945,0,0,0,0,1945,0,0,0,0,1720,229100,228055,230000,230000,230000,230000,-820,0
310000,1,2,2,-1,-1,-1,-1,-1,-1,270776,263983,215686,186680,82775,107595,11080,8054,7037,2010,50186,2011,39224,46017,94314,123320,227225,202405,1047117,0
150000,3,4,2,1,-1,-1,-1,-1,-2,0,200,708,1201,0,0,200,708,1201,0,0,0,150000,149800,149292,148799,150000,150000,0,0
200000,1,4,2,-2,-1,-1,-1,-1,-1,0,185,1916,0,150,1348,185,1916,0,150,1348,1000,200000,199815,198084,200000,199850,198652,-1000,0
80000,2,4,2,2,2,2,-1,-1,-1,129966,123747,106582,94318,113474,57324,9685,0,3659,13500,2078,2152,-49966,-43747,-26582,-14318,-33474,22676,594337,1
500000,1,2,2,-2,-2,-2,-2,-2,-2,6757,9505,12171,11345,28731,67206,9505,12176,11564,29321,67206,8602,493243,490495,487829,488655,471269,432794,-2659,0
20000,2,2,3,-1,-1,2,2,2,2,15379,17802,19212,18608,19604,19155,3000,2000,0,1600,0,1600,4621,2198,788,1392,396,845,101560,1
20000,3,2,3,-1,-1,2,2,2,2,11691,14179,13662,15518,14972,16925,3000,0,2088,0,2200,0,8309,5821,6338,4482,5028,3075,79659,1
150000,1,4,2,-2,-2,-2,-2,-2,-2,0,0,0,0,0,0,0,0,0,0,0,0,150000,150000,150000,150000,150000,150000,0,1
100000,4,4,2,-1,-1,-1,-1,-1,-1,91674,91348,87244,23181,7721,3219,5004,3811,3002,4000,3219,1864,8326,8652,12756,76819,92279,96781,283487,0
210000,3,2,3,-2,-2,-2,-2,-2,-2,11771,13462,17706,0,5646,14793,13462,17706,0,5646,14793,7376,198229,196538,192294,210000,204354,195207,4395,1
300000,2,2,3,1,-2,-2,-2,-2,-2,0,0,0,0,0,0,0,0,0,0,0,0,300000,300000,300000,300000,300000,300000,0,0
80000,2,4,2,1,2,-1,2,2,2,7604,7320,150,150,800,650,0,150,0,650,0,500,72396,72680,79850,79850,79200,79350,15374,1
410000,1,4,2,-1,-1,-1,-1,-1,-1,134072,133604,133882,135954,134250,129971,15003,15877,30000,14250,9971,27380,275928,276396,276118,274046,275750,280029,689252,0
90000,3,2,2,-1,-1,-1,-1,-1,-1,79642,79001,18318,18982,19371,19608,1580,19789,1295,1000,849,1000,10358,10999,71682,71018,70629,70392,209409,0
270000,2,2,3,-1,-1,-1,-1,-1,-1,135068,102743,100360,97583,91849,94824,5000,7000,4049,1000,5003,0,134932,167257,169640,172417,178151,175176,600375,0
360000,2,2,3,-1,-1,-1,-1,-1,-1,270553,255348,262153,260025,169474,130705,10900,12500,12500,7000,5000,5200,89447,104652,97847,99975,190526,229295,1295158,0
230000,3,2,2,-1,-1,-1,-1,-1,-1,67810,61602,48294,49242,48831,51125,1980,1823,1771,1896,3232,2026,162190,168398,181706,180758,181169,178875,314176,0
150000,2,4,3,-1,-1,-1,-2,-2,-1,97066,95040,0,0,0,217,2000,0,0,0,217,2972,52934,54960,150000,150000,150000,149783,187134,0
150000,2,4,3,2,2,-1,-1,-1,-1,168179,159008,157164,155109,153033,156636,0,5684,5538,5410,11000,0,-18179,-9008,-7164,-5109,-3033,-6636,921497,1
350000,2,2,3,-2,-2,-2,-2,-2,-1,2124,3027,2448,4590,0,430,3048,2460,4616,0,430,430,347876,346973,347552,345410,350000,349570,1635,0
210000,3,4,3,-1,-1,-1,-2,-2,-2,7605,1170,0,0,0,0,1170,0,0,0,0,3015,202395,208830,210000,210000,210000,210000,4590,0
130000,3,2,3,-1,-1,-1,-1,-1,-1,40331,43929,45816,47018,48550,49737,5000,3390,3000,3000,1955,3000,89669,86071,84184,82982,81450,80263,256036,0
500000,1,2,3,-2,-2,-2,-2,-2,-2,27936,2305,9073,5714,31868,3663,2305,9083,6105,31868,3663,8110,472064,497695,490927,494286,468132,496337,19425,0
280000,2,2,3,2,-1,-1,-1,-1,-1,9511,35852,36875,75016,38304,27383,35852,1467,1200,1792,15137,0,270489,244148,243125,204984,241696,252617,167493,1
450000,1,2,2,-2,-2,-2,-2,-2,-2,8494,24178,5307,118852,11489,26518,25128,5318,118877,11489,26518,3575,441506,425822,444693,331148,438511,423482,3933,0
200000,2,4,3,-1,-1,-1,-1,-1,-1,120343,121198,123834,136629,139504,142269,4342,4593,14955,5143,5166,5349,79657,78802,76166,63371,60496,57731,744229,0
290000,2,2,2,-1,-1,-1,-1,-1,-1,53437,44037,5441,7371,38832,41955,1274,1200,2033,38832,3900,188423,236563,245963,284559,282629,251168,248045,-44589,0
170000,2,2,2,1,-2,-2,-2,-2,-2,0,0,0,0,0,0,0,0,0,0,0,0,170000,170000,170000,170000,170000,170000,0,0
380000,2,2,2,-1,-1,-1,-1,-1,-1,307388,280090,249018,252496,253331,238051,12936,9190,9000,8100,8100,8000,72612,99910,130982,127504,126669,141949,1525048,0
180000,1,4,2,1,-2,-2,-2,-2,-2,-18,-18,-18,-18,-18,-18,0,0,0,0,0,0,180018,180018,180018,180018,180018,180018,-108,1
280000,1,4,2,-1,-1,-1,-1,-1,-1,6494,28723,9432,3472,3472,10237,28723,9432,3472,3472,10237,12129,273506,251277,270568,276528,276528,269763,-5635,0
200000,2,2,2,-2,-2,-2,-2,-2,-2,2167,9003,1301,7066,3486,12191,9003,1301,7070,3688,12191,4760,197833,190997,198699,192934,196514,187809,-2799,0
220000,2,2,3,1,-2,-2,-2,-2,-2,8359,14447,6791,6495,5093,5503,14518,6835,6535,5118,5529,10026,211641,205553,213209,213505,214907,214497,-1873,0
240000,1,2,2,2,2,2,2,2,2,107425,109678,111948,112626,113988,116315,5500,5500,4000,4700,4300,4500,132575,130322,128052,127374,126012,123685,643480,1
470000,2,4,3,-2,-2,-2,-2,-2,-2,5631,404,-3,-3,352,0,404,0,0,355,0,2090,464369,469596,470003,470003,469648,470000,3532,0
280000,1,4,2,-1,-1,-1,-1,-1,-1,10089,38936,7444,4858,2309,8925,40000,8069,5005,2400,9000,7678,269911,241064,272556,275142,277691,271075,409,0
200000,1,4,3,-2,-2,-2,-2,-2,-2,-109,-109,-109,-109,-109,-109,0,0,0,0,0,0,200109,200109,200109,200109,200109,200109,-654,1
20000,3,2,3,1,2,2,-1,-1,2,8131,9042,8753,9916,10793,10400,1200,0,1316,1193,0,0,11869,10958,11247,10084,9207,9600,53326,0
20000,2,4,2,-1,-1,-1,-1,-1,-1,18649,19727,20330,20199,19609,19957,1700,2000,1200,0,348,0,1351,273,-330,-199,391,43,113223,0
290000,1,4,2,-1,-1,-1,-1,-1,-1,1915,6136,0,28642,4098,19024,6151,0,28642,0,19426,0,288085,283864,290000,261358,285902,270976,5596,0
20000,1,2,2,1,-2,-1,2,2,-2,-113,-113,10887,10413,-245,-245,1575,11000,0,0,0,5100,20113,20113,9113,9587,20245,20245,2909,1
150000,1,2,2,-2,-2,-2,-2,-2,-2,1544,463,1481,21640,2636,4346,463,1481,21643,2636,4346,0,148456,149537,148519,128360,147364,145654,1541,0
160000,2,2,2,-2,-2,-2,-2,-2,-2,-20,-20,3640,2935,1603,14129,0,3660,3135,1650,14200,1500,160020,160020,156360,157065,158397,145871,-1878,1
360000,1,2,2,-2,-2,-2,-2,-2,-2,0,0,0,0,0,0,0,0,0,0,0,0,360000,360000,360000,360000,360000,360000,0,1
160000,2,2,3,1,2,-1,-1,-1,-1,99496,97013,98427,102250,102734,104901,0,3879,5459,3675,3821,8256,60504,62987,61573,57750,57266,55099,579731,0
400000,1,2,2,-1,-1,-1,-1,-1,-1,229714,222726,162828,131433,126929,122492,11477,8000,4553,3600,3546,3864,170286,177274,237172,268567,273071,277508,961082,0
180000,2,4,2,-1,-1,-1,2,2,-1,14222,14701,17322,13137,0,2293,1300,2902,3047,0,2293,2000,165778,165299,162678,166863,180000,177707,50133,0
120000,2,2,2,-1,-1,-1,-1,-1,-1,111441,113869,116110,111978,112822,114969,5596,5498,5500,4000,4300,5012,8559,6131,3890,8022,7178,5031,651283,0
200000,2,4,2,-2,-2,-2,-2,-2,-2,1502,3806,0,4573,1242,0,3836,0,4573,1242,0,3239,198498,196194,200000,195427,198758,200000,-1767,0
210000,1,2,2,-1,-1,-1,-1,-1,-1,5907,2615,1220,5357,4160,0,2637,1220,5357,4160,0,0,204093,207385,208780,204643,205840,210000,5885,0
70000,3,2,3,2,2,2,2,2,2,62775,64139,65516,65945,66267,68549,3000,3000,2100,2000,3500,800,7225,5861,4484,4055,3733,1451,378791,1
110000,2,2,2,-1,-1,-1,-1,-1,-1,195437,176420,63142,39854,9293,-1288,5000,10000,5048,2000,39958,52000,-85437,-66420,46858,70146,100707,111288,368852,1
30000,3,4,3,2,2,2,-1,-1,2,11652,12461,11970,12981,14077,14367,1300,0,1214,1310,660,0,18348,17539,18030,17019,15923,15633,73024,1
40000,3,2,3,-1,-1,2,-1,-1,-1,50,1850,1056,1875,299,0,1800,0,1000,299,0,0,39950,38150,38944,38125,39701,40000,2031,0
310000,1,2,3,-1,2,-1,-1,-1,-1,3640,1094,9445,5202,14589,11673,0,9453,5206,14589,0,16563,306360,308906,300555,304798,295411,298327,-168,0
200000,2,2,3,-1,-1,-1,-1,-1,-1,5592,0,1306,1623,620,849,0,1306,1679,620,849,1264,194408,200000,198694,198377,199380,199151,4272,0
230000,2,2,2,-1,-1,-2,-2,-2,-2,24510,0,0,0,0,0,0,0,0,0,0,0,205490,230000,230000,230000,230000,230000,24510,0
450000,1,2,2,-2,-2,-2,-2,-2,-2,3485,2989,2278,4714,768,1069,3004,2289,4737,771,1074,370,446515,447011,447722,445286,449232,448931,3058,0
80000,2,4,2,-1,-1,-1,2,-1,-1,40570,41873,88361,43671,44541,47421,1983,4100,0,1596,3600,0,39430,38127,-8361,36329,35459,32579,295158,0
210000,2,4,3,-1,-1,-1,-1,-1,-1,209781,180962,181870,159975,138349,112371,6500,6601,5085,4087,4220,27704,219,29038,28130,50025,71651,97629,929111,0
130000,2,6,3,-1,-1,-1,2,-1,-1,1778,0,109,109,109,0,0,109,0,0,0,0,128222,130000,129891,129891,129891,130000,1996,0
500000,1,2,3,-2,-1,-1,-1,-1,-1,1088,4007,9933,14557,53328,58052,4031,10021,14576,53850,58332,37616,498912,495993,490067,485443,446672,441948,-37461,0
180000,2,2,2,-1,2,2,-1,-1,-1,7098,4089,0,8941,5181,5181,0,0,8941,0,0,0,172902,175911,180000,171059,174819,174819,21549,1
340000,1,2,2,1,-1,-1,-1,-1,-1,0,544,4881,717,3785,10911,544,4881,717,3785,10911,10226,340000,339456,335119,339283,336215,329089,-10226,0
450000,1,4,2,-1,-1,-1,-1,-1,-1,37070,17596,24965,0,1649,5212,17596,24965,0,1649,5212,535,412930,432404,425035,450000,448351,444788,36535,0
80000,3,2,3,-1,-1,-1,-1,-1,-1,61267,61300,61001,58759,58212,56534,2179,2226,2004,2132,2030,2057,18733,18700,18999,21241,21788,23466,344445,0
150000,3,4,3,-1,-1,-1,-1,-1,-1,2934,2843,1445,2130,796,2470,2843,1445,2288,938,2470,1073,147066,147157,148555,147870,149204,147530,1561,0
210000,1,2,3,1,-2,-2,-2,-2,-2,0,0,0,0,0,0,0,0,0,0,0,0,210000,210000,210000,210000,210000,210000,0,0
380000,2,4,2,-1,-1,-1,-1,-1,-1,250755,212839,173199,165476,122496,117726,8339,7032,7986,4170,4205,9335,129245,167161,206801,214524,257504,262274,1001424,0
400000,2,2,3,-1,-1,-1,-1,-1,-1,43405,39802,37115,39907,35061,35969,15000,15000,10000,15000,20000,20000,356595,360198,362885,360093,364939,364031,136259,0
80000,3,2,4,-2,-2,-2,-2,-2,-2,210,-2,926,-1,401,0,0,928,0,402,0,0,79790,80002,79074,80001,79599,80000,204,0
240000,1,2,3,-2,-2,-2,-2,-2,-2,2771,4756,3496,4708,1522,2407,4756,3496,4708,1522,2407,1576,237229,235244,236504,235292,238478,237593,1195,0
120000,2,2,4,-1,-1,-1,-1,-1,-1,118492,119637,102228,75558,47536,44749,6141,4474,2647,1367,1322,1500,1508,363,17772,44442,72464,75251,490749,0
60000,3,2,5,-1,-1,-1,-1,-1,-1,59471,59021,49580,38140,29843,27719,2400,1940,1477,1025,1006,1261,529,979,10420,21860,30157,32281,254665,0
360000,1,4,4,-1,-1,-1,-1,-1,-1,132387,11590,70460,67357,71713,27399,11606,70579,10022,20000,27399,71429,227613,348410,289540,292643,288287,332601,169871,0
50000,2,2,4,2,2,2,2,2,2,27525,28669,28569,30097,29858,31229,1900,650,2300,550,2000,0,22475,21331,21431,19903,20142,18771,168547,1
360000,3,2,4,-1,-1,-1,-1,-1,-1,846,1831,2776,0,44110,0,1831,2776,0,44110,0,2103,359154,358169,357224,360000,315890,360000,-1257,1
30000,3,2,4,-1,-1,2,2,2,-1,22373,25363,23582,21422,18302,16527,3400,1400,1000,700,1000,488,7627,4637,6418,8578,11698,13473,119581,0
500000,1,2,4,-2,-2,-1,-1,-1,-1,1200,0,3609,4053,0,4487,0,3609,4053,0,4487,638,498800,500000,496391,495947,500000,495513,562,0
20000,2,2,4,3,2,3,2,2,2,6329,8488,8212,7931,8797,8514,2415,0,0,1000,0,500,13671,11512,11788,12069,11203,11486,44356,1
90000,2,2,4,-1,-1,-1,-1,-1,-1,1160,4701,13878,6556,2947,4808,4701,13882,6556,2947,4808,3131,88840,85299,76122,83444,87053,85192,-1975,0
80000,3,2,4,-1,-1,-1,-1,-1,-1,59838,63860,59515,48444,44372,45412,10000,5000,4000,4851,3000,2200,20162,16140,20485,31556,35628,34588,292390,0
100000,3,4,4,1,2,2,2,-1,-1,66212,64021,66362,61417,57893,58212,0,6700,60,2200,2500,2300,33788,35979,33638,38583,42107,41788,360357,0
120000,1,2,4,-1,-1,-1,-1,-1,-1,82865,82741,62914,60584,61412,55572,3652,1258,60584,1228,0,0,37135,37259,57086,59416,58588,64428,339366,0
100000,3,6,4,1,-2,-2,-2,-2,-2,0,0,0,0,0,0,0,0,0,0,0,0,100000,100000,100000,100000,100000,100000,0,1
150000,2,2,4,-1,-1,-1,-1,-1,-1,146018,147598,148393,149709,107862,108623,7000,7600,6000,4000,4100,4300,3982,2402,1607,291,42138,41377,775203,0
10000,2,2,4,1,2,-1,-1,-1,-1,9151,8855,9828,8637,8808,8995,0,1133,1144,315,329,363,849,1145,172,1363,1192,1005,50990,0
50000,3,2,4,1,-2,-2,-1,-1,-1,0,0,0,831,138,658,0,0,831,138,658,0,50000,50000,50000,49169,49862,49342,0,0
490000,1,2,4,-2,-2,-2,-2,-2,-2,1700,8913,0,400,4186,6205,8913,0,400,4186,6205,2025,488300,481087,490000,489600,485814,483795,-325,0
50000,3,4,4,-1,-1,-1,-1,-1,-1,47670,48447,49493,48497,18930,19329,1954,2000,20567,1000,664,1000,2330,1553,507,1503,31070,30671,205181,0
340000,2,2,4,-1,-1,-1,-1,-1,-1,16729,8942,10301,20793,14817,4614,8942,10321,20793,14817,4614,7005,323271,331058,329699,319207,325183,335386,9704,0
240000,3,2,4,-1,-1,-1,-1,-1,-1,225614,232072,204121,171051,175416,179754,10473,8000,30000,6000,6000,20000,14386,7928,35879,68949,64584,60246,1107555,0
50000,3,2,4,2,2,2,2,2,2,40926,43236,45250,46003,44193,44838,3000,3000,1800,0,1500,2300,9074,6764,4750,3997,5807,5162,252846,1
500000,2,2,4,-1,-1,-1,2,-1,-1,290301,296479,306661,306438,298068,293489,11000,15000,10000,10003,10000,11000,209699,203521,193339,193562,201932,206511,1724433,0
410000,2,2,4,-1,-1,-1,-1,-1,-1,249152,246659,248934,246011,240845,213767,9000,11000,10000,7500,8000,8000,160848,163341,161066,163989,169155,196233,1391868,0
280000,2,2,5,-1,-1,2,-1,-1,-1,22715,37818,35497,30164,7164,7164,15506,17,3364,0,0,0,257285,242182,244503,249836,272836,272836,121635,0
240000,2,4,4,-1,-1,-1,-1,-1,-1,230026,239796,231230,196471,190004,161867,20000,12000,7000,8000,6000,6205,9974,204,8770,43529,49996,78133,1190189,0
20000,1,4,4,-1,-1,-1,-1,-1,-1,17016,17909,18298,18761,17781,10674,1568,1737,1200,0,0,0,2984,2091,1702,1239,2219,9326,95934,0
100000,2,2,4,2,2,2,2,2,2,44400,47439,48385,49285,50176,51228,4100,2000,2000,2000,2000,0,55600,52561,51615,50715,49824,48772,278813,1
290000,2,2,4,-1,-1,-1,-1,-1,-1,276377,282814,288983,203517,208435,212674,12880,13000,8000,8600,9000,4000,13623,7186,1017,86483,81565,77326,1417320,0
100000,3,4,4,-1,-1,-1,2,-1,-1,82397,84027,88734,86369,89994,89681,3004,7500,0,5001,3390,4000,17603,15973,11266,13631,10006,10319,498307,0
270000,2,2,5,-1,-1,-1,-1,-1,-1,157,0,2521,5145,8422,6374,0,2521,5184,8422,6374,0,269843,270000,267479,264855,261578,263626,118,0
80000,3,4,4,-1,-1,-1,-1,-1,-1,78312,77359,76081,76526,27571,28783,3459,3500,1959,982,2000,1482,1688,2641,3919,3474,52429,51217,351250,0
280000,1,2,3,4,3,2,2,2,2,127928,127530,130168,131222,132758,135654,3000,6000,4500,5000,5000,5000,152072,152470,149832,148778,147242,144346,756760,1
30000,3,2,4,1,-2,-2,-2,-1,-1,-190,-760,-760,-760,760,760,0,0,0,1520,0,0,30190,30760,30760,30760,29240,29240,-2470,0
90000,3,2,4,-1,-1,-1,-1,-1,-1,88363,87235,88338,78994,50095,48987,3200,4000,2602,2000,3000,2000,1637,2765,1662,11006,39905,41013,425210,1
600000,1,2,4,-2,-2,-2,-2,-2,-2,84300,27446,0,0,6677,83034,27446,0,0,6677,83034,0,515700,572554,600000,600000,593323,516966,84300,0
70000,3,2,4,-1,-1,-1,-1,-1,-1,37717,38744,40538,39489,11590,11835,1655,2449,2400,414,431,500,32283,31256,29462,30511,58410,58165,172064,0
270000,3,2,4,-2,-2,-2,-2,-2,-2,936,1188,2078,795,828,1251,1188,2078,795,828,1251,2267,269064,268812,267922,269205,269172,268749,-1331,0
260000,3,2,4,-1,-1,-1,-1,-1,-1,258885,261183,262546,238614,195149,195771,10000,11000,13067,10003,8000,11488,1115,-1183,-2546,21386,64851,64229,1348590,0
50000,3,2,4,-1,-1,-2,-2,-2,-2,25775,0,0,0,0,0,0,0,0,0,0,0,24225,50000,50000,50000,50000,50000,25775,0
50000,3,2,4,-1,-1,-1,-1,-1,-1,48549,49180,48521,8731,8777,9261,2277,2290,1500,1000,1000,2000,1451,820,1479,41269,41223,40739,162952,1
70000,3,4,4,-1,-1,-1,-1,-1,-1,103570,105991,67243,67533,28653,29253,3500,2777,1751,969,1004,938,-33570,-35991,2757,2467,41347,40747,391304,0
210000,3,2,4,-1,-1,-2,-1,-1,-1,3857,0,0,95438,96317,98400,0,0,95438,3393,3580,3998,206143,210000,210000,114562,113683,111600,187603,0
330000,3,2,4,-1,-1,-2,-2,-2,-1,2064,0,0,0,0,324,0,0,0,0,324,0,327936,330000,330000,330000,330000,329676,2064,0
200000,2,2,4,-1,-1,-1,-1,-1,-1,288015,148160,98651,251331,255017,54705,4470,9746,155858,5869,1964,1938,-88015,51840,101349,-51331,-55017,145295,916034,0
220000,1,2,4,-2,-2,-2,-2,-2,-2,3315,2625,4863,1917,809,709,2625,4863,1917,809,709,1195,216685,217375,215137,218083,219191,219291,2120,0
50000,3,2,4,-1,-1,-1,-1,-1,-1,11463,12763,14149,15162,15463,15788,1500,1600,1252,553,574,747,38537,37237,35851,34838,34537,34212,78562,0
20000,2,2,4,-1,-1,-1,-1,-1,-1,19594,19502,19431,20290,20293,19665,2000,1700,1500,700,750,1000,406,498,569,-290,-293,335,111125,0
30000,2,4,4,-1,-1,-1,-1,-1,-1,356,15666,16863,7380,8580,10000,15700,2000,2000,1200,2200,0,29644,14334,13137,22620,21420,20000,35745,1
280000,2,2,4,2,-1,-1,-1,-1,-1,284128,284204,284041,283396,213294,213384,9970,10261,17003,7657,7750,7861,-4128,-4204,-4041,-3396,66706,66616,1501945,1
60000,3,2,5,-1,-1,-1,-1,-1,-1,57974,57637,56594,57097,56854,58325,2810,2648,2050,2084,2437,1968,2026,2363,3406,2903,3146,1675,330484,0
200000,3,2,4,-1,-1,-1,-1,-1,-1,8413,8611,15818,21813,20890,29890,5000,8000,10000,10000,10000,4686,191587,191389,184182,178187,179110,170110,57749,0
230000,2,4,4,-1,-1,-1,-1,-1,-1,213457,226037,213682,219016,172407,163690,17000,10000,10000,10000,10000,10000,16543,3963,16318,10984,57593,66310,1141289,0
230000,1,2,4,-2,-2,-2,-2,-2,-1,0,0,0,0,0,496,0,0,0,0,496,496,230000,230000,230000,230000,230000,229504,-496,1
100000,3,2,3,-1,-1,-1,-1,-1,-1,62049,58158,57952,58627,46055,43176,2247,2900,2408,1689,1820,2040,37951,41842,42048,41373,53945,56824,312913,0
80000,2,2,3,-1,-1,-1,-1,-1,-1,83888,83503,82265,81974,81253,78343,3900,3000,3500,3200,3800,3300,-3888,-3503,-2265,-1974,-1253,1657,470526,0
80000,2,4,4,-1,-1,-1,-1,-1,-1,80106,43289,21017,12883,-217,45966,1400,1500,1000,0,46700,1700,-106,36711,58983,67117,80217,34034,150744,1
70000,2,2,4,-1,-1,-1,-1,-1,-1,18379,19571,22729,24346,24940,25539,1500,3500,2000,1000,1000,1500,51621,50429,47271,45654,45060,44461,125004,0
200000,1,2,4,-2,-2,-2,-2,-2,-2,0,0,0,0,0,0,0,0,0,0,0,0,200000,200000,200000,200000,200000,200000,0,1
20000,2,2,4,2,2,2,2,-1,-1,17612,18820,19717,18701,18726,18501,1800,1500,0,1000,1000,1000,2388,1180,283,1299,1274,1499,105777,0
200000,2,2,4,-2,-1,-1,-1,-1,-1,3414,6640,7428,10234,5380,7532,6640,1025,10249,5380,5000,2261,196586,193360,192572,189766,194620,192468,10073,0
50000,2,2,4,-1,-1,-1,-1,-1,-1,23605,27856,16386,15511,15664,19761,5856,3386,5411,5664,5761,3866,26395,22144,33614,34489,34336,30239,88839,0
360000,2,2,4,1,-2,-2,-2,-2,-2,0,0,0,0,0,0,0,0,0,0,0,207,360000,360000,360000,360000,360000,360000,-207,0
200000,3,4,3,-1,-1,-1,-1,-1,-1,1801,181,4095,5711,21420,6719,181,4126,5711,21520,6719,150,198199,199819,195905,194289,178580,193281,1520,0
90000,2,2,4,2,2,2,-1,-1,-1,83040,81998,83674,80890,31565,33049,900,4003,3000,3000,3000,2000,6960,8002,6326,9110,58435,56951,378313,1
50000,3,4,4,-1,-1,-1,-1,2,2,50761,50185,59509,31495,30552,29556,2500,2600,6000,1300,0,1300,-761,-185,-9509,18505,19448,20444,238358,0
400000,2,2,3,-1,-1,-1,-1,-1,-1,352730,335226,317661,319004,316611,314106,12370,15012,13000,12055,13368,12000,47270,64774,82339,80996,83389,85894,1877533,0
110000,3,2,4,-1,-1,-1,-1,-1,-1,105476,109153,109501,105290,78812,78503,5436,5007,5290,8812,8503,8200,4524,847,499,4710,31188,31497,545487,0
50000,3,2,4,1,2,2,2,-1,-1,24135,23454,26755,26026,27310,29729,0,4000,0,2000,3000,0,25865,26546,23245,23974,22690,20271,148409,1
500000,1,2,4,1,-1,-1,-1,-1,-1,-1,33982,37844,9441,12700,19267,35436,37311,9442,5001,10001,95478,500001,466018,462156,490559,487300,480733,-79436,1
150000,3,2,5,-2,-2,-2,-2,-2,-2,0,0,500,0,0,0,0,500,0,0,0,0,150000,150000,149500,150000,150000,150000,0,0
300000,4,2,4,1,-2,-2,-2,-2,-2,0,0,1702,0,0,0,0,1702,0,0,0,0,300000,300000,298298,300000,300000,300000,0,0
50000,2,2,4,-1,-1,-1,-1,-1,-1,48703,48836,48049,47060,19171,18624,2000,2000,2000,1000,1000,1000,1297,1164,1951,2940,30829,31376,221443,0
300000,1,2,4,-1,-1,-1,-1,-1,-1,12982,10114,10195,34010,20854,64741,11138,10217,34039,20854,64741,39441,287018,289886,289805,265990,279146,235259,-27534,0
290000,2,2,3,-1,-1,-1,-1,-1,-1,282538,281749,238490,86202,83155,84927,10711,12915,2962,2863,2996,3257,7462,8251,51510,203798,206845,205073,1021357,1
500000,2,2,4,-1,-1,-1,-1,-1,-1,588000,277559,288835,281810,273700,269552,17559,36500,20000,36000,20000,80013,-88000,222441,211165,218190,226300,230448,1769384,0
140000,3,2,4,-1,2,-1,-1,-1,-1,845,845,1690,0,1690,0,0,1690,0,1690,0,845,139155,139155,138310,140000,138310,140000,845,1
350000,4,2,3,1,-2,-2,-2,-2,-2,0,36011,8978,11925,8574,5417,36011,8978,11975,8574,5417,1828,350000,313989,341022,338075,341426,344583,-1878,0
180000,2,4,3,-1,-1,-1,-1,-1,-1,56677,35062,32721,32627,28272,26984,1600,1600,1500,1000,968,1000,123323,144938,147279,147373,151728,153016,204675,0
390000,1,2,3,1,-1,-1,-1,-1,-1,0,5660,3730,9526,0,2680,5660,3730,9526,0,2680,200,390000,384340,386270,380474,390000,387320,-200,0
50000,1,4,4,-1,-1,-1,-1,-1,-1,28594,33080,29233,23340,-300,31031,5000,3000,1000,0,31331,0,21406,16920,20767,26660,50300,18969,104647,0
50000,1,4,4,-1,-1,-1,-1,-1,-1,43273,44652,46331,47896,47266,48002,2800,2795,2750,1130,1314,1159,6727,5348,3669,2104,2734,1998,265472,0
150000,1,4,4,-1,-1,-1,-1,-1,-1,126810,58955,29332,36796,19912,23126,5000,13003,15000,11000,10000,3000,23190,91045,120668,113204,130088,126874,237928,0
200000,1,2,3,-1,-1,-1,-1,-2,-2,413,0,103,0,0,0,0,103,0,0,0,225,199587,200000,199897,200000,200000,200000,188,0
180000,1,4,4,-2,-2,-2,-2,-2,-2,-1580,-1580,-1580,-1580,-1580,-1580,0,0,0,0,0,0,181580,181580,181580,181580,181580,181580,-9480,0
50000,2,2,4,-1,-1,-1,2,-1,-1,12699,13734,17634,17053,17394,18563,1247,4147,0,624,1451,0,37301,36266,32366,32947,32606,31437,89608,0
110000,1,2,4,-1,-1,-1,-1,-1,-1,103701,102318,92724,94573,65034,66241,3771,3656,3687,2476,2406,2427,6299,7682,17276,15427,44966,43759,506168,0
310000,2,2,5,-1,-1,-1,-1,-1,-1,113529,116101,119953,119583,120837,99114,5000,6000,5005,5000,4000,3000,196471,193899,190047,190417,189163,210886,661112,0
80000,3,4,5,-1,-1,-1,-1,-1,-1,37298,19025,12720,14169,13828,1664,3000,3000,2030,3000,1000,839,42702,60975,67280,65831,66172,78336,85835,0
80000,3,2,4,-1,-1,-1,-1,-1,-1,55498,56368,42486,24500,28900,29400,2000,2000,1600,5000,1000,600,24502,23632,37514,55500,51100,50600,224952,0
240000,1,2,4,-2,-2,-1,-1,-2,-2,0,0,2007,-40,-40,8091,0,2007,40,0,8131,0,240000,240000,237993,240040,240040,231909,-160,0
210000,2,2,4,-2,-2,-2,-2,-2,-2,0,0,0,225,760,0,0,0,225,760,0,0,210000,210000,210000,209775,209240,210000,0,0
30000,2,4,4,-1,-1,-1,-1,-1,-1,25416,26260,24084,23631,29863,29369,1389,1602,1563,8500,1100,500,4584,3740,5916,6369,137,631,143969,0
80000,1,2,4,-1,-1,-1,-1,-1,-1,34243,35240,36275,37290,38030,38838,1570,1605,1620,1360,1420,1500,45757,44760,43725,42710,41970,41162,210841,0
70000,3,2,3,2,2,2,2,2,2,19954,21024,21790,21142,23772,24930,1700,1400,0,3000,1700,1340,50046,48976,48210,48858,46228,45070,123472,1
50000,3,4,4,1,-2,-2,-2,-2,-2,0,0,0,0,0,0,0,0,0,0,0,0,50000,50000,50000,50000,50000,50000,0,1
180000,3,2,5,-2,-2,-2,-2,-2,-2,18084,1703,3681,21325,2228,856,1703,3697,21330,2228,1531,16934,161916,178297,176319,158675,177772,179144,454,0
160000,2,2,5,-2,-2,-2,-2,-2,-2,16060,1605,4200,2461,0,0,1605,4200,2461,0,0,230,143940,158395,155800,157539,160000,160000,15830,0
20000,3,2,4,2,-1,-1,-1,-1,-1,15887,16895,18379,19020,18620,19000,1275,1759,1400,0,380,0,4113,3105,1621,980,1380,1000,102987,1
180000,1,2,4,1,-2,-2,-2,-2,-2,0,0,0,0,0,0,0,0,0,0,0,0,180000,180000,180000,180000,180000,180000,0,0
30000,2,6,4,-1,-1,-1,-1,-1,-1,26302,26873,28138,27074,13275,12500,2000,1719,1613,271,2250,0,3698,3127,1862,2926,16725,17500,126309,0
210000,2,2,4,-1,-1,-1,-1,-1,-1,25487,6655,6355,18543,6022,1334,6655,6359,18543,6022,1334,3864,184513,203345,203645,191457,203978,208666,21619,0
120000,3,2,4,1,-2,-1,2,-1,-1,-150,-150,7342,7029,7172,7338,0,7492,0,143,166,16000,120150,120150,112658,112971,112828,112662,4780,0
20000,3,2,4,1,2,-1,-1,-1,-1,15399,14859,15913,17033,17466,19635,0,1600,1700,1000,2600,0,4601,5141,4087,2967,2534,365,93405,1
30000,2,2,3,1,2,-1,-1,-1,2,10440,9972,16073,6342,8073,1731,0,16101,6342,1731,0,5517,19560,20028,13927,23658,21927,28269,22940,0
50000,3,2,4,1,2,-1,-1,-1,-1,51254,49852,28379,15988,16718,17446,0,6200,2000,1000,1000,1000,-1254,148,21621,34012,33282,32554,168437,0
20000,3,2,4,1,-1,-1,-1,-2,-2,0,780,340,-50,-830,-1660,780,340,0,0,0,0,20000,19220,19660,20050,20830,21660,-2540,0
120000,2,2,4,-2,-2,-2,-2,-2,-2,0,644,377,0,0,0,644,377,0,0,0,0,120000,119356,119623,120000,120000,120000,0,0
70000,2,2,5,2,2,2,-1,-1,-1,70457,73562,71818,70579,33946,34701,6454,0,3075,1214,1301,1626,-457,-3562,-1818,-579,36054,35299,341393,1
50000,2,2,4,-1,-1,-1,-1,-1,-1,50182,41207,19129,18538,17494,17833,1500,1700,1500,700,1000,1000,-182,8793,30871,31462,32506,32167,156983,0
20000,2,2,3,1,2,-1,-1,-1,-1,19127,16943,18359,19000,19600,19600,0,2000,1400,1000,0,0,873,3057,1641,1000,400,400,108229,0
310000,3,2,4,-2,-2,-2,-2,-2,-2,1126,2603,-6,1184,7883,193,2635,0,1190,7909,193,3189,308874,307397,310006,308816,302117,309807,-2133,0
120000,2,2,3,-1,-1,-1,-1,-1,-1,123270,122736,123394,123123,121499,121296,6000,6500,6500,5000,5000,5000,-3270,-2736,-3394,-3123,-1499,-1296,701318,0
360000,3,2,3,-1,-1,-1,-1,-1,-1,366484,365469,364081,365927,363629,303097,14463,15861,13600,12057,9340,9515,-6484,-5469,-4081,-5927,-3629,56903,2053851,0
240000,3,4,3,-1,-1,-1,-1,2,-1,1271,4241,7164,10041,9731,13540,3000,3000,3000,0,4000,3000,238729,235759,232836,229959,230269,226460,29988,0
500000,3,4,4,-2,-2,-2,-2,-2,-2,0,0,0,0,0,1150,0,0,0,0,1150,0,500000,500000,500000,500000,500000,498850,0,1
500000,2,2,4,-1,-1,-1,-1,-1,-1,10789,7855,17481,12021,132906,122256,7919,17512,12021,132906,0,37380,489211,492145,482519,487979,367094,377744,95570,0
240000,1,2,4,-1,-1,-1,-2,-2,-1,80199,82300,0,0,0,21585,3900,0,0,0,21585,0,159801,157700,240000,240000,240000,218415,158599,0
200000,2,2,4,-2,-2,-2,-2,-2,-2,2155,0,1750,4990,1200,676,0,1750,4990,1369,676,2158,197845,200000,198250,195010,198800,199324,-172,0
30000,3,2,5,2,2,-1,-1,-1,-1,26590,25869,26947,27529,24909,24576,0,1800,1370,1264,2078,836,3410,4131,3053,2471,5091,5424,149072,1
130000,3,2,3,-1,-1,-1,-1,-1,-1,108711,107996,87817,47175,48126,49234,6000,4542,2200,2000,2000,2000,21289,22004,42183,82825,81874,80766,430317,0
80000,3,2,4,-1,-1,-1,-1,-1,-1,55070,57863,54382,773,-5857,57071,5012,7450,5000,1630,69794,15000,24930,22137,25618,79227,85857,22929,115416,0
150000,2,2,4,-1,-1,-1,-1,-1,-1,71776,72909,74722,77865,78819,80607,2046,2413,3776,2224,2448,2500,78224,77091,75278,72135,71181,69393,441291,0
530000,1,2,4,-2,-2,-2,-2,-2,-2,6458,5598,36532,3288,1415,448,5600,36532,3293,1415,448,1687,523542,524402,493468,526712,528585,529552,4764,0
210000,1,2,4,-1,-1,-1,-1,-1,-1,180227,186423,169614,172297,177427,182399,11000,8000,7000,8000,8000,9000,29773,23577,40386,37703,32573,27601,1017387,0
30000,2,6,4,1,-2,-2,-2,-1,-1,0,0,0,0,20363,20819,0,0,0,20363,784,4000,30000,30000,30000,30000,9637,9181,16035,0
410000,2,2,4,-1,-1,-1,-1,-1,-1,358896,361330,360396,367893,375268,383121,13000,13100,13500,13500,13900,15000,51104,48670,49604,42107,34732,26879,2124904,0
240000,2,2,4,-2,-2,-2,-2,-2,-2,664,1086,7041,12208,790,2009,1086,7041,12208,1109,2009,1077,239336,238914,232959,227792,239210,237991,-732,0
50000,1,4,5,3,2,-1,-1,-2,-2,60458,54438,53605,0,0,0,0,1100,0,0,0,0,-10458,-4438,-3605,50000,50000,50000,167401,1
200000,3,2,5,-1,-1,-1,-1,-1,-1,187610,188072,166668,159513,150852,151996,10000,17014,15019,15000,15000,10000,12390,11928,33332,40487,49148,48004,922678,0
70000,2,4,4,-1,-1,-1,-1,-1,-1,57867,53214,54571,42413,42946,43843,1920,2230,2004,1537,1589,1598,12133,16786,15429,27587,27054,26157,283976,0
140000,3,4,4,-1,-1,-1,-1,-1,-1,68889,68662,65581,56271,54586,54247,3075,3014,2606,2005,2404,2629,71111,71338,74419,83729,85414,85753,352503,0
320000,3,4,4,-1,-1,-1,-1,-1,-1,54661,183429,303849,299996,307016,308110,183429,203849,22080,10000,10000,0,265339,136571,16151,20004,12984,11890,1027703,0
50000,3,2,4,-1,-1,-1,-1,-1,-2,46138,47164,47602,37280,18678,18602,2182,2400,1000,18678,600,500,3862,2836,2398,12720,31322,31398,190104,0
500000,2,4,4,-1,-1,-1,-1,-1,-1,588,2393,5306,5453,3221,1269,2393,5308,1000,0,0,1557,499412,497607,494694,494547,496779,498731,7972,1
300000,2,2,4,-2,-2,-2,-2,-2,-2,0,0,0,0,0,0,0,0,0,0,0,0,300000,300000,300000,300000,300000,300000,0,1
400000,1,2,4,1,-2,-2,-2,-2,-2,-9,1084,3884,0,27703,0,1093,3884,0,27703,0,56677,400009,398916,396116,400000,372297,400000,-56695,0
170000,2,4,4,-1,-1,-1,-1,-1,-1,1606,1420,1420,1420,1420,3464,1420,1420,1420,1420,3464,1420,168394,168580,168580,168580,168580,166536,186,0
60000,3,2,4,2,-1,-1,-1,-1,-1,61349,61600,61952,60661,29095,17636,2900,3300,2000,900,889,21500,-1349,-1600,-1952,-661,30905,42364,260804,1
120000,1,2,3,-1,-1,3,2,-1,-1,632,948,948,632,632,316,948,0,0,316,0,466,119368,119052,119052,119368,119368,119684,2378,1
210000,1,4,4,-1,-1,-2,-1,-1,-1,1561,0,0,806,1945,0,0,0,806,1945,0,1315,208439,210000,210000,209194,208055,210000,246,0
50000,3,2,4,-1,-1,-1,-1,-1,-1,45096,28907,29691,29104,28968,29440,1500,1508,1502,1100,1032,4500,4904,21093,20309,20896,21032,20560,180064,0
30000,2,4,4,-1,-1,2,2,2,2,22473,25293,24602,27964,27232,29800,3200,1,3801,0,3001,0,7527,4707,5398,2036,2768,200,147361,0
130000,2,2,4,-1,-1,-1,-1,-1,-1,124619,128845,131045,94390,91111,93112,6301,6000,5000,4000,3500,4000,5381,1155,-1045,35610,38889,36888,634321,0
280000,2,2,4,2,2,2,2,-1,-1,106341,108711,111510,108253,109065,111447,5600,6000,0,4100,4300,4300,173659,171289,168490,171747,170935,168553,631027,1
240000,1,2,4,-2,-2,-2,-1,-1,-1,4302,542,3934,6630,6817,7658,546,3953,6646,6865,7673,4208,235698,239458,236066,233370,233183,232342,-8,0
240000,3,2,4,-1,-1,-1,-1,-1,-1,242152,237635,242191,212879,185490,188850,8000,8000,7000,6000,6000,7000,-2152,2365,-2191,27121,54510,51150,1267197,0
270000,2,2,4,-1,-1,-1,-1,-1,-1,7582,10392,11088,6045,750,4003,10392,11586,6013,750,4003,5000,262418,259608,258912,263955,269250,265997,2116,0
500000,1,2,4,-2,-2,-2,-2,-2,-2,9534,9164,9285,20348,10893,9697,9267,9961,20390,10925,9718,13021,490466,490836,490715,479652,489107,490303,-4361,0
170000,3,4,4,-1,-1,-1,-1,-1,-1,161858,162402,159863,159700,77043,77047,5800,6500,5000,3000,3000,2500,8142,7598,10137,10300,92957,92953,772113,0
80000,3,2,4,2,3,2,2,2,-1,2684,2502,2321,4247,3914,3242,0,0,2001,4,1073,23076,77316,77498,77679,75753,76086,76758,-7244,0
280000,3,2,4,-1,-1,-1,2,-1,-1,4866,4405,7322,7043,8932,9654,1200,3000,0,2000,1000,2000,275134,275595,272678,272957,271068,270346,33022,0
110000,1,2,4,-1,-1,-2,-1,-1,-2,1865,0,0,1930,-170,-170,0,0,1930,0,0,0,108135,110000,110000,108070,110170,110170,1525,0
250000,1,2,4,-1,-1,-1,-1,-1,-1,390,1090,390,2855,390,2950,1090,390,2855,0,2950,0,249610,248910,249610,247145,249610,247050,780,0
360000,2,4,4,-1,-1,-1,-1,-1,-1,217936,202845,177252,165622,167824,156851,8880,7992,5627,5554,5456,5445,142064,157155,182748,194378,192176,203149,1049376,0
50000,3,6,4,-1,-1,-1,-1,-1,-1,49326,50302,50036,48816,19587,18406,1803,2100,1500,1000,700,600,674,-302,-36,1184,30413,31594,228770,1
280000,2,2,4,-1,-1,-1,-1,-1,-1,7640,9369,12261,12610,3160,9380,9369,12277,12610,0,9380,2098,272360,270631,267739,267390,276840,270620,8686,0
500000,2,2,4,-1,-1,-1,-1,-1,-1,455977,397418,392278,375931,364134,354019,13455,13691,12692,11883,11922,10032,44023,102582,107722,124069,135866,145981,2266082,0
260000,3,2,5,-1,-1,-1,-1,-1,-1,225028,188891,174617,178214,182251,186144,8165,6500,6500,7000,7000,7500,34972,71109,85383,81786,77749,73856,1092480,0
250000,2,2,4,-2,-2,-2,-2,-2,-1,1376,4038,313,316,657,993,4038,313,316,657,993,3039,248624,245962,249687,249684,249343,249007,-1663,1
140000,3,2,4,-1,-1,-1,-1,-1,-1,141342,137996,139888,126590,111187,111414,5025,5962,4878,4100,4200,4003,-1342,2004,112,13410,28813,28586,740249,0
180000,1,2,4,1,-2,-2,-2,-2,-2,0,0,0,0,0,0,0,0,0,0,0,0,180000,180000,180000,180000,180000,180000,0,0
190000,2,2,4,-2,-2,-1,-1,-1,-1,175,1547,6101,4803,5039,0,1547,6101,4803,5039,0,0,189825,188453,183899,185197,184961,190000,175,0
290000,1,2,4,-1,-1,-1,2,2,2,85532,69025,85735,79698,71981,63168,12000,20000,0,5500,0,10000,204468,220975,204265,210302,218019,226832,407639,0
230000,1,4,4,-2,-2,-2,-2,-2,-2,0,742,0,0,596,4870,742,0,0,596,4870,0,230000,229258,230000,230000,229404,225130,0,0
220000,2,2,4,-1,-1,-1,-1,-1,-1,265,4786,2367,2873,11768,7484,4786,2367,2888,11768,7484,13062,219735,215214,217633,217127,208232,212516,-12812,0
30000,2,2,5,1,-2,-2,-2,-2,-2,0,0,0,0,0,0,0,0,0,0,0,0,30000,30000,30000,30000,30000,30000,0,0
300000,2,4,4,-1,-1,-1,2,-1,-1,2890,390,1380,390,1170,390,390,1380,0,1170,0,0,297110,299610,298620,299610,298830,299610,3670,0
260000,3,2,4,-1,2,-1,2,-1,-1,1148,123,1668,446,123,35722,0,1668,0,490,35722,0,258852,259877,258332,259554,259877,224278,1350,0
140000,2,2,4,2,2,2,2,2,2,68859,70428,71902,72924,72335,75508,3300,3200,2800,1200,4500,3000,71141,69572,68098,67076,67665,64492,413956,1
350000,1,2,4,-2,-2,-2,-2,-2,-2,7617,2554,44293,66525,7502,15268,2558,44538,67211,7502,15268,228300,342383,347446,305707,283475,342498,334732,-221618,0
70000,2,1,3,-1,-1,-1,-1,-1,-1,30346,27040,23756,18897,10873,10707,1681,1635,1463,525,535,570,39654,42960,46244,51103,59127,59293,115210,0
200000,2,2,2,-1,-1,-1,-1,-1,-1,183464,184391,169311,165686,162639,165627,7197,7035,7032,6008,7002,6523,16536,15609,30689,34314,37361,34373,990321,0
90000,1,2,2,2,-1,-1,-1,-1,-1,90226,90378,27831,28790,29087,28941,2500,1500,1443,1100,1042,2000,-226,-378,62169,61210,60913,61059,285668,1
30000,2,2,3,1,2,2,-1,-1,-1,24597,26852,23117,24800,29410,23905,3000,0,3000,5000,23905,23771,5403,3148,6883,5200,590,6095,94005,0
80000,1,2,1,-1,-1,-1,-1,-1,-1,67751,68484,54926,55241,56560,57881,2500,3000,2000,2000,2000,3000,12249,11516,25074,24759,23440,22119,346343,0
150000,1,2,1,-1,-1,-1,-1,-1,-1,29997,31171,30356,30545,31257,33762,2000,2000,2000,1200,3000,2000,120003,118829,119644,119455,118743,116238,174888,0
360000,1,2,1,1,-1,-1,-1,-1,-1,-4316,60054,187734,17328,10658,77898,65000,188000,17384,20000,78000,46677,364316,299946,172266,342672,349342,282102,-65705,0
400000,2,1,2,-1,-1,-1,-1,-1,-1,11633,12294,13038,13751,5765,21784,1200,1287,1000,5819,26957,507,388367,387706,386962,386249,394235,378216,41495,0
300000,1,2,2,-1,-1,2,-1,-1,-1,121,2175,774,2774,2774,14190,3204,0,2000,0,15000,2043,299879,297825,299226,297226,297226,285810,561,0
50000,2,2,2,2,2,2,2,2,2,21839,22771,23700,24016,23332,24849,1600,1600,1000,0,1896,0,28161,27229,26300,25984,26668,25151,134411,1
20000,1,2,1,1,2,2,2,-1,-1,15678,15129,17973,31269,11401,8311,0,3100,0,2000,1000,2000,4322,4871,2027,-11269,8599,11689,91661,0
90000,2,2,1,2,2,-1,-1,2,-1,82671,78750,66605,63795,61061,54646,0,3324,5380,0,2000,1800,7329,11250,23395,26205,28939,35354,395024,1
180000,2,1,1,-1,-1,-1,-1,2,-1,148735,150771,156334,165696,165582,168952,6000,8000,13500,4110,6200,13600,31265,29229,23666,14304,14418,11048,904660,0
230000,2,2,1,-1,-1,-1,-1,-1,-1,566,5477,7996,6406,6040,6446,5480,4001,3000,3000,2000,5000,229434,224523,222004,223594,223960,223554,10450,0
160000,2,1,1,1,-2,-2,-2,-2,-1,0,0,0,0,0,1300,0,0,0,0,1300,1244,160000,160000,160000,160000,160000,158700,-1244,0
200000,2,2,1,1,2,-1,-1,-1,-1,124652,109401,63518,14607,16399,18026,6,5000,2000,2000,2000,20000,75348,90599,136482,185393,183601,181974,315597,0
300000,2,2,1,-1,-1,-1,-1,-1,-1,1726,-9,1974,17648,36732,1000,2800,1983,17652,36183,1002,0,298274,300009,298026,282352,263268,299000,-549,0
360000,1,2,1,-2,-2,-2,-2,-2,-2,0,0,0,0,0,0,0,0,0,0,0,0,360000,360000,360000,360000,360000,360000,0,0
230000,2,2,2,-1,-1,-1,-1,-1,-1,9125,7795,191795,192255,187755,187740,4000,191795,10000,8000,8000,8000,220875,222205,38205,37745,42245,42260,546670,0
80000,1,2,1,-1,-1,-1,-1,-1,-1,74413,76817,74554,43727,16307,1755,7000,3000,1400,326,1755,0,5587,3183,5446,36273,63693,78245,274092,0
90000,2,2,1,2,-1,-1,-1,-2,-2,2542,3556,4490,0,0,0,1066,1000,0,0,0,0,87458,86444,85510,90000,90000,90000,8522,1
80000,1,2,1,-1,-1,-1,-1,-1,-1,37325,38503,39429,24600,10000,0,2100,2000,1000,700,0,0,42675,41497,40571,55400,70000,80000,144057,0
160000,1,2,1,1,-1,-1,-2,-2,-2,0,6285,0,0,0,0,6285,0,0,0,0,0,160000,153715,160000,160000,160000,160000,0,0
200000,1,2,2,-2,-2,-2,-2,-2,-2,0,0,0,0,0,0,0,0,0,0,0,0,200000,200000,200000,200000,200000,200000,0,0
60000,2,2,1,-1,-1,-1,-1,-1,-1,15614,16231,17074,17684,20003,21040,1267,1500,1291,3000,2000,390,44386,43769,42926,42316,39997,38960,98198,0
360000,1,2,1,-2,-2,-2,-2,-2,-2,2807,894,5939,1390,-5,-5,898,5970,1396,0,0,0,357193,359106,354061,358610,360005,360005,2756,0
360000,3,2,2,-2,-2,-2,-2,-2,-2,0,0,0,0,0,0,0,0,0,0,0,0,360000,360000,360000,360000,360000,360000,0,0
220000,1,2,1,-1,-1,-1,-1,-1,-1,184,1709,919,47545,2398,3338,1709,919,47545,2398,5178,12448,219816,218291,219081,172455,217602,216662,-14104,0
120000,1,2,1,-1,-1,-1,-1,-1,-1,21812,20874,21930,22165,20502,19030,1700,1700,1500,700,1000,1000,98188,99126,98070,97835,99498,100970,118713,0
50000,2,2,1,-1,-1,2,-1,-1,-1,45708,48316,44070,45021,45145,46470,6000,0,2000,2000,3000,3600,4292,1684,5930,4979,4855,3530,258130,0
300000,2,2,1,-2,-2,-2,-2,-2,-2,0,0,0,0,0,0,0,0,0,0,0,0,300000,300000,300000,300000,300000,300000,0,1
400000,1,2,2,-2,-2,-2,-2,-2,-2,0,0,0,0,0,0,0,0,0,0,0,0,400000,400000,400000,400000,400000,400000,0,1
260000,3,2,2,-1,-1,-1,-1,-1,-1,33078,42056,43986,45879,54264,59872,10000,10000,10390,10009,10000,10000,226922,217944,216014,214121,205736,200128,218736,0
80000,2,1,1,-1,-1,-1,-1,2,-1,58777,60201,61633,69160,26000,25000,3000,3000,9160,0,0,0,21223,19799,18367,10840,54000,55000,285611,0
50000,1,2,2,-1,-1,-1,-1,-1,-2,50457,51400,0,3794,0,0,2400,0,3794,0,0,9551,-457,-1400,50000,46206,50000,50000,89906,0
20000,2,2,1,-1,-1,-2,-2,-2,-2,1200,0,0,0,0,0,0,0,0,0,0,0,18800,20000,20000,20000,20000,20000,1200,0
50000,2,1,1,-1,-1,-1,-1,-1,-1,47555,47531,46604,47982,29667,30449,1932,2005,2383,1068,1266,1045,2445,2469,3396,2018,20333,19551,240089,0
20000,3,2,1,1,2,-1,-1,-1,-1,19901,19105,572,19206,18595,19135,0,572,20502,1000,840,705,99,895,19428,794,1405,865,72895,0
150000,1,2,2,-1,-1,-1,-1,-1,-1,84777,81530,78940,73785,70787,59526,2881,3073,2584,1260,1357,1736,65223,68470,71060,76215,79213,90474,436454,0
620000,2,2,1,-1,-1,-1,-1,-1,-1,524191,524555,445543,443199,451040,431316,19306,15669,16011,16000,15500,17002,95809,95445,174457,176801,168960,188684,2720356,0
270000,3,2,2,-1,-1,-1,-1,-1,-1,276192,271773,262623,268735,273709,273139,11000,11100,12000,11000,10200,10500,-6192,-1773,7377,1265,-3709,-3139,1560371,0
130000,2,2,1,1,2,2,2,2,2,88766,91466,93182,90851,96576,98452,5000,4000,0,7200,3500,3600,41234,38534,36818,39149,33424,31548,535993,1
150000,2,2,1,-1,-1,-1,-1,-1,-1,82791,82533,77002,45340,36352,36499,3187,2381,1579,1265,1584,597,67209,67467,72998,104660,113648,113501,349924,0
50000,2,1,1,-1,-1,-1,-1,-1,-1,38189,28440,23228,21482,18029,18705,3000,1436,1162,2184,871,500,11811,21560,26772,28518,31971,31295,138920,0
50000,2,1,1,1,4,3,2,2,3,13294,12799,12311,11816,14014,13506,0,0,0,2394,0,0,36706,37201,37689,38184,35986,36494,75346,1
20000,2,2,1,2,-1,-1,2,2,-2,15021,17452,19853,19437,0,0,6000,3000,295,0,0,0,4979,2548,147,563,20000,20000,62468,1
50000,2,2,1,-1,-1,-2,-2,-2,-2,2454,0,0,0,0,0,0,0,0,0,0,0,47546,50000,50000,50000,50000,50000,2454,0
170000,1,2,1,-1,-1,-1,-1,-1,-1,112367,106345,91409,90720,83208,83956,5451,4456,2992,3000,3200,3200,57633,63655,78591,79280,86792,86044,545706,0
50000,2,2,1,-1,-1,-1,-1,-1,-1,51232,50732,50962,49908,32361,21138,1900,2300,1500,1500,900,900,-1232,-732,-962,92,17639,28862,247333,0
20000,3,2,1,-1,-1,-1,-1,-1,2,18306,18977,19328,19035,19262,12308,1287,1462,1522,1165,0,1000,1694,1023,672,965,738,7692,100780,0
20000,2,2,1,1,2,2,2,-1,-1,14542,14011,16899,16335,16509,17590,0,3132,0,742,1501,0,5458,5989,3101,3665,3491,2410,90511,1
20000,2,2,1,-1,-1,-1,-1,-1,-1,23675,20297,17054,2333,1300,0,1800,1240,2333,0,0,0,-3675,-297,2946,17667,18700,20000,59286,0
20000,2,2,1,-1,-1,-1,-1,-1,-1,18671,18497,19633,18347,9347,0,1614,1750,1000,1000,0,0,1329,1503,367,1653,10653,20000,79131,0
20000,1,2,1,-1,-1,-1,-1,-1,-1,19231,20235,21579,22231,22301,21687,1331,1675,1327,800,783,777,769,-235,-1579,-2231,-2301,-1687,120571,1
90000,2,2,1,-1,-1,-1,-1,-1,-1,79938,67857,66929,67797,47739,48163,3000,3000,3000,3000,2000,2000,10062,22143,23071,22203,42261,41837,362423,0
80000,2,1,1,-1,3,2,-1,2,2,495,330,165,481,316,151,0,0,481,0,0,0,79505,79670,79835,79519,79684,79849,1457,0
50000,1,2,1,-1,-1,-1,-1,-1,-1,28725,28424,30965,28612,25498,24866,2000,5000,1500,1000,2000,5000,21275,21576,19035,21388,24502,25134,150590,1
60000,1,2,1,-1,-1,-1,-1,-1,-1,31348,50778,53407,19443,16597,18423,20109,5000,2000,1000,2000,1000,28652,9222,6593,40557,43403,41577,158887,0
50000,2,2,1,-1,-1,-1,-1,-1,2,49718,50362,49904,50405,29795,28383,1786,2000,1500,2200,0,1100,282,-362,96,-405,20205,21617,249981,0
20000,1,2,1,-1,-1,2,-1,-1,-1,17875,20524,17478,18224,18926,19627,3300,0,1500,1000,1000,1000,2125,-524,2522,1776,1074,373,104854,0
20000,3,2,1,-1,-1,-1,-1,-1,-1,19812,20388,19145,20124,20127,20150,1300,1330,1309,702,719,1000,188,-388,855,-124,-127,-150,113386,0
50000,2,2,1,-1,-1,-1,-1,-1,-1,90,6560,7029,1734,916,18864,7396,1459,1000,18,18784,1000,49910,43440,42971,48266,49084,31136,5536,0
80000,1,2,1,-1,-1,-1,-1,-1,-1,50781,29297,78589,78806,50663,50214,4400,50000,3034,1800,1817,1750,29219,50703,1411,1194,29337,29786,275549,0
50000,1,2,1,-1,-1,-1,-1,-1,-1,38251,34489,32252,6182,17118,8922,4000,1500,1500,2500,500,400,11749,15511,17748,43818,32882,41078,126814,0
20000,2,2,1,1,4,3,2,-1,-1,17456,16896,16345,15785,17018,18736,0,0,0,1500,2000,2000,2544,3104,3655,4215,2982,1264,96736,1
20000,2,2,1,2,3,2,2,2,-1,15662,16004,17046,16676,16704,16984,900,1600,200,600,700,2100,4338,3996,2954,3324,3296,3016,92976,0
50000,3,1,1,-1,-1,-1,-1,-1,-1,45458,46450,47599,48456,44546,43256,2051,2200,2016,2009,2092,1020,4542,3550,2401,1544,5454,6744,264377,1
50000,3,2,1,-1,-1,-2,-2,-2,-2,4332,0,0,0,0,0,0,0,0,0,0,0,45668,50000,50000,50000,50000,50000,4332,0
50000,2,2,1,-1,-1,-1,-1,-2,-2,35176,30250,12625,0,0,0,2007,5000,0,0,0,0,14824,19750,37375,50000,50000,50000,71044,0
20000,2,2,1,1,2,-1,-1,-1,-1,16830,14566,10100,9238,6902,5813,50,5000,1200,500,500,1000,3170,5434,9900,10762,13098,14187,55199,0
420000,2,1,1,-1,-1,-1,-1,-1,-1,392639,397332,376317,214062,164003,162836,16117,20516,7092,6019,4636,5570,27361,22668,43683,205938,255997,257164,1647239,0
50000,2,2,1,-1,-1,-1,2,-1,-1,17826,18620,19722,19305,19409,20221,1400,2200,806,1000,2000,1000,32174,31380,30278,30695,30591,29779,106697,0
110000,2,2,1,1,2,2,3,2,2,83796,86713,93436,91075,88714,94316,5200,9000,0,0,7062,3424,26204,23287,16564,18925,21286,15684,513364,0
20000,4,2,1,-1,-1,-1,-1,-1,-2,13203,4443,3259,2969,0,0,1036,1132,2000,0,0,0,6797,15557,16741,17031,20000,20000,19706,0
20000,2,2,1,-1,-1,-1,-1,-1,-1,16439,17140,18269,38082,19923,6825,1279,1408,1180,1000,500,500,3561,2860,1731,-18082,77,13175,110811,0
50000,3,2,1,-1,-1,-1,-1,-1,-1,9168,10178,11200,12214,12608,12718,1166,1188,1202,596,461,462,40832,39822,38800,37786,37392,37282,63011,0
180000,2,2,1,-1,-1,-1,-1,-1,-1,96709,99673,100951,104625,106498,115632,4485,3682,5253,5000,11000,10000,83291,80327,79049,75375,73502,64368,584668,0
20000,2,2,1,-1,-1,2,2,2,2,18690,12289,5560,6310,7204,6943,3500,1000,1000,1000,0,1000,1310,7711,14440,13690,12796,13057,49496,0
20000,2,2,1,-1,-1,-1,-1,-1,-1,22291,15999,12874,8350,7500,8500,1700,1174,4000,150,1000,0,-2291,4001,7126,11650,12500,11500,67490,0
20000,2,2,1,-1,-1,-1,-1,-1,-1,20070,19278,3346,-780,780,2130,1072,1000,0,1560,2130,3680,-70,722,16654,20780,19220,17870,35382,0
20000,2,2,1,2,3,2,2,3,2,18292,17710,17137,19830,19240,18419,0,0,3000,0,0,2000,1708,2290,2863,170,760,1581,105628,1
50000,2,2,1,-1,-1,-1,-1,-1,-1,38311,52702,50639,53052,47335,32489,20052,16216,8734,1018,9421,10055,11689,-2702,-639,-3052,2665,17511,209032,0
50000,3,2,1,2,-1,-1,-1,-1,-1,31708,32439,28302,13881,14376,15261,1700,2000,1500,1100,1500,2000,18292,17561,21698,36119,35624,34739,126167,0
150000,4,3,1,-1,-1,-1,-1,-2,-2,3462,1147,7002,0,0,0,1147,6000,0,0,0,0,146538,148853,142998,150000,150000,150000,4464,0
70000,2,2,1,2,2,2,2,2,2,29193,30214,31130,31622,32102,32742,1800,1700,1300,1300,1300,1300,40807,39786,38870,38378,37898,37258,178303,1
50000,2,2,1,1,2,-1,-1,-1,-1,47568,46482,44546,40745,19910,17786,0,2000,1241,633,616,2500,2432,3518,5454,9255,30090,32214,210047,1
150000,1,1,2,-1,-1,-2,-1,-1,-2,15000,0,0,1662,0,0,0,0,1662,0,0,0,135000,150000,150000,148338,150000,150000,15000,0
100000,2,2,1,-1,-1,-1,-1,2,-1,44053,2206,1953,3053,853,48280,2206,1953,3100,0,48280,0,55947,97794,98047,96947,99147,51720,44859,0
20000,2,2,1,-1,-1,-1,-1,-1,-1,15730,16776,35036,14694,16914,14074,1313,2110,4000,6000,4000,174,4270,3224,-15036,5306,3086,5926,95627,0
20000,2,2,1,-1,-1,2,3,2,2,14068,16706,18342,17755,17967,17538,3200,2200,0,800,0,1401,5932,3294,1658,2245,2033,2462,94775,0
20000,3,2,1,-1,-1,-1,-1,-1,-1,3724,5646,6808,14046,13924,16924,2000,1262,7500,278,3000,0,16276,14354,13192,5954,6076,3076,47032,0
20000,2,2,1,-1,-1,-1,-1,-1,-1,20813,19666,20076,19875,19659,19310,1000,20700,2000,800,465,1000,-813,334,-76,125,341,690,93434,0
100000,3,2,1,-1,-1,-1,-1,-1,-1,76068,69334,54883,55383,36095,31322,2895,2088,1511,1124,1053,1009,23932,30666,45117,44617,63905,68678,313405,0
190000,2,2,1,-1,-1,-1,-1,-1,-1,185222,163336,157158,149423,115038,97756,5836,6358,5487,4038,3803,3042,4778,26664,32842,40577,74962,92244,839369,0
50000,2,2,1,-1,-1,-1,-1,-1,-1,47871,44546,28628,19502,1971,7538,1546,1519,1035,296,20300,1000,2129,5454,21372,30498,48029,42462,124360,0
20000,3,2,1,1,3,2,-1,-1,3,14665,14146,13634,14401,16257,15713,0,0,1300,2101,0,0,5335,5854,6366,5599,3743,4287,85415,1
70000,2,1,1,1,2,-1,-1,-1,-1,8587,9386,9456,9528,7481,7794,1100,1178,1250,300,400,250,61413,60614,60544,60472,62519,62206,47754,0
50000,2,2,1,-1,-1,-1,-1,-1,-1,52359,51158,3957,52522,31921,29265,2064,1053,53874,1009,934,719,-2359,-1158,46043,-2522,18079,20735,161529,0
20000,2,2,1,1,2,-1,-1,-1,-1,20873,20240,20365,19565,9928,12758,4,1378,1203,15460,3000,2000,-873,-240,-365,435,10072,7242,80684,1
20000,1,2,1,-1,-1,-1,-1,-1,-1,720,100,1192,7804,6200,3982,100,1192,7807,124,3982,1156,19280,19900,18808,12196,13800,16018,5637,1
20000,2,2,1,-1,-1,-1,-1,-1,-1,10768,12087,13115,14190,14328,14629,1502,1530,1600,670,680,686,9232,7913,6885,5810,5672,5371,72449,0
50000,2,2,1,-1,-1,-1,-1,2,-1,48846,48136,72898,36103,29384,29356,1904,3700,5396,6,1003,1449,1154,1864,-22898,13897,20616,20644,251265,0
20000,1,2,1,-1,-1,-1,-1,-1,-1,10242,18778,19065,18025,17414,17068,10000,1300,1300,609,700,1809,9758,1222,935,1975,2586,2932,84874,0
50000,2,2,1,1,-2,-2,-1,-1,-2,0,0,0,1000,0,0,0,0,1000,0,0,0,50000,50000,50000,49000,50000,50000,0,0
50000,2,2,1,1,2,-1,-1,-1,-1,5784,3392,2182,0,2092,-2272,0,1000,0,2092,0,0,44216,46608,47818,50000,47908,52272,8086,0
20000,1,2,1,1,-1,-1,-2,-1,-1,255,541,275,329,544,190,541,275,329,544,190,241,19745,19459,19725,19671,19456,19810,14,0
20000,2,2,1,1,2,-1,-1,-1,-1,12589,716,243,19853,20157,20182,0,1000,20000,1000,720,1800,7411,19284,19757,147,-157,-182,49220,0
50000,2,2,1,-1,-1,-1,-1,-1,-1,46980,47809,49040,29662,28360,28831,1910,2141,1763,1161,1077,1167,3020,2191,960,20338,21640,21169,221463,1
70000,1,2,1,-1,-1,-1,-1,-1,-1,23799,9000,11818,12889,9043,26713,9000,7000,5000,4043,5000,0,46201,61000,58182,57111,60957,43287,63219,0
20000,2,2,1,-1,-1,-1,-1,-1,-1,12546,13830,14599,15650,15964,17204,1500,1300,1300,574,1500,0,7454,6170,5401,4350,4036,2796,83619,1
20000,2,1,1,1,4,3,2,2,2,17611,18038,17473,16900,17690,18255,1000,0,0,1376,1000,649,2389,1962,2527,3100,2310,1745,101942,0
20000,2,2,1,-1,-1,-1,-1,-1,-1,20432,16941,18066,19259,20071,19800,1280,1405,1598,1410,1021,0,-432,3059,1934,741,-71,200,107855,0
20000,2,2,1,-1,-1,-1,-1,-1,-1,17286,18199,18559,19068,19053,16500,1594,1344,1243,618,579,778,2714,1801,1441,932,947,3500,102509,1
220000,1,2,1,-1,-1,-1,-1,-1,-1,44432,128967,96750,71616,65415,57914,100000,18720,37800,7096,12000,25000,175568,91033,123250,148384,154585,162086,264478,0
120000,2,2,1,1,2,2,2,2,-1,63119,61304,54675,52206,10325,8992,2200,1828,500,0,500,1000,56881,58696,65325,67794,109675,111008,244593,1
140000,1,2,1,-1,-1,-2,-2,-1,-1,17376,4879,6266,4379,420,0,4907,6284,4392,420,0,245,122624,135121,133734,135621,139580,140000,17072,0
50000,1,2,1,-1,-1,2,-1,-1,2,48215,44175,83132,42079,44781,45619,4007,0,1706,3408,1700,0,1785,5825,-33132,7921,5219,4381,297180,0
50000,2,2,1,-1,-1,-1,-1,-1,-1,47034,48442,49173,49290,48910,48910,2500,2200,1700,1000,0,0,2966,1558,827,710,1090,1090,284359,0
10000,2,2,1,1,-1,-1,-1,-1,-1,7140,8489,9488,9129,9479,9523,11153,1152,1150,500,345,387,2860,1511,512,871,521,477,38561,0
50000,1,2,1,-1,-1,-1,-1,-1,-1,18164,19456,20486,21241,21788,23281,1900,1645,1400,900,2000,0,31836,30544,29514,28759,28212,26719,116571,0
50000,2,2,1,-1,-1,-1,-1,-1,-1,25126,26697,28222,27180,27979,28926,2000,2000,2000,1500,1500,1000,24874,23303,21778,22820,22021,21074,154130,0
20000,1,2,1,-1,-1,-1,-1,-1,-1,26694,10298,9768,8798,9404,6864,1200,2000,2000,1000,1000,1000,-6694,9702,10232,11202,10596,13136,63626,0
200000,1,2,1,-2,-2,-2,-2,-2,-2,-4,909,6737,6012,5167,3132,913,6737,6031,5167,3132,2290,200004,199091,193263,193988,194833,196868,-2317,0
40000,1,2,1,-1,-1,-1,-1,-1,-1,21651,19279,19076,15838,17616,11081,5009,5000,1560,7000,497,2000,18349,20721,20924,24162,22384,28919,83475,0
30000,2,2,1,-1,-1,2,2,-1,-1,14404,32852,17113,4818,4818,0,3196,2000,0,0,0,0,15596,-2852,12887,25182,25182,30000,68809,0
20000,2,2,1,2,-1,-1,2,-1,-1,15789,16831,20404,19621,14051,0,1610,4183,0,281,0,0,4211,3169,-404,379,5949,20000,80622,1
50000,2,2,1,-1,-1,-1,-1,-1,-1,51274,50474,49724,48437,18712,19129,4175,41000,51705,700,718,700,-1274,-474,276,1563,31288,30871,138752,0
20000,3,2,1,-1,2,-1,-1,-1,-1,546,48,498,449,1651,1114,0,948,449,1700,1114,0,19454,19952,19502,19551,18349,18886,95,0
130000,2,2,1,-1,-1,-1,-1,-1,2,72850,74937,75900,74982,79701,81282,3300,2800,3000,6000,3000,0,57150,55063,54100,55018,50299,48718,441552,0
160000,2,2,1,-1,-1,-1,-1,-1,-1,4071,4554,4770,5494,4586,4686,1060,1276,1000,92,100,1000,155929,155446,155230,154506,155414,155314,23633,0
110000,2,2,1,-1,-1,-1,-1,-1,-1,54165,88490,99595,99055,30328,24564,88490,30000,40000,30328,24564,42000,55835,21510,10405,10945,79672,85436,140815,0
50000,2,2,2,-1,-1,-1,-1,-1,-1,16029,17039,18064,19076,19453,19862,1281,1306,1318,695,721,1018,33971,32961,31936,30924,30547,30138,103184,1
50000,2,2,1,-1,-1,4,3,2,2,29206,53086,51981,50805,51518,50713,25000,0,0,1800,108,2400,20794,-3086,-1981,-805,-1518,-713,258001,0
240000,2,2,1,-1,-1,-1,-1,-1,-1,27967,28707,27970,187880,169261,148519,10016,2081,169267,5062,4608,5096,212033,211293,212030,52120,70739,91481,394174,0
20000,2,2,1,-1,-1,-1,-1,-2,-2,2003,2948,3372,0,0,0,1086,1000,0,0,0,0,17997,17052,16628,20000,20000,20000,6237,0
500000,3,2,2,-1,-1,-1,-1,-1,-1,1092,5227,5453,5540,6263,1831,4303,1096,1020,6315,1833,9649,498908,494773,494547,494460,493737,498169,1190,0
60000,2,2,1,-1,-1,-1,-1,-1,-1,59487,59199,59326,58938,30101,29735,2113,2500,3000,2500,1500,1100,513,801,674,1062,29899,30265,284073,0
50000,3,2,1,-1,-1,-1,-1,2,2,47727,45926,47095,49485,49083,45187,2100,2200,3500,2000,0,5151,2273,4074,2905,515,917,4813,269552,0
50000,2,2,1,-1,-1,-1,-1,-1,-1,46521,47597,48799,41286,16764,16960,2150,2352,1239,717,585,589,3479,2403,1201,8714,33236,33040,210295,0
20000,2,2,1,-1,-1,-1,-1,-1,-1,390,390,390,390,390,780,390,390,390,390,390,0,19610,19610,19610,19610,19610,19220,780,0
30000,2,2,1,-1,-1,-1,-1,-1,-1,30274,30517,30485,30533,29148,29782,1932,3900,1700,1200,1180,2500,-274,-517,-485,-533,852,218,168327,0
80000,2,1,1,1,2,2,-1,-1,-1,80906,82789,80903,80215,63296,49854,3800,6,3636,2646,2000,1830,-906,-2789,-903,-215,16704,30146,424045,0
20000,2,1,1,-1,-1,-1,-1,-1,-1,14447,15455,17562,17322,17119,17350,1552,2659,1419,606,500,1000,5553,4545,2438,2678,2881,2650,91519,0
10000,2,2,1,-1,-1,-1,-1,-1,-1,8882,9933,9825,17506,16608,9176,1300,2200,1300,320,1820,1000,1118,67,175,-7506,-6608,824,63990,0
20000,4,2,1,-1,-1,-1,-1,-1,-2,20564,20284,19394,39950,0,0,3055,1467,1096,1000,0,0,-564,-284,606,-19950,20000,20000,93574,0
100000,1,2,1,-1,-1,-1,-1,-1,-1,1544,1049,2067,1944,389,1221,1100,1200,1000,500,1000,1000,98456,98951,97933,98056,99611,98779,2414,1
