LIMIT_BAL,EDUCATION,SEX_MAR,AgeBin,PAY_1,PAY_2,PAY_3,PAY_4,PAY_5,PAY_6,BILL_AMT1,BILL_AMT2,BILL_AMT3,BILL_AMT4,BILL_AMT5,BILL_AMT6,PAY_AMT1,PAY_AMT2,PAY_AMT3,PAY_AMT4,PAY_AMT5,PAY_AMT6,Closeness_1,Closeness_2,Closeness_3,Closeness_4,Closeness_5,Closeness_6,diff,default
50000,2,2,1,2,2,-1,-1,-1,-1,51246,49758,48456,44116,21247,20066,8,2401,2254,2004,704,707,-1246,242,1544,5884,28753,29934,226811,0
60000,2,2,1,-1,-1,-1,-1,-1,-1,58072,59040,57416,55736,26958,28847,2282,2324,2049,2000,3000,1120,1928,960,2584,4264,33042,31153,273294,1
400000,2,2,1,-1,-1,-1,-1,-1,-1,15330,8626,11470,10745,20737,9545,2501,10009,1437,1105,510,959,384670,391374,388530,389255,379263,390455,59932,0
20000,4,2,1,5,4,3,2,2,2,21673,21051,20440,19709,20113,19840,0,0,0,900,0,0,-1673,-1051,-440,291,-113,160,121926,0
50000,3,2,1,-1,-1,-2,-2,-1,-1,32590,-100,0,0,70,120,0,100,0,70,200,100,17410,50100,50000,50000,49930,49880,32210,0
110000,2,2,1,-1,-1,-1,-1,-1,-1,102551,103550,105089,107164,105988,108617,5500,6000,6000,4000,5000,4000,7449,6450,4911,2836,4012,1383,602459,0
30000,3,2,1,-1,-1,-2,-1,-1,-1,4443,370,380,590,7704,20204,430,400,601,7504,15005,5674,25557,29630,29620,29410,22296,9796,4077,0
230000,2,2,1,-1,-1,-1,-1,-1,-1,34592,23689,27652,8430,9811,9865,1816,5105,1293,2000,528,3000,195408,206311,202348,221570,220189,220135,100297,0
20000,3,3,1,-1,-1,-1,-1,-1,-1,18455,19990,20215,19298,19807,12294,2000,20000,1612,1121,702,1000,1545,10,-215,702,193,7706,83624,0
30000,1,2,1,-1,-1,-1,2,-1,-1,6003,4912,6214,3311,4430,906,1440,2259,0,1500,425,895,23997,25088,23786,26689,25570,29094,19257,0
90000,2,2,1,-1,-1,-1,-1,-1,-1,91151,88937,91097,52285,46430,47404,3453,3868,1960,1658,1718,2200,-1151,1063,-1097,37715,43570,42596,402447,0
30000,2,2,1,2,-1,-1,-1,-1,-1,24279,25281,26568,29872,23504,25724,1713,2000,4000,0,3000,1000,5721,4719,3432,128,6496,4276,143515,1
20000,3,2,1,4,3,2,-1,-1,-1,20569,19927,16371,17291,18001,18706,0,0,1500,1000,1000,836,-569,73,3629,2709,1999,1294,106529,1
20000,2,2,1,2,2,2,-1,-1,-1,17996,19102,19117,19664,10000,4060,2100,1000,1000,1100,4060,0,2004,898,883,336,10000,15940,80679,1
50000,2,2,1,-1,-1,-1,-1,-1,-1,12236,13324,14403,15460,15804,16549,1300,1300,1300,600,1000,602,37764,36676,35597,34540,34196,33451,81674,0
80000,2,2,1,-1,-1,-1,-1,-1,-1,416,416,416,416,416,416,416,416,416,416,416,416,79584,79584,79584,79584,79584,79584,0,0
120000,1,2,1,-1,-1,-1,-1,-1,-1,231,6665,880,0,4440,4440,6673,880,0,4440,4440,4440,119769,113335,119120,120000,115560,115560,-4217,0
50000,2,2,1,-1,-1,-1,-1,-1,-1,5814,-73,11427,191,7391,6554,0,11500,191,7200,2000,7000,44186,50073,38573,49809,42609,43446,3413,0
200000,1,2,1,-1,-1,-1,-1,-1,-1,50124,51122,52533,52772,53441,22246,1830,2235,1447,1069,445,9332,149876,148878,147467,147228,146559,177754,265880,0
150000,2,2,1,-1,-1,-1,-1,-1,-1,140662,144334,148016,150128,94834,97487,6000,6000,5176,5000,4002,3628,9338,5666,1984,-128,55166,52513,745655,0
360000,1,2,1,2,-1,-1,-2,-2,-2,1188,1803,777,-3,-3,-3,1003,783,0,0,0,0,358812,358197,359223,360003,360003,360003,1973,1
60000,1,2,1,-1,-1,2,2,2,-1,56918,61210,52757,29209,26403,26969,5914,17,3106,0,1104,1134,3082,-1210,7243,30791,33597,33031,242191,0
80000,2,2,1,3,2,-1,-1,-1,-1,79977,78091,80288,82150,319,85,0,3456,3750,319,85,322,23,1909,-288,-2150,79681,79915,312978,0
320000,1,2,1,-1,-1,-1,-1,-1,-1,146183,148703,169920,174315,173032,176016,6206,25006,10025,6506,7006,8006,173817,171297,150080,145685,146968,143984,925414,0
140000,2,2,1,2,-1,-1,-1,-1,-1,142697,137269,133767,120287,117183,119575,5010,6377,5604,4160,8239,0,-2697,2731,6233,19713,22817,20425,741388,1
20000,2,1,1,3,2,2,3,3,3,1050,1050,1050,1050,1050,1050,0,0,0,0,0,0,18950,18950,18950,18950,18950,18950,6300,1
110000,2,2,1,-1,-1,-1,2,-1,-1,60808,196,3290,3089,3601,3396,196,3290,0,563,296,200,49192,109804,106710,106911,106399,106604,69835,0
190000,2,2,1,-1,-1,-1,2,2,2,45694,52361,43563,40909,50758,36922,9000,8000,0,12000,3000,0,144306,137639,146437,149091,139242,153078,238207,0
130000,2,2,1,-1,-1,-1,2,2,2,113290,112561,119435,105382,49643,46812,5650,12421,0,7000,0,2000,16710,17439,10565,24618,80357,83188,520052,0
160000,1,2,1,-1,-1,-1,-1,-1,-1,138825,135233,130038,79027,6666,6666,6800,5600,3715,6666,6666,6666,21175,24767,29962,80973,153334,153334,460342,1
260000,1,2,1,-1,-1,-1,-1,-1,-1,250303,198350,189510,178738,182973,187233,7065,7054,6500,7000,7001,10000,9697,61650,70490,81262,77027,72767,1142487,0
80000,1,2,1,-1,-1,-1,-1,-1,-1,7412,945,1096,162,6600,1780,945,1096,163,6600,1780,0,72588,79055,78904,79838,73400,78220,7411,0
50000,2,2,1,-1,-1,2,2,4,3,28651,41897,43032,47242,46212,45205,14200,2100,5215,0,0,0,21349,8103,6968,2758,3788,4795,230724,1
100000,1,2,1,-1,-1,-1,-1,-1,-1,91189,93383,96301,90858,92724,96030,3500,4300,4400,4000,4700,5000,8811,6617,3699,9142,7276,3970,534585,0
20000,2,2,1,1,2,-1,-1,2,2,7326,7060,8240,9582,9279,9971,0,1296,1638,0,844,0,12674,12940,11760,10418,10721,10029,47680,1
210000,2,2,1,1,-1,2,-1,-1,-2,0,628,232,1067,-27,-27,628,0,1000,0,0,0,210000,209372,209768,208933,210027,210027,245,0
160000,2,2,1,-1,-1,-1,-1,-1,-1,84879,59607,38512,19129,15525,11146,2593,2000,1604,2000,11146,2006,75121,100393,121488,140871,144475,148854,207449,0
340000,1,2,1,-1,-1,-1,-1,-1,-1,241720,221836,206485,196137,196447,195114,8000,10000,10000,8032,8000,8500,98280,118164,133515,143863,143553,144886,1205207,0
70000,3,2,1,2,2,2,3,3,2,58009,56479,63633,64500,62867,64210,0,8100,2500,0,2500,2455,11991,13521,6367,5500,7133,5790,354143,1
50000,1,2,1,2,2,-1,-1,-1,-1,51042,48878,47884,29506,3672,8346,0,2354,1410,1500,4900,700,-1042,1122,2116,20494,46328,41654,178464,1
60000,1,2,1,-1,-1,-1,-1,-1,-1,1870,32603,32432,27976,25862,24571,32607,2119,3008,1006,1042,1001,58130,27397,27568,32024,34138,35429,104531,0
20000,3,2,1,3,2,2,5,5,4,1200,1200,1200,1200,1200,600,0,0,0,0,0,0,18800,18800,18800,18800,18800,19400,6600,1
50000,1,2,1,-1,-1,-1,2,2,-1,35215,36227,37876,39984,39041,40110,1600,2234,3042,0,1700,2000,14785,13773,12124,10016,10959,9890,217877,0
240000,1,2,1,-1,-1,-2,-1,-1,-1,5010,1188,3513,11380,1777,190,1188,3513,11794,1785,190,0,234990,238812,236487,228620,238223,239810,4588,0
20000,2,2,1,-1,-1,-1,-1,-1,-1,9550,10867,11585,12899,13087,13327,1480,1198,1512,700,600,2700,10450,9133,8415,7101,6913,6673,63125,0
50000,2,2,1,-1,-1,-1,-1,-1,-1,29827,30863,31897,29652,20483,19909,1536,1570,1316,1680,722,822,20173,19137,18103,20348,29517,30091,154985,0
130000,2,2,1,-1,-1,-1,-1,-1,-1,39074,39767,38680,5654,1938,522,1766,1521,3100,0,10,0,90926,90233,91320,124346,128062,129478,119238,0
50000,2,2,1,-1,-1,-1,-1,-1,-1,49899,35200,29447,19980,10400,0,1679,2438,1700,1000,0,0,101,14800,20553,30020,39600,50000,138109,0
130000,2,2,1,-1,-1,-1,-1,-1,-1,6136,9258,3397,2435,1570,1467,9272,3397,2435,1570,1467,550,123864,120742,126603,127565,128430,128533,5572,0
20000,1,2,1,-1,-1,-1,-1,-1,-1,19483,18956,18742,19738,15627,15753,1258,1404,1400,399,604,2500,517,1044,1258,262,4373,4247,100734,0
370000,4,1,1,-1,-1,-1,-1,-1,-1,64268,2868,3788,9424,2468,2468,2868,100332,9456,2468,2468,2468,305732,367132,366212,360576,367532,367532,-34776,0
110000,3,1,1,-1,-1,-1,-1,-1,-2,108435,109572,45907,5130,2889,78834,3509,1102,1014,2889,82718,3100,1565,428,64093,104870,107111,31166,256435,0
200000,3,2,1,-1,-1,-1,-1,-1,-1,203357,201115,192220,180090,184603,189340,7064,7048,6000,6500,7430,0,-3357,-1115,7780,19910,15397,10660,1116683,0
160000,3,2,1,-1,-1,-1,-1,-1,-1,58929,60950,61292,16623,33393,34220,3000,2000,15000,33000,3000,1100,101071,99050,98708,143377,126607,125780,208307,0
310000,2,2,1,-1,-1,-1,-1,-1,-1,304091,309627,315544,309272,240119,235799,12805,13567,13203,8765,9643,9035,5909,373,-5544,728,69881,74201,1647434,0
90000,1,2,1,1,-2,-2,-2,-2,-2,0,0,0,0,0,0,0,0,0,0,0,0,90000,90000,90000,90000,90000,90000,0,0
20000,2,2,1,4,3,2,-1,-1,2,16226,15682,15146,15856,17090,16677,0,0,1266,1500,0,1915,3774,4318,4854,4144,2910,3323,91996,1
30000,4,2,1,-1,-1,-2,-2,-2,-2,30830,0,0,0,0,0,0,0,0,0,0,0,-830,30000,30000,30000,30000,30000,30830,0
90000,4,2,1,-1,-1,-1,-1,-1,-2,35865,32764,25348,9580,0,0,1546,1176,1000,0,0,0,54135,57236,64652,80420,90000,90000,99835,0
240000,2,2,1,-1,-1,-2,-2,-1,-1,44996,-4,-4,-4,801,192850,0,0,0,805,192869,7012,195004,240004,240004,240004,239199,47150,37949,0
260000,2,2,2,-1,-1,-2,-1,-1,-1,60587,-83,-83,458,-7941,156600,0,0,541,4538,166000,6000,199413,260083,260083,259542,267941,103400,32459,0
120000,2,2,1,-1,-1,-1,-1,-1,-1,29344,33474,29029,26523,20554,19348,5053,1789,2037,659,802,640,90656,86526,90971,93477,99446,100652,147292,0
80000,2,2,1,1,2,-1,-1,-2,-2,83062,81150,82150,0,0,0,0,3800,0,0,0,0,-3062,-1150,-2150,80000,80000,80000,242562,0
160000,1,2,1,-1,-1,-1,-1,-1,-1,5574,3327,5958,55914,23285,29170,3353,7916,56116,23302,11580,9976,154426,156673,154042,104086,136715,130830,10985,0
130000,2,2,1,-1,-1,-1,-1,-1,-1,7100,4007,4900,1235,3946,2817,1100,1000,1235,3011,1008,966,122900,125993,125100,128765,126054,127183,15685,0
20000,1,2,1,-1,-1,-1,-1,-1,-1,14697,11983,4098,14899,10170,7151,12483,4098,14899,10170,427,0,5303,8017,15902,5101,9830,12849,20921,0
170000,2,1,1,-1,-1,-1,-1,-1,-2,30779,30751,23602,16633,0,51269,1675,1500,1007,0,51269,1865,139221,139249,146398,153367,170000,118731,95718,0
110000,3,2,1,-1,-1,-1,-1,-1,-1,45443,55567,65753,65379,65467,64596,15567,15753,5379,5467,4596,3405,64557,54433,44247,44621,44533,45404,312038,0
50000,2,1,1,-1,-1,-1,-1,-1,-1,26339,27699,28513,29341,29928,29533,1800,1565,1393,980,994,1024,23661,22301,21487,20659,20072,20467,163597,0
70000,2,2,1,-1,-1,-1,-1,-1,2,65329,64584,63600,60540,26890,18923,3000,4000,2000,4030,0,1000,4671,5416,6400,9460,43110,51077,285836,0
80000,2,2,1,-1,-1,-1,-1,-2,-2,77901,79605,79207,0,0,0,3600,2407,0,0,0,0,2099,395,793,80000,80000,80000,230706,0
50000,1,2,1,-1,-1,-1,-1,-1,-2,13886,14958,15726,1148,0,0,3000,5000,1148,0,0,0,36114,35042,34274,48852,50000,50000,36570,0
60000,1,2,1,-1,-1,-1,-1,-1,-1,20567,11937,1536,59038,54586,56375,4000,1536,59038,1300,3000,2000,39433,48063,58464,962,5414,3625,133165,0
100000,2,1,1,-1,-1,-1,-1,-1,-1,74269,59948,56323,48985,23894,23402,2812,2081,2077,1003,1015,1000,25731,40052,43677,51015,76106,76598,276833,0
50000,1,2,1,-1,-1,-1,2,2,2,17468,48675,36287,30691,29901,49293,32400,4000,1200,0,20000,2000,32532,1325,13713,19309,20099,707,152715,0
180000,1,1,1,2,3,2,-1,-1,-1,187205,182435,131327,131288,100116,86644,5,0,7326,4124,8693,0,-7205,-2435,48673,48712,79884,93356,798867,0
250000,1,2,1,-1,-1,-1,-1,-1,-1,73,2244,3119,1860,10094,4896,2265,3119,1943,10094,2896,5074,249927,247756,246881,248140,239906,245104,-3105,0
140000,2,2,1,-1,-1,-1,-1,-1,-1,24048,1999,109104,110336,67197,67910,2014,110330,5012,5000,3000,5000,115952,138001,30896,29664,72803,72090,250238,0
200000,1,2,1,-2,-2,-1,-1,-1,-1,6905,8674,6449,14392,14792,8016,4628,6454,14392,600,164,0,193095,191326,193551,185608,185208,191984,32990,0
70000,1,2,1,-1,-1,-1,2,-1,-1,32938,33635,35287,36002,37096,37999,1548,2200,1600,2000,1500,3000,37062,36365,34713,33998,32904,32001,201109,0
160000,2,2,1,-1,-1,-2,-2,-2,-2,7169,581,0,972,-1,-1,581,0,972,1,0,0,152831,159419,160000,159028,160001,160001,7166,0
50000,1,2,1,1,-2,-1,-1,-1,-1,0,0,16248,17105,16842,21842,0,16248,1600,337,5000,5000,50000,50000,33752,32895,33158,28158,43852,0
30000,2,2,1,1,2,2,-1,-1,-1,26026,27300,26577,28120,29659,30394,2000,0,2000,2000,1200,1000,3974,2700,3423,1880,341,-394,159876,0
110000,1,2,1,-1,-1,-1,-1,-1,-1,102282,104196,105922,108820,66883,68083,5200,5000,5000,2100,2000,2000,7718,5804,4078,1180,43117,41917,534886,0
180000,1,2,1,-1,-1,-1,-1,-1,-1,20793,18795,23194,44070,39003,26424,10053,12057,30035,863,72,37,159207,161205,156806,135930,140997,153576,119162,0
150000,1,2,1,-1,-1,-1,-1,-1,-1,24942,83333,75249,61949,67280,64374,80284,6254,6119,33333,4374,6814,125058,66667,74751,88051,82720,85626,239949,0
110000,2,2,1,-1,-1,-1,-1,-1,-1,111425,95724,97712,99687,100937,103138,4300,4422,4493,3800,3975,3773,-1425,14276,12288,10313,9063,6862,583860,0
90000,1,2,1,-1,-1,-1,2,-1,-1,84404,86109,92140,88296,88357,85506,3100,8100,0,3200,3000,3500,5596,3891,-2140,1704,1643,4494,503912,0
110000,1,2,1,-1,-1,-1,-1,-1,-1,107800,105820,104780,98139,72176,74011,4000,4000,4100,3000,3000,3000,2200,4180,5220,11861,37824,35989,541626,0
40000,2,2,1,-1,-1,-2,-2,-2,-2,3333,-167,-5187,-187,-187,113,167,4982,5000,0,3335,27000,36667,40167,45187,40187,40187,39887,-42766,0
130000,4,1,2,-1,-1,-1,-1,-1,-1,1390,2196,7533,4656,840,390,2196,7533,4689,840,390,390,128610,127804,122467,125344,129160,129610,967,0
40000,1,2,1,-1,-1,-1,-1,-1,-1,38941,39039,24501,15143,15731,9728,2002,1607,1580,2500,1500,33000,1059,961,15499,24857,24269,30272,100894,0
180000,1,2,1,2,-1,-1,2,-1,-1,10070,11392,14688,14040,13440,13440,1500,3500,0,0,0,0,169930,168608,165312,165960,166560,166560,72070,0
210000,2,2,1,2,-1,-1,-1,-1,-1,209479,211302,-4244,205759,151849,150221,10000,2572,213509,6022,5817,4048,521,-1302,214244,4241,58151,59779,682398,1
200000,4,2,1,-1,-1,-1,-1,-1,-1,1707,1106,2628,7502,38584,16990,1109,2807,26316,50108,85,1746,198293,198894,197372,192498,161416,183010,-13654,0
260000,2,2,1,-1,-1,-1,-1,-1,-1,251829,234867,237497,215343,205576,207688,10000,10500,9150,7500,8000,7500,8171,25133,22503,44657,54424,52312,1300150,0
20000,2,2,1,-1,-1,-1,-1,-1,-1,769,1011,628,2198,365,-34,1500,700,2500,0,0,2000,19231,18989,19372,17802,19635,20034,-1763,0
150000,2,1,1,-1,-1,-2,-2,-2,-2,14075,0,0,0,0,0,0,0,0,0,0,0,135925,150000,150000,150000,150000,150000,14075,0
250000,2,2,1,-1,-1,-1,-1,-1,-1,123148,135439,42090,61558,80894,93938,15447,12004,21558,20894,15000,20000,126852,114561,207910,188442,169106,156062,432164,0
80000,1,2,1,-1,-1,-1,-1,-1,-1,74640,72565,63342,51529,41484,34097,20024,10000,4000,2000,3000,2500,5360,7435,16658,28471,38516,45903,296133,0
30000,2,2,1,-1,-1,-1,2,-1,-1,14597,15614,18246,17660,17768,18151,1568,3200,0,700,670,1500,15403,14386,11754,12340,12232,11849,94398,1
20000,3,1,1,-2,-2,-2,-2,-2,-2,-2000,780,0,-1000,0,1222,2780,2000,1000,1000,1222,1800,22000,19220,20000,21000,20000,18778,-10800,0
50000,2,1,1,1,2,-1,-1,-1,2,23451,22781,24108,25203,26681,26117,0,2000,1800,2200,0,2250,26549,27219,25892,24797,23319,23883,140091,1
460000,1,2,1,-1,-1,-1,-1,-1,-1,428369,436349,449078,457587,240651,245605,16833,21000,20000,8000,8000,8100,31631,23651,10922,2413,219349,214395,2175706,0
340000,2,1,2,-2,-1,-1,-1,-1,-1,326,7132,16684,25749,30085,30406,7132,10000,10000,5000,1007,6000,339674,332868,323316,314251,309915,309594,71243,0
10000,2,2,1,-1,-1,-1,-1,-1,-1,4304,5324,6509,7313,6469,6988,1100,1279,1083,500,1000,1000,5696,4676,3491,2687,3531,3012,30945,0
50000,2,2,1,-1,-1,-1,-1,2,-1,11772,13014,11199,12693,10764,10031,1469,1600,2000,0,350,509,38228,36986,38801,37307,39236,39969,63545,0
110000,2,2,1,-1,-1,-1,-1,-1,-1,74349,70338,71796,73253,74138,75691,3101,3187,3244,2700,2748,3331,35651,39662,38204,36747,35862,34309,421254,0
50000,2,2,1,2,2,2,-1,-1,-1,45614,50781,45429,28927,19896,19475,5991,41,1617,816,1003,1004,4386,-781,4571,21073,30104,30525,199650,0
100000,1,2,1,-1,-1,-1,2,-1,-1,194,678,1032,516,998,482,1000,1032,0,998,0,800,99806,99322,98968,99484,99002,99518,70,1
80000,1,2,1,-1,-1,-1,-1,-1,-1,400,600,600,100,900,2934,600,600,100,900,2934,0,79600,79400,79400,79900,79100,77066,400,0
500000,2,2,1,-1,-1,-1,-1,-1,-1,33758,33048,45422,46483,39598,40622,1626,13000,2100,37000,1234,3512,466242,466952,454578,453517,460402,459378,180459,0
360000,1,2,1,-2,-2,-2,-2,-2,-2,0,0,0,0,0,0,0,0,0,0,0,0,360000,360000,360000,360000,360000,360000,0,0
280000,2,1,1,-2,-2,-1,2,2,-2,-650,-650,2057,650,3072,3330,0,2707,3,3072,3330,499,280650,280650,277943,279350,276928,276670,-1802,0
300000,2,1,1,-1,-1,-1,-1,-1,-2,8857,8102,12214,27299,0,0,3000,5000,21312,0,0,0,291143,291898,287786,272701,300000,300000,27160,0
20000,3,2,1,-1,-1,-1,-1,-2,-2,390,0,780,0,0,0,0,780,0,0,0,0,19610,20000,19220,20000,20000,20000,390,0
460000,4,2,1,-1,-1,-1,-1,-1,-1,1358,55022,50394,3917,1695,22231,55071,1263,3934,1702,22238,513,458642,404978,409606,456083,458305,437769,49896,0
500000,1,2,1,-1,-1,-1,-1,-1,-1,92442,96905,111219,251573,300336,269964,7036,20042,150122,75182,11486,11162,407558,403095,388781,248427,199664,230036,847409,0
500000,1,2,1,-1,-1,-1,-1,-1,-1,252881,224633,486367,616836,250600,296217,30032,271636,30876,60044,50539,100562,247119,275367,13633,-116836,249400,203783,1583845,0
360000,1,2,1,-1,-1,-1,-1,-1,-1,9179,10977,14190,16328,17383,17194,10977,8500,4000,1700,371,1150,350821,349023,345810,343672,342617,342806,58553,0
50000,2,2,1,-2,-2,-2,-2,-2,-2,3043,2432,3754,11985,19332,0,2446,3754,12053,19332,0,0,46957,47568,46246,38015,30668,50000,2961,0
30000,1,2,1,-1,-1,-2,-1,-1,-1,27720,0,0,22015,22649,24583,0,0,22015,1000,2300,1200,2280,30000,30000,7985,7351,5417,70452,0
140000,1,2,1,1,-2,-2,-2,-2,-2,0,0,0,0,0,0,0,0,0,0,0,0,140000,140000,140000,140000,140000,140000,0,0
50000,1,2,1,-1,-1,-1,-1,-1,-1,759,360,360,360,360,360,360,360,360,360,360,360,49241,49640,49640,49640,49640,49640,399,0
20000,1,2,1,-1,-1,-1,-1,-1,-1,22819,19296,20183,20036,19965,20061,1700,2000,1600,1000,1500,1000,-2819,704,-183,-36,35,-61,113560,0
20000,3,1,1,-1,-1,-1,-1,-2,-2,14171,11136,20649,-1001,-1,-1,2000,10000,0,1000,0,0,5829,8864,-649,21001,20001,20001,31953,0
80000,2,2,1,2,2,-1,-1,-1,-1,58324,56789,58276,60102,61423,72197,0,2400,3000,2500,11576,39,21676,23211,21724,19898,18577,7803,347596,1
230000,2,1,1,-1,-1,-1,-1,-1,-1,231357,233543,99033,237008,184695,185116,10000,7000,237008,6488,6605,6800,-1357,-3543,130967,-7008,45305,44884,896851,0
110000,2,2,1,-1,-1,-1,-1,-1,-1,107339,109029,106974,97327,60454,59062,3873,5051,3645,1984,3000,2356,2661,971,3026,12673,49546,50938,520276,0
90000,2,2,1,-1,-1,-1,-1,-1,-1,64497,49929,41498,36492,24636,5298,2297,2406,1400,493,106,0,25503,40071,48502,53508,65364,84702,215648,0
200000,1,2,1,2,-1,3,2,-1,-1,833,932,662,311,355,1266,932,0,0,355,1200,0,199167,199068,199338,199689,199645,198734,1872,0
60000,1,2,1,-1,-1,-1,-1,-1,-1,55656,58740,59257,56229,46624,36594,4041,2227,14682,1634,2024,978,4344,1260,743,3771,13376,23406,287514,0
50000,2,2,1,1,2,2,2,2,2,38916,37990,42382,43190,42198,46572,0,5000,1800,0,5232,1800,11084,12010,7618,6810,7802,3428,237416,1
130000,1,2,1,-1,-1,-1,-1,-1,-1,78337,81029,83032,83362,84592,86027,4000,4200,2912,2500,2300,2500,51663,48971,46968,46638,45408,43973,477967,0
260000,2,1,1,-1,-1,-1,-1,-1,-1,30903,1520,1593,149,1959,1255,1200,1758,152,1960,1255,4460,229097,258480,258407,259851,258041,258745,26594,0
180000,4,4,1,-2,-2,-2,-2,-2,-2,0,0,0,0,0,2150,0,0,0,0,2150,0,180000,180000,180000,180000,180000,177850,0,1
240000,2,2,1,-1,-1,-1,-1,-1,-1,90440,92433,94548,96375,98453,100549,3500,3600,3500,3500,3500,3500,149560,147567,145452,143625,141547,139451,551698,0
150000,4,2,1,-1,-1,-1,-1,-1,-1,15855,27241,20818,9864,3957,2205,18056,4065,1058,3976,2216,0,134145,122759,129182,140136,146043,147795,50569,0
260000,1,2,1,-2,-2,-2,-2,-2,-2,825,650,825,644,819,1294,650,1000,644,1000,1300,825,259175,259350,259175,259356,259181,258706,-362,0
100000,1,2,1,-1,-1,-1,-1,-1,-1,711,1141,210,780,390,930,1000,780,1930,0,930,0,99289,98859,99790,99220,99610,99070,-478,1
50000,2,2,1,-1,-1,2,-1,-1,-1,13778,15837,16285,17009,18223,18778,2600,1000,1300,1500,1000,1000,36222,34163,33715,32991,31777,31222,91510,0
150000,1,2,1,-1,-1,-1,-1,-1,-1,149340,152460,141196,105802,106478,107096,10000,6040,5750,3000,5000,35000,660,-2460,8804,44198,43522,42904,697582,0
40000,1,2,1,-1,-1,-1,-1,-1,-1,33077,34055,32644,29645,22930,0,1554,3071,1384,1047,0,0,6923,5945,7356,10355,17070,40000,145295,0
20000,2,2,1,-1,-1,-1,-1,-1,-1,17172,18179,19061,20182,19982,19482,1597,1479,1600,400,0,298,2828,1821,939,-182,18,518,108684,0
30000,1,2,1,-1,-1,-1,-1,-1,-1,29234,29383,29851,29978,29378,29230,2000,2000,2000,1200,1500,3000,766,617,149,22,622,770,165354,0
280000,1,2,1,-2,-2,-2,-2,-2,-2,10296,1820,0,5970,8628,2036,3543,1195,5970,8628,2306,768,269704,278180,280000,274030,271372,277964,6340,0
430000,1,2,1,-1,-1,-1,-1,-1,-1,402396,384100,375827,330644,353036,355121,14000,13400,30696,53036,12752,15980,27604,45900,54173,99356,76964,74879,2061260,0
70000,2,2,1,-1,-1,-1,-1,-1,2,17103,18312,19516,20685,22142,23340,1500,1500,1500,1800,1700,0,52897,51688,50484,49315,47858,46660,113098,1
30000,3,2,1,-1,-1,-1,-1,-1,-1,27904,28547,29398,29864,30115,15818,1500,1700,1500,1010,1000,1000,2096,1453,602,136,-115,14182,153936,0
30000,2,2,1,-1,-1,-1,-2,-2,-2,7956,10529,28870,29391,29724,30400,5000,28872,1500,1000,1078,1000,22044,19471,1130,609,276,-400,98420,0
80000,1,2,1,-1,-1,-1,-1,-1,-1,2170,17562,17709,15631,13402,13197,17568,3015,2008,1009,2005,507,77830,62438,62291,64369,66598,66803,53559,0
50000,1,2,1,-1,-1,-1,-1,-1,-1,47189,48182,49479,49704,19380,18653,1778,2075,1300,700,677,691,2811,1818,521,296,30620,31347,225366,0
230000,1,2,1,-1,-1,-1,-1,-1,-1,24874,19500,11717,7540,9941,6113,2000,2000,3540,5000,3113,90417,205126,210500,218283,222460,220059,223887,-26385,0
230000,1,2,1,-1,-1,2,2,-1,-1,41154,44121,43286,39215,39814,40437,4000,2500,0,3000,3000,5000,188846,185879,186714,190785,190186,189563,230527,0
110000,2,2,1,2,2,2,2,-1,-1,55700,58362,56598,51908,48647,47862,5000,2500,0,2000,2000,1854,54300,51638,53402,58092,61353,62138,305723,1
200000,2,2,1,3,2,2,4,4,4,2500,2500,2500,2500,2500,2500,0,0,0,0,0,0,197500,197500,197500,197500,197500,197500,15000,1
50000,1,2,1,-1,-1,-1,-1,-1,-1,44619,44645,44841,44950,44577,44816,2150,2300,2250,1700,2000,1700,5381,5355,5159,5050,5423,5184,256348,0
60000,1,2,1,-1,-1,-1,2,2,2,30567,31274,34455,35094,34233,36521,1519,3700,1500,0,3000,0,29433,28726,25545,24906,25767,23479,192425,0
20000,4,2,1,-1,-1,-1,-1,-1,-2,780,1180,0,410,0,-2000,1180,0,410,1000,2000,2000,19220,18820,20000,19590,20000,22000,-6220,0
320000,2,2,1,2,-1,-1,-1,-1,-1,172655,168256,165530,161152,158468,145399,10000,10000,10000,10000,20000,0,147345,151744,154470,158848,161532,174601,911460,0
220000,1,2,1,-1,-1,-1,-1,-1,-1,150544,155328,156136,158416,161212,156790,12000,6000,6000,6000,6000,12000,69456,64672,63864,61584,58788,63210,890426,0
470000,1,2,1,-1,-1,-1,-1,-1,-1,215666,209106,207970,212373,193628,184908,7395,8037,9048,10000,6115,5750,254334,260894,262030,257627,276372,285092,1177306,0
60000,1,2,1,-1,-1,-1,-1,-1,-1,11976,13462,15231,16966,17878,19085,2000,2000,2000,1500,1500,1500,48024,46538,44769,43034,42122,40915,84098,0
330000,2,1,1,-1,-1,-1,-1,-1,-1,25131,16610,17586,12580,16254,8213,1200,1157,1331,4005,299,701,304869,313390,312414,317420,313746,321787,87681,0
110000,2,2,1,2,2,2,2,2,-1,109241,111541,113676,114223,110876,107710,5600,5400,4000,0,4000,3700,759,-1541,-3676,-4223,-876,2290,644567,1
80000,2,1,1,4,3,2,2,2,2,12237,11756,11281,12785,12283,13184,0,0,2000,0,1100,0,67763,68244,68719,67215,67717,66816,70426,1
290000,1,2,2,-1,-1,-1,-1,-1,-1,243992,241283,243722,235297,243312,242827,11091,12000,9000,12000,11000,10050,46008,48717,46278,54703,46688,47173,1385292,0
20000,2,2,1,3,2,2,7,7,7,2400,2400,2400,2400,2400,2400,0,0,0,0,0,0,17600,17600,17600,17600,17600,17600,14400,1
30000,1,2,1,2,2,2,2,-1,-1,9799,10056,9815,7576,5746,3900,2350,2000,0,144,128,39,20201,19944,20185,22424,24254,26100,42231,0
80000,3,2,1,-1,-1,-1,-1,-1,-1,58323,60741,62813,65151,66568,70168,4000,3662,4000,2500,4509,2309,21677,19259,17187,14849,13432,9832,362784,0
50000,2,1,1,-1,-1,-1,-1,-2,-1,28249,19304,5742,0,-30481,58,1196,2000,8,0,40058,49163,21751,30696,44258,50000,80481,49942,-69553,1
150000,2,2,1,-2,-1,-1,-1,-2,-2,88609,4635,2160,-2,-2,-2,4660,2166,0,0,0,901,61391,145365,147840,150002,150002,150002,87671,0
20000,3,2,1,1,2,2,2,-1,-1,18534,17944,20199,19492,19888,14087,0,2860,0,549,441,502,1466,2056,-199,508,112,5913,105792,0
140000,2,2,1,-1,-1,-1,-1,-1,-1,103884,105697,101636,97298,77081,72592,4000,4000,3800,3000,3300,2300,36116,34303,38364,42702,62919,67408,537788,0
260000,1,2,2,-1,-1,-1,-1,-1,-1,182329,181133,177351,175130,182154,188264,10000,10000,10000,10000,10000,17000,77671,78867,82649,84870,77846,71736,1019361,0
120000,2,2,2,-1,-1,-1,-1,-1,-1,2494,1991,1497,998,697,-103,1997,1506,1001,699,0,897,117506,118009,118503,119002,119303,120103,1474,0
110000,2,1,2,-1,-1,-1,-1,2,2,35283,26000,9000,63853,59308,60576,1500,1500,63853,1500,2062,0,74717,84000,101000,46147,50692,49424,183605,0
140000,1,2,2,-1,-1,-1,-1,-1,-1,132970,136435,138696,139673,141573,140474,6334,6600,5500,4821,5188,5600,7030,3565,1304,327,-1573,-474,795778,0
100000,1,2,1,1,2,-1,-1,-1,-1,108762,101941,99264,90972,100306,100536,25,4902,4118,30018,5060,3663,-8762,-1941,736,9028,-306,-536,553995,0
360000,1,2,2,-1,-1,-1,-1,-1,-1,9939,14212,44803,118712,34244,21269,14226,46012,129567,685,425,4137,350061,345788,315197,241288,325756,338731,48127,0
70000,2,1,2,-1,-1,-1,-1,-1,-1,68671,60808,62648,46342,46904,48558,2500,3182,1800,1300,2000,2000,1329,9192,7352,23658,23096,21442,321149,0
210000,1,1,2,-1,-1,-1,-1,-1,-1,129890,135229,106382,79423,78981,81884,12112,4513,3400,5000,5000,10000,80110,74771,103618,130577,131019,128116,571764,0
200000,2,2,2,-1,-1,-1,-1,-1,-1,15140,18028,16456,15370,14966,16230,18044,16474,15392,14972,16240,14960,184860,181972,183544,184630,185034,183770,108,0
200000,2,2,1,-1,-1,-1,-1,-1,-1,162439,92626,73816,79033,79539,80584,4000,3000,6500,3013,5000,3000,37561,107374,126184,120967,120461,119416,543524,0
160000,1,2,1,-1,-1,-1,-1,-1,-1,157921,144659,154012,151403,115731,113635,6000,25409,30000,5000,5000,4500,2079,15341,5988,8597,44269,46365,761452,0
120000,1,2,2,1,-2,-2,-2,-1,-1,-190,-620,-1050,-1910,240,1010,0,0,0,2150,1200,551,120190,120620,121050,121910,119760,118990,-6421,1
180000,2,2,2,1,2,-1,-1,-1,-1,173179,168499,170856,177544,172432,173940,0,7326,10000,7000,8000,10000,6821,11501,9144,2456,7568,6060,994124,0
240000,2,2,1,-1,-1,-1,-1,-1,-1,210522,224877,208870,107964,227939,232618,20000,8403,4978,220000,8638,8584,29478,15123,31130,132036,12061,7382,942187,0
120000,2,2,1,-1,-1,-1,-1,-1,-1,113556,114844,117777,119086,70013,102991,4200,4773,3776,3200,1882,4000,6444,5156,2223,914,49987,17009,616436,1
200000,2,2,1,-1,-1,-1,-1,-1,-1,99216,100142,34162,712,712,862,5300,3000,8712,712,862,704,100784,99858,165838,199288,199288,199138,216516,0
280000,1,1,2,-1,-1,-1,-1,-1,-1,166037,166291,162992,134154,161057,167490,12126,39102,5000,30000,10000,10000,113963,113709,117008,145846,118943,112510,851793,0
20000,3,1,2,-1,-1,-1,-1,-1,-2,16925,12216,1179,1536,-301,-301,1000,1179,1536,0,0,0,3075,7784,18821,18464,20301,20301,27539,1
20000,2,1,2,1,2,2,2,2,2,17005,15451,18067,17469,19905,19763,0,2874,0,2712,1566,818,2995,4549,1933,2531,95,237,99690,1
260000,2,2,1,-1,2,2,-2,-1,2,8832,1528,0,0,5987,5837,15,0,0,5987,0,27887,251168,258472,260000,260000,254013,254163,-11705,1
220000,2,2,1,-1,-1,-1,-1,-1,-1,326,326,326,326,326,322,326,326,326,326,322,646,219674,219674,219674,219674,219674,219678,-320,0
30000,2,1,2,-2,-1,-1,-2,-2,-2,5678,20762,2462,13019,4679,0,20774,2476,13263,4793,0,0,24322,9238,27538,16981,25321,30000,5294,0
80000,2,1,1,-1,-1,-1,-1,-1,-1,80832,40283,317,401,34985,37004,2000,450,500,35000,3000,2000,-832,39717,79683,79599,45015,42996,150872,0
80000,2,2,2,2,2,2,2,2,2,66995,67794,69607,70864,71902,73407,2500,3500,3000,2800,2800,0,13005,12206,10393,9136,8098,6593,405969,1
140000,1,2,2,-1,-1,-1,2,2,-1,1800,1885,4158,2021,-372,628,1885,4158,0,0,2000,0,138200,138115,135842,137979,140372,139372,2077,0
220000,3,1,2,2,-1,-1,-1,-1,-1,780,390,0,780,0,780,390,0,780,0,780,390,219220,219610,220000,219220,220000,219220,390,1
110000,1,2,2,-1,-1,-1,-1,-1,-1,57040,51123,47251,46630,52889,53907,5000,4000,4000,10000,5000,5000,52960,58877,62749,63370,57111,56093,275840,0
240000,2,1,2,-1,-1,-1,-1,-1,-1,168376,172809,176012,179175,180809,184383,7648,7900,8000,6500,6900,7000,71624,67191,63988,60825,59191,55617,1017616,0
170000,1,2,1,-1,-1,-1,-1,-1,-1,145584,125746,127407,146833,64268,58970,6500,5609,70000,2700,2200,2200,24416,44254,42593,23167,105732,111030,579599,0
210000,1,1,2,-1,-1,-1,-1,-1,-1,140994,140224,141553,143811,144587,146802,5100,5201,5160,5200,5300,6150,69006,69776,68447,66189,65413,63198,825860,0
300000,1,2,1,-2,-2,-2,-2,-2,-2,1898,2570,4576,3567,2180,644,2572,4599,3585,2180,644,1,298102,297430,295424,296433,297820,299356,1854,1
190000,3,2,1,-1,-1,-1,2,-1,-1,124896,100078,102801,98753,98727,99484,4633,8858,12,3588,3543,3700,65104,89922,87199,91247,91273,90516,600405,0
200000,3,2,1,-1,-1,-1,-1,-1,-1,4484,192047,191248,191678,182676,181568,195316,7019,7493,5275,5786,20031,195516,7953,8752,8322,17324,18432,702781,0
150000,2,2,1,-1,-1,-1,-1,-1,-1,141242,71740,146608,148658,135768,138681,4000,77000,6000,5000,5100,5100,8758,78260,3392,1342,14232,11319,680497,0
50000,2,2,1,-1,-1,-1,-1,-1,2,16252,17275,18392,19170,20555,20102,1600,1700,1400,1689,0,900,33748,32725,31608,30830,29445,29898,104457,0
10000,1,2,1,-2,-2,-2,-1,-1,-1,-2,-391,-781,9211,9422,8853,0,0,10500,500,500,1000,10002,10391,10781,789,578,1147,13812,0
70000,1,2,2,-2,-2,-2,-2,-2,-2,25856,13737,7716,25732,46671,26516,13737,7716,25740,46684,26516,56017,44144,56263,62284,44268,23329,43484,-30182,0
470000,1,2,2,-2,-2,-2,-2,-2,-2,9884,3285,5103,9258,4305,10001,3301,5127,9304,4326,10051,7661,460116,466715,464897,460742,465695,459999,2066,0
250000,1,2,1,-2,-1,-1,-2,-2,-2,4003,2527,1652,7734,3337,7866,2549,1715,8042,4023,9167,3036,245997,247473,248348,242266,246663,242134,-1413,0
70000,3,2,1,-1,-1,-1,-1,-1,-1,71199,49042,47087,28596,4465,3204,2507,3024,2122,0,0,48459,-1199,20958,22913,41404,65535,66796,147481,0
80000,1,2,1,1,-1,-1,-1,-2,-2,0,47,207,0,0,0,47,207,0,0,0,0,80000,79953,79793,80000,80000,80000,0,0
270000,1,2,1,-1,-1,-1,-1,-1,-1,1576,199973,192008,166364,141918,141984,199973,8000,7800,5000,5500,5000,268424,70027,77992,103636,128082,128016,612550,0
180000,3,3,1,-2,-2,-2,-2,-2,-2,349,1257,1097,243,323,155,1260,1104,243,323,155,209,179651,178743,178903,179757,179677,179845,130,1
230000,1,2,1,2,-1,-1,-2,-2,-1,481,12381,0,0,0,376,12381,0,0,0,376,0,229519,217619,230000,230000,230000,229624,481,0
80000,3,2,2,2,-1,-1,-1,-1,-1,79629,78010,5976,5812,4788,3758,1691,1106,1060,154,147,127,371,1990,74024,74188,75212,76242,173688,1
290000,2,2,2,-1,-1,3,2,-1,-1,792,264,264,264,260,4738,264,0,0,260,4746,53902,289208,289736,289736,289736,289740,285262,-52590,0
230000,1,2,2,-1,-1,-1,-1,-1,-1,33400,36348,36163,32653,30821,29827,36348,3010,20000,1200,2000,1000,196600,193652,193837,197347,199179,200173,135654,0
130000,2,1,2,-1,-1,-1,-1,-1,-1,132242,117873,120889,118293,121312,121162,5000,5000,5000,5000,5000,5000,-2242,12127,9111,11707,8688,8838,701771,0
500000,2,2,2,-1,-1,-1,-1,-1,-1,331751,254846,162969,142735,76989,106476,10558,7410,3068,94,106476,152,168249,245154,337031,357265,423011,393524,948008,0
580000,1,2,2,-1,-1,-1,-1,-1,-1,49193,46367,38111,33497,26800,22202,11686,8348,6593,7197,10097,133081,530807,533633,541889,546503,553200,557798,39168,0
180000,2,2,2,-1,-1,-1,-1,-1,-1,42198,43192,47493,48401,50096,51238,2000,5000,2000,2500,2100,1623,137802,136808,132507,131599,129904,128762,267395,0
460000,1,2,2,-1,-1,2,-1,-1,-1,4533,9023,8317,12338,12744,12397,5002,1,5002,1001,3,733,455467,450977,451683,447662,447256,447603,47610,0
70000,2,1,2,1,2,-1,-1,-1,-1,72576,70775,68184,67172,50596,48876,0,3047,2849,1800,2000,1944,-2576,-775,1816,2828,19404,21124,366539,1
310000,1,2,2,-1,-1,-1,-1,-1,-1,217464,217951,222465,142935,147857,150442,8500,9100,5200,7300,7000,3939,92536,92049,87535,167065,162143,159558,1058075,0
50000,1,2,2,1,2,-1,-1,2,-1,49233,48146,50029,50921,48809,49639,0,3000,5000,0,1815,2000,767,1854,-29,-921,1191,361,284962,1
200000,2,2,2,2,2,2,2,2,2,88808,86484,92504,90120,93629,96980,0,7421,0,5000,5000,5000,111192,113516,107496,109880,106371,103020,526104,1
300000,1,2,2,-1,-1,-2,-2,-2,-2,4370,0,0,0,0,0,0,0,0,0,0,0,295630,300000,300000,300000,300000,300000,4370,0
110000,1,2,2,-1,-1,-1,-1,-1,-1,7300,593,11801,11312,11312,11312,593,11801,11312,0,0,0,102700,109407,98199,98688,98688,98688,29924,0
50000,1,2,1,1,-1,2,-1,-1,-1,-45,559,163,267,-129,325,1000,0,500,0,1000,500,50045,49441,49837,49733,50129,49675,-1860,1
360000,3,1,2,-2,-2,-1,-1,-1,-1,0,392,827,136198,138722,141629,392,827,137101,5000,5119,5376,360000,359608,359173,223802,221278,218371,263953,0
220000,2,2,2,-1,-1,-1,-1,-2,-2,38386,40726,38597,0,0,0,3000,1000,0,0,0,0,181614,179274,181403,220000,220000,220000,113709,0
190000,1,2,2,-1,-1,-1,2,2,-1,104503,106773,114791,106414,96980,90700,4000,9844,3283,24,3297,3325,85497,83227,75209,83586,93020,99300,596388,0
20000,3,2,1,2,-1,-1,-1,-1,-2,18337,19317,19645,19935,0,0,1602,1710,1000,0,0,0,1663,683,355,65,20000,20000,72922,1
80000,1,2,2,-1,-1,-1,-1,-1,-1,6887,171,1125,1613,0,4811,171,1125,1613,0,4811,0,73113,79829,78875,78387,80000,75189,6887,0
50000,1,2,1,-1,-1,-1,-1,-1,-1,51234,51227,50936,49823,50990,50998,2300,2100,2000,2000,2100,3000,-1234,-1227,-936,177,-990,-998,291708,0
50000,2,2,2,1,1,-1,2,2,-1,13745,-4338,46881,47832,46783,47890,125,52000,2000,0,2000,3700,36255,54338,3119,2168,3217,2110,138968,0
360000,2,2,2,-1,-1,-1,-1,-1,-1,34831,29791,19013,17929,20759,3436,5059,1383,2000,3030,2009,2018,325169,330209,340987,342071,339241,356564,110260,0
90000,1,2,2,-1,-1,-1,-1,-1,-1,40768,41789,42913,44388,45348,48454,2000,2100,2500,2000,4000,0,49232,48211,47087,45612,44652,41546,251060,0
200000,3,2,2,-2,-2,-2,-2,-2,-2,0,680,1100,1500,1402,0,680,1100,1500,1402,0,0,200000,199320,198900,198500,198598,200000,0,0
410000,2,2,2,-2,-2,-2,-2,-2,-2,7011,9173,7259,8430,5130,5064,9222,8036,8542,5155,5089,18270,402989,400827,402741,401570,404870,404936,-12247,0
330000,1,2,2,-1,-1,-1,-1,-1,-1,165042,163406,137664,3381,40635,40490,9000,7558,5000,42054,3000,2000,164958,166594,192336,326619,289365,289510,482006,0
100000,1,2,2,-1,-1,-1,-1,-2,-2,96846,98364,21255,0,0,0,5055,1049,0,0,0,0,3154,1636,78745,100000,100000,100000,210361,0
200000,2,1,2,-1,-1,-1,-1,-1,-2,6961,3848,4581,610,0,0,3853,4581,612,0,0,0,193039,196152,195419,199390,200000,200000,6954,0
110000,2,1,2,-1,-1,-1,-2,-1,-1,47755,15484,-41,0,67942,53947,1525,0,41,109332,2400,2000,62245,94516,110041,110000,42058,56053,69789,0
90000,1,2,2,1,2,2,-1,-1,-1,33868,34614,33776,34767,35504,36249,1600,0,1563,1300,1300,1438,56132,55386,56224,55233,54496,53751,201577,1
320000,2,2,2,-1,-1,-1,-1,-1,-1,26310,28236,29368,160578,129187,124967,2728,2240,160578,4600,5000,4500,293690,291764,290632,159422,190813,195033,319000,0
70000,1,2,2,-1,2,-1,2,-1,-1,832,416,832,416,416,1132,0,832,0,416,1132,0,69168,69584,69168,69584,69584,68868,1664,0
220000,2,2,2,-1,-1,-1,-1,-1,-1,91210,91093,76832,66879,55495,43369,4000,3000,2271,2009,1469,2000,128790,128907,143168,153121,164505,176631,410129,0
180000,1,2,2,2,2,-1,-1,-1,-1,220901,207382,201883,196524,192243,186537,0,7820,7000,7000,5000,6000,-40901,-27382,-21883,-16524,-12243,-6537,1172650,1
180000,1,2,2,-1,-1,-1,-1,-1,-1,12805,11784,13589,15301,3169,5106,2000,2000,2000,1000,2000,1000,167195,168216,166411,164699,176831,174894,51754,0
240000,2,2,2,-1,-1,-1,-1,-1,-1,231467,231619,234261,231597,42209,26348,8500,9358,5104,864,527,0,8533,8381,5739,8403,197791,213652,973148,1
140000,2,2,2,-1,-1,-1,-1,-1,-1,70568,58294,59571,60793,62797,64298,2100,2200,2200,3000,2500,2800,69432,81706,80429,79207,77203,75702,361521,1
280000,2,2,2,2,2,2,2,2,2,106907,110550,113877,115223,116930,112607,6900,6600,4700,5100,0,4200,173093,169450,166123,164777,163070,167393,648594,0
30000,1,1,2,1,2,2,2,2,2,14107,14779,14252,16205,15647,17091,1200,0,2200,0,1700,0,15893,15221,15748,13795,14353,12909,86981,1
20000,2,2,2,-1,-1,-1,2,-1,-1,5380,0,184,184,5932,7725,0,184,0,5924,2000,2451,14620,20000,19816,19816,14068,12275,8846,0
80000,1,2,1,-1,-1,-1,-2,-2,-2,58246,61650,0,0,0,0,5000,0,0,0,0,0,21754,18350,80000,80000,80000,80000,114896,0
230000,2,2,2,-1,-1,-1,-1,-1,-1,171861,157389,161622,162501,163329,161560,10000,10000,8000,10000,7000,7000,58139,72611,68378,67499,66671,68440,926262,0
200000,2,1,2,-1,-1,-1,-1,-1,-1,143266,113676,116355,117802,116296,60792,6000,6000,5000,6000,3000,1611,56734,86324,83645,82198,83704,139208,640576,1
520000,1,2,1,-1,-1,-1,-1,-1,-1,464541,388685,280101,184081,108330,89199,15521,10423,7215,4012,3017,3028,55459,131315,239899,335919,411670,430801,1471721,0
400000,2,2,1,-1,-1,-1,-1,-1,-1,237425,242225,246475,252429,257510,262931,8600,8000,9000,8200,8500,8500,162575,157775,153525,147571,142490,137069,1448195,1
30000,2,2,1,-2,-2,-2,-2,-2,-2,836,836,836,390,390,390,836,836,390,390,390,0,29164,29164,29164,29610,29610,29610,836,0
370000,1,2,2,-1,-1,-1,-1,-1,-1,35605,39837,41576,44178,47838,54341,5000,3000,5000,5000,8000,10000,334395,330163,328424,325822,322162,315659,227375,0
150000,2,1,2,-2,-2,-2,-2,-2,-2,500,15338,0,0,650,1430,15338,0,0,650,1430,1200,149500,134662,150000,150000,149350,148570,-700,0
80000,2,2,1,1,2,-1,-1,-1,-1,27897,24833,23331,21964,19664,2544,0,1527,1500,540,2544,2789,52103,55167,56669,58036,60336,77456,111333,1
430000,3,2,1,-1,-1,-1,-1,-1,-1,438795,438691,437284,435832,345499,228818,18000,18000,16570,11803,10563,10000,-8795,-8691,-7284,-5832,84501,201182,2239983,0
20000,2,2,1,-1,-1,-1,-1,-1,-1,19498,13056,14092,10474,11198,12198,2000,1254,1000,724,1000,1000,502,6944,5908,9526,8802,7802,73538,1
50000,2,2,1,-1,-1,-1,-1,-1,-1,49321,47912,39421,40165,41198,43766,1700,2000,1700,1700,3400,1000,679,2088,10579,9835,8802,6234,250283,0
60000,2,2,1,2,2,2,-1,-1,-1,48945,52362,51255,52119,52866,53969,4549,0,2313,2044,2110,2500,11055,7638,8745,7881,7134,6031,298000,1
360000,1,2,1,-2,-2,-2,-2,-1,-1,2988,2766,2766,2766,3373,5042,2766,2766,2766,3373,5042,1000,357012,357234,357234,357234,356627,354958,1988,0
280000,1,2,2,-2,-2,-2,-2,-2,-2,-1,-1,-1,-1,-1,219,0,0,82150,0,220,1124,280001,280001,280001,280001,280001,279781,-83280,0
360000,2,1,1,-1,-1,-1,-1,-1,-1,18454,16419,12932,91329,82929,70047,6028,6032,99578,2507,5376,2000,341546,343581,347068,268671,277071,289953,170589,0
420000,1,1,2,-1,-1,-1,-1,-1,-1,60825,45060,25056,24751,24984,24983,1407,1407,1332,963,877,1000,359175,374940,394944,395249,395016,395017,198673,0
320000,1,2,2,-2,-2,-2,-2,-2,-2,4445,4959,4000,3992,1590,-10,4984,4121,4012,1598,0,0,315555,315041,316000,316008,318410,320010,4261,0
90000,2,1,2,-1,-1,-1,-1,-2,-2,5287,7525,10360,0,0,0,2500,3000,0,0,0,0,84713,82475,79640,90000,90000,90000,17672,0
360000,1,2,2,-1,-1,-1,-1,-1,-1,5484,4307,12004,21810,13807,2960,4317,12006,21810,0,2960,1810,354516,355693,347996,338190,346193,357040,17469,1
70000,2,2,2,-1,-1,-1,-1,-1,-1,68668,65750,67879,69161,68264,61757,2347,3182,3144,2600,2360,1300,1332,4250,2121,839,1736,8243,386546,0
50000,2,2,1,-1,-1,-1,-1,-1,-1,46008,3756,195,4226,8956,9361,1007,1000,4226,5000,700,600,3992,46244,49805,45774,41044,40639,59969,0
200000,3,1,2,-1,-1,-1,-1,-1,-1,141785,144933,148103,148137,151505,154728,7000,7000,4000,4000,4000,4000,58215,55067,51897,51863,48495,45272,859191,0
250000,1,2,2,-2,-2,-2,-2,-2,-2,0,0,7066,0,0,0,0,7066,145,0,0,2758,250000,250000,242934,250000,250000,250000,-2903,0
150000,1,2,2,-1,-1,-1,-1,-1,-1,1340,1805,4290,-10,1999,10559,1815,4354,0,2009,10610,9855,148660,148195,145710,150010,148001,139441,-8660,0
350000,2,1,2,-1,-1,-1,-1,-1,-1,694,10436,10857,12688,6344,5376,10524,10916,12745,6344,22,7186,349306,339564,339143,337312,343656,344624,-1342,0
30000,2,1,2,-1,-1,-1,-1,-1,-1,28729,28305,16084,4432,24621,25073,2000,2000,2000,26100,1000,1100,1271,1695,13916,25568,5379,4927,93044,0
200000,1,2,2,2,4,4,4,4,4,173639,176605,179754,182763,184570,184091,7310,7459,7468,6275,3000,0,26361,23395,20246,17237,15430,15909,1049910,0
200000,1,2,2,-1,-1,-1,-2,-2,-2,78284,10532,0,0,0,0,5005,0,0,0,0,2842,121716,189468,200000,200000,200000,200000,80969,0
150000,2,2,1,-1,-1,-1,-1,-1,-1,102802,112174,6263,6824,10824,14631,12186,6263,6824,10000,10000,10000,47198,37826,143737,143176,139176,135369,198245,0
190000,1,2,2,-1,-1,-1,-1,-1,-1,138429,141192,144484,148760,48776,49853,4555,5058,6489,1602,1716,2286,51571,48808,45516,41240,141224,140147,649788,0
340000,2,2,2,-1,-1,-1,-1,-1,-1,20865,2611,3255,57920,23207,22659,2000,3255,57920,22659,2000,1000,319135,337389,336745,282080,316793,317341,41683,0
360000,1,2,2,1,-1,-1,-1,-1,-2,0,951,3760,752,0,0,951,3760,752,0,0,0,360000,359049,356240,359248,360000,360000,0,0
280000,1,2,2,-1,-1,-1,-1,-1,-1,17913,380,5118,380,380,380,380,5118,380,380,380,380,262087,279620,274882,279620,279620,279620,17533,0
30000,2,2,3,-1,-1,-1,-1,-1,-1,29119,29827,29583,29166,29066,29008,1500,2019,1400,600,580,0,881,173,417,834,934,992,169670,0
300000,3,1,2,-2,-2,-2,-2,-2,-2,0,0,0,0,0,0,0,0,0,0,0,0,300000,300000,300000,300000,300000,300000,0,0
220000,4,2,2,2,-1,-1,-1,-1,-1,217638,213843,211233,194579,96213,27540,7506,23007,7991,4191,719,409,2362,6157,8767,25421,123787,192460,917223,0
80000,3,1,3,-1,-1,-1,-1,-1,-1,81070,63610,58099,52599,52519,46945,2385,5028,21595,5541,1507,3062,-1070,16390,21901,27401,27481,33055,315724,0
30000,2,1,3,2,2,2,-1,-1,-1,20801,23534,22875,24155,23739,22124,3400,0,2000,1500,900,1038,9199,6466,7125,5845,6261,7876,128390,1
40000,2,1,2,-1,-1,2,-1,-1,-1,9608,12127,11647,13138,14903,17664,3000,0,2000,2000,3000,2000,30392,27873,28353,26862,25097,22336,67087,0
200000,2,2,1,-1,-1,2,2,2,2,145090,151564,115836,122359,122588,119266,12000,0,10000,5000,0,6000,54910,48436,84164,77641,77412,80734,743703,0
200000,2,2,2,-1,-1,-1,-1,-1,2,83149,94976,106808,115702,122236,134013,13550,13590,12356,12500,14013,4900,116851,105024,93192,84298,77764,65987,585975,0
110000,1,2,1,-1,-1,-1,-1,-1,-1,750,71015,72517,72537,55600,72442,71022,5000,5000,5000,22000,5000,109250,38985,37483,37463,54400,37558,231839,0
100000,1,2,2,2,2,2,2,2,2,93975,95030,96611,97947,95602,77323,3500,4000,4005,600,2400,2900,6025,4970,3389,2053,4398,22677,539083,1
20000,2,1,2,2,-1,-1,-1,-1,-1,390,18864,19499,19780,780,0,18864,1329,1000,0,0,0,19610,1136,501,220,19220,20000,38120,1
120000,3,1,3,-1,-1,-1,-1,-1,-1,104153,98955,96298,90570,89442,92756,4500,4400,4040,3100,6600,3500,15847,21045,23702,29430,30558,27244,546034,0
280000,2,1,2,-1,-1,-1,-1,-1,-1,85029,71353,67680,65173,62564,59638,2625,2497,2914,1921,2001,1270,194971,208647,212320,214827,217436,220362,398209,0
280000,2,2,2,-1,-1,-1,-1,-1,-1,29161,14908,237367,233819,198890,189064,1282,233836,6935,5931,19157,5905,250839,265092,42633,46181,81110,90936,630163,0
300000,2,2,3,1,-1,-1,2,2,-2,0,159,803,486,-712,-1037,159,803,8,387,0,0,300000,299841,299197,299514,300712,301037,-1658,0
420000,1,1,3,-2,-2,-2,-2,-2,-2,3542,2967,2977,2987,3624,3165,3010,3035,3029,3637,3222,3025,416458,417033,417023,417013,416376,416835,304,0
80000,1,1,3,-1,-1,-1,-1,-1,-1,11688,8739,10926,3355,6127,25675,8739,10926,3362,6127,25675,7606,68312,71261,69074,76645,73873,54325,4075,0
360000,1,1,3,-1,-1,-1,-1,-1,-1,1050,390,390,750,930,540,390,390,750,930,150,540,358950,359610,359610,359250,359070,359460,900,1
260000,4,1,2,-1,-1,-1,-1,-1,-1,9801,11115,11930,12954,14246,15733,1485,1300,1229,1521,1728,1610,250199,248885,248070,247046,245754,244267,66906,0
260000,2,1,2,-1,-1,-1,-1,-1,-1,5227,10100,14909,19623,20012,20466,5000,5000,5000,716,776,5000,254773,249900,245091,240377,239988,239534,68845,0
110000,2,2,2,-1,-1,-1,-1,-1,-1,64651,65920,67290,68652,69552,71008,2941,3026,3076,2638,2728,2742,45349,44080,42710,41348,40448,38992,389922,0
400000,2,1,2,-1,-1,-1,-1,-1,-1,271974,337765,138235,136102,33340,63684,100000,10007,3601,22000,35802,2013,128026,62235,261765,263898,366660,336316,807677,0
20000,3,1,2,1,3,2,2,-1,-1,15598,15055,16511,15953,16190,16777,0,2000,0,800,1000,1000,4402,4945,3489,4047,3810,3223,91284,1
170000,1,1,2,-1,-1,-1,-1,-1,2,136460,139216,143695,145550,154113,151786,4800,6500,5500,10774,0,5500,33540,30784,26305,24450,15887,18214,837746,0
70000,3,1,2,-1,-1,2,2,2,2,27915,31009,31914,32394,31574,34053,3577,1700,1300,0,3000,1385,42085,38991,38086,37606,38426,35947,177897,0
210000,1,1,2,-1,-1,-1,-1,-2,-2,840,1665,610,0,0,0,1665,610,0,0,0,3514,209160,208335,209390,210000,210000,210000,-2674,0
10000,2,1,2,-1,-1,2,-1,-1,2,6798,8055,7803,8623,9527,9780,1500,0,1100,1000,504,0,3202,1945,2197,1377,473,220,46482,1
780000,1,1,3,-1,-1,-1,-1,-1,-1,171459,178587,190663,195124,184872,191090,10000,15004,10000,8000,10028,7003,608541,601413,589337,584876,595128,588910,1051760,0
420000,1,2,2,-1,-1,-1,-1,-1,-1,413076,414013,417086,348345,287150,261219,15048,16078,12638,50700,20014,10127,6924,5987,2914,71655,132850,158781,2016284,0
280000,3,1,3,-1,-1,-1,-1,-1,-1,295786,305529,311081,313242,151292,152318,15000,10472,11334,10010,6000,200000,-15786,-25529,-31081,-33242,128708,127682,1276432,0
50000,3,2,3,-1,-1,-1,2,-1,-1,390,170,780,390,780,40418,170,1000,0,780,40418,3170,49610,49830,49220,49610,49220,9582,-2610,0
50000,3,1,3,1,2,2,2,2,2,49206,51097,50011,53469,50337,46903,3000,0,5000,2005,0,4000,794,-1097,-11,-3469,-337,3097,287018,1
60000,2,2,2,-1,-1,-1,-1,-1,-1,32961,31379,31328,30905,30237,28461,1799,3000,1420,2000,1164,2000,27039,28621,28672,29095,29763,31539,173888,0
20000,2,2,2,-1,-1,-1,-1,-1,-1,18330,17797,18731,19610,18980,38766,1291,1324,1302,672,701,788,1670,2203,1269,390,1020,-18766,126136,0
170000,2,1,2,2,2,2,2,2,2,148655,150727,154850,150893,165924,163176,6000,8000,0,19172,0,12210,21345,19273,15150,19107,4076,6824,888843,1
330000,2,1,3,-2,-2,-2,-2,-2,-2,6051,8346,8952,2732,2732,2732,8387,8996,2745,2745,2745,2734,323949,321654,321048,327268,327268,327268,3193,0
30000,1,1,2,1,2,2,-1,-1,2,20829,22689,22043,23367,24983,25437,2500,0,2000,2000,1000,0,9171,7311,7957,6633,5017,4563,131848,1
350000,1,1,3,2,-1,-1,-1,-1,-1,671,671,671,671,671,30727,671,671,671,671,30727,821,349329,349329,349329,349329,349329,319273,-150,1
290000,2,1,3,-1,-1,-1,-1,-1,-1,193650,127336,125088,123694,123518,124246,4126,4304,4000,5000,4100,4500,96350,162664,164912,166306,166482,165754,791502,0
50000,2,1,3,2,2,-1,-1,-1,-1,49943,47585,47582,21391,21867,19774,0,2500,1300,2000,700,1000,57,2415,2418,28609,28133,30226,200642,1
20000,3,2,3,1,-1,-1,-1,-1,-2,0,390,0,780,0,0,780,0,780,0,0,0,20000,19610,20000,19220,20000,20000,-390,0
30000,2,1,2,-1,-1,-1,-1,-1,-1,18526,12529,5937,5880,1680,0,1500,5937,5888,1680,0,0,11474,17471,24063,24120,28320,30000,29547,1
50000,2,3,2,-1,-1,-1,-1,-1,-1,50239,49642,48381,44113,8522,17948,1799,2060,1014,170,17948,188,-239,358,1619,5887,41478,32052,195666,0
70000,3,2,2,-1,-1,-1,-1,-1,-1,63330,62711,57774,47326,50910,55059,5024,5043,5000,5000,5000,5000,6670,7289,12226,22674,19090,14941,307043,0
310000,1,1,2,1,2,-1,-1,-1,-1,232244,157098,84865,70995,45838,36252,40,3959,2807,2000,3000,2000,77756,152902,225135,239005,264162,273748,613486,0
220000,2,1,3,-1,-1,-1,-1,-1,2,2858,1929,10417,9363,7898,5758,1000,10417,1061,525,0,313,217142,218071,209583,210637,212102,214242,24907,0
360000,3,2,2,-1,-1,-1,-1,-1,-1,686,3821,1937,944,1219,2216,3821,1937,944,1219,2216,2000,359314,356179,358063,359056,358781,357784,-1314,0
140000,1,1,2,-1,-1,-1,-1,-1,-1,1110,24629,22984,4456,3351,9038,24633,10066,4457,3353,9038,0,138890,115371,117016,135544,136649,130962,14021,0
200000,2,1,2,2,2,2,2,-1,-1,102272,104978,105924,102663,97090,98045,5000,4500,0,3500,3500,9000,97728,95022,94076,97337,102910,101955,585472,1
20000,2,1,3,-1,-1,-1,-1,2,2,14310,15665,16706,18214,18626,18196,1600,1600,2100,1000,0,1500,5690,4335,3294,1786,1374,1804,93917,1
290000,2,1,2,-1,-1,-1,-1,-1,-1,154923,159186,323836,112929,62375,63637,6507,6400,4490,2000,2306,2912,135077,130814,-33836,177071,227625,226363,852271,0
300000,2,1,2,-1,-1,-1,-1,-1,-1,76382,166051,167541,167905,167974,170428,115718,7905,6509,5874,6116,6300,223618,133949,132459,132095,132026,129572,767859,0
200000,2,1,3,3,2,2,2,2,2,2500,2500,2500,2500,2500,2500,0,0,0,0,0,0,197500,197500,197500,197500,197500,197500,15000,1
150000,1,2,2,-1,-1,-1,-1,-1,-1,76215,72149,58228,38495,35807,24871,22365,10000,3993,15838,10000,7780,73785,77851,91772,111505,114193,125129,235789,0
240000,2,2,2,-1,-1,-1,-1,-1,-1,177795,167091,161691,165177,132478,138979,8576,8200,9009,5000,10500,0,62205,72909,78309,74823,107522,101021,901926,0
450000,2,2,2,-1,-1,-1,-1,-1,-1,166295,147549,234421,240020,240016,223545,5771,90000,10517,8801,8265,9000,283705,302451,215579,209980,209984,226455,1119492,0
20000,2,2,2,-1,-1,-1,-1,-1,-1,15121,15424,15468,11082,11303,10768,1700,1488,1172,393,415,616,4879,4576,4532,8918,8697,9232,73382,0
50000,3,1,3,4,3,2,-1,-1,-1,50419,49331,48268,49075,49475,48575,0,0,2000,1000,1000,2000,-419,669,1732,925,525,1425,289143,1
190000,2,1,2,-1,-1,-1,-1,-1,-2,98814,102174,105230,17907,-93,-483,5000,5361,1000,0,0,0,91186,87826,84770,172093,190093,190483,312188,1
390000,1,1,3,-1,-1,-1,-1,-1,-1,250490,248886,204333,201825,199355,197036,9506,8000,7500,7500,7500,7100,139510,141114,185667,188175,190645,192964,1254819,0
90000,1,2,2,-1,-1,-1,-1,-1,-1,91111,81784,97541,90102,78285,70224,9400,27000,3000,2680,52930,3400,-1111,8216,-7541,-102,11715,19776,410637,0
120000,2,1,2,-1,-1,-1,2,2,2,93673,95590,101562,94307,89867,81617,4375,8485,524,6004,5,3073,26327,24410,18438,25693,30133,38383,534150,0
210000,1,2,2,-1,-1,-1,-1,-1,-1,396,396,396,396,1911,396,396,396,396,1911,396,396,209604,209604,209604,209604,208089,209604,0,0
500000,2,1,3,-1,-1,-1,-1,-1,-1,478623,466444,239921,184874,47774,34617,14000,12800,4300,3063,3600,3100,21377,33556,260079,315126,452226,465383,1411390,0
320000,1,1,3,-1,-1,-1,-1,-1,-1,22155,10853,33968,86024,232017,15622,10908,34151,86466,232242,3199,7500,297845,309147,286032,233976,87983,304378,26173,0
210000,1,2,2,-1,-1,-1,-1,-1,-1,22861,6437,61813,59024,63483,58991,6536,72037,5015,12000,5000,5000,187139,203563,148187,150976,146517,151009,167021,0
90000,2,2,2,2,-1,-1,-1,-1,-1,89094,83036,86181,86311,66572,68119,3000,4500,3500,2500,3500,3000,906,6964,3819,3689,23428,21881,459313,1
100000,2,2,2,1,-2,-2,-2,-1,-1,-342,-342,-342,-342,1158,2485,0,0,0,1500,1500,0,100342,100342,100342,100342,98842,97515,-725,0
360000,2,1,2,1,-2,-2,-2,-2,-2,0,0,0,0,0,0,0,0,0,0,0,0,360000,360000,360000,360000,360000,360000,0,0
40000,2,3,2,-1,-1,-1,-1,2,-1,20774,21778,22807,24993,24292,24800,1355,1384,2570,0,899,2006,19226,18222,17193,15007,15708,15200,131230,0
80000,1,1,3,1,-2,-2,-2,-2,-2,0,0,0,0,0,0,0,0,0,0,0,0,80000,80000,80000,80000,80000,80000,0,0
300000,1,2,2,1,-1,-1,-1,-1,-1,2915,1813,3397,4024,5363,3572,1813,3555,4024,5363,0,500,297085,298187,296603,295976,294637,296428,5829,0
130000,3,1,3,-1,-1,-1,-1,-1,-1,1261,1705,0,1261,13161,390,1705,817,1261,13161,390,390,128739,128295,130000,128739,116839,129610,54,0
480000,1,1,3,1,-2,-2,-2,-2,-2,0,0,0,0,0,0,0,0,0,0,0,0,480000,480000,480000,480000,480000,480000,0,0
320000,2,1,2,-1,-1,-1,-1,-1,-1,310243,0,189018,131916,258800,96900,0,189018,132846,130400,193800,45313,9757,320000,130982,188084,61200,223100,295500,0
330000,3,1,2,-2,-2,-2,-2,-2,-2,0,0,0,0,0,0,0,0,0,0,0,0,330000,330000,330000,330000,330000,330000,0,0
70000,1,4,2,-1,-1,-1,-1,-1,-1,63455,54722,56062,82305,42308,40507,2057,2322,1631,2942,1783,1723,6545,15278,13938,-12305,27692,29493,326901,0
240000,2,2,3,-1,-1,-1,-1,-1,-1,262206,257969,256740,246364,127177,33622,9200,12000,5700,3200,1200,1000,-22206,-17969,-16740,-6364,112823,206378,1151778,1
210000,3,2,2,-1,-1,-1,-1,-1,-1,204157,211065,206043,181945,52712,3574,10059,10120,8256,5000,4036,153904,5843,-1065,3957,28055,157288,206426,668121,0
50000,2,1,3,-1,-1,-1,2,-1,-1,390,390,780,780,390,390,390,780,390,0,390,0,49610,49610,49220,49220,49610,49610,1170,0
50000,1,1,2,-1,-1,-1,-1,-1,-1,8086,20993,16653,9346,3424,13176,21012,16653,9354,3424,13176,10868,41914,29007,33347,40654,46576,36824,-2809,0
30000,2,1,2,-1,-1,-1,-1,-1,-1,17085,19702,22978,23078,24994,25330,5000,5200,3078,5000,3000,5000,12915,10298,7022,6922,5006,4670,106889,0
310000,2,1,2,-1,-1,-1,-1,-1,-1,23285,1058,0,1312,4836,11795,1058,142,1312,4836,11795,0,286715,308942,310000,308688,305164,298205,23143,0
230000,4,2,3,2,2,2,-1,-1,-1,119730,120912,111819,93007,92122,61583,5000,0,3700,3986,2900,1057,110270,109088,118181,136993,137878,168417,582530,0
170000,2,1,2,-1,-1,-1,-1,-1,-1,91289,74457,64374,63936,60750,54248,2486,2430,2224,1957,1917,3000,78711,95543,105626,106064,109250,115752,395040,0
180000,2,1,2,1,-2,-2,-2,-2,-2,0,0,0,0,0,0,0,0,0,0,0,0,180000,180000,180000,180000,180000,180000,0,0
330000,1,1,3,-2,-2,-2,-2,-2,-2,5813,65,3775,1590,0,2130,65,3775,1590,0,2130,7700,324187,329935,326225,328410,330000,327870,-1887,0
170000,1,1,2,-1,-1,-1,-1,-1,-1,53145,52131,45987,35377,29141,21955,2005,2000,1514,1006,1000,220,116855,117869,124013,134623,140859,148045,229991,0
160000,1,2,2,2,2,2,2,2,2,101430,103870,106719,107485,108326,110635,5000,6000,4000,4100,4200,4200,58570,56130,53281,52515,51674,49365,610965,0
50000,2,2,2,-1,-1,3,2,2,2,15276,19797,19205,18600,19697,20243,4800,0,0,1700,1000,0,34724,30203,30795,31400,30303,29757,105318,1
60000,2,2,2,-1,-1,-1,-1,-1,-1,56221,58271,58446,53368,-632,15368,3000,3000,3000,0,16000,1000,3779,1729,1554,6632,60632,44632,215042,0
500000,3,1,3,-1,-1,-1,-1,-1,-1,12536,27882,35031,42145,7347,152769,28023,35477,42360,7387,153532,15603,487464,472118,464969,457855,492653,347231,-4672,0
230000,1,1,3,1,-1,-1,-1,-1,-1,-213,2302,22049,20756,8035,10766,5000,22068,2014,9000,10766,7721,230213,227698,207951,209244,221965,219234,7126,0
180000,1,1,2,1,-2,-1,-1,-2,-1,-47,-47,470,0,0,800,0,517,0,0,800,0,180047,180047,179530,180000,180000,179200,-141,0
320000,1,1,3,-1,-1,-1,-1,-1,-1,8240,8240,8240,8240,15273,16106,8240,8240,8240,15273,16106,9690,311760,311760,311760,311760,304727,303894,-1450,0
490000,1,1,2,-1,-1,-1,-1,-1,-1,189460,16769,2310,48409,296319,181627,16405,2324,25053,280695,17398,160111,300540,473231,487690,441591,193681,308373,232908,0
210000,4,1,3,-1,-1,-1,-1,-1,-1,197743,201949,208690,211925,48724,49743,7500,10000,9085,1744,1804,1816,12257,8051,1310,-1925,161276,160257,886825,0
50000,2,1,2,-1,-1,-1,-1,-1,-1,22384,13538,9199,6879,6753,5440,1320,2000,1284,264,109,390,27616,36462,40801,43121,43247,44560,58826,1
160000,3,1,2,-1,-1,-1,-1,-2,-2,25058,20624,16280,0,0,0,1344,1000,0,0,0,0,134942,139376,143720,160000,160000,160000,59618,0
80000,4,1,3,-1,-1,-1,-1,-1,-1,165578,153033,133017,19164,3272,11766,4351,3520,1000,3272,11766,1740,-85578,-73033,-53017,60836,76728,68234,460181,1
220000,1,1,3,-1,-1,-1,-1,-1,-1,1410,580,1386,-14,6160,1307,580,1386,0,6174,1307,1341,218590,219420,218614,220014,213840,218693,41,0
20000,2,1,3,-1,2,-1,-1,-1,-1,7544,7277,8215,9200,10280,16130,0,1215,1200,1280,6000,0,12456,12723,11785,10800,9720,3870,48951,1
200000,1,1,3,2,-1,-1,-1,-1,-1,416,416,416,0,832,416,416,416,0,1248,0,416,199584,199584,199584,200000,199168,199584,0,0
300000,3,1,2,1,-2,-2,-2,-2,-2,0,0,0,0,0,0,0,0,0,0,0,0,300000,300000,300000,300000,300000,300000,0,1
20000,3,1,2,3,2,2,3,3,3,1050,1050,1050,1050,1050,1050,0,0,0,0,0,0,18950,18950,18950,18950,18950,18950,6300,1
180000,1,2,2,1,-1,-1,-2,-2,-2,0,144,-35,-35,-335,-335,144,0,0,0,0,0,180000,179856,180035,180035,180335,180335,-740,0
200000,3,2,2,-2,-2,-2,-2,-1,-1,2810,7114,1981,3959,5382,0,7149,2059,3978,5403,0,0,197190,192886,198019,196041,194618,200000,2657,0
140000,2,1,2,2,2,2,2,2,2,53797,55007,56128,56713,55796,56251,2700,2600,2100,600,1500,4545,86203,84993,83872,83287,84204,83749,319647,1
150000,1,2,2,-1,-1,-1,-1,-1,-1,5856,2629,99,45,2928,519,4914,99,45,2982,0,993,144144,147371,149901,149955,147072,149481,3043,0
160000,4,1,3,-1,-1,-1,-1,-1,-1,19978,27563,28350,25186,36100,21707,10000,5002,5000,14400,10000,4000,140022,132437,131650,134814,123900,138293,110482,0
160000,2,2,2,-1,-1,-1,-1,-1,-1,163695,153009,115096,76037,152837,156042,7000,5400,4082,163107,5668,5958,-3695,6991,44904,83963,7163,3958,625501,0
200000,1,1,2,-2,-2,-2,-2,-2,-2,466,1242,4006,941,2357,2945,1242,4034,945,2366,2947,1143,199534,198758,195994,199059,197643,197055,-720,0
20000,3,2,3,1,2,2,-1,-1,-1,19481,18756,-3744,17105,17250,0,0,0,21200,345,0,0,519,1244,23744,2895,2750,20000,47303,1
260000,2,2,2,1,-2,-2,-2,-1,-1,3581,-9,-9,1935,999,0,0,0,1944,999,0,0,256419,260009,260009,258065,259001,260000,3554,0
260000,2,2,2,-1,-1,-1,-1,-1,-1,1198,1198,1198,1198,1198,1198,1198,1198,1198,1198,1198,1198,258802,258802,258802,258802,258802,258802,0,1
620000,2,1,3,-1,-1,-1,-1,-1,-1,75509,65572,59306,60479,61467,63159,3500,2500,2500,2300,3000,2500,544491,554428,560694,559521,558533,556841,369192,0
50000,1,1,2,-1,-1,-1,-1,-1,-1,37603,38672,39949,40225,25517,20655,2000,2200,1400,1000,1000,1000,12397,11328,10051,9775,24483,29345,194021,1
20000,2,1,2,-1,-1,-1,-1,-1,-1,390,390,390,0,780,0,390,390,0,780,0,0,19610,19610,19610,20000,19220,20000,390,0
190000,2,2,2,-1,-1,-1,2,-1,-1,6415,8169,10060,10633,11197,11907,2000,2000,1000,1000,1000,1000,183585,181831,179940,179367,178803,178093,50381,0
30000,2,1,2,1,2,-1,-1,-1,2,24305,23621,24346,25359,26987,26416,0,1410,1423,2051,0,2000,5695,6379,5654,4641,3013,3584,144150,1
160000,3,1,2,-1,-1,-1,-1,-1,-1,6763,1651,3107,4187,2474,192,1651,3107,4187,0,192,5510,153237,158349,156893,155813,157526,159808,3727,0
360000,2,1,3,-1,-1,-2,-1,-1,-1,12663,0,0,2455,6447,0,0,0,2455,6447,0,0,347337,360000,360000,357545,353553,360000,12663,0
20000,2,2,3,-1,-1,-1,-1,-1,-1,19157,20011,18768,1261,390,390,1500,1768,1261,390,390,390,843,-11,1232,18739,19610,19610,54278,0
150000,3,2,3,-1,-1,-1,-1,-1,-1,49728,47784,47449,47987,48051,48410,5000,6000,3000,1700,2000,2000,100272,102216,102551,102013,101949,101590,269709,0
400000,1,1,2,-1,-1,-1,-1,-1,-1,1751,7046,2026,8686,8526,4041,7046,2026,8686,8526,4041,9511,398249,392954,397974,391314,391474,395959,-7760,0
80000,3,1,3,1,-2,-2,-2,-2,-1,0,0,0,0,0,2060,0,0,0,0,2060,0,80000,80000,80000,80000,80000,77940,0,0
260000,1,1,2,-2,-2,-2,-2,-2,-2,-40,-40,-40,8117,-8,-8,0,0,8157,0,0,1673,260040,260040,260040,251883,260008,260008,-1849,0
500000,2,1,2,-1,-1,-1,-1,-1,-1,6178,825,2122,34159,3340,24752,829,2133,34313,17,24875,839,493822,499175,497878,465841,496660,475248,8370,0
240000,2,1,2,-1,-1,-1,-1,-1,-1,242805,237854,240535,242770,191520,173461,10000,11000,9248,8005,8000,8000,-2805,2146,-535,-2770,48480,66539,1274692,0
50000,2,1,2,2,-1,-1,-1,-1,-1,49444,50621,49326,29584,19665,19799,2306,2155,1086,19001,906,1500,556,-621,674,20416,30335,30201,191485,0
10000,2,1,2,2,-1,-1,-1,-1,-1,9075,8593,9582,8986,9691,9889,2000,1300,1200,1000,1000,569,925,1407,418,1014,309,111,48747,0
50000,1,1,3,1,-2,-1,-1,-2,-2,0,0,1708,0,0,0,0,1708,0,0,0,0,50000,50000,48292,50000,50000,50000,0,0
150000,2,1,3,-1,-1,-1,-1,-1,-1,140172,141528,141411,143748,147159,151185,5507,4007,5001,5003,6001,5000,9828,8472,8589,6252,2841,-1185,834684,0
150000,1,1,3,-2,-1,-1,-1,-1,-1,0,1003,1003,35206,36003,16854,1003,1003,35206,2000,18158,189000,150000,148997,148997,114794,113997,133146,-156301,0
130000,3,2,2,-1,-1,-1,-1,-1,-1,29344,3268,6186,700,1680,0,1107,3025,707,1680,0,0,100656,126732,123814,129300,128320,130000,34659,0
120000,2,2,2,1,2,-1,-1,-1,-1,21786,22126,23763,25059,25641,26228,1000,2000,2000,1000,1000,1000,98214,97874,96237,94941,94359,93772,136603,0
50000,3,2,2,-1,-1,-1,-1,-1,-1,39753,40701,41342,41424,41182,41187,2000,2000,2000,1600,2000,2000,10247,9299,8658,8576,8818,8813,233989,1
160000,1,1,3,1,2,-1,-1,-1,-1,63446,63501,65439,66761,67628,68983,1699,2960,3007,2573,2600,3008,96554,96499,94561,93239,92372,91017,379911,0
70000,2,2,2,-1,-1,-1,-1,-1,-1,120766,55164,41549,31966,31071,30476,4000,2000,1500,1200,1500,1500,-50766,14836,28451,38034,38929,39524,299292,1
380000,1,2,3,-1,-1,-1,-1,-1,-1,245069,251731,257028,266487,269786,265312,12000,10600,15000,9800,10000,10000,134931,128269,122972,113513,110214,114688,1488013,0
280000,1,2,3,-2,-2,-2,-2,-2,-2,2180,251,4250,1000,5507,5348,251,4250,1000,5507,5348,433,277820,279749,275750,279000,274493,274652,1747,0
50000,3,1,2,-1,-1,-2,-2,-2,-2,51400,0,0,0,0,0,0,0,0,0,0,0,-1400,50000,50000,50000,50000,50000,51400,1
30000,2,1,2,-1,-1,-1,2,-1,-1,8348,9678,12702,12206,12701,13839,1476,3500,0,1000,1500,0,21652,20322,17298,17794,17299,16161,61998,1
260000,1,2,2,-2,-2,-2,-2,-2,-2,256,188,188,198,217,1825,188,188,198,217,1825,198,259744,259812,259812,259802,259783,258175,58,0
210000,2,2,2,-1,-1,-1,-1,-1,-1,131956,134755,139089,140488,143649,146834,5000,6507,5200,5500,5500,5510,78044,75245,70911,69512,66351,63166,803554,0
320000,1,2,2,-1,-1,-1,-1,-1,-1,1043,0,20012,34438,1082,8807,0,20012,15000,1082,8807,787,318957,320000,299988,285562,318918,311193,19694,0
480000,1,1,3,-1,-1,-1,-1,-1,-1,76750,103618,127402,7302,5155,10492,30000,30000,9398,5155,4101,14254,403250,376382,352598,472698,474845,469508,237811,0
80000,1,1,3,1,2,2,2,2,2,45619,46567,47522,48373,47442,50501,2000,2000,2000,0,4000,0,34381,33433,32478,31627,32558,29499,276024,0
100000,2,2,3,-1,-1,-1,2,-1,-1,42529,43526,46628,45578,46486,47457,1703,3805,0,1663,1719,1728,57471,56474,53372,54422,53514,52543,261586,0
70000,1,2,2,-1,-1,-1,-1,-1,-1,47873,52440,55961,63341,64694,67905,6000,5000,10000,3000,5000,3000,22127,17560,14039,6659,5306,2095,320214,0
300000,1,3,2,-1,-1,-1,-1,-1,-1,298,750,179,1576,497,-3,752,179,1579,1,0,1246,299702,299250,299821,298424,299503,300003,-460,0
150000,1,2,3,-1,-1,-1,-1,-1,-1,104320,82478,73465,10000,10000,10000,2433,1786,10000,10000,10000,0,45680,67522,76535,140000,140000,140000,256044,0
140000,1,3,3,-1,-1,-1,-1,-1,-1,130138,132726,135494,136679,130812,67349,4756,4912,3781,2500,3000,2700,9862,7274,4506,3321,9188,72651,711549,1
360000,1,1,2,-1,-1,-1,-1,-1,-1,30956,30814,42791,31830,30693,596,30818,42887,31839,30693,3,30899,329044,329186,317209,328170,329307,359404,541,0
500000,3,1,3,-1,-1,-1,-1,-1,-1,18033,8783,13202,16546,12585,14287,8783,13357,16600,12585,14287,25793,481967,491217,486798,483454,487415,485713,-7969,0
320000,2,2,2,2,-1,-1,2,-1,-1,283743,289508,302561,283356,275361,268871,12013,21041,1514,9122,9518,9209,36257,30492,17439,36644,44639,51129,1640983,1
190000,1,1,3,-1,-1,2,2,-2,-2,231,3421,3190,0,0,0,3190,0,0,0,0,0,189769,186579,186810,190000,190000,190000,3652,0
50000,3,1,3,-1,-1,-1,-1,-2,-2,18139,9198,10000,0,0,0,1198,1000,0,0,0,0,31861,40802,40000,50000,50000,50000,35139,1
50000,2,2,2,-1,-1,-1,-1,-1,-1,52711,47302,48540,48355,18184,18591,1769,2007,1822,651,700,1000,-2711,2698,1460,1645,31816,31409,225734,1
290000,1,2,2,-1,-1,-1,-1,-1,-1,124626,115239,113494,100847,80295,82085,3900,4864,5000,2792,3000,2642,165374,174761,176506,189153,209705,207915,594388,0
110000,4,1,2,-1,-1,-1,-1,-1,-1,58949,60131,61329,62402,63112,64325,3000,3000,3000,2500,3000,2500,51051,49869,48671,47598,46888,45675,353248,0
210000,2,2,2,-1,-1,-1,-1,-1,-1,189650,127111,93208,88223,84175,80305,5000,4200,3100,3000,3100,3000,20350,82889,116792,121777,125825,129695,641272,0
20000,3,2,2,1,2,-1,-1,-1,-1,20450,17861,18967,19633,18187,18568,0,1700,1300,651,674,756,-450,2139,1033,367,1813,1432,108585,1
90000,3,1,2,-1,-1,-1,-1,-1,-1,86821,71263,73515,74100,23500,23500,4000,4000,3000,0,0,0,3179,18737,16485,15900,66500,66500,341699,0
120000,2,2,2,-1,-1,2,2,-2,-2,66,584,259,-66,-391,-716,843,0,66,325,325,325,119934,119416,119741,120066,120391,120716,-2148,0
20000,2,1,3,3,2,2,2,-1,-1,7283,7021,11208,8818,6704,7364,0,4500,0,1000,2000,3000,12717,12979,8792,11182,13296,12636,37898,1
270000,2,2,2,-1,-1,2,2,2,2,21129,16616,16911,14692,13907,10660,1697,2500,0,1000,0,2000,248871,253384,253089,255308,256093,259340,86718,0
190000,2,2,3,-1,-1,-1,-1,-1,-1,33798,34931,36064,37160,38237,39464,2000,2000,2000,2000,2000,2000,156202,155069,153936,152840,151763,150536,207654,0
200000,3,2,2,-2,-2,-2,-2,-2,-2,655,270,880,0,0,0,270,880,0,0,0,0,199345,199730,199120,200000,200000,200000,655,0
340000,2,1,2,-1,-1,-1,-1,-1,-1,38214,39229,40747,41930,43397,44710,1500,2000,2000,2000,2000,2000,301786,300771,299253,298070,296603,295290,236727,0
310000,1,2,2,-1,-1,-1,-1,-1,-1,10878,12910,990,0,1715,11936,12910,990,0,1715,11936,277,299122,297090,309010,310000,308285,298064,10601,0
180000,3,1,2,-1,-1,-1,-1,-1,-1,56951,57941,58994,60047,61389,63048,2100,2150,2200,2500,3000,1000,123049,122059,121006,119953,118611,116952,345420,0
80000,2,2,2,-1,-1,-1,-1,-1,-1,78239,80426,81767,78340,36895,39079,4500,5009,5000,2000,4000,1500,1761,-426,-1767,1660,43105,40921,372737,1
510000,3,2,2,1,-1,-1,-1,-1,-1,0,14370,17023,9706,7271,9551,14370,3500,2500,1380,2380,3000,510000,495630,492977,500294,502729,500449,30791,1
200000,1,1,3,-1,-1,-1,-1,-1,-1,75811,77554,79418,80608,81297,83602,4001,3501,3501,3001,4001,4001,124189,122446,120582,119392,118703,116398,456284,0
100000,1,2,2,-1,-1,-1,-1,-1,2,15585,12430,8186,1127,10880,10143,5000,5000,1127,10143,0,7000,84415,87570,91814,98873,89120,89857,30081,0
150000,2,2,2,-1,-1,-1,-1,-1,-1,4301,8246,12865,817,1095,1393,4000,5064,821,1100,1393,3796,145699,141754,137135,149183,148905,148607,12543,1
400000,2,1,2,-1,-1,-1,-1,-1,-1,212647,148816,129580,50790,49106,40591,6000,9353,10000,49106,2000,2000,187353,251184,270420,349210,350894,359409,553071,0
130000,2,1,3,1,2,2,2,2,2,5230,4998,7898,7021,46431,45891,0,3000,0,40200,0,780,124770,125002,122102,122979,83569,84109,73489,1
420000,2,1,2,-1,-1,-1,-1,-1,-1,9288,16880,28690,13310,3539,2926,17095,28824,13367,3547,2936,9580,410712,403120,391310,406690,416461,417074,-716,0
340000,1,2,3,-1,-1,-1,-1,-1,-1,1190,2988,390,1489,2140,1190,2988,390,1489,2140,1190,1190,338810,337012,339610,338511,337860,338810,0,0
200000,1,1,2,-1,-1,-1,-1,-1,-1,1990,1186,4078,3000,3849,4479,1186,4092,3000,3849,4479,8120,198010,198814,195922,197000,196151,195521,-6144,0
420000,2,1,2,-1,-1,2,2,-2,-2,203843,21400,800,0,0,0,3200,0,0,0,0,0,216157,398600,419200,420000,420000,420000,222843,0
50000,1,2,2,-1,-1,-1,-1,-1,-1,27465,24125,47444,43028,43719,0,24125,60003,5000,30000,34000,0,22535,25875,2556,6972,6281,50000,32653,0
280000,1,2,2,-1,-1,-1,-1,-1,-1,148186,150724,153762,155242,143679,145615,5000,5006,4408,4117,4600,4600,131814,129276,126238,124758,136321,134385,869477,0
280000,1,2,2,2,-1,-1,-1,-1,-1,278510,279845,0,189841,193313,192742,6996,0,189841,6022,6078,5300,1490,155,280000,90159,86687,87258,920014,1
60000,3,1,3,-1,-1,-1,-1,-1,-1,56869,57976,54398,46937,19085,19506,2110,2131,2010,1000,1000,1000,3131,2024,5602,13063,40915,40494,245520,0
360000,1,1,2,-1,-1,-1,-1,-1,-1,2040,894,1228,746,2153,307,897,1234,749,2163,308,298,357960,359106,358772,359254,357847,359693,1719,0
220000,2,2,2,1,2,-1,-1,-1,-1,224244,210290,179645,166753,82058,20650,0,6800,6640,4100,1100,0,-4244,9710,40355,53247,137942,199350,865000,1
20000,2,2,2,-1,-1,-1,-1,-1,-1,16465,18470,18877,19604,19800,0,3000,1473,1200,396,0,0,3535,1530,1123,396,200,20000,87147,0
160000,1,1,3,1,-2,-2,-2,-2,-2,0,0,0,0,0,0,0,0,0,0,0,0,160000,160000,160000,160000,160000,160000,0,1
20000,3,2,3,-1,-1,-2,-1,-1,-1,170,-220,-610,390,0,19993,0,0,1390,0,20773,400,19830,20220,20610,19610,20000,7,-2840,0
180000,2,1,2,-2,-2,-2,-2,-2,-2,3187,3198,264,7352,1385,7880,3198,264,7373,1385,7880,0,176813,176802,179736,172648,178615,172120,3166,0
500000,1,2,2,-1,-1,-1,-1,-1,-1,28498,26117,29717,36485,6174,7148,5000,5000,8006,2,2021,7726,471502,473883,470283,463515,493826,492852,106384,0
20000,2,1,2,-1,-1,-1,-1,-1,2,9662,10673,11998,13010,13750,13389,1180,1505,1517,1257,0,900,10338,9327,8002,6990,6250,6611,66123,1
20000,2,2,2,-2,-2,-2,-2,-2,-2,2216,2199,1530,750,2280,1500,2199,1530,750,1140,3000,780,17784,17801,18470,19250,17720,18500,1076,0
250000,3,2,3,-1,-1,-1,-1,-1,-1,98015,100706,35960,26244,26690,31222,4541,1820,1500,1000,5000,3000,151985,149294,214040,223756,223310,218778,301976,0
320000,2,1,2,-1,-1,-1,-1,-1,-1,208207,9222,10244,11255,11478,11720,1154,1176,1187,410,426,428,111793,310778,309756,308745,308522,308280,257345,0
470000,2,2,2,-1,-1,-1,-1,-1,-1,19419,11006,15171,27319,31029,19211,11070,15202,27329,30203,33,16506,450581,458994,454829,442681,438971,450789,22812,0
180000,3,2,2,-1,-1,-1,-1,-1,-1,51496,51588,51869,52999,52096,52704,1838,2000,2468,1850,1909,1902,128504,128412,128131,127001,127904,127296,300785,0
170000,2,2,2,1,-2,-1,2,2,-2,-1000,-1000,1000,1000,0,0,0,2000,0,0,0,0,171000,171000,169000,169000,170000,170000,-2000,0
20000,3,1,3,-1,-1,2,-1,-1,2,8541,5577,5346,9984,19089,18356,5577,0,5000,10089,0,2000,11459,14423,14654,10016,911,1644,44227,0
280000,2,1,3,-1,-1,-1,-1,-1,-1,127636,128334,116879,117912,118998,116067,4300,5000,4300,3729,3800,4500,152364,151666,163121,162088,161002,163933,700197,0
290000,2,1,2,-1,-1,-1,-1,-1,-1,42512,23991,22416,17016,12567,17199,3000,2010,3000,3000,5000,5000,247488,266009,267584,272984,277433,272801,114691,0
60000,1,2,2,-1,2,2,-1,-1,-2,780,390,-2750,360,-30,-420,0,0,5500,0,0,0,59220,59610,62750,59640,60030,60420,-7170,1
130000,1,2,1,-1,-1,-1,-1,-1,-1,2881,670,1919,3671,13861,21782,670,1919,3671,13861,10000,5235,127119,129330,128081,126329,116139,108218,9428,0
100000,3,1,3,7,6,5,4,3,2,33816,33024,32308,31399,30448,29933,0,60,0,0,0,118,66184,66976,67692,68601,69552,70067,190750,0
60000,1,2,2,1,2,-1,-1,2,-1,104492,53348,52817,57954,56556,55220,5200,3000,8500,0,4000,7000,-44492,6652,7183,2046,3444,4780,352687,0
100000,2,2,2,-1,2,-1,-1,-1,-1,4080,2271,4100,7980,0,9487,0,4107,7980,0,9487,8333,95920,97729,95900,92020,100000,90513,-1989,0
50000,1,2,2,1,2,2,2,2,2,48212,49207,49914,48382,50693,50364,2500,2200,0,3800,1000,1500,1788,793,86,1618,-693,-364,285772,0
550000,1,1,3,-2,-2,-2,-2,-2,-2,21788,0,1091,2291,1000,150,0,1091,2309,1000,150,750,528212,550000,548909,547709,549000,549850,21020,0
100000,2,1,3,1,2,2,-1,-1,-1,22648,23978,23312,24617,25109,25654,2000,0,2000,1200,1100,1200,77352,76022,76688,75383,74891,74346,137818,1
280000,2,1,2,-1,-1,-2,-2,-2,-2,3300,0,0,0,0,0,0,0,0,0,0,0,276700,280000,280000,280000,280000,280000,3300,0
30000,2,2,2,-1,2,2,2,2,2,17578,17988,20374,20738,22253,24748,1000,3000,1000,2170,3000,0,12422,12012,9626,9262,7747,5252,113509,0
230000,1,2,3,-2,-2,-2,-2,-2,-2,50500,22771,2652,12097,30096,8961,22771,2652,12097,30096,8961,38591,179500,207229,227348,217903,199904,221039,11909,0
80000,2,1,3,-1,-1,-1,-1,-1,-1,1798,2302,1604,3612,2608,1604,2310,1100,3612,600,600,1631,78202,77698,78396,76388,77392,78396,3675,0
80000,1,2,2,-1,-1,-1,-1,-1,-1,59991,63371,65616,36159,36712,38194,5000,4000,2500,2500,2000,1000,20009,16629,14384,43841,43288,41806,283043,0
50000,2,2,2,-1,-1,-1,-1,-1,-1,50275,45673,48833,31769,9713,9521,2000,5000,2500,500,317,1000,-275,4327,1167,18231,40287,40479,184467,0
50000,2,1,3,-1,-1,-1,-1,-1,-1,1853,3656,4400,0,1704,3715,2000,1000,0,1704,2011,0,48147,46344,45600,50000,48296,46285,8613,0
280000,1,2,2,-2,-2,-2,-2,-2,-2,198,1979,500,55176,5950,289,1979,500,55176,5950,289,6757,279802,278021,279500,224824,274050,279711,-6559,0
290000,1,1,3,-1,-1,-1,-1,-1,-1,97193,98441,95169,93718,89712,82809,6000,4000,4250,5000,3241,3500,192807,191559,194831,196282,200288,207191,531051,0
50000,3,2,3,-1,-1,-1,-1,-1,-1,44681,45736,46658,44441,18559,17781,2100,2009,2013,700,1000,1000,5319,4264,3342,5559,31441,32219,209034,0
140000,2,2,3,-2,-2,-1,-1,-2,-2,-10,-10,1066,0,0,0,0,1076,0,0,0,0,140010,140010,138934,140000,140000,140000,-30,0
80000,2,1,3,-1,-1,-1,-1,-1,-1,435,4495,5333,7136,7599,7554,4495,1500,2500,1000,500,1000,79565,75505,74667,72864,72401,72446,21557,0
280000,1,2,2,-1,-1,-1,-1,-1,-1,4524,2625,4401,5039,6913,7350,2000,3000,3000,3000,3000,3000,275476,277375,275599,274961,273087,272650,13852,0
20000,3,2,3,-1,-1,-1,2,3,5,7790,9985,12001,13978,15932,17572,2500,2500,2500,2500,2500,2500,12210,10015,7999,6022,4068,2428,62258,0
470000,2,1,3,-1,-1,-1,-1,-2,-2,20614,37791,29581,25482,-2764,-11049,37978,29734,25630,297,28,29942,449386,432209,440419,444518,472764,481049,-23954,0
350000,2,2,2,-1,-1,-1,2,-1,-1,25507,26580,31802,30895,27158,27927,1800,6000,0,1000,1000,668,324493,323420,318198,319105,322842,322073,159401,0
170000,2,1,2,-1,-1,-1,-1,-1,-1,35923,37323,38420,40468,41793,43952,2000,2000,3000,2000,3000,2000,134077,132677,131580,129532,128207,126048,223879,0
200000,1,1,2,-1,-1,-1,-1,-1,-1,990,1000,6855,1500,9181,7443,1010,6855,1500,9181,7443,2009,199010,199000,193145,198500,190819,192557,-1029,0
360000,3,1,2,1,-1,-1,-1,-2,-2,0,4359,328,3721,3150,150,4359,328,3721,3150,150,999,360000,355641,359672,356279,356850,359850,-999,0
140000,2,2,3,-1,-1,-1,-1,-1,-1,144904,143827,141805,26141,7373,81185,10000,10000,5000,6000,76000,3000,-4904,-3827,-1805,113859,132627,58815,435235,1
240000,2,1,3,-1,-1,-1,-1,-1,-1,238902,241717,240041,231036,194520,195392,8135,8685,10252,7016,7033,7019,1098,-1717,-41,8964,45480,44608,1293468,1
500000,1,1,2,-1,-1,-1,-1,-1,-1,305575,231984,228765,185694,179853,178763,9824,10910,7239,5576,6717,6128,194425,268016,271235,314306,320147,321237,1264240,0
190000,1,2,2,2,2,2,2,-1,-1,154258,166118,170001,165797,167654,178044,14500,8000,0,6100,13100,0,35742,23882,19999,24203,22346,11956,960172,1
200000,2,1,2,-1,-1,-1,-1,-1,-1,74150,66378,60722,53769,45928,38238,3000,5000,3000,2000,2000,3000,125850,133622,139278,146231,154072,161762,321185,0
210000,1,2,3,-1,-1,-1,-1,-1,-1,326,326,326,326,326,326,326,326,326,326,326,326,209674,209674,209674,209674,209674,209674,0,1
30000,1,2,2,-1,-1,-1,-2,-2,-2,1772,9619,-6,-6,-6,-6,9647,0,0,0,0,2011,28228,20381,30006,30006,30006,30006,-291,0
50000,2,1,2,-1,-1,-1,-1,-1,-1,47599,48542,49691,49172,9957,10044,2000,2200,1148,500,500,376,2401,1458,309,828,40043,39956,208281,1
360000,1,1,3,-1,-1,-1,-1,-2,-2,229,4240,2500,0,0,0,4261,2500,0,0,0,0,359771,355760,357500,360000,360000,360000,208,0
280000,2,1,3,-1,-1,-1,-1,-1,-1,149803,131171,132165,133948,133070,135089,6150,6256,6275,5012,5363,4000,130197,148829,147835,146052,146930,144911,782190,0
360000,1,1,2,-2,-2,-2,-2,-2,-2,0,0,0,0,0,0,0,0,0,0,0,0,360000,360000,360000,360000,360000,360000,0,1
50000,2,2,2,-1,-1,-1,-1,-1,2,47990,43288,44569,47291,50398,23675,1997,2278,4000,4000,0,0,2010,6712,5431,2709,-398,26325,244936,0
270000,3,1,3,-1,-1,-1,-1,-1,-1,161999,165303,168837,172281,175705,179582,6000,6200,6254,6290,6710,8250,108001,104697,101163,97719,94295,90418,984003,0
20000,2,1,2,-1,-1,-1,-1,-1,-2,17622,19996,15467,15863,0,0,3000,2000,1000,0,0,0,2378,4,4533,4137,20000,20000,62948,0
200000,2,1,2,-1,-1,-1,-1,-1,-1,4757,6170,7408,8250,9250,9750,1500,1500,1000,1000,500,1500,195243,193830,192592,191750,190750,190250,38585,0
320000,2,1,2,-1,-1,-1,-1,-1,-1,103918,93768,91523,91579,91193,92837,9203,3317,3506,4218,5000,6080,216082,226232,228477,228421,228807,227163,533494,0
230000,2,1,2,-1,-1,-1,-1,-1,-1,21374,23695,25996,28240,30450,31798,3000,3000,3000,3000,2000,3000,208626,206305,204004,201760,199550,198202,144553,0
350000,3,1,2,-1,-1,-1,-1,-1,-1,218605,166310,166106,100151,50340,51400,6222,7174,4200,2400,2400,2500,131395,183690,183894,249849,299660,298600,728016,0
220000,1,2,2,-2,-2,-2,-2,-2,-2,1172,2917,170,5758,792,2538,2917,170,5789,792,2538,4031,218828,217083,219830,214242,219208,217462,-2890,1
50000,2,1,2,-1,-1,-1,-1,-1,-1,22188,20501,22161,24784,26750,29632,2000,2000,3000,2700,3500,1000,27812,29499,27839,25216,23250,20368,131816,0
20000,3,2,3,-1,-1,2,2,-1,-1,13543,16434,17452,16879,17059,17263,3132,1577,0,757,628,700,6457,3566,2548,3121,2941,2737,91836,1
390000,1,2,2,-1,-1,-1,-1,-1,-1,35745,12935,20868,14411,18969,8637,13000,20971,14487,19020,43,14753,354255,377065,369132,375589,371031,381363,29291,0
120000,2,1,2,-1,-1,-1,-1,-1,-1,30000,0,10780,0,12000,0,0,10780,0,12000,0,1000,90000,120000,109220,120000,108000,120000,29000,0
490000,1,1,3,-1,-1,-1,-1,-1,-1,79712,81707,85703,87725,88727,91483,3000,5000,4000,3000,4000,5000,410288,408293,404297,402275,401273,398517,491057,0
190000,2,2,2,-1,-1,-1,2,2,2,79838,81523,83530,87126,84165,89017,4000,5000,6000,0,6500,574,110162,108477,106470,102874,105835,100983,483125,0
150000,4,1,3,-1,-1,-1,-1,-1,-1,291,291,291,432,441,882,291,291,432,300,882,0,149709,149709,149709,149568,149559,149118,432,0
150000,4,1,3,2,-1,-1,-1,-1,-1,143947,147394,142991,146745,149526,147034,4742,4847,4997,4120,4133,3993,6053,2606,7009,3255,474,2966,850805,0
270000,1,1,2,-1,-1,-1,-1,-1,-1,174532,167536,171865,176167,105523,45258,6900,7900,8800,4700,2100,60000,95468,102464,98135,93833,164477,224742,750481,1
150000,2,1,2,-1,-1,2,2,2,2,122375,132631,129099,136717,133030,141193,12300,0,11300,0,10500,5200,27625,17369,20901,13283,16970,8807,755745,0
600000,1,1,2,-1,-1,-1,-1,-1,-1,372396,416438,459749,455910,463611,466570,50000,50000,15000,20000,15000,7000,227604,183562,140251,144090,136389,133430,2477674,0
240000,1,2,2,-1,-1,-1,-1,-1,-1,213483,216856,220514,217068,5886,11841,8008,10038,10029,1038,7000,0,26517,23144,19486,22932,234114,228159,849535,0
100000,1,1,2,-1,-1,-1,-1,-1,-1,91176,95664,99226,99838,21435,0,6000,6000,4000,5000,0,0,8824,4336,774,162,78565,100000,386339,0
260000,1,2,2,-1,-1,-1,-1,-1,-1,500,0,832,0,284,463,0,832,0,284,463,0,259500,260000,259168,260000,259716,259537,500,1
80000,3,1,3,-1,-1,-1,-2,-1,-1,6959,3959,-41,-41,1759,4703,3000,0,0,1800,3000,3000,73041,76041,80041,80041,78241,75297,6498,0
20000,3,2,3,2,3,2,2,2,2,9417,9119,10015,9705,10540,10825,0,1200,0,1000,600,0,10583,10881,9985,10295,9460,9175,56821,1
260000,2,1,3,-1,-1,-1,-1,-1,-1,225844,219261,206742,255079,208755,196701,10030,10000,65500,10000,8000,10000,34156,40739,53258,4921,51245,63299,1198852,0
370000,1,1,3,1,-2,-2,-2,-2,-2,0,0,0,0,0,0,0,0,0,0,0,0,370000,370000,370000,370000,370000,370000,0,0
70000,2,2,2,-1,-1,-1,-1,-1,-1,101284,71451,66937,38521,34149,38819,2864,2501,1417,1500,5050,1279,-31284,-1451,3063,31479,35851,31181,336550,0
270000,3,2,2,-1,-1,-1,-1,-1,-1,188929,191179,171057,163865,167289,167928,10089,7009,7506,10007,6007,6504,81071,78821,98943,106135,102711,102072,1003125,0
250000,2,2,3,-1,-1,-1,-1,-1,-1,175070,175494,175711,153130,153859,103593,8000,6018,6887,6000,4001,12000,74930,74506,74289,96870,96141,146407,893951,0
70000,3,2,2,-1,-1,-1,-1,-1,-1,18219,19606,20980,22320,22650,23136,2000,2000,2000,1000,1000,2100,51781,50394,49020,47680,47350,46864,116811,0
160000,2,1,3,1,-2,-2,-2,-2,-2,0,0,0,0,0,0,0,0,0,0,0,2535,160000,160000,160000,160000,160000,160000,-2535,0
300000,1,2,2,-1,-1,-1,-1,-1,-1,17975,14032,13145,11890,12695,13763,1510,1519,2000,1005,2068,0,282025,285968,286855,288110,287305,286237,75398,0
280000,3,1,2,-1,-1,-1,-1,-1,-1,1466,1466,25482,24942,23944,23068,1473,25489,1348,816,934,20007,278534,278534,254518,255058,256056,256932,50301,0
210000,1,1,2,-1,-1,-1,2,-1,-1,330,330,660,330,660,330,330,660,0,660,0,330,209670,209670,209340,209670,209340,209670,660,0
200000,1,2,2,2,2,-1,-1,-1,-1,234069,8206,1892,8484,4602,67037,16412,1892,8484,4602,67037,9541,-34069,191794,198108,191516,195398,132963,216322,0
50000,1,2,2,3,2,2,3,3,3,1050,1050,1050,1050,1050,1050,0,0,0,0,0,0,48950,48950,48950,48950,48950,48950,6300,1
60000,2,1,3,-1,-1,-1,-1,-1,-1,6471,7487,9356,10392,11214,12028,1131,2000,1200,1000,1000,1000,53529,52513,50644,49608,48786,47972,49617,0
50000,2,2,2,-1,-1,-1,-1,-1,-1,52045,49714,50908,49756,27702,27429,2000,2005,1432,1008,3007,2003,-2045,286,-908,244,22298,22571,246099,0
50000,2,1,2,1,2,-1,-1,-1,-1,48047,46593,46945,21260,70,29575,0,2052,1800,0,29935,1200,1953,3407,3055,28740,49930,20425,157503,1
140000,2,1,2,-1,-1,-1,-1,-1,-1,92861,87249,87188,86973,85854,85839,3992,4100,4000,3162,3500,3210,47139,52751,52812,53027,54146,54161,504000,0
150000,1,1,2,-1,-1,-2,-2,-2,-1,15000,0,0,0,0,11694,0,0,0,0,11694,30000,135000,150000,150000,150000,150000,138306,-15000,0
230000,1,2,2,-1,-1,-1,-1,-1,-1,56754,57171,56150,57074,50670,50652,3000,2100,2300,2000,2000,2000,173246,172829,173850,172926,179330,179348,315071,0
310000,1,1,3,-2,-2,-2,-2,-2,-2,-150,-150,-150,-150,-150,-150,0,0,0,0,0,0,310150,310150,310150,310150,310150,310150,-900,0
500000,1,1,3,1,-1,-1,-1,-1,-1,0,1200,163,1131,150,165,1200,163,1142,150,165,8530,500000,498800,499837,498869,499850,499835,-8541,0
170000,1,2,2,-2,-2,-2,-2,-2,-2,5470,1701,18406,-979,-1304,2371,2000,19000,0,0,4000,15000,164530,168299,151594,170979,171304,167629,-14335,0
230000,1,1,3,1,-1,-1,-1,-1,-1,0,1482,2140,2360,2620,0,1482,2140,2560,2620,0,0,230000,228518,227860,227640,227380,230000,-200,1
50000,2,2,3,-1,-1,-1,-1,-1,-1,19949,19356,19849,20301,17951,17254,2000,2000,2000,1000,1000,1000,30051,30644,30151,29699,32049,32746,105660,0
170000,2,1,2,-1,2,2,-1,-1,-2,917,917,0,2038,0,0,0,0,2038,0,0,0,169083,169083,170000,167962,170000,170000,1834,0
340000,2,1,2,-1,-1,-1,-1,-1,-1,335002,319219,271435,267100,263741,267488,12510,12101,10045,10010,10000,9800,4998,20781,68565,72900,76259,72512,1659519,1
220000,2,2,2,-1,-1,-1,-1,-1,-1,237976,232993,229896,226036,222487,210628,8300,8500,8000,7900,7800,8000,-17976,-12993,-9896,-6036,-2487,9372,1311516,0
60000,2,1,3,-1,-1,-1,-1,-1,-1,25513,13941,13265,13645,14538,14923,1300,1600,1300,1500,1000,2000,34487,46059,46735,46355,45462,45077,87125,0
200000,1,2,2,-1,-1,-1,-1,-1,-1,1201,0,973,0,161,1174,0,973,0,161,1174,598,198799,200000,199027,200000,199839,198826,603,0
350000,2,2,2,-1,-1,-1,-1,-1,-1,38021,29493,31838,32369,33478,83304,3000,3000,3000,1500,52000,3000,311979,320507,318162,317631,316522,266696,183003,0
60000,2,2,3,-1,-1,-1,-1,-1,-1,99114,97895,94204,95986,13529,16099,3700,3000,4000,1500,3250,1000,-39114,-37895,-34204,-35986,46471,43901,400377,0
100000,2,2,1,-2,-2,-2,-2,-1,-1,0,0,0,0,60,210,0,0,0,60,300,3700,100000,100000,100000,100000,99940,99790,-3790,0
70000,1,2,2,1,2,2,2,2,2,67065,68358,69670,70918,72165,70755,3000,3000,3000,3000,0,8300,2935,1642,330,-918,-2165,-755,398631,1
360000,1,1,2,-1,-1,-1,-1,-1,-1,3738,2019,4979,0,4974,4974,2019,4979,0,4974,0,72322,356262,357981,355021,360000,355026,355026,-63610,0
100000,2,1,1,-1,-1,-1,-2,-2,-2,1200,2100,0,0,0,0,2100,0,0,0,0,4332,98800,97900,100000,100000,100000,100000,-3132,1
290000,1,2,3,-2,-2,-2,-2,-2,-2,822,836,12,-824,-3830,-4220,850,12,0,2170,0,5000,289178,289164,289988,290824,293830,294220,-15236,0
380000,2,1,3,1,-2,-2,-2,-2,-2,0,0,0,0,0,0,0,0,0,0,0,0,380000,380000,380000,380000,380000,380000,0,1
380000,1,2,2,-1,-1,-1,-1,-1,-1,77994,79099,80828,82583,84687,84832,3000,3000,3100,3500,3500,3200,302006,300901,299172,297417,295313,295168,470723,0
60000,2,1,3,-1,-1,-1,-1,-1,-1,60035,60776,49802,50965,19275,17976,2380,2262,3000,1500,1000,1500,-35,-776,10198,9035,40725,42024,247187,1
320000,3,2,1,-1,-1,-1,-1,-1,-1,67264,67207,0,2615,221073,225361,3231,0,2615,228975,8176,8226,252736,252793,320000,317385,98927,94639,332297,0
80000,2,1,3,2,2,2,2,2,-1,35169,39069,38166,40642,39689,41043,4500,0,3427,0,2000,3000,44831,40931,41834,39358,40311,38957,220851,1
280000,1,1,2,-1,-1,-1,-1,-1,-1,33687,21575,23926,23102,22734,29434,5000,3000,10000,10000,16934,10234,246313,258425,256074,256898,257266,250566,99290,0
110000,2,1,2,2,2,2,2,-1,-1,103202,69917,68917,69141,135478,71875,2500,2494,2477,2500,3003,3000,6798,40083,41083,40859,-25478,38125,502556,1
310000,2,2,3,2,-1,-1,-1,-1,-1,102064,104072,105063,107113,109263,120347,5030,4000,3633,3671,12600,0,207936,205928,204937,202887,200737,189653,618988,1
230000,1,2,1,-1,-1,-1,-1,-1,-1,28534,27104,24415,29002,12415,10607,15222,10016,10083,5030,5003,5043,201466,202896,205585,200998,217585,219393,81680,0
200000,3,2,1,1,-1,-1,-2,-1,-1,0,1500,0,0,1000,1000,1500,0,0,1000,1000,0,200000,198500,200000,200000,199000,199000,0,1
70000,2,2,1,-1,-1,-1,-1,-1,-1,58305,61710,64114,66775,161,5746,5000,4000,5000,161,5800,1500,11695,8290,5886,3225,69839,64254,235350,0
210000,2,1,2,-1,-1,-1,-1,-1,-1,62809,64781,65847,46992,47073,47283,3018,2824,1757,1674,1717,1741,147191,145219,144153,163008,162927,162717,322054,0
290000,3,1,3,-1,-1,-1,-1,-1,-1,7488,5795,9562,21312,16875,13881,5807,9569,21336,5020,3013,12278,282512,284205,280438,268688,273125,276119,17890,0
460000,1,1,2,2,-1,-1,-1,-1,-1,7121,7953,8642,9151,9702,9752,1273,1288,1123,1000,502,3000,452879,452047,451358,450849,450298,450248,44135,0
360000,1,1,2,-1,-1,2,-1,-1,-1,264,1139,264,2193,528,264,1139,0,2193,528,0,264,359736,358861,359736,357807,359472,359736,528,0
200000,1,2,2,-2,-2,-2,-2,-2,-2,1100,740,4908,740,5221,740,740,4908,740,5221,740,890,198900,199260,195092,199260,194779,199260,210,0
230000,1,1,2,-1,-1,-1,-1,-1,-1,30769,30792,30140,31067,31091,28223,1500,1600,1500,1000,1000,1200,199231,199208,199860,198933,198909,201777,174282,0
80000,2,2,2,-1,-1,-1,-1,-1,-1,2976,13384,2255,1830,2647,11083,13424,2267,1835,2655,11116,4020,77024,66616,77745,78170,77353,68917,-1142,0
80000,3,1,2,-1,-1,-1,-1,-1,-1,81066,80873,81244,80391,75589,77373,3000,2929,3000,5522,3000,6200,-1066,-873,-1244,-391,4411,2627,452885,0
150000,1,2,2,-1,-1,-1,-1,-1,-1,27221,27897,25304,21894,18452,28191,5000,1715,1200,625,10000,1000,122779,122103,124696,128106,131548,121809,129419,0
290000,2,1,2,-1,-1,-1,-1,-1,-1,72774,67311,66183,61332,62445,59213,3500,3000,3000,3000,3000,3000,217226,222689,223817,228668,227555,230787,370758,0
90000,3,1,2,-1,-1,-1,-1,-1,-1,67776,68476,68485,67000,45837,49959,4023,4017,4000,4000,5000,4000,22224,21524,21515,23000,44163,40041,342493,0
360000,2,1,3,-1,-1,-1,-1,-1,-1,250,1088,3189,3093,4019,2407,1088,3215,3104,2026,2414,8089,359750,358912,356811,356907,355981,357593,-5890,1
190000,1,2,2,1,2,2,2,2,2,105418,107689,109678,110887,111871,114223,5500,5200,4500,4300,4300,4400,84582,82311,80322,79113,78129,75777,631566,1
20000,2,1,3,-1,-1,-1,-1,-1,-1,7472,9304,9369,5873,5990,6231,2000,2002,3098,215,338,2164,12528,10696,10631,14127,14010,13769,34422,0
150000,3,1,3,-1,-1,-1,-1,-1,-2,250475,123543,52598,3218,0,0,5772,2424,3218,0,0,0,-100475,26457,97402,146782,150000,150000,418420,0
50000,2,1,2,-1,-1,-1,-1,-1,-1,11030,12048,13145,14160,14441,14743,1203,1300,1235,516,534,537,38970,37952,36855,35840,35559,35257,74242,0
310000,1,2,2,-2,-2,-2,-2,-2,-2,995,988,993,993,1495,995,993,1005,1000,1502,1000,1000,309005,309012,309007,309007,308505,309005,-41,0
260000,1,1,2,-1,-1,-1,-1,-1,-1,94152,91774,89485,85906,83619,81260,4150,4153,2913,3012,3088,3033,165848,168226,170515,174094,176381,178740,505847,0
190000,2,1,3,-1,-1,-1,-1,-1,-1,31323,28890,26793,27304,25845,22796,1500,1500,2000,1500,898,1000,158677,161110,163207,162696,164155,167204,154553,0
30000,1,2,2,-1,-1,-1,-1,-1,-1,6456,4390,3016,4504,5755,3560,4398,3000,3009,5767,3566,26444,23544,25610,26984,25496,24245,26440,-18503,1
280000,1,2,2,-2,-2,-2,-2,-2,-2,19668,1000,3186,44932,2100,0,1000,3186,45028,2100,0,0,260332,279000,276814,235068,277900,280000,19572,0
60000,2,2,3,-1,-1,-1,-1,-1,-1,58123,53604,54851,55742,27333,27615,2000,2500,2500,1000,1100,1100,1877,6396,5149,4258,32667,32385,267068,1
20000,2,2,2,2,-1,-1,-1,-1,-1,18996,19316,20330,20515,20424,19996,1325,1339,1609,823,723,1705,1004,684,-330,-515,-424,4,112053,0
140000,2,2,1,-1,-1,-1,-1,-2,-2,132629,55185,56000,0,0,0,5000,2000,0,0,0,0,7371,84815,84000,140000,140000,140000,236814,0
80000,1,1,3,-1,-1,-1,-1,-1,-1,2001,2338,5655,1670,3096,4590,2338,5655,1676,3096,4590,5598,77999,77662,74345,78330,76904,75410,-3603,1
200000,3,1,3,-1,-1,-1,-1,-1,-1,1243,1435,1270,3783,2522,1261,1453,1270,4000,0,0,1436,198757,198565,198730,196217,197478,198739,3355,0
170000,1,1,3,-1,-1,-1,-1,-1,-1,610,995,2429,2202,598,1801,995,2429,2202,598,1801,1157,169390,169005,167571,167798,169402,168199,-547,0
210000,2,2,3,-1,-1,-1,-1,-1,-1,2776,2776,2776,526,4880,1315,2776,2776,526,4880,0,1315,207224,207224,207224,209474,205120,208685,2776,0
500000,2,1,3,-1,-1,-1,-1,-1,-1,157046,82603,37528,83629,20894,27217,1652,37550,83642,20894,24038,59021,342954,417397,462472,416371,479106,472783,182120,0
60000,2,2,2,-1,-1,-1,-1,2,-1,39212,45987,42778,25163,7784,12332,45994,20052,20007,7,12332,500,20788,14013,17222,34837,52216,47668,74364,0
410000,1,2,2,-1,-1,-1,-1,2,2,35868,18762,18557,31003,30065,52726,3762,1557,13000,0,24897,0,374132,391238,391443,378997,379935,357274,143765,1
220000,2,1,2,-1,-1,-1,-1,-1,-1,210200,213208,219611,204740,97722,89971,8000,10098,5828,3000,3000,5000,9800,6792,389,15260,122278,130029,1000526,1
420000,2,2,2,-1,-1,-1,-1,-1,-1,122418,113122,89586,83713,55375,54291,4816,4128,3147,2018,3130,3006,297582,306878,330414,336287,364625,365709,498260,0
250000,2,2,1,-1,-1,-1,2,2,-1,149678,152704,163101,164953,160805,164411,7000,14400,6000,0,6200,6200,100322,97296,86899,85047,89195,85589,915852,0
80000,1,2,1,-1,-1,-1,-1,-1,-1,84488,83593,72883,67337,60807,59088,2871,2727,3170,1940,2200,1700,-4488,-3593,7117,12663,19193,20912,413588,0
80000,2,2,1,-1,-1,-1,-1,-1,-1,40612,41934,43261,44537,45794,47893,2000,2000,2000,2000,3000,4000,39388,38066,36739,35463,34206,32107,249031,0
20000,1,2,1,-1,-1,-1,-1,-1,-1,3608,7032,14244,14065,16161,11106,5000,12500,3000,4000,2000,2000,16392,12968,5756,5935,3839,8894,37716,0
300000,2,2,2,-1,-1,-1,-1,-1,-1,18468,60489,63982,124493,16367,41338,61200,45153,102749,186,45079,40000,281532,239511,236018,175507,283633,258662,30770,0
50000,1,2,3,-1,-1,-1,-1,-1,-1,54332,51671,50272,49293,47154,50069,3000,1928,1595,1526,13000,1569,-4332,-1671,-272,707,2846,-69,280173,1
360000,3,1,3,-2,-2,-2,-2,-2,-2,0,0,0,0,0,0,0,0,0,0,0,0,360000,360000,360000,360000,360000,360000,0,0
140000,1,1,2,-1,-1,-1,-1,-1,-1,127496,128675,131640,134183,91772,94290,5000,5041,5000,4000,4000,4000,12504,11325,8360,5817,48228,45710,681015,0
70000,2,1,2,-1,-1,-1,-1,-1,-1,61177,62076,63806,126005,66451,20200,5300,3500,2154,7800,555,1000,8823,7924,6194,-56005,3549,49800,379406,1
70000,2,2,2,-1,-1,-1,-1,-1,-1,69368,69259,71488,64601,32099,26626,4000,4000,2013,1500,1000,4000,632,741,-1488,5399,37901,43374,316928,0
430000,1,1,2,-1,-1,-1,-1,-1,-1,41428,32303,20739,12925,17566,14067,17800,15023,12925,17566,11000,10349,388572,397697,409261,417075,412434,415933,54365,0
170000,2,1,2,-2,-2,-2,-2,-2,-2,0,582,0,582,291,90,582,0,582,291,90,750,170000,169418,170000,169418,169709,169910,-750,0
210000,2,1,3,1,-2,-2,-2,-2,-2,0,0,0,0,0,0,0,0,0,0,0,0,210000,210000,210000,210000,210000,210000,0,0
150000,1,1,2,-2,-2,-2,-2,-2,-2,2750,2424,27498,1213,26636,2547,2424,27498,1213,26636,2704,1800,147250,147576,122502,148787,123364,147453,793,0
260000,2,1,3,-1,-1,-1,-1,-1,-1,252107,222195,209496,215317,220727,218750,12004,15000,15000,12000,10000,10000,7893,37805,50504,44683,39273,41250,1264588,0
500000,2,1,3,-2,-2,-2,-2,-2,-2,22520,1110,79243,0,4580,0,1110,79243,0,4580,0,1380,477480,498890,420757,500000,495420,500000,21140,0
160000,1,1,2,-2,-2,-2,-2,-2,-2,4138,0,0,0,2920,0,35,0,0,2920,0,12140,155862,160000,160000,160000,157080,160000,-8037,0
210000,2,1,3,-1,-1,-1,-1,-1,-1,56024,57148,58338,59529,60720,61980,1836,1897,1936,1952,2013,9062,153976,152852,151662,150471,149280,148020,335043,1
230000,2,1,2,1,2,2,-1,-1,-1,203218,208414,203466,150365,119512,87434,10000,0,8000,5000,5000,4243,26782,21586,26534,79635,110488,142566,940166,0
180000,2,1,3,-1,-1,-1,-1,-1,-1,2745,3873,3275,2347,3020,2193,3884,3284,2354,3029,2199,12553,177255,176127,176725,177653,176980,177807,-9850,0
20000,2,2,2,-1,-1,-1,-2,-1,-1,7440,15960,0,-1953,5985,6893,10050,0,18047,7985,1000,2000,12560,4040,20000,21953,14015,13107,-4757,0
310000,1,1,3,-1,-1,-1,-1,-1,-1,247202,233712,197450,194834,185943,183624,8213,8668,8247,6729,6639,6764,62798,76288,112550,115166,124057,126376,1197505,0
180000,1,2,2,-2,-2,-2,-2,-2,-2,0,444,182,0,0,0,444,182,0,0,0,540,180000,179556,179818,180000,180000,180000,-540,0
80000,1,1,3,-1,-1,-1,-1,-1,-1,48967,49850,50767,45721,49006,56275,2000,1771,1715,4000,8697,0,31033,30150,29233,34279,30994,23725,282403,0
230000,1,1,3,-1,-1,-1,-1,-1,-1,143083,130011,83545,82638,26332,25425,6500,4579,4500,3000,1000,3000,86917,99989,146455,147362,203668,204575,468455,0
210000,2,2,3,-1,-1,-1,2,-1,-1,114953,88428,96993,94537,97968,100387,5000,10000,0,5000,4000,5000,95047,121572,113007,115463,112032,109613,564266,1
90000,2,1,2,1,2,2,-1,-1,-2,61584,62983,61107,61976,326,476,3000,0,3000,326,476,476,28416,27017,28893,28024,89674,89524,241174,1
30000,1,1,3,1,2,2,2,3,2,25829,25121,27988,30515,29738,29126,0,3600,3300,0,0,1100,4171,4879,2012,-515,262,874,160317,0
430000,1,1,2,2,2,-2,-2,-2,-2,435,-183,-525,-868,-1211,-1840,183,0,0,0,290,2512,429565,430183,430525,430868,431211,431840,-7177,0
200000,1,1,3,-2,-2,-2,-2,-2,-2,10799,1208,1585,1470,1273,1000,1213,1585,1470,1273,1000,1555,189201,198792,198415,198530,198727,199000,9239,0
220000,1,2,2,-2,-2,-2,-2,-2,-2,416,416,416,416,416,416,416,832,416,416,416,416,219584,219584,219584,219584,219584,219584,-416,1
480000,1,1,2,1,-1,-1,-1,-1,-1,6071,7994,8313,25714,25710,20110,8023,8351,25753,14012,10021,12462,473929,472006,471687,454286,454290,459890,15290,0
360000,2,1,2,-1,-1,-1,-1,-1,-1,33051,13614,-5386,250214,255296,261401,1000,2544,261000,9000,10000,10000,326949,346386,365386,109786,104704,98599,514646,0
390000,2,1,2,-2,-2,-2,-2,-2,-2,-702,-808,-1141,-1247,-1353,-1459,0,0,0,0,0,0,390702,390808,391141,391247,391353,391459,-6710,0
20000,2,2,3,-1,-1,2,-1,-1,-1,13817,15398,15852,16862,17197,17558,1815,1000,1279,614,637,2350,6183,4602,4148,3138,2803,2442,88989,1
200000,3,1,2,-1,-1,-1,-1,-1,-1,65927,59688,53084,46363,39843,33004,2700,2200,1700,1489,1200,1100,134073,140312,146916,153637,160157,166996,287520,0
30000,2,2,2,2,2,-2,-2,-2,-2,3462,-334,-1170,-1560,-1950,-1620,0,0,0,0,1620,900,26538,30334,31170,31560,31950,31620,-5692,1
410000,1,1,3,-1,-1,-1,2,-1,-1,34405,18612,19975,8906,10491,9347,18612,8944,7,10491,9347,9727,375595,391388,390025,401094,399509,400653,44608,0
40000,1,1,3,2,-1,-1,-1,-1,2,38741,36840,37868,36139,39114,38429,2000,1942,1600,3500,0,2818,1259,3160,2132,3861,886,1571,215271,0
50000,3,2,3,1,2,-1,-1,-1,-1,50574,48968,50151,50496,2759,-442,0,2463,2300,55,0,37459,-574,1032,-151,-496,47241,50442,160229,1
230000,1,4,1,-1,-1,-1,-1,-1,-1,48144,51966,44477,39998,23278,27775,12000,2353,5000,0,8000,643,181856,178034,185523,190002,206722,202225,207642,0
130000,1,4,2,2,2,-2,-2,-2,-2,1022,0,0,0,0,0,0,0,0,0,0,0,128978,130000,130000,130000,130000,130000,1022,1
100000,2,2,2,-1,-1,-1,-1,-1,-1,7067,-418,7064,15229,9689,2669,0,7482,15315,9705,0,4600,92933,100418,92936,84771,90311,97331,4198,0
400000,1,2,2,-1,-1,-1,-1,-1,-1,26912,24967,13810,18230,25050,10209,10016,6000,10000,10000,5000,4000,373088,375033,386190,381770,374950,389791,74162,0
330000,1,2,3,-1,-1,-1,-1,-1,-1,73214,76599,78274,80102,60729,56411,10000,4000,8000,10000,15000,8000,256786,253401,251726,249898,269271,273589,370329,0
590000,1,1,3,-2,-2,-2,-2,-2,-2,617,1304,35498,0,0,0,1304,35552,0,0,0,0,589383,588696,554502,590000,590000,590000,563,0
50000,1,2,2,2,-1,-1,-1,-1,-1,13731,13974,7891,4600,5554,5481,1530,2004,1000,1008,1400,600,36269,36026,42109,45400,44446,44519,43689,1
140000,2,2,2,-1,-1,-1,-1,-1,-1,58165,59693,61732,62411,64372,70015,2500,3000,2300,3000,6700,0,81835,80307,78268,77589,75628,69985,358888,1
730000,2,1,2,-1,-1,-1,-1,-1,-1,70309,61991,49082,26873,514114,499100,20000,14023,9035,528897,22005,15000,659691,668009,680918,703127,215886,230900,612509,0
110000,2,2,2,-1,-1,-1,-1,-1,2,107430,109660,111387,111631,111657,109756,5500,5000,4300,12700,0,4500,2570,340,-1387,-1631,-1657,244,629521,1
500000,3,1,3,-1,-1,-1,-1,-1,-1,4031,3684,7544,14459,9736,9123,3709,7594,14484,9762,9142,17241,495969,496316,492456,485541,490264,490877,-13355,0
200000,3,2,3,-1,-1,-1,-1,-2,-1,6154,6000,5762,0,0,3117,6000,5762,0,0,3117,2000,193846,194000,194238,200000,200000,196883,4154,0
180000,3,2,3,-1,-1,-1,-1,-1,-1,183047,182506,183363,183013,142048,142570,6704,6973,7023,7000,6000,5357,-3047,-2506,-3363,-3013,37952,37430,977490,0
70000,2,1,3,-1,-1,-1,-1,-1,-1,67062,68622,28236,30750,35205,37466,3000,1500,3000,5000,3000,5000,2938,1378,41764,39250,34795,32534,246841,0
170000,1,1,3,-1,-1,-1,2,-1,2,2610,0,1565,965,6265,2445,0,1565,0,6500,0,3115,167390,170000,168435,169035,163735,167555,2670,0
420000,2,2,3,-1,-1,-1,-1,-1,-1,13620,13002,9180,13965,10245,20199,2000,5000,5000,5000,10000,10000,406380,406998,410820,406035,409755,399801,43211,0
60000,2,1,1,-1,-1,-1,-1,-1,-1,58634,59541,58604,59427,38472,39528,3000,31404,3000,2000,2000,2000,1366,459,1396,573,21528,20472,270802,0
280000,2,1,2,-1,-1,-1,-1,-1,-1,266511,269245,268332,271904,157565,150665,9557,10001,8585,4761,5082,5008,13489,10755,11668,8096,122435,129335,1341228,0
30000,2,2,3,-1,-1,-1,-1,-1,-1,21617,24133,25239,26314,27074,28723,3200,1800,1800,1500,2250,600,8383,5867,4761,3686,2926,1277,141950,0
90000,1,1,2,2,-1,-1,-1,-1,-1,88937,87866,87343,89786,67803,69324,3103,3500,4200,2426,2613,3000,1063,2134,2657,214,22197,20676,472217,1
200000,1,1,2,-2,-1,-1,-1,-1,-1,239,2925,3421,301,9585,8374,2925,3421,301,10217,0,0,199761,197075,196579,199699,190415,191626,7981,0
220000,3,2,2,-1,-1,-1,-1,-1,-1,62770,86968,57675,75892,49548,35530,40000,25000,25000,10000,10000,10000,157230,133032,162325,144108,170452,184470,248383,0
280000,2,2,3,-1,-1,-1,-1,-1,-1,92288,77428,78544,63106,63465,64031,4004,3504,3204,2304,2504,2304,187712,202572,201456,216894,216535,215969,421038,0
280000,1,2,2,-1,-1,-1,-1,-1,-1,138984,140300,145127,145571,115765,118190,4900,6918,7100,4388,4500,4300,141016,139700,134873,134429,164235,161810,771831,0
430000,1,2,3,-2,-2,-2,-2,-2,-2,2099,8256,4353,471,5779,4468,8297,4391,473,5808,4489,3934,427901,421744,425647,429529,424221,425532,-1966,0
180000,1,1,2,1,-2,-2,-2,-1,-1,0,0,0,0,2201,2201,0,0,0,2201,0,0,180000,180000,180000,180000,177799,177799,2201,0
50000,1,1,3,1,2,-1,-1,-1,-1,27231,26500,27533,28569,28901,31095,0,1764,3400,1100,2660,0,22769,23500,22467,21431,21099,18905,160905,1
500000,1,1,3,-2,-2,-2,-2,-2,-1,18664,67646,-214,-214,42772,45282,68013,0,0,42986,45508,9055,481336,432354,500214,500214,457228,454718,8374,0
50000,3,2,2,-1,-1,-1,-1,-1,-1,38536,39891,41945,44064,45182,47408,2000,2381,2500,1500,3000,0,11464,10109,8055,5936,4818,2592,245645,0
200000,1,1,3,-2,-2,-2,-2,-2,-2,3005,4709,7544,9409,57023,2770,4709,7574,9497,57023,2770,1904,196995,195291,192456,190591,142977,197230,983,0
100000,1,1,3,2,-1,-1,-1,-1,-1,95926,98437,98480,63372,39138,39857,5000,3100,2000,1600,1500,2000,4074,1563,1520,36628,60862,60143,420010,0
60000,2,1,2,-1,-1,2,-1,-1,-1,55831,60430,58906,59210,44521,31497,8660,0,2150,800,1000,1781,4169,-430,1094,790,15479,28503,296004,0
30000,3,2,2,-1,-1,-1,-1,-1,-1,30384,30134,30646,29657,30232,28415,3010,3000,3000,3000,1083,0,-384,-134,-646,343,-232,1585,166375,1
180000,3,1,3,2,-1,-1,-1,2,-1,111786,115921,117428,104153,100148,98165,6000,5000,9000,0,5000,7130,68214,64079,62572,75847,79852,81835,615471,0
20000,2,1,3,1,2,-1,-1,-1,2,8201,8912,10110,10817,11637,11307,1000,1500,1180,1000,0,1000,11799,11088,9890,9183,8363,8693,55304,1
350000,2,1,2,-1,-1,-1,-1,-1,-1,179189,173622,171127,173283,169815,163058,6695,6958,6669,5596,5676,5487,170811,176378,178873,176717,180185,186942,993013,0
20000,2,2,3,-1,-1,2,2,2,2,5909,8134,7859,9518,9216,10067,2500,0,1800,0,1000,0,14091,11866,12141,10482,10784,9933,45403,0
100000,2,1,2,-1,-1,-1,-1,-1,-1,100600,94367,96504,22850,91081,92986,4090,4385,1850,103300,3370,3670,-600,5633,3496,77150,8919,7014,377723,0
20000,2,1,3,2,-1,-1,2,-1,-1,11573,12372,14946,14409,16659,17887,1300,2787,0,2500,1500,0,8427,7628,5054,5591,3341,2113,79759,1
30000,3,2,1,-1,-1,-1,-1,2,2,10305,11327,12354,13840,13320,14501,1500,1514,2000,0,1400,0,19695,18673,17646,16160,16680,15499,69233,0
30000,2,2,2,-1,-1,-1,-1,-1,-1,7130,2639,1429,2652,12235,8184,2654,1437,2853,12247,119,0,22870,27361,28571,27348,17765,21816,14959,0
180000,4,1,3,-1,-1,-1,-1,-1,-1,78170,80559,82947,84379,85789,94088,4000,4000,3100,3100,10000,6000,101830,99441,97053,95621,94211,85912,475732,0
300000,2,2,1,-1,-1,-1,-1,-1,-1,49917,49833,49831,51818,50244,49484,5000,5000,5000,5000,5000,5000,250083,250167,250169,248182,249756,250516,271127,0
360000,2,3,2,-1,-1,-1,-2,-2,-2,176,252,0,0,0,0,252,0,0,0,0,0,359824,359748,360000,360000,360000,360000,176,0
210000,1,2,2,-1,-1,2,-1,-1,-1,931,2562,736,270,-466,1798,2570,0,270,0,3000,0,209069,207438,209264,209730,210466,208202,-9,0
30000,1,1,2,1,2,2,2,-1,-1,18829,19223,20599,15642,23789,20562,1000,2014,6,25700,800,1989,11171,10777,9401,14358,6211,9438,87135,1
150000,2,1,2,-1,-1,-1,-1,-1,-1,146805,148293,146245,141593,133721,138524,5300,7000,6600,4700,13500,0,3195,1707,3755,8407,16279,11476,818081,0
150000,2,2,2,-2,-1,-1,-1,-1,-2,0,648,0,1448,0,0,648,0,1448,0,0,3632,150000,149352,150000,148552,150000,150000,-3632,0
150000,3,2,3,-2,-2,-2,-2,-2,-2,0,0,0,0,0,0,0,0,0,0,0,0,150000,150000,150000,150000,150000,150000,0,1
470000,1,1,3,1,2,-1,-1,-1,-1,276880,241153,204223,151253,138087,109094,5014,10000,5214,4500,5000,4200,193120,228847,265777,318747,331913,360906,1086762,0
200000,2,1,2,-1,-1,-1,-1,-1,-1,105729,106296,110031,112410,128894,131588,3806,5449,5694,20000,4774,5101,94271,93704,89969,87590,71106,68412,650124,0
80000,3,1,3,-1,-1,-1,-1,-2,-2,77985,80886,82150,0,0,0,4200,3800,0,0,0,0,2015,-886,-2150,80000,80000,80000,233021,0
250000,1,1,2,1,2,-1,-1,-1,-1,206430,210029,214868,218593,159789,163454,8300,9500,9000,5500,6000,13000,43570,39971,35132,31407,90211,86546,1121863,0
500000,1,2,2,-2,-2,-2,-2,-2,-1,24349,9543,53947,84388,26154,175790,9605,54218,84839,26283,175857,4914,475651,490457,446053,415612,473846,324210,18455,0
200000,1,1,2,1,2,-1,-1,-1,-1,14460,12825,13810,14815,16347,17531,0,1502,2000,2000,1513,1504,185540,187175,186190,185185,183653,182469,81269,0
90000,1,1,2,-1,-1,-1,-2,-2,-2,106339,90500,0,0,0,0,20585,0,0,0,0,0,-16339,-500,90000,90000,90000,90000,176254,0
400000,1,1,3,-1,-1,-1,-1,-1,-1,105610,107495,111150,112444,97523,84858,3904,5646,5000,3000,5000,5000,294390,292505,288850,287556,302477,315142,591530,0
180000,2,2,2,-1,-1,-1,-1,-1,-1,9409,10395,5382,3155,1877,4673,10423,5393,3159,1881,4678,1353,170591,169605,174618,176845,178123,175327,8004,0
160000,2,1,3,-1,-1,-1,-1,-1,-1,988,779,637,2667,16746,23591,779,638,2670,16746,7069,7000,159012,159221,159363,157333,143254,136409,10506,0
130000,2,1,2,-1,-1,-1,-1,-1,-1,123044,122981,102151,90917,92729,93359,4949,4000,3250,3231,3324,3242,6956,7019,27849,39083,37271,36641,603185,0
60000,2,1,3,-1,-1,-1,-1,-1,-1,67719,69501,58536,56705,18352,18195,3000,12423,2000,2000,1000,1000,-7719,-9501,1464,3295,41648,41805,267585,0
240000,2,1,2,-1,-1,-1,-1,-1,-1,215013,220938,213460,217816,222214,227174,9600,7800,7907,8021,8610,8084,24987,19062,26540,22184,17786,12826,1266593,0
160000,2,1,2,-1,-1,2,2,-1,-1,82535,84300,86091,83839,85552,88028,4000,4000,0,4000,4000,4000,77465,75700,73909,76161,74448,71972,490345,1
50000,2,1,3,-1,-1,-1,-1,-1,-1,48919,48775,48731,48934,29116,28999,1800,2200,1400,582,580,30000,1081,1225,1269,1066,20884,21001,216912,0
280000,1,2,2,-1,-1,-1,-1,-1,-1,251267,258944,262562,164059,131807,180524,15000,10565,20253,20518,155067,11007,28733,21056,17438,115941,148193,99476,1016753,0
30000,2,1,3,-1,-1,-1,-1,-1,-1,25328,22520,21554,22280,18330,780,2000,2000,2000,1000,0,0,4672,7480,8446,7720,11670,29220,103792,0
130000,2,1,3,-1,-1,-1,-1,-1,-1,46849,44861,46405,44342,45641,40945,1802,3005,1603,3022,1005,3308,83151,85139,83595,85658,84359,89055,255298,0
160000,1,1,3,-1,-1,-1,-1,-1,2,238,0,237,-300,300,150,0,237,0,600,0,234,159762,160000,159763,160300,159700,159850,-446,0
420000,4,2,2,1,-2,-1,-1,-1,-1,944,1819,1133,10415,7792,-3,1819,1143,10429,194,556,0,419056,418181,418867,409585,412208,420003,7959,0
210000,2,1,2,1,-1,-1,-1,-1,-1,0,650,325,325,325,325,650,325,325,325,325,325,210000,209350,209675,209675,209675,209675,-325,1
70000,1,1,2,-1,-1,-1,-1,-1,-1,60412,67474,68750,59186,48178,46197,8137,3100,7172,10000,1662,3000,9588,2526,1250,10814,21822,23803,317126,0
50000,2,2,3,-1,-1,-1,2,-1,-1,47674,45472,51447,49895,20317,19460,1764,6739,29,700,704,705,2326,4528,-1447,105,29683,30540,223624,0
50000,3,1,2,2,-1,-1,2,2,-1,37501,34942,37502,34653,31352,29605,2000,3455,1007,8,2002,2029,12499,15058,12498,15347,18648,20395,195054,1
330000,1,1,2,-1,-1,-1,-1,-1,-1,1051,671,291,1051,1011,1051,671,291,1051,1011,1051,821,328949,329329,329709,328949,328989,328949,230,0
70000,2,2,3,2,2,2,-1,-1,-1,69164,70938,69248,69366,48998,27863,3500,0,2109,1500,3769,0,836,-938,752,634,21002,42137,344699,1
170000,2,2,2,-2,-2,-2,-2,-2,-2,600,1598,0,1340,0,0,1598,0,1340,0,0,3200,169400,168402,170000,168660,170000,170000,-2600,0
50000,2,3,3,-1,-1,-1,-1,-1,-1,51449,52260,40893,81308,41463,40045,1700,1679,1640,1449,1454,1466,-1449,-2260,9107,-31308,8537,9955,298030,1
250000,1,1,2,-1,-1,-2,-1,-1,-1,1852,0,0,2576,20552,0,0,0,2576,20739,0,2231,248148,250000,250000,247424,229448,250000,-566,0
200000,3,1,3,-1,-1,-1,-1,-1,-1,51437,52580,53732,54837,56025,59511,2000,2000,2000,2100,4400,0,148563,147420,146268,145163,143975,140489,315622,0
460000,2,1,2,-1,-1,-1,-1,-1,-1,66935,76719,74537,70481,85204,93194,13039,5036,5015,20005,10007,28004,393065,383281,385463,389519,374796,366806,385964,0
100000,3,1,3,2,-1,-1,2,2,-1,77617,80324,86016,87715,85411,87870,4000,7000,4000,0,4000,4000,22383,19676,13984,12285,14589,12130,481953,0
220000,1,2,2,1,2,-1,-1,2,2,190105,185836,187220,199542,202036,200956,0,6600,15200,7000,2000,15000,29895,34164,32780,20458,17964,19044,1119895,1
30000,2,2,2,-1,2,2,-1,-1,-2,780,390,0,780,0,0,0,0,780,0,0,0,29220,29610,30000,29220,30000,30000,1170,1
80000,2,2,2,-1,-1,-1,-1,-1,-1,73414,66122,92131,47655,43182,44332,3558,2600,4300,2000,2000,2000,6586,13878,-12131,32345,36818,35668,350378,0
320000,2,1,2,-1,-1,-1,-1,-1,-1,117983,111695,112030,152291,138731,132197,10009,15000,50551,10000,10000,8000,202017,208305,207970,167709,181269,187803,661367,0
110000,4,1,2,-1,-1,-1,-1,-1,-1,3385,31169,50526,51816,34262,23366,28000,20000,3000,3000,3000,3000,106615,78831,59474,58184,75738,86634,134524,0
20000,2,2,2,-1,-1,-1,-2,-1,-1,17809,18325,-1675,-1675,16554,17359,1000,0,0,18359,1000,1000,2191,1675,21675,21675,3446,2641,45338,0
50000,2,1,3,2,2,-1,-1,3,2,127510,123969,128267,139912,136604,134705,0,6300,15300,0,0,9500,-77510,-73969,-78267,-89912,-86604,-84705,759867,1
430000,2,1,2,-2,-2,-2,-2,-2,-2,18517,23565,34028,28407,33608,52015,23565,34028,28418,33651,52015,21000,411483,406435,395972,401593,396392,377985,-2537,0
80000,2,1,2,2,-1,-1,-1,-1,-1,59999,61205,62620,63870,64114,65932,2800,3000,2901,2500,3000,5202,20001,18795,17380,16130,15886,14068,358337,1
40000,1,2,2,1,2,2,2,2,3,11074,10600,20406,20774,22132,21497,0,10000,1000,2000,0,0,28926,29400,19594,19226,17868,18503,93483,1
150000,2,1,3,-1,-1,-1,-1,-1,-1,98965,100714,100645,103006,52251,46581,3360,3630,4337,1894,1522,1521,51035,49286,49355,46994,97749,103419,485898,0
330000,4,1,2,-1,-1,-1,-1,-1,-1,26586,23818,24164,25042,25665,24059,1700,1522,1400,1000,820,770,303414,306182,305836,304958,304335,305941,142122,0
20000,2,2,3,-1,-1,-1,2,-1,-1,29035,16391,18920,18180,19000,20000,4000,3500,0,2000,1000,0,-9035,3609,1080,1820,1000,0,111026,0
20000,2,2,3,-1,-1,-1,2,-1,-1,17369,28513,27836,23480,19469,16310,15000,3273,0,389,326,813,2631,-8513,-7836,-3480,531,3690,113176,0
500000,1,1,3,-1,-1,-2,-2,-2,-2,18110,0,0,0,0,0,0,0,0,0,0,0,481890,500000,500000,500000,500000,500000,18110,0
200000,1,2,3,-1,-1,-1,-1,-1,-1,161514,163340,168701,172074,173907,184067,6000,8000,8000,6500,13500,0,38486,36660,31299,27926,26093,15933,981603,1
20000,2,2,3,-1,-1,-1,-1,2,-1,11027,12038,13064,14888,14352,14652,1199,1225,2049,0,531,537,8973,7962,6936,5112,5648,5348,74480,0
210000,1,1,3,-1,-1,-1,-1,-1,-1,126113,107216,88039,83304,77605,70260,5002,5030,10008,10017,10000,10000,83887,102784,121961,126696,132395,139740,502480,0
500000,2,1,3,1,2,-1,-1,-1,-1,169117,163094,161768,164438,162050,163456,0,7400,10000,6000,5907,6000,330883,336906,338232,335562,337950,336544,948616,0
300000,1,2,3,-2,-2,-2,-2,-2,-2,161772,111664,123854,0,0,0,114402,127180,0,0,0,0,138228,188336,176146,300000,300000,300000,155708,0
110000,2,1,2,-1,-1,-1,-1,-1,-1,103750,102437,97005,83998,79376,79816,3759,3409,2905,2778,2862,3500,6250,7563,12995,26002,30624,30184,527169,0
500000,1,1,2,-1,-1,-1,-1,-1,-1,74213,74890,74767,74383,74251,61124,4006,4002,3002,3018,3352,3018,425787,425110,425233,425617,425749,438876,413230,0
120000,1,1,3,1,2,2,2,2,2,75294,76465,74675,79629,77748,82497,3000,0,6200,0,6000,0,44706,43535,45325,40371,42252,37503,451108,1
360000,2,1,3,-2,-2,-2,-2,-2,-2,1824,1740,0,0,1499,4001,1740,0,0,1499,4001,203,358176,358260,360000,360000,358501,355999,1621,0
350000,3,2,2,-1,-1,-1,-1,-1,-1,9189,6080,12622,18103,13547,38868,6088,12635,18119,13547,38868,4650,340811,343920,337378,331897,336453,311132,4502,0
80000,1,2,2,1,-1,2,-1,-1,-1,0,4117,3370,5018,950,-3827,4117,0,5018,0,0,7654,80000,75883,76630,74982,79050,83827,-7161,1
320000,1,1,3,-2,-2,-2,-2,-2,-2,2790,3266,12186,1403,24305,7463,3349,12253,3290,11465,7537,1966,317210,316734,307814,318597,295695,312537,11553,0
230000,1,1,2,-1,-1,-1,-1,-1,-1,1088,2444,2905,4868,2870,3085,2451,2911,4882,2878,3085,950,228912,227556,227095,225132,227130,226915,103,0
110000,2,1,3,-1,-1,-1,-1,-1,-1,82503,84214,90877,92986,49901,49649,3083,9563,4000,1800,2000,2000,27497,25786,19123,17014,60099,60351,427684,0
60000,2,1,2,-1,-1,-1,-1,-1,-1,22357,23663,24779,25322,19248,18061,1684,1800,1287,813,700,681,37643,36337,35221,34678,40752,41939,126465,0
20000,1,2,2,-1,-1,-1,-1,-1,-1,15415,16423,17594,18552,18522,18900,1271,1442,1400,370,378,0,4585,3577,2406,1448,1478,1100,100545,0
320000,2,1,2,-1,-1,-1,-1,-1,-1,10125,11475,12549,10853,11755,7559,1526,1600,1098,1000,272,300,309875,308525,307451,309147,308245,312441,58520,0
90000,1,1,3,-1,-1,-1,-1,-1,-1,88805,86939,86360,67145,30834,50585,3500,4000,3000,2500,42200,1900,1195,3061,3640,22855,59166,39415,353568,0
200000,2,1,3,-2,-2,-2,-2,-2,-2,390,390,390,390,386,1376,390,390,390,386,1380,5186,199610,199610,199610,199610,199614,198624,-4800,0
240000,1,2,3,1,2,-1,-1,-1,-1,102318,94453,5411,8513,4626,5329,468,5784,8548,4630,5334,27898,137682,145547,234589,231487,235374,234671,167988,1
240000,1,1,3,-1,-1,-1,-1,-1,-1,223151,226688,230690,213633,176135,179027,7766,8300,7200,6200,6550,6107,16849,13312,9310,26367,63865,60973,1207201,1
120000,2,1,3,-1,-1,-1,-1,-1,-1,13544,2671,14940,41990,1493,36186,3000,15928,43000,1493,36200,27277,106456,117329,105060,78010,118507,83814,-16074,0
70000,3,1,3,-1,-1,-1,-1,2,2,24345,25349,26694,28935,28174,30061,1414,1759,3000,0,2500,0,45655,44651,43306,41065,41826,39939,154885,0
20000,2,1,2,1,2,-1,-1,2,2,4481,4261,5272,6685,6429,7225,0,1087,1500,0,900,0,15519,15739,14728,13315,13571,12775,30866,0
140000,2,1,2,1,2,2,-1,-1,-1,147946,150934,136222,124871,118141,111716,7000,10,6015,4000,4000,5000,-7946,-10934,3778,15129,21859,28284,763805,0
240000,3,1,3,1,2,2,2,2,-2,101060,104498,106628,102650,0,0,6000,4650,0,0,0,0,138940,135502,133372,137350,240000,240000,404186,0
50000,3,2,3,-1,-1,-1,-1,-1,-1,48322,49057,48059,48097,8107,6934,3000,3000,3000,3000,3600,4800,1678,943,1941,1903,41893,43066,188176,0
100000,2,2,1,2,2,2,2,2,-1,89799,87459,94009,95577,93145,95489,0,8000,4000,0,4000,4000,10201,12541,5991,4423,6855,4511,535478,0
140000,2,2,1,-1,-1,-1,-1,-1,-1,21513,23147,24766,25782,27348,30820,2000,2000,1434,2000,4100,0,118487,116853,115234,114218,112652,109180,141842,0
260000,2,1,2,-1,2,-1,-1,-1,-1,7559,4860,1350,4645,4625,12209,0,1350,4645,4625,12209,4365,252441,255140,258650,255355,255375,247791,8054,0
230000,1,2,2,-2,-2,-2,-2,-2,-2,0,13371,9420,16639,600,0,13371,9420,16688,606,0,0,230000,216629,220580,213361,229400,230000,-55,0
20000,3,2,2,-1,-1,-1,-1,-1,-1,416,0,832,0,832,1486,0,832,0,832,1486,0,19584,20000,19168,20000,19168,18514,416,0
110000,2,2,2,-1,-1,-1,-1,-2,-2,106113,57228,10018,0,0,0,1635,1000,0,0,0,0,3887,52772,99982,110000,110000,110000,170724,0
460000,1,1,3,-1,-1,-1,-1,-1,-1,235388,213905,217909,195811,199712,203895,8000,7500,7100,7100,7342,8000,224612,246095,242091,264189,260288,256105,1221578,0
120000,2,2,2,-1,-1,2,-1,-1,2,26490,23333,16721,17400,26087,19577,3246,0,7313,15000,0,7000,93510,96667,103279,102600,93913,100423,97049,0
60000,2,1,2,-1,-1,-1,-2,-2,-2,22219,140,0,0,0,0,140,0,0,0,0,0,37781,59860,60000,60000,60000,60000,22219,1
50000,3,1,2,-1,-1,-1,-1,-1,-1,1473,390,390,390,0,780,390,390,390,0,780,0,48527,49610,49610,49610,50000,49220,1473,1
50000,3,2,3,-1,-1,-1,-1,-1,-1,48619,48647,49859,50700,46174,47430,2100,2300,2025,1800,2000,2100,1381,1353,141,-700,3826,2570,279104,0
30000,3,1,3,-1,-1,-1,-1,-1,-1,1946,1473,390,390,390,0,1000,390,390,390,0,780,28054,28527,29610,29610,29610,30000,1639,0
20000,3,2,3,-1,-1,-1,-1,-1,-1,18011,18083,18500,19014,19019,17484,1500,1400,1243,638,2000,480,1989,1917,1500,986,981,2516,102850,0
20000,2,2,3,-1,-1,-1,-1,-1,-1,17059,36219,15431,16260,15770,15880,1500,4000,1600,500,500,400,2941,-16219,4569,3740,4230,4120,108119,0
350000,2,2,2,-1,-1,-1,-1,-1,-1,262576,237656,222586,205845,174438,157061,10013,10029,10009,5609,6000,10000,87424,112344,127414,144155,175562,192939,1208502,0
240000,2,1,2,-1,-1,-1,-1,-1,-1,239003,227962,231284,239410,184094,101776,9700,8500,12036,8300,5000,5000,997,12038,8716,590,55906,138224,1174993,0
120000,2,1,2,2,2,-1,-1,-1,-1,45902,44868,45943,46976,47891,51036,0,2100,2100,2000,4100,3000,74098,75132,74057,73024,72109,68964,269316,1
200000,3,1,3,-2,-2,-2,-2,-2,-2,0,9661,0,23648,575,847,9661,218,23648,575,847,249,200000,190339,200000,176352,199425,199153,-467,0
150000,1,2,2,-1,-1,-1,-1,-1,-2,3056,834,5487,2003,-222,-222,834,5487,2020,51,0,6000,146944,149166,144513,147997,150222,150222,-3456,0
180000,2,1,2,-2,-2,-2,-2,-2,-2,0,0,621,3762,0,0,0,621,3762,0,0,0,180000,180000,179379,176238,180000,180000,0,0
260000,1,1,2,-1,-1,-1,-1,-1,-1,232,91,85,105,80,95,91,85,105,80,95,80,259768,259909,259915,259895,259920,259905,152,0
180000,1,2,2,-2,-2,-2,-2,-2,-2,3580,0,0,0,7108,1300,0,0,0,7108,1300,0,176420,180000,180000,180000,172892,178700,3580,0
130000,1,1,2,-1,-1,-1,-1,-2,-2,26528,22567,23167,0,0,0,1400,1000,0,0,0,0,103472,107433,106833,130000,130000,130000,69862,0
250000,1,2,2,-1,-1,-1,-1,-1,-1,119310,132243,140069,292404,175050,181766,15000,10000,10000,60000,15000,6000,130690,117757,109931,-42404,74950,68234,924842,0
460000,4,1,2,-2,-1,-1,-1,-1,-2,0,737,4856,6696,1327,0,737,4872,6696,1327,0,1782,460000,459263,455144,453304,458673,460000,-1798,0
40000,1,1,2,-1,-1,-1,-1,-1,-1,30927,18228,19256,20429,32279,32940,1300,1327,1500,12279,1350,2000,9073,21772,20744,19571,7721,7060,134303,0
20000,2,1,2,2,2,2,-1,-1,-1,9735,12564,12077,12779,13033,13308,3000,0,1212,466,485,900,10265,7436,7923,7221,6967,6692,67433,1
310000,2,1,3,-2,-2,-2,-2,-2,-2,34682,23594,-26,5333,-56,-56,23712,0,5359,0,0,0,275318,286406,310026,304667,310056,310056,34400,0
90000,2,1,3,-1,-1,-1,-1,-1,-1,87190,86135,87247,88943,90961,44522,3068,3335,3319,3590,1368,1121,2810,3865,2753,1057,-961,45478,469197,0
20000,3,2,3,-1,-1,-1,-1,-1,-1,12648,14126,15162,17891,18590,19286,2000,1271,3000,1000,1000,1000,7352,5874,4838,2109,1410,714,88432,0
270000,2,1,2,-1,-1,-1,-1,-1,-1,18205,15984,17723,18634,19997,18948,1500,2000,1145,1508,900,2000,251795,254016,252277,251366,250003,251052,100438,0
170000,3,1,3,-1,-1,-1,-1,-1,-1,114625,117364,119552,111404,113635,98411,6305,6000,6000,3854,5000,8000,55375,52636,50448,58596,56365,71589,639832,0
300000,2,1,3,-1,-1,-1,-1,-1,-1,66132,67445,68856,69392,70798,72252,2412,2496,1678,1702,1746,1772,233868,232555,231144,230608,229202,227748,403069,0
350000,1,2,2,2,2,-1,2,-1,-1,832,0,1844,1248,832,416,0,1844,0,0,0,832,349168,350000,348156,348752,349168,349584,2496,1
360000,1,1,2,-1,-1,-1,-1,-1,-1,396,396,396,396,396,846,396,396,396,396,846,396,359604,359604,359604,359604,359604,359154,0,0
260000,2,1,2,-1,-1,-1,-1,-1,-1,131472,134283,130398,134075,130448,134477,5036,5000,5035,5000,5097,5008,128528,125717,129602,125925,129552,125523,764977,0
100000,1,2,1,-1,-1,-1,-1,-1,-1,12332,12832,8564,7241,7364,7542,1296,1123,1000,223,1500,0,87668,87168,91436,92759,92636,92458,50733,0
200000,1,2,1,-1,-1,-1,-1,-1,2,42215,44597,51023,56627,60693,59596,3092,7518,7122,5627,0,2741,157785,155403,148977,143373,139307,140404,288651,0
30000,2,2,2,-1,-1,-1,-1,-1,-1,21697,22834,24459,25361,27011,27655,1500,2000,1350,2000,1000,1500,8303,7166,5541,4639,2989,2345,139667,0
160000,1,2,3,-1,-1,-1,-1,-1,-1,1338,711,1941,1052,2004,931,711,1945,1052,2004,931,1499,158662,159289,158059,158948,157996,159069,-165,0
370000,2,2,2,-1,-1,-1,-1,2,-1,47269,43531,59801,53925,30534,23618,2000,20000,8000,0,1000,0,322731,326469,310199,316075,339466,346382,227678,0
380000,2,1,3,-1,-1,-1,-1,-1,-1,112118,96297,243301,259176,47494,129274,96778,243301,21066,2137,110000,50110,267882,283703,136699,120824,332506,250726,364268,0
210000,3,2,2,-1,-1,-1,-1,-1,-1,53748,98002,10347,20198,2960,976,99737,11188,20564,3486,976,1060,156252,111998,199653,189802,207040,209024,49220,0
90000,2,2,3,1,2,2,2,2,-1,36835,35949,40567,41604,40637,41824,0,5539,2000,0,2000,3000,53165,54051,49433,48396,49363,48176,224877,0
210000,2,1,3,-1,-1,-1,-1,-1,-1,3096,5260,3298,2972,975,3441,5260,3298,2972,975,3441,1666,206904,204740,206702,207028,209025,206559,1430,0
120000,1,2,2,1,-2,-2,-2,-2,-2,0,0,0,0,0,0,0,0,0,0,0,0,120000,120000,120000,120000,120000,120000,0,1
500000,1,1,3,-1,-1,-1,-1,-1,-1,46178,56570,117102,159284,112078,136341,57498,120899,101500,30418,80668,50384,453822,443430,382898,340716,387922,363659,186186,0
390000,2,1,3,-1,-1,-1,-1,-1,-1,32708,34849,34370,4968,5595,5318,3000,1500,1000,1004,2003,5407,357292,355151,355630,385032,384405,384682,103894,0
310000,1,2,2,-2,-2,-2,-2,-2,-2,8242,32447,17314,8639,12862,4553,32617,17417,8702,12926,4575,1990,301758,277553,292686,301361,297138,305447,5830,0
280000,1,1,2,-1,-1,-1,-1,-1,-1,284556,265099,270705,278771,283434,259699,9500,10750,12500,11000,9600,9200,-4556,14901,9295,1229,-3434,20301,1579714,0
200000,1,1,3,-1,-1,-1,2,-1,-1,1980,1802,5647,3604,1802,1802,1802,5647,0,0,1802,3829,198020,198198,194353,196396,198198,198198,3557,0
50000,2,1,2,-1,-1,2,-1,-1,2,32669,35917,35063,36176,38269,37521,3800,0,2000,3000,0,3200,17331,14083,14937,13824,11731,12479,203615,0
500000,2,1,3,-1,-1,-1,-1,-1,-1,17360,13170,10697,19757,5158,43859,13222,10758,19883,5180,44064,41450,482640,486830,489303,480243,494842,456141,-24556,0
30000,2,2,3,-1,-1,-1,-1,-1,-1,29893,28289,24572,23448,21919,20756,1697,1505,1305,1000,1000,819,107,1711,5428,6552,8081,9244,141551,0
50000,2,2,2,-1,-1,-1,-1,-1,-1,49986,46720,48166,49167,26032,26235,23800,2200,2150,1000,1000,1000,14,3280,1834,833,23968,23765,215156,1
210000,2,2,3,-2,-2,-2,-2,-2,-2,-163,-163,-163,-65167,-168,2999,0,0,5530,84332,21500,30000,210163,210163,210163,275167,210168,207001,-204187,1
150000,1,1,3,-2,-2,-1,2,-1,-1,0,0,6785,6572,1800,0,0,6785,0,1808,0,0,150000,150000,143215,143428,148200,150000,6564,0
230000,2,1,2,-1,-1,-1,-1,-1,-1,218205,217665,201440,192978,110055,100857,7859,7750,6246,2500,2600,1300,11795,12335,28560,37022,119945,129143,1012945,0
200000,1,2,2,-1,-1,-1,-1,-2,-2,1488,4242,8235,0,0,0,4246,8511,0,0,0,2401,198512,195758,191765,200000,200000,200000,-1193,0
200000,1,2,2,-1,-1,-1,-1,-1,2,3810,3056,8519,776,5335,4536,3063,8568,776,5335,0,664,196190,196944,191481,199224,194665,195464,7626,0
330000,2,1,2,-1,-1,-1,-1,-1,-1,179935,177959,175259,153562,157072,158516,8000,6000,5600,6000,6000,6000,150065,152041,154741,176438,172928,171484,964703,1
70000,2,1,2,-1,-1,-1,-1,-1,-1,68144,69548,70985,64905,48542,48525,2538,2607,2137,1714,1751,2153,1856,452,-985,5095,21458,21475,357749,0
100000,2,1,3,-1,-1,-1,-1,-1,-1,91,949,3079,6427,6558,0,957,3079,6427,131,0,0,99909,99051,96921,93573,93442,100000,6510,1
130000,2,1,2,-1,-1,-1,-1,-1,-1,129998,132880,128615,130553,100976,96560,6543,6700,6050,4040,3700,3562,2,-2880,1385,-553,29024,33440,688987,0
90000,2,2,2,-1,-1,3,2,-1,-1,941,3008,1882,941,266,-675,3008,200,0,266,0,3264,89059,86992,88118,89059,89734,90675,-375,1
150000,1,1,2,1,-2,-2,-2,-1,-1,0,-316,-632,-1264,316,782,0,0,0,1580,782,638,150000,150316,150632,151264,149684,149218,-4114,0
230000,2,1,2,-1,-1,-1,-1,-1,-1,22472,20911,24408,8747,-1231,4771,1330,5000,3060,91,6002,0,207528,209089,205592,221253,231231,225229,64595,0
80000,1,2,2,-1,-1,-1,-1,-1,-1,21788,32562,23346,18361,10434,7387,16445,1482,1011,8,111,3509,58212,47438,56654,61639,69566,72613,91312,0
100000,2,1,2,-1,-1,-1,-1,-1,-1,66470,36825,76561,39434,48351,20800,2000,3000,4200,22000,1200,0,33530,63175,23439,60566,51649,79200,256041,0
170000,1,1,2,-1,-1,-1,-1,-1,-1,187146,175347,181490,169608,163255,168395,6500,9000,7000,3500,7000,5000,-17146,-5347,-11490,392,6745,1605,1007241,1
310000,1,1,3,-1,2,-1,-1,-1,-1,2432,261,2745,-626,110,-154,0,4000,0,1000,0,0,307568,309739,307255,310626,309890,310154,-232,0
160000,2,2,2,-1,-1,-1,-1,-1,-1,735,735,735,735,735,735,735,735,735,735,735,735,159265,159265,159265,159265,159265,159265,0,0
70000,2,1,2,2,2,2,2,2,2,30809,30015,32928,32100,34557,35357,0,3400,0,3000,1500,1500,39191,39985,37072,37900,35443,34643,186366,1
500000,1,1,2,-1,-1,-1,-1,-1,-1,62053,46888,50783,53204,56946,58394,75840,5000,5012,10000,5000,10000,437947,453112,449217,446796,443054,441606,217416,0
50000,2,1,3,-1,-1,-2,-2,-1,-1,51400,0,0,0,50108,50765,0,0,0,50108,2363,390,-1400,50000,50000,50000,-108,-765,99412,0
410000,2,1,3,2,2,2,2,2,-1,71532,73643,72083,76603,74964,76370,3700,0,6147,0,2577,2747,338468,336357,337917,333397,335036,333630,430024,1
120000,1,2,2,-1,-1,-1,-1,2,-1,120792,87675,122177,120667,47880,49629,20137,50053,29377,0,30000,984,-792,32325,-2177,-667,72120,70371,418269,0
20000,1,2,2,-1,-1,3,2,-1,-1,323,24910,22469,21780,20363,20199,26703,0,0,1000,800,1000,19677,-4910,-2469,-1780,-363,-199,80541,1
310000,2,1,3,-1,-1,-1,-1,-1,-1,12295,13440,30944,31594,30454,29246,2000,20000,2000,2000,2000,210759,297705,296560,279056,278406,279546,280754,-90786,0
90000,2,1,2,-1,-1,-1,-2,-2,-2,24489,23303,12957,4755,9176,10376,1527,12957,4755,9296,1200,0,65511,66697,77043,85245,80824,79624,55321,0
200000,1,1,3,-1,-1,-1,-1,-1,-1,145901,144678,140804,136437,135253,134629,5216,5090,5014,5009,4844,5002,54099,55322,59196,63563,64747,65371,807527,0
360000,1,2,2,-1,-1,-1,-1,-1,-1,10821,5559,3272,13756,12852,20893,5586,3364,13132,10034,16104,14348,349179,354441,356728,346244,347148,339107,4585,0
350000,1,2,1,-1,-1,-1,-1,-2,-2,16476,21256,25750,0,0,0,5000,5000,0,0,0,0,333524,328744,324250,350000,350000,350000,53482,0
20000,2,1,2,-1,-1,2,3,2,-1,14950,16446,19844,19162,18704,19226,2065,3398,0,0,780,18010,5050,3554,156,838,1296,774,84079,0
260000,1,1,2,-2,-2,-2,-2,-2,-2,5275,-200,-200,2515,0,20532,0,0,2715,0,20532,0,254725,260200,260200,257485,260000,239468,4675,0
110000,2,1,3,-1,-1,-1,-1,-1,-1,108227,107529,108483,73177,51043,60581,4200,4306,1662,1170,60604,5000,1773,2471,1517,36823,58957,49419,432098,1
140000,1,2,2,-1,-1,-1,-1,2,-1,90590,97047,102468,114718,111387,116399,8000,7000,15500,0,7000,7000,49410,42953,37532,25282,28613,23601,588109,0
310000,3,2,2,-1,-1,-1,-1,-1,-1,263685,190484,178753,166942,140659,145379,8000,6650,6000,6000,7000,6000,46315,119516,131247,143058,169341,164621,1046252,0
170000,2,1,3,-1,-1,-1,2,2,2,148211,149659,155442,162471,158294,166836,5400,8200,11400,0,10800,0,21789,20341,14558,7529,11706,3164,905113,0
80000,1,2,2,-1,-1,2,2,2,2,76539,21644,17427,67659,63815,48670,3510,41,65007,53,3228,0,3461,58356,62573,12341,16185,31330,223915,0
410000,2,1,3,-1,-1,-1,-1,-1,-1,5135,2916,13379,5165,5034,3089,2916,13379,5180,5851,3089,6271,404865,407084,396621,404835,404966,406911,-1968,0
130000,2,2,2,-1,-1,-1,-1,2,-1,16657,17874,18776,20858,20225,21396,1500,1500,2400,0,1500,1500,113343,112126,111224,109142,109775,108604,107386,0
260000,1,1,2,-1,-1,-1,-1,-1,-1,5992,7000,8024,9185,9384,9426,1116,1140,1301,500,341,343,254008,253000,251976,250815,250616,250574,44270,0
500000,1,2,3,-1,-1,-1,-1,-1,-1,2594,1184,17740,36657,2631,26231,1190,17840,36639,2644,26363,35908,497406,498816,482260,463343,497369,473769,-33547,0
160000,2,1,3,-2,-2,-2,-2,-2,-2,390,780,0,780,390,930,780,0,780,390,930,0,159610,159220,160000,159220,159610,159070,390,0
180000,2,1,2,-1,-1,-1,-1,-1,-1,37565,36877,36862,34337,33524,35223,3006,3007,3002,3000,3000,2003,142435,143123,143138,145663,146476,144777,197370,0
70000,3,2,2,-1,-1,-1,-1,-1,-1,53972,23149,23968,25559,26134,26715,1700,1500,2000,1000,1000,2000,16028,46851,46032,44441,43866,43285,170297,0
50000,2,2,2,-1,-1,-1,-1,-1,-1,1000,14300,17820,3800,2241,12241,14300,17820,3800,2241,12500,0,49000,35700,32180,46200,47759,37759,741,0
90000,1,2,2,2,-1,-1,-1,-1,-1,63632,131132,66940,68332,70169,66709,3000,2431,2506,3000,2950,4000,26368,-41132,23060,21668,19831,23291,449027,1
210000,2,2,2,-1,-1,-1,-1,-1,-1,137264,102545,94692,70484,36308,33201,3664,3900,2868,3000,2000,2000,72736,107455,115308,139516,173692,176799,457062,1
210000,4,1,2,2,-1,-1,-1,-1,-1,195615,199825,124788,126946,93925,-285,9234,5185,4900,4526,21787,152951,14385,10175,85212,83054,116075,210285,542231,0
360000,2,1,2,-1,-1,-1,-1,-1,-1,942,3670,33148,33829,16555,7090,3678,33148,1287,413,7127,1193,359058,356330,326852,326171,343445,352910,48388,0
280000,1,2,2,-1,-1,-1,-1,-1,-1,100740,104055,106380,112596,114235,117232,5000,4000,8000,5000,5000,18000,179260,175945,173620,167404,165765,162768,610238,0
160000,1,2,2,-1,-1,-1,-1,-1,-1,108179,110217,107420,111123,111795,114136,3866,3899,5489,4005,4145,4161,51821,49783,52580,48877,48205,45864,637305,0
200000,2,1,2,-1,-1,-1,-1,-1,-1,3254,1988,2780,3107,6687,24524,1998,2795,3117,6700,24538,2797,196746,198012,197220,196893,193313,175476,395,0
50000,2,2,2,5,4,3,2,-1,-1,46750,45734,44741,43562,44039,45008,0,0,0,1262,1358,1275,3250,4266,5259,6438,5961,4992,265939,0
400000,3,1,2,-1,-1,2,-1,-1,-1,2487,4708,2192,11111,5675,5071,4009,6,10248,4721,4114,1855,397513,395292,397808,388889,394325,394929,6291,1
210000,1,2,2,-2,-2,-2,-2,-2,-1,918,1144,3977,5365,789,1086,1146,3988,5381,791,1088,948,209082,208856,206023,204635,209211,208914,-63,0
440000,1,2,2,-2,-2,-2,-2,-2,-2,2380,1750,4697,7502,2249,4532,1750,4697,7502,2249,4532,101750,437620,438250,435303,432498,437751,435468,-99370,0
380000,3,1,2,-1,-1,-1,-1,-1,-1,4539,4119,4686,2363,2416,4718,4131,4700,2382,2423,4732,2353,375461,375881,375314,377637,377584,375282,2120,0
120000,1,2,2,-1,-1,-1,-1,-1,-1,8578,6492,8268,6672,11724,4642,5502,7921,5700,10834,4000,3500,111422,113508,111732,113328,108276,115358,8919,0
110000,1,1,2,-1,-1,-1,-2,-2,-2,47460,51200,-200,-200,-200,-200,5000,0,0,0,0,1000,62540,58800,110200,110200,110200,110200,91860,1
110000,2,1,2,1,2,3,2,-1,-1,53524,58646,57156,54984,57437,59204,6600,0,0,4000,3500,2200,56476,51354,52844,55016,52563,50796,324651,1
360000,1,1,2,-1,-1,-1,-1,-1,-1,6878,49190,38497,14342,17098,4546,49190,38610,14350,17098,4546,6229,353122,310810,321503,345658,342902,355454,528,0
200000,1,3,3,-1,-1,-1,-1,-1,-1,202967,203188,198576,186981,137486,140473,7208,7282,5835,5000,5500,4954,-2967,-3188,1424,13019,62514,59527,1033892,1
200000,2,2,2,-1,-1,-1,-1,-1,-1,175353,150969,153856,156401,159300,160571,25001,5701,5576,6009,5811,6156,24647,49031,46144,43599,40700,39429,902196,1
50000,2,2,2,-1,-1,-1,-1,-1,-1,50471,48538,49484,46077,23536,24045,3000,1755,1500,842,888,1914,-471,1462,516,3923,26464,25955,232252,0
400000,1,1,2,-2,-2,-2,-2,-2,-2,23052,7754,13052,12639,12315,7831,8025,13972,13046,13040,7923,14533,376948,392246,386948,387361,387685,392169,6104,0
150000,1,2,3,-1,2,-1,-1,-1,-1,1980,990,990,990,990,1980,0,990,990,990,1980,0,148020,149010,149010,149010,149010,148020,2970,0
430000,1,1,2,-1,-1,-1,-1,-1,-1,43970,46127,336073,325463,38290,21800,50942,325470,20003,39068,21800,351282,386030,383873,93927,104537,391710,408200,3158,0
170000,1,1,2,-2,-2,-2,-2,-2,-2,-21,-21,-21,-21,-21,-21,0,0,0,0,0,0,170021,170021,170021,170021,170021,170021,-126,0
300000,1,1,3,-1,-1,-1,-1,-1,-1,23742,29184,27048,24113,21683,12680,10000,1976,1200,12689,0,11223,276258,270816,272952,275887,278317,287320,101362,0
500000,1,2,2,-1,-1,-1,-1,-1,-1,34639,41481,25747,5749,10370,14161,10010,8078,2000,5000,6000,15000,465361,458519,474253,494251,489630,485839,86059,0
230000,2,1,2,-1,-1,-1,-1,-1,-1,165090,135706,122232,82007,80811,81914,6500,6000,3400,2500,2000,1800,64910,94294,107768,147993,149189,148086,645560,0
50000,2,1,3,-1,-1,-1,-1,-1,-1,50593,50420,49695,47862,18371,18601,1798,2198,1296,805,676,695,-593,-420,305,2138,31629,31399,228074,0
50000,2,2,3,1,2,-1,-1,-1,-1,15323,14780,15889,16650,18535,18924,0,1354,1115,2000,520,600,34677,35220,34111,33350,31465,31076,94512,1
220000,1,2,2,1,-2,-2,-2,-2,-2,0,0,0,0,0,0,0,0,0,0,0,0,220000,220000,220000,220000,220000,220000,0,0
500000,2,1,2,-2,-2,-2,-2,-2,-2,2082,800,1440,600,8170,600,803,1440,600,8170,600,1389,497918,499200,498560,499400,491830,499400,690,0
350000,2,1,2,1,2,-1,-1,2,-1,70845,69318,71301,75129,71313,68046,0,3500,5500,0,2500,2000,279155,280682,278699,274871,278687,281954,412452,0
200000,1,1,3,-1,-1,-1,-1,-2,-2,3983,4884,3165,0,0,0,4884,3165,0,0,0,0,196017,195116,196835,200000,200000,200000,3983,0
30000,3,2,2,-1,-1,-1,-1,-1,-1,27224,28359,27458,26539,28556,28621,2001,5101,2002,3031,3095,2175,2776,1641,2542,3461,1444,1379,149352,0
180000,3,1,2,-1,-1,-1,-1,-1,-1,1321,590,584,1196,3040,8009,590,584,1202,3049,8009,7820,178679,179410,179416,178804,176960,171991,-6514,0
50000,2,1,3,2,2,2,-1,-1,-1,8971,9287,9600,10537,11008,11472,1000,1000,1500,1000,1000,1000,41029,40713,40400,39463,38992,38528,54375,0
80000,1,1,3,-1,-1,-1,-1,-1,-1,1049,0,152,9587,692,706,0,152,9587,6,706,697,78951,80000,79848,70413,79308,79294,1038,0
270000,1,1,2,-1,-1,-1,-1,-1,-1,18221,5973,6511,49873,44658,40703,3005,3027,49935,5021,2004,5008,251779,264027,263489,220127,225342,229297,97939,0
310000,1,1,2,-1,-1,-1,-1,-1,-1,16577,1361,2716,824,757,842,1361,3146,824,757,842,13436,293423,308639,307284,309176,309243,309158,2711,0
450000,1,1,2,1,2,-1,-1,-1,-1,387192,379442,387398,395655,403568,418182,0,14062,14700,14500,21077,12575,62808,70558,62602,54345,46432,31818,2294523,1
210000,1,1,3,2,2,2,2,2,-1,151258,141669,134301,124218,110114,101559,5000,7000,4200,0,4000,6500,58742,68331,75699,85782,99886,108441,736419,1
300000,2,1,2,-1,-1,-1,-1,-1,-1,127237,114506,115420,118149,110223,110449,4100,4600,7384,3500,3900,4500,172763,185494,184580,181851,189777,189551,668000,0
60000,2,1,2,-1,-1,2,-1,-1,-1,72930,71123,67405,63559,60048,56458,5000,3000,3000,3000,2000,3000,-12930,-11123,-7405,-3559,-48,3542,372523,0
360000,1,2,2,-1,-1,-1,-1,-1,-1,415,-350,325,765,24851,414,0,1000,765,24851,414,30664,359585,360350,359675,359235,335149,359586,-31274,0
280000,1,1,2,1,-2,-2,-1,-1,-1,0,0,0,17535,9119,18960,0,0,17535,9119,18960,1200,280000,280000,280000,262465,270881,261040,-1200,0
150000,1,1,3,-1,-1,-1,-1,-1,-1,133013,123548,94995,52874,64269,73351,4159,4221,3094,30454,100049,5098,16987,26452,55005,97126,85731,76649,394975,1
260000,2,1,3,-2,-2,-2,-2,-2,-2,246,246,246,246,246,246,246,246,246,246,246,246,259754,259754,259754,259754,259754,259754,0,0
150000,1,2,2,-2,-1,-1,-1,-2,-2,8766,5890,1000,0,0,0,5950,1010,0,0,0,0,141234,144110,149000,150000,150000,150000,8696,0
180000,2,2,2,-1,-1,-1,-1,-1,-1,62140,65729,68709,70465,72335,74807,5311,4657,3500,3650,3800,3500,117860,114271,111291,109535,107665,105193,389767,0
120000,1,1,3,-1,-1,-1,-1,-2,-1,165,0,788,0,0,495,0,788,0,0,495,0,119835,120000,119212,120000,120000,119505,165,0
200000,1,1,3,-1,-1,2,-1,-1,-1,125722,134514,130952,132290,159160,162928,12400,0,5000,29160,6500,15044,74278,65486,69048,67710,40840,37072,777462,0
130000,1,2,3,-1,-1,-1,-1,-1,-1,121816,124223,62318,64214,44840,45969,6000,6000,3000,2000,2000,2000,8184,5777,67682,65786,85160,84031,442380,0
50000,2,1,2,1,2,-1,-1,2,-1,45442,44411,45596,48089,46790,46982,0,1900,3300,0,1558,1833,4558,5589,4404,1911,3210,3018,268719,0
430000,1,1,2,-2,-2,-2,-2,-2,-2,0,0,0,0,0,2178,0,0,0,0,2178,2125,430000,430000,430000,430000,430000,427822,-2125,0
30000,2,2,2,-1,-1,-1,-1,-1,-1,30210,27826,28672,29622,30271,24536,28000,1600,1500,1000,1000,1000,-210,2174,1328,378,-271,5464,137037,1
60000,2,2,2,-1,-1,-1,-1,-1,-1,4419,5683,6733,7662,8529,9884,1500,1300,1200,1000,1500,800,55581,54317,53267,52338,51471,50116,35610,1
180000,1,2,1,-1,-1,-1,-1,-1,-1,1430,1785,435,2145,3090,4165,1785,435,2145,3090,4165,16828,178570,178215,179565,177855,176910,175835,-15398,0
360000,3,2,2,1,-1,2,-1,-1,-1,0,238,238,3730,3930,3930,238,0,3730,200,0,0,360000,359762,359762,356270,356070,356070,7898,0
60000,2,2,2,-1,-1,-1,-1,-1,-1,53954,57469,37861,60993,2343,6707,5000,5000,25500,3000,6000,5000,6046,2531,22139,-993,57657,53293,169827,0
100000,1,2,2,-1,-1,-1,-1,-1,-1,3746,11973,13139,7170,386,1617,12077,13210,7192,386,1621,4366,96254,88027,86861,92830,99614,98383,-821,0
80000,2,2,3,-1,-1,-1,-1,-1,-1,74349,75524,77448,48108,39104,39526,3400,4000,2000,2000,1423,2200,5651,4476,2552,31892,40896,40474,339036,0
240000,1,2,2,-1,-1,2,-1,-1,-1,30851,40286,38008,9497,9124,7128,10000,14,9497,9124,2000,1200,209149,199714,201992,230503,230876,232872,103059,0
40000,1,2,2,-2,-2,-2,-2,-2,-2,0,2277,1521,0,2483,1396,2277,1521,0,2483,1396,1350,40000,37723,38479,40000,37517,38604,-1350,0
80000,2,2,2,-1,-1,-1,-1,-1,-1,77298,71051,71239,75710,63977,43385,2515,3000,6000,3008,2000,0,2702,8949,8761,4290,16023,36615,386137,0
120000,1,1,3,2,-1,-1,-1,-1,-1,360,360,360,360,150,870,360,360,360,150,870,510,119640,119640,119640,119640,119850,119130,-150,1
280000,4,1,3,-1,-1,-1,-1,-1,-1,11847,10232,13454,5549,1260,26271,10252,13488,5572,1263,26398,5823,268153,269768,266546,274451,278740,253729,5817,0
210000,1,1,3,-2,-2,-2,-2,-2,-2,2361,652,401,63,684,0,652,401,63,684,0,0,207639,209348,209599,209937,209316,210000,2361,0
70000,2,2,2,-1,-1,-1,-1,-1,-1,48421,49620,49976,20882,16401,16903,2006,1362,1268,587,766,1000,21579,20380,20024,49118,53599,53097,195214,0
160000,1,2,2,2,2,2,2,-1,-1,63043,67460,68554,66841,74763,87692,6079,3064,0,10000,15000,0,96957,92540,91446,93159,85237,72308,394210,1
260000,4,1,3,-1,-1,-1,-1,-1,-1,3469,1579,879,697,396,3635,1579,879,697,396,3635,5964,256531,258421,259121,259303,259604,256365,-2495,0
100000,1,2,2,2,2,-1,-1,2,2,38604,37688,38780,43592,44117,45165,0,2000,5800,1540,1900,1700,61396,62312,61220,56408,55883,54835,235006,1
80000,2,2,2,2,2,2,-1,-1,-1,48751,49853,48781,50170,51237,52360,2200,0,2500,2500,2100,2000,31249,30147,31219,29830,28763,27640,289852,1
140000,2,1,3,1,-1,-1,-1,-1,-1,0,1384,-12,1900,664,1085,1384,0,1912,0,1085,0,140000,138616,140012,138100,139336,138915,640,0
100000,2,2,3,-2,-2,-2,-2,-2,-2,8853,-1000,389,10049,1049,1049,0,10389,10051,1051,1051,1051,91147,101000,99611,89951,98951,98951,-3204,0
50000,1,1,2,-1,-1,-1,-2,-2,-2,29294,30400,0,0,0,0,2000,500,0,0,0,0,20706,19600,50000,50000,50000,50000,57194,0
20000,2,2,2,2,2,3,2,-1,-1,15087,16133,17174,16605,17029,17305,1600,1600,0,1000,700,1000,4913,3867,2826,3395,2971,2695,93433,0
240000,1,1,2,-1,-1,-1,-1,-1,-1,188964,183744,168683,155064,148969,148619,8000,6017,6900,5250,5400,6200,51036,56256,71317,84936,91031,91381,956276,0
90000,2,1,3,-1,-1,-1,-1,-1,-1,16420,17441,18467,19554,20028,20704,1300,1313,1400,800,1000,800,73580,72559,71533,70446,69972,69296,106001,0
420000,2,1,2,-1,-1,-1,-1,-1,-1,293402,297672,304702,311889,182087,185152,10433,12000,13302,7002,6500,7000,126598,122328,115298,108111,237913,234848,1518667,0
500000,2,2,2,-1,-1,-1,-1,-1,-1,134558,134503,114682,124240,131006,137911,5185,20031,20029,20058,20127,10000,365442,365497,385318,375760,368994,362089,681470,0
350000,1,2,2,-2,-2,-2,-1,-1,-1,6015,8751,686,430667,161089,119339,8797,691,238241,1009,596,10356,343985,341249,349314,-80667,188911,230661,466857,0
50000,2,1,3,-1,-1,-1,-1,-1,-1,39722,40759,43096,44151,3361,3593,1700,3000,2350,1000,286,1000,10278,9241,6904,5849,46639,46407,165346,0
80000,1,2,3,-1,-1,-1,-1,-1,-1,1068,37102,38112,40079,41040,42994,37200,2000,3000,2000,3000,2000,78932,42898,41888,39921,38960,37006,151195,0
200000,1,1,3,1,-2,-2,-2,-2,-2,0,0,0,0,0,0,0,0,0,0,0,0,200000,200000,200000,200000,200000,200000,0,0
240000,1,1,3,-1,-1,-1,-1,-1,2,67120,68473,69899,71946,75425,74377,2200,2263,2930,5000,0,3000,172880,171527,170101,168054,164575,165623,411847,0
30000,2,2,3,1,-2,-2,-2,-2,-2,0,0,0,0,0,0,0,0,0,0,0,0,30000,30000,30000,30000,30000,30000,0,0
50000,3,3,2,-1,-1,-1,-1,-1,-1,31514,32346,26223,25791,19476,19066,1710,1787,1295,825,684,784,18486,17654,23777,24209,30524,30934,147331,0
290000,2,1,3,-1,-1,-1,-1,-1,-1,31824,20578,13505,13386,12536,5850,1529,13505,6000,5000,6000,0,258176,269422,276495,276614,277464,284150,65645,0
20000,3,1,2,-1,-1,-1,-1,-1,-1,17860,11627,19648,18459,18824,19220,1400,19648,1307,672,698,718,2140,8373,352,1541,1176,780,81195,0
330000,2,1,3,-1,-1,-1,-1,-1,-1,86916,87548,89421,91115,92935,91584,3135,3285,3221,3247,3317,3555,243084,242452,240579,238885,237065,238416,519759,0
10000,1,2,2,1,2,3,2,-1,-1,8803,10926,10425,9919,9825,10581,2620,0,0,400,1100,0,1197,-926,-425,81,175,-581,56359,1
370000,1,1,3,-1,-1,-1,-1,-1,-1,123485,129885,134782,141002,145637,149281,10000,7000,10000,7000,6000,6000,246515,240115,235218,228998,224363,220719,778072,0
80000,1,2,3,-1,-1,-1,-1,-1,-1,84437,85065,77727,73713,74328,75649,3093,8000,3000,3000,3000,4000,-4437,-5065,2273,6287,5672,4351,446826,0
340000,2,1,3,-1,-1,-1,-1,-1,-1,147943,144543,146603,149519,151697,154499,5169,5333,5366,5550,7000,915,192057,195457,193397,190481,188303,185501,865471,0
500000,1,1,2,1,-2,-2,-2,-1,-1,0,0,0,0,881,881,0,0,0,881,0,0,500000,500000,500000,500000,499119,499119,881,1
460000,1,1,3,-1,-1,-1,-1,-1,-1,293429,295998,295807,291616,289529,289449,13200,14000,11500,10500,10500,10000,166571,164002,164193,168384,170471,170551,1686128,0
50000,2,2,3,-1,-1,-1,-1,-1,-1,46594,47585,48887,49097,17203,17562,1768,2070,1280,616,636,640,3406,2415,1113,903,32797,32438,219918,1
160000,4,1,3,-1,-1,-1,-1,-1,-1,151394,153702,156778,148292,115841,116972,5500,7054,6511,4500,4500,4500,8606,6298,3222,11708,44159,43028,810414,0
80000,2,1,3,2,2,2,-1,-1,2,68250,73424,71691,72507,76841,74336,6325,0,2612,5520,0,2998,11750,6576,8309,7493,3159,5664,419594,1
210000,3,2,3,-1,-1,-1,-1,-1,-1,200822,206893,94347,-342,658,1758,11477,3658,0,1000,1800,14015,9178,3107,115653,210342,209342,208242,472186,0
30000,3,1,2,-1,-1,-1,-1,-1,-1,28486,28182,26168,23119,23268,29327,2000,3000,5000,3000,7000,1156,1514,1818,3832,6881,6732,673,137394,0
30000,2,2,2,-1,-1,-1,-1,-1,-1,31404,32302,27951,28475,29085,26810,1500,1476,1000,31000,1000,995,-1404,-2302,2049,1525,915,3190,139056,1
410000,1,1,2,-1,-1,-1,-1,-2,-2,499,0,35509,0,0,0,0,35509,0,0,0,0,409501,410000,374491,410000,410000,410000,499,0
260000,2,2,2,-1,-1,-1,-1,-1,-1,493411,400108,297313,276948,2378,-2709,12325,6633,6889,1025,2047,194102,-233411,-140108,-37313,-16948,257622,262709,1244428,1
50000,2,1,3,-1,-1,-1,-1,-1,-1,50536,9853,11353,12143,11753,11922,1200,4000,2000,2000,1000,1000,-536,40147,38647,37857,38247,38078,96360,0
360000,3,1,2,-1,-1,-1,-2,-2,-2,1090,303,0,0,0,0,303,0,0,0,0,860,358910,359697,360000,360000,360000,360000,230,0
50000,3,1,3,-1,-1,-1,-1,-1,-1,48584,49070,50076,48995,19780,15102,2000,5000,2305,3000,559,3000,1416,930,-76,1005,30220,34898,215743,0
220000,1,1,3,-1,2,-1,-1,2,-1,1208,534,212,2886,3794,4673,0,538,3089,1630,2000,2000,218792,219466,219788,217114,216206,215327,4050,0
30000,3,2,4,2,2,-1,-1,-1,-1,53237,46868,42397,38569,33570,19895,0,1800,2200,1400,2000,30000,-23237,-16868,-12397,-8569,-3570,10105,197136,1
230000,2,2,4,1,2,-1,-1,-1,-1,23674,23027,24185,25238,29803,34312,0,2000,1435,5000,5000,6000,206326,206973,205815,204762,200197,195688,140804,1
20000,3,1,4,1,5,4,5,4,3,18378,17797,19225,18644,18063,17491,0,2000,0,0,0,0,1622,2203,775,1356,1937,2509,107598,0
500000,2,1,3,-1,-1,-1,-1,-1,-1,102690,15518,18909,31449,8253,25707,15599,19001,31603,8289,25832,2357,397310,484482,481091,468551,491747,474293,99845,0
50000,1,2,2,-1,-1,2,-1,-1,2,33499,36742,35875,36501,21764,1723,3800,0,1500,300,0,150,16501,13258,14125,13499,28236,48277,160354,0
440000,2,1,3,-2,-2,-2,-2,-2,-2,942,2002,2942,2948,0,942,2002,2942,2948,0,942,1000,439058,437998,437058,437052,440000,439058,-58,0
140000,1,1,4,-1,-1,-1,-1,-1,-1,83957,87160,89365,91005,94651,97132,5000,4000,3618,5481,5000,5000,56043,52840,50635,48995,45349,42868,515171,0
480000,1,1,3,-2,-2,-2,-2,-2,-2,63701,-220,38929,339176,33146,37337,0,39149,344261,33312,37511,31383,416299,480220,441071,140824,446854,442663,26453,0
20000,2,2,4,-1,-1,-1,-1,-1,-1,17053,18952,15732,17330,17150,18150,2219,2000,2000,1000,1000,0,2947,1048,4268,2670,2850,1850,96148,1
170000,2,1,4,3,2,2,-2,-1,-1,2184,1990,0,0,3955,1278,0,0,0,3955,1278,1316,167816,168010,170000,170000,166045,168722,2858,0
260000,2,1,4,-1,-1,-1,-1,-1,-1,212197,212185,212584,213851,215362,214879,7534,8201,7633,7436,7879,8727,47803,47815,47416,46149,44638,45121,1233648,0
140000,1,2,4,-1,2,-1,-1,-1,-1,780,780,390,0,780,390,0,390,0,780,390,0,139220,139220,139610,140000,139220,139610,1560,1
100000,3,1,3,-1,-1,-2,-2,-2,-2,33333,0,0,0,0,0,0,0,0,0,0,0,66667,100000,100000,100000,100000,100000,33333,0
220000,3,1,5,-1,-1,-1,-1,-1,-1,1193,1525,3067,1771,2326,390,1525,3470,1771,2333,390,2361,218807,218475,216933,218229,217674,219610,-1578,0
160000,3,1,5,-1,-1,-1,-1,-1,-1,390,390,390,780,390,390,390,390,780,0,390,390,159610,159610,159610,159220,159610,159610,390,0
20000,2,1,4,-1,-1,-1,-1,-1,-1,17020,13161,3851,6061,7058,5680,1000,3851,6061,7058,2840,6380,2980,6839,16149,13939,12942,14320,25641,0
210000,3,1,4,-1,-1,-1,-1,-1,-1,4137,390,390,4962,0,780,390,390,4962,0,780,6668,205863,209610,209610,205038,210000,209220,-2531,1
60000,3,1,4,-2,-2,-2,-1,-1,-2,1400,373,1299,1170,600,510,373,1299,1172,600,510,600,58600,59627,58701,58830,59400,59490,798,0
190000,1,1,4,2,2,2,2,2,2,36137,37143,38051,38827,39488,40208,1900,1800,1700,1600,1500,1600,153863,152857,151949,151173,150512,149792,219754,1
500000,1,2,4,-1,-1,-1,-1,-1,-1,79461,75952,77726,79494,83150,85805,3000,3000,4000,5000,4000,4000,420539,424048,422274,420506,416850,414195,458588,0
20000,2,2,4,-1,-1,2,-1,-1,-1,8639,10483,11016,12027,12030,12535,2000,1000,1500,500,700,700,11361,9517,8984,7973,7970,7465,60330,0
460000,1,1,4,1,2,-1,-1,-1,-1,179442,158458,145081,130967,118659,15322,4,7506,5024,2572,2005,21559,280558,301542,314919,329033,341341,444678,709259,0
460000,3,1,5,-1,-1,-1,-1,-1,-1,10643,1547,1670,6425,4897,8401,1600,1800,6500,5000,5000,4500,449357,458453,458330,453575,455103,451599,9183,0
300000,3,1,4,-1,-1,-1,-1,-1,-1,282506,281606,261216,156521,120769,110093,20024,20035,6610,20000,4000,4200,17494,18394,38784,143479,179231,189907,1137842,0
490000,2,1,4,-1,-1,-1,-1,-1,-1,59056,60236,62268,63264,62928,66334,2153,3000,2112,2124,6004,3024,430944,429764,427732,426736,427072,423666,355669,0
90000,2,1,4,-1,-1,-1,-1,-1,-1,93737,85818,88988,50780,50929,48735,3600,5100,2200,2200,1944,2200,-3737,4182,1012,39220,39071,41265,401743,0
70000,3,1,4,2,2,2,2,2,2,20205,22856,22202,24326,23636,25350,3000,0,2500,0,2100,1100,49795,47144,47798,45674,46364,44650,129875,1
20000,2,1,4,-1,-1,-1,-1,-1,-1,16734,17748,18384,18976,18955,18983,1300,1314,1296,665,710,693,3266,2252,1616,1024,1045,1017,103802,1
20000,2,1,5,-1,2,-1,-1,-2,-1,1480,390,780,0,390,390,0,780,0,2000,1170,1320,18520,19610,19220,20000,19610,19610,-1840,0
10000,3,2,5,-1,-1,-1,-1,-1,-1,7700,8595,9273,9774,9973,9638,1293,1235,1000,199,193,197,2300,1405,727,226,27,362,50836,1
420000,1,1,4,-1,-1,-1,-1,-1,-1,1936,3473,12230,13682,1695,712,3489,12290,13749,1706,714,584,418064,416527,407770,406318,418305,419288,1196,0
200000,2,1,4,-1,-1,-1,-1,-1,-1,10755,9981,7843,6335,4616,7956,10120,7852,6336,4622,7956,5499,189245,190019,192157,193665,195384,192044,5101,0
500000,1,2,4,-1,-1,-1,-1,-1,-1,201013,197982,137786,129575,135483,118851,8366,12063,8031,16114,10091,15123,298987,302018,362214,370425,364517,381149,850902,0
150000,1,1,4,-1,-1,-1,-1,-1,-1,142904,144527,149386,149031,78284,76500,5200,7200,4800,2730,2750,2800,7096,5473,614,969,71716,73500,715152,0
50000,3,2,4,-1,-1,-1,-1,-1,-1,46190,44450,50266,19729,20149,19593,2000,20266,1300,700,700,700,3810,5550,-266,30271,29851,30407,174711,0
180000,2,1,5,-1,-1,-1,-1,-1,-1,47932,48922,50035,50749,51903,52991,2087,2200,1846,2000,1923,2000,132068,131078,129965,129251,128097,127009,290476,0
20000,2,2,4,-1,-1,-1,2,2,-2,13874,14488,16029,15470,0,0,1238,2559,0,0,0,0,6126,5512,3971,4530,20000,20000,56064,0
150000,2,1,4,2,2,2,2,2,-1,131953,136386,140830,146050,142241,145559,8100,8100,9000,0,5578,5304,18047,13614,9170,3950,7759,4441,806937,1
50000,3,1,5,1,2,-1,-1,-1,-1,52198,50062,50284,50740,30175,30407,0,2310,1766,1201,1232,1199,-2198,-62,-284,-740,19825,19593,256158,0
130000,2,1,4,-1,-1,-1,-1,-1,-1,129049,63099,57700,53308,48722,48831,3000,2100,2500,2100,2100,1500,951,66901,72300,76692,81278,81169,387409,0
370000,1,2,4,-1,-1,-1,-1,-1,-1,242132,130404,65225,41922,37565,28830,5600,3000,2000,3000,500,4019,127868,239596,304775,328078,332435,341170,527959,0
360000,2,1,4,-1,-1,-1,-1,-2,-1,30155,10508,7575,3026,1133,3408,10541,7600,3049,1138,3414,24952,329845,349492,352425,356974,358867,356592,5111,1
100000,3,1,4,-1,-1,-1,-1,5,4,37082,46041,59526,72823,71105,69424,10000,15000,15000,0,0,0,62918,53959,40474,27177,28895,30576,316001,1
50000,3,2,4,-1,-1,-1,-1,-1,-1,75804,76799,78692,79543,19738,19759,2785,3068,2309,694,716,808,-25804,-26799,-28692,-29543,30262,30241,339955,0
200000,3,2,5,-1,-1,-1,-1,-1,-1,3030,7277,6655,3455,0,1930,7007,6655,3455,0,1930,5450,196970,192723,193345,196545,200000,198070,-2150,1
400000,3,1,4,-1,-1,-1,-1,-1,-1,15090,17934,21264,29811,58472,101092,4004,5002,10004,70001,84003,20000,384910,382066,378736,370189,341528,298908,50649,0
20000,2,1,4,-1,-1,-1,-1,-1,-1,17768,18378,19077,19467,19155,19098,1600,1689,1469,547,500,547,2232,1622,923,533,845,902,106591,0
500000,1,1,4,3,2,2,2,2,2,4957,4957,4957,4957,4957,4957,0,0,0,0,0,0,495043,495043,495043,495043,495043,495043,29742,1
20000,2,2,3,-1,-1,-1,-1,-1,-1,18260,19080,18871,17700,390,1320,1621,1292,1166,390,1320,0,1740,920,1129,2300,19610,18680,69832,1
240000,4,1,4,-1,-1,-1,-1,-1,-1,236470,242059,235353,240001,190904,193710,9560,9000,8790,8013,8125,8000,3530,-2059,4647,-1,49096,46290,1287009,0
210000,2,2,4,-2,-2,-2,-2,-2,-1,5649,5398,435,18950,6804,59999,5425,437,19053,6838,59999,214,204351,204602,209565,191050,203196,150001,5269,0
130000,2,2,4,-1,-1,-1,-1,-1,-1,89913,90555,93576,95121,64712,66016,3300,5000,4500,2400,2600,2600,40087,39445,36424,34879,65288,63984,479493,0
130000,3,2,3,-1,-1,-1,-1,-1,-1,20678,18956,16172,16898,11236,6944,1610,1808,7014,27,7011,4408,109322,111044,113828,113102,118764,123056,69006,0
360000,1,1,3,-1,-1,-2,-2,-1,2,4698,-200,-200,0,5084,2500,0,0,200,5084,0,0,355302,360200,360200,360000,354916,357500,6598,1
50000,1,2,4,-1,-1,-1,-1,-1,-1,11045,3115,7161,5351,791,47774,3115,7161,5351,791,46983,2025,38955,46885,42839,44649,49209,2226,9811,0
500000,1,1,4,-1,-1,2,-1,-1,-1,10287,15123,9957,2253,4402,10340,5084,49,2270,4422,10360,3912,489713,484877,490043,497747,495598,489660,26265,0
130000,3,2,4,2,-1,-1,-1,-1,-1,98285,94075,92857,95351,95525,96980,4300,4300,7400,3600,4000,4000,31715,35925,37143,34649,34475,33020,545473,0
20000,3,2,4,-1,-1,-1,-1,-1,-1,19978,18910,18962,19886,18978,17124,1594,1476,1400,380,342,672,22,1090,1038,114,1022,2876,107974,1
480000,1,1,4,-2,-2,-2,-2,-2,-2,0,8389,6375,1114,0,0,8389,6375,1114,0,0,0,480000,471611,473625,478886,480000,480000,0,0
240000,3,1,4,-1,-1,-1,-1,-1,-1,140233,134223,130372,128921,120048,121292,4754,4873,5033,4204,4509,5009,99767,105777,109628,111079,119952,118708,746707,0
60000,2,1,4,-1,-1,-1,-1,-1,-1,60114,54902,46956,40671,38188,38652,1902,1650,3200,1500,1500,1500,-114,5098,13044,19329,21812,21348,268231,0
450000,1,1,5,-1,-1,-1,-1,-1,-1,156875,154853,152936,150996,149094,147297,11000,11000,11000,11000,11000,11000,293125,295147,297064,299004,300906,302703,846051,1
350000,3,1,5,-1,-1,-1,-1,-1,-1,188,188,187,698,188,183,188,187,700,188,183,1305,349812,349812,349813,349302,349812,349817,-1119,0
130000,2,1,3,2,-1,-1,-1,-1,-1,121409,123106,125614,125451,84103,84436,6000,6592,4000,3000,3062,4000,8591,6894,4386,4549,45897,45564,637465,1
240000,1,1,3,-1,-1,-1,-1,-1,-1,234984,234559,240896,135900,135853,127777,9500,11217,4855,4000,3200,3000,5016,5441,-896,104100,104147,112223,1074197,0
50000,2,2,4,2,-1,-1,-1,-1,-1,46431,47028,48063,48667,17875,17699,1756,2181,2175,773,638,694,3569,2972,1937,1333,32125,32301,217546,0
60000,2,2,4,-1,-1,-1,-1,-1,-1,62038,34845,33598,20904,18705,19345,1579,1998,1304,771,1045,433,-2038,25155,26402,39096,41295,40655,182305,0
20000,1,2,4,-1,-1,-1,-1,-1,-1,17820,18626,18980,7674,5708,4899,1435,1179,1000,114,98,1874,2180,1374,1020,12326,14292,15101,68007,0
30000,2,1,3,-1,-1,-1,-1,-1,-1,26846,27879,28870,27806,25142,25667,1783,1774,1710,1046,1079,1089,3154,2121,1130,2194,4858,4333,153729,0
400000,1,1,3,-2,-2,-2,-2,-2,-2,3173,4265,8403,9096,28896,52196,4265,8427,9096,28896,52196,396,396827,395735,391597,390904,371104,347804,2753,0
400000,1,1,4,-1,-1,-1,-1,-1,-1,16241,14697,12762,13043,10137,8249,1217,1302,1052,510,305,512,383759,385303,387238,386957,389863,391751,70231,0
200000,1,1,3,-1,-1,-1,-1,-1,-1,419,419,392,423,404,415,419,392,450,400,430,430,199581,199581,199608,199577,199596,199585,-49,0
260000,2,1,4,-1,-1,-1,-1,-1,-1,133208,122199,113462,98146,86452,58846,6400,5744,3756,2600,2500,2000,126792,137801,146538,161854,173548,201154,589313,0
30000,1,1,4,-1,-1,-1,-1,-1,-1,390,390,390,1389,3684,2744,390,390,1389,3684,0,4794,29610,29610,29610,28611,26316,27256,-1660,0
30000,1,1,4,-1,-1,-1,-1,-1,-2,14476,15297,8531,8020,-620,-620,1129,1152,1081,0,0,0,15524,14703,21469,21980,30620,30620,41722,1
270000,1,1,4,-1,-1,-1,-1,-1,-1,931,31838,11013,1188,14989,2609,31838,11013,1196,14989,2609,1269,269069,238162,258987,268812,255011,267391,-346,0
260000,3,1,3,-1,-1,-1,-1,-1,-1,154927,158848,160654,155059,141570,134143,8000,6000,7100,5300,5000,5000,105073,101152,99346,104941,118430,125857,868801,0
210000,2,1,3,1,-1,-1,-2,-2,-2,0,296,-204,-204,-204,-204,296,0,0,0,0,0,210000,209704,210204,210204,210204,210204,-816,0
500000,1,1,4,1,2,2,-1,-1,-1,231300,235865,230713,235401,238828,243477,9838,0,10018,8845,8800,9000,268700,264135,269287,264599,261172,256523,1369083,0
50000,2,1,3,-1,-1,-1,-1,-1,-1,48321,48890,30272,31080,15315,15238,1839,1640,1901,526,537,577,1679,1110,19728,18920,34685,34762,182096,1
160000,1,1,4,-1,-1,-1,-1,-1,-1,205134,46181,47242,48355,49552,50655,1800,1800,1900,2000,1900,2000,-45134,113819,112758,111645,110448,109345,435719,0
550000,1,1,4,-1,-1,-1,-1,-1,-1,201417,205430,209720,214030,218096,210264,7110,7353,7534,7385,7253,15000,348583,344570,340280,335970,331904,339736,1207322,0
330000,1,1,4,-2,-2,-2,-2,-2,-2,0,41219,374,0,15900,8601,41219,374,0,15900,8601,38000,330000,288781,329626,330000,314100,321399,-38000,0
280000,1,1,5,-1,2,2,-2,-1,-1,495,109,-780,-1170,1473,558,4,390,0,3033,558,1320,279505,279891,280780,281170,278527,279442,-4620,1
400000,1,1,5,-1,-1,-1,-1,-1,-1,279579,258070,77910,61440,44590,12270,10700,47000,1500,0,0,0,120421,141930,322090,338560,355410,387730,674659,0
300000,1,1,4,-1,-1,-1,-1,-1,-1,127480,130168,134080,126996,127820,130325,4810,6164,6069,4425,4412,4123,172520,169832,165920,173004,172180,169675,746866,0
20000,2,1,4,-1,-1,-1,-1,-1,-1,20180,19798,53069,17025,18372,19696,1500,1300,2513,2000,2000,1000,-180,202,-33069,2975,1628,304,137827,0
280000,1,1,2,-1,-1,-1,-1,-1,-1,1585,6416,16387,2967,1087,2644,6416,16387,2981,2644,2644,820,278415,273584,263613,277033,278913,277356,-806,0
400000,3,2,5,-1,-1,-1,-1,-1,-1,52332,42898,26096,396988,348029,173170,42898,26099,397092,7864,3785,0,347668,357102,373904,3012,51971,226830,561775,0
230000,3,1,4,-2,-2,-2,-2,-2,-2,-11,-11,2163,-40,-40,8083,0,2174,0,0,8123,4133,230011,230011,227837,230040,230040,221917,-4286,0
20000,3,2,4,-1,-1,-1,-1,-1,-1,13561,13050,390,18280,2880,1600,1105,390,18280,2880,1600,0,6439,6950,19610,1720,17120,18400,25506,1
50000,3,1,4,-1,-1,-2,-2,-2,-2,30900,0,0,0,0,0,0,0,0,0,0,0,19100,50000,50000,50000,50000,50000,30900,1
480000,1,1,5,-1,-1,-1,-1,-1,-1,3820,4665,5367,21222,9083,84804,4665,5473,21284,9088,84804,6285,476180,475335,474633,458778,470917,395196,-2638,0
360000,4,1,4,1,-2,-2,-2,-2,-2,4767,-233,-233,-233,-233,-233,0,0,0,0,0,0,355233,360233,360233,360233,360233,360233,3602,0
110000,3,1,4,-1,-1,-1,-1,-1,-1,2132,1946,27162,26693,25243,23783,1946,27162,2000,812,799,933,107868,108054,82838,83307,84757,86217,73307,0
150000,1,1,4,-1,-1,-1,-1,-1,-1,149640,146178,133811,122606,107726,1200,6000,3857,12000,20000,0,14500,360,3822,16189,27394,42274,148800,604804,0
50000,2,1,4,2,2,2,2,-1,-1,49264,50310,50782,49335,50133,51071,2500,1900,0,1937,2224,2148,736,-310,-782,665,-133,-1071,290186,1
200000,1,1,4,-1,-1,-2,-2,-2,-2,205150,0,0,0,0,0,0,0,0,0,0,0,-5150,200000,200000,200000,200000,200000,205150,0
110000,2,1,3,-1,-1,-1,-1,-1,-1,106264,107417,108803,82231,25687,27266,4400,3600,4138,1000,2000,2000,3736,2583,1197,27769,84313,82734,440530,0
100000,1,1,4,-1,-1,-1,-1,-1,-1,10712,18135,31498,17158,18758,17168,8000,2000,4000,2000,3000,0,89288,81865,68502,82842,81242,82832,94429,0
20000,1,2,4,-1,-1,-1,-1,-1,-1,11462,9804,1436,363,363,-417,1212,1000,400,0,0,2000,8538,10196,18564,19637,19637,20417,18399,0
30000,2,1,4,-1,-1,-1,-1,-1,-1,28796,25881,28654,29049,27256,27864,1609,5000,3000,3000,3198,2000,1204,4119,1346,951,2744,2136,149693,0
230000,2,1,5,-1,-1,-1,-1,-1,-1,131550,132114,133281,123958,124474,120570,6057,4845,4291,4115,4274,4054,98450,97886,96719,106042,105526,109430,738311,0
50000,3,1,4,2,-1,-1,-1,-1,-1,8917,10080,11106,12109,12206,13915,1468,1494,1497,594,2066,0,41083,39920,38894,37891,37794,36085,61214,1
30000,3,2,4,-1,-1,-1,-2,-2,-2,24181,16829,0,0,0,0,3000,0,0,0,0,0,5819,13171,30000,30000,30000,30000,38010,0
50000,3,1,4,-1,-1,-1,-1,-1,-1,1344,780,13032,14292,16698,15436,1200,13032,1500,3000,554,2000,48656,49220,36968,35708,33302,34564,40296,0
130000,3,1,4,-1,-1,-1,-1,-1,-1,124626,121645,125789,128159,123121,123323,4500,6100,6000,5000,4600,5000,5374,8355,4211,1841,6879,6677,715463,0
50000,2,1,4,-1,-1,-1,-1,-1,-1,46540,48520,47875,48110,18576,15339,2770,2100,1300,700,1000,1000,3460,1480,2125,1890,31424,34661,216090,0
360000,1,1,4,-1,-1,2,2,-2,-2,1,612,223,-166,-555,-944,1001,1,1,1,1,1,359999,359388,359777,360166,360555,360944,-1835,1
50000,2,1,4,-1,-1,-1,-1,-1,-1,28358,25278,24713,22379,18943,15464,1416,1471,1147,531,464,451,21642,24722,25287,27621,31057,34536,129655,0
150000,1,1,4,-2,-1,-1,-2,-2,-2,4015,499,-948,-1580,316,316,501,632,0,1896,316,782,145985,149501,150948,151580,149684,149684,-1509,1
240000,2,1,4,-1,-1,-1,-1,-1,-1,390,390,390,390,390,390,390,780,390,390,390,540,239610,239610,239610,239610,239610,239610,-540,0
500000,1,1,4,-1,-1,-1,-1,-1,-1,8030,13156,12724,12873,24010,27089,13156,12724,12873,24010,15000,20000,491970,486844,487276,487127,475990,472911,119,0
170000,3,1,5,-1,-1,-1,-1,-1,-1,167535,166521,168824,164597,94094,92177,6000,7000,5000,4000,3500,3600,2465,3479,1176,5403,75906,77823,824648,0
350000,1,1,4,-1,-1,-1,-1,-1,-1,93676,91832,88719,87968,84596,82785,3240,5006,4014,3010,3043,5003,256324,258168,261281,262032,265404,267215,506260,0
160000,1,1,4,2,-1,-1,-1,2,2,150,1380,1481,2623,2457,4912,1230,1331,2473,0,2500,0,159850,158620,158519,157377,157543,155088,5469,1
220000,2,1,4,-2,-2,-2,2,2,-1,0,200,200,200,11326,43100,200,0,0,11326,43100,4257,220000,219800,219800,219800,208674,176900,-3857,0
500000,4,1,4,-1,-1,-1,-1,-1,-1,431243,415022,421996,426103,125218,126650,11000,12602,11000,4711,6000,11000,68757,84978,78004,73897,374782,373350,1889919,0
460000,1,1,4,-1,-1,-1,-1,-1,-1,1637,-196,4594,1517,1517,1306,0,4790,1517,0,1306,0,458363,460196,455406,458483,458483,458694,2762,0
50000,1,1,4,-1,2,-1,-1,-1,-1,780,390,390,390,390,780,0,390,390,390,780,0,49220,49610,49610,49610,49610,49220,1170,0
740000,1,1,4,-1,-1,-1,-1,-1,-1,321279,316083,317219,296560,285912,268257,13000,13200,11000,10000,10000,15000,418721,423917,422781,443440,454088,471743,1733110,0
50000,3,1,4,-1,-1,-1,-1,-1,-1,7056,2840,1413,2890,4715,1262,2840,1413,2890,4715,1262,5483,42944,47160,48587,47110,45285,48738,1573,0
290000,1,1,4,-1,-1,-1,-1,-1,-1,225478,225603,216488,152892,150051,146287,10026,10006,7000,5000,5200,5500,64522,64397,73512,137108,139949,143713,1074067,0
320000,1,2,4,-1,-1,-1,-1,-1,-1,234704,242324,241384,156047,153955,133407,11000,12000,7500,6200,4600,5000,85296,77676,78616,163953,166045,186593,1115521,0
420000,1,1,4,-1,-1,-1,-1,-1,-1,11097,16106,10703,14534,20631,17641,16106,10703,14540,20631,17641,11748,408903,403894,409297,405466,399369,402359,-657,0
500000,3,1,4,-1,-1,-1,-1,-1,-1,339,2744,4402,339,339,339,2744,4402,339,339,339,0,499661,497256,495598,499661,499661,499661,339,0
450000,1,1,4,-1,-1,-1,-1,-1,-1,388009,393535,403891,415193,145198,138389,15000,16701,20101,7000,5750,10000,61991,56465,46109,34807,304802,311611,1809663,0
120000,1,1,4,-2,-2,-2,-2,-2,-2,0,0,0,7000,0,0,0,0,7000,0,0,0,120000,120000,120000,113000,120000,120000,0,0
80000,2,1,4,-1,-1,-1,-1,-1,-1,65186,62938,54748,49857,46429,46247,2800,2340,2009,1793,1700,1812,14814,17062,25252,30143,33571,33753,312951,0
250000,3,1,4,-1,-1,-1,-1,-1,-1,6297,8636,17038,5169,12818,2328,8657,23744,5169,14008,2328,17285,243703,241364,232962,244831,237182,247672,-18905,0
180000,1,1,6,1,-2,-2,-2,-2,-2,0,0,0,0,0,0,0,0,0,0,0,0,180000,180000,180000,180000,180000,180000,0,1
260000,3,2,4,1,-2,-2,-2,-2,-2,0,0,0,0,0,0,0,0,0,0,0,4012,260000,260000,260000,260000,260000,260000,-4012,0
20000,2,1,4,-1,-1,-1,-1,-1,-1,1912,2760,2430,850,2430,2530,2768,2430,850,2430,2530,1570,18088,17240,17570,19150,17570,17470,334,0
220000,3,1,5,-2,-2,-2,-2,-2,-2,1293,494,1379,-1,272,1628,496,1385,0,273,1636,531,218707,219506,218621,220001,219728,218372,744,0
90000,1,1,5,-1,-1,-1,-1,-1,-1,46441,46896,47463,45812,41367,40278,1762,1875,1500,1400,1500,1258,43559,43104,42537,44188,48633,49722,258962,0
210000,2,1,6,-1,-1,-1,-1,-1,-1,205601,203957,199882,203776,205901,210006,9700,8810,9000,7300,7500,7600,4399,6043,10118,6224,4099,-6,1179213,0
300000,3,1,6,-1,-1,-1,-1,-1,2,4984,752,3737,1433,5522,3233,756,3753,1433,5522,0,27232,295016,299248,296263,298567,294478,296767,-19035,0
30000,3,1,4,1,7,6,5,4,3,30826,30384,29656,28914,28172,27444,0,0,0,0,0,0,-826,-384,344,1086,1828,2556,175396,1
90000,2,1,4,-1,-1,-1,-1,-1,-1,15019,19740,25382,27132,31675,37900,5000,6000,5000,5000,8000,2000,74981,70260,64618,62868,58325,52100,125848,0
300000,3,1,4,-2,-2,-2,-2,-2,-2,0,0,0,0,0,0,0,0,0,0,0,0,300000,300000,300000,300000,300000,300000,0,1
500000,1,1,4,2,2,2,-1,-1,-1,518950,539418,519267,518741,516139,514975,39000,0,19000,19000,18000,15000,-18950,-39418,-19267,-18741,-16139,-14975,3017490,1
170000,2,4,2,-1,-1,-1,-1,-1,-1,1499,53705,110465,110503,110776,111080,53705,60000,3908,4000,4010,5510,168501,116295,59535,59497,59224,58920,366895,0
150000,3,4,1,-1,-1,-1,-1,-1,-1,100623,101593,101886,101441,100829,101913,4700,4000,4032,3410,4000,3665,49377,48407,48114,48559,49171,48087,584478,0
360000,2,4,1,-1,-1,-1,-1,-1,-1,20952,12590,3479,3435,8870,2020,12590,3479,3446,8870,2020,27043,339048,347410,356521,356565,351130,357980,-6102,0
70000,2,2,3,-1,-1,-1,-1,-1,-1,70349,70068,71318,59665,29510,26738,2600,3700,2600,1200,1200,1000,-349,-68,-1318,10335,40490,43262,315348,0
350000,1,2,2,-2,-2,-2,-2,-2,-2,6016,4322,5568,9571,6370,9674,4348,5596,9632,6402,9722,24086,343984,345678,344432,340429,343630,340326,-18265,0
50000,3,2,1,-1,-1,-1,-1,-1,-1,29875,30336,26635,20367,15640,12269,4506,2000,2066,611,500,370,20125,19664,23365,29633,34360,37731,125069,0
50000,2,2,1,1,2,2,2,2,2,20293,21657,23012,23338,23658,23139,2000,2000,1000,1000,0,1500,29707,28343,26988,26662,26342,26861,127597,1
70000,2,4,1,2,2,2,-1,-1,-1,71862,73594,71851,68539,49027,48969,3500,0,3100,1900,2000,1865,-1862,-3594,-1851,1461,20973,21031,371477,1
30000,2,2,1,1,2,2,2,2,2,29654,28570,31085,29945,30373,29476,0,3300,0,2158,0,1100,346,1430,-1085,55,-373,524,172545,0
30000,3,2,1,-1,-1,-1,-1,-1,-1,26117,27028,27510,27817,28130,27141,1737,1609,1306,1455,857,1087,3883,2972,2490,2183,1870,2859,155692,0
260000,2,2,2,1,-1,-1,-1,-1,-1,0,312,920,37686,36523,574,312,920,37686,0,574,348,260000,259688,259080,222314,223477,259426,36175,0
30000,2,4,1,1,2,2,-1,2,2,22623,3019,-341,1129,1470,339,10,0,1470,341,0,12324,7377,26981,30341,28871,28530,29661,14094,1
240000,2,2,2,-2,-1,-1,-1,-1,-1,0,2712,92496,95057,96974,98977,2712,90000,3346,2717,2796,2826,240000,237288,147504,144943,143026,141023,281819,0
80000,1,4,1,2,2,2,2,2,2,41355,40395,43231,42236,44924,44072,0,3800,0,3400,0,3816,38645,39605,36769,37764,35076,35928,245197,1
40000,1,4,1,-1,-1,-1,-1,-1,-1,9663,10696,11855,13424,14018,14493,1200,1337,1906,1500,475,0,30337,29304,28145,26576,25982,25507,67731,0
130000,1,4,2,2,3,2,2,-1,-1,9123,8830,9533,10220,10353,10636,0,1000,1000,600,600,400,120877,121170,120467,119780,119647,119364,55095,1
60000,3,4,3,-1,-1,-1,-1,-1,-1,56309,58369,59237,59851,32002,32388,3000,2400,1812,3200,2000,4000,3691,1631,763,149,27998,27612,281744,0
250000,2,4,1,-1,-1,-1,-1,-1,-1,500,3344,2255,3183,2324,1657,3344,2255,1000,2324,1657,1416,249500,246656,247745,246817,247676,248343,1267,0
60000,2,4,1,-1,-1,-1,-1,-1,-1,50791,49748,49735,36840,30119,32446,1832,2500,2000,3000,3000,1200,9209,10252,10265,23160,29881,27554,236147,0
390000,1,4,1,1,-2,-1,-1,-1,-1,0,0,6757,0,3339,3339,0,6757,0,3339,0,0,390000,390000,383243,390000,386661,386661,3339,0
110000,3,4,1,1,2,-1,-1,-1,-1,23258,22591,23920,25217,25600,26036,0,2000,2000,1100,1000,3000,86742,87409,86080,84783,84400,83964,137522,0
30000,2,4,1,-1,-1,2,-1,-1,-1,27219,28987,27849,27451,24358,21192,3600,0,1400,487,424,0,2781,1013,2151,2549,5642,8808,151145,0
50000,3,4,1,-1,-1,4,3,2,2,44027,52067,50977,49839,50546,49628,8800,0,0,1800,0,3800,5973,-2067,-977,161,-546,372,282684,0
10000,2,4,1,-1,-1,2,-1,-1,-1,8126,8830,8898,9517,8505,4557,1668,1000,1000,170,0,0,1874,1170,1102,483,1495,5443,44595,0
50000,1,4,1,-1,-1,-1,-1,-1,-1,8000,6881,8127,8763,8956,4224,1118,1364,1000,193,89,54,42000,43119,41873,41237,41044,45776,41133,0
80000,2,4,1,1,-1,-1,-1,-1,-1,0,2388,164,1369,830,132,2388,164,1369,830,132,428,80000,77612,79836,78631,79170,79868,-428,0
30000,2,2,1,-1,-1,-1,-1,-1,-1,28640,29133,30022,30068,28829,24935,1400,1819,1328,709,1101,1102,1360,867,-22,-68,1171,5065,164168,0
30000,1,4,1,1,2,-1,-1,-1,-1,33300,30920,31889,30278,26220,29968,0,2326,11406,524,6284,598,-3300,-920,-1889,-278,3780,32,161437,1
50000,2,2,1,1,1,2,2,2,2,44531,50863,49555,34644,28867,28983,7178,0,1656,944,967,1112,5469,-863,445,15356,21133,21017,225586,0
50000,2,4,1,2,2,2,2,-1,-1,50583,50974,51688,50024,29381,28957,2300,3000,0,800,808,1200,-583,-974,-1688,-24,20619,21043,253499,0
50000,3,2,1,1,4,3,2,-1,-1,20065,21044,20433,19799,19262,19124,1600,0,0,900,700,700,29935,28956,29567,30201,30738,30876,115827,0
10000,1,4,1,-1,-1,-1,-1,-1,-1,7302,7857,8827,5622,5877,7036,1330,1300,1250,500,1255,315,2698,2143,1173,4378,4123,2964,36571,0
50000,3,4,1,-1,-1,-1,-1,-1,-1,32789,7006,8880,15088,-574,27529,1500,2000,6700,5000,28103,1032,17211,42994,41120,34912,50574,22471,46383,0
50000,2,4,1,1,3,2,-1,-1,-1,7181,6908,5187,4643,3385,1839,0,0,1022,237,100,50,42819,43092,44813,45357,46615,48161,27734,0
10000,2,4,1,-1,-1,-1,-1,-1,-1,7828,8507,511,7696,8696,7660,1009,511,7696,1000,0,0,2172,1493,9489,2304,1304,2340,30682,0
10000,2,4,1,2,-1,-1,-1,-1,-1,9917,8660,9756,8560,780,0,1400,1800,1300,800,0,1900,83,1340,244,1440,9220,10000,30473,1
70000,2,4,1,-1,-1,-1,-1,-1,-1,66007,57354,58204,58171,47135,44585,2057,2168,2000,2007,2000,2000,3993,12646,11796,11829,22865,25415,319224,0
20000,2,4,1,-1,-1,-1,-1,-1,-1,17377,18439,19117,11983,11626,1970,1360,1286,1000,987,39,0,2623,1561,883,8017,8374,18030,75840,0
30000,2,4,1,2,2,2,2,2,-1,26243,25523,28609,28945,28181,29329,0,3500,1100,0,1600,2500,3757,4477,1391,1055,1819,671,158130,0
30000,1,4,1,-1,-1,-1,-1,-1,-1,22271,23273,23268,23100,23286,24804,1379,1454,1276,1286,1804,2000,7729,6727,6732,6900,6714,5196,130803,0
50000,3,4,1,-1,-1,-1,-1,-1,-1,29496,30504,30785,29405,26594,26732,1503,1493,1393,912,940,1000,20504,19496,19215,20595,23406,23268,166275,0
100000,2,2,1,-1,-1,-1,-1,-1,-1,100192,93394,43004,50196,79217,78771,3000,3000,8000,30000,3000,4000,-192,6606,56996,49804,20783,21229,393774,0
30000,2,4,1,-1,-1,-1,-1,-1,-1,22756,27348,28285,14729,12935,13333,5000,2000,2000,500,500,0,7244,2652,1715,15271,17065,16667,109386,0
20000,2,4,1,-1,-1,2,2,2,2,4400,4883,2829,3920,1997,1317,4500,0,1700,0,100,0,15600,15117,17171,16080,18003,18683,13046,1
50000,1,4,1,2,2,2,2,2,2,44609,44579,46573,47510,48425,49502,1000,3000,2000,2000,2000,0,5391,5421,3427,2490,1575,498,271198,1
30000,2,2,1,4,3,2,2,3,2,37695,35146,34637,34127,31641,31344,0,2000,2000,0,2000,0,-7695,-5146,-4637,-4127,-1641,-1344,198590,0
30000,2,4,1,2,-1,-1,-1,-1,-1,27216,28420,27929,28920,27997,28378,3003,1482,1703,1001,1500,1845,2784,1580,2071,1080,2003,1622,158326,1
30000,2,4,1,-1,-1,-1,-1,-1,-1,23237,23874,26985,29497,29290,28693,10000,5000,3000,2000,3150,0,6763,6126,3015,503,710,1307,138426,0
20000,2,4,1,1,-1,2,-1,-1,-1,16674,19162,18534,18304,18473,0,22362,0,8200,369,0,0,3326,838,1466,1696,1527,20000,60216,0
30000,2,4,1,2,2,2,2,2,2,12376,13475,12973,15144,14603,15767,1600,0,2700,0,1400,0,17624,16525,17027,14856,15397,14233,78638,1
50000,1,4,1,-1,-1,-1,-1,-1,-1,39787,28570,7545,8560,8730,8791,1600,1300,1300,460,350,480,10213,21430,42455,41440,41270,41209,96493,0
80000,2,2,1,-1,-1,-1,-1,-1,-2,54600,56379,55875,7552,0,0,3300,2640,1056,0,0,0,25400,23621,24125,72448,80000,80000,167410,0
30000,2,4,1,1,-1,-1,-2,-2,-1,-5,565,-25,-25,4897,6685,570,25,0,4922,6788,0,30005,29435,30025,30025,25103,23315,-213,0
10000,2,4,1,2,-1,-1,-1,-1,-1,7568,8580,8944,8985,9301,9365,1300,1300,1300,602,350,500,2432,1420,1056,1015,699,635,47391,0
30000,2,4,1,-1,-1,-1,-1,-1,-1,20059,21061,22092,23104,23420,24045,1641,1672,1684,1000,1000,1000,9941,8939,7908,6896,6580,5955,125784,1
20000,1,4,1,-1,-1,-1,-2,-2,-2,1908,1278,0,0,0,0,1405,0,0,0,0,0,18092,18722,20000,20000,20000,20000,1781,0
30000,2,2,1,-1,-1,-1,-1,-1,-1,3118,2411,1260,1179,-101,890,2414,1260,1181,101,991,579,26882,27589,28740,28821,30101,29110,2231,0
120000,1,4,1,-1,-1,-1,-1,-1,-1,117035,115624,117204,116835,77926,76993,6000,6000,4000,4000,3000,3500,2965,4376,2796,3165,42074,43007,595117,0
30000,1,2,1,-1,-1,-1,-1,-1,-1,20340,21400,22428,23747,24154,25808,1400,1374,1693,1100,2200,0,9660,8600,7572,6253,5846,4192,130110,0
110000,2,4,1,-1,-1,-1,-1,-1,-1,541,541,541,941,6993,37264,541,541,941,6993,31229,8426,109459,109459,109459,109059,103007,72736,-1850,0
30000,2,4,1,-1,-1,-1,-1,-1,2,11284,12294,13320,14031,15593,15201,1503,1529,1240,1802,0,707,18716,17706,16680,15969,14407,14799,74942,0
80000,2,4,1,-1,-1,-1,-1,-1,-1,51980,36668,39291,43476,46115,42129,6670,5000,5002,4003,3000,3002,28020,43332,40709,36524,33885,37871,232982,0
20000,1,4,1,-1,-1,-1,-1,-1,-1,17849,15356,17146,16319,15687,16948,2000,2080,2000,600,1500,1000,2151,4644,2854,3681,4313,3052,90125,0
170000,3,2,1,-1,-1,-1,-1,-1,-1,28615,26410,27654,25211,22682,21787,1446,1690,1208,462,1787,497,141385,143590,142346,144789,147318,148213,145269,0
120000,1,4,1,-1,-1,-1,-1,-1,-1,11245,12554,13325,14185,13329,10237,1500,1265,1125,1329,500,3020,108755,107446,106675,105815,106671,109763,66136,0
30000,2,4,1,-1,-1,2,-1,-1,-1,1434,4925,390,15736,15525,0,6021,0,15736,1000,0,0,28566,25075,29610,14264,14475,30000,15253,0
50000,1,4,1,-1,-1,-1,-1,-1,-1,49711,50820,41981,2888,2640,2140,2019,2564,1000,0,500,6859,289,-820,8019,47112,47360,47860,137238,0
200000,2,2,1,1,-2,-1,-1,-1,-1,0,0,900,900,900,900,0,900,900,900,900,900,200000,200000,199100,199100,199100,199100,-900,0
30000,1,4,1,-1,-1,-1,-1,-1,-1,14544,15597,16641,17659,18066,18775,1300,1300,1300,700,1000,1000,15456,14403,13359,12341,11934,11225,94682,1
90000,2,4,1,-1,-1,-1,-1,-1,-1,11333,11944,7832,7204,6724,7965,4234,6000,3000,3010,5000,3000,78667,78056,82168,82796,83276,82035,28758,0
50000,2,4,1,-1,-1,-1,-1,-1,-1,53159,50465,50744,41232,14459,17225,2000,2097,2224,1000,3000,633,-3159,-465,-744,8768,35541,32775,216330,0
50000,1,4,1,-1,-1,-1,-1,-1,-1,40111,41380,25865,26568,27249,27665,2252,1737,1440,1121,1004,1013,9889,8620,24135,23432,22751,22335,180271,0
150000,2,4,1,1,2,-1,-1,-1,-1,65542,28311,23978,17853,34527,28277,0,2145,10000,22000,3000,5093,84458,121689,126022,132147,115473,121723,156250,0
10000,1,4,1,1,2,-1,-1,2,2,6779,6524,7559,9564,9264,9862,0,1300,2300,0,900,500,3221,3476,2441,436,736,138,44552,0
130000,3,4,1,-1,-1,-1,-1,-1,-1,114466,106911,106971,57434,58593,60504,4600,4500,2802,2050,2800,2300,15534,23089,23029,72566,71407,69496,485827,1
70000,2,4,1,-1,-1,-1,-1,-1,-1,312,1823,326,6598,6405,7248,1837,326,6598,227,1270,1296,69688,68177,69674,63402,63595,62752,11158,0
40000,1,4,1,-1,2,2,2,2,2,14310,13788,16345,16531,16467,16061,0,3100,750,500,0,1500,25690,26212,23655,23469,23533,23939,87652,0
200000,2,4,1,-1,-1,-1,-1,-1,-1,52143,53186,55929,194441,146190,141550,1910,3600,141000,5100,5200,5100,147857,146814,144071,5559,53810,58450,481529,0
110000,2,4,1,1,2,-1,-1,-1,-1,113385,109924,111805,108207,75808,78490,3900,6000,4380,3000,5000,10000,-3385,76,-1805,1793,34192,31510,565339,0
80000,2,4,1,-1,-1,2,2,2,2,26855,28789,31026,31401,31986,32468,2386,2998,1183,1400,1139,0,53145,51211,48974,48599,48014,47532,173419,0
90000,1,4,1,-1,-1,-1,-1,-1,-1,53173,19825,20840,21023,20776,21055,1324,1339,1638,890,763,769,36827,70175,69160,68977,69224,68945,149969,0
30000,2,4,1,-1,-1,-1,-1,-1,-1,27170,27448,27238,27012,26762,25900,2500,2000,2000,1916,1000,1100,2830,2552,2762,2988,3238,4100,151014,0
20000,3,4,1,-1,-1,-1,-1,-1,-1,16063,14928,14012,11965,11867,12850,1565,2006,2011,7000,2000,4000,3937,5072,5988,8035,8133,7150,63103,0
30000,1,4,1,-1,-1,-1,-1,-1,-1,21540,22236,23574,24583,24915,25280,1358,1696,1705,1037,915,929,8460,7764,6426,5417,5085,4720,134488,0
230000,2,4,1,-1,-1,-1,-2,-1,-1,1993,2360,0,0,4135,814,2360,0,0,4135,0,2294,228007,227640,230000,230000,225865,229186,513,1
50000,2,4,1,-1,-1,-1,-1,-1,-1,1572,1572,1572,6561,5091,353,1572,1572,6561,102,353,27000,48428,48428,48428,43439,44909,49647,-20439,0
80000,2,4,1,-1,-1,2,2,2,-1,36841,39645,40713,41153,40036,40778,3900,2000,1575,0,1700,3700,43159,40355,39287,38847,39964,39222,226291,1
130000,2,4,1,-1,-1,-1,-1,-1,-1,128976,131763,128300,89007,90126,98665,7100,6000,4200,3500,10000,0,1024,-1763,1700,40993,39874,31335,636037,0
150000,1,4,1,-1,-1,-1,2,2,-2,2784,0,594,594,0,0,0,594,0,0,0,0,147216,150000,149406,149406,150000,150000,3378,1
80000,3,2,1,-2,-2,-1,-1,-2,-2,3377,3377,3476,3377,3377,5062,3377,3476,3377,3377,5062,3387,76623,76623,76524,76623,76623,74938,-10,0
140000,2,4,1,-1,-1,-1,-1,-1,2,131335,128760,118310,120719,126470,124342,5864,5756,5868,9275,0,4712,8665,11240,21690,19281,13530,15658,718461,0
150000,1,4,1,-1,-1,-1,-1,-1,-1,38580,38168,37775,36390,390,390,2000,3473,1000,390,390,390,111420,111832,112225,113610,149610,149610,144050,0
50000,2,4,1,-1,-1,-1,-1,-1,-1,50870,49831,47162,47696,36476,32654,1985,2316,1850,1500,1200,5196,-870,169,2838,2304,13524,17346,250642,0
80000,1,4,1,-1,-1,-1,-1,-1,-1,62536,61478,55760,15029,13809,13597,3000,2000,5000,3000,1000,44000,17464,18522,24240,64971,66191,66403,164209,0
130000,2,4,1,-1,-1,2,-1,-1,-1,45134,52180,49874,52000,53590,54606,9000,0,5000,4000,3000,3500,84866,77820,80126,78000,76410,75394,282884,0
40000,1,4,1,-1,-1,-1,-1,-1,-1,1216,776,4059,13522,16416,807,776,4385,10000,5000,807,657,38784,39224,35941,26478,23584,39193,15171,0
140000,2,4,1,2,2,2,-1,-1,-1,38661,42699,41739,43730,45687,46796,5000,0,3000,3000,2000,4093,101339,97301,98261,96270,94313,93204,242219,1
30000,1,4,1,-1,-1,-1,-1,-1,-1,640,29013,27731,28177,20722,0,30013,2000,1232,1000,0,0,29360,987,2269,1823,9278,30000,72038,0
500000,2,4,1,-1,-1,-1,-1,-1,-1,37797,35510,26463,23503,23918,23937,3050,1543,1215,3717,14014,12042,462203,464490,473537,476497,476082,476063,135547,0
270000,2,4,1,-1,-1,-1,-1,-1,-1,38525,39492,33898,35272,37201,31447,2000,2000,2000,2408,1500,2013,231475,230508,236102,234728,232799,238553,203914,0
60000,2,4,1,1,2,-1,-1,-1,-1,59866,58114,25127,21111,15892,16762,0,3761,1600,881,900,852,134,1886,34873,38889,44108,43238,188878,0
120000,2,4,1,3,2,2,5,5,4,1250,1250,1250,1250,1250,650,0,0,0,0,0,0,118750,118750,118750,118750,118750,119350,6900,0
130000,2,4,1,-1,-1,-1,-1,-1,-1,35871,36873,37927,38993,39628,42136,1900,1950,2000,1580,3310,0,94129,93127,92073,91007,90372,87864,220688,0
30000,2,4,1,1,2,2,-1,-1,-1,30937,32627,31827,32080,30890,990,2500,0,1200,0,990,8721,-937,-2627,-1827,-2080,-890,29010,145940,0
290000,2,4,1,-1,-1,-1,-1,-1,-1,57445,57025,46484,36232,32149,24004,2000,1800,1400,1000,1000,1000,232555,232975,243516,253768,257851,265996,245139,0
30000,1,4,1,2,2,-1,-1,-1,-1,23905,23244,23578,25871,26143,26724,0,2000,3000,1000,1000,3500,6095,6756,6422,4129,3857,3276,138965,1
50000,2,4,1,-1,-1,-1,-1,-1,-1,50952,50836,50055,50641,40672,39960,2700,2000,2700,1700,1600,1800,-952,-836,-55,-641,9328,10040,270616,0
210000,3,4,1,-1,-1,-1,-1,-1,-1,118408,120176,118191,104908,95946,118796,8600,5000,4000,3000,29066,5000,91592,89824,91809,105092,114054,91204,621759,1
30000,1,4,1,2,-1,-1,-1,-1,-1,25366,26554,27435,28270,28632,30193,2000,2000,2000,1500,2400,1100,4634,3446,2565,1730,1368,-193,155450,1
60000,2,4,1,-1,-1,-1,2,-1,-1,22241,22719,25585,24053,17154,19316,2000,4000,0,2000,3000,0,37759,37281,34415,35947,42846,40684,120068,0
50000,3,2,1,2,-1,-1,-1,-1,-1,32847,29705,15445,16782,16960,17208,1941,1263,1600,754,671,831,17153,20295,34555,33218,33040,32792,121887,1
80000,1,4,1,-1,-1,-1,-1,-1,-1,740,8956,836,836,836,836,9052,836,836,836,836,3590,79260,71044,79164,79164,79164,79164,-2946,0
50000,2,4,1,2,2,2,2,2,2,41500,39938,41688,45625,45907,44662,0,2700,4960,1700,0,3000,8500,10062,8312,4375,4093,5338,246960,1
90000,2,4,1,1,3,2,-1,-1,-1,39772,38836,36654,32747,33091,33291,0,15,1831,1175,1338,1216,50228,51164,53346,57253,56909,56709,208816,0
50000,1,4,1,1,-1,2,-1,-1,-1,-69,7721,3079,7095,7237,6446,7790,0,4095,245,234,266,50069,42279,46921,42905,42763,43554,18879,1
50000,1,4,1,2,-1,-1,-1,-1,-1,49316,49061,47209,47471,21571,19005,4044,2138,1400,431,380,772,684,939,2791,2529,28429,30995,224468,1
20000,2,4,1,-1,-1,-1,-1,-1,-1,13291,14366,15430,16367,16794,17323,1600,1600,1500,700,800,1000,6709,5634,4570,3633,3206,2677,86371,0
150000,2,4,1,-1,-1,-1,-1,-1,-1,167317,166596,165990,161285,156749,151863,10000,10000,6000,6000,5500,5500,-17317,-16596,-15990,-11285,-6749,-1863,926800,0
110000,2,4,1,-1,-1,-1,-1,-1,-1,98843,92820,78232,69426,70987,75835,3200,3500,3000,3500,7000,3000,11157,17180,31768,40574,39013,34165,462943,0
140000,2,4,1,-1,-1,-1,-2,-1,-1,22732,6624,-514,-1334,2125,1606,6624,0,0,3731,0,0,117268,133376,140514,141334,137875,138394,20884,0
30000,2,4,1,-1,-1,-1,-1,-1,-1,30523,30554,30593,30619,29146,29823,2000,2000,1700,1200,1300,1300,-523,-554,-593,-619,854,177,171758,0
120000,2,2,1,-1,-1,-1,-1,-1,-1,52109,43007,33481,28563,24065,2802,1565,3194,1200,6206,0,310,67891,76993,86519,91437,95935,117198,171552,0
80000,2,4,1,-1,-1,-1,-1,-1,-1,77440,78418,78015,79571,80121,77304,3500,3000,3500,3000,3000,3000,2560,1582,1985,429,-121,2696,451869,0
80000,2,4,1,-1,-1,-1,-1,-1,-1,42933,34555,35476,24657,12139,9038,1000,35476,1000,243,9038,250,37067,45445,44524,55343,67861,70962,111791,0
80000,2,4,1,-1,-1,-1,-1,-1,-1,80115,77427,77657,70105,39751,14765,75004,3096,1887,1081,2044,0,-115,2573,2343,9895,40249,65235,276708,0
50000,2,2,1,-1,-1,-1,-1,-1,-1,7444,326,326,15493,8210,8133,326,326,15493,284,371,652,42556,49674,49674,34507,41790,41867,22480,0
30000,2,4,1,-1,-1,-1,-1,-1,-1,29449,30308,26186,27698,28987,29568,1402,2000,2000,2000,2500,2000,551,-308,3814,2302,1013,432,160294,0
80000,3,4,1,-1,-1,-1,-1,-1,-1,23023,23480,0,780,23818,23917,2100,0,780,23818,1011,1000,56977,56520,80000,79220,56182,56083,66309,0
30000,2,4,1,-1,-1,-1,-1,-1,-1,28767,27567,28638,28818,29439,17685,1749,1820,1000,621,354,0,1233,2433,1362,1182,561,12315,155370,1
50000,3,4,1,-1,-1,-1,-1,-1,-1,13385,11493,10236,7896,6211,23315,1200,1800,1000,1211,20000,3754,36615,38507,39764,42104,43789,26685,43571,0
170000,1,4,1,-1,-1,-1,-1,-1,-1,41977,38895,39698,38330,39602,39922,1650,4500,4000,4000,3000,3000,128023,131105,130302,131670,130398,130078,218274,0
80000,3,4,1,-1,-1,-1,-1,-1,-1,54184,24393,25924,16558,17280,17652,1500,2000,1300,1000,650,1000,25816,55607,54076,63442,62720,62348,148541,1
210000,2,4,1,-1,-1,-1,-1,-1,-1,15599,11684,2821,2935,1895,1078,1059,1069,1000,38,1078,1078,194401,198316,207179,207065,208105,208922,30690,0
160000,1,4,1,1,2,-1,-1,2,-1,100364,97863,100535,104382,100535,101621,0,6497,8001,0,4000,3801,59636,62137,59465,55618,59465,58379,583001,0
150000,2,4,1,-1,-1,-1,-1,-1,-1,242,3180,4900,5207,5313,6340,3180,1747,1000,9119,1027,4,149758,146820,145100,144793,144687,143660,9105,0
70000,3,4,1,-1,-1,-1,-1,-1,-1,69039,68609,69217,69327,68582,68677,3000,4000,3200,3000,3000,3000,961,1391,783,673,1418,1323,394251,0
60000,3,2,1,2,-1,-1,-1,-1,-1,60406,57491,59137,59345,29399,29339,2055,2570,1620,1020,1050,1080,-406,2509,863,655,30601,30661,285722,0
50000,2,4,1,-1,-1,-1,-1,-1,-1,45417,45009,44639,52198,43181,31473,2000,2000,10052,2000,1136,2000,4583,4991,5361,-2198,6819,18527,242729,0
140000,2,4,1,2,2,2,2,2,2,118425,120970,123141,124622,125865,128479,6000,5600,5000,4800,4800,4700,21575,19030,16859,15378,14135,11521,710602,1
80000,2,2,1,2,-1,-1,-1,-1,-1,78768,79611,80770,53142,55064,28750,3500,4450,2249,1200,2400,1100,1232,389,-770,26858,24936,51250,361206,0
80000,2,2,1,-1,-1,-1,-1,-1,-2,40216,10400,10935,2318,-711,-708,1400,10935,2324,707,3,45906,39784,69600,69065,77682,80711,80708,1175,0
60000,1,4,1,-1,-1,-1,-1,-1,-1,36604,35777,29836,30818,31314,30852,1765,1812,1794,1290,1268,1273,23396,24223,30164,29182,28686,29148,185999,0
200000,1,4,1,-1,-1,-1,-1,-1,-1,86192,67483,58112,23949,9270,4496,15186,10188,1074,209,112,2797,113808,132517,141888,176051,190730,195504,219936,0
100000,1,4,1,-1,-1,-1,-1,-1,-1,19164,23828,25138,26499,26799,1150,5000,2000,2000,500,1150,0,80836,76172,74862,73501,73201,98850,111928,0
100000,1,4,1,-1,-1,-1,-1,-1,-1,81463,83098,63848,64692,66114,67396,4000,3000,2500,2500,2500,2600,18537,16902,36152,35308,33886,32604,409511,0
80000,2,4,1,-1,-1,-1,-1,-1,-1,77760,79248,120697,60989,41023,42663,3100,4700,4800,1200,3260,2000,2240,752,-40697,19011,38977,37337,403320,1
70000,2,4,1,-1,-1,-1,-1,-1,-1,72473,72189,71867,64534,33683,32857,3500,3427,3100,1200,1700,1307,-2473,-2189,-1867,5466,36317,37143,333369,0
80000,2,4,1,-1,-1,-1,-1,-1,-1,19167,10192,7241,3261,6264,891,3000,2005,3261,3003,891,2070,60833,69808,72759,76739,73736,79109,32786,0
60000,2,4,1,-1,-1,-1,-1,-1,-1,50840,49592,44412,45402,35704,36524,2100,1847,1837,1139,1254,1387,9160,10408,15588,14598,24296,23476,252910,0
80000,2,4,1,-1,-1,-1,-1,-1,-1,72383,73620,53728,31989,20058,196,3500,2354,2027,800,196,184,7617,6380,26272,48011,59942,79804,242913,0
50000,2,2,1,-1,-1,-1,-1,-1,-1,48700,47544,47612,48713,49295,49916,2401,2440,2396,1368,1401,1807,1300,2456,2388,1287,705,84,279967,0
80000,1,4,1,2,-1,-1,-1,-1,-1,79434,80246,80167,60201,47850,48698,3100,2650,2065,1850,1756,2100,566,-246,-167,19799,32150,31302,383075,1
30000,2,4,1,-1,-1,-1,-1,-1,-1,24607,24430,23881,24234,24853,7814,1700,1600,1287,1296,500,1550,5393,5570,6119,5766,5147,22186,121886,0
50000,1,4,1,-1,-1,-1,-1,-1,-1,9162,9818,7161,8377,8789,8813,1500,2000,1500,1000,500,500,40838,40182,42839,41623,41211,41187,45120,0
80000,3,4,1,-1,-1,-1,-1,-1,-1,88786,86391,84871,81813,45094,38121,3200,4000,3000,1500,1500,1300,-8786,-6391,-4871,-1813,34906,41879,410576,0
20000,2,2,1,-1,-1,-1,2,-1,-1,14326,15334,18206,17482,34862,14860,1252,3124,0,349,297,0,5674,4666,1794,2518,-14862,5140,110048,0
80000,2,2,1,-1,-1,-1,-1,-1,-1,79029,76009,74908,41646,29297,30057,4000,3200,2230,1300,1410,1000,971,3991,5092,38354,50703,49943,317806,0
100000,1,4,1,-1,-1,-1,-1,-1,-1,90976,93443,94192,95535,97945,93412,4000,3503,4000,4003,3500,3400,9024,6557,5808,4465,2055,6588,543097,0
30000,1,4,1,1,3,2,-1,-1,-1,14717,14190,12900,11006,5584,5268,0,0,2046,0,0,0,15283,15810,17100,18994,24416,24732,61619,1
200000,1,4,1,-1,-1,-1,-1,-1,-2,183516,179534,134572,61450,-200,-200,6700,7000,3000,0,0,0,16484,20466,65428,138550,200200,200200,541972,0
60000,2,4,1,-1,-1,-1,-1,-1,-1,34992,36106,37220,38253,39369,36592,2000,2000,2000,2000,1400,1400,25008,23894,22780,21747,20631,23408,211732,1
170000,2,6,1,-1,-1,-1,-1,-1,-1,44544,37432,38658,35458,30143,42215,2000,2165,2285,500,28500,2000,125456,132568,131342,134542,139857,127785,191000,0
20000,1,4,1,-1,-1,-1,-1,2,-1,15451,16789,18203,19602,16121,15321,1600,2000,4000,0,1500,2000,4549,3211,1797,398,3879,4679,90387,1
230000,1,4,1,-1,-1,-1,-1,-1,-1,35101,35695,11657,13258,12459,6886,5000,5000,3000,669,5000,19000,194899,194305,218343,216742,217541,223114,77387,0
50000,2,4,1,3,2,-1,-1,-1,-1,66881,65115,51010,50342,36025,36778,0,2092,1460,1167,1209,1645,-16881,-15115,-1010,-342,13975,13222,298578,0
90000,2,4,1,-1,-1,-1,2,-1,-1,103541,100190,99522,89674,10874,0,5000,8500,0,217,0,10610,-13541,-10190,-9522,326,79126,90000,379474,1
70000,1,4,1,-1,-1,-1,-1,-2,-2,5328,212,41069,-367,-367,-367,212,42000,0,0,0,0,64672,69788,28931,70367,70367,70367,3296,0
50000,1,4,1,-1,-1,-1,-1,-1,-1,44984,47217,47748,46987,47462,48104,3000,3000,2000,2000,1859,3000,5016,2783,2252,3013,2538,1896,267643,0
120000,2,4,1,-1,-1,-1,-1,-1,-1,34183,22431,12399,4199,3059,674,1700,1500,1000,682,0,0,85817,97569,107601,115801,116941,119326,72063,0
50000,3,4,1,2,2,2,2,2,2,33457,34504,35447,36061,36571,35850,1900,1800,1500,1400,0,3000,16543,15496,14553,13939,13429,14150,202290,1
380000,1,4,1,-2,-2,-2,-2,-2,-2,0,292,7352,3401,1042,4000,292,7352,3401,1042,4000,5000,380000,379708,372648,376599,378958,376000,-5000,0
140000,1,4,1,1,-1,-1,-1,-2,-2,0,2051,446,0,0,0,2051,446,0,0,0,1593,140000,137949,139554,140000,140000,140000,-1593,1
200000,2,4,1,-1,-1,-1,-1,-1,-1,157768,108932,110405,90226,88789,92188,6000,5000,10000,5000,5000,5000,42232,91068,89595,109774,111211,107812,612308,0
60000,2,4,1,-1,-1,-1,-1,-1,-2,23911,25181,26513,7028,-1073,-1073,1668,2000,1500,0,0,22000,36089,34819,33487,52972,61073,61073,53319,0
80000,3,4,1,-1,-1,-1,-1,-1,-1,80804,81390,81700,79080,59873,60520,3000,3058,9013,2200,2200,2500,-804,-1390,-1700,920,20127,19480,421396,0
270000,1,4,1,-1,-1,-1,-1,-1,-1,70587,70279,69339,67497,68446,69799,3015,3000,2500,2435,3000,4000,199413,199721,200661,202503,201554,200201,397997,0
150000,2,4,1,-1,-1,-1,-1,-1,-1,25639,16213,18075,19902,5331,9281,2000,2000,2000,1000,3950,0,124361,133787,131925,130098,144669,140719,83491,0
260000,3,4,1,-1,-1,-1,-1,-1,-1,106164,105133,100606,93022,61746,47819,3834,4523,3154,2025,1709,2011,153836,154867,159394,166978,198254,212181,497234,0
200000,4,2,1,-1,-1,-1,-1,-1,-1,185143,188678,191500,187835,139070,140171,7000,7512,7500,5100,5100,5500,14857,11322,8500,12165,60930,59829,994685,0
90000,1,4,1,-1,-1,-1,-1,-1,-1,61799,62561,63069,62643,59265,59046,2400,2518,2514,2100,2500,2500,28201,27439,26931,27357,30735,30954,353851,0
200000,2,2,1,1,2,-1,-1,-1,2,57982,55005,54742,54401,42923,40365,0,2200,1671,3000,0,4600,142018,144995,145258,145599,157077,159635,293947,0
200000,3,4,1,-1,-1,-1,-1,-1,-1,326,326,326,326,326,326,326,326,326,326,326,326,199674,199674,199674,199674,199674,199674,0,0
30000,2,4,1,-1,-1,2,2,2,2,23657,26568,27456,27915,27185,28806,3300,1600,1200,0,2200,0,6343,3432,2544,2085,2815,1194,153287,1
180000,1,4,1,-1,-1,-1,-1,-1,-1,101395,101607,98186,59451,49956,50133,5000,3371,6940,2800,2000,2000,78605,78393,81814,120549,130044,129867,438617,0
30000,2,2,1,-1,-1,-1,-1,-1,-1,8704,9698,11022,12032,12134,12439,1300,1488,1498,600,500,750,21296,20302,18978,17968,17866,17561,59893,0
520000,1,4,1,-1,-1,-1,-1,-1,-1,34167,53319,25689,146903,150656,132050,40054,8011,151509,50263,59491,48326,485833,466681,494311,373097,369344,387950,185130,0
80000,3,4,1,-1,-1,-1,-1,-1,-1,1646,4830,4655,15403,5849,2046,4830,4655,17663,5852,2254,1467,78354,75170,75345,64597,74151,77954,-2292,0
120000,3,2,1,-1,-1,-1,-1,-1,-1,57863,59456,57868,60790,50091,51113,5000,3588,10000,5000,5000,3000,62137,60544,62132,59210,69909,68887,305593,0
360000,1,4,1,-1,-1,-1,-1,-1,-1,660,660,658,1095,4948,3861,663,661,1100,4953,19,1264,359340,359340,359342,358905,355052,356139,3222,0
50000,1,4,1,-1,-1,-1,-1,-1,-1,44402,44977,46546,46033,48656,41674,2000,3000,2400,3023,5000,0,5598,5023,3454,3967,1344,8326,256865,0
200000,2,4,1,-1,-1,-1,-1,-1,-1,108422,106437,109068,112286,77062,0,3900,4345,6000,3950,0,0,91578,93563,90932,87714,122938,200000,495080,0
30000,2,4,1,-1,-1,-1,-1,-1,-1,23729,27889,29500,29639,27546,6718,10000,2061,1200,551,0,0,6271,2111,500,361,2454,23282,131209,1
50000,2,4,1,-1,-1,2,-1,-1,-1,16691,15412,12420,13156,28315,28908,3500,0,1329,29328,1049,1186,33309,34588,37580,36844,21685,21092,78510,0
80000,1,4,1,-2,-2,-2,-2,-2,-2,4932,2638,2940,2946,9606,2946,2638,2940,2946,9606,2946,3345,75068,77362,77060,77054,70394,77054,1587,0
50000,2,4,1,-1,-1,-1,-1,-1,-1,40114,22701,390,26898,26911,26926,1000,390,26898,1000,1000,1000,9886,27299,49610,23102,23089,23074,112652,0
120000,2,4,1,-1,-1,-1,-1,-1,-1,1682,1929,1682,1682,1682,1682,1929,1682,1682,1682,1682,1674,118318,118071,118318,118318,118318,118318,8,0
210000,4,4,1,1,-2,-1,-1,-2,-2,0,0,780,0,0,0,0,780,0,0,0,0,210000,210000,209220,210000,210000,210000,0,0
80000,2,4,1,-1,-1,-1,-1,-1,-1,76405,77043,79524,75773,29126,8671,2780,3745,1628,596,173,2114,3595,2957,476,4227,50874,71329,335506,0
50000,1,4,1,-1,-1,-1,-1,-1,-1,48408,47563,41319,25110,20478,20258,1774,2100,1609,1000,1000,1000,1592,2437,8681,24890,29522,29742,194653,0
300000,2,4,1,-2,-2,-1,-1,-2,-2,1800,1800,2148,1800,0,2635,1800,2148,1800,0,2635,750,298200,298200,297852,298200,300000,297365,1050,0
100000,1,4,1,-1,-1,-1,-1,-1,2,2405,3420,4286,5302,6829,6574,1214,1080,1096,1623,0,394,97595,96580,95714,94698,93171,93426,23409,0
80000,2,4,1,-1,-1,-1,-1,-1,-1,390,390,390,0,780,0,390,390,0,780,0,0,79610,79610,79610,80000,79220,80000,390,1
130000,1,4,1,-1,-1,-1,-1,-1,-1,1094,1271,1205,1798,299,1280,1293,1205,1798,299,1280,3368,128906,128729,128795,128202,129701,128720,-2296,0
80000,2,4,1,-1,-1,-1,-1,-1,-1,20540,8985,8941,8564,6281,6965,1985,2287,2287,281,965,18000,59460,71015,71059,71436,73719,73035,34471,0
160000,1,4,1,1,-1,-1,-1,-1,-1,0,11700,12829,10801,10351,3366,11700,12014,8000,5000,0,1263,160000,148300,147171,149199,149649,156634,11070,1
130000,1,4,1,-1,-1,-1,-1,-1,-1,128137,109868,108167,102584,91030,82634,4000,4019,4017,3100,4500,5380,1863,20132,21833,27416,38970,47366,597404,0
30000,1,2,1,-1,-1,3,2,-1,-1,6630,3842,3631,1950,1170,1170,3842,0,0,0,0,0,23370,26158,26369,28050,28830,28830,14551,0
50000,1,4,1,-1,-1,-1,-1,-1,-1,9861,6486,2636,4652,6390,8880,1000,2636,2500,2128,2880,390,40139,43514,47364,45348,43610,41120,27371,0
20000,2,4,1,-1,-1,-1,-1,-1,-1,19583,16810,17941,19327,19155,19422,1300,1409,1795,623,512,185,417,3190,2059,673,845,578,106414,0
140000,2,4,1,-1,-1,-1,-1,-1,-1,21001,16400,20729,15583,7218,7365,4000,5000,2000,0,147,1000,118999,123600,119271,124417,132782,132635,76149,0
180000,1,4,1,-1,-1,-1,-1,-1,-1,62798,51923,51935,47383,32876,28915,1867,2501,1271,926,876,3004,117202,128077,128065,132617,147124,151085,265385,0
400000,3,4,1,-1,-1,-1,-1,-1,-1,18256,18245,18447,13574,8805,10501,1300,1229,1120,292,2784,270,381744,381755,381553,386426,391195,389499,80833,0
260000,2,4,1,-1,-1,-2,-2,-2,-2,28,-288,-604,-920,-1236,-1552,288,1236,316,316,316,316,259972,260288,260604,260920,261236,261552,-7360,0
260000,2,4,1,-1,-1,-1,-1,-1,-1,264249,264434,263847,262723,222464,222837,9800,9800,9413,7114,7532,8427,-4249,-4434,-3847,-2723,37536,37163,1448468,0
180000,2,2,1,-1,-1,-1,-1,-1,-1,2406,2410,2057,2392,1483,2161,2410,2057,2392,1483,2161,2181,177594,177590,177943,177608,178517,177839,225,0
160000,1,4,1,1,-2,-2,-2,-2,-2,0,0,0,1900,0,2018,0,0,1900,0,2018,0,160000,160000,160000,158100,160000,157982,0,0
20000,2,4,1,2,2,2,2,-1,-1,17496,16923,20319,19543,19534,19320,0,4000,0,391,386,249,2504,3077,-319,457,466,680,108109,0
30000,2,2,1,-1,-1,-1,-1,-1,-1,28848,27932,27474,28351,26389,26992,2000,1524,1401,917,1000,2000,1152,2068,2526,1649,3611,3008,157144,0
250000,2,2,1,-1,-1,-1,-1,-1,-1,13358,19102,23681,20869,25490,31258,6000,5000,4000,5000,6000,5000,236642,230898,226319,229131,224510,218742,102758,0
80000,1,4,1,-1,-1,-1,-1,-1,-1,40764,41765,42251,46475,48156,50419,2000,1776,5000,3000,5000,2500,39236,38235,37749,33525,31844,29581,250554,0
90000,1,4,1,-1,-1,-1,-2,-2,-2,77860,76387,0,0,0,0,3292,0,0,0,0,0,12140,13613,90000,90000,90000,90000,150955,0
50000,1,4,1,-2,-2,-2,-2,-2,-2,0,0,0,0,0,-2000,0,0,0,0,0,2000,50000,50000,50000,50000,50000,52000,-4000,0
210000,1,4,1,-1,-1,-1,-1,2,-1,39397,38683,39210,38986,689,2040,2000,1985,1300,0,2040,4081,170603,171317,170790,171014,209311,207960,147599,0
200000,1,4,1,-1,-1,-1,-1,-1,-1,8666,9737,16013,28720,23607,24135,1224,6500,15000,3607,684,5000,191334,190263,183987,171280,176393,175865,78863,0
320000,2,4,1,-1,-1,-1,-1,-1,-1,10668,44197,36538,34603,31596,30155,44462,12000,2000,1000,1000,5098,309332,275803,283462,285397,288404,289845,122197,0
200000,1,2,2,-2,-2,-2,-2,-2,-2,14202,0,505,0,0,0,0,505,0,0,0,4950,185798,200000,199495,200000,200000,200000,9252,0
80000,2,2,1,1,2,2,2,2,-1,3970,1603,3740,2000,0,2096,0,2191,0,0,2096,0,76030,78397,76260,78000,80000,77904,9122,1
140000,3,4,1,-1,-1,-1,-1,-1,-1,33236,32971,31206,31730,30535,28301,1785,2012,1536,837,989,782,106764,107029,108794,108270,109465,111699,180038,0
80000,1,4,1,-1,-1,-1,-1,-1,-1,78178,77637,73966,71447,66994,66813,3437,3300,3050,5000,2700,2300,1822,2363,6034,8553,13006,13187,415248,0
200000,1,4,1,-1,-1,-1,-1,-1,-1,11347,30478,7892,1961,1357,1357,25000,8082,2580,1357,0,0,188653,169522,192108,198039,198643,198643,17373,0
230000,2,4,2,-1,2,-1,-1,-1,-1,2374,2165,2154,1966,1966,1966,0,2154,1966,1966,1966,177,227626,227835,227846,228034,228034,228034,4362,1
230000,1,4,1,-1,-1,-1,-2,-2,-1,231591,102650,0,0,0,915,4650,0,0,0,915,4306,-1591,127350,230000,230000,230000,229085,325285,0
20000,3,2,1,-1,-1,-1,-1,-1,-1,13548,14919,17057,13450,7944,780,1605,3130,1275,159,0,0,6452,5081,2943,6550,12056,19220,61529,0
90000,2,2,1,-1,-1,-1,-1,-1,-1,91367,64482,32037,14589,10237,10066,2121,1357,1037,243,244,226,-1367,25518,57963,75411,79763,79934,217550,0
130000,2,2,1,2,2,2,2,-1,-1,5169,6228,6065,3489,3489,1163,1300,1250,0,0,0,0,124831,123772,123935,126511,126511,128837,23053,1
320000,2,4,1,-2,-2,-2,-2,-2,-2,5118,3743,7997,3115,1852,1347,6783,8063,3115,1852,1347,5158,314882,316257,312003,316885,318148,318653,-3146,0
30000,2,4,1,2,2,-1,-1,-1,-1,36328,35291,36775,36914,33305,33688,0,2206,1500,2000,6000,6000,-6328,-5291,-6775,-6914,-3305,-3688,194595,0
240000,1,4,1,2,-1,-1,2,-1,-1,32870,34015,38257,37607,40924,43546,2000,5000,0,4000,3000,10000,207130,205985,201743,202393,199076,196454,203219,1
360000,1,4,1,-1,-1,-1,-1,-1,-1,885,10553,1943,2640,1741,4120,10553,2000,2700,2000,4120,4118,359115,349447,358057,357360,358259,355880,-3609,0
30000,1,4,1,-1,-1,-1,-1,-2,-2,13568,3166,821,0,0,0,3166,821,0,0,0,0,16432,26834,29179,30000,30000,30000,13568,0
240000,3,4,1,2,2,2,-1,-1,-1,242837,246989,204769,62670,10408,10848,10000,0,2806,500,562,303,-2837,-6989,35231,177330,229592,229152,764350,1
320000,1,4,1,-2,-2,-2,-2,-2,-2,0,0,0,0,1999,1999,0,0,0,1999,1999,1999,320000,320000,320000,320000,318001,318001,-1999,0
410000,1,4,1,-1,-1,-1,-1,-2,-1,210866,109320,11546,858,0,1117,2444,3056,968,0,1117,0,199134,300680,398454,409142,410000,408883,326122,0
220000,2,4,1,-1,-1,2,-1,-1,-1,43596,45765,41308,39770,31840,33173,6000,2,3006,2000,2000,1500,176404,174235,178692,180230,188160,186827,220944,0
240000,1,4,1,-2,-2,-2,-2,-2,-2,0,0,343,315,6000,0,0,343,315,6000,0,188,240000,240000,239657,239685,234000,240000,-188,0
200000,1,4,1,-2,-2,-2,-2,-2,-2,2232,3967,1348,20836,1321,561,3967,1348,20836,1321,561,2905,197768,196033,198652,179164,198679,199439,-673,0
80000,4,4,1,-1,-1,-1,-1,-1,-1,72732,74120,74071,41008,32152,32748,3201,4016,2109,1151,1685,1342,7268,5880,5929,38992,47848,47252,313327,0
20000,1,4,1,-1,-1,-1,-1,-1,-1,17977,17776,18886,19551,18964,19676,2000,1700,1300,662,1000,747,2023,2224,1114,449,1036,324,105421,0
20000,1,4,1,-1,-1,-1,-1,-1,-1,4687,9060,5064,14745,6805,6805,15000,6004,14776,10000,0,7436,15313,10940,14936,5255,13195,13195,-6050,0
300000,2,4,1,-1,-1,-1,-1,-1,-1,1121,699,3131,5180,1780,0,699,3152,5180,1780,0,6200,298879,299301,296869,294820,298220,300000,-5100,0
340000,1,4,1,1,2,2,2,2,-1,17211,19262,20012,19728,19042,11728,2637,1353,531,14,235,1400,322789,320738,319988,320272,320958,328272,100813,0
300000,2,4,1,-1,-1,-1,-1,-1,-1,15024,12128,9775,7347,4026,4851,1200,1164,1069,81,4851,3333,284976,287872,290225,292653,295974,295149,41453,0
350000,1,4,1,-2,-2,-2,-2,-2,-2,0,0,0,0,0,0,0,0,0,0,0,0,350000,350000,350000,350000,350000,350000,0,0
20000,1,4,1,2,-1,-1,-1,-1,-1,18466,15946,16327,17970,18819,16642,1500,1500,2000,1000,1000,1000,1534,4054,3673,2030,1181,3358,96170,1
90000,1,4,1,-1,-1,-1,-1,-1,-1,69542,64610,62725,57716,43970,36415,2366,4000,3000,2000,3480,15000,20458,25390,27275,32284,46030,53585,305132,0
80000,2,2,1,-1,-1,-1,-1,-1,-1,77039,78746,79757,40498,29212,29621,2984,2449,1612,798,1307,359,2961,1254,243,39502,50788,50379,325364,1
20000,2,2,1,-1,-1,-1,-1,-1,-1,6064,7076,8169,8956,8956,0,1120,1213,1000,0,0,0,13936,12924,11831,11044,11044,20000,35888,0
240000,1,4,1,-1,-1,-1,-1,-1,-1,203850,203979,204712,205344,152992,140128,7500,8000,8400,6000,5200,5000,36150,36021,35288,34656,87008,99872,1070905,0
150000,1,4,1,-1,3,2,-1,-1,-1,942,616,290,326,740,17481,0,0,362,740,17481,1000,149058,149384,149710,149674,149260,132519,812,1
100000,1,4,1,-1,-1,-1,-1,-1,-1,40576,41876,42699,44020,44588,45521,1977,1800,2032,1600,1652,1734,59424,58124,57301,55980,55412,54479,248485,1
150000,2,2,1,1,-1,-1,-1,-1,-1,-122,16711,8004,521,3776,165,16924,8004,521,3776,165,356,150122,133289,141996,149479,146224,149835,-691,0
50000,1,4,1,-1,-1,-1,-1,-2,-2,45190,45277,44941,0,0,0,5277,4941,0,0,0,0,4810,4723,5059,50000,50000,50000,125190,0
260000,1,4,1,-1,-1,-1,-1,-1,-1,109588,111132,112014,107404,46866,11950,5000,5000,3000,2000,433,1000,150412,148868,147986,152596,213134,248050,482521,0
140000,1,4,1,-1,-1,-1,-1,-1,-1,128656,126785,129752,132554,268084,137061,6000,6500,6500,5000,5000,5568,11344,13215,10248,7446,-128084,2939,888324,0
30000,1,4,1,-1,-1,-1,-1,-1,-1,25616,27526,11458,7500,7000,5192,31348,1328,1000,7000,5192,0,4384,2474,18542,22500,23000,24808,38424,0
90000,2,4,1,-1,-1,-1,-1,-1,-1,11989,18746,19670,14039,14218,9427,7000,1326,1095,377,288,342,78011,71254,70330,75961,75782,80573,77661,0
50000,2,2,1,-1,-1,-1,-1,-1,-1,5215,6232,7251,8326,9184,10031,1106,1125,1200,1000,1000,1000,44785,43768,42749,41674,40816,39969,39808,1
230000,2,4,2,-1,-1,-1,-1,-1,-1,10190,49777,49159,43668,42352,43099,49777,3002,1388,1511,5000,1600,219810,180223,180841,186332,187648,186901,175967,0
70000,3,2,2,2,2,2,2,2,2,55352,56448,57550,58008,58957,60367,2600,2600,2000,2500,2500,2400,14648,13552,12450,11992,11043,9633,332082,1
300000,1,4,2,-1,-1,-1,-1,-1,-1,53377,54984,56738,57282,58575,59653,2500,2640,2080,2246,2174,3000,246623,245016,243262,242718,241425,240347,325969,0
300000,1,4,1,-1,-1,-1,-1,-1,-1,4850,42189,83754,120927,105303,82475,42198,83754,120927,0,716,25213,295150,257811,216246,179073,194697,217525,166690,0
110000,1,4,1,-1,-1,-1,-1,-1,-1,105102,107388,106805,107608,108643,109689,5289,3875,3830,4000,4000,5000,4898,2612,3195,2392,1357,311,619241,1
30000,2,4,1,-1,-1,-1,-1,-1,-1,4512,6628,9222,6368,1000,3070,2205,2111,2376,0,2070,1683,25488,23372,20778,23632,29000,26930,20355,0
20000,2,4,1,2,2,-2,-2,-1,-1,17311,0,0,0,4599,4779,0,0,0,4599,700,0,2689,20000,20000,20000,15401,15221,21390,1
30000,1,4,1,-1,-1,-1,-1,-1,-2,846,3173,1972,182,0,0,3173,1972,183,0,0,440,29154,26827,28028,29818,30000,30000,405,0
350000,1,4,2,-1,-1,-1,-1,-1,-1,49184,20738,47631,51451,35104,0,20738,27689,21451,2000,0,20602,300816,329262,302369,298549,314896,350000,111628,0
200000,1,4,2,-1,-1,-1,-1,-1,-1,10225,9468,30250,5215,90,5690,9468,30250,5215,90,6198,2440,189775,190532,169750,194785,199910,194310,7277,0
200000,1,4,2,-2,-2,-2,-2,-2,-2,10742,165,1295,0,0,0,165,1295,0,0,0,0,189258,199835,198705,200000,200000,200000,10742,0
50000,2,2,1,-1,-1,-1,-1,-1,-1,41891,33849,30220,30235,28979,23593,1781,2016,1450,1314,814,978,8109,16151,19780,19765,21021,26407,180414,0
100000,2,4,1,2,2,-1,-1,-1,-1,88728,86405,88636,83516,39871,39626,0,3639,2347,3901,1327,530,11272,13595,11364,16484,60129,60374,415038,1
140000,2,4,1,-1,-1,-1,-1,-1,-1,22844,8178,3776,3776,3776,4173,1119,1000,3776,3776,4173,1000,117156,131822,136224,136224,136224,135827,31679,0
50000,3,4,1,-1,-1,-1,2,2,-1,46476,47703,51922,51563,50677,48556,2000,5000,1200,0,1853,0,3524,2297,-1922,-1563,-677,1444,286844,0
50000,1,4,1,-1,-1,-1,-1,-1,-1,38393,36240,31675,31849,31323,32620,2000,2000,2000,1500,3023,0,11607,13760,18325,18151,18677,17380,191577,0
160000,1,4,1,-1,-1,-1,2,2,-1,97375,112373,119017,104417,62975,53299,20000,10000,3017,0,3000,2000,62625,47627,40983,55583,97025,106701,511439,0
170000,2,4,1,-1,-1,-1,-1,-1,-1,30860,167941,171459,173310,240738,135722,304815,8000,8127,4810,5000,5400,139140,2059,-1459,-3310,-70738,34278,583878,0
160000,1,4,1,-1,-1,-1,-1,-1,-1,40854,41849,42889,43904,44777,45866,1676,1716,1731,1604,1812,1667,119146,118151,117111,116096,115223,114134,249933,0
100000,3,4,1,3,2,2,5,5,4,1250,1250,1250,1250,1250,650,0,0,0,0,0,0,98750,98750,98750,98750,98750,99350,6900,0
100000,1,4,1,-1,-1,-1,-1,-1,-1,94378,95809,93076,91241,62242,9565,6000,5000,4000,4000,1000,1000,5622,4191,6924,8759,37758,90435,425311,0
200000,2,4,1,-1,-1,-2,-2,-2,-2,61650,0,0,0,0,0,0,0,0,0,0,0,138350,200000,200000,200000,200000,200000,61650,1
360000,1,4,1,-1,-1,-1,-1,-1,-1,297275,307394,314534,289355,274484,247998,20000,15000,19355,10000,10000,10000,62725,52606,45466,70645,85516,112002,1646685,0
160000,1,4,1,-1,-1,-1,-1,-1,-1,159460,148691,118082,112802,61178,98960,10000,10000,5022,8000,99822,5000,540,11309,41918,47198,98822,61040,561329,0
500000,1,4,2,-1,-1,-1,-1,-1,-1,137243,129722,128006,125294,92276,96112,5000,5116,5000,5000,5000,5000,362757,370278,371994,374706,407724,403888,678537,0
50000,1,4,2,-1,-1,-1,-1,-1,-1,45977,45931,45344,36789,28918,23095,1823,1818,1312,879,781,800,4023,4069,4656,13211,21082,26905,218641,0
90000,2,4,1,-1,-1,2,-1,-1,-1,86830,94016,88477,87820,88444,91198,9000,0,4100,3000,4000,4500,3170,-4016,1523,2180,1556,-1198,512185,0
300000,2,4,1,-2,-2,-2,-2,-2,-2,780,390,334,780,2590,1490,390,334,780,2590,1490,11813,299220,299610,299666,299220,297410,298510,-11033,0
120000,1,4,1,-1,-1,-1,-1,-1,-1,50477,52632,55282,56878,57948,59179,3500,4000,3500,2500,2200,2200,69523,67368,64718,63122,62052,60821,314496,1
300000,1,4,1,-1,-1,-1,-1,-2,-1,14033,6500,1477,0,0,1346,6520,1477,0,0,1346,0,285967,293500,298523,300000,300000,298654,14013,1
500000,1,4,1,-1,-1,-1,-1,-1,-1,19543,21788,19323,33146,39741,53516,5110,19623,15000,7000,14122,20000,480457,478212,480677,466854,460259,446484,106202,0
50000,2,2,1,-1,-1,-1,-1,-1,-1,15314,16327,17366,18325,17365,17964,1269,1308,1267,605,862,1000,34686,33673,32634,31675,32635,32036,96350,0
20000,2,2,1,-1,-1,-1,-1,-1,-1,18141,17718,18058,18623,15692,15215,1600,1700,1509,1000,670,740,1859,2282,1942,1377,4308,4785,96228,0
240000,1,4,1,-1,-1,-2,-2,-2,-2,118175,0,0,0,0,0,0,0,0,0,0,0,121825,240000,240000,240000,240000,240000,118175,0
210000,2,4,1,-1,-1,-1,-1,-1,-1,46066,38952,29735,15381,12475,10535,1951,3034,3000,3000,3000,92,163934,171048,180265,194619,197525,199465,139067,0
50000,3,2,1,1,-2,-1,-1,-1,-1,-1037,-1037,49024,49806,30212,30419,0,52806,1872,1200,1100,1250,51037,51037,976,194,19788,19581,99159,0
50000,2,4,1,-1,-1,-1,-1,-1,-2,42684,40407,31811,13898,0,0,2000,1814,1000,0,0,0,7316,9593,18189,36102,50000,50000,123986,0
60000,1,4,1,-1,-1,-1,-1,-2,-1,1507,0,11305,0,0,300,0,11305,0,0,300,0,58493,60000,48695,60000,60000,59700,1507,0
310000,2,4,1,-1,-1,-1,-1,-1,-1,311380,314131,301646,292673,253269,256259,11264,10979,10950,9281,9304,9885,-1380,-4131,8354,17327,56731,53741,1667695,0
140000,1,4,1,-1,-1,3,2,2,-1,47547,55621,54174,54599,53124,54393,9532,0,1900,0,2124,2427,92453,84379,85826,85401,86876,85607,303475,1
320000,2,2,1,-2,-2,-2,-2,-2,-2,1175,0,0,0,5210,0,0,0,0,5210,0,0,318825,320000,320000,320000,314790,320000,1175,0
90000,2,2,1,-1,-1,-1,-1,-1,-1,20461,21465,22495,23504,23815,24311,1649,1679,1688,999,1029,1040,69539,68535,67505,66496,66185,65689,127967,0
280000,2,2,1,-1,-1,-1,-1,-1,-1,280913,283222,273160,257689,193231,191143,11052,9563,15017,5374,5420,6021,-913,-3222,6840,22311,86769,88857,1426911,0
80000,3,2,1,-1,-1,-1,-1,-1,-1,3525,1504,0,2332,4320,0,1654,0,2332,4320,0,0,76475,78496,80000,77668,75680,80000,3375,1
170000,1,4,1,-1,-1,-1,-1,-1,-1,170950,166243,165816,166023,96415,127480,6014,7103,5451,6000,80000,4000,-950,3757,4184,3977,73585,42520,784359,0
240000,2,2,2,1,-2,-1,2,-1,-1,0,0,7124,6860,2959,6000,0,7124,21,2959,6000,0,240000,240000,232876,233140,237041,234000,6839,1
30000,1,2,1,2,-1,-1,-1,-1,-1,25665,26669,28080,28836,28812,29400,1433,1844,1600,576,588,600,4335,3331,1920,1164,1188,600,160821,1
120000,2,4,1,-1,-1,-1,-1,-1,-1,69725,66918,65838,61527,59620,60767,3008,2319,2151,2200,2300,2100,50275,53082,54162,58473,60380,59233,370317,0
50000,2,4,1,-1,-1,-1,-2,-2,-2,48424,45300,-100,-100,-100,650,1500,100,0,0,750,247,1576,4700,50100,50100,50100,49350,91477,0
10000,2,4,1,-1,-1,-1,-1,-1,-1,6969,7992,9106,9719,9917,0,1300,1400,1000,198,0,0,3031,2008,894,281,83,10000,39805,0
80000,1,4,1,-1,-1,-1,-1,-1,-1,56222,52268,29402,20983,21096,22252,2000,1800,1700,759,1500,1100,23778,27732,50598,59017,58904,57748,193364,0
170000,1,4,1,-1,-1,-1,-1,-1,2,42062,43170,44283,46352,51384,50568,2000,2000,3000,6000,0,2000,127938,126830,125717,123648,118616,119432,262819,0
360000,2,4,1,-2,-2,-2,-2,-2,-2,-307,-307,-307,-307,-307,-307,0,0,0,0,307,0,360307,360307,360307,360307,360307,360307,-2149,1
110000,1,2,2,2,2,2,2,2,2,24178,25270,24669,26738,27201,26723,1700,0,2700,1100,0,875,85822,84730,85331,83262,82799,83277,148404,1
210000,2,2,2,-1,-1,-1,-1,-1,-1,14724,16465,17694,18892,20566,23226,2000,1500,1500,2000,3000,2000,195276,193535,192306,191108,189434,186774,99567,0
150000,4,2,2,-1,-1,-1,-1,-1,-1,83000,88000,93000,98000,100000,0,5000,5000,5000,2000,0,0,67000,62000,57000,52000,50000,150000,445000,0
200000,2,2,2,-2,-2,-2,-2,-2,-2,17822,19741,18718,15033,12785,8426,19855,18914,15112,12849,8468,27378,182178,180259,181282,184967,187215,191574,-10051,0
140000,2,4,1,-1,-1,-1,-1,-1,2,271896,141057,144306,141949,141345,136379,14000,7200,19000,10400,0,4931,-131896,-1057,-4306,-1949,-1345,3621,921401,1
80000,2,4,1,-1,-1,-1,-1,-1,-1,45198,45572,40910,40969,41275,41637,2000,2000,1600,1500,1550,1600,34802,34428,39090,39031,38725,38363,245311,1
240000,3,2,1,-1,-1,-1,-1,-1,-1,136760,193321,189572,194799,52599,51487,90000,7170,9000,3000,3000,2367,103240,46679,50428,45201,187401,188513,704001,0
50000,2,2,1,-1,-1,-1,-1,-1,-1,48529,42955,50543,49032,19830,18299,3000,9000,2000,2000,700,4000,1471,7045,-543,968,30170,31701,208488,0
80000,1,4,1,-1,-1,-1,-1,-1,-1,39663,40664,42742,43730,44721,45764,1664,2742,2000,1720,1764,1762,40337,39336,37258,36270,35279,34236,245632,0
70000,4,2,1,-1,-1,-1,-2,-2,-2,47663,47470,0,0,0,0,1000,0,0,0,0,0,22337,22530,70000,70000,70000,70000,94133,0
50000,1,4,1,-1,-1,-1,-1,-1,-1,3258,-37,18356,1851,8362,810,0,9252,1859,8362,810,1469,46742,50037,31644,48149,41638,49190,10848,0
180000,1,4,1,-1,-1,-1,-1,-1,-1,6396,12595,18704,24410,29184,7325,7000,7000,7000,7000,5000,326,173604,167405,161296,155590,150816,172675,65288,0
110000,1,4,1,-1,-1,-1,2,-1,-1,107336,107195,109443,106637,106665,92417,5320,7845,4000,4000,3500,9500,2664,2805,557,3363,3335,17583,595528,0
300000,2,2,1,-1,-1,-1,-1,-1,-1,321155,317259,313600,309670,305660,301693,11369,11380,11216,11069,11090,10028,-21155,-17259,-13600,-9670,-5660,-1693,1802885,1
210000,4,4,1,-1,-1,-1,-1,-1,-1,43933,45197,46468,47394,48604,49669,2000,2000,2000,2000,2000,2000,166067,164803,163532,162606,161396,160331,269265,0
200000,1,4,1,-1,-1,-1,-1,-1,-1,7298,1467,439,2257,43720,43968,1000,439,2000,42000,1700,2000,192702,198533,199561,197743,156280,156032,50010,0
100000,2,2,1,1,-2,-2,-2,-2,-2,0,0,0,0,0,0,0,0,0,0,0,0,100000,100000,100000,100000,100000,100000,0,1
70000,3,4,2,2,-1,-1,-1,-1,-1,68174,68973,69835,66216,30000,30096,3200,3013,2141,1200,1300,1300,1826,1027,165,3784,40000,39904,321140,1
250000,1,4,2,-1,-1,-1,-1,-1,-1,67492,67875,67448,68165,68787,70111,3500,2658,3000,4000,3000,2500,182508,182125,182552,181835,181213,179889,391220,0
600000,1,4,2,-2,-2,-2,-2,-2,-2,-84,115,349,-9,-9,-9,700,349,9,0,0,0,600084,599885,599651,600009,600009,600009,-705,0
320000,2,2,2,-1,-1,-1,-1,-1,-1,2437,3490,4529,5548,6450,7342,1100,1100,1100,1000,1000,8000,317563,316510,315471,314452,313550,312658,16496,0
180000,2,4,2,-1,-1,-1,-1,-1,-1,180754,85936,88542,92055,94038,95849,3085,4000,5000,3514,3478,3517,-754,94064,91458,87945,85962,84151,614580,0
110000,1,4,1,-1,-1,-1,-1,-1,-1,69970,66423,61951,59428,53678,52254,4009,5083,5002,4000,3000,5050,40030,43577,48049,50572,56322,57746,337560,0
20000,1,4,1,1,2,-1,-1,-1,-1,18761,18167,19202,20178,20281,20293,0,1634,1610,710,717,722,1239,1833,798,-178,-281,-293,111489,0
60000,3,4,1,-1,-1,-1,-1,-1,-1,4049,1808,3496,11548,14519,5861,1815,3496,11548,3500,200,1100,55951,58192,56504,48452,45481,54139,19622,0
320000,2,4,2,-1,-1,-1,-1,-1,-1,3690,3720,4206,15610,10556,11863,3720,4206,15610,10556,8000,5600,316310,316280,315794,304390,309444,308137,1953,0
320000,1,4,1,-1,-1,-1,-1,-1,-1,42596,43548,33674,34259,62546,106857,1955,2020,1605,30039,65000,5000,277404,276452,286326,285741,257454,213143,217861,0
110000,2,4,1,-1,-1,-1,-1,-1,-1,113003,113269,110078,112466,111094,109243,5837,5454,5707,4156,4123,4368,-3003,-3269,-78,-2466,-1094,757,639508,0
80000,3,4,1,-1,-1,-1,-1,-1,-1,71834,70194,71912,69776,70985,72444,3200,3500,3000,2500,2500,2500,8166,9806,8088,10224,9015,7556,409945,0
500000,3,4,1,-1,-1,-1,-1,-1,-1,110651,94609,95607,95276,90310,91229,3005,3027,6024,3003,2334,4087,389349,405391,404393,404724,409690,408771,556202,0
190000,3,4,2,-1,-1,-1,-2,-2,-2,1568,87,0,0,0,0,87,0,0,0,0,35520,188432,189913,190000,190000,190000,190000,-33952,0
80000,2,4,1,-1,-1,-1,-1,-1,-1,23424,20510,20330,17050,10926,10068,5000,3500,3000,0,1000,10000,56576,59490,59670,62950,69074,69932,79808,0
90000,1,2,1,-1,-1,-1,-1,-1,-1,4034,11387,4387,35670,41995,35912,10400,3400,36139,618,3200,8500,85966,78613,85613,54330,48005,54088,71128,0
140000,3,4,1,-1,-1,2,-1,-1,-1,177535,170477,149237,132330,122464,54494,14500,0,5000,8000,10000,9472,-37535,-30477,-9237,7670,17536,85506,759565,0
200000,1,4,2,1,-1,-1,-2,-2,-2,0,896,0,0,0,0,896,0,0,0,0,0,200000,199104,200000,200000,200000,200000,0,0
250000,1,2,2,-1,-1,-1,-1,-1,-1,2198,7404,3186,5161,0,13714,7404,3186,5161,0,13714,3224,247802,242596,246814,244839,250000,236286,-1026,0
260000,1,2,2,1,-2,-2,-2,-1,-1,0,0,0,0,238,0,0,0,0,238,0,0,260000,260000,260000,260000,259762,260000,0,0
220000,2,4,1,-1,-1,-2,-2,-2,-2,3700,0,0,0,0,0,0,0,0,0,0,0,216300,220000,220000,220000,220000,220000,3700,1
110000,2,4,1,-1,-1,-1,-1,-1,-1,50268,24243,25349,26265,27045,27572,1400,1500,1400,1100,1000,1000,59732,85757,84651,83735,82955,82428,173342,0
210000,2,4,1,-1,-1,-1,-1,-1,-1,83381,85097,86928,89471,91282,93309,3100,3200,4000,3300,3500,3500,126619,124903,123072,120529,118718,116691,508868,0
380000,2,2,2,-1,-1,-1,-1,-1,-1,295618,232987,105800,52296,196448,168405,13437,6068,2462,168159,5248,5540,84382,147013,274200,327704,183552,211595,850640,0
120000,1,4,1,1,-1,-1,-1,-1,-2,-93,936,0,680,0,0,1029,0,680,0,0,1381,120093,119064,120000,119320,120000,120000,-1567,0
60000,1,4,1,-1,-1,-1,-1,-1,-1,56136,57280,56969,58695,57453,61153,2100,2100,2685,2300,4800,3400,3864,2720,3031,1305,2547,-1153,330301,0
100000,2,4,1,3,2,2,2,2,2,81601,79689,85389,83121,88304,90746,0,7000,0,6600,4000,3200,18399,20311,14611,16879,11696,9254,488050,1
20000,1,4,1,-1,-1,-1,-1,-1,-1,19167,18925,18340,18317,18747,19328,1585,1700,1570,1000,1000,1000,833,1075,1660,1683,1253,672,104969,0
30000,2,4,1,-1,-1,-1,-1,-1,-1,19309,20009,21034,22050,22490,22961,1325,1350,1366,806,834,836,10691,9991,8966,7950,7510,7039,121336,1
50000,1,4,1,-1,-1,-1,-1,-1,-1,48338,48283,40989,26695,18884,20131,3008,2024,3000,1000,5000,1500,1662,1717,9011,23305,31116,29869,187788,0
200000,1,4,1,-1,-1,-1,-1,2,2,71574,74755,76945,82914,83733,80498,5000,4000,8000,2900,0,5700,128426,125245,123055,117086,116267,119502,444819,1
210000,1,4,1,-1,-1,-1,-1,-1,-1,390,390,390,390,390,780,390,390,390,390,780,1473,209610,209610,209610,209610,209610,209220,-1083,0
240000,2,4,1,-2,-2,-2,-2,-2,-2,0,0,0,0,0,0,0,0,0,0,0,0,240000,240000,240000,240000,240000,240000,0,0
150000,3,4,2,-1,-1,-1,-1,-1,-1,9516,9998,8336,6462,5872,1242,1100,1074,1000,1000,1000,0,140484,140002,141664,143538,144128,148758,36252,0
330000,1,4,2,-2,-2,-2,-2,-2,-2,4577,8400,626,626,1348,5879,8400,626,626,1348,5879,8954,325423,321600,329374,329374,328652,324121,-4377,0
280000,2,4,2,-1,-1,2,-1,-1,-1,38,34163,32800,131200,3950,0,34163,0,131200,3950,0,716,279962,245837,247200,148800,276050,280000,32122,0
210000,1,4,2,1,-2,-2,-2,-2,-2,0,0,0,0,0,0,0,0,0,0,0,0,210000,210000,210000,210000,210000,210000,0,0
400000,1,2,2,-2,-2,-2,-2,-2,-2,10000,9791,-209,13796,0,0,10000,0,14005,2000,0,0,390000,390209,400209,386204,400000,400000,7373,0
200000,1,4,2,-1,-1,-1,-1,-1,-1,147178,150573,140844,144245,135946,135736,7300,6550,7200,5300,5400,5240,52822,49427,59156,55755,64054,64264,817532,0
60000,2,2,2,-1,-1,-1,-1,-1,-1,59738,59389,57656,58290,58213,57076,2700,2100,2100,2200,2100,3000,262,611,2344,1710,1787,2924,336162,0
50000,2,2,2,-1,-1,-1,-1,-2,-2,2791,4563,5000,0,0,0,2000,1200,0,0,0,0,47209,45437,45000,50000,50000,50000,9154,0
360000,1,4,2,-2,-2,-2,-2,-2,-2,304,8288,21865,44440,3904,0,8288,21888,44640,3904,0,0,359696,351712,338135,315560,356096,360000,81,0
300000,1,4,2,-2,-2,-2,-2,-2,-2,1555,1599,900,11019,3452,57848,1603,902,11117,3462,58418,16994,298445,298401,299100,288981,296548,242152,-16123,0
10000,2,4,2,-2,-1,-1,-1,2,2,-216,2784,5723,8607,8336,10209,3000,3000,3000,0,2000,0,10216,7216,4277,1393,1664,-209,24443,0
420000,1,2,2,-1,-1,-2,-2,-2,-2,8871,358,0,0,20,0,358,0,0,20,0,0,411129,419642,420000,420000,419980,420000,8871,0
220000,3,4,2,-1,-1,-1,-1,-1,-1,209259,192365,184198,171391,178742,164793,7000,15000,6000,10000,10000,7000,10741,27635,35802,48609,41258,55207,1045748,0
130000,2,2,2,2,2,2,2,2,2,28967,30776,33071,32336,34186,34588,2500,3000,0,2600,1000,1500,101033,99224,96929,97664,95814,95412,183324,1
200000,1,2,2,-2,-2,-2,-2,-2,-2,0,0,0,0,0,0,0,0,0,0,0,0,200000,200000,200000,200000,200000,200000,0,0
50000,1,4,2,2,2,2,2,2,2,31652,34207,35666,34798,36208,37466,3400,2301,0,2300,2000,2000,18348,15793,14334,15202,13792,12534,197996,0
300000,2,2,2,-1,-1,-1,-1,-1,-1,248832,255686,262075,276110,279623,285719,11000,12000,20002,10002,11002,26002,51168,44314,37925,23890,20377,14281,1518037,0
120000,2,2,3,-1,-1,-1,-1,-1,-1,390,0,780,337,1234,0,0,780,337,1234,0,0,119610,120000,119220,119663,118766,120000,390,1
360000,1,4,2,-1,-1,-1,-1,-1,-1,1475,13466,17584,17354,37703,22490,14200,17631,17741,25203,10000,216,358525,346534,342416,342646,322297,337510,25081,0
50000,3,2,2,1,-2,-2,-2,-2,-2,0,0,0,0,0,0,0,0,0,0,0,0,50000,50000,50000,50000,50000,50000,0,0
230000,1,4,2,1,-2,-2,-2,-1,2,-152,-152,-152,-152,42668,130,0,0,0,42820,0,1000,230152,230152,230152,230152,187332,229870,-1630,0
50000,2,2,2,-1,-1,-1,-1,-1,-1,48596,39623,28964,9522,2650,-581,2152,2091,1034,500,17,26500,1404,10377,21036,40478,47350,50581,96480,0
30000,2,2,2,-1,-1,-1,-1,-1,-1,28751,23819,15367,10159,9859,8360,2588,1553,1033,381,384,404,1249,6181,14633,19841,20141,21640,89972,0
150000,3,2,3,2,2,2,-1,-1,-1,179441,169947,153522,150779,49198,50277,7333,4,4104,15000,2000,2200,-29441,-19947,-3522,-779,100802,99723,722523,1
70000,3,2,3,-1,-1,-1,-1,-1,-1,9195,2301,3344,4303,4243,5248,1041,1084,1043,1000,2000,2000,60805,67699,66656,65697,65757,64752,20466,0
320000,1,4,2,-1,-1,-1,-1,-1,-1,44566,41007,41733,34534,36170,31775,2054,4027,3002,3008,1059,551,275434,278993,278267,285466,283830,288225,216084,0
330000,1,2,3,1,-2,-2,-2,-2,-2,0,0,0,0,0,0,0,0,0,0,0,0,330000,330000,330000,330000,330000,330000,0,1
120000,2,2,2,-1,-1,-1,-1,-1,-1,106469,108606,107945,111622,115301,117873,5400,4000,5500,5500,5500,1000,13531,11394,12055,8378,4699,2127,640916,0
360000,1,2,2,-2,-2,-2,-2,-2,-2,13686,1992,604,0,3960,0,1992,604,0,3960,0,2313,346314,358008,359396,360000,356040,360000,11373,0
30000,2,2,3,1,2,-1,-1,-1,-1,29002,28236,28395,29409,25267,25800,0,1812,1826,904,940,1143,998,1764,1605,591,4733,4200,159484,0
150000,3,4,2,-1,-1,-1,-1,-1,-1,60115,48412,37033,25032,12500,12500,1662,1783,1282,250,12500,12500,89885,101588,112967,124968,137500,137500,165615,0
30000,2,4,3,2,2,2,2,2,2,17667,18577,17991,20182,19560,21241,1500,0,2500,0,2000,0,12333,11423,12009,9818,10440,8759,109218,1
150000,2,2,3,-1,-1,-1,-1,-1,-1,77066,68414,41692,30936,31021,-1514,2094,1558,1005,1162,1408,113260,72934,81586,108308,119064,118979,151514,127128,0
470000,1,2,2,-1,-1,-1,-1,-1,-1,12572,5363,5660,42003,39994,41816,5305,3500,38007,3000,3507,2500,457428,464637,464340,427997,430006,428184,91589,0
410000,2,2,3,-1,-1,-1,-1,-1,-1,407873,412650,415917,389659,342329,344974,18026,18026,14095,12037,15026,13026,2127,-2650,-5917,20341,67671,65026,2223166,0
390000,3,4,3,1,-2,-2,-2,-2,-2,0,0,0,0,0,0,0,0,0,0,0,498,390000,390000,390000,390000,390000,390000,-498,1
320000,2,2,2,-1,-1,-1,-1,-1,-1,202442,187475,164694,148160,132230,121191,8211,6100,6094,5035,4446,5028,117558,132525,155306,171840,187770,198809,921278,0
450000,3,4,3,-1,-1,-1,-1,-1,-1,10815,4603,5266,4425,15091,6341,4000,5000,4425,15091,0,2277,439185,445397,444734,445575,434909,443659,15748,0
70000,2,4,3,1,2,-1,-1,-1,-1,70803,67344,59018,48033,48833,49736,10,2200,2100,1900,1841,1945,-803,2656,10982,21967,21167,20264,333771,0
50000,2,2,3,-1,-1,-1,-1,-1,-1,5358,6221,7241,8249,8414,8590,1109,1129,1137,302,312,313,44642,43779,42759,41751,41586,41410,39771,0
100000,3,2,3,-1,-1,2,2,-1,-1,80402,86137,84998,85627,78245,79929,8000,1100,3000,3000,3100,3100,19598,13863,15002,14373,21755,20071,474038,0
110000,1,4,1,-1,-1,-1,-1,-1,-1,91286,91850,84849,84362,59391,59129,8080,14298,2519,6616,1953,5300,18714,18150,25151,25638,50609,50871,432101,0
280000,2,4,1,-1,-1,-1,-1,-1,-1,119587,122015,130286,130705,132964,136400,4411,10282,3006,2659,3436,1000,160413,157985,149714,149295,147036,143600,747163,0
500000,1,4,1,-1,-1,-1,-1,-1,-1,302089,279409,258310,221792,201215,183739,10049,10106,9021,7029,9093,10018,197911,220591,241690,278208,298785,316261,1391238,0
360000,1,4,2,-1,-1,-1,-1,-1,-1,146277,102869,102283,86370,86432,73607,6029,5487,5043,10084,5059,5040,213723,257131,257717,273630,273568,286393,561096,0
180000,2,2,2,-1,2,2,-2,-1,-1,2759,2414,0,0,1245,546,13,0,0,1245,0,0,177241,177586,180000,180000,178755,179454,5706,0
480000,2,4,2,-1,-1,-1,-1,-1,-1,241989,217460,242500,185344,164256,168433,9960,30902,7410,6368,7323,5837,238011,262540,237500,294656,315744,311567,1152182,0
450000,1,2,2,-1,-1,-1,-1,-1,-1,3664,4587,4562,5001,39243,25512,4595,4562,5001,39292,0,62597,446336,445413,445438,444999,410757,424488,-33478,0
80000,1,4,1,-1,-1,-1,-1,-1,-1,76157,79874,80171,80136,79151,78465,5000,3500,3000,2800,3000,3000,3843,126,-171,-136,849,1535,453654,0
290000,2,4,1,-1,-1,-1,-1,-1,-1,78719,71559,66658,68627,61578,59274,2510,2500,3000,3000,3000,3000,211281,218441,223342,221373,228422,230726,389405,0
500000,2,4,1,-1,-1,-1,-1,-1,-1,195140,190529,135943,128438,106591,85215,11613,176596,6506,5178,3031,3466,304860,309471,364057,371562,393409,414785,635466,0
200000,1,2,2,-1,-1,-1,-1,-1,-1,9212,0,261,8203,13203,9691,0,261,8203,5000,0,13185,190788,200000,199739,191797,186797,190309,13921,0
130000,3,2,3,2,3,2,2,2,2,19690,19085,18491,20579,19950,21625,0,0,2400,0,2000,0,110310,110915,111509,109421,110050,108375,115020,1
360000,2,4,2,-1,-1,-1,-1,-1,-1,282674,277569,246380,236139,241056,246297,12200,10500,8500,8750,9200,9800,77326,82431,113620,123861,118944,113703,1471165,0
300000,2,2,2,-1,-1,-1,-1,-1,-1,59900,62391,66156,66621,68030,70101,3500,5017,5000,2000,2500,8128,240100,237609,233844,233379,231970,229899,367054,0
70000,2,4,3,-1,-1,-1,-1,-1,-1,72593,72526,70138,51781,29117,29264,4000,36500,2300,1500,2000,3000,-2593,-2526,-138,18219,40883,40736,276119,1
80000,3,2,3,-1,-1,-1,-1,-1,-1,817,1131,817,1907,1962,1865,1131,1000,1907,2000,2000,700,79183,78869,79183,78093,78038,78135,-239,0
30000,1,4,2,2,2,2,-1,-1,-1,23338,25747,25048,26060,26578,27133,3120,0,1433,951,983,1099,6662,4253,4952,3940,3422,2867,146318,1
280000,2,4,2,-1,-1,-1,-1,-1,-1,237345,195808,369761,197666,152084,149887,12873,135477,6480,4026,4153,3014,42655,84192,-89761,82334,127916,130113,1136528,0
210000,3,2,3,-1,-1,-1,-1,-1,-1,46743,50936,53107,53717,53255,55160,5000,4000,2350,2000,3000,3000,163257,159064,156893,156283,156745,154840,293568,0
80000,3,2,3,-1,-1,-1,-1,-1,-1,59184,58316,56942,58004,59187,61950,2665,2108,2051,2092,3690,2371,20816,21684,23058,21996,20813,18050,338606,0
260000,1,4,2,-2,-1,-1,-1,-1,-1,3821,1316,2609,1017,1012,959,1316,2609,1017,1012,959,935,256179,258684,257391,258983,258988,259041,2886,0
120000,3,2,2,-1,-1,-1,-1,-1,-1,9826,10838,11876,12853,13109,13015,1181,1219,1196,452,460,463,110174,109162,108124,107147,106891,106985,66546,1
150000,1,4,2,2,-1,-1,-1,-1,2,35099,35601,36488,35729,38117,37259,1887,2003,2000,3419,13,2088,114901,114399,113512,114271,111883,112741,206883,0
180000,2,2,2,1,-1,2,-1,-1,-1,0,200,100,300,200,499,200,0,300,0,399,100,180000,179800,179900,179700,179800,179501,300,0
140000,2,2,2,-1,-1,-1,-1,-1,-1,56702,53584,54794,55951,57103,58210,3000,3000,3000,3000,2500,2500,83298,86416,85206,84049,82897,81790,319344,0
370000,3,2,2,-1,-1,-1,-1,-1,-1,104114,233130,222640,184330,169078,167940,210000,9413,7900,6000,6000,7000,265886,136870,147360,185670,200922,202060,834919,0
30000,2,2,2,2,3,2,2,2,2,27223,26474,25344,25634,24924,26546,0,2000,1000,0,2026,0,2777,3526,4656,4366,5076,3454,151119,1
160000,2,4,2,-1,-1,-1,-1,-1,-1,140122,140225,140745,139923,140815,139935,6500,5211,5000,5000,5000,5000,19878,19775,19255,20077,19185,20065,810054,0
60000,2,6,2,-1,-1,-1,2,-1,-1,4260,780,390,390,390,390,780,390,0,390,390,2405,55740,59220,59610,59610,59610,59610,2245,1
230000,1,2,2,2,2,2,2,2,2,186163,190784,195724,198707,201634,205949,9000,9300,7500,7500,7500,7500,43837,39216,34276,31293,28366,24051,1130661,1
80000,2,2,2,-1,-1,-1,-1,-1,-1,69767,73197,44195,45458,48679,49895,5000,3000,2000,4000,2000,2000,10233,6803,35805,34542,31321,30105,313191,0
360000,2,2,2,-1,2,2,-2,-2,-2,5748,550,0,0,0,0,0,0,0,0,0,0,354252,359450,360000,360000,360000,360000,6298,0
130000,2,2,3,2,2,2,-1,-1,-1,130623,131926,128380,126792,103497,96991,6400,0,4535,3900,4300,3700,-623,-1926,1620,3208,26503,33009,695374,1
500000,1,4,2,-1,-1,-1,-1,-1,-1,2398,4583,13519,43251,34279,8657,4583,13519,43251,0,8657,10649,497602,495417,486481,456749,465721,491343,26028,0
360000,2,2,3,-1,-1,-1,-1,-1,-1,93431,93784,93753,87660,78206,70147,3389,3357,2973,2819,2468,2503,266569,266216,266247,272340,281794,289853,499472,0
120000,3,2,2,-1,-1,-1,-1,-1,-1,118016,117738,120127,119719,118042,120682,5720,5820,5670,4250,4450,4470,1984,2262,-127,281,1958,-682,683944,0
150000,2,4,2,-1,-1,-1,-1,-1,-1,80321,82038,83734,80569,56672,65196,3052,3136,8046,2300,9621,0,69679,67962,66266,69431,93328,84804,422375,0
120000,2,2,2,-1,-1,-2,-2,-2,-2,18486,0,0,0,0,0,0,0,0,0,0,0,101514,120000,120000,120000,120000,120000,18486,0
190000,1,6,2,-1,-1,-1,-1,-1,2,111776,107177,61892,191260,144062,140871,21238,2000,191260,6000,0,20400,78224,82823,128108,-1260,45938,49129,516140,0
230000,3,2,3,-2,-2,-2,-2,-2,-2,416,1099,2508,976,416,416,1099,2508,976,416,416,416,229584,228901,227492,229024,229584,229584,0,0
50000,3,6,3,-1,-1,-1,-1,-1,-1,45807,46847,48090,48125,4080,0,1800,2000,1000,1000,0,0,4193,3153,1910,1875,45920,50000,187149,0
20000,3,4,3,-1,-1,-1,-1,-1,-1,390,350,360,370,780,390,350,400,400,800,0,390,19610,19650,19640,19630,19220,19610,300,0
100000,3,2,2,-1,-1,-1,-1,-1,-1,16618,-14115,51235,67368,68141,64167,13514,69370,20001,3000,3000,3000,83382,114115,48765,32632,31859,35833,141529,0
200000,4,6,3,-1,-1,-1,-1,-1,-1,225480,211608,197824,201940,98496,3480,7263,8857,9117,29420,3484,1998,-25480,-11608,2176,-1940,101504,196520,878689,0
160000,2,4,2,-1,-1,-1,-1,-1,-1,133017,125321,122044,111799,92039,89536,7008,6300,5000,3000,2606,4006,26983,34679,37956,48201,67961,70464,645836,0
160000,1,4,2,-2,-2,-2,-2,-2,-2,162,-2,-2,499,284,1248,0,0,501,285,1254,99,159838,160002,160002,159501,159716,158752,50,0
50000,3,2,2,2,2,2,2,2,-1,31063,32051,33239,33571,32732,33416,1800,2000,1171,0,1211,1221,18937,17949,16761,16429,17268,16584,188669,1
100000,1,4,1,1,-1,-1,-1,-1,-1,0,632,0,316,632,0,632,0,316,632,0,316,100000,99368,100000,99684,99368,100000,-316,0
420000,1,2,3,1,2,-1,-1,-1,-1,35545,34332,35097,33025,36945,37276,6,3016,1846,5005,2005,1462,384455,385668,384903,386975,383055,382724,198880,0
500000,2,2,2,-1,-1,-1,-1,-1,-1,250,1384,6324,7353,5536,8321,1384,5000,1224,3003,3506,3552,499750,498616,493676,492647,494464,491679,11499,0
360000,1,2,3,-2,-2,-2,-2,-2,-2,0,0,0,0,0,0,0,0,0,0,0,0,360000,360000,360000,360000,360000,360000,0,1
190000,1,4,1,-2,-2,-2,-2,-2,-2,0,2278,918,859,1300,514,2278,918,864,1300,514,175,190000,187722,189082,189141,188700,189486,-180,0
120000,2,4,2,-1,-1,-2,-2,-2,-2,40420,0,0,0,0,0,0,0,0,0,0,0,79580,120000,120000,120000,120000,120000,40420,0
300000,2,2,2,-1,-1,-1,-1,-1,-1,16260,11613,12893,10841,11900,0,1500,1513,1000,1059,0,0,283740,288387,287107,289159,288100,300000,58435,0
50000,2,4,2,-1,-1,-1,-1,-1,-1,44325,45861,47667,48119,8257,8037,3000,3687,5000,1000,309,2000,5675,4139,2333,1881,41743,41963,187270,0
290000,1,4,1,-1,-1,-1,-1,-1,-1,98709,106341,107325,108805,105375,105710,10000,3286,3133,2822,3212,3073,191291,183659,182675,181195,184625,184290,606739,0
240000,2,4,1,-1,-1,-1,-1,-1,-1,92076,84598,90102,90198,89822,95856,5006,9002,7000,5049,21862,5529,147924,155402,149898,149802,150178,144144,489204,0
120000,2,2,1,-1,-1,-1,-1,-1,-1,103676,96833,78920,74310,75710,77503,3283,3000,5000,3000,3000,4000,16324,23167,41080,45690,44290,42497,485669,0
150000,2,4,2,-1,-1,-1,-1,-1,-1,146432,149044,148839,147746,116537,36404,5301,6112,6023,4626,1035,1046,3568,956,1161,2254,33463,113596,720859,0
270000,1,4,2,-1,-1,-1,-1,-1,-1,173,2254,3679,4065,3975,8195,2254,1522,4065,4056,81,83,269827,267746,266321,265935,266025,261805,10280,0
310000,1,4,2,-2,-2,-2,-2,-2,-2,9108,24480,6864,0,150,150,24485,6864,0,150,150,271,300892,285520,303136,310000,309850,309850,8832,0
20000,2,2,3,-1,-1,-1,-1,-1,3,6336,7350,8370,9380,10078,10072,1125,1145,1154,852,150,0,13664,12650,11630,10620,9922,9928,47160,1
70000,1,4,1,-1,-1,-1,-1,-1,-1,66330,68278,69181,69494,63275,57430,3049,2621,3032,2074,2000,1800,3670,1722,819,506,6725,12570,379412,0
290000,2,2,1,-1,-1,-1,-1,-1,-1,20593,20187,19130,14793,15442,14381,2002,3001,2000,1502,1000,1002,269407,269813,270870,275207,274558,275619,94019,0
120000,2,4,2,-1,2,2,-1,-1,-1,652,652,0,326,652,326,0,0,326,652,0,326,119348,119348,120000,119674,119348,119674,1304,0
140000,3,2,3,-1,-1,-1,-1,-1,-1,143650,0,139067,93325,94256,97009,0,139067,4263,3376,4274,4635,-3650,140000,933,46675,45744,42991,411692,0
220000,1,2,3,-1,-1,-1,-1,-1,-1,64792,65463,66834,68221,69576,71035,2344,2427,2500,2490,2580,2593,155208,154537,153166,151779,150424,148965,390987,0
240000,1,4,1,-1,-1,-1,-1,-1,-1,192551,236772,201463,187916,149293,150614,100050,10000,7000,10040,7000,6000,47449,3228,38537,52084,90707,89386,978519,0
320000,2,2,2,-1,-1,-1,-1,-1,-1,91029,84644,87765,83094,66463,63977,5005,15055,16752,10012,10071,10039,228971,235356,232235,236906,253537,256023,410038,0
50000,2,2,2,-1,-1,-1,-1,-1,2,25422,26456,27835,29070,30891,54741,1450,1800,2000,2600,0,2020,24578,23544,22165,20930,19109,-4741,184545,1
100000,1,2,2,-1,-1,-1,-1,-1,-1,43717,29954,24551,16333,9776,58408,3000,2500,2000,1000,58408,5800,56283,70046,75449,83667,90224,41592,110031,0
70000,2,4,2,2,2,2,-1,-1,2,14232,15398,14866,15611,16753,16343,1700,0,1300,1400,0,1400,55768,54602,55134,54389,53247,53657,87403,1
230000,1,4,2,-1,-1,-1,-1,-1,-1,64062,56716,30038,22872,22567,21973,5000,3000,3616,3000,2000,0,165938,173284,199962,207128,207433,208027,201612,0
120000,2,4,2,-1,2,2,-1,-1,-2,5713,1492,0,6407,0,0,0,0,6407,0,0,3000,114287,118508,120000,113593,120000,120000,4205,0
350000,1,4,2,-1,-1,-1,-1,-1,-1,314747,322981,326921,210500,201775,171242,15000,12127,9557,8000,6500,7000,35253,27019,23079,139500,148225,178758,1489982,0
70000,1,4,2,2,2,2,2,2,2,43357,44347,43357,46626,47562,48651,2000,0,4000,2000,2000,2000,26643,25653,26643,23374,22438,21349,261900,1
50000,3,2,2,-1,-1,-1,-1,-1,-1,39072,40283,37269,27880,27935,26314,1914,1900,1478,1172,2005,1000,10928,9717,12731,22120,22065,23686,189284,0
150000,1,4,2,-2,-2,-2,-2,-2,-2,1999,3769,1999,1999,1500,1500,3769,1999,1999,1500,1500,1500,148001,146231,148001,148001,148500,148500,499,0
410000,3,2,2,-2,-2,-2,-2,-2,-2,2347,4234,23591,224,193,6441,4252,23785,225,194,6473,22906,407653,405766,386409,409776,409807,403559,-20805,0
410000,1,4,2,-1,-1,-1,-1,-1,-1,43719,44624,40881,39008,47638,27519,2626,2616,2617,20000,1012,511,366281,365376,369119,370992,362362,382481,214007,0
400000,1,4,2,-2,-2,-2,-2,-2,-2,4238,4329,6888,3519,77,927,5000,7013,3600,1500,1000,1000,395762,395671,393112,396481,399923,399073,865,0
50000,2,2,2,-1,-1,-1,-1,-1,-1,26149,26660,27637,22521,20533,14659,2000,1718,1210,1018,539,5001,23851,23340,22363,27479,29467,35341,126673,0
390000,1,2,2,-1,-1,-1,-1,-1,-1,40439,30808,27235,9895,3707,62320,2013,1329,1025,1010,67842,2530,349561,359192,362765,380105,386293,327680,98655,0
360000,1,4,2,-1,-1,-1,-1,-1,-1,4279,9398,26510,50810,20800,0,9398,26510,51109,2080,0,10080,355721,350602,333490,309190,339200,360000,12620,0
30000,2,2,2,-1,-1,-1,-1,-1,-1,326,326,833,326,802,802,326,833,326,802,326,0,29674,29674,29167,29674,29198,29198,802,0
300000,2,4,3,-2,-2,-1,-1,-1,-1,-904,1096,928,2264,3090,5056,2000,1072,1500,1000,2000,1000,300904,298904,299072,297736,296910,294944,2958,0
170000,1,2,3,-2,-2,-2,-2,-2,-2,754,0,0,0,1903,0,0,0,0,1903,0,0,169246,170000,170000,170000,168097,170000,754,0
40000,2,4,3,2,2,2,2,2,2,35515,36176,37490,38726,39795,40230,1550,2200,2170,2001,1601,1602,4485,3824,2510,1274,205,-230,216808,1
430000,1,4,2,-1,-1,-1,-1,-1,-1,41092,43095,44692,45648,47884,136701,3000,2300,2000,3000,90000,4000,388908,386905,385308,384352,382116,293299,254812,0
130000,2,2,3,-1,-1,-1,-1,-1,-2,2317,29,2595,1030,-1121,-2452,3000,3000,1000,897,0,2003,127683,129971,127405,128970,131121,132452,-7502,1
450000,2,2,3,-1,-1,-1,-1,-1,-1,7669,13267,18748,24711,33111,50885,7272,8764,9823,11123,20274,5374,442331,436733,431252,425289,416889,399115,85761,0
90000,1,4,1,-1,-1,-1,-1,-1,-1,91643,90717,89053,82623,70740,69237,3338,3096,4000,3000,2829,2500,-1643,-717,947,7377,19260,20763,475250,0
190000,1,2,3,-2,-2,-2,-2,-2,-2,1675,4873,3468,27395,0,148120,4873,3472,27403,0,148120,6546,188325,185127,186532,162605,190000,41880,-4883,0
210000,1,4,2,-1,-1,-1,-1,-1,-1,13744,14565,13173,13258,8155,2838,5000,3397,3000,2000,2300,5230,196256,195435,196827,196742,201845,207162,44806,0
20000,2,2,3,-1,-1,-1,-1,-1,-1,16510,17770,16432,16174,16499,12882,1558,1286,1204,529,467,544,3490,2230,3568,3826,3501,7118,90679,1
200000,1,2,2,1,-2,-2,-2,-2,-2,0,0,0,0,0,0,0,0,0,0,0,0,200000,200000,200000,200000,200000,200000,0,0
160000,1,4,1,-2,-2,-2,-2,-2,-2,0,368,0,850,763,0,368,0,850,763,0,1381,160000,159632,160000,159150,159237,160000,-1381,0
220000,2,4,2,-1,-1,-1,-1,-1,2,152514,150742,142633,137337,144570,140881,7149,8000,5000,10800,0,5600,67486,69258,77367,82663,75430,79119,832128,0
230000,1,4,2,-1,-1,-1,-1,-1,-1,2274,7398,5537,1247,0,1000,7398,5537,1259,0,1000,4134,227726,222602,224463,228753,230000,229000,-1872,0
290000,1,4,2,-2,-2,-2,-2,-2,-2,1485,299,0,0,440,0,299,0,0,440,0,0,288515,289701,290000,290000,289560,290000,1485,0
360000,1,4,2,-1,-1,-1,-1,-1,-1,20376,17726,18797,15816,16112,10793,1500,2016,1095,1024,350,1323,339624,342274,341203,344184,343888,349207,92312,0
160000,2,2,2,-1,-1,-1,-1,-1,-1,9765,2836,824,948,632,316,2836,824,948,0,0,316,150235,157164,159176,159052,159368,159684,10397,0
240000,2,2,2,-2,-2,-2,-2,-2,-2,0,0,0,0,0,0,0,0,0,0,0,0,240000,240000,240000,240000,240000,240000,0,0
260000,2,2,2,-2,-2,-2,-2,-2,-2,4539,10417,7364,8144,8422,7740,10417,7364,8144,8422,7740,26318,255461,249583,252636,251856,251578,252260,-21779,0
100000,2,2,2,-1,-1,-1,-1,-1,-1,14815,10108,8022,9733,17284,8540,2010,1149,3094,1003,1004,406,85185,89892,91978,90267,82716,91460,59836,0
70000,3,2,3,-1,-1,-1,-1,-1,-1,22068,30307,30570,31367,32163,32975,29500,2000,2000,2000,2000,1780,47932,39693,39430,38633,37837,37025,140170,0
170000,2,4,1,-1,-1,2,-1,-1,-1,57198,59379,28679,29215,19415,19531,3200,2000,3000,10000,2000,0,112802,110621,141321,140785,150585,150469,193217,0
40000,2,4,1,-1,-1,-1,-1,-1,-1,28991,24391,13600,0,44024,18697,1300,1000,0,22373,680,10000,11009,15609,26400,40000,-4024,21303,94350,0
80000,2,2,3,-1,-1,-1,-1,-1,-1,78849,27733,28009,28977,28756,28962,1433,1489,1457,1016,1046,1211,1151,52267,51991,51023,51244,51038,213634,0
30000,1,4,1,-1,-1,-1,-1,-1,-1,29668,28732,29752,28627,29467,29634,1500,1505,1500,2200,2300,3000,332,1268,248,1373,533,366,163875,0
140000,1,4,1,1,-2,-2,-1,-1,-1,-74,-770,-1466,522,142,-554,0,0,3000,0,0,0,140074,140770,141466,139478,139858,140554,-5200,1
230000,2,2,1,-1,-1,-1,-1,-1,-1,24739,19712,18175,12109,11616,10134,2000,1928,1014,1000,203,34096,205261,210288,211825,217891,218384,219866,56244,0
200000,2,2,2,-1,-1,-1,-1,-1,-1,35465,36480,37893,39266,40120,40961,1600,2000,2000,1500,1479,1504,164535,163520,162107,160734,159880,159039,220102,0
400000,1,2,2,-2,-2,-2,-2,-2,-2,4689,10043,17883,9322,15693,5588,10097,18057,9368,15771,5616,10173,395311,389957,382117,390678,384307,394412,-5864,0
170000,2,2,2,-1,-1,-1,-1,-1,2,136768,133840,138172,140265,112529,110318,5000,6800,6500,8300,0,4200,33232,36160,31828,29735,57471,59682,741092,0
270000,3,2,3,-1,-1,-2,-1,-1,-1,2769,0,0,1074,3292,2106,0,0,1074,3292,0,508,267231,270000,270000,268926,266708,267894,4367,0
30000,2,2,2,-1,-1,-1,-1,-1,-1,4042,5060,2300,0,780,0,5327,2300,0,780,0,0,25958,24940,27700,30000,29220,30000,3775,0
200000,2,4,3,-2,-2,-2,-2,-2,-2,0,0,0,0,0,0,0,0,0,0,0,600,200000,200000,200000,200000,200000,200000,-600,0
280000,1,4,2,2,-1,-1,-2,-2,-2,103,168,0,0,0,0,168,0,0,0,0,0,279897,279832,280000,280000,280000,280000,103,0
420000,2,4,2,-1,-1,-1,-1,-1,-1,476396,470185,481811,473498,368338,348300,16007,19031,17014,12121,20014,11014,-56396,-50185,-61811,-53498,51662,71700,2523327,0
30000,3,2,3,2,-1,-1,-1,-1,-1,30346,29885,20453,16076,15844,15785,1702,1531,1544,702,724,557,-346,115,9547,13924,14156,14215,121629,1
180000,2,2,3,-1,-1,-1,-1,-1,-1,110856,99925,102359,96462,96846,95549,5000,5024,4300,3500,4000,4000,69144,80075,77641,83538,83154,84451,576173,0
290000,2,2,2,-1,-1,-1,-1,-1,-1,284583,274119,275169,189354,193163,197303,10000,10490,6620,6700,7000,7150,5417,15881,14831,100646,96837,92697,1365731,0
20000,2,4,2,-1,-1,-1,2,-1,-1,11389,12389,15175,14634,30772,17135,1500,3000,0,1000,2000,1000,8611,7611,4825,5366,-10772,2865,92994,0
500000,3,2,2,-2,-2,-2,-2,-2,-2,-40,-40,-40,-40,7980,20603,0,0,0,8020,20706,36759,500040,500040,500040,500040,492020,479397,-37062,0
340000,2,2,3,-1,-1,-1,-1,-1,-1,226644,225033,219702,132852,124168,119568,8000,9222,5000,4500,4500,3834,113356,114967,120298,207148,215832,220432,1012911,0
270000,2,2,2,-1,-1,-1,-1,-1,-1,85827,87664,90515,91903,93864,96118,3000,4000,3403,3200,3479,4000,184173,182336,179485,178097,176136,173882,524809,0
150000,3,2,3,1,-1,-1,-1,-2,-2,-1203,49909,46824,-2176,143824,151500,51772,2300,2176,146000,9500,0,151203,100091,103176,152176,6176,-1500,176930,0
40000,2,4,2,-1,-1,-1,2,-1,-1,1860,1979,4167,1979,1979,1979,2279,4167,0,1979,1979,1775,38140,38021,35833,38021,38021,38021,1764,0
360000,1,4,2,-2,-2,-2,-2,-2,-2,6276,16062,8539,8665,2132,745,16142,8630,8710,2142,748,3030,353724,343938,351461,351335,357868,359255,3017,0
500000,2,2,2,-1,-1,-1,-1,-1,-1,144774,130097,134810,145182,141062,135358,20053,19000,15000,10040,15000,20000,355226,369903,365190,354818,358938,364642,732190,0
280000,2,4,3,-2,-2,-1,-1,-1,-1,12477,13915,67119,53044,66668,61466,13987,69805,1711,26743,10057,54318,267523,266085,212881,226956,213332,218534,98068,0
50000,2,4,3,-1,-1,-1,-1,-1,-1,43051,43729,27008,28324,8044,8414,1500,1500,1800,500,500,500,6949,6271,22992,21676,41956,41586,152270,0
330000,1,4,3,-2,-2,-2,-2,-2,-2,565,20650,15360,0,12923,1816,20650,15360,0,12923,1816,17050,329435,309350,314640,330000,317077,328184,-16485,1
360000,3,4,3,-1,-1,-1,-1,-1,-1,15219,26544,36301,45883,16789,6159,26796,36582,46112,16873,6190,22167,344781,333456,323699,314117,343211,353841,-7825,0
340000,3,2,3,-1,-1,-1,-1,-1,-1,194380,183139,179156,170491,158370,151685,7000,9000,9000,7000,6000,5400,145620,156861,160844,169509,181630,188315,993821,0
500000,1,4,1,-1,-1,-1,-1,-1,-1,1419,1293,1111,1175,3162,1638,1293,1111,1175,3162,33,2000,498581,498707,498889,498825,496838,498362,1024,0
270000,1,4,2,-1,-1,2,-1,-1,-1,67544,54523,18865,44908,19508,15860,4025,5,34000,0,0,0,202456,215477,251135,225092,250492,254140,183178,0
120000,3,2,3,-1,-1,-1,-1,-1,-1,102400,108300,108538,94833,49078,40643,7500,5000,4121,2000,2000,2000,17600,11700,11462,25167,70922,79357,481171,0
140000,2,2,2,-1,-1,-1,-1,-1,-1,567,1498,1139,380,2340,837,1498,1139,380,2340,837,380,139433,138502,138861,139620,137660,139163,187,0
200000,2,4,1,-1,-1,-1,-1,-1,-1,6369,5830,7254,7164,4576,5792,5830,7254,7164,4675,5792,5196,193631,194170,192746,192836,195424,194208,1074,0
50000,3,2,3,-1,-1,-1,-1,-1,-1,20080,18866,21549,26163,26684,27753,1317,3000,5000,956,1500,3000,29920,31134,28451,23837,23316,22247,126322,0
220000,1,4,1,-1,-1,-1,-1,-1,-1,55477,44109,32978,30415,28038,25669,3000,5000,13500,14000,13500,13500,164523,175891,187022,189585,191962,194331,154186,0
80000,1,4,3,-1,-1,-1,-2,-1,-1,80958,77783,-478,-1739,1261,1261,1556,0,0,4261,1261,540,-958,2217,80478,81739,78739,78739,151428,0
200000,3,6,3,-2,-2,-2,-2,-2,-2,399,2430,0,399,1396,0,2430,0,399,1396,0,0,199601,197570,200000,199601,198604,200000,399,0
20000,1,4,1,1,-1,-1,-1,-1,-1,0,2494,3967,1364,600,0,2494,3967,1370,600,0,0,20000,17506,16033,18636,19400,20000,-6,0
260000,1,4,1,2,2,-1,-1,-1,-1,792,396,396,396,792,396,0,396,396,792,0,396,259208,259604,259604,259604,259208,259604,1188,1
430000,1,4,1,-1,-1,-1,-1,-1,-1,111409,114071,116749,118319,121351,125225,6000,6000,5000,5000,6000,5000,318591,315929,313251,311681,308649,304775,674124,0
360000,1,2,2,-1,-1,-1,-1,-1,-1,21421,31104,17918,19259,26924,19049,31110,17918,19459,26924,19049,7648,338579,328896,342082,340741,333076,340951,13567,0
500000,1,4,2,-1,-1,-1,-1,-1,-1,16558,10998,4405,9274,10642,11986,11075,4405,9274,4000,5000,53918,483442,489002,495595,490726,489358,488014,-23809,0
50000,3,2,3,1,2,-1,-1,-1,-1,49768,47191,49422,49586,30023,28373,0,3000,1500,5000,2000,2000,232,2809,578,414,19977,21627,240863,0
50000,2,2,3,-1,-1,-1,-1,-1,-1,46170,47155,48052,49491,28618,29217,1755,2000,2295,1000,1048,1058,3830,2845,1948,509,21382,20783,239547,0
360000,1,4,2,-2,-2,-2,-2,-2,-2,-3,-3,-3,-3,-3,597,0,0,0,0,600,590,360003,360003,360003,360003,360003,359403,-608,0
10000,3,4,2,-1,-1,-1,-1,-1,-1,3671,4945,6157,7172,8048,8318,1500,1300,1124,1000,400,500,6329,5055,3843,2828,1952,1682,32487,0
220000,1,4,2,1,-1,-1,-1,-1,-1,0,4048,4925,12554,1036,522,4048,4925,12606,0,572,7656,220000,215952,215075,207446,218964,219478,-6722,0
110000,2,4,2,-1,-1,-1,-1,-1,-1,103195,102713,103034,103112,94403,96072,5200,3804,4500,3400,3500,7700,6805,7287,6966,6888,15597,13928,574425,1
290000,2,4,2,-1,-1,-1,-1,-1,-1,284150,288493,295333,285867,240773,242655,12000,12500,11000,8000,9300,9000,5850,1507,-5333,4133,49227,47345,1575471,0
110000,2,2,2,-1,-1,-1,-1,-1,-1,28969,29568,30379,84257,84762,86139,1500,1706,55000,3200,3300,3300,81031,80432,79621,25743,25238,23861,276068,0
120000,2,4,3,1,-2,-2,-2,-2,-2,-200,-200,-200,-200,0,8360,0,0,0,200,8360,0,120200,120200,120200,120200,120000,111640,-1000,0
140000,2,2,3,-1,-1,-1,-1,-1,-1,82497,83206,85862,86676,88948,54312,2978,3997,3140,3707,2104,1946,57503,56794,54138,53324,51052,85688,463629,0
500000,2,2,2,-1,-1,-1,-1,-1,-1,242546,184601,189136,172674,20253,29576,7000,8000,9000,791,10000,7000,257454,315399,310864,327326,479747,470424,796995,0
360000,1,2,3,-2,-2,-2,-2,-2,-2,3401,2655,1064,530,822,2222,2655,1064,530,822,2222,788,356599,357345,358936,359470,359178,357778,2613,0
280000,2,2,3,-1,-1,-1,-1,-2,-2,390,0,780,0,0,0,0,780,0,0,0,0,279610,280000,279220,280000,280000,280000,390,1
220000,2,4,2,-1,-1,-1,-1,-1,-1,22145,5529,4688,1621,8522,4149,5575,4716,1632,8559,4164,10626,197855,214471,215312,218379,211478,215851,11382,1
210000,2,2,2,-1,-1,-1,-1,-1,-1,158805,159093,153056,140518,70901,72539,5404,6230,5696,2328,2567,2531,51195,50907,56944,69482,139099,137461,730156,0
170000,1,4,2,-1,-1,-1,-1,-2,-2,822,-3,1243,0,0,0,0,1246,0,0,0,0,169178,170003,168757,170000,170000,170000,816,0
50000,1,4,1,-1,-1,-1,-1,-1,-1,15213,16253,17289,18396,19089,19629,1300,1300,1400,1000,1000,1043,34787,33747,32711,31604,30911,30371,98826,0
300000,1,2,2,2,-1,-1,2,-1,-1,74917,70878,68463,52987,46867,16335,3028,4560,78,3171,5015,5047,225083,229122,231537,247013,253133,283665,309548,1
160000,1,4,2,-2,-2,-2,-2,-1,-1,2000,1000,1000,1000,12234,11960,1000,1000,1000,12234,1200,65157,158000,159000,159000,159000,147766,148040,-52397,1
320000,2,4,1,1,3,2,2,2,-1,303926,305625,299382,316898,310361,312581,8100,0,24100,0,11700,12000,16074,14375,20618,3102,9639,7419,1792873,1
280000,3,2,2,-1,-1,-1,-1,-1,-1,199046,184586,185067,177878,140710,81033,8200,7500,9000,6500,5000,2000,80954,95414,94933,102122,139290,198967,930120,0
290000,1,4,2,-1,-1,-1,-1,-1,-1,41879,42882,43992,45061,46998,51046,2000,2100,2100,3000,5000,2050,248121,247118,246008,244939,243002,238954,255608,0
20000,3,4,3,-1,-1,2,-1,-1,-1,19080,20303,19302,19897,19895,20313,3000,0,1311,699,725,711,920,-303,698,103,105,-313,112344,0
80000,3,2,2,-1,-1,-2,-2,-2,-1,47751,-215,855086,632,632,124542,215,1024516,632,632,124542,14770,32249,80215,-775086,79368,79368,-44542,-136879,0
200000,3,2,3,1,-2,-2,-2,-2,-2,0,0,0,0,0,0,0,0,0,0,0,0,200000,200000,200000,200000,200000,200000,0,0
270000,1,4,1,-2,-2,-2,-2,-2,-2,990,5850,0,0,0,0,5850,0,0,0,0,0,269010,264150,270000,270000,270000,270000,990,0
200000,1,2,3,-1,-1,-1,-1,-1,-1,10687,18021,3275,5430,6683,7790,18031,3275,5430,6871,7790,8901,189313,181979,196725,194570,193317,192210,1588,0
130000,2,2,2,-1,-1,-1,-1,-1,-1,125816,125804,124030,119966,89588,91178,7166,7501,6621,3501,3501,3612,4184,4196,5970,10034,40412,38822,644480,0
30000,2,4,2,2,2,-1,-1,-1,-1,25368,24662,26001,27012,27241,27812,0,1739,1750,975,1010,3226,4632,5338,3999,2988,2759,2188,149396,1
60000,2,2,1,-1,-1,-1,-1,-1,-1,1033,2076,26,3742,3352,3570,2081,26,4822,3352,3570,1799,58967,57924,59974,56258,56648,56430,-1851,0
180000,1,4,2,-1,-1,-1,-1,-1,2,85129,88701,91356,94820,100740,99015,5000,5000,5000,7500,0,6000,94871,91299,88644,85180,79260,80985,531261,1
90000,2,2,3,2,2,2,2,2,2,45820,46770,45741,48729,49628,50680,2000,0,3755,2000,2000,2100,44180,43230,44259,41271,40372,39320,275513,1
430000,1,2,3,-1,-1,-1,-1,-1,-1,30000,28490,33490,30636,30240,0,28647,35000,30636,30241,0,179,400000,401510,396510,399364,399760,430000,28153,0
30000,2,2,2,3,3,3,2,-1,-1,27672,28911,29163,28380,28636,30290,2000,1000,0,1000,2100,1500,2328,1089,837,1620,1364,-290,165452,1
190000,2,4,3,-1,-1,-1,-1,-1,-1,182923,183436,162537,157497,155297,153594,8059,7741,7201,4815,4927,5380,7077,6564,27463,32503,34703,36406,957161,1
240000,1,4,2,2,-1,-1,-1,-1,-1,179483,183151,185490,189351,193115,197445,8151,6790,6951,6915,7445,7248,60517,56849,54510,50649,46885,42555,1084535,1
240000,1,2,2,-1,-1,-2,-2,-2,-2,2193,0,0,0,2500,0,0,0,0,2500,0,880,237807,240000,240000,240000,237500,240000,1313,0
240000,2,2,2,-1,-1,2,-1,-1,2,32981,47320,46392,51652,54969,42373,15000,0,6000,4059,14,10022,207019,192680,193608,188348,185031,197627,240592,0
160000,2,2,3,1,-1,-1,-1,-1,-1,0,1496,1496,1496,1496,1496,1496,1496,1496,1496,1496,1496,160000,158504,158504,158504,158504,158504,-1496,0
110000,2,2,1,-1,-1,2,-1,-1,-1,96131,106932,103381,75794,76947,79105,14000,27,4000,3000,3000,10000,13869,3068,6619,34206,33053,30895,504263,0
360000,1,4,2,-1,-1,-1,-1,-1,-1,13861,7795,4489,10218,6509,15156,7884,4808,10044,4006,10046,12087,346139,352205,355511,349782,353491,344844,9153,0
130000,3,2,3,-1,-1,-1,-1,-1,-1,126965,130067,129385,96775,98071,97743,6739,5540,4403,3814,3562,4021,3035,-67,615,33225,31929,32257,650927,1
30000,2,2,2,-1,-1,2,-1,-1,2,2433,4772,2897,3236,3575,1764,4000,0,2000,2000,0,1900,27567,25228,27103,26764,26425,28236,8777,1
370000,1,4,2,-1,-1,-1,-1,-1,-1,17004,19254,342,18295,14386,11961,19254,432,19584,0,0,1569,352996,350746,369658,351705,355614,358039,40403,0
120000,3,4,2,1,2,-1,-1,-1,-1,122806,119325,112976,63658,38495,38226,15,3500,2000,1500,1500,5000,-2806,675,7024,56342,81505,81774,481971,0
100000,2,4,2,1,-2,-1,-1,-1,-2,0,0,680,837,0,0,0,680,837,0,0,0,100000,100000,99320,99163,100000,100000,0,0
80000,4,4,2,-2,-2,-1,-1,-1,-1,5833,0,15728,9265,10400,0,0,15728,1500,1400,0,0,74167,80000,64272,70735,69600,80000,22598,0
120000,2,2,2,-1,-1,-1,-1,-1,-1,101596,102860,104694,103058,71095,47379,3706,5502,4204,3017,2005,1702,18404,17140,15306,16942,48905,72621,510546,0
290000,2,2,2,-1,-1,-1,-1,-1,-1,149495,117275,110481,107735,100195,84268,3721,3700,4005,4000,3000,2928,140505,172725,179519,182265,189805,205732,648095,0
150000,3,4,2,-1,-1,-1,-1,-1,-1,145063,134701,133145,120821,107280,105510,5000,5000,4030,4000,4000,4000,4937,15299,16855,29179,42720,44490,720490,0
270000,2,2,1,-1,-1,-1,-1,-1,-1,322249,298700,308133,263516,94062,92618,10000,13000,12000,5000,4000,5000,-52249,-28700,-38133,6484,175938,177382,1330278,0
20000,2,4,1,-1,-1,-1,-1,-1,-1,17648,13580,14204,15345,17764,20049,3000,5007,3000,3000,3000,3000,2352,6420,5796,4655,2236,-49,78583,0
360000,1,2,2,-2,-1,-1,-2,-2,-2,-4,434,0,0,0,0,438,0,0,0,0,0,360004,359566,360000,360000,360000,360000,-8,1
320000,1,4,2,-2,-2,-2,-2,-2,-2,633,8226,12664,1316,326,598,8226,12850,1316,326,598,8615,319367,311774,307336,318684,319674,319402,-8168,0
260000,1,2,2,-1,-1,-1,-1,-1,-1,33142,34048,55117,57782,184810,171006,2000,56714,4100,160000,7000,7000,226858,225952,204883,202218,75190,88994,299091,0
320000,1,2,2,2,2,-2,-2,-2,-2,2500,0,0,0,0,0,0,0,0,0,0,0,317500,320000,320000,320000,320000,320000,2500,1
360000,1,4,2,-1,-1,-1,-1,-1,-1,272112,272444,256974,241226,241673,233157,10130,12649,8916,7725,8900,6956,87888,87556,103026,118774,118327,126843,1462310,0
190000,1,4,3,-1,-1,-1,-1,-1,-1,991,991,991,666,991,1316,991,991,666,991,1316,816,189009,189009,189009,189334,189009,188684,175,0
330000,1,2,2,-1,-1,-1,-1,-1,-1,132514,137347,391478,142842,143257,144783,10000,65042,12000,5000,6000,6000,197486,192653,-61478,187158,186743,185217,988179,0
90000,2,2,2,-1,-1,-1,2,-1,-1,27180,26772,70398,56266,47804,44230,1405,56388,112,1779,1786,5414,62820,63228,19602,33734,42196,45770,205766,1
240000,1,2,3,-1,-1,-1,2,3,3,102488,105785,109082,119221,118144,118029,6500,6500,13500,2300,2002,0,137512,134215,130918,120779,121856,121971,641947,0
280000,1,4,2,-1,-1,-1,-1,-1,-1,8010,-11,25351,17900,3529,892,3375,25362,18684,3529,892,958,271990,280011,254649,262100,276471,279108,2871,0
360000,1,4,2,-2,-2,-2,-2,-2,-2,19847,15979,6450,13166,23964,5470,16059,6482,13242,24011,5497,5415,340153,344021,353550,346834,336036,354530,14170,0
350000,1,2,2,-1,-1,-1,-1,-1,-1,82964,68532,17926,17966,30741,31088,68940,18018,18058,30897,31244,88461,267036,281468,332074,332034,319259,318912,-6401,1
420000,2,2,2,-1,-1,-1,-1,-1,-1,52018,60519,67083,69424,63523,60630,10000,10083,10094,10000,2500,5000,367982,359481,352917,350576,356477,359370,325520,0
280000,2,4,3,-1,-1,-1,-1,-1,-1,272190,266459,228907,234179,180684,184319,9910,9000,9329,7000,6511,5500,7810,13541,51093,45821,99316,95681,1319488,0
70000,2,2,3,-1,-1,-1,-1,-1,-1,79346,75146,76717,70281,30343,29782,2794,2888,26850,1047,1088,996,-9346,-5146,-6717,-281,39657,40218,325952,0
140000,1,4,2,-1,-1,-1,-1,-1,-1,131540,135062,138303,67695,69068,70512,5701,6302,3000,2500,2555,3000,8460,4938,1697,72305,70932,69488,589122,0
60000,2,4,2,-1,-1,-1,-1,-1,-1,57092,58173,59626,55775,28187,28978,3000,3400,2300,1200,1200,1500,2908,1827,374,4225,31813,31022,275231,0
110000,2,2,2,-1,-1,2,2,2,2,84880,90834,92696,93794,91392,97029,8300,4200,3500,0,7300,3800,25120,19166,17304,16206,18608,12971,523525,0
300000,2,2,3,1,-2,-1,-1,-1,-1,0,0,194,1375,13970,1672,0,194,1181,14039,1679,4156,300000,300000,299806,298625,286030,298328,-4038,0
80000,3,4,3,-1,-1,-1,-1,-1,-1,78069,54955,27911,11687,11926,11926,1576,1589,1000,239,0,1696,1931,25045,52089,68313,68074,68074,190374,0
200000,2,2,2,-1,-1,-2,-2,-2,-2,10701,0,0,0,0,0,0,0,0,0,0,0,189299,200000,200000,200000,200000,200000,10701,0
450000,2,4,3,-1,-1,-1,-1,-1,-1,182,885,1099,2998,2757,623,889,1104,2999,68,626,688,449818,449115,448901,447002,447243,449377,2170,0
140000,3,4,3,-1,-1,-1,-1,-1,-1,141036,141558,132406,120046,92820,90525,4504,6213,5423,3400,4000,4000,-1036,-1558,7594,19954,47180,49475,690851,0
150000,1,4,2,-1,-1,-1,-1,-1,-1,20224,24837,4159,15089,2233,0,24840,4159,17589,0,0,500,129776,125163,145841,134911,147767,150000,19454,0
80000,2,2,2,-1,-1,-1,-1,-1,-1,115293,75861,32282,32869,31988,48431,2006,2000,1520,888,16696,1700,-35293,4139,47718,47131,48012,31569,311914,0
200000,2,2,2,-2,-2,-2,-2,-2,-2,3023,3965,6843,1320,5983,1922,3965,6880,1320,5983,1922,12652,196977,196035,193157,198680,194017,198078,-9666,0
360000,2,2,3,1,-2,-2,-2,-2,-2,0,0,0,0,0,0,0,0,0,0,0,0,360000,360000,360000,360000,360000,360000,0,1
160000,2,2,2,-1,-1,2,-1,-1,-1,45966,48783,47681,46039,47197,46683,3900,0,1742,1900,1703,3612,114034,111217,112319,113961,112803,113317,269492,0
200000,1,4,2,-2,-2,-2,-2,-2,-2,9099,3771,664,0,641,5506,3775,664,0,641,5506,1847,190901,196229,199336,200000,199359,194494,7248,0
150000,1,2,2,-1,-1,-1,-2,-1,-1,3003,2688,3125,9643,4383,2225,2698,3137,9643,4395,2229,3041,146997,147312,146875,140357,145617,147775,-76,0
50000,2,4,2,-1,-1,-1,-1,-1,-1,390,390,390,390,390,390,390,390,390,390,390,390,49610,49610,49610,49610,49610,49610,0,0
360000,2,2,3,-1,-1,-1,-1,-1,-1,222505,199464,182886,109556,111286,90580,8000,7565,4100,4027,3445,2000,137495,160536,177114,250444,248714,269420,887140,0
500000,1,2,2,-1,-1,-1,-1,-1,-1,93174,45860,28362,41489,44158,37880,45979,28435,41503,31748,25449,22999,406826,454140,471638,458511,455842,462120,94810,0
220000,1,2,2,-1,-1,-1,-1,-1,-1,218796,178554,126132,120827,119823,119460,5539,7449,3005,2400,21577,10000,1204,41446,93868,99173,100177,100540,833622,0
220000,2,4,2,-2,-2,-2,-2,-2,-2,2662,1918,4626,5602,769,5595,1918,4626,5602,769,5595,2538,217338,218082,215374,214398,219231,214405,124,0
80000,2,2,3,-1,-1,-1,-1,-1,-1,77995,79552,81392,80966,79295,81142,2855,3130,3107,2847,3134,3072,2005,448,-1392,-966,705,-1142,462197,0
200000,2,4,2,-2,-2,-2,-2,-2,-2,3000,3000,3000,3000,3000,3000,3000,3000,3000,3000,3000,3000,197000,197000,197000,197000,197000,197000,0,0
100000,1,4,2,2,2,2,2,2,2,37566,37160,39750,40298,40835,41529,500,3500,1500,1500,1500,2000,62434,62840,60250,59702,59165,58471,226638,1
260000,1,2,2,-2,-2,-2,-2,-2,-2,0,0,0,0,0,1150,0,0,0,0,1150,0,260000,260000,260000,260000,260000,258850,0,1
300000,4,4,2,-2,-2,-1,-1,-1,-1,-1244,3751,54478,10424,13762,11428,6425,54478,10424,3762,229,1423,301244,296249,245522,289576,286238,288572,15858,0
160000,3,2,3,-2,-2,-2,-2,-2,-2,390,0,780,0,0,0,0,780,0,0,0,3072,159610,160000,159220,160000,160000,160000,-2682,0
50000,2,4,2,-1,-1,-1,-1,-1,-1,50521,50466,49821,43945,29669,28469,1649,51869,1884,1023,1173,1193,-521,-466,179,6055,20331,21531,194100,0
150000,3,4,2,-1,-1,-1,2,2,2,3060,0,530,530,1696,1166,150,530,0,1166,0,0,146940,150000,149470,149470,148304,148834,5136,0
70000,1,4,1,-1,-1,2,-1,-1,-1,72227,68097,65636,66114,66142,68380,6000,0,3000,2500,4100,4100,-2227,1903,4364,3886,3858,1620,386896,0
80000,2,4,1,-1,-1,-1,-1,2,-1,66203,67995,70489,74146,72375,70811,3500,4200,5500,0,2500,8652,13797,12005,9511,5854,7625,9189,397667,0
100000,1,4,1,-2,-2,-2,-2,-2,-2,-177,-207,1050,0,0,0,0,1257,0,0,0,0,100177,100207,98950,100000,100000,100000,-591,0
150000,2,4,2,-1,-1,-1,-1,-1,-1,69955,59380,57431,52754,52430,41770,1873,1897,1552,1649,2005,11064,80045,90620,92569,97246,97570,108230,313680,0
340000,2,6,2,-2,-2,-2,-2,-2,-1,132,132,132,132,132,112847,132,132,132,132,112847,5005,339868,339868,339868,339868,339868,227153,-4873,0
210000,3,2,2,1,2,2,2,-1,-1,26624,25903,28719,27964,28364,28855,0,3550,0,1164,1100,1118,183376,184097,181281,182036,181636,181145,159497,0
240000,1,4,1,-2,-2,-2,-2,-1,-1,5623,181,1133,0,39344,40264,181,1133,0,39344,1500,1540,234377,239819,238867,240000,200656,199736,42847,0
250000,1,4,2,-1,-1,-1,-1,-1,-1,964,69000,63462,45710,43537,38367,69032,2138,1566,1582,1318,1630,249036,181000,186538,204290,206463,211633,183774,0
200000,1,2,2,-2,-2,-2,-2,-2,-2,15099,6370,5991,7298,9225,4072,6370,5991,7298,2105,10249,0,184901,193630,194009,192702,190775,195928,16042,0
50000,1,2,2,-1,-1,-1,2,-1,-1,47317,49212,49243,5112,48455,48456,3000,5450,0,45554,2100,1900,2683,788,757,44888,1545,1544,189791,0
450000,1,4,2,-1,-1,-1,-1,-1,-1,7256,812,17563,12483,26081,22985,816,17651,12554,26212,23114,2512,442744,449188,432437,437517,423919,427015,4321,0
200000,1,2,2,-1,-1,-1,-1,-1,-1,13311,10781,9592,9585,8177,7136,1711,1411,2531,5007,507,506,186689,189219,190408,190415,191823,192864,46909,0
350000,2,2,3,-1,-1,-1,-1,-1,-1,97500,84202,82933,80501,79038,80694,3010,2970,2886,2824,2925,2987,252500,265798,267067,269499,270962,269306,487266,1
200000,1,4,3,-1,-1,-1,-2,-2,-2,2377,221,0,0,0,0,221,0,0,0,0,0,197623,199779,200000,200000,200000,200000,2377,0
530000,2,2,3,-1,-1,-1,-1,-1,-1,562326,532374,537543,541019,468571,478034,20010,25022,21003,18003,20000,20004,-32326,-2374,-7543,-11019,61429,51966,2995825,1
60000,3,2,3,-1,-1,-1,-1,-1,-1,62396,36034,30534,28442,24544,24998,1500,1500,1404,1100,1000,1000,-2396,23966,29466,31558,35456,35002,199444,0
280000,1,4,2,-2,-2,-2,-2,-2,-2,2946,3326,132,-20,-20,680,3326,150,0,0,700,0,277054,276674,279868,280020,280020,279320,2868,0
210000,1,2,2,-1,-1,-1,-1,-1,-1,157907,201324,207222,209189,106090,108300,50000,10646,8601,3601,3719,3300,52093,8676,2778,811,103910,101700,910165,0
210000,1,4,2,1,2,2,-1,-1,-2,3824,2045,0,322,150,546,0,0,322,150,546,0,206176,207955,210000,209678,209850,209454,5869,1
420000,2,2,3,-1,-1,-1,-1,-1,-1,254275,249677,232028,233055,191518,192313,10004,11020,10238,10022,7000,6000,165725,170323,187972,186945,228482,227687,1298582,0
80000,2,4,3,-1,-1,-1,-1,-1,-1,2574,390,3889,780,390,390,390,3889,780,0,390,390,77426,79610,76111,79220,79610,79610,2574,0
170000,1,2,2,-1,-1,-2,-2,-2,-2,6832,0,0,0,0,0,0,0,0,0,0,0,163168,170000,170000,170000,170000,170000,6832,0
80000,2,4,2,-1,-1,-1,-1,-1,-1,48725,53095,56858,4849,4849,4849,10000,10000,4849,4849,4849,4849,31275,26905,23142,75151,75151,75151,133829,0
510000,2,2,2,-1,-1,-1,-1,-1,-1,95589,35224,37361,39437,40292,41153,2000,2700,2700,1500,1500,10000,414411,474776,472639,470563,469708,468847,268656,0
110000,2,2,2,-1,-1,-1,-1,-1,-1,109814,110215,40084,41101,41834,42874,4665,1670,1977,2000,2000,2000,186,-215,69916,68899,68166,67126,371610,0
10000,2,4,2,-1,-1,-1,-2,-2,-2,10154,10400,0,0,0,0,1400,0,0,0,0,0,-154,-400,10000,10000,10000,10000,19154,1
300000,1,4,2,-2,-2,-2,-2,-2,-2,-3,-3,-3,329,0,0,0,0,332,0,0,0,300003,300003,300003,299671,300000,300000,-12,0
60000,2,2,2,1,2,-1,-1,-1,-1,61291,57946,59534,60615,30592,28656,0,3120,3050,1136,1200,1206,-1291,2054,466,-615,29408,31344,288922,1
200000,2,4,2,-1,-1,-1,-1,-1,-1,194283,196485,197597,152670,134645,141557,7520,6700,5130,4800,9000,5150,5717,3515,2403,47330,65355,58443,978937,0
230000,2,2,2,-1,-1,-1,-1,-1,-1,7035,2954,13375,-10,8808,6632,2969,13441,0,8818,4,28,222965,227046,216625,230010,221192,223368,13534,0
500000,1,4,3,-2,-2,-2,-2,-2,-2,0,0,1742,27291,0,0,0,1742,27291,0,0,6386,500000,500000,498258,472709,500000,500000,-6386,0
50000,2,4,3,2,2,2,2,2,2,43439,44769,43781,45021,28660,27807,2341,0,2554,0,1800,0,6561,5231,6219,4979,21340,22193,226782,1
280000,2,2,3,-1,-1,-1,-1,-1,-1,159633,149747,138933,128216,216598,103119,7000,6500,6500,3994,4000,3500,120367,130253,141067,151784,63402,176881,864752,0
170000,2,2,2,-1,-1,-1,-1,-1,-1,102477,104499,106657,108804,109584,111881,5210,5323,5402,4071,4215,4081,67523,65501,63343,61196,60416,58119,615600,0
60000,2,4,2,2,2,2,2,-1,-1,57880,56355,59327,35305,17655,77775,0,4058,34,3000,40793,4952,2120,3645,673,24695,42345,-17775,251460,1
210000,1,4,2,1,-1,2,2,-1,-1,0,92,4,0,45,23,92,0,0,45,23,0,210000,209908,209996,210000,209955,209977,4,1
70000,3,4,3,-1,-1,2,-1,-1,-1,69362,71775,70050,70415,48405,46514,6000,0,3000,1000,1500,2000,638,-1775,-50,-415,21595,23486,363021,1
300000,3,2,2,1,-2,-1,-1,-1,-1,43459,26115,26283,16624,6316,8394,26137,26443,16624,6166,8078,25763,256541,273885,273717,283376,293684,291606,17980,0
330000,1,4,2,-1,-1,-1,-1,-1,-1,37426,40497,63646,39894,39860,39392,5000,3300,3195,3000,1120,3000,292574,289503,266354,290106,290140,290608,242100,0
200000,2,4,3,-1,-1,-1,-1,-1,-1,80528,83190,85944,87539,90231,86284,4000,5000,4000,4000,5000,4000,119472,116810,114056,112461,109769,113716,487716,0
170000,4,2,2,-1,-1,-1,-1,-1,-1,143805,143737,129898,124370,112589,26958,10000,6247,6375,4468,1000,1306,26195,26263,40102,45630,57411,143042,651961,0
20000,2,2,3,1,-2,-2,-2,-2,-2,0,0,0,0,0,0,0,0,0,0,0,0,20000,20000,20000,20000,20000,20000,0,1
230000,2,2,3,-1,-1,-1,-1,-1,-1,416,416,416,416,416,416,416,416,416,416,416,572,229584,229584,229584,229584,229584,229584,-156,1
80000,2,2,1,-1,-1,-1,-1,-1,-1,80658,70963,73411,75331,55011,56271,3800,3600,3200,2000,2100,3001,-658,9037,6589,4669,24989,23729,393944,0
320000,4,6,2,-1,-1,-1,-1,-1,-1,1145,4133,2488,21222,15115,27279,4135,2488,21238,5000,15000,545,318855,315867,317512,298778,304885,292721,22976,0
230000,2,2,2,-1,-1,-1,-1,-1,-1,160560,158782,150844,151623,148261,153161,10012,10010,10000,7000,10000,10000,69440,71218,79156,78377,81739,76839,866209,0
80000,2,4,2,-1,-1,-1,-1,-1,-1,390,390,3529,13207,13110,13116,390,3529,10207,500,600,3000,79610,79610,76471,66793,66890,66884,25516,0
300000,3,2,2,-2,-2,-2,-2,-2,-2,0,0,0,0,0,0,0,0,0,0,0,0,300000,300000,300000,300000,300000,300000,0,1
100000,3,2,3,2,2,-1,-1,-1,-1,100304,97814,100337,100585,52041,70731,0,5000,2623,2500,32000,2567,-304,2186,-337,-585,47959,29269,477122,1
370000,2,2,3,-2,-2,-2,-2,-2,-2,1289,2408,395,12074,744,4040,2432,397,12133,747,4060,3059,368711,367592,369605,357926,369256,365960,-1878,0
200000,2,4,2,-1,-1,-1,-1,-1,-1,4037,3913,6336,5361,4950,2413,3913,6336,5361,3000,2502,3603,195963,196087,193664,194639,195050,197587,2295,0
130000,1,4,2,-1,-1,-1,-1,-1,-1,5002,2437,2448,5457,3855,4684,2437,2774,5457,3855,4684,843,124998,127563,127552,124543,126145,125316,3833,0
50000,2,2,3,-1,-1,-1,-1,-1,-1,38516,28604,28089,27864,27173,27457,1754,1500,1500,1000,1100,1208,11484,21396,21911,22136,22827,22543,169641,0
300000,2,4,2,-1,-1,-1,-1,-1,-1,86574,86821,88072,76722,69922,23926,3219,3417,1926,1545,797,9190,213426,213179,211928,223278,230078,276074,411943,0
500000,1,2,3,-1,-1,-1,-1,-1,-1,111937,104203,96617,97437,185322,179697,4000,4009,17446,100000,10000,20000,388063,395797,403383,402563,314678,320303,619758,0
140000,2,2,2,-1,-1,-1,-1,-1,-1,326,326,326,1516,326,1439,326,326,1516,326,1439,326,139674,139674,139674,138484,139674,138561,0,1
20000,2,2,3,-1,-1,-1,-1,-1,-1,16231,14791,14453,15320,11796,9766,1600,1300,1156,387,354,438,3769,5209,5547,4680,8204,10234,77122,0
270000,1,2,3,-2,-2,-2,-2,-2,-2,-1404,73596,49800,1514,41072,23500,75000,49800,1514,41072,23500,29702,271404,196404,220200,268486,228928,246500,-32510,0
150000,2,2,2,-1,-1,-1,-1,-1,-1,216793,198866,193870,188045,178892,167419,4818,5024,4051,3788,3622,1215,-66793,-48866,-43870,-38045,-28892,-17419,1121367,0
70000,1,2,3,1,1,-1,-1,-1,-1,116630,-67526,71562,68709,28528,29171,0,140043,1830,1021,1103,1011,-46630,137526,-1562,1291,41472,40829,102066,0
120000,1,2,3,-1,-1,-1,-1,-1,-1,28675,29392,30424,31437,32062,32734,1500,1509,1522,1147,1188,1194,91325,90608,89576,88563,87938,87266,176664,0
20000,2,4,2,-1,-1,-1,-1,-1,-1,20885,20373,19391,20085,19938,0,2157,1660,1300,541,0,0,-885,-373,609,-85,62,20000,95014,0
260000,1,2,2,-1,-1,-1,-1,-1,-1,136914,139380,140836,153026,156108,158893,7000,5188,15000,7500,7000,3000,123086,120620,119164,106974,103892,101107,840469,0
160000,1,2,2,1,-2,-1,-1,-2,-2,0,0,6371,0,0,0,0,6371,0,0,0,8399,160000,160000,153629,160000,160000,160000,-8399,0
50000,2,2,3,-1,-1,-1,-1,-1,-1,48153,49073,12630,9215,9215,8011,2000,2022,2000,0,1000,1904,1847,927,37370,40785,40785,41989,127371,0
350000,2,2,2,1,-2,-2,-2,-2,-2,0,0,0,0,590,0,0,0,0,590,0,0,350000,350000,350000,350000,349410,350000,0,0
510000,1,4,3,8,7,6,5,4,3,477094,469882,461402,452405,443657,437305,0,0,0,0,0,14000,32906,40118,48598,57595,66343,72695,2727745,1
250000,1,2,2,-1,-1,-1,-1,-1,-1,6352,6790,10418,7720,37543,31337,6790,5418,7720,37604,0,0,243648,243210,239582,242280,212457,218663,42628,0
80000,2,2,2,1,-2,-2,-2,-2,-2,4233,14233,15854,10000,10000,10000,14233,15854,10000,10000,10000,10000,75767,65767,64146,70000,70000,70000,-5767,0
180000,2,4,2,-1,-1,-1,-1,-1,-1,4160,7817,2358,18572,11560,4298,7817,2358,18577,11560,4298,12330,175840,172183,177642,161428,168440,175702,-8175,0
60000,2,6,2,1,1,-2,-2,-2,-2,58574,-1540,-1930,-2320,-1220,0,0,0,0,2000,2000,0,1426,61540,61930,62320,61220,60000,47564,1
170000,1,2,2,2,2,2,2,2,2,131909,133178,131711,139143,140987,144187,4800,2000,11000,5500,5500,5400,38091,36822,38289,30857,29013,25813,786915,1
200000,1,2,2,-1,-1,-1,-1,-1,-1,100239,81596,114770,70175,69180,44376,81596,114770,70175,69180,44376,37638,99761,118404,85230,129825,130820,155624,62601,0
210000,1,2,2,-2,-2,-2,-2,-2,-2,31808,9283,7846,38141,9461,33978,9283,7846,38218,10000,33978,0,178192,200717,202154,171859,200539,176022,31192,1
200000,1,4,3,-1,-1,-1,-1,-1,-1,30177,2039,174406,133073,45373,973,2061,175000,133100,46000,1000,0,169823,197961,25594,66927,154627,199027,28880,0
200000,2,4,2,2,2,2,2,2,2,71817,73376,71672,76004,74225,78193,3300,0,6100,0,5300,3500,128183,126624,128328,123996,125775,121807,427087,1
200000,2,2,2,-1,-1,-1,-1,-1,-1,11191,15940,20281,24540,24928,1532,6002,5000,4552,3131,1539,1027,188809,184060,179719,175460,175072,198468,77161,0
240000,2,2,1,-1,-1,-1,-1,-1,-1,21909,15420,40861,34146,30937,27164,2420,34000,2500,5937,5164,5387,218091,224580,199139,205854,209063,212836,115029,0
450000,2,4,2,-2,-2,-2,-2,-2,-2,3752,513,0,4376,0,0,513,0,4376,0,0,0,446248,449487,450000,445624,450000,450000,3752,0
80000,2,2,1,-1,-1,-1,-1,-1,-1,78872,80301,74349,75443,57735,58139,2800,2800,2400,2100,2100,2100,1128,-301,5651,4557,22265,21861,410539,0
430000,2,4,2,-1,-1,-1,-1,-1,-1,191520,185187,173041,147383,135848,133591,8266,7666,6590,4711,4746,4421,238480,244813,256959,282617,294152,296409,930170,0
30000,3,2,3,2,2,2,-1,-1,-1,16457,19145,18547,18645,17847,15465,3280,0,1511,609,500,800,13543,10855,11453,11355,12153,14535,99406,1
290000,2,2,2,-1,-1,-1,-1,-1,-1,284054,283149,284434,275889,218834,220695,10222,11019,9019,8010,8002,8001,5946,6851,5566,14111,71166,69305,1512782,0
40000,2,4,2,1,2,2,2,2,2,7613,7343,15184,14643,18385,17950,0,8000,0,4000,0,6000,32387,32657,24816,25357,21615,22050,63118,1
170000,3,2,2,-1,-1,-1,-1,-1,-1,155379,155990,46870,43584,34760,35467,7000,1900,2014,2500,2000,2000,14621,14010,123130,126416,135240,134533,454636,0
130000,1,4,1,-1,-1,-1,-1,-1,-1,13700,18670,21362,1469,7370,12554,10008,6196,1470,6501,5784,6030,116300,111330,108638,128531,122630,117446,39136,0
360000,2,4,1,-1,-1,-1,-1,-1,-1,13102,5628,1480,2330,2286,4385,5655,1480,2330,2550,3000,3000,346898,354372,358520,357670,357714,355615,11196,0
360000,3,2,2,1,-1,-1,-1,-1,-1,-16,1621,458,0,282,282,1637,458,0,282,0,0,360016,358379,359542,360000,359718,359718,250,0
180000,3,2,3,-2,-2,-2,-2,-2,-2,396,396,396,396,396,396,396,396,396,396,396,396,179604,179604,179604,179604,179604,179604,0,0
210000,2,4,1,-1,-1,-1,-1,2,2,26770,28001,31202,36968,32141,35018,2000,5000,8000,0,5000,0,183230,181999,178798,173032,177859,174982,170100,0
260000,2,4,2,-2,-2,-2,-2,-2,-2,-7,-7,2493,2290,432,0,0,2507,2297,432,0,649,260007,260007,257507,257710,259568,260000,-684,0
200000,2,2,2,1,-1,-1,-1,-1,-1,-7082,12270,29787,32040,7773,12681,21179,20000,3000,1000,5000,500,207082,187730,170213,167960,192227,187319,36790,0
340000,1,4,2,-1,-1,-1,-1,-1,-1,112119,119230,259489,328507,283758,273018,25000,150000,90168,25001,10000,11000,227881,220770,80511,11493,56242,66982,1064952,0
200000,1,2,2,-1,-1,-2,-2,-2,-2,3135,0,0,0,0,0,0,0,0,0,0,0,196865,200000,200000,200000,200000,200000,3135,0
360000,2,2,2,2,2,2,2,-1,-1,360996,370722,380523,372735,290210,290551,16500,16500,6,10306,10876,10323,-996,-10722,-20523,-12735,69790,69449,2001226,1
90000,2,4,2,-1,-1,-1,-1,-1,-1,86076,87567,78646,79212,54659,55902,3012,3100,3116,2000,2100,2100,3924,2433,11354,10788,35341,34098,426634,0
40000,3,2,2,-1,-1,-1,-1,-1,2,32052,34697,36824,38764,36411,31931,3500,3000,3000,3029,1000,2000,7948,5303,3176,1236,3589,8069,195150,0
500000,2,4,1,-1,-1,-1,-1,-1,-1,234957,215459,201715,141177,130352,126422,8086,7412,4721,3854,3622,3433,265043,284541,298285,358823,369648,373578,1018954,0
240000,2,2,2,-1,-1,-1,-1,-1,-1,232031,226221,222929,215858,210887,205828,8193,9000,6600,6400,6382,5994,7969,13779,17071,24142,29113,34172,1271185,0
440000,1,4,2,-1,-1,-1,-1,-1,-1,304,301,850,10799,746,600,301,850,10819,746,600,4238,439696,439699,439150,429201,439254,439400,-3954,0
50000,2,2,2,-1,-1,-1,-1,-1,-1,44052,32030,31041,26197,25739,27659,2000,1451,3000,862,5000,10000,5948,17970,18959,23803,24261,22341,164405,0
180000,2,4,1,1,2,2,-1,-1,-1,172850,182810,169529,153501,136920,139506,14400,402,5166,5000,5030,5391,7150,-2810,10471,26499,43080,40494,919727,1
30000,2,2,2,-1,-1,-1,-1,-1,-1,25485,26503,27486,25663,26979,24306,1447,1430,1684,2000,892,2000,4515,3497,2514,4337,3021,5694,146969,0
60000,1,4,1,-1,-1,-1,-1,-1,-1,39553,40855,40870,39703,38600,40230,1969,1668,1609,1506,2379,0,20447,19145,19130,20297,21400,19770,230680,0
150000,3,2,1,-1,-1,-1,-1,-1,-1,8902,9231,9124,9356,8572,9541,1200,1300,1000,1572,1000,1000,141098,140769,140876,140644,141428,140459,47654,0
80000,2,2,2,-1,-1,-2,-2,-2,-2,5988,0,0,0,0,0,0,0,0,0,0,0,74012,80000,80000,80000,80000,80000,5988,0
290000,1,2,2,-2,-2,-2,-2,-2,-2,0,0,1100,6000,3533,880,0,1100,6000,3533,880,193,290000,290000,288900,284000,286467,289120,-193,0
220000,2,2,3,-1,-1,-2,-1,-1,-1,21920,0,0,5752,8478,9336,0,0,5752,3000,1000,2000,198080,220000,220000,214248,211522,210664,33734,0
50000,1,4,2,-1,-1,-1,-1,-1,-1,1884,1077,4886,3682,3190,2451,1077,5693,4255,3190,2451,4425,48116,48923,45114,46318,46810,47549,-3921,0
80000,3,2,3,2,2,2,2,-1,-1,66321,63695,33283,22442,15553,5593,0,6056,652,517,0,27,13679,16305,46717,57558,64447,74407,199635,0
400000,1,4,2,1,-1,-1,-1,-1,-1,6914,72574,42176,75513,57104,53542,73036,42386,75865,57379,53787,13833,393086,327426,357824,324487,342896,346458,-8463,0
150000,1,2,2,-2,-2,-2,-2,-2,-2,-3,-3,-3,-3,-3,-3,0,0,0,0,0,698,150003,150003,150003,150003,150003,150003,-716,0
250000,1,4,2,2,-1,-1,-1,-1,-1,212681,193296,194659,196481,196256,195370,9917,7350,7231,6603,6797,7557,37319,56704,55341,53519,53744,54630,1143288,0
120000,2,2,2,-1,-1,-2,-2,-2,-2,1800,0,0,0,0,0,0,0,0,0,0,0,118200,120000,120000,120000,120000,120000,1800,0
300000,1,4,1,-1,-1,-1,-1,-1,-1,16094,2259,0,12880,14895,9386,2259,0,12880,2500,200,280,283906,297741,300000,287120,285105,290614,37395,0
500000,2,4,2,-1,-1,-1,-1,-1,-1,24893,12569,7652,7187,10861,15893,12260,7016,3007,5009,7028,6755,475107,487431,492348,492813,489139,484107,37980,0
240000,2,4,2,-1,-1,-2,-2,-2,-2,1000,0,0,0,0,0,0,0,0,0,0,0,239000,240000,240000,240000,240000,240000,1000,0
240000,2,4,1,-1,-1,-1,-1,-1,-2,17570,159228,150359,62242,0,0,150359,4199,1322,2480,0,0,222430,80772,89641,177758,240000,240000,231039,0
30000,2,4,2,-2,-2,-2,-2,-2,-2,2416,2226,2230,561,2230,565,2230,2238,561,2238,565,564,27584,27774,27770,29439,27770,29435,1832,1
90000,1,4,1,-2,-2,-2,-2,-2,-2,-240,-240,-240,-240,-240,-240,0,0,0,0,0,0,90240,90240,90240,90240,90240,90240,-1440,0
60000,1,4,2,-1,-1,-1,2,2,2,2631,3610,855,111,411,261,2000,900,0,300,0,6500,57369,56390,59145,59889,59589,59739,-1821,1
60000,2,4,3,-1,-1,-1,-1,-1,-1,16194,17120,14232,14676,1976,2976,1518,1556,1000,300,1000,0,43806,42880,45768,45324,58024,57024,61800,0
230000,1,4,3,-1,-1,-1,-1,-1,-1,177,0,376,47992,3099,2389,0,376,48042,3099,0,0,229823,230000,229624,182008,226901,227611,2516,0
290000,1,2,3,-1,-1,-1,-1,-1,-1,192432,192512,193999,157500,147150,146936,8000,9008,6000,5000,5200,5100,97568,97488,96001,132500,142850,143064,992221,0
430000,1,4,3,-2,-2,-2,-2,-2,-2,9777,75276,5999,38845,0,1111,75276,6008,48845,0,1111,1140,420223,354724,424001,391155,430000,428889,-1372,0
230000,2,2,2,-2,-2,-2,-2,-2,-2,0,0,0,0,0,0,0,0,0,0,0,0,230000,230000,230000,230000,230000,230000,0,1
140000,3,2,3,1,-2,-2,-2,-1,-1,0,0,0,0,959,0,0,0,0,959,0,0,140000,140000,140000,140000,139041,140000,0,0
210000,2,4,2,-1,-1,-1,-1,-1,-1,215842,220042,214545,215635,163741,162253,9500,9100,9900,6100,6100,6300,-5842,-10042,-4545,-5635,46259,47747,1145058,0
390000,2,4,2,-1,-1,-1,-1,-1,-1,112528,102596,91761,76756,65520,52904,3669,3277,3220,2236,2007,1600,277472,287404,298239,313244,324480,337096,486056,0
320000,1,2,2,-1,2,-1,-1,-1,-1,6793,3659,232702,3529,14212,1166,5,232702,3529,14212,1200,8200,313207,316341,87298,316471,305788,318834,2213,0
50000,2,2,3,2,2,2,-1,-1,-1,26587,29730,28565,26601,26391,27165,3600,0,1500,1000,1200,1200,23413,20270,21435,23399,23609,22835,156539,1
100000,1,4,2,-1,-1,-2,-1,-1,-1,41150,0,0,74550,75731,75975,0,0,74550,3000,3000,3500,58850,100000,100000,25450,24269,24025,183356,0
260000,3,2,3,-2,-2,-2,-2,-2,-2,-6,-6,1302,2752,1114,2212,0,1308,2765,1119,2218,625,260006,260006,258698,257248,258886,257788,-667,0
260000,1,2,2,1,-2,-2,-2,-2,-2,0,0,0,0,0,36150,0,0,0,0,36150,0,260000,260000,260000,260000,260000,223850,0,0
100000,1,4,2,-1,-1,-1,-1,-1,-1,77388,78502,81233,82990,84210,85987,3000,4000,4000,3500,3287,4000,22612,21498,18767,17010,15790,14013,468523,0
340000,2,2,2,-1,-1,-1,-1,-1,-1,36006,12144,17164,15821,12317,14850,5000,10326,5000,10000,5000,5000,303994,327856,322836,324179,327683,325150,67976,0
150000,2,2,2,-1,-1,-1,-1,-1,-1,113368,70001,45813,44309,27428,2013,2354,2500,1200,2618,2013,4724,36632,79999,104187,105691,122572,147987,287523,0
360000,2,4,2,-1,-1,-1,-1,-1,-1,7410,6783,7672,8380,4581,3853,1115,1161,1026,1523,3872,2626,352590,353217,352328,351620,355419,356147,27356,0
210000,2,2,2,-1,-1,-1,-1,-1,-1,25650,1360,31793,32943,30019,30657,1360,31793,1943,819,763,2280,184350,208640,178207,177057,179981,179343,113464,0
200000,1,2,2,2,-1,-1,-1,-1,-1,1076,696,316,1076,316,1226,696,316,1076,316,1226,696,198924,199304,199684,198924,199684,198774,380,0
310000,1,2,3,-1,-1,-1,-1,-1,-1,20876,21999,7426,6092,5074,3865,2016,1200,1100,1000,300,1000,289124,288001,302574,303908,304926,306135,58716,0
260000,1,2,2,-2,-2,-2,-2,-2,-2,1009,2403,1880,0,1000,0,2403,1880,0,1000,0,189,258991,257597,258120,260000,259000,260000,820,0
210000,2,4,3,-2,-2,-2,-2,-2,-2,0,0,769,771,0,695,0,769,771,0,695,1892,210000,210000,209231,209229,210000,209305,-1892,0
330000,2,4,2,-1,-1,-1,-1,-1,-1,8872,15284,20467,25200,35000,0,8284,5467,5200,10000,0,0,321128,314716,309533,304800,295000,330000,75872,0
430000,2,4,1,-2,-2,-2,-2,-2,-2,2548,12020,2539,2250,0,2580,12082,2539,2250,0,2580,171,427452,417980,427461,427750,430000,427420,2315,0
450000,1,4,2,-1,-1,-1,-1,-1,-1,46437,7875,0,1000,17446,11062,7875,0,1000,16446,0,0,403563,442125,450000,449000,432554,438938,58499,0
150000,2,2,2,-1,-1,-1,-1,-1,-1,3000,187000,193500,196000,200000,0,184000,6500,4000,4000,0,0,147000,-37000,-43500,-46000,-50000,150000,581000,0
410000,3,2,2,-2,-2,-2,-2,-1,-1,388,388,388,388,110345,116128,388,388,388,110345,8000,4200,409612,409612,409612,409612,299655,293872,104316,0
90000,2,2,3,-1,-1,-1,-1,-1,-1,43810,44504,46174,47193,48105,49327,1723,2393,2090,2000,2000,1803,46190,45496,43826,42807,41895,40673,267104,0
280000,1,2,2,-1,-1,-1,-1,-1,-1,17951,18915,7926,17965,24432,10805,6094,7966,18059,24554,18860,17313,262049,261085,272074,262035,255568,269195,5148,0
150000,1,2,3,-2,-2,-2,-2,-2,-2,5423,4133,14279,5985,8333,8241,4133,14296,5990,8342,8241,17817,144577,145867,135721,144015,141667,141759,-12425,0
200000,1,2,3,-1,-1,-2,-1,-1,-1,2374,0,0,5144,0,931,0,0,5144,0,931,0,197626,200000,200000,194856,200000,199069,2374,0
150000,2,2,3,-1,-1,-1,-1,2,-1,15878,10389,6067,4823,6208,4824,1300,1040,1378,1560,128,239,134122,139611,143933,145177,143792,145176,42544,0
140000,1,4,3,1,2,-1,-1,-1,-1,143478,135633,128285,123074,97382,99364,0,6601,5522,3200,3300,3500,-3478,4367,11715,16926,42618,40636,705093,0
260000,1,2,1,-1,-1,-1,-2,-2,-2,71864,54050,0,0,0,0,3090,0,0,0,0,141516,188136,205950,260000,260000,260000,260000,-18692,0
160000,2,4,2,-1,-1,-1,-1,-1,-1,151620,150984,152705,102160,102969,105149,7300,6004,5170,4000,4000,4200,8380,9016,7295,57840,57031,54851,734913,0
310000,1,2,3,-1,-1,-1,-1,-1,-1,91532,93351,96218,97722,101082,103202,3340,4370,4000,5000,3899,3761,218468,216649,213782,212278,208918,206798,558737,0
80000,3,2,3,-1,-1,2,-1,-1,-1,390,780,390,390,390,390,780,390,390,390,390,2379,79610,79220,79610,79610,79610,79610,-1989,1
150000,3,2,2,2,-1,-1,-1,-1,-1,146057,142325,143548,146332,145993,146600,6527,6714,6705,5181,5437,5700,3943,7675,6452,3668,4007,3400,834591,0
330000,1,2,2,-1,-1,-1,-1,-1,-1,22285,23111,23622,23253,22525,22419,1700,1700,1700,1000,1000,1211,307715,306889,306378,306747,307475,307581,128904,0
180000,1,4,2,-2,-2,-2,-2,-2,-1,1490,3687,1352,960,4921,3031,3687,1352,960,4921,3031,2718,178510,176313,178648,179040,175079,176969,-1228,0
120000,1,4,1,-1,-1,-1,2,-1,-1,6385,9262,11793,11307,14102,15871,3000,2691,0,3000,2000,0,113615,110738,108207,108693,105898,104129,58029,1
150000,4,4,2,-1,-1,-1,-1,-1,-1,3826,2970,4015,3693,7850,2423,2978,4026,3704,7873,2429,5720,146174,147030,145985,146307,142150,147577,-1953,0
200000,1,4,2,-1,-1,-1,-1,-1,-1,65503,66805,68726,70586,72409,73926,2394,3000,3000,3000,2685,2100,134497,133195,131274,129414,127591,126074,401776,0
170000,2,4,2,1,-1,-1,-1,-1,-1,0,213,2592,13199,3685,986,213,2592,13204,0,986,0,170000,169787,167408,156801,166315,169014,3680,0
50000,2,6,3,-1,-1,-1,-1,-1,-1,44797,50215,49420,46434,45349,40755,46012,3000,1590,1285,1544,1761,5203,-215,580,3566,4651,9245,221778,0
80000,2,2,3,-1,-1,-1,-1,-1,-1,264,264,264,264,264,414,264,264,264,264,414,264,79736,79736,79736,79736,79736,79586,0,0
20000,3,4,2,-1,-1,-1,-1,-1,-1,1550,1550,1826,6497,8185,3755,1550,1826,6497,8185,3755,3220,18450,18450,18174,13503,11815,16245,-1670,0
360000,2,2,2,-1,-1,-1,-1,-1,-1,350752,354823,358920,363999,292332,294752,13016,13016,13625,11019,9439,8651,9248,5177,1080,-3999,67668,65248,1946812,0
200000,1,4,2,1,-2,-2,-2,-2,-2,0,0,0,0,0,0,0,0,0,0,0,0,200000,200000,200000,200000,200000,200000,0,1
50000,2,2,2,-1,-1,-1,-1,-1,-1,39554,38600,23711,8663,19596,20082,5000,5038,3000,20130,1000,1000,10446,11400,26289,41337,30404,29918,115038,0
70000,2,2,2,-1,-1,5,4,3,3,56778,75037,73326,71568,72540,71148,20000,0,0,2700,0,0,13222,-5037,-3326,-1568,-2540,-1148,397697,0
300000,2,4,2,-1,-1,-1,-1,-1,-1,297890,216495,221737,224774,182544,92014,7800,8705,8500,6820,2700,3200,2110,83505,78263,75226,117456,207986,1197729,0
20000,3,4,3,-1,-1,-1,-1,-1,-1,14381,15701,17137,18541,18909,19464,1564,2000,2000,677,860,1000,5619,4299,2863,1459,1091,536,96032,1
170000,1,4,3,-2,-2,-2,-2,-2,-2,0,0,1980,0,280,280,0,1980,0,280,280,1111,170000,170000,168020,170000,169720,169720,-1111,1
180000,4,2,3,-1,-1,-1,-1,-1,2,151538,133924,136707,139438,143513,141119,6256,6434,6506,10813,0,5557,28462,46076,43293,40562,36487,38881,810673,0
200000,1,4,2,-2,-2,-1,-1,-1,-1,0,0,69084,71857,72755,34125,0,69084,3450,2348,1486,30000,200000,200000,130916,128143,127245,165875,141453,0
320000,2,2,3,-2,-2,-2,-2,-2,-2,-6,650,2849,1060,3667,1627,656,2849,1060,3667,1627,1102,320006,319350,317151,318940,316333,318373,-1114,0
180000,3,4,3,-1,-1,-1,2,-1,-1,76942,77952,80269,66855,67128,67257,4003,5603,3,2504,2511,3021,103058,102048,99731,113145,112872,112743,418758,0
60000,2,2,3,2,-1,-1,-1,-1,-1,60211,55996,54178,44518,28636,28957,3000,2000,2000,3000,1300,1100,-211,4004,5822,15482,31364,31043,260096,0
360000,3,2,3,-1,-1,-1,-1,-1,-1,44518,46285,37917,36502,31715,4857,8061,5043,8160,10069,2023,8669,315482,313715,322083,323498,328285,355143,159769,0
30000,2,4,3,-1,-1,2,2,2,-1,19495,22254,21616,26695,25970,26402,3400,0,5800,0,1000,1400,10505,7746,8384,3305,4030,3598,130832,1
130000,2,2,2,-1,-1,-1,-1,-1,-1,105976,108127,110356,111070,113441,115649,5400,5460,4033,4220,4199,4427,24024,21873,19644,18930,16559,14351,636880,0
80000,2,2,2,1,-1,3,2,-1,-1,0,964,964,964,964,5953,964,0,0,0,5953,0,80000,79036,79036,79036,79036,74047,2892,0
230000,2,2,3,-1,-1,-1,-1,-1,-1,44948,45198,46244,47595,38367,35098,1728,3000,3040,3012,3000,3000,185052,184802,183756,182405,191633,194902,240670,0
210000,2,2,2,-1,-1,-1,-1,-1,-1,4879,5373,6811,10161,2922,1461,3000,3000,5000,2922,0,1461,205121,204627,203189,199839,207078,208539,16224,0
270000,3,2,2,-1,-1,-1,-2,-1,-1,60227,61650,0,248,163248,163412,3000,0,248,163000,5925,4782,209773,208350,270000,269752,106752,106588,271830,0
280000,2,4,2,-1,-1,-1,-1,-1,-1,213581,197238,193638,161264,148863,155006,9000,10000,8000,5500,8500,5500,66419,82762,86362,118736,131137,124994,1023090,0
50000,2,2,2,-1,-1,-1,-1,-1,-1,30803,30578,30362,30764,30065,30179,1477,1546,1453,1039,1066,1421,19197,19422,19638,19236,19935,19821,174749,0
360000,2,2,2,-2,-1,-1,-1,-1,-1,0,212,3748,-2,666,919,212,3759,0,668,921,0,360000,359788,356252,360002,359334,359081,-17,0
470000,1,2,2,-2,-2,-2,-2,-2,-1,0,0,0,0,0,924,0,0,0,0,924,32673,470000,470000,470000,470000,470000,469076,-32673,0
230000,1,2,3,1,-2,-2,-2,-2,-2,6087,16041,29977,5608,0,0,16050,29989,5608,0,0,0,223913,213959,200023,224392,230000,230000,6066,0
80000,2,2,3,2,-1,-1,-1,-1,-1,80019,81145,79171,63448,46989,47867,3111,3667,3063,2000,2000,2428,-19,-1145,829,16552,33011,32133,382370,1
200000,1,4,1,-1,-1,-1,-1,-1,-1,3215,78,2012,6577,551,2130,676,2012,6577,551,2130,1887,196785,199922,197988,193423,199449,197870,730,0
200000,2,2,2,-1,-1,-1,-1,-1,-1,166428,157908,150977,140358,130373,131885,6026,6007,5000,5000,5000,6000,33572,42092,49023,59642,69627,68115,844896,0
50000,3,4,2,-1,-1,-1,-1,-1,-1,48134,52136,19758,5520,5204,4703,5261,1132,2138,172,200,168,1866,-2136,30242,44480,44796,45297,126384,0
20000,2,2,2,-1,-1,-1,-1,-1,-1,10001,20844,5760,3343,1510,0,2000,1500,1007,7,0,0,9999,-844,14240,16657,18490,20000,36944,0
50000,2,2,3,-1,-1,-1,-1,-1,-1,22824,22664,5631,5933,6433,6828,1100,1100,1100,600,500,300,27176,27336,44369,44067,43567,43172,65613,0
110000,2,2,2,-1,2,2,-1,-1,-1,832,832,416,416,416,416,416,0,416,416,416,416,109168,109168,109584,109584,109584,109584,1248,1
280000,2,4,3,-1,-1,2,2,-1,-1,29523,154398,151984,47851,49374,50198,126000,3000,0,3000,2000,2000,250477,125602,128016,232149,230626,229802,347328,0
160000,1,4,2,-1,-1,-1,-1,-1,-1,9441,5714,5030,3181,4998,1250,5726,5037,3182,5000,1252,749,150559,154286,154970,156819,155002,158750,8668,0
320000,2,2,2,-1,-1,-1,-1,-1,-1,2276,6626,11131,13824,17992,15250,6626,12446,17746,6000,5749,928,317724,313374,308869,306176,302008,304750,17604,1
300000,1,4,2,-1,-1,-1,2,-1,-1,452,-6,835,665,2386,456,3,1466,70,2397,457,1003,299548,300006,299165,299335,297614,299544,-608,1
300000,2,4,2,-1,-1,-1,-2,-2,-1,133115,41300,0,0,0,2538,2300,0,0,0,2538,47473,166885,258700,300000,300000,300000,297462,124642,1
100000,2,4,2,-1,-1,-1,-1,-1,2,99259,76288,77919,79597,88685,87773,2750,2854,3000,10400,600,4254,741,23712,22081,20403,11315,12227,485663,0
100000,2,2,2,-2,-2,-2,-2,-2,-2,1884,0,0,0,0,0,0,0,0,0,0,0,98116,100000,100000,100000,100000,100000,1884,0
110000,2,2,2,-1,-1,-1,-1,-1,-1,15605,20649,22397,23305,25341,30584,5649,2397,1305,2341,5584,1388,94395,89351,87603,86695,84659,79416,119217,0
400000,2,2,2,-2,-2,-2,-2,-2,-2,52306,3638,11649,24140,5803,5937,3656,11713,24265,7832,5966,9363,347694,396362,388351,375860,394197,394063,40678,0
20000,2,2,2,-1,-1,-1,-1,-1,-1,15284,15303,14724,15055,13389,11924,6230,1500,1500,500,1200,454,4716,4697,5276,4945,6611,8076,74295,0
50000,1,4,1,2,3,2,2,2,2,12250,11761,12476,11979,12880,12531,0,1200,0,1100,0,1200,37750,38239,37524,38021,37120,37469,70377,1
310000,1,4,1,-1,-1,-1,-1,-1,-1,269832,261818,234621,242570,246073,248376,15327,10000,12000,9019,10024,15040,40168,48182,75379,67430,63927,61624,1431880,0
80000,2,4,3,-1,-1,-1,-1,-1,-1,75901,74911,72172,73674,73532,75192,3500,3205,3300,3000,3000,3300,4099,5089,7828,6326,6468,4808,426077,0
120000,3,2,3,-1,-1,-1,-1,-1,-1,116032,114987,117491,118513,75278,77070,4201,5001,4134,2700,3000,5030,3968,5013,2509,1487,44722,42930,595305,0
200000,1,2,2,-1,-1,-1,-1,-1,-1,11399,395,5094,9204,9403,4602,400,9500,9250,5000,0,5000,188601,199605,194906,190796,190597,195398,10947,0
100000,2,2,3,-1,-1,-1,-1,-1,-1,9242,181,1782,1338,768,2643,181,1794,1338,768,2643,0,90758,99819,98218,98662,99232,97357,9230,0
210000,2,4,2,-1,-1,-1,-1,-1,-1,206157,212566,190867,195323,156651,135493,10000,20000,8000,10000,4416,10000,3843,-2566,19133,14677,53349,74507,1034641,0
60000,1,2,2,-1,-1,-1,-1,-1,-1,14932,12840,390,390,780,390,5000,10390,390,780,0,390,45068,47160,59610,59610,59220,59610,12772,0
130000,2,2,2,-1,-1,-1,-1,-1,-1,929,2876,423,2149,463,2218,2876,423,2149,463,2218,10346,129071,127124,129577,127851,129537,127782,-9417,0
150000,3,4,2,-2,-1,-1,-1,-1,-1,1879,69842,2777,945,-5,1951,69842,2785,947,0,1956,900,148121,80158,147223,149055,150005,148049,959,0
220000,2,2,3,2,2,-1,-1,-1,-1,195375,185993,184568,168683,158742,161499,10,8304,7356,5300,5550,5050,24625,34007,35432,51317,61258,58501,1023290,0
140000,2,2,3,-1,-1,-1,-1,-1,-1,98221,97548,98457,102811,104605,106917,3600,5000,6000,5000,4000,10000,41779,42452,41543,37189,35395,33083,574959,0
50000,2,4,2,-1,-1,-1,-1,-1,-1,77962,48095,50383,48987,48793,48328,3000,3387,1637,1231,3356,636,-27962,1905,-383,1013,1207,1672,309301,0
90000,3,2,3,-1,-1,-1,-1,-1,-1,2833,6003,7598,5036,4750,3007,5000,3500,4500,4300,0,1500,87167,83997,82402,84964,85250,86993,10427,0
500000,1,4,2,-1,-1,-1,-1,-1,-1,20181,21197,23839,24869,27437,31957,1358,3000,1432,3000,5000,5000,479819,478803,476161,475131,472563,468043,130690,0
300000,3,2,1,-1,-1,-1,-1,-1,-1,390,390,390,390,390,390,390,390,390,390,390,390,299610,299610,299610,299610,299610,299610,0,1
260000,1,2,3,-1,-1,-1,-1,-1,-1,63273,49857,75036,96787,16576,6844,49857,75038,96793,16576,6844,8954,196727,210143,184964,163213,243424,253156,54311,0
130000,3,2,3,-1,-1,-1,-1,-1,-2,2551,0,59892,60000,0,0,0,59892,1200,0,0,0,127449,130000,70108,70000,130000,130000,61351,1
200000,1,4,1,-1,-1,-1,-1,-1,-1,6023,3621,2659,1708,1629,13037,3632,2659,1708,1629,13037,450,193977,196379,197341,198292,198371,186963,5562,0
290000,2,4,1,-1,-1,-1,-1,-1,-1,7324,8174,8389,8770,9145,10016,1130,1502,1300,500,1000,1001,282676,281826,281611,281230,280855,279984,45385,0
650000,1,4,1,1,-1,-1,-1,-1,-1,21289,518,216,2482,5178,5506,3000,1000,2500,3500,4000,3000,628711,649482,649784,647518,644822,644494,18189,0
230000,1,4,1,-1,-1,-1,-1,-1,-1,11406,10097,4600,3234,4696,7062,5097,1060,1000,4696,7062,10898,218594,219903,225400,226766,225304,222938,11282,0
230000,1,2,2,2,-1,-1,-1,-1,-1,63064,62725,61465,57637,58172,57560,2800,2158,2610,2022,2064,2038,166936,167275,168535,172363,171828,172440,346931,1
200000,2,4,2,-1,-1,-1,-1,-1,-1,203265,203147,203017,203109,203494,203920,7471,7848,8957,8000,7775,7341,-3265,-3147,-3017,-3109,-3494,-3920,1172560,0
400000,2,4,2,-1,-1,-1,-1,-1,-1,234779,240496,247813,253726,258120,10002,5784,7395,7506,6000,2000,2000,165221,159504,152187,146274,141880,389998,1214251,0
490000,2,2,2,-1,-1,-1,-1,-1,-1,195330,200768,206026,203938,198453,200496,8683,10021,8017,16270,6599,6024,294670,289232,283974,286062,291547,289504,1149397,0
360000,1,4,2,-2,-2,-2,-2,-2,-2,0,0,0,0,0,0,0,0,0,0,0,0,360000,360000,360000,360000,360000,360000,0,0
230000,1,4,2,-2,-2,-2,-2,-2,-2,5869,11556,156,2403,1546,7915,11556,156,2403,1546,7915,0,224131,218444,229844,227597,228454,222085,5869,0
290000,2,4,2,-1,-1,-1,-1,-1,-1,285484,286091,286785,285345,239389,231420,10220,11231,10269,8500,10000,10000,4516,3909,3215,4655,50611,58580,1554294,0
200000,1,4,2,1,-2,-2,-2,-2,-2,0,0,0,0,0,0,0,0,0,0,0,17000,200000,200000,200000,200000,200000,200000,-17000,0
360000,2,2,2,-1,-1,-1,-1,-1,-1,42720,22303,17959,11933,8371,11196,1430,4987,3966,5081,6605,1511,317280,337697,342041,348067,351629,348804,90902,0
10000,3,2,3,2,2,2,2,-1,-1,7587,7920,10153,8999,9999,0,1000,2374,0,1000,0,0,2413,2080,-153,1001,1,10000,40284,1
180000,2,4,2,-2,-2,-2,-2,-2,-2,11281,3405,22630,7777,3089,8429,3411,22657,7777,3089,8429,6706,168719,176595,157370,172223,176911,171571,4542,0
230000,3,2,3,-1,-1,-1,-1,-1,-1,6200,5482,15900,1678,0,764,5482,15900,1678,0,764,0,223800,224518,214100,228322,230000,229236,6200,0
340000,1,4,2,-2,-2,-2,-2,-2,-2,732,1604,-1294,12797,890,2313,1618,27,20072,903,2313,156590,339268,338396,341294,327203,339110,337687,-164481,0
170000,3,2,3,-1,-1,-1,-1,-1,-1,150692,152861,156393,147611,28697,107142,6936,8266,5792,662,108927,4154,19308,17139,13607,22389,141303,62858,608659,0
50000,3,4,3,-1,-1,-1,-1,-1,-1,48926,49759,48803,46472,19766,19761,2019,2063,2217,705,725,927,1074,241,1197,3528,30234,30239,224831,0
170000,2,2,2,-1,-1,-1,-1,-1,-1,168719,166207,158403,146324,118981,113666,7000,7000,6011,5000,6000,9000,1281,3793,11597,23676,51019,56334,832289,0
160000,2,2,3,-1,-1,2,-1,-1,2,16982,21353,20723,21873,25999,26377,4980,0,1500,4520,939,0,143018,138647,139277,138127,134001,133623,121368,0
280000,3,2,3,-1,-1,-1,-1,-1,-1,100858,107768,111858,83428,73908,81908,7768,5000,10000,0,8000,0,179142,172232,168142,196572,206092,198092,528960,0
140000,2,4,2,-1,-1,-1,-1,-1,-1,135034,133283,132765,123208,97154,97687,4729,5434,4751,3500,3500,3800,4966,6717,7235,16792,42846,42313,693417,0
520000,1,2,3,-1,-1,-1,-1,-1,-1,146124,145785,147972,157115,196804,21550,6024,18069,30000,46805,21550,1287,373876,374215,372028,362885,323196,498450,691615,0
140000,2,4,1,-1,-1,-1,-1,-1,-1,25973,53098,54760,55568,27922,46108,30000,24000,11200,10000,34762,26447,114027,86902,85240,84432,112078,93892,127020,0
130000,1,4,1,-2,-2,-2,-2,-2,-2,1016,0,0,0,402,0,0,0,0,402,0,2054,128984,130000,130000,130000,129598,130000,-1038,0
100000,1,4,1,-1,-1,-1,-1,-1,-1,58127,60155,61685,70611,70198,72075,3000,2500,10000,2505,3000,3420,41873,39845,38315,29389,29802,27925,368426,0
50000,3,2,1,2,-1,-1,-1,2,-1,11275,37651,38498,40644,39731,35657,27234,1754,2900,0,1265,832,38725,12349,11502,9356,10269,14343,169471,1
130000,2,4,1,1,-2,-2,-2,-2,-2,0,0,0,0,0,0,0,0,0,0,0,0,130000,130000,130000,130000,130000,130000,0,1
200000,1,2,2,-1,-1,-1,-1,-1,-1,25149,14963,9308,3060,6016,3480,15084,9354,3082,6046,3497,3514,174851,185037,190692,196940,193984,196520,21399,0
280000,1,4,1,-1,2,-1,-1,-1,2,5432,2146,1688,1226,6394,1626,0,1688,1226,7000,0,3146,274568,277854,278312,278774,273606,278374,5452,0
240000,1,4,1,-2,-2,-2,-2,-2,-2,28438,29923,7655,23918,265852,2225,29923,7655,23925,265852,2225,13478,211562,210077,232345,216082,-25852,237775,14953,0
90000,1,2,1,2,2,2,2,2,2,42815,41826,45136,46098,45059,79127,0,4000,2000,0,35000,3000,47185,48174,44864,43902,44941,10873,256061,0
250000,1,4,1,-1,-1,-1,-1,-1,-1,98925,103213,87836,90577,65268,63019,9000,7000,9000,8000,8000,8000,151075,146787,162164,159423,184732,186981,459838,0
210000,1,4,1,-1,-1,-1,-1,-1,-1,1383,484,971,3764,2221,266,484,980,4000,266,0,1913,208617,209516,209029,206236,207779,209734,1446,0
90000,2,2,2,-2,-2,-2,-2,-2,-2,0,0,0,0,0,0,0,0,0,0,0,0,90000,90000,90000,90000,90000,90000,0,0
180000,4,4,2,-2,-2,-2,-2,-2,-2,0,0,0,0,0,0,0,0,0,0,0,0,180000,180000,180000,180000,180000,180000,0,0
500000,4,2,2,-1,-1,-1,-1,-1,-1,139255,52757,24273,9508,23294,2235,2040,1292,9555,23310,2244,2156,360745,447243,475727,490492,476706,497765,210725,0
240000,1,2,2,-2,-2,-2,-2,-2,-2,6101,1202,3227,4039,1776,1513,1205,3236,4051,1781,1517,3630,233899,238798,236773,235961,238224,238487,2438,0
50000,2,4,2,-1,-1,-1,-1,-1,2,21704,22741,23867,25464,27348,26774,1400,1500,2000,2620,0,1164,28296,27259,26133,24536,22652,23226,139214,0
400000,1,4,2,-1,-1,-1,-1,-1,-1,46782,48075,48815,49831,50821,51884,2036,1776,1792,1782,1844,1856,353218,351925,351185,350169,349179,348116,285122,0
230000,1,4,2,1,2,-1,-1,-1,-1,4213,1922,5346,6971,10707,15392,0,5500,4000,11000,5000,5000,225787,228078,224654,223029,219293,214608,14051,1
400000,3,4,2,1,2,-1,-1,-1,-1,79403,55340,62303,63928,52882,48387,3,10000,10023,20000,5000,20000,320597,344660,337697,336072,347118,351613,297217,0
80000,2,2,2,1,-2,-2,-2,-2,-2,0,0,0,0,0,0,0,0,0,0,0,0,80000,80000,80000,80000,80000,80000,0,0
160000,2,4,2,-2,-1,-1,-1,-1,-1,7596,898,850,1729,5696,0,920,852,1759,5707,0,0,152404,159102,159150,158271,154304,160000,7531,0
430000,1,2,2,1,-1,-1,-2,-2,-1,-469,215,-101,-1217,-2333,2351,1000,0,0,0,5000,12000,430469,429785,430101,431217,432333,427649,-19554,0
90000,2,2,2,1,2,2,-1,-1,-1,8021,7780,0,9281,0,340,77,0,9281,0,340,0,81979,82220,90000,80719,90000,89660,15724,0
80000,3,2,2,-1,-1,-1,-1,-1,-1,63436,49544,50418,51810,28964,13059,2096,1970,2355,1500,1000,646,16564,30456,29582,28190,51036,66941,247664,0
210000,2,4,2,1,-2,-2,-2,-1,-1,0,0,212,3066,13206,10583,0,212,3066,13206,212,0,210000,210000,209788,206934,196794,199417,10371,0
310000,2,2,3,-2,-2,-2,-2,-2,-2,53474,11913,6629,34342,1900,5807,11919,6629,17171,3800,5807,1380,256526,298087,303371,275658,308100,304193,67359,0
500000,2,2,2,-1,-1,-1,-1,-2,-2,11712,523,1543,0,0,0,523,1543,0,0,0,0,488288,499477,498457,500000,500000,500000,11712,0
70000,3,4,2,-1,-1,-1,-1,-1,-1,34240,34913,26583,23593,15114,11222,2000,2000,1000,500,500,2000,35760,35087,43417,46407,54886,58778,137665,0
20000,2,2,2,1,2,2,2,2,2,16161,17596,17031,19715,19806,18747,2000,0,3300,700,0,1200,3839,2404,2969,285,194,1253,101856,0
210000,2,2,3,-2,-2,-2,-2,-2,-2,0,4098,0,0,0,0,4098,0,0,0,0,0,210000,205902,210000,210000,210000,210000,0,1
170000,3,2,3,-1,-1,-1,-1,-1,-1,166305,169764,168441,171664,112130,114561,7800,8100,8000,4300,4400,4500,3695,236,1559,-1664,57870,55439,865765,0
390000,1,4,2,-1,-1,-1,-1,-1,-1,4989,2056,8886,16396,12761,6707,2076,8926,16413,30,33,5900,385011,387944,381114,373604,377239,383293,18417,0
320000,2,2,3,2,-1,-1,-1,-1,-1,520651,383123,391741,400196,408503,156881,10000,11000,11000,10800,5992,4967,-200651,-63123,-71741,-80196,-88503,163119,2207336,1
50000,2,2,2,-1,-1,-1,-1,-1,-1,38418,47709,48923,39210,30515,27861,10000,2131,1910,1410,1159,1050,11582,2291,1077,10790,19485,22139,214976,0
100000,3,2,2,2,-1,-1,-1,-1,-1,100281,100433,99744,101882,101116,97283,5000,5000,7900,4000,4000,30300,-281,-433,256,-1882,-1116,2717,544539,0
220000,1,2,2,-1,-1,-1,-1,-1,-1,2342,1120,5707,2021,15441,7661,1122,5738,2041,15516,7697,2916,217658,218880,214293,217979,204559,212339,-738,0
300000,1,2,2,-1,-1,-1,-1,-1,-1,15230,16212,17239,18237,18600,17939,1222,1249,1247,610,611,616,284770,283788,282761,281763,281400,282061,97902,0
160000,2,2,3,-1,-1,-2,-2,-2,-2,6102,0,0,0,0,0,0,0,0,0,0,0,153898,160000,160000,160000,160000,160000,6102,0
200000,3,2,3,-1,-1,-1,-1,-1,-1,54721,52285,48615,41322,0,4300,2209,2109,10006,0,4300,1191,145279,147715,151385,158678,200000,195700,181428,0
240000,1,2,3,-1,-1,-1,-1,-1,-1,7994,20487,27770,22920,4779,7640,20487,27783,22920,4952,7640,14003,232006,219513,212230,217080,235221,232360,-6195,0
90000,1,4,1,2,2,-1,-1,-1,-1,28206,27459,28514,29733,30138,33248,0,1800,2000,1200,3600,0,61794,62541,61486,60267,59862,56752,168698,1
50000,2,2,3,-2,-1,-1,-1,-1,-1,4640,2720,26461,11882,280,290,2720,26461,1034,280,300,1535,45360,47280,23539,38118,49720,49710,13943,0
210000,1,2,3,-2,-2,-2,-2,-2,-2,0,477,971,0,386,0,477,972,0,386,0,0,210000,209523,209029,210000,209614,210000,-1,0
290000,2,2,2,-2,-1,-1,-1,-1,-1,11303,17493,21036,17391,16348,-209051,17654,11068,7600,3352,6104,261883,278697,272507,268964,272609,273652,499051,-433141,0
160000,2,4,2,2,2,2,2,2,2,144255,147333,143786,151842,147962,156921,6900,200,12000,0,11500,5811,15745,12667,16214,8158,12038,3079,855688,0
200000,1,2,2,-1,-1,-1,-1,-1,-1,11715,5209,10634,10982,1966,4883,5289,10641,2011,9,4890,15,188285,194791,189366,189018,198034,195117,22534,0
260000,2,2,2,-1,-1,-1,-1,-1,-1,182249,181433,180660,179052,177072,175285,6107,6501,6005,5805,5909,6106,77751,78567,79340,80948,82928,84715,1039318,0
30000,3,2,3,2,-1,-1,-1,-1,-1,27380,27384,28944,29850,29523,28925,1440,2000,1741,1164,1027,1500,2620,2616,1056,150,477,1075,163134,0
230000,2,4,2,-2,-2,-2,-2,-2,-2,140,358,285,219,415,142,358,285,219,416,142,3000,229860,229642,229715,229781,229585,229858,-2861,0
220000,3,4,2,-1,-1,-1,-1,-1,-1,209596,160515,141917,144811,147685,150780,6888,5155,5258,5284,5473,5505,10404,59485,78083,75189,72315,69220,921741,0
140000,1,4,1,-1,-1,-1,-1,-1,-1,2116,11028,9778,6417,1831,7126,11033,9803,1004,1831,7126,2121,137884,128972,130222,133583,138169,132874,5378,0
80000,2,2,2,-1,-1,-1,-1,-1,-1,43170,44151,45505,43485,44830,43229,2000,2100,2000,2000,2000,2000,36830,35849,34495,36515,35170,36771,252270,0
450000,1,2,3,1,-1,-1,-1,-1,-1,0,557,0,2481,13716,19584,557,0,2481,13716,7100,812,450000,449443,450000,447519,436284,430416,11672,0
160000,2,2,3,-1,-1,-1,-1,-1,-1,106643,89397,90348,8274,75286,76618,3700,6353,1200,70000,3000,3300,53357,70603,69652,151726,84714,83382,359013,0
100000,1,2,1,1,2,-1,-1,-1,-1,77346,75513,77147,78200,78393,72214,0,3451,3000,2841,2620,2500,22654,24487,22853,21800,21607,27786,444401,1
250000,2,2,2,-1,-1,-1,-1,-1,-1,9690,0,1222,7337,0,2752,0,1222,7409,0,2752,1549,240310,250000,248778,242663,250000,247248,8069,0
80000,2,2,2,-2,-2,-2,-2,-2,-1,0,0,0,0,0,390,0,0,0,0,390,0,80000,80000,80000,80000,80000,79610,0,0
180000,1,4,2,-2,-2,-2,-2,-2,-2,7210,370,8479,792,3826,1997,370,8875,792,3826,1997,396,172790,179630,171521,179208,176174,178003,6418,0
720000,2,4,2,1,-2,-2,-2,-2,-2,5065,2184,1744,7323,711,970,2184,1744,7323,711,970,491,714935,717816,718256,712677,719289,719030,4574,0
180000,2,2,1,-1,-1,-1,-1,-1,-1,3063,4083,4634,3652,1973,689,1084,1084,1005,46,16,0,176937,175917,175366,176348,178027,179311,14859,0
230000,1,2,2,-2,-2,-2,-2,-2,-2,2774,0,0,0,0,5347,0,0,0,0,5347,0,227226,230000,230000,230000,230000,224653,2774,0
200000,2,4,2,1,-2,-2,-2,-2,-2,0,0,0,0,0,0,0,0,0,0,0,0,200000,200000,200000,200000,200000,200000,0,0
80000,2,2,2,-1,-1,-1,-1,-1,-1,77998,77452,74773,76908,77068,78434,3700,3500,4000,3200,4000,2700,2002,2548,5227,3092,2932,1566,441533,0
100000,2,2,2,-1,-1,-1,-1,-1,-1,100037,101163,102712,99925,836,79013,3607,4001,2449,2836,79263,2442,-37,-1163,-2712,75,99164,20987,389088,0
200000,1,4,2,-1,-1,-1,-1,-1,-1,38540,38898,39669,40167,37162,36557,1928,1699,1557,1279,962,2178,161460,161102,160331,159833,162838,163443,221390,0
200000,3,2,2,-1,-1,-1,-1,-1,-1,132436,133530,137837,140609,141896,151082,4780,6459,6550,5106,11500,0,67564,66470,62163,59391,58104,48918,802995,1
50000,2,2,2,-1,-1,-1,-1,-1,-1,42326,19067,7690,8322,5522,1522,1500,1500,1000,200,2000,50000,7674,30933,42310,41678,44478,48478,28249,0
380000,1,2,2,-2,-1,-1,-1,-1,2,3744,20334,8499,53235,101439,34579,20498,8549,53471,101785,117,32347,376256,359666,371501,326765,278561,345421,5063,1
250000,2,2,3,-1,-1,-1,-1,-1,-1,214301,211762,214629,204093,150752,150863,8972,9700,8960,5630,5777,5459,35699,38238,35371,45907,99248,99137,1101902,0
220000,2,4,3,-2,-2,-2,-1,-1,-1,1526,1122,-11,12597,44375,0,1122,0,12608,44375,0,0,218474,218878,220011,207403,175625,220000,1504,0
70000,2,4,2,-1,-1,-1,-1,2,-1,62209,64072,64802,66647,50690,50806,2900,2379,4466,2,1836,1846,7791,5928,5198,3353,19310,19194,345797,0
10000,2,2,3,-1,-1,-1,-1,-1,-1,9135,0,1912,3071,4012,9882,0,1912,1200,1000,1000,1000,865,10000,8088,6929,5988,118,21900,0
60000,2,4,2,-1,-1,-1,-1,-1,-1,21770,11506,1024,16453,4131,4006,1400,1024,16469,131,322,40000,38230,48494,58976,43547,55869,55994,-456,0
200000,3,2,3,1,-2,-2,-2,-2,-2,0,0,0,0,0,0,0,0,0,0,0,0,200000,200000,200000,200000,200000,200000,0,1
200000,2,2,2,-1,-1,-1,-2,-2,-2,25874,16298,0,0,0,0,1048,0,0,0,0,0,174126,183702,200000,200000,200000,200000,41124,0
300000,1,4,3,-2,-2,-2,-2,-2,-2,0,0,0,0,0,0,0,0,0,0,0,0,300000,300000,300000,300000,300000,300000,0,0
260000,3,4,2,-1,-1,-1,-1,-1,-1,146033,108405,108396,110249,112119,114136,4160,4000,3984,4001,4128,4200,113967,151595,151604,149751,147881,145864,674865,0
130000,3,2,3,-1,-1,-1,-1,-1,-1,994,3693,1098,2912,2910,4122,3693,1098,2912,2910,4122,1887,129006,126307,128902,127088,127090,125878,-893,0
30000,2,2,1,2,2,2,-1,-1,-1,26844,26414,27189,28235,28669,29355,300,1500,1800,1200,1300,1200,3156,3586,2811,1765,1331,645,159406,0
170000,1,2,2,-1,-1,2,2,-1,-1,165637,173637,173490,165645,165605,163432,15600,7666,0,7792,6248,5910,4363,-3637,-3490,4355,4395,6568,964230,1
210000,2,2,1,-2,-2,-2,-2,-2,-2,3814,-6,6456,0,2746,11613,0,6462,0,2746,11613,11753,206186,210006,203544,210000,207254,198387,-7951,0
50000,3,4,3,-1,-1,-1,-1,-1,-1,43828,40684,37338,31278,31811,28656,1947,1829,1644,4405,1104,2504,6172,9316,12662,18722,18189,21344,200162,0
600000,1,4,2,-2,-2,-2,-2,-2,-2,53838,528,1191,11390,8680,38018,530,3000,11500,8680,38020,56700,546162,599472,598809,588610,591320,561982,-4785,0
180000,3,2,2,-1,-1,-1,-1,-1,-1,165369,125084,119946,114977,88757,84936,4402,4971,4750,2997,3133,3180,14631,54916,60054,65023,91243,95064,675636,0
100000,1,4,1,2,2,2,2,2,2,57214,58666,58643,58589,62586,64519,3000,1500,1500,5600,3100,2000,42786,41334,41357,41411,37414,35481,343517,1
210000,1,2,3,-2,-2,-2,-2,-2,-2,4065,0,4160,2540,1055,0,0,4160,2540,1055,0,408,205935,210000,205840,207460,208945,210000,3657,0
150000,2,2,2,-1,-1,-1,-1,-1,-1,2897,2486,-4,1494,-6,8047,2489,0,1498,0,8053,0,147103,147514,150004,148506,150006,141953,2874,0
360000,3,4,2,-1,-1,-1,-1,-1,-1,11816,19726,26374,9781,8719,18076,10000,13021,9781,0,10000,8752,348184,340274,333626,350219,351281,341924,42938,0
330000,1,2,2,-1,-1,-1,-1,-1,-1,155927,141523,134480,126316,125396,128081,5388,5079,4876,4400,4600,5000,174073,188477,195520,203684,204604,201919,782380,0
300000,2,4,3,1,-2,-2,-1,-1,-1,499,0,0,507,0,629,0,0,507,0,629,0,299501,300000,300000,299493,300000,299371,499,0
250000,1,4,3,-1,-1,-1,-1,-1,-1,30471,39968,98808,78366,10668,390,39968,89000,10668,0,0,540,219529,210032,151192,171634,239332,249610,118495,0
230000,2,2,3,-1,-1,-1,-1,-1,-1,344458,320215,298031,272103,205797,179247,11000,12500,11000,7000,36700,6650,-114458,-90215,-68031,-42103,24203,50753,1535001,0
20000,3,4,3,1,2,-1,-1,-1,-1,3133,1473,390,390,390,0,0,390,390,390,0,780,16867,18527,19610,19610,19610,20000,3826,0
210000,1,2,2,-2,-2,-2,-2,-2,-2,2020,4055,0,0,0,0,4055,0,0,0,0,150,207980,205945,210000,210000,210000,210000,1870,0
80000,2,4,2,2,2,2,-1,-1,-1,82177,89893,80774,80082,78545,76742,10096,0,3800,3125,2783,3000,-2177,-9893,-774,-82,1455,3258,465409,1
250000,1,4,2,-1,-1,-1,2,2,2,12368,1742,40292,39600,21304,1185,1742,39600,7,1185,0,54416,237632,248258,209708,210400,228696,248815,19541,0
50000,2,2,2,3,3,2,2,2,2,47904,48240,48602,46289,44837,44535,2000,2001,499,2000,2000,1500,2096,1760,1398,3711,5163,5465,270407,1
200000,4,2,3,-1,-1,-1,-1,-1,-1,149351,108152,87537,67974,35003,35736,3925,3683,2947,1253,1297,1305,50649,91848,112463,132026,164997,164264,469343,0
290000,3,4,2,-1,-1,-1,-1,-1,-1,159165,167485,167930,171146,174889,179149,11000,5600,5500,5500,6000,5500,130835,122515,122070,118854,115111,110851,980664,0
310000,3,2,3,-1,-1,-1,-1,-1,-1,6974,7294,7114,5642,5881,5611,1137,1247,1065,1000,500,500,303026,302706,302886,304358,304119,304389,33067,0
270000,1,4,1,1,2,-1,-1,-1,-1,118198,86065,77359,63243,51636,31407,0,10004,10000,10000,10000,5000,151802,183935,192641,206757,218364,238593,382904,0
200000,1,4,2,-2,-2,-2,-2,-2,-2,285,0,0,0,292,77,0,0,0,292,77,0,199715,200000,200000,200000,199708,199923,285,0
290000,2,2,2,-1,-1,-1,-1,-1,-1,169108,170419,142264,101952,103174,105464,7118,5800,3792,4010,4276,3655,120892,119581,147736,188048,186826,184536,763730,0
220000,2,4,1,-1,-1,-1,-1,-1,-1,131598,132727,135509,139774,141099,155763,4800,4920,6520,5120,17001,0,88402,87273,84491,80226,78901,64237,798109,0
500000,1,2,2,-1,-1,-1,-1,-1,-1,3290,10881,2517,2957,889,40855,11000,2517,2957,1000,41000,170,496710,489119,497483,497043,499111,459145,2745,1
370000,3,4,2,-1,-1,-1,2,-1,-1,2804,1674,39811,35194,3728,2241,1674,42921,0,3728,2300,43183,367196,368326,330189,334806,366272,367759,-8354,0
100000,2,2,3,1,-2,-2,-2,-1,2,-1651,-5469,-7292,-10938,5887,3882,0,0,0,16825,0,1823,101651,105469,107292,110938,94113,96118,-34229,0
210000,1,2,3,-1,-1,-1,-1,-1,-1,112817,113349,113725,113779,114594,103205,5000,6000,5000,4000,4000,3500,97183,96651,96275,96221,95406,106795,643969,0
310000,3,4,2,-2,-2,-2,-1,-1,-1,-41,8198,342,41726,15051,8663,8239,344,41884,5025,40,3,310041,301802,309658,268274,294949,301337,18404,0
200000,2,2,1,-1,-1,-1,-1,-1,-1,157222,160320,162140,165431,168726,172430,7200,5888,5990,6031,6415,6301,42778,39680,37860,34569,31274,27570,948444,0
110000,1,4,1,-1,-1,2,2,-2,-2,101138,69449,34983,-18,-18,-18,3400,0,0,0,0,0,8862,40551,75017,110018,110018,110018,202116,1
130000,2,2,2,-1,-1,-1,-1,-1,-1,38967,40320,41324,25629,26961,28360,2000,1700,2000,2000,1500,2000,91033,89680,88676,104371,103039,101640,190361,0
130000,1,4,2,-1,-1,-1,-1,-1,-1,66803,27910,24976,27648,29962,27422,3000,3000,3000,3000,5000,3000,63197,102090,105024,102352,100038,102578,184721,0
80000,2,2,2,3,2,-1,-1,-1,-1,78317,71421,59564,56592,52766,48208,9,2203,3006,3005,2005,2000,1683,8579,20436,23408,27234,31792,354640,1
30000,1,2,3,-1,-1,-1,2,2,2,24895,26476,28047,29767,30498,29890,2000,2000,2500,1500,0,1200,5105,3524,1953,233,-498,110,160373,1
50000,1,2,2,1,-1,-1,-1,-1,-2,0,13030,0,4402,0,0,13030,0,4402,0,0,0,50000,36970,50000,45598,50000,50000,0,0
160000,2,2,2,2,2,-1,-1,-1,-1,164082,157663,159094,132809,100693,97181,17,7342,3675,2910,3904,2900,-4082,2337,906,27191,59307,62819,790774,1
80000,2,2,3,-1,-1,-1,-1,-1,-1,67142,68052,68690,70042,70626,71700,2420,2511,2512,2510,2590,2711,12858,11948,11310,9958,9374,8300,400998,0
100000,2,4,2,-1,-1,-1,-1,-2,-2,390,0,780,0,0,0,0,780,0,0,0,0,99610,100000,99220,100000,100000,100000,390,0
10000,2,4,3,2,-1,-1,2,2,3,1526,2496,4245,4525,5450,5073,1000,1800,500,1000,0,0,8474,7504,5755,5475,4550,4927,19015,1
90000,2,2,2,-1,-1,-1,-1,-1,-1,414,414,414,6936,7272,7595,414,414,6936,1000,1000,1000,89586,89586,89586,83064,82728,82405,12281,0
360000,2,2,2,-1,-1,-1,-1,-1,-1,41922,42916,43956,44972,45866,49327,1692,1732,1748,1642,4200,1709,318078,317084,316044,315028,314134,310673,256236,0
670000,1,2,3,-1,-1,-1,-1,-1,-1,55893,59131,61900,58225,61329,49369,10075,10063,10060,10028,10042,10055,614107,610869,608100,611775,608671,620631,285524,0
150000,3,4,1,-2,-2,-2,-2,-2,-2,0,0,0,0,0,0,0,0,0,0,0,0,150000,150000,150000,150000,150000,150000,0,0
150000,1,4,1,-1,-1,-1,-1,-1,-1,12799,13726,14648,12115,12613,15225,1600,1500,1600,1000,3000,2200,137201,136274,135352,137885,137387,134775,70226,0
230000,1,2,2,-1,-1,-2,-2,-2,-2,22909,0,0,0,0,0,0,0,0,0,0,0,207091,230000,230000,230000,230000,230000,22909,0
230000,2,2,2,-1,-1,-1,-1,-1,-1,6294,1935,-74,926,426,926,1945,0,1500,0,1000,0,223706,228065,230074,229074,229574,229074,5988,0
120000,2,4,2,-1,-1,-1,-1,-1,-1,135770,136901,115299,117498,89417,91370,5000,5000,4620,3200,3300,5000,-15770,-16901,4701,2502,30583,28630,660135,0
170000,1,2,2,-1,-1,-1,-1,-1,-1,1554,360,1562,844,484,0,360,1562,844,0,0,720,168446,169640,168438,169156,169516,170000,1318,0
200000,2,2,2,1,-1,-1,2,-1,-1,59466,2970,1085,769,453,137,7970,1100,0,0,0,0,140534,197030,198915,199231,199547,199863,55810,0
450000,2,2,2,-2,-2,-2,-2,-2,-2,390,390,390,390,390,390,390,780,390,390,390,390,449610,449610,449610,449610,449610,449610,-390,1
200000,1,4,2,-1,-1,-1,-1,-1,-1,4640,17950,13056,2500,500,500,18116,13113,2522,0,500,500,195360,182050,186944,197500,199500,199500,4395,0
310000,2,2,2,-1,-1,-1,-1,-1,-1,73095,72437,71851,71120,70463,69876,2573,2594,2483,2458,2516,2461,236905,237563,238149,238880,239537,240124,413757,0
50000,1,4,2,-2,-2,-2,-2,-2,-2,0,2070,0,0,0,0,2070,0,0,0,0,0,50000,47930,50000,50000,50000,50000,0,0
140000,2,2,2,-1,-1,-1,2,-1,2,430,303,8934,580,9071,6317,303,9061,0,9071,0,656,139570,139697,131066,139420,130929,133683,6544,1
250000,1,4,2,-1,-1,-1,-1,-1,-1,1291,1391,3498,8963,0,14660,1391,3498,8963,0,14660,62832,248709,248609,246502,241037,250000,235340,-61541,0
310000,1,4,2,-1,-1,-1,-1,-1,-1,175357,168933,163384,164700,142767,125972,6006,7006,10000,9000,5000,4500,134643,141067,146616,145300,167233,184028,899601,0
80000,1,4,2,-1,-1,-1,-1,-1,-1,68613,69744,70313,71636,52471,53316,2600,3000,3000,2000,2000,2454,11387,10256,9687,8364,27529,26684,371039,0
200000,2,2,1,-2,-2,-2,-2,-2,-2,8350,14139,3580,6386,868,10415,14185,7425,6386,868,10647,4320,191650,185861,196420,193614,199132,189585,-93,1
90000,3,2,3,-1,-1,-1,-1,-1,-1,84195,86795,88884,82163,22601,22029,4001,4400,3566,7694,1000,1000,5805,3205,1116,7837,67399,67971,365006,0
160000,3,2,3,-2,-2,-2,-2,-2,-2,2869,2357,5608,1851,2801,3268,2361,5608,1851,2801,3268,2096,157131,157643,154392,158149,157199,156732,769,0
180000,1,4,1,1,-1,-1,-1,-1,-2,0,1530,0,1610,0,0,1530,0,1610,0,0,0,180000,178470,180000,178390,180000,180000,0,0
310000,2,2,2,-1,-1,-1,-1,-1,-1,86513,82406,81964,74927,71636,66409,4000,3505,3500,2000,2200,3000,223487,227594,228036,235073,238364,243591,445650,0
280000,4,4,1,-1,-1,-1,-1,-2,-2,4567,5724,7184,0,0,0,2500,3000,0,0,0,0,275433,274276,272816,280000,280000,280000,11975,0
90000,2,4,3,-1,-1,2,-1,-1,-1,17503,20898,20263,20145,24845,23745,4000,0,3000,8000,5000,5000,72497,69102,69737,69855,65155,66255,102399,0
210000,2,4,2,-1,-1,-1,-1,-1,-1,193976,196361,200590,204494,208990,214031,7100,7400,7300,7700,8600,5816,16024,13639,9410,5506,1010,-4031,1174526,0
200000,1,4,1,-1,-1,-2,-2,-1,-1,134,0,0,0,101,0,0,0,0,101,0,0,199866,200000,200000,200000,199899,200000,134,0
70000,2,2,3,-1,-1,-1,-1,-1,-1,20744,22093,23432,24217,19108,19649,2000,2000,1500,1000,1000,1000,49256,47907,46568,45783,50892,50351,120743,0
320000,2,4,2,-2,-2,-2,-2,-2,-2,3615,3707,5406,3144,1644,1925,3707,5406,3157,1644,1925,0,316385,316293,314594,316856,318356,318075,3602,0
210000,1,4,2,-2,-2,-2,-2,-2,-2,1723,0,0,0,0,0,0,0,0,0,0,0,208277,210000,210000,210000,210000,210000,1723,0
130000,1,4,1,-1,-1,-1,-1,-1,-1,36487,37029,35595,36200,34081,31542,3000,3000,3000,2000,3000,3000,93513,92971,94405,93800,95919,98458,193934,0
80000,2,2,1,-1,-1,-1,-1,-1,-2,390,390,0,780,0,0,390,390,780,0,0,0,79610,79610,80000,79220,80000,80000,0,0
370000,2,2,3,-2,-2,-2,-2,-2,-1,1859,2232,4556,4333,2504,3431,2243,4578,4354,2516,3438,37467,368141,367768,365444,365667,367496,366569,-35681,0
180000,3,2,2,-1,-1,-1,-1,-1,-1,8911,5838,-2,120442,90430,92325,1034,2,120444,3236,3352,3897,171089,174162,180002,59558,89570,87675,185979,0
310000,1,2,3,-1,-1,-1,-1,-1,-1,66140,66637,68131,68585,68657,55457,6000,10000,3018,4000,3000,3000,243860,243363,241869,241415,241343,254543,364589,0
280000,2,4,1,1,-2,-2,-1,-1,-1,0,0,0,479,2463,1457,0,0,479,2477,1467,574,280000,280000,280000,279521,277537,278543,-598,0
150000,2,2,1,-1,-1,-1,-1,-1,-1,1108,143813,149350,149984,130610,121793,147314,7752,6046,2753,5583,6700,148892,6187,650,16,19390,28207,520510,0
180000,1,2,1,1,2,-1,-1,-1,-1,36537,35655,37767,39065,41967,43189,0,3000,2000,3500,3500,5900,143463,144345,142233,140935,138033,136811,216280,0
140000,1,4,2,-1,-1,-1,-1,-1,-1,7695,1680,1771,5500,3615,700,1680,1771,5500,3615,700,1404,132305,138320,138229,134500,136385,139300,6291,0
430000,1,4,2,-1,-1,-1,2,-1,-1,180,1654,15718,7370,4423,2544,1662,15783,52,4445,2556,3321,429820,428346,414282,422630,425577,427456,4070,0
360000,1,4,2,-2,-2,-2,-2,-2,-2,268,257074,66458,0,0,0,260416,72200,0,0,0,0,359732,102926,293542,360000,360000,360000,-8816,0
240000,1,2,3,-1,2,-1,-1,-1,-1,2108,1386,17601,1410,705,705,0,17601,2115,0,705,4000,237892,238614,222399,238590,239295,239295,-506,0
140000,2,4,2,3,2,2,2,-1,-1,3043,4168,1420,0,49,49,1423,2,0,49,0,0,136957,135832,138580,140000,139951,139951,7255,1
200000,1,2,2,-1,2,-1,-1,-1,-1,860,430,3130,7585,11056,97451,0,3130,5000,4000,90000,15000,199140,199570,196870,192415,188944,102549,3382,0
80000,2,2,2,-1,-1,-1,-1,-1,-1,81218,74073,68763,69192,70574,70470,2527,3691,2337,2512,2743,2463,-1218,5927,11237,10808,9426,9530,418017,1
100000,2,4,2,-1,-1,-1,-1,-1,-1,96707,89842,82669,70018,57847,43618,4070,4025,2511,1523,1292,1236,3293,10158,17331,29982,42153,56382,426044,0
210000,1,2,3,-1,-1,-1,-1,-1,-1,316,316,316,316,316,876,316,316,316,316,876,1026,209684,209684,209684,209684,209684,209124,-710,0
250000,2,2,2,1,-2,-1,-1,-1,-1,0,0,9737,790,20750,0,0,9737,790,20750,0,0,250000,250000,240263,249210,229250,250000,0,0
50000,3,2,2,-1,-1,-1,-1,-1,-1,50312,50145,49386,19818,18540,19109,6000,3120,4300,1000,1000,1000,-312,-145,614,30182,31460,30891,190890,0
400000,1,2,1,-1,-1,-1,-1,-1,-1,8716,211,4168,4049,4566,2578,211,4188,4061,4586,12,3837,391284,399789,395832,395951,395434,397422,7393,0
150000,2,4,2,-1,-1,-1,-1,-1,-1,6039,5837,8770,8740,2323,5307,3000,3014,3086,2000,3003,3000,143961,144163,141230,141260,147677,144693,19913,0
280000,2,4,2,-1,-1,-1,-1,-1,-1,123997,126272,126953,106551,99592,100607,5600,5400,5006,3250,3400,3500,156003,153728,153047,173449,180408,179393,657816,0
100000,2,2,1,-2,-2,-2,-2,-2,-2,0,0,0,0,0,0,0,0,0,0,0,0,100000,100000,100000,100000,100000,100000,0,0
610000,1,4,2,-1,-1,-1,-1,-1,-1,608594,624475,632041,516575,454845,456596,26868,22375,17221,15300,16000,18000,1406,-14475,-22041,93425,155155,153404,3177362,0
120000,2,4,2,-1,-1,-1,-1,-1,-1,121280,123176,121907,123949,112430,114322,6026,6000,6300,4000,4300,4322,-1280,-3176,-1907,-3949,7570,5678,686116,0
180000,2,4,3,-1,-1,-1,-1,-1,-1,23611,24651,25631,23609,24529,25095,1436,1416,2150,1500,1000,1000,156389,155349,154369,156391,155471,154905,138624,0
270000,3,2,3,-1,-1,-1,2,2,-2,123,123,123,123,0,0,123,123,0,0,0,0,269877,269877,269877,269877,270000,270000,246,1
110000,3,2,2,-1,-1,-1,-1,-1,-1,114097,109609,87374,49525,49225,48968,5620,9860,1741,1702,1736,1894,-4097,391,22626,60475,60775,61032,436245,0
90000,3,2,3,-1,-1,-1,-1,-1,-1,90483,90944,90720,82735,50185,50563,4000,3700,3534,2000,1820,2200,-483,-944,-720,7265,39815,39437,438376,0
120000,1,4,3,-1,-1,-1,-1,-2,-1,96183,99575,102650,0,0,30900,5000,5000,0,0,30900,30900,23817,20425,17350,120000,120000,89100,257508,0
50000,3,2,2,2,2,4,3,2,-1,48115,53019,51924,50794,49376,50185,6000,0,1,1,1915,2000,1885,-3019,-1924,-794,624,-185,293496,1
160000,3,4,2,-1,-1,-1,-1,-1,-1,1375,3503,2688,2142,7139,1872,3645,2688,2142,7139,1872,10573,158625,156497,157312,157858,152861,158128,-9340,1
500000,2,2,3,-1,-1,-1,-1,-1,-1,79640,75362,73547,47274,46454,41906,3017,3020,2010,2035,3014,3045,420360,424638,426453,452726,453546,458094,348042,0
440000,2,4,1,-1,-1,-1,-1,-1,-1,412962,409812,393255,370202,258387,255740,15000,20000,15305,10070,15037,10052,27038,30188,46745,69798,181613,184260,2014894,0
330000,2,2,2,-1,-1,-1,-1,-1,-1,1732,1349,1366,1383,1383,1383,1000,1400,1400,1383,1383,851,328268,328651,328634,328617,328617,328617,1179,0
200000,2,4,2,-1,-1,-1,-1,-1,-1,64932,66223,68261,69133,70689,72201,2365,3100,2600,2700,2800,2700,135068,133777,131739,130867,129311,127799,395174,0
250000,2,4,2,-1,-1,-1,-1,-1,-1,147934,149485,152678,157337,159719,163649,5500,5600,7200,6500,6500,6000,102066,100515,97322,92663,90281,86351,893502,0
140000,2,2,2,-1,-1,-1,-1,-1,-1,58081,51013,54343,27537,9751,12569,5000,5000,5000,3000,3000,5000,81919,88987,85657,112463,130249,127431,187294,0
260000,1,2,2,-1,-1,-1,-1,-1,-1,203755,210668,182863,166437,184000,146518,15000,10000,15000,20000,5000,20000,56245,49332,77137,93563,76000,113482,1009241,0
60000,1,2,3,1,2,-1,-1,2,-1,58360,56834,58322,59781,8177,7757,0,3000,3100,0,1000,500,1640,3166,1678,219,51823,52243,241631,1
500000,1,2,2,-1,-1,-1,-1,-1,-1,501369,505753,395522,312315,265742,248866,17204,13173,10143,7519,8866,7154,-1369,-5753,104478,187685,234258,251134,2165508,0
130000,2,4,2,-1,-1,-1,-1,-1,-1,114838,111226,104301,84132,79043,78205,4224,4415,3600,5800,2000,2005,15162,18774,25699,45868,50957,51795,549701,0
80000,2,2,2,1,2,2,2,-1,-1,69942,68219,75688,73563,43255,35852,0,8600,0,1600,1300,1300,10058,11781,4312,6437,36745,44148,353719,1
150000,2,4,3,-1,-1,-1,-1,-1,-1,37050,39471,41515,43879,44446,45394,3000,2636,3000,1528,1600,2000,112950,110529,108485,106121,105554,104606,237991,0
120000,1,2,2,-1,-1,-1,-1,-1,-1,1680,17749,4748,7002,202,345,17749,4748,7020,559,500,1660,118320,102251,115252,112998,119798,119655,-510,0
90000,1,4,2,1,-2,-2,-2,-2,-2,0,0,0,0,0,0,0,0,0,0,0,0,90000,90000,90000,90000,90000,90000,0,0
210000,1,6,2,-1,-1,-1,-1,-1,-1,1332,3825,33515,78075,109374,108869,3848,33515,48075,39374,1000,1357,208668,206175,176485,131925,100626,101131,207821,0
280000,1,2,3,-2,-2,-2,-2,-2,-2,26573,17597,22284,20232,17567,20027,18388,22302,20274,17567,20027,17025,253427,262403,257716,259768,262433,259973,8697,0
240000,1,4,1,-2,-2,-2,-2,-2,-2,1981,-2076,-2076,-2076,-2076,-253,0,0,0,0,1823,0,238019,242076,242076,242076,242076,240253,-8399,0
230000,2,4,1,-2,-1,-1,-1,-1,-1,0,4375,1225,401,2460,804,4375,1225,401,2460,804,708,230000,225625,228775,229599,227540,229196,-708,0
30000,2,2,1,-1,-1,-1,-1,-1,-1,28620,28276,28841,28547,11581,17943,1453,1700,1000,232,17943,0,1380,1724,1159,1453,18419,12057,121480,0
60000,2,2,1,-1,-1,-1,-1,-1,-1,63578,61347,57138,51026,24213,5295,2188,2285,1429,169,426,29350,-3578,-1347,2862,8974,35787,54705,226750,0
360000,1,2,2,-1,-1,-1,-1,-1,-1,13395,28327,6257,2967,1550,0,20460,6257,2967,1550,0,1550,346605,331673,353743,357033,358450,360000,19712,0
90000,1,4,2,-1,-1,-1,-1,-1,-1,55937,57107,59753,61755,63629,54423,2100,4000,3000,3000,2323,2000,34063,32893,30247,28245,26371,35577,336181,0
180000,1,2,2,-1,-1,-1,-1,-1,-1,4520,1449,1730,2215,1525,1050,1453,1731,2215,1525,1050,1440,175480,178551,178270,177785,178475,178950,3075,0
10000,3,2,2,1,-2,-2,-2,-2,-2,0,0,0,0,0,0,0,0,0,0,0,0,10000,10000,10000,10000,10000,10000,0,0
210000,1,2,2,-1,-1,-1,-1,-2,-2,2501,639,699,0,0,0,639,699,0,0,0,0,207499,209361,209301,210000,210000,210000,2501,1
30000,1,2,2,-2,-2,-2,-2,-2,-2,3275,5000,5235,5000,2100,1970,5000,5235,5000,2100,1970,2000,26725,25000,24765,25000,27900,28030,1275,0
200000,1,4,2,-1,-1,-1,-1,-1,-1,8177,1989,382,10383,7030,0,2453,382,10383,0,3036,0,191823,198011,199618,189617,192970,200000,11707,0
90000,2,2,2,-1,-1,-1,-1,-1,-1,88729,88533,91001,90661,51620,52668,3500,3908,4328,2100,2500,1308,1271,1467,-1001,-661,38380,37332,445568,0
50000,3,2,3,-1,-1,-1,-1,-1,-1,45858,46315,47435,48290,49257,49345,2000,1865,1720,1687,1732,2007,4142,3685,2565,1710,743,655,275489,0
30000,2,2,3,1,2,-1,-1,-1,-1,26840,25311,25906,25494,24986,24915,0,1804,1200,500,737,0,3160,4689,4094,4506,5014,5085,149211,0
220000,1,4,2,-1,-1,-1,-1,-1,-1,5564,7443,5572,5572,5572,5774,7479,5600,5600,5600,5802,3279,214436,212557,214428,214428,214428,214226,2137,0
500000,2,2,3,-1,-1,-1,-1,-1,-1,16400,886,21803,90182,79310,68380,886,21831,90182,2500,2380,2772,483600,499114,478197,409818,420690,431620,156410,0
60000,3,2,3,-1,-1,-1,-1,-1,-1,33867,35303,36032,37431,37863,38954,2000,1601,2000,1354,1700,1010,26133,24697,23968,22569,22137,21046,209785,0
110000,2,2,3,-1,-1,-1,-1,-1,-1,104740,102165,98160,57257,54863,53510,5000,5045,7021,7000,5000,3000,5260,7835,11840,52743,55137,56490,438629,0
360000,3,2,3,-2,-2,-1,-1,-2,-2,4392,0,2050,754,0,0,0,2050,754,0,0,1738,355608,360000,357950,359246,360000,360000,2654,1
30000,3,4,3,-1,-1,-1,2,-1,-1,26300,26295,26167,25413,25122,20448,1700,3102,1000,1015,700,1000,3700,3705,3833,4587,4878,9552,141228,0
300000,2,2,2,-2,-2,-2,-2,-2,-2,0,0,0,0,0,0,0,0,0,0,0,0,300000,300000,300000,300000,300000,300000,0,0
490000,1,2,2,-2,-2,-2,-2,-2,-2,1886,9444,3180,7715,6507,3424,9480,3182,7779,6517,3434,5132,488114,480556,486820,482285,483493,486576,-3368,0
210000,1,2,2,-1,-1,-1,-1,-1,-1,1630,25903,21313,0,1515,556,25903,1000,0,1515,556,19964,208370,184097,188687,210000,208485,209444,1979,0
280000,1,2,2,-1,-1,-1,-1,-1,-1,733,168,786,1028,889,698,168,786,1028,698,0,0,279267,279832,279214,278972,279111,279302,1622,0
60000,2,2,2,-1,2,2,2,2,2,1577,2498,3309,3606,3400,3844,1100,1000,500,0,500,0,58423,57502,56691,56394,56600,56156,15134,0
490000,2,2,2,-2,-2,-2,-2,-2,-2,0,0,0,0,163,1256,0,0,0,163,1256,1000,490000,490000,490000,490000,489837,488744,-1000,0
50000,3,2,3,-1,-1,-1,-1,-1,-1,4151,5162,6184,7194,7336,7490,1088,1110,1120,262,272,273,45849,44838,43816,42806,42664,42510,33392,1
200000,2,2,2,1,-2,-2,-2,-2,-2,0,0,0,0,0,0,0,0,0,0,0,2865,200000,200000,200000,200000,200000,200000,-2865,0
70000,1,4,3,3,2,2,2,-1,-1,56994,57964,59452,57771,44043,45175,2500,3000,17,2000,2000,2000,13006,12036,10548,12229,25957,24825,309882,0
260000,2,4,1,-1,-1,-1,-1,-1,-1,16496,15610,7486,5692,5206,6159,8027,3000,3000,3000,1000,2000,243504,244390,252514,254308,254794,253841,36622,0
460000,2,2,3,-1,-1,-1,-1,-1,-1,133102,126956,126758,121857,122830,90219,5015,5032,4407,4040,3001,3109,326898,333044,333242,338143,337170,369781,697118,0
200000,3,2,3,-1,-1,-1,-1,-1,2,3000,187,1306,3142,3332,1686,187,1306,3332,1686,0,1496,197000,199813,198694,196858,196668,198314,4646,0
320000,2,2,3,-1,-1,-2,-2,-2,-2,8144,0,0,0,0,0,0,0,0,0,0,0,311856,320000,320000,320000,320000,320000,8144,1
230000,3,6,3,-1,-1,-1,-1,-1,-1,41134,50379,54556,58624,59848,68828,10000,5000,5000,2197,10000,5000,188866,179621,175444,171376,170152,161172,296172,0
350000,1,2,2,-1,-1,-1,-1,-1,-1,43548,39873,52449,53581,45320,43421,15000,15000,6000,1013,1445,5000,306452,310127,297551,296419,304680,306579,234734,0
230000,1,2,2,-1,-1,-1,-1,-1,-1,15704,11952,13442,16164,9908,9592,2000,2000,3418,0,0,0,214296,218048,216558,213836,220092,220408,69344,0
20000,3,4,3,1,2,-1,-1,-1,-1,16289,15735,18164,19143,20143,20446,0,3000,1600,1600,1800,1000,3711,4265,1836,857,-143,-446,100920,1
230000,2,2,3,-1,-1,-1,-1,-1,-1,41435,42106,43532,44504,44267,45564,1674,3000,2011,1574,2000,2000,188565,187894,186468,185496,185733,184436,249149,0
80000,2,2,2,-1,-1,-1,-1,-1,-1,15234,15372,2783,2501,0,194,3000,2783,2501,0,194,756,64766,64628,77217,77499,80000,79806,26850,0
110000,2,2,3,-1,-1,-1,-1,-1,-1,93466,87748,109517,107403,81794,78463,4438,76000,5000,4000,3000,5000,16534,22252,483,2597,28206,31537,460953,0
360000,1,2,2,-2,-2,-1,-1,-1,-1,323,1986,196,2855,0,463,1986,196,2855,0,463,430,359677,358014,359804,357145,360000,359537,-107,0
80000,2,4,2,1,-2,-1,-1,-1,-1,-3,-3,1266,1347,2495,1248,0,1269,1351,2498,3,0,80003,80003,78734,78653,77505,78752,1229,0
350000,2,2,2,-1,-1,2,-1,-1,-1,439,884,421,267,575,932,884,0,267,575,932,0,349561,349116,349579,349733,349425,349068,860,1
70000,2,2,3,-1,-1,-1,-1,-1,-2,136809,118811,52953,53696,11790,12045,3158,10000,2446,11790,430,423,-66809,-48811,17047,16304,58210,57955,357857,0
360000,3,4,1,-1,-1,-1,-1,-1,-1,4887,4982,4851,3255,8255,8411,5005,4851,4784,5000,3000,2000,355113,355018,355149,356745,351745,351589,10001,0
240000,1,2,2,2,2,2,2,2,2,209368,204501,223137,226470,229706,234889,0,22000,8500,8500,9000,0,30632,35499,16863,13530,10294,5111,1280071,1
80000,2,4,2,-1,-1,-1,-1,-1,-1,64553,52484,41048,31786,29105,28294,1784,1874,2000,1011,1100,1154,15447,27516,38952,48214,50895,51706,238347,0
140000,2,4,1,-1,-1,-1,2,-1,-1,62023,61729,67891,65861,64848,64936,3000,8600,6,2500,2500,2500,77977,78271,72109,74139,75152,75064,368182,0
50000,1,4,2,2,2,-1,-1,-1,-1,60679,54947,54425,48313,19399,19804,0,4500,1200,71941,619,563,-10679,-4947,-4425,1687,30601,30196,178744,1
130000,3,4,2,-1,-1,-1,-1,-1,-1,3929,4857,5771,8659,10503,11329,1000,1000,3000,2000,1000,1000,126071,125143,124229,121341,119497,118671,36048,0
160000,2,4,3,-1,-1,-1,-1,-1,-1,118809,125323,170449,96739,126139,154884,10000,50000,20000,30000,30000,5000,41191,34677,-10449,63261,33861,5116,647343,0
160000,2,2,3,2,2,-2,-2,-2,-2,346,0,0,0,0,0,0,0,0,0,0,0,159654,160000,160000,160000,160000,160000,346,0
90000,1,4,1,-1,-1,-1,-1,-1,-1,8927,9124,10220,12044,27847,8251,8000,10000,10016,25000,8000,26000,81073,80876,79780,77956,62153,81749,-10603,0
50000,2,2,3,-1,-1,-1,-1,-1,-1,41077,42072,43414,44126,45004,46100,1681,2023,1735,1613,1823,2053,8923,7928,6586,5874,4996,3900,250865,0
210000,1,4,1,-1,-1,-1,-1,-1,2,871,27371,871,871,2042,1021,27371,871,871,2042,0,1666,209129,182629,209129,209129,207958,208979,226,0
20000,1,4,1,2,-1,-1,-1,-1,-1,15037,16078,17210,18098,18843,19586,1600,1700,1500,1000,1000,500,4963,3922,2790,1902,1157,414,97552,1
200000,1,4,1,-1,-1,-1,-1,-1,-1,3540,2914,3601,1717,30616,22849,3028,3919,1726,30802,22963,1335,196460,197086,196399,198283,169384,177151,1464,0
230000,1,2,2,-1,-1,-2,-1,-1,-1,623,0,0,1100,0,1383,0,0,1100,0,1383,905,229377,230000,230000,228900,230000,228617,-282,0
150000,3,2,3,-2,-2,-2,-2,-2,-2,0,0,0,0,0,0,0,0,0,0,0,0,150000,150000,150000,150000,150000,150000,0,0
210000,2,4,1,-2,-2,-2,-2,-2,-2,0,0,0,1577,0,0,0,0,1577,0,0,0,210000,210000,210000,208423,210000,210000,0,0
290000,1,2,2,-2,-2,-2,-2,-2,-2,0,0,0,0,0,0,0,0,0,0,0,0,290000,290000,290000,290000,290000,290000,0,1
260000,3,2,2,2,2,-1,-1,2,2,118706,115308,123069,129060,131682,135656,0,9670,9561,6250,6250,6250,141294,144692,136931,130940,128318,124344,715500,1
20000,2,2,1,-1,-1,2,2,2,2,9665,12186,11700,13474,13006,13743,2700,0,2000,0,1055,0,10335,7814,8300,6526,6994,6257,68019,1
180000,3,2,3,-1,-1,-1,-2,-2,-2,3735,3404,7141,1304,1534,2395,3404,7141,1304,1534,2395,6090,176265,176596,172859,178696,178466,177605,-2355,1
100000,4,2,1,-1,-1,-1,-1,-1,-1,99302,83403,58083,88344,49443,23159,5712,3503,59000,1600,1000,1000,698,16597,41917,11656,50557,76841,329919,0
280000,2,2,2,-1,-1,-1,-1,-1,-1,236583,230990,173668,177475,171566,175500,10000,6000,6000,6000,6000,5000,43417,49010,106332,102525,108434,104500,1126782,0
100000,2,2,3,-2,-2,-2,-2,-2,-2,0,0,0,0,0,0,0,0,0,0,0,0,100000,100000,100000,100000,100000,100000,0,1
100000,2,2,2,-2,-2,-2,-2,-2,-2,3835,1891,1799,1728,6000,0,1891,1799,1728,6000,0,330,96165,98109,98201,98272,94000,100000,3505,0
30000,1,4,2,-1,-1,-1,-1,-1,-1,4480,8381,12085,16788,18388,23228,4000,5000,5000,2000,5000,500,25520,21619,17915,13212,11612,6772,61850,0
160000,2,2,3,-1,-1,-2,-2,-2,-2,1224,0,0,0,0,0,0,0,0,0,0,0,158776,160000,160000,160000,160000,160000,1224,1
360000,1,4,2,-1,-1,-1,-1,-1,2,308711,305594,306176,304645,315118,315782,11000,13000,11019,23000,13300,3,51289,54406,53824,55355,44882,44218,1784704,0
450000,1,4,2,-1,-1,-1,-2,-2,-2,1866,4575,0,0,0,0,4579,0,0,0,0,0,448134,445425,450000,450000,450000,450000,1862,0
380000,1,4,3,-1,-1,-1,-1,-1,-1,4366,2566,4174,-192,15011,12990,2566,4174,192,16350,2000,55500,375634,377434,375826,380192,364989,367010,-41867,1
120000,2,2,3,-2,-2,-2,-2,-2,-2,0,338,488,137,324,471,338,488,137,324,471,0,120000,119662,119512,119863,119676,119529,0,0
160000,1,2,3,1,2,-1,-1,2,-1,89006,86694,88898,94289,91875,94405,0,4500,7800,0,4000,3700,70994,73306,71102,65711,68125,65595,525167,1
50000,1,4,2,-1,-1,2,2,2,2,25123,27773,28627,32708,31886,33808,3400,1600,4900,0,2600,1500,24877,22227,21373,17292,18114,16192,165925,1
170000,2,4,2,-1,-1,-1,-1,-1,-1,85235,81462,59800,20650,127601,121774,5000,3400,3000,127601,4600,5100,84765,88538,110200,149350,42399,48226,347821,0
350000,2,4,2,1,-1,2,-1,-1,-1,-20,630,630,15722,2003,7264,650,0,15788,10,7299,13980,350020,349370,349370,334278,347997,342736,-11498,0
180000,2,2,3,-2,-1,-1,-1,-1,-1,-15,2116,1494,7780,8416,0,2131,1494,7780,8416,0,1316,180015,177884,178506,172220,171584,180000,-1346,0
100000,1,2,2,-1,-1,-1,-1,-1,-1,68916,66762,68566,65132,48738,51020,3000,5000,2436,3000,3000,2000,31084,33238,31434,34868,51262,48980,350698,0
50000,1,4,1,-1,-1,-1,-1,-1,-1,4041,1343,2174,3479,3006,810,1200,2500,3000,1000,900,48578,45959,48657,47826,46521,46994,49190,-42325,0
180000,1,4,2,-2,-2,-2,-2,-2,-2,50055,5320,9758,6494,32830,3267,5320,10008,6500,32830,3267,2650,129945,174680,170242,173506,147170,176733,47149,0
150000,1,4,2,1,-2,-2,-2,-2,-2,-512,-512,-512,-512,-508,-913,0,0,0,4,0,0,150512,150512,150512,150512,150508,150913,-3473,0
300000,1,4,2,-2,-2,-2,-2,-2,-2,880,788,10742,1349,10522,0,788,10774,1353,10522,0,3376,299120,299212,289258,298651,289478,300000,-2532,1
350000,1,4,2,-1,-1,-1,-1,-1,-1,303949,298421,247125,228229,202220,181860,10000,9205,6810,5706,6000,4511,46051,51579,102875,121771,147780,168140,1419572,0
260000,2,2,3,-1,-1,-1,-1,-1,-1,35215,31889,26299,27804,25809,27052,2500,3000,3000,2500,2500,2000,224785,228111,233701,232196,234191,232948,158568,0
200000,2,4,1,-1,-1,-1,-1,-1,-1,7886,7101,5378,5501,9402,9221,4500,3378,5501,9402,6000,5683,192114,192899,194622,194499,190598,190779,10025,0
240000,2,2,1,-1,-1,-1,-1,-1,-1,133348,136296,139430,142608,145437,148492,5160,5328,5500,5199,5392,5417,106652,103704,100570,97392,94563,91508,813615,1
150000,1,4,1,-1,-1,2,-1,-1,-1,65421,69087,63156,57147,53383,48556,4850,2000,2000,2000,2000,1500,84579,80913,86844,92853,96617,101444,342400,0
290000,2,4,1,-1,-1,-1,-1,-1,-1,18125,20807,99860,100000,3015,23473,3000,80000,3000,3015,23473,1148,271875,269193,190140,190000,286985,266527,151644,0
140000,2,4,1,-1,-1,-1,-1,-1,-1,127464,119346,89977,92381,83641,86316,6000,4000,4000,3000,4000,4000,12536,20654,50023,47619,56359,53684,574125,0
130000,1,4,1,-2,-2,-2,-2,-2,-1,0,0,0,0,0,62043,0,0,0,0,62043,16533,130000,130000,130000,130000,130000,67957,-16533,0
180000,1,2,1,-2,-1,-1,-1,-2,-2,0,287,5264,1521,0,0,287,5293,1523,0,0,0,180000,179713,174736,178479,180000,180000,-31,0
200000,1,4,1,-1,-1,-1,-1,-1,-1,2116,0,9781,29313,49113,732,0,9781,20000,20000,732,1005,197884,200000,190219,170687,150887,199268,39537,0
230000,1,2,1,1,2,-1,-1,-1,-1,207128,195825,199659,157434,160009,155825,6300,9264,6116,6128,5765,5956,22872,34175,30341,72566,69991,74175,1036351,1
240000,2,4,1,2,2,2,2,-1,-1,294180,276968,276585,253679,232300,212749,0,22550,0,8450,7800,6975,-54180,-36968,-36585,-13679,7700,27251,1500686,0
170000,1,4,2,-2,-2,-2,-2,-2,-2,757,4319,1489,362,451,620,4319,1499,362,451,620,1400,169243,165681,168511,169638,169549,169380,-653,0
120000,3,4,2,-1,-1,-1,-1,-1,-1,396,396,396,396,396,1100,396,396,396,396,1100,396,119604,119604,119604,119604,119604,118900,0,0
240000,1,4,2,-2,-2,-2,-2,-2,-2,6887,1926,2178,2254,4219,2489,1926,2178,2406,4219,2489,6323,233113,238074,237822,237746,235781,237511,412,0
90000,2,2,2,-1,-1,-1,-1,-1,-1,12045,9720,7391,4238,18003,16128,1500,1200,1000,21000,1500,2000,77955,80280,82609,85762,71997,73872,39325,0
300000,2,4,2,-2,-2,-2,-2,-2,-1,850,850,850,850,850,3688,850,850,850,850,4384,9480,299150,299150,299150,299150,299150,296312,-9326,1
70000,3,4,2,-1,2,-1,-1,-1,-1,71521,68041,68607,27870,28219,28810,0,2332,1751,1100,1034,1272,-1521,1959,1393,42130,41781,41190,285579,0
100000,2,4,2,-1,-1,2,-1,-1,-1,2419,3123,177,1170,390,0,2177,0,1170,0,0,19760,97581,96877,99823,98830,99610,100000,-15828,0
110000,3,2,2,-1,-1,2,-1,-1,-1,22396,24758,22546,22204,22107,21745,4604,0,1314,2000,1500,810,87604,85242,87454,87796,87893,88255,125528,0
180000,2,2,2,-1,-1,-1,-1,-1,-1,165839,153828,158050,149023,135798,112666,20064,30032,20027,40000,10000,0,14161,26172,21950,30977,44202,67334,755081,0
500000,1,4,2,-1,-1,-1,-1,-1,-1,422713,406204,415664,423392,399250,362627,15000,16000,15000,14000,13180,14000,77287,93796,84336,76608,100750,137373,2342670,0
80000,3,2,2,2,-1,-1,-1,2,-1,26856,24758,23044,22919,21890,22003,1700,1400,2400,0,1000,1500,53144,55242,56956,57081,58110,57997,133470,0
280000,1,4,2,-2,-2,-2,-2,-2,-2,5855,13645,9127,9656,41434,21732,13713,9171,9705,41641,21838,5659,274145,266355,270873,270344,238566,258268,-278,0
280000,1,4,2,-2,-2,-2,-2,-2,-2,2533,2997,14059,2693,697,5776,2997,14059,2693,697,5776,2671,277467,277003,265941,277307,279303,274224,-138,0
120000,1,2,2,-1,-1,-1,-1,-1,-1,525,2458,8067,802,2706,3597,2458,8152,802,2706,3597,1400,119475,117542,111933,119198,117294,116403,-960,0
90000,2,2,2,-1,-1,-1,-1,-1,-1,5488,2380,0,1700,1700,0,1000,0,1700,1700,0,1664,84512,87620,90000,88300,88300,90000,5204,0
170000,2,4,2,-1,-1,-1,-1,-1,-1,3105,1599,1122,1692,648,0,1599,1122,1692,648,0,631,166895,168401,168878,168308,169352,170000,2474,0
50000,2,4,2,-1,-1,-1,-1,-1,-1,31673,27572,29022,29368,16930,17284,1449,1899,1245,576,596,578,18327,22428,20978,20632,33070,32716,145506,0
50000,3,2,2,-1,-1,-1,-1,-1,-1,390,390,390,11779,11615,11466,390,390,11779,403,415,406,49610,49610,49610,38221,38385,38534,22247,0
230000,1,4,2,-1,-1,-1,-1,-1,-1,217578,224020,227311,184500,128190,130883,9840,8750,7470,4540,4710,4750,12422,5980,2689,45500,101810,99117,1072422,0
180000,2,6,3,-1,-1,-1,-1,-2,-1,860,102,851,0,346,1592,102,851,0,346,1592,1098,179140,179898,179149,180000,179654,178408,-238,1
40000,3,4,3,-1,-1,-1,-1,-1,-2,26449,22072,19085,17550,0,0,1303,1665,1000,0,0,0,13551,17928,20915,22450,40000,40000,81188,0
360000,2,4,3,-1,-1,-1,-1,-1,-1,24081,14231,23040,5651,7017,6495,6068,23154,5679,7052,6527,4601,335919,345769,336960,354349,352983,353505,27434,0
360000,2,2,3,-2,-2,-2,-2,-2,-2,0,0,0,0,0,0,0,0,0,0,0,0,360000,360000,360000,360000,360000,360000,0,1
170000,1,2,3,-1,-1,-1,-1,-1,-1,166388,165243,156688,151405,127090,126388,7300,7067,6443,4617,4711,4673,3612,4757,13312,18595,42910,43612,858391,0
20000,3,2,2,-1,2,2,2,2,-1,17056,18803,18055,20578,19813,20197,2500,0,3000,0,1001,1700,2944,1197,1945,-578,187,-197,106301,0
240000,2,2,3,-1,-1,-2,-1,-1,-1,54,0,0,177,199,559,0,0,177,200,559,0,239946,240000,240000,239823,239801,239441,53,0
100000,1,2,2,-1,-1,-1,2,2,2,2998,3885,7298,7032,7913,7642,1100,3500,0,1000,0,5000,97002,96115,92702,92968,92087,92358,26168,1
100000,1,2,3,1,-2,-2,-2,-2,-2,0,0,0,0,0,0,0,0,0,0,0,0,100000,100000,100000,100000,100000,100000,0,0
110000,2,4,3,-1,-1,-1,-1,-1,-1,111720,86877,133187,65025,62777,62105,3406,2357,2239,3617,2247,2500,-1720,23123,-23187,44975,47223,47895,505325,1
420000,2,2,2,-1,-1,-1,-1,-1,-1,101987,96544,94199,90395,89513,92792,6000,6045,5000,6000,5000,4000,318013,323456,325801,329605,330487,327208,533385,0
180000,2,2,2,2,2,2,2,2,2,93155,95008,97088,98093,99578,101828,4300,4500,3500,4000,4000,4000,86845,84992,82912,81907,80422,78172,560450,1
240000,2,2,2,1,-2,-2,-2,-2,-2,0,0,0,0,0,0,0,0,0,0,0,0,240000,240000,240000,240000,240000,240000,0,0
210000,2,2,3,-1,-1,-1,-1,-1,-1,13340,42862,9584,7978,6728,6728,42000,9600,7978,6728,6728,6728,196660,167138,200416,202022,203272,203272,7458,0
30000,3,2,3,-1,3,2,2,-1,-1,10330,10040,10903,10533,10132,10343,0,1149,101,348,359,364,19670,19960,19097,19467,19868,19657,59960,0
210000,2,2,3,-1,-1,-1,-1,-1,-1,36612,40534,42889,42936,44936,47166,4534,3000,1000,2000,2230,1026,173388,169466,167111,167064,165064,162834,241283,0
320000,1,4,2,-1,-1,-1,-1,-1,-1,10283,2488,5187,11735,2280,9404,2488,5209,11735,2280,9404,3660,309717,317512,314813,308265,317720,310596,6601,0
220000,3,2,2,-1,-1,-1,-1,-1,-1,120622,111593,99170,98437,91222,94061,4803,4604,3497,4000,4214,3404,99378,108407,120830,121563,128778,125939,590583,0
240000,1,4,1,-1,-1,-1,-1,-1,-1,1530,696,696,18334,27638,696,700,696,18334,10000,696,696,238470,239304,239304,221666,212362,239304,18468,0
450000,1,4,2,1,2,2,-1,-1,-1,131351,132453,128901,132982,141298,137347,4723,0,6270,12000,16309,5000,318649,317547,321099,317018,308702,312653,760030,0
500000,2,2,2,-1,-1,-1,-1,-1,-1,261502,286708,311641,326298,270968,315889,30000,30000,20507,50000,50047,20413,238498,213292,188359,173702,229032,184111,1572039,0
180000,2,2,3,-1,-1,-1,-1,-1,-1,174830,178917,182777,171239,119060,121981,7000,6800,6800,4500,5000,5000,5170,1083,-2777,8761,60940,58019,913704,0
80000,1,2,2,-2,-2,-2,-2,-2,-2,0,0,517,0,0,0,339,517,0,0,0,0,80000,80000,79483,80000,80000,80000,-339,0
50000,2,4,3,2,-1,2,2,-2,-2,390,780,780,0,0,0,780,0,0,0,0,0,49610,49220,49220,50000,50000,50000,1170,1
450000,2,2,3,-1,-1,-1,-1,-1,-1,104624,28114,19758,12518,18328,14879,28114,1424,12518,18328,14879,34744,345376,421886,430242,437482,431672,435121,88214,0
380000,1,2,3,-1,-1,-1,-1,-1,-1,18866,20840,188,2172,5173,5446,20884,188,2172,5173,5446,2045,361134,359160,379812,377828,374827,374554,16777,0
50000,1,4,1,-2,-2,-2,-2,-2,-2,-101,-101,-101,-101,-101,1100,0,0,0,0,1201,0,50101,50101,50101,50101,50101,48900,-606,0
30000,3,2,2,3,2,2,-1,-1,-1,29508,30634,29827,28661,28608,30647,1900,0,4455,1047,2500,1060,492,-634,173,1339,1392,-647,166923,0
300000,1,2,2,-1,-1,-1,-1,-1,-1,5771,3217,19615,11123,10266,12467,3217,19615,11123,10266,12467,5041,294229,296783,280385,288877,289734,287533,730,0
340000,2,2,3,-2,-2,-2,-2,-2,-2,5754,480,2532,-36,105668,5490,482,2544,2,106196,5517,433,334246,339520,337468,340036,234332,334510,4714,0
190000,2,4,3,-1,-1,-1,-1,-1,-1,137394,140899,144636,148173,151853,155031,5774,5987,5948,6000,5481,5500,52606,49101,45364,41827,38147,34969,843296,0
120000,3,2,3,-1,-1,-1,-1,-1,-1,108264,109427,111238,113465,114759,117165,3906,4040,4079,4093,4240,4766,11736,10573,8762,6535,5241,2835,649194,0
210000,1,4,3,-1,-1,-1,-1,-1,-1,160161,156015,150349,147788,145958,145667,5500,7000,6693,5307,5441,5463,49839,53985,59651,62212,64042,64333,870534,0
360000,1,2,3,-1,-1,-1,-1,-1,-1,58389,42094,10594,31532,46342,56571,20000,10600,30000,20000,15000,10000,301611,317906,349406,328468,313658,303429,139922,0
330000,1,4,2,-1,-1,-1,-1,-1,-1,117,0,23,776,334,303,0,222,975,334,0,9,329883,330000,329977,329224,329666,329697,13,0
100000,1,2,2,-1,-1,-1,-1,-1,-1,68760,70113,71567,72410,73846,75556,3095,3181,2628,2640,2897,3600,31240,29887,28433,27590,26154,24444,414211,0
250000,1,4,2,-1,-1,-1,-1,-1,-1,14766,990,8150,15410,1276,0,990,8150,15410,1276,0,0,235234,249010,241850,234590,248724,250000,14766,0
120000,2,2,3,-2,-2,-2,-2,-2,-2,0,0,0,0,0,0,0,0,0,0,0,0,120000,120000,120000,120000,120000,120000,0,1
200000,1,4,3,1,-1,-1,-1,2,-1,0,2112,723,150,150,2478,2112,981,150,0,2478,5377,200000,197888,199277,199850,199850,197522,-5485,0
280000,1,4,2,1,2,-1,-1,-1,-1,25903,19262,10660,4191,1671,105726,50,2053,4211,2001,105747,100055,254097,260738,269340,275809,278329,174274,-46704,0
480000,2,2,3,-1,-1,-1,-2,-1,-1,993,1317,0,0,4415,1978,1317,0,0,4415,0,0,479007,478683,480000,480000,475585,478022,2971,0
240000,2,4,2,-1,-1,-1,-1,-2,-2,3922,2947,297,0,0,0,2947,297,0,0,0,0,236078,237053,239703,240000,240000,240000,3922,1
120000,2,2,2,-2,-2,-2,-2,-2,-2,280,6192,2134,0,0,0,6192,2142,0,0,0,0,119720,113808,117866,120000,120000,120000,272,0
110000,2,4,3,-1,-1,-1,-1,-1,-1,96155,96752,98884,98501,34250,35874,5000,5000,3000,3000,3000,3000,13845,13248,11116,11499,75750,74126,438416,0
390000,1,2,3,-1,-1,2,-1,-1,-2,48378,52279,51176,52286,0,0,4705,0,2712,0,0,0,341622,337721,338824,337714,390000,390000,196702,0
20000,2,4,2,1,2,2,4,3,2,10683,12729,14734,14190,13721,13848,2500,2501,0,0,441,1,9317,7271,5266,5810,6279,6152,74462,0
140000,1,4,2,-1,-1,-1,-1,-1,-1,111941,114389,116956,119334,120661,123256,5800,5900,5800,4800,4700,5000,28059,25611,23044,20666,19339,16744,674537,0
160000,2,2,3,-1,-1,-1,-1,-1,-1,39962,45640,38988,19825,22654,16158,10000,10000,5000,5000,5000,10000,120038,114360,121012,140175,137346,143842,138227,0
210000,1,2,2,1,-1,-1,-1,-1,-1,0,820,718,424,631,843,820,718,424,631,843,0,210000,209180,209282,209576,209369,209157,0,0
210000,1,2,3,-1,-1,-1,-1,-1,-1,202503,173232,117125,212656,107808,63049,7082,6000,6000,5000,3000,6000,7497,36768,92875,-2656,102192,146951,843291,0
240000,1,4,2,-1,-1,-1,-1,-1,-1,52595,238861,198351,195242,187710,171828,238861,6678,7537,10555,5223,5829,187405,1139,41649,44758,52290,68172,769904,0
150000,2,2,2,-2,-2,-1,-1,2,-1,11085,2500,190,3173,673,38100,2507,190,3180,0,38100,5000,138915,147500,149810,146827,149327,111900,6744,0
60000,2,2,3,-1,-1,-1,-1,-1,-1,56899,58032,59624,58124,58852,58872,2080,2530,1865,1445,293,1545,3101,1968,376,1876,1148,1128,340645,0
180000,2,2,3,-1,-1,-1,-1,-1,-1,1552,776,0,1752,70000,10552,776,0,1752,70000,10552,9776,178448,179224,180000,178248,110000,169448,-8224,1
120000,2,4,2,-1,-1,-1,-1,-1,-1,3014,380,380,380,380,380,760,380,380,380,380,530,116986,119620,119620,119620,119620,119620,2104,0
210000,1,4,3,-1,-1,-1,-1,-1,-1,54904,46662,46162,46039,32903,34534,2000,2100,2000,1500,2000,2000,155096,163338,163838,163961,177097,175466,249604,0
420000,1,4,2,-1,-1,-1,-1,-1,-1,20326,21629,22354,23150,0,15235,1479,1204,1000,0,15235,242,399674,398371,397646,396850,420000,404765,83534,0
110000,2,2,3,-1,-1,-1,-1,-1,-1,92244,93815,97307,99666,102082,105500,4500,5000,4000,4000,5000,6804,17756,16185,12693,10334,7918,4500,561310,0
180000,2,4,2,-1,-1,-1,-1,-1,-1,112164,50838,51753,53619,53881,54760,1821,2000,3000,2000,2000,2100,67836,129162,128247,126381,126119,125240,364094,0
200000,1,2,3,-2,-2,-2,-2,-1,-1,0,0,0,0,1830,0,0,0,0,1830,0,0,200000,200000,200000,200000,198170,200000,0,1
220000,1,4,2,-1,-1,-1,-1,-1,-1,217636,221834,222830,195121,169396,173875,8000,18000,7000,6000,7000,6100,2364,-1834,-2830,24879,50604,46125,1148592,0
250000,1,2,2,-2,-2,-2,-2,-2,-2,2508,3978,6560,4438,4309,816,3978,6560,4438,4311,816,9165,247492,246022,243440,245562,245691,249184,-6659,0
250000,1,4,2,-2,-2,-2,-2,-2,-2,0,632,316,0,316,632,632,316,0,316,632,150,250000,249368,249684,250000,249684,249368,-150,0
400000,3,2,3,-2,-2,-2,-2,-2,-2,1698,365,3213,2578,9660,24355,365,3224,2580,9660,24355,0,398302,399635,396787,397422,390340,375645,1685,0
50000,2,4,2,-1,-1,-1,-1,-1,-1,38945,39498,38272,29810,18674,19391,2511,2000,3000,4000,1000,1000,11055,10502,11728,20190,31326,30609,171079,0
480000,1,4,3,-2,-2,-2,-2,-2,-2,1087,188,257,1697,188,22507,188,257,1697,188,22507,370,478913,479812,479743,478303,479812,457493,717,0
470000,1,2,2,-1,-1,-1,-1,-1,-1,235490,125853,143646,113422,96921,94405,25853,20745,13422,6921,5645,6114,234510,344147,326354,356578,373079,375595,731037,0
300000,1,2,2,-1,-1,-1,-1,-1,-1,30153,28384,26700,22554,11858,13838,2000,2000,2552,2000,3000,8000,269847,271616,273300,277446,288142,286162,113935,0
160000,2,4,3,1,-2,-1,-1,-1,-1,-4,-4,3454,0,3312,0,0,3458,0,3312,0,0,160004,160004,156546,160000,156688,160000,-12,0
160000,1,2,3,-1,-1,-1,-1,-1,-1,3346,4420,3062,6117,4781,1450,4420,3062,6119,4781,0,6058,156654,155580,156938,153883,155219,158550,-1264,0
230000,1,4,2,-1,-1,-1,-1,-1,-1,2227,3496,4006,411,1511,1334,3496,4091,411,1511,1334,1157,227773,226504,225994,229589,228489,228666,985,0
50000,3,4,3,-1,-1,-1,-1,-1,-1,39803,37595,23250,26293,21508,20971,5007,1602,10002,5000,2000,2000,10197,12405,26750,23707,28492,29029,143809,0
150000,3,2,3,-1,-1,-1,2,-1,-1,36717,37800,40874,39922,40953,42136,2000,4000,0,2000,2000,2000,113283,112200,109126,110078,109047,107864,226402,0
130000,2,2,4,2,2,2,2,2,2,73621,76104,77795,78584,79736,78405,4300,3500,2700,2970,0,3870,56379,53896,52205,51416,50264,51595,446905,0
360000,1,4,3,1,-2,-2,-2,-2,-2,0,0,0,0,0,0,0,0,0,0,0,0,360000,360000,360000,360000,360000,360000,0,1
150000,2,2,4,-1,-1,-1,-1,-1,-1,145268,111500,101996,56503,38650,28775,6005,4450,3243,2000,2000,1000,4732,38500,48004,93497,111350,121225,463994,1
70000,2,2,4,-1,-1,-1,-1,-1,-1,12857,13867,14897,15941,16376,16959,1530,1560,1600,1000,1000,2400,57143,56133,55103,54059,53624,53041,81807,0
450000,1,2,3,-2,-2,-2,-2,-2,-2,0,0,0,0,0,0,0,0,0,0,0,0,450000,450000,450000,450000,450000,450000,0,0
200000,2,2,3,1,-2,-2,-2,-2,-2,-5,728,0,0,0,0,733,0,0,0,0,0,200005,199272,200000,200000,200000,200000,-10,1
80000,2,2,4,2,-1,-1,-1,-1,-1,89901,85406,75789,77870,73601,76751,6000,81789,3870,4601,4751,4718,-9901,-5406,4211,2130,6399,3249,373589,1
340000,2,2,3,-1,-1,-1,-1,-1,-1,310866,320685,320614,21768,22405,24545,15000,7000,1500,1000,2500,112500,29134,19315,19386,318232,317595,315455,881383,0
50000,2,4,4,-1,-1,-1,-1,-1,-1,33743,22989,15843,16825,14637,15397,2000,1400,2000,5000,1000,1000,16257,27011,34157,33175,35363,34603,107034,1
200000,1,2,4,-1,-1,-1,-1,-1,-1,2119,1662,2482,19272,22388,21105,1662,2482,19272,10004,10000,3471,197881,198338,197518,180728,177612,178895,22137,0
210000,3,2,3,-1,-1,-1,-1,-1,-1,119530,111730,107150,102418,97653,92653,3998,3885,3712,3599,3346,2920,90470,98270,102850,107582,112347,117347,609674,0
360000,2,2,3,-1,-1,-1,-1,-1,-1,801,908,1081,1538,0,804,913,1081,1538,0,804,200,359199,359092,358919,358462,360000,359196,596,0
230000,3,2,4,-2,-2,-2,-2,-2,-2,2789,2942,2520,2936,3493,3160,2942,2520,2936,3493,3160,2784,227211,227058,227480,227064,226507,226840,5,0
50000,3,2,3,-1,-1,-1,-1,-1,-2,73302,65931,58773,58918,0,0,2500,2428,1423,0,0,0,-23302,-15931,-8773,-8918,50000,50000,250573,1
120000,2,2,4,2,-1,-1,-1,2,2,81979,82726,85390,91549,92754,94722,3000,4000,7600,3600,3600,3600,38021,37274,34610,28451,27246,25278,503720,1
340000,1,4,4,1,-2,-2,-2,-2,-2,2728,15650,11550,11058,6912,4125,15650,11554,11058,6917,4125,4850,337272,324350,328450,328942,333088,335875,-2131,0
50000,3,2,3,-1,-1,-1,-1,-1,-2,49195,48496,49412,49590,0,0,47000,2000,1000,0,0,0,805,1504,588,410,50000,50000,146693,1
70000,3,2,3,1,2,2,2,2,-1,9915,9607,11913,12518,12022,12179,0,2468,1100,0,500,600,60085,60393,58087,57482,57978,57821,63486,0
100000,2,2,4,-1,-1,-1,-1,-1,-1,94745,96838,95732,91556,93403,95661,4600,4600,3500,3372,3793,4000,5255,3162,4268,8444,6597,4339,544070,0
20000,2,2,3,-1,-1,-1,-1,-1,-1,13561,14573,15290,16300,16624,16974,1543,1260,1270,594,617,1425,6439,5427,4710,3700,3376,3026,86613,1
80000,2,2,3,-1,-1,-1,-1,-1,-1,77347,61998,47941,47851,48804,50033,2384,5000,2000,1732,2000,3003,2653,18002,32059,32149,31196,29967,317855,0
280000,3,4,3,-2,-2,-2,-1,-1,-1,795,1020,0,1075,141246,146349,1025,0,1075,141246,6349,9192,279205,278980,280000,278925,138754,133651,131598,0
300000,2,2,4,-2,-2,-2,-2,-2,-2,882,0,0,0,0,0,0,0,0,0,0,0,299118,300000,300000,300000,300000,300000,882,0
500000,3,2,3,-1,-1,-1,2,-1,-1,396,396,5792,396,792,396,396,5792,0,792,0,5857,499604,499604,494208,499604,499208,499604,-4669,1
50000,3,4,4,-1,-1,-1,-1,-1,-1,46880,25577,26352,16846,17562,18275,1500,1269,1284,1000,1000,740,3120,24423,23648,33154,32438,31725,144699,0
140000,2,4,4,-1,-1,-1,-1,-1,-1,128949,133778,131241,25994,25769,24552,7000,6000,3000,5000,4000,6000,11051,6222,8759,114006,114231,115448,439283,1
210000,2,4,3,-1,-1,-1,-1,-1,-1,991,4045,4056,65825,60803,56578,6035,4056,65825,1420,1132,5000,209009,205955,205944,144175,149197,153422,108830,1
100000,3,2,3,-1,-1,-1,-1,-1,-1,41088,41807,43348,42782,40779,40618,2000,3000,1900,1550,1430,3143,58912,58193,56652,57218,59221,59382,237399,0
50000,2,2,4,-1,-1,-1,-1,-1,-1,14592,16335,18061,18955,19933,21605,2000,2000,1500,1300,2000,1000,35408,33665,31939,31045,30067,28395,99681,0
20000,3,2,4,-1,-1,-1,-1,-1,-1,13184,14200,16958,19651,37332,19225,1242,3000,3000,3772,1420,729,6816,5800,3042,349,-17332,775,107387,0
200000,2,2,4,-1,-1,-1,-1,-1,-1,4701,3146,4486,13390,8009,5010,2310,3518,12537,45,514,2811,195299,196854,195514,186610,191991,194990,17007,0
100000,3,2,4,-1,-1,-1,-1,-1,-1,200,100,197,245,3210,318,100,197,245,3210,318,797,99800,99900,99803,99755,96790,99682,-597,0
50000,3,2,4,-1,-1,-1,-1,-1,-1,36149,38078,36766,30490,26934,28118,3000,10000,5000,1500,2000,2000,13851,11922,13234,19510,23066,21882,173035,1
230000,3,2,4,-1,-1,-1,-1,-1,-1,38723,39347,37571,38924,40027,41277,2001,2000,2000,2000,2000,2000,191277,190653,192429,191076,189973,188723,223868,0
260000,2,2,4,-1,-1,-1,-1,-1,-1,263320,171626,175869,180891,184952,182328,7000,7000,8000,7032,13603,5000,-3320,88374,84131,79109,75048,77672,1111351,0
120000,2,2,4,1,2,-1,-1,-1,-1,123184,117849,120471,117218,116871,122192,0,6100,5700,4500,9000,4700,-3184,2151,-471,2782,3129,-2192,687785,1
380000,3,4,4,-1,-1,-1,-1,-1,-1,43715,60718,21814,47964,33405,2981,60718,2200,48000,0,2981,35500,336285,319282,358186,332036,346595,377019,61198,0
80000,3,2,5,-1,-1,-1,-1,-1,-1,82074,80260,82116,80299,81416,81617,3470,3750,3520,3069,3271,3262,-2074,-260,-2116,-299,-1416,-1617,467440,0
240000,1,2,4,-2,-2,-2,-2,-2,-2,498,-2,497,-3,-3,-3,0,499,0,0,0,0,239502,240002,239503,240003,240003,240003,485,0
30000,2,2,4,-1,-1,-1,-1,-1,-1,33494,32978,32415,30324,31124,25502,2506,2430,1300,1000,34436,950,-3494,-2978,-2415,-324,-1124,4498,143215,1
30000,2,2,4,-1,-1,-1,-1,-1,-1,27620,27921,28585,29007,29195,21335,1449,1503,1315,893,1000,513,2380,2079,1415,993,805,8665,156990,0
80000,3,4,4,1,-1,-1,-1,-1,-1,78910,80362,77986,78803,50140,47757,84361,3837,3141,2000,2000,2000,1090,-362,2014,1197,29860,32243,316619,0
50000,2,2,4,-1,-1,-1,-1,-1,-1,50566,49717,49661,49581,49550,48871,2102,2013,1747,2012,2000,5900,-566,283,339,419,450,1129,282172,0
10000,1,4,4,1,2,2,2,-1,-1,12006,6367,9839,6998,3183,1151,1000,4000,0,0,0,0,-2006,3633,161,3002,6817,8849,34544,0
100000,3,2,4,2,2,2,2,-1,-1,117517,110537,99734,99973,71008,66735,4700,0,3000,103000,2500,3000,-17517,-10537,266,27,28992,33265,449304,1
280000,3,2,4,-2,-2,-2,-2,-2,-2,0,0,0,679,3047,5742,0,0,679,3047,5742,440,280000,280000,280000,279321,276953,274258,-440,0
30000,3,2,4,1,2,-1,-1,-1,-1,30724,29278,30393,29785,30377,30155,0,1600,1585,1377,1155,2600,-724,722,-393,215,-377,-155,172395,1
80000,3,2,4,-1,-1,-2,-2,-2,-2,7506,0,0,0,0,0,0,0,0,0,0,3106,72494,80000,80000,80000,80000,80000,4400,0
30000,3,4,4,-1,-1,-1,-1,-1,-1,14417,17261,20543,18180,7200,18183,9000,5000,8180,2200,18183,8975,15583,12739,9457,11820,22800,11817,44246,0
170000,2,4,4,-1,-1,-1,-1,-1,-1,154278,161679,165068,166227,109682,112906,10000,7500,6778,4000,5000,5000,15722,8321,4932,3773,60318,57094,831562,0
60000,2,2,4,1,2,-1,-1,-1,-1,28934,27122,27774,28347,28515,28715,0,1481,1444,1002,1030,1081,31066,32878,32226,31653,31485,31285,163369,0
100000,3,2,4,-1,-1,-1,-1,-1,-1,92956,96180,97701,100113,102120,73630,4333,3518,3567,3183,2674,2836,7044,3820,2299,-113,-2120,26370,542589,0
160000,1,2,4,-2,-2,-2,-2,-2,-2,749,3883,3584,1830,390,390,3894,3594,2246,390,390,390,159251,156117,156416,158170,159610,159610,-78,1
50000,2,4,4,-1,-1,-1,-1,-1,-1,40623,40088,38706,38034,23675,22888,1616,2180,2004,1000,1002,1004,9377,9912,11294,11966,26325,27112,195208,0
360000,1,2,4,1,-2,-2,-2,-2,-2,0,0,0,0,0,0,0,0,0,0,0,0,360000,360000,360000,360000,360000,360000,0,1
210000,1,2,4,-1,-1,-1,-2,-1,-1,262,738,0,0,1858,45,738,0,0,1858,45,3667,209738,209262,210000,210000,208142,209955,-3405,0
190000,2,2,4,-1,-1,-1,-1,-1,-1,6637,6476,14501,1190,3705,1049,6476,14915,1190,3705,1049,10160,183363,183524,175499,188810,186295,188951,-3937,0
90000,3,2,4,-1,-1,-1,-1,-1,-1,42567,43578,44881,43906,43767,43619,2022,2325,1510,1199,2380,1204,47433,46422,45119,46094,46233,46381,251678,0
50000,3,2,4,-1,-1,-1,-1,-1,-1,48195,49024,38085,0,10400,0,2035,1650,0,10400,0,0,1805,976,11915,50000,39600,50000,131619,0
30000,3,4,4,-2,-2,-2,-1,-1,-2,-330,340,-220,780,0,0,500,0,1000,0,0,0,30330,29660,30220,29220,30000,30000,-930,0
30000,3,2,4,2,2,2,2,-1,-1,24180,23498,26400,25682,26155,27972,0,3600,0,1200,2400,0,5820,6502,3600,4318,3845,2028,146687,1
180000,3,2,5,-1,-1,-1,-1,-1,-1,20554,21560,22587,23599,24069,24573,1353,1380,1392,862,892,1000,159446,158440,157413,156401,155931,155427,130063,1
120000,3,2,4,1,2,2,2,2,2,79400,81490,83496,84333,85444,87323,4000,3900,3100,3400,3400,3400,40600,38510,36504,35667,34556,32677,480286,1
80000,3,2,4,-1,-1,-1,-2,-2,-2,72462,41300,0,0,0,0,3000,0,0,0,0,0,7538,38700,80000,80000,80000,80000,110762,0
400000,2,2,3,-2,-2,-2,-2,-2,-2,389,389,389,320,14185,389,390,390,321,14255,390,390,399611,399611,399611,399680,385815,399611,-75,0
120000,3,4,4,-1,-1,-1,-1,-1,-1,118676,119177,118068,120457,90843,91267,4210,4435,4592,3171,3256,3260,1324,823,1932,-457,29157,28733,635564,0
100000,1,2,4,2,2,2,2,2,2,40938,43036,45127,44183,47211,46401,3000,3000,0,4000,0,3000,59062,56964,54873,55817,52789,53599,253896,1
300000,1,4,4,-1,-1,-1,-1,-1,-1,583,111383,111665,14325,11416,10523,111665,3000,14325,0,0,9927,299417,188617,188335,285675,288584,289477,120978,0
80000,3,2,5,-1,-1,-1,-1,-1,-1,79862,80921,79627,80610,62447,60850,3000,3000,3000,2324,2500,3000,138,-921,373,-610,17553,19150,427493,0
500000,3,2,4,-1,-1,-1,-1,-1,-1,1453,961,159,720,3157,2336,961,159,720,3160,2336,1033,498547,499039,499841,499280,496843,497664,417,0
10000,3,2,4,-1,-1,2,-1,-1,2,4416,6733,6480,7495,8735,8453,2400,0,1131,1371,0,1794,5584,3267,3520,2505,1265,1547,35616,0
100000,3,2,4,2,3,2,-1,3,2,1520,1349,959,1623,1470,930,0,0,1623,0,0,780,98480,98651,99041,98377,98530,99070,5448,0
240000,2,2,4,-1,-1,-1,-1,2,-1,135322,100522,84626,76205,46771,35207,4531,3728,3612,0,1100,2000,104678,139478,155374,163795,193229,204793,463682,0
280000,1,2,5,-2,-2,-2,-2,-2,-2,-200,-200,-200,-200,-200,-200,0,0,0,0,0,200,280200,280200,280200,280200,280200,280200,-1400,1
20000,2,4,4,-1,-1,-1,-1,-1,-1,16503,17512,18481,15495,15938,16680,1289,1258,1260,700,1000,2100,3497,2488,1519,4505,4062,3320,93002,0
110000,2,2,4,-1,-1,-1,-1,-1,-1,100800,40387,37689,37750,33281,30968,1914,2000,2000,1300,1500,5000,9200,69613,72311,72250,76719,79032,267161,0
290000,2,2,5,1,-2,-2,-2,-2,-2,0,0,0,0,0,0,0,0,0,0,0,0,290000,290000,290000,290000,290000,290000,0,0
80000,1,2,3,-1,-1,-1,-2,-2,-1,1198,1150,0,0,0,7685,1150,0,0,0,7685,0,78802,78850,80000,80000,80000,72315,1198,1
30000,3,2,4,1,2,2,-1,-1,-1,30128,31325,29953,30332,29871,28977,2000,0,1962,1395,1000,2000,-128,-1325,47,-332,129,1023,172229,0
30000,1,2,4,-1,2,-1,2,-1,-1,4743,390,1000,543,18127,23563,390,1000,3,20077,10000,1854,25257,29610,29000,29457,11873,6437,15042,0
60000,2,4,4,-1,-1,2,-1,-1,-1,44041,46810,45781,48814,49802,51034,3810,0,3814,1802,2034,4459,15959,13190,14219,11186,10198,8966,270363,1
70000,3,2,4,-1,-1,-1,-1,-1,-1,1000,1098,28229,28046,24446,22151,1098,30005,1350,800,750,780,69000,68902,41771,41954,45554,47849,70187,0
140000,3,2,4,-1,-1,-1,-1,-1,-1,76902,70841,61422,52576,51301,48202,3000,2200,2400,2000,2050,2150,63098,69159,78578,87424,88699,91798,347444,0
150000,2,4,4,-1,-1,-1,-1,-1,-1,11467,11052,10252,20618,10457,9624,11053,10253,11000,11500,10000,24000,138533,138948,139748,129382,139543,140376,-4336,0
90000,2,2,4,1,2,2,2,2,-1,25941,25722,28015,28262,27509,28082,500,3000,1000,0,1017,2433,64059,64278,61985,61738,62491,61918,155581,1
30000,2,2,4,-1,-1,-1,-1,-1,-1,11860,6846,7090,2680,390,0,1000,7090,2680,390,0,780,18140,23154,22910,27320,29610,30000,16926,0
60000,3,4,4,-1,-1,-1,-1,2,-1,60250,60585,61257,62697,60816,61685,2167,2483,6084,0,1936,1850,-250,-585,-1257,-2697,-816,-1685,352770,0
490000,2,2,4,-1,-1,-1,-1,-1,-1,7357,2779,22595,755,7000,0,2779,22595,762,7000,0,4341,482643,487221,467405,489245,483000,490000,3009,0
230000,2,2,4,-2,-2,-2,-2,-2,-2,10511,2381,2580,48310,6390,7194,2381,2580,48342,6390,7194,13250,219489,227619,227420,181690,223610,222806,-2771,1
70000,2,2,4,-1,-1,-1,-1,-1,-1,71219,71110,69843,70834,70405,71004,2900,3200,2800,2458,2800,2901,-1219,-1110,157,-834,-405,-1004,407356,0
60000,3,2,4,3,2,-1,-1,-1,-1,74786,71575,63821,63719,63807,57482,0,9400,2271,2425,2087,2142,-14786,-11575,-3821,-3719,-3807,2518,376865,1
30000,4,2,4,-1,-1,-1,-1,-1,-1,30419,28221,29016,7946,8114,8382,1481,1276,1132,300,400,370,-419,1779,984,22054,21886,21618,107139,0
70000,2,2,5,-1,-1,-1,-1,-1,-1,57271,56269,56333,29288,29524,29764,2857,2702,1500,1100,1100,1150,12729,13731,13667,40712,40476,40236,248040,0
450000,3,2,4,1,-1,-1,-1,-1,-1,-4,831,-3,646,-2,418,835,0,649,0,420,1204,450004,449169,450003,449354,450002,449582,-1222,1
20000,3,4,4,-1,-1,-1,-1,-1,-1,16120,17160,18083,15096,15396,15720,1308,1231,1244,544,565,1500,3880,2840,1917,4904,4604,4280,91183,1
30000,2,2,4,1,2,3,2,2,-1,16490,18908,18321,19618,19008,19301,3000,0,1900,0,750,750,13510,11092,11679,10382,10992,10699,105246,1
80000,3,2,4,-1,-1,-1,-1,-1,-1,78929,78177,63914,54382,48834,49756,3200,3002,2202,2000,2000,2000,1071,1823,16086,25618,31166,30244,359588,0
390000,1,4,4,-2,-2,-1,-1,-2,-2,450,1540,690,0,0,0,1540,690,0,0,0,717,389550,388460,389310,390000,390000,390000,-267,0
30000,2,4,4,-1,-1,-1,-1,-1,-1,10741,12057,12778,14090,14063,14357,1498,1219,1531,504,521,523,19259,17943,17222,15910,15937,15643,72290,0
200000,3,2,4,1,-1,-1,-2,-2,-2,0,1221,0,0,0,0,1221,0,0,0,0,0,200000,198779,200000,200000,200000,200000,0,0
140000,3,4,4,1,2,-1,-1,-1,-1,63654,62042,63445,63729,63751,65421,0,3000,2000,2000,2000,3000,76346,77958,76555,76271,76249,74579,370042,0
30000,2,2,4,-2,-2,-2,-2,-2,-2,1724,1222,4952,6693,22761,10044,1222,4972,7629,22817,10056,298,28276,28778,25048,23307,7239,19956,402,1
290000,2,2,4,-2,-2,-2,-2,-2,-2,6859,11210,2436,266,0,3412,11210,2436,266,0,3412,0,283141,278790,287564,289734,290000,286588,6859,0
200000,2,2,4,-1,-1,-2,-1,-1,-1,2433,735,735,2301,3139,316,735,735,2301,3139,316,6635,197567,199265,199265,197699,196861,199684,-4202,0
180000,3,2,5,-1,-1,-1,-1,-1,-1,120070,123963,125022,129079,130109,133714,5876,4525,6123,4644,5688,5699,59930,56037,54978,50921,49891,46286,729402,0
200000,2,2,4,-2,-2,-2,-2,-2,-2,411,453,348,359,672,1620,453,348,359,672,1620,384,199589,199547,199652,199641,199328,198380,27,0
500000,4,2,4,-1,-1,-1,-1,-1,-1,355251,354394,359522,362412,362550,359481,12680,13464,12821,15033,12788,13000,144749,145606,140478,137588,137450,140519,2073824,0
520000,3,2,4,-1,-1,-1,-1,-1,-1,653062,671563,689627,706864,383160,294641,28500,30500,30000,15000,15000,0,-133062,-151563,-169627,-186864,136840,225359,3279917,0
90000,3,2,4,-2,-2,-2,-2,-2,-2,827,0,2469,827,0,1654,0,2469,827,0,1654,827,89173,90000,87531,89173,90000,88346,0,0
260000,2,2,4,-1,-1,-1,-1,-1,-1,16570,7934,20258,52574,19463,20226,8234,20034,52045,7000,8073,30113,243430,252066,239742,207426,240537,239774,11526,0
50000,3,2,4,-1,-1,-1,-1,-1,-1,22000,20454,21899,20895,11241,-861,2000,2100,2000,1000,0,39500,28000,29546,28101,29105,38759,50861,49028,1
80000,2,6,4,-1,-1,-1,-1,-1,-1,80893,79175,78713,80684,50400,50058,2799,3300,3600,1568,1625,1649,-893,825,1287,-684,29600,29942,405382,1
210000,2,4,4,-1,-1,-1,-1,-1,-1,197324,201977,205800,205590,98572,90521,8000,11000,6000,4098,3500,3000,12676,8023,4200,4410,111428,119479,964186,0
300000,1,2,4,-1,-1,-1,-1,-2,-2,143121,147527,148925,0,0,0,8269,6825,0,0,0,0,156879,152473,151075,300000,300000,300000,424479,0
20000,1,2,4,1,2,2,2,-1,-1,8992,8313,10179,9394,11462,11410,0,2400,0,2458,2228,780,11008,11687,9821,10606,8538,8590,51884,0
50000,3,4,4,-1,-1,-1,-1,-1,-1,25436,27445,28585,29736,21356,23403,2445,1585,1736,2356,2403,2414,24564,22555,21415,20264,28644,26597,143022,0
20000,3,2,4,2,2,2,2,-1,-1,5682,6437,7181,7908,8781,9645,1000,1000,1000,1000,1000,0,14318,13563,12819,12092,11219,10355,40634,1
150000,1,2,4,-1,-1,2,-1,-1,-1,8706,2484,70,90000,9068,2349,2508,0,90000,9068,0,1985,141294,147516,149930,60000,140932,147651,9116,0
50000,3,6,4,-1,-1,-1,-1,-1,-1,44788,45471,46394,47865,47455,48426,2352,2275,2398,1336,1366,1444,5212,4529,3606,2135,2545,1574,269228,1
50000,2,4,4,-1,-1,-1,-1,-1,-1,50566,50050,37005,20145,19620,18872,1738,1746,1289,1684,684,702,-566,-50,12995,29855,30380,31128,188415,0
50000,3,4,4,2,2,2,2,2,-1,32215,33384,34554,35690,34817,36252,2000,2000,2000,0,2000,2000,17785,16616,15446,14310,15183,13748,196912,0
200000,3,2,4,1,-1,-1,-1,-1,-1,-186,846,1350,13524,570,2622,1032,1350,13534,570,2622,1050,200186,199154,198650,186476,199430,197378,-1432,0
80000,3,4,4,-1,-1,-1,-1,-1,-1,42635,39508,36060,30470,18306,7432,1623,1740,1200,366,7432,0,37365,40492,43940,49530,61694,72568,162050,0
50000,3,4,4,-1,-1,-1,-1,-1,-1,48155,49157,50417,48371,15417,16194,1798,2058,1683,600,1017,20698,1845,843,-417,1629,34583,33806,199857,0
200000,3,2,4,2,2,3,2,2,2,159017,162697,163143,161906,165807,169599,9159,4842,3000,8000,7000,3000,40983,37303,36857,38094,34193,30401,947168,0
210000,3,2,4,-1,-1,-1,-1,-1,-1,94343,96278,98213,99763,99793,101879,3500,3500,4500,3600,3694,3728,115657,113722,111787,110237,110207,108121,567747,0
80000,3,2,4,-1,-1,-1,-1,-1,-1,78573,69116,64325,59653,55159,56277,3001,2500,2000,2000,2000,2000,1427,10884,15675,20347,24841,23723,369602,0
200000,3,2,4,-1,-1,-1,-1,-1,-1,390,390,390,390,390,390,390,390,390,390,390,390,199610,199610,199610,199610,199610,199610,0,0
200000,3,2,4,-1,-1,-1,-1,-1,-1,99036,99625,99016,101661,103011,103384,3520,4500,5200,4500,3950,4300,100964,100375,100984,98339,96989,96616,579763,0
220000,3,2,4,2,-1,-1,-1,-1,-1,220053,222857,196510,120570,121664,122971,9000,6100,6000,4600,5500,3000,-53,-2857,23490,99430,98336,97029,970425,1
280000,1,2,4,-2,-1,2,-1,-1,-1,-5,4609,1351,1108,1288,3552,4614,1,1109,1290,3561,3279,280005,275391,278649,278892,278712,276448,-1951,0
250000,3,2,4,1,-1,-1,-1,-1,-1,-13,3823,839,0,1762,0,3836,839,0,1762,0,0,250013,246177,249161,250000,248238,250000,-26,0
90000,3,2,4,-1,-1,-1,-1,-1,-1,39731,38272,36858,35447,33465,31680,2000,2000,2000,1400,1400,1712,50269,51728,53142,54553,56535,58320,204941,0
320000,1,2,4,-2,-2,-2,-2,-2,-2,1100,0,0,0,0,0,0,0,0,0,0,434,318900,320000,320000,320000,320000,320000,666,0
130000,2,2,4,-1,-1,-1,-1,-1,-1,210628,215308,219970,221119,21904,22052,6800,6794,5315,2000,1000,1000,-80628,-85308,-89970,-91119,108096,107948,888072,0
50000,3,4,4,-1,-1,2,-1,-1,-1,390,780,390,390,390,1320,780,0,390,390,1320,0,49610,49220,49610,49610,49610,48680,780,0
80000,3,2,4,-1,-1,-1,-1,-1,-1,6203,6133,4802,3086,1726,1015,1094,1075,1000,35,1015,390,73797,73867,75198,76914,78274,78985,18356,0
430000,2,4,4,-1,-1,-1,-1,-1,-1,416090,422898,409626,417113,363553,357476,17107,20015,18027,14015,13010,14006,13910,7102,20374,12887,66447,72524,2290576,0
250000,1,2,4,1,-1,-1,-1,-1,-1,0,645,3490,0,4789,0,645,3490,0,4789,0,0,250000,249355,246510,250000,245211,250000,0,0
50000,2,2,4,2,2,2,2,3,2,15902,17328,18746,20623,20019,19227,2000,2000,2500,0,0,1000,34098,32672,31254,29377,29981,30773,104345,0
360000,3,6,4,-1,-1,-1,-2,-2,-2,35673,35817,-1,-1,-1,-1,1179,0,0,0,0,139,324327,324183,360001,360001,360001,360001,70168,0
450000,2,2,4,-2,-2,-1,-1,-1,-1,0,0,1215,5772,2150,670,0,1215,5780,2150,670,3625,450000,450000,448785,444228,447850,449330,-3633,0
110000,2,2,1,-1,-1,-1,-1,-1,-1,99209,54218,40110,41362,41296,41225,1766,2000,2000,2000,2000,2000,10791,55782,69890,68638,68704,68775,305654,1
360000,1,1,2,-1,-1,-1,-1,-1,-1,3187,3758,-1360,113091,114251,117922,1025,1361,116380,4001,5001,4001,356813,356242,361360,246909,245749,242078,219080,0
10000,2,2,1,-1,-1,-1,-1,2,-1,9035,5845,6793,8668,8382,8595,1300,1200,2000,0,500,396,965,4155,3207,1332,1618,1405,41922,1
200000,1,2,1,-1,-1,2,-1,-1,-1,186778,206582,201714,177469,184502,191529,23000,157,10000,10000,10000,17000,13222,-6582,-1714,22531,15498,8471,1078417,1
20000,2,2,1,-1,-1,-1,-1,-1,-1,6215,7252,8473,9769,10057,10346,1300,1500,1600,600,600,700,13785,12748,11527,10231,9943,9654,45812,1
70000,1,2,1,1,-1,-1,2,2,2,-47,653,3455,3245,1686,1681,700,3000,0,0,0,4000,70047,69347,66545,66755,68314,68319,2973,1
80000,3,2,4,2,2,-1,-1,-1,-1,71905,70150,72017,73816,75584,77365,0,3000,3000,3000,3000,3000,8095,9850,7983,6184,4416,2635,425837,1
250000,2,4,4,-2,-2,-1,-1,-1,-1,603,1867,2470,3887,4731,8710,1867,2661,3887,1000,4000,1000,249397,248133,247530,246113,245269,241290,7853,0
90000,2,2,2,-1,-1,-1,-1,-1,-1,86275,87848,88065,90032,50802,50821,4004,4000,4003,2000,2000,2000,3725,2152,1935,-32,39198,39179,435836,0
100000,2,1,3,-1,-1,-1,-1,-1,-1,98430,99998,16138,17758,18774,20272,5000,2000,2000,2000,2000,2000,1570,2,83862,82242,81226,79728,256370,0
230000,3,1,2,-1,-1,-1,-1,-1,-1,53672,75305,56484,38363,4867,2736,25000,5000,5000,4867,2736,0,176328,154695,173516,191637,225133,227264,188824,0
380000,1,2,2,-1,-1,-1,-1,-1,-1,387851,349973,689643,334456,329981,292421,13070,13000,26000,20095,11000,11000,-7851,30027,-309643,45544,50019,87579,2290160,0
390000,2,2,1,-1,-1,-1,-1,-1,-1,1246,1476,3436,4868,5781,6681,2000,2000,1500,1000,1000,1000,388754,388524,386564,385132,384219,383319,14988,0
120000,1,2,2,-2,-2,-2,-2,-2,-2,0,0,0,0,0,0,0,0,0,0,0,0,120000,120000,120000,120000,120000,120000,0,0
20000,2,1,1,-1,-1,-1,-1,-1,-1,19339,20187,17592,14588,624,19945,1500,1295,1200,624,19563,628,661,-187,2408,5412,19376,55,67465,0
20000,2,1,3,1,-1,-1,-1,-1,-1,0,3793,1100,17982,18166,0,3793,1103,17982,384,8,17839,20000,16207,18900,2018,1834,20000,-68,0
160000,1,2,1,1,-1,2,2,-2,-2,0,10139,7858,0,0,0,10139,0,0,0,0,0,160000,149861,152142,160000,160000,160000,7858,1
240000,3,2,2,-1,-1,-1,-1,-1,-1,11119,10361,10000,10200,30000,24000,10722,10000,10200,30000,4000,21245,228881,229639,230000,229800,210000,216000,9513,0
30000,2,2,1,-1,-1,-2,-2,-2,-2,41300,0,0,0,0,0,0,0,0,0,0,0,-11300,30000,30000,30000,30000,30000,41300,0
50000,2,2,1,-1,-1,-1,-1,-1,-1,5599,6696,7783,8843,9209,10070,1200,1200,1200,500,1000,500,44401,43304,42217,41157,40791,39930,42600,0
30000,2,2,1,1,2,-1,-1,-1,-1,29772,28707,29235,14040,500,22292,0,1600,1000,0,22292,1000,228,1293,765,15960,29500,7708,98654,0
20000,1,2,1,-1,-1,-1,-1,-1,-1,19247,18055,2059,2576,1834,1092,2500,1100,1500,200,200,942,753,1945,17941,17424,18166,18908,38421,0
80000,1,2,1,-1,-1,-1,-1,-1,-1,9183,9606,3158,2941,2313,1367,9643,3167,2953,3753,4,7949,70817,70394,76842,77059,77687,78633,1099,0
20000,2,2,1,3,2,2,7,7,6,2400,2400,2400,2400,2400,1800,0,0,0,0,0,0,17600,17600,17600,17600,17600,18200,13800,1
50000,2,2,1,-1,-1,-1,-1,-1,-1,40698,42018,43344,16951,16989,17230,2000,2230,1600,600,500,19742,9302,7982,6656,33049,33011,32770,150558,0
90000,1,2,1,-1,-1,-1,-1,-1,-1,90888,85293,69482,60244,22640,3270,6000,4008,30055,15050,3270,16488,-888,4707,20518,29756,67360,86730,256946,0
50000,2,2,1,-1,-1,-1,-1,-1,-1,999,593,-7,2636,-39,13000,594,0,2643,0,13039,128,49001,49407,50007,47364,50039,37000,778,0
20000,2,2,1,-1,-1,2,2,4,3,10208,14972,17432,19548,18948,18358,4972,3000,2700,0,0,1000,9792,5028,2568,452,1052,1642,87794,1
30000,2,2,1,-2,-2,-2,-2,-2,-2,0,0,0,0,0,0,0,0,0,0,0,0,30000,30000,30000,30000,30000,30000,0,0
50000,2,2,1,1,2,-1,-1,-1,-1,52319,51185,51334,49312,8027,8603,0,3200,3110,32356,700,1700,-2319,-1185,-1334,688,41973,41397,179714,0
20000,2,2,1,-1,-1,-1,-1,-1,-1,19178,18852,16648,19395,20271,20445,2000,1500,4000,2000,2000,2900,822,1148,3352,605,-271,-445,100389,0
20000,2,2,1,1,2,-1,-1,-1,-1,19512,17692,19136,20080,17366,17128,0,1736,1618,902,1000,869,488,2308,864,-80,2634,2872,104789,0
20000,2,2,1,3,2,2,-1,2,2,18781,13255,0,20358,18044,20325,0,0,20358,0,2577,0,1219,6745,20000,-358,1956,-325,67828,0
50000,3,2,1,2,-1,-1,-1,-1,-1,47021,48423,44450,956,976,1976,2543,2150,956,20,1000,1000,2979,1577,5550,49044,49024,48024,136133,1
20000,2,2,1,-1,-1,-1,2,-1,-1,19555,17152,19637,18671,20116,17617,2000,3100,1000,2000,1000,1100,445,2848,363,1329,-116,2383,102548,0
20000,2,2,1,-1,-1,-1,2,-1,-1,14784,15483,18109,17521,18026,19082,1253,2879,0,796,1500,0,5216,4517,1891,2479,1974,918,96577,0
50000,2,2,1,-1,-1,-1,-1,-1,-1,48241,49445,51060,50033,9298,7877,2000,2412,5178,5500,500,500,1759,555,-1060,-33,40702,42123,199864,1
10000,2,2,1,2,-1,-1,2,2,2,5232,6410,8717,8431,9079,9110,1273,2580,0,942,321,0,4768,3590,1283,1569,921,890,41863,1
10000,2,2,1,-2,-1,-1,-1,-1,-1,998,780,390,3622,3695,3126,780,390,3622,108,246,98,9002,9220,9610,6378,6305,6874,7367,1
20000,1,2,1,-1,-1,-1,-1,-1,-1,16620,17446,18534,19145,19547,19947,2000,2000,1278,1000,1000,764,3380,2554,1466,855,453,53,103197,0
10000,2,2,1,-1,-1,-1,-1,-1,-1,8780,4060,2774,3764,4001,5134,1100,1300,1200,300,1200,0,1220,5940,7226,6236,5999,4866,23413,0
50000,2,2,1,-1,-1,-1,-1,-1,-1,11669,12665,12905,13498,13993,13854,1502,1522,1505,1000,1000,1000,38331,37335,37095,36502,36007,36146,71055,0
30000,2,2,1,-1,-1,-1,-1,-1,-1,7653,8864,10062,11581,12580,13716,1500,1500,2000,1500,1500,1500,22347,21136,19938,18419,17420,16284,54956,1
170000,1,2,1,-1,-1,-1,-1,-1,-1,118084,112312,107396,96064,96984,93711,3800,13000,3593,3020,3090,2916,51916,57688,62604,73936,73016,76289,595132,0
50000,2,2,1,-1,-1,-2,-2,-1,2,51550,0,0,0,15239,14853,0,0,0,15239,0,540,-1550,50000,50000,50000,34761,35147,65863,1
60000,2,2,1,2,-1,-1,-1,-1,-1,27019,25100,21023,16973,12410,11944,1686,2000,1000,1000,6000,5000,32981,34900,38977,43027,47590,48056,97783,1
50000,3,2,1,-1,-1,-1,-1,-1,-1,50316,48987,49299,48103,48669,48507,3000,3000,2200,2000,2000,2300,-316,1013,701,1897,1331,1493,279381,0
50000,2,2,1,-1,-1,-1,-1,-1,-1,46831,47233,22469,28197,18784,17263,4000,2442,28197,634,799,3200,3169,2767,27531,21803,31216,32737,141505,0
50000,2,2,1,-1,-1,-1,-1,-1,-1,49907,49355,34833,28614,29133,29340,1963,1539,1200,719,43945,1001,93,645,15167,21386,20867,20660,170815,0
100000,3,2,1,1,2,-1,-1,-1,-1,100364,97551,66365,62913,9389,6076,107,2893,2104,312,207,2004,-364,2449,33635,37087,90611,93924,335031,0
10000,1,2,1,-1,-1,-1,-1,-1,-1,5642,6652,7683,9040,9222,9580,1112,1143,1500,324,500,377,4358,3348,2317,960,778,420,42863,0
80000,1,2,1,1,-2,-2,-2,-2,-2,0,0,0,0,0,0,0,0,0,0,0,0,80000,80000,80000,80000,80000,80000,0,1
300000,2,2,1,-2,-2,-2,-2,-2,-2,0,0,0,0,0,0,0,0,0,0,0,0,300000,300000,300000,300000,300000,300000,0,0
10000,1,2,1,1,2,-1,-1,-1,2,9020,8707,8519,9505,10127,9677,0,1391,1300,900,0,500,980,1293,1481,495,-127,323,51464,1
30000,1,2,1,-1,-1,2,-1,3,2,5857,20190,18794,6650,6118,2235,18794,0,6650,0,0,13000,24143,9810,11206,23350,23882,27765,21400,0
50000,1,2,1,-1,-1,-1,-1,-1,-1,20472,19077,20094,19559,16795,17233,1700,1641,1600,600,1000,1300,29528,30923,29906,30441,33205,32767,105389,0
30000,1,2,1,-1,-1,-1,-1,-1,-1,1426,2539,3437,5365,6275,7172,1300,1100,2000,1000,1000,2000,28574,27461,26563,24635,23725,22828,17814,0
90000,1,2,1,1,-2,-1,-1,-1,-1,0,0,403,33982,30738,29018,0,403,33982,1000,1000,1000,90000,90000,89597,56018,59262,60982,56756,0
20000,1,2,1,2,2,2,2,2,2,5996,7040,7897,7622,8294,8016,1300,1128,0,800,0,1500,14004,12960,12103,12378,11706,11984,40137,1
80000,1,2,1,-1,-1,-1,-1,-1,-1,444,444,444,888,888,444,444,444,888,444,0,1038,79556,79556,79556,79112,79112,79556,294,0
90000,2,2,1,-1,-1,-1,-1,-1,-1,86724,91394,78767,74007,29480,27941,7016,3800,2406,595,570,67,3276,-1394,11233,15993,60520,62059,373859,0
20000,3,2,1,2,-1,-1,2,2,2,8295,9310,12130,11644,12250,11910,1160,2980,0,1100,0,1000,11705,10690,7870,8356,7750,8090,59299,1
30000,2,2,1,-1,-1,-1,-1,-1,-1,1473,390,390,390,0,780,390,390,390,0,780,0,28527,29610,29610,29610,30000,29220,1473,1
10000,2,2,1,-1,-1,-1,-1,-1,-1,9984,9974,9900,9941,9250,9403,1300,1300,1041,1000,2000,464,16,26,100,59,750,597,51347,1
70000,1,2,1,-1,-1,-1,-1,-1,-1,31011,28034,26363,22587,21770,19525,2002,1435,1294,1000,1000,1001,38989,41966,43637,47413,48230,50475,141558,0
40000,1,2,1,2,-1,-1,2,2,-1,36460,37549,40527,41036,39103,38945,2000,3900,1500,0,1600,1600,3540,2451,-527,-1036,897,1055,223020,1
170000,2,2,1,-1,-1,-1,-1,-1,-1,145354,143279,87885,84534,74758,78633,8000,3500,4000,4000,6000,0,24646,26721,82115,85466,95242,91367,588943,1
10000,2,2,1,1,2,2,-2,-2,-2,9774,10400,0,0,0,0,1000,0,0,0,0,0,226,-400,10000,10000,10000,10000,19174,0
30000,2,2,1,2,-1,-1,-1,-1,-1,29608,27471,29075,26011,13900,0,1600,3000,1200,139,0,0,392,2529,925,3989,16100,30000,120126,0
10000,2,2,1,1,2,2,2,2,2,6496,6246,8965,8672,9525,9228,0,3000,0,1000,0,800,3504,3754,1035,1328,475,772,44332,1
50000,1,2,1,-1,-1,-1,-1,-1,-1,48061,47003,13063,25224,14197,13872,2000,2000,2000,2000,2000,2000,1939,2997,36937,24776,35803,36128,149420,0
30000,4,2,1,-1,-1,-1,-1,2,2,21652,22656,23804,25668,24887,0,1369,1517,2381,0,0,0,8348,7344,6196,4332,5113,30000,113400,0
50000,1,2,1,-1,-1,2,-1,-1,-1,30011,35743,34435,30859,27429,24222,7000,416,3000,3000,3000,3000,19989,14257,15565,19141,22571,25778,163283,0
20000,3,2,1,1,2,-1,-1,-1,-1,20464,19322,19004,19558,19176,19441,4,1640,1589,1000,1001,1004,-464,678,996,442,824,559,110727,0
10000,2,2,1,-1,-1,-1,-1,-1,-1,3684,4715,5785,7134,3535,4323,1100,1155,1500,1000,1000,1000,6316,5285,4215,2866,6465,5677,22421,1
50000,2,2,1,1,-2,-2,-2,-2,-2,-1000,0,0,0,0,0,1000,0,0,0,2000,0,51000,50000,50000,50000,50000,50000,-4000,0
50000,2,2,1,1,2,2,-1,-1,-1,59197,55551,54083,50000,10135,9952,2000,0,1000,10135,358,403,-9197,-5551,-4083,0,39865,40048,225022,1
50000,2,2,1,-1,-1,2,2,-1,-1,47077,48872,16012,14228,19546,19473,2800,0,1644,63965,705,798,2923,1128,33988,35772,30454,30527,95296,0
160000,2,2,1,-1,-1,-1,-1,-1,-1,60905,62905,71405,82926,84278,93641,2000,8500,13000,2668,11259,2043,99095,97095,88595,77074,75722,66359,416590,0
50000,2,2,1,-1,-1,-1,-1,2,-1,50140,15519,19520,21103,20101,20402,3000,5000,2300,0,1000,2000,-140,34481,30480,28897,29899,29598,133485,0
30000,1,2,1,-1,-1,-1,-1,-1,-1,14857,16302,17333,18735,18952,19195,2000,1598,2000,825,698,701,15143,13698,12667,11265,11048,10805,97552,0
60000,2,2,1,5,4,3,2,-1,-1,67940,65957,64005,61769,51722,44956,0,0,0,51722,16000,1100,-7940,-5957,-4005,-1769,8278,15044,287527,1
150000,2,2,1,-1,-1,-1,-1,-1,-1,153932,153573,153309,152357,153133,0,5500,5509,5672,6787,0,832,-3932,-3573,-3309,-2357,-3133,150000,742004,0
30000,3,2,1,-1,-1,2,-1,-1,-1,25535,28738,27999,28097,28670,7770,3641,0,1000,573,1000,0,4465,1262,2001,1903,1330,22230,140595,0
20000,1,2,1,-1,-1,-1,-1,-1,-1,587,2195,1758,3720,3820,0,2195,1500,3720,100,0,0,19413,17805,18242,16280,16180,20000,4565,0
20000,2,2,1,-1,-1,-1,-2,-2,-1,18838,15349,0,0,0,19125,1200,0,0,0,19125,1000,1162,4651,20000,20000,20000,875,31987,0
50000,2,1,1,-1,-1,-1,-1,-1,-1,17331,17961,18689,19284,19517,19193,1600,1700,1600,1200,1000,1000,32669,32039,31311,30716,30483,30807,103875,0
200000,1,2,2,-1,-1,-1,-1,-1,-1,66471,67010,67627,68085,69445,71242,2387,2485,2414,2434,2863,3000,133529,132990,132373,131915,130555,128758,394297,0
70000,2,2,1,-1,-1,-1,-1,-1,-2,60719,61607,68091,69028,-61372,79256,2500,7500,3182,25200,102000,12152,9281,8393,1909,972,131372,-9256,124795,0
150000,1,1,1,-1,-1,-1,-1,-1,-1,145728,145240,148755,133414,101284,73255,5002,6009,3259,149,1866,0,4272,4760,1245,16586,48716,76745,731391,0
130000,4,2,1,1,2,-1,-1,-1,-1,136378,129545,131045,128104,121641,123470,0,5115,4527,4500,8908,5,-6378,455,-1045,1896,8359,6530,747128,0
20000,3,2,1,-1,-1,-1,-1,2,2,13621,14984,16431,18835,18235,19535,1596,2000,3000,0,1600,0,6379,5016,3569,1165,1765,465,93445,0
60000,1,2,1,-1,-1,-1,-1,-1,-1,2165,18214,13172,8717,8552,9902,18214,13000,2000,3000,2000,0,57835,41786,46828,51283,51448,50098,22508,0
50000,2,2,1,-1,-1,-1,-1,-1,-1,50603,50116,48063,43787,9226,9628,2500,2505,2531,530,2000,1000,-603,-116,1937,6213,40774,40372,200357,0
210000,2,2,1,-1,-1,-1,-1,-1,-1,65795,54166,73077,62288,66309,66393,2151,20000,2205,5000,1982,1982,144205,155834,136923,147712,143691,143607,354708,0
150000,1,2,1,-2,-2,-2,-2,-1,-1,13707,12119,121170,27949,23158,67745,16408,96373,28005,5021,50000,4004,136293,137881,28830,122051,126842,82255,66037,0
50000,2,2,1,-1,-1,-1,-1,-1,-1,47034,47521,47633,47482,48162,48926,2100,2500,2000,2000,1685,2000,2966,2479,2367,2518,1838,1074,274473,0
40000,1,2,1,1,-2,-2,-2,-1,-1,0,0,0,0,2605,3554,0,0,0,2605,1000,2000,40000,40000,40000,40000,37395,36446,554,0
90000,3,2,1,2,2,2,2,2,-1,88072,90221,91898,91334,59253,58519,4500,4000,2090,0,2078,2900,1928,-221,-1898,-1334,30747,31481,463729,1
70000,1,2,1,-1,-1,-1,-1,-2,-1,64317,59944,30206,0,0,5000,2500,1000,0,0,5000,5862,5683,10056,39794,70000,70000,65000,145105,0
20000,1,2,1,-1,-1,-1,-1,-1,-1,39628,20571,19089,19658,19453,19108,1610,1323,1600,830,700,674,-19628,-571,911,342,547,892,130770,0
30000,1,2,1,-1,-1,-1,2,-1,-1,28436,28845,31071,30248,30354,29088,1800,3300,0,1500,1500,1300,1564,1155,-1071,-248,-354,912,168642,0
20000,2,2,1,1,2,-1,-1,-1,-1,19099,18114,18437,19267,19696,16876,0,1370,1200,1000,5000,1500,901,1886,1563,733,304,3124,101419,0
60000,2,2,1,2,-1,-1,-1,-1,-1,60760,60011,61333,60082,38897,39422,2740,2893,2210,938,1188,0,-760,-11,-1333,-82,21103,20578,310536,1
50000,2,2,1,1,2,-1,-1,2,2,16412,15851,16889,19909,19291,20675,0,1294,3314,0,1700,0,33588,34149,33111,30091,30709,29325,102719,0
50000,1,2,1,2,-1,-1,-1,-1,-1,48966,49985,50760,49535,30358,30302,2130,1905,1811,1100,1100,1200,1034,15,-760,465,19642,19698,250660,0
10000,2,2,1,-1,-1,-1,-1,-1,-1,7806,8615,7851,8704,8877,9063,1114,1292,1145,318,329,331,2194,1385,2149,1296,1123,937,46387,1
20000,3,2,1,1,4,3,2,-1,-1,21425,21410,20786,19994,10700,0,620,0,4,0,0,0,-1425,-1410,-786,6,9300,20000,93691,1
110000,1,2,1,-1,-1,-1,-1,-1,-1,58301,57861,47409,47743,45654,26525,2179,2191,1525,18236,1500,2000,51699,52139,62591,62257,64346,83475,255862,0
30000,2,2,1,1,2,-1,-1,-1,-1,21871,21222,22555,23874,14500,16500,0,1681,2000,2000,2000,2000,8129,8778,7445,6126,15500,13500,110841,0
200000,1,2,1,-1,-1,-1,-1,-1,-1,3592,3622,7990,10392,7042,5692,3622,7990,6000,0,2000,5000,196408,196378,192010,189608,192958,194308,13718,1
70000,2,2,1,-1,-1,-1,-1,-1,-1,17058,59481,50890,50981,54122,58227,52896,2047,1861,4000,5000,3044,52942,10519,19110,19019,15878,11773,221911,0
80000,3,2,1,-1,-1,2,2,2,-1,10100,59714,62163,62756,61149,62464,50000,4000,2200,0,2300,5108,69900,20286,17837,17244,18851,17536,254738,0
80000,2,1,1,-1,-1,-1,-1,-1,-1,81099,81449,79887,76067,73077,76894,10000,5000,10000,6500,5000,5000,-1099,-1449,113,3933,6923,3106,426973,0
20000,2,2,1,-1,-1,-1,-1,-1,-1,4091,5316,6467,7500,7497,8170,1300,1400,1300,270,795,0,15909,14684,13533,12500,12503,11830,33976,0
10000,2,2,1,-1,-1,-1,-1,-1,-1,8579,3714,4158,4654,3080,0,1060,1104,1000,31,0,0,1421,6286,5842,5346,6920,10000,20990,0
60000,3,2,1,-1,-1,-1,-1,-1,-1,56753,57530,59869,59942,28934,27461,2700,3869,2742,1200,1461,1504,3247,2470,131,58,31066,32539,277013,0
50000,2,2,1,-1,-1,-1,-1,-1,-1,47452,48663,50297,36164,37616,39062,2000,2500,2000,2000,2000,2000,2548,1337,-297,13836,12384,10938,246754,1
110000,1,2,1,-1,-1,-1,-1,-1,-1,107560,100395,79889,70062,70901,72754,4024,3008,3200,2600,3000,3000,2440,9605,30111,39938,39099,37246,482729,1
210000,1,1,1,1,2,-1,-1,-1,-1,26845,23283,11896,8097,7902,7917,66,2524,1311,1000,291,1000,183155,186717,198104,201903,202098,202083,79748,0
40000,1,2,1,1,2,2,2,2,2,37681,36775,39982,38979,39479,39329,0,3800,0,1200,0,0,2319,3225,18,1021,521,671,227225,0
360000,1,2,1,-2,-2,-2,-2,-2,-2,6001,5868,-1,592,-8,-8,5874,1,593,0,0,0,353999,354132,360001,359408,360008,360008,5976,0
320000,2,1,1,-1,-1,-1,-1,-1,-1,48998,33175,16784,9558,11022,11953,6105,3394,2100,1580,1016,1078,271002,286825,303216,310442,308978,308047,116217,0
130000,1,2,1,-1,-1,-1,-1,-1,-1,1439,3548,1958,1462,2573,2402,3555,1010,1466,2581,2509,3013,128561,126452,128042,128538,127427,127598,-752,0
130000,2,2,1,2,2,2,-1,-1,-1,137204,139189,133521,133182,103161,103031,7000,0,5133,5000,5000,5000,-7204,-9189,-3521,-3182,26839,26969,722155,1
50000,2,2,1,-1,-1,-1,-1,-1,-1,47661,43914,38734,23152,19860,19486,1789,1549,1611,800,802,760,2339,6086,11266,26848,30140,30514,185496,0
50000,1,2,1,-1,-1,-1,-1,-1,-1,45626,16533,10745,9994,16829,13051,3000,9537,5000,10000,5000,2000,4374,33467,39255,40006,33171,36949,78241,0
360000,3,1,1,-2,-2,-2,-2,-2,-2,1097,778,2999,-1,-1,-1,780,3021,0,0,0,0,358903,359222,357001,360001,360001,360001,1070,0
160000,3,2,1,2,2,2,-1,-1,-1,70373,80166,34775,34073,15676,99436,11450,0,142848,1800,90000,3300,89627,79834,125225,125927,144324,60564,85101,1
200000,1,2,1,-1,-1,-1,-1,-2,-2,26230,2829,6721,-780,-780,-780,2829,4000,780,0,0,0,173770,197171,193279,200780,200780,200780,25831,0
30000,3,2,1,2,2,2,2,2,2,14598,13998,15467,14913,17692,16302,2000,2000,0,3009,0,2000,15402,16002,14533,15087,12308,13698,83961,0
360000,1,2,1,-1,-1,-1,-1,-1,-1,50536,28219,24996,17509,5486,5295,1527,2670,1062,514,113,245,309464,331781,335004,342491,354514,354705,125910,0
20000,1,2,1,-1,-1,-1,-1,-1,-1,19262,34729,18808,18302,18995,19400,1310,3190,1500,1000,860,900,738,-14729,1192,1698,1005,600,120736,0
80000,2,2,1,1,2,2,2,2,2,63467,66811,68247,68531,69808,70544,5000,3100,2000,3000,2000,4000,16533,13189,11753,11469,10192,9456,388308,1
490000,1,2,1,-1,-1,-1,-1,-1,-1,325669,206515,144853,132268,118899,79223,10041,7415,7025,44324,3119,2780,164331,283485,345147,357732,371101,410777,932723,0
10000,1,2,1,-1,-1,-1,-1,-1,-1,1483,46,915,352,105,0,46,915,352,105,0,1000,8517,9954,9085,9648,9895,10000,483,0
20000,2,2,1,-1,-1,-1,-1,-1,-1,13422,14886,15927,11939,10782,12599,2000,1667,2309,2000,2000,2000,6578,5114,4073,8061,9218,7401,67579,0
30000,2,2,1,1,2,-1,-1,2,2,12925,13411,14190,16218,15663,17250,1000,1300,2273,0,2000,0,17075,16589,15810,13782,14337,12750,83084,1
50000,2,2,1,-1,-1,-1,-1,-1,-1,47052,47874,40933,16603,16932,17287,1728,2856,1276,605,627,633,2948,2126,9067,33397,33068,32713,178956,0
340000,2,2,1,-1,-1,-1,-1,-1,-1,170717,174026,177359,173334,176605,180205,6401,6501,6101,6201,6501,6601,169283,165974,162641,166666,163395,159795,1013940,0
180000,1,2,1,-1,-1,-2,-1,-1,-1,189,-2811,-2811,126884,129020,131708,0,0,131453,4209,4350,4099,179811,182811,182811,53116,50980,48292,238068,0
40000,1,2,1,-1,-1,-1,2,-1,-1,38131,35382,38744,38807,39933,38646,1600,4950,1400,2000,1400,1500,1869,4618,1256,1193,67,1354,216793,0
140000,1,2,1,-1,-1,-1,-1,-2,-2,24602,12526,9032,0,0,0,5063,9032,0,0,0,0,115398,127474,130968,140000,140000,140000,32065,0
210000,1,2,1,-1,-1,-1,-1,-1,-1,36017,32205,29104,29447,12411,5555,3015,3004,3058,1000,5000,4002,173983,177795,180896,180553,197589,204445,125660,0
150000,1,2,1,-2,-1,-1,-1,-1,-1,600,360,1401,2360,70,420,360,1041,1000,70,660,0,149400,149640,148599,147640,149930,149580,2080,0
160000,2,2,1,-1,-1,-1,-1,-1,-1,77838,76054,73992,73246,71321,141494,3300,3275,3000,3000,3000,3500,82162,83946,86008,86754,88679,18506,494870,0
50000,3,2,1,1,2,2,-1,-1,-1,52354,52651,51056,49515,42189,19938,2211,0,2174,2000,6473,0,-2354,-2651,-1056,485,7811,30062,254845,1
50000,1,2,1,-1,-1,-1,-1,-1,-1,31292,32766,34426,34725,18049,19593,2000,2500,1353,1500,2000,1501,18708,17234,15574,15275,31951,30407,159997,0
40000,1,2,1,-1,-1,-1,-1,-1,-1,39868,25714,17351,21567,18388,18353,1259,1700,6000,800,800,800,132,14286,22649,18433,21612,21647,129882,0
70000,1,2,1,-1,-1,-1,-1,-1,-1,16861,7553,8670,9764,9954,10144,1300,1400,1400,500,500,1000,53139,62447,61330,60236,60046,59856,56846,0
310000,2,2,1,-1,-1,-1,-1,-1,-1,22936,255040,241092,242850,237818,237762,240101,9012,8549,8324,8524,9052,287064,54960,68908,67150,72182,72238,953936,0
40000,1,2,1,2,-1,-1,-1,-1,2,1892,1889,1716,41710,42219,39774,1889,1716,41710,2800,0,1500,38108,38111,38284,-1710,-2219,226,79585,1
50000,1,2,1,-1,-1,-1,-1,-1,-1,658,4160,3225,656,176,0,4179,3225,656,176,0,476,49342,45840,46775,49344,49824,50000,163,0
140000,1,2,1,-1,-1,-1,-1,-1,-1,130905,122390,122024,112367,67820,66595,6067,6723,4069,5000,3200,3000,9095,17610,17976,27633,72180,73405,594042,0
80000,2,2,1,1,2,2,2,2,2,53576,52128,56657,57340,55823,58260,0,6000,2200,0,3500,3500,26424,27872,23343,22660,24177,21740,318584,1
230000,1,1,1,-1,-1,-1,-1,-1,-1,1727,0,8879,8034,8585,7708,0,8879,1100,1000,1000,1000,228273,230000,221121,221966,221415,222292,21954,0
50000,2,2,1,1,2,2,2,2,2,6283,6034,7925,8631,8855,8585,0,2000,1000,500,2,500,43717,43966,42075,41369,41145,41415,42311,1
160000,1,2,1,-1,-1,2,-1,-1,-1,701,3442,2551,4217,1255,1554,3442,18,4217,0,1000,888,159299,156558,157449,155783,158745,158446,4155,1
200000,3,2,1,2,-1,-1,-1,-1,-1,72763,53839,34228,26418,22196,15973,5041,14031,15021,15007,14004,14012,127237,146161,165772,173582,177804,184027,148301,1
130000,3,2,1,2,-1,-1,-1,-1,-2,1985,1666,1306,2049,0,0,1671,1306,2049,0,0,1497,128015,128334,128694,127951,130000,130000,483,0
130000,3,2,1,-1,-1,-1,-1,-1,-1,65861,67857,69945,74082,75653,77259,3698,3786,5923,2796,2815,2929,64139,62143,60055,55918,54347,52741,408710,0
100000,2,2,1,1,2,2,2,-1,-1,96469,99750,100783,89898,58404,35078,7000,4000,49,5000,4000,10000,3531,250,-783,10102,41596,64922,450333,0
160000,2,2,2,-1,-1,-1,-1,-1,-2,3197,1936,2329,2332,-4,-4,1941,2645,2339,0,0,0,156803,158064,157671,157668,160004,160004,2861,0
60000,1,2,1,-1,-1,-1,-1,-1,-1,31235,31462,31499,16773,11568,9727,6050,6037,5084,6000,4000,3832,28765,28538,28501,43227,48432,50273,101261,0
220000,1,2,1,1,2,2,2,2,2,31012,30215,33117,32286,34320,33634,0,3400,0,2576,0,2671,188988,189785,186883,187714,185680,186366,185937,1
50000,1,2,1,-1,-1,-1,-1,-1,-1,2159,1956,5592,10676,671,9826,1961,5608,11906,673,9855,7627,47841,48044,44408,39324,49329,40174,-6750,1
160000,2,2,1,-2,-2,-2,-2,-2,-2,2161,1672,2579,2313,2287,3442,1681,2717,2324,2298,3462,2637,157839,158328,157421,157687,157713,156558,-665,0
60000,2,2,1,2,-1,-1,2,-1,-1,58598,56486,60877,56138,56806,57935,2632,5924,0,2200,2200,2290,1402,3514,-877,3862,3194,2065,331594,1
210000,1,2,1,-2,-2,-2,-2,-2,-2,15648,2008,-4291,-4291,-4291,-4291,2500,0,0,0,0,0,194352,207992,214291,214291,214291,214291,-2008,0
360000,1,2,1,-1,-1,-1,-1,-1,-1,375392,373004,371567,375352,316076,314588,13290,14012,20000,16000,16000,290000,-15392,-13004,-11567,-15352,43924,45412,1756677,0
120000,1,2,1,-1,-1,-1,-1,-1,-1,59688,57627,58417,49050,49722,48898,3000,3000,2000,2000,2000,3000,60312,62373,61583,70950,70278,71102,308402,0
250000,3,1,1,-1,-1,-1,-1,-1,-1,149499,119726,111690,114776,110902,114018,15000,10000,10000,10000,5000,5000,100501,130274,138310,135224,139098,135982,665611,0
210000,2,2,1,-1,-1,-1,-1,-2,-2,4432,5373,6200,0,0,0,1173,1000,0,0,0,0,205568,204627,203800,210000,210000,210000,13832,0
380000,1,2,1,-2,-2,-2,-2,-2,-2,1294,1058,359,359,359,509,1058,359,359,359,509,359,378706,378942,379641,379641,379641,379491,935,0
240000,2,2,1,-1,-1,-1,-1,-1,-1,81861,81446,82907,84832,87123,85363,15000,4000,4000,4000,3000,3000,158139,158554,157093,155168,152877,154637,470532,0
20000,3,2,1,1,2,-1,-1,-1,-1,20079,18696,19872,20100,19704,18004,0,1782,1400,394,0,226,-79,1304,128,-100,296,1996,112653,0
50000,2,2,1,-1,-1,-1,-1,-1,-1,19657,20723,21784,22794,23115,23752,1700,1700,1679,1000,1010,1400,30343,29277,28216,27206,26885,26248,123336,0
200000,2,2,1,-1,-1,-1,2,-1,-1,10538,16201,20926,20260,24754,29383,6201,5000,0,5000,5054,5054,189462,183799,179074,179740,175246,170617,95753,1
470000,1,2,2,-1,-1,-1,-1,-1,-1,99931,95096,80388,75631,71464,65915,5070,4019,2019,2120,2096,1744,370069,374904,389612,394369,398536,404085,471357,0
50000,2,2,1,-1,-1,-1,2,2,-1,18894,21258,23590,24896,24200,26630,3000,3000,2000,0,3000,1500,31106,28742,26410,25104,25800,23370,126968,0
180000,1,2,1,1,-2,-1,-1,-2,-2,-366,-366,834,-96,-96,-96,0,1200,0,0,0,0,180366,180366,179166,180096,180096,180096,-1386,0
180000,1,2,1,-1,-1,-1,-1,-1,-1,131653,132462,130598,98336,86862,88618,5002,5004,3416,3074,3500,3179,48347,47538,49402,81664,93138,91382,645354,0
190000,1,2,1,2,2,2,-1,-1,2,114355,124449,121093,123126,131120,134135,13500,0,5500,10000,5200,5000,75645,65551,68907,66874,58880,55865,709078,1
180000,1,2,1,-1,-1,-1,-1,-1,-1,758,0,1022,2004,0,2051,0,1022,2016,0,2051,0,179242,180000,178978,177996,180000,177949,746,1
50000,2,2,1,-1,-1,-1,-1,-1,-1,48065,48355,49009,49949,50479,50702,1800,1844,2200,2000,1800,2038,1935,1645,991,51,-479,-702,284877,0
20000,1,2,1,-1,-1,-1,-1,-1,-1,18069,17905,18712,19682,18384,18768,2180,1400,1300,1000,680,1100,1931,2095,1288,318,1616,1232,103860,0
80000,2,2,1,-1,-1,-1,-1,-1,-1,8852,1946,1473,48029,47525,47181,1000,1000,48029,2000,2000,2000,71148,78054,78527,31971,32475,32819,98977,1
160000,1,2,1,-1,-1,-1,-1,-1,-1,498,498,493,16931,18913,19272,498,493,16936,8030,7000,500,159502,159502,159507,143069,141087,140728,23148,0
200000,1,2,1,-1,-1,-1,-1,-1,-1,3773,3990,9048,4700,800,4082,4029,9048,4700,800,4082,0,196227,196010,190952,195300,199200,195918,3734,0
180000,1,1,2,1,1,-2,-2,-2,-2,143900,0,0,0,0,0,10000,0,0,0,0,0,36100,180000,180000,180000,180000,180000,133900,0
360000,2,2,2,-1,-1,-1,-1,-1,-1,282222,154050,0,18,18,18,7100,0,18,0,0,2034,77778,205950,360000,359982,359982,359982,427174,0
50000,2,2,1,2,2,2,2,2,-2,61143,58394,52805,52546,8959,9812,3000,0,1489,51285,1000,368,-11143,-8394,-2805,-2546,41041,40188,186517,1
30000,2,2,2,2,3,2,2,2,-1,32704,31895,31091,31002,29879,29382,0,0,2300,0,996,1000,-2704,-1895,-1091,-1002,121,618,181657,0
30000,1,2,1,-1,-1,-1,-1,-1,-1,1581,2282,2964,3360,5038,4833,1046,1044,1072,1750,182,2000,28419,27718,27036,26640,24962,25167,12964,0
100000,2,2,1,-1,-1,2,-1,-1,-1,82238,100753,93209,89813,55359,32227,20000,0,3501,3021,5011,53408,17762,-753,6791,10187,44641,67773,368658,0
260000,1,2,1,-1,-1,-1,-1,-1,-1,396,792,4970,4012,3651,5600,792,4970,4012,3651,5600,396,259604,259208,255030,255988,256349,254400,0,1
240000,1,2,1,-1,-1,-1,-1,-1,-1,13980,9969,1276,0,8621,0,9969,1276,0,8621,0,1300,226020,230031,238724,240000,231379,240000,12680,0
50000,2,2,1,1,2,2,-1,-1,2,12460,13489,12987,13699,15868,15474,1530,0,1234,2403,0,711,37540,36511,37013,36301,34132,34526,78099,0
400000,1,1,2,-1,-1,-1,-1,-1,-2,12820,15463,50040,22072,6712,5286,5427,37505,10077,233,5312,6991,387180,384537,349960,377928,393288,394714,46848,0
70000,1,2,1,-1,-1,2,4,3,3,51923,55699,61285,59727,60669,59442,5265,7064,0,2500,0,0,18077,14301,8715,10273,9331,10558,333916,1
280000,3,2,2,-1,-1,-1,-1,-1,-1,104252,107034,109958,112850,115092,117496,4510,4654,4730,4119,4258,4292,175748,172966,170042,167150,164908,162504,640119,0
80000,1,2,2,-1,-1,-1,-1,-1,-1,40276,41897,45535,45954,47706,49235,5000,7000,4000,5000,5000,2029,39724,38103,34465,34046,32294,30765,242574,0
160000,2,2,1,4,3,3,3,2,2,152924,152142,155201,157202,153311,162973,3200,7000,6000,0,12000,0,7076,7858,4799,2798,6689,-2973,905553,1
130000,2,2,1,2,2,2,2,-1,-1,132968,134505,135624,129959,93360,90040,6700,6200,0,3500,3238,3216,-2968,-4505,-5624,41,36640,39960,693602,0
180000,1,2,1,-1,-1,-1,-1,-1,-1,3810,6406,629,11542,2348,122,6406,629,11545,2348,122,0,176190,173594,179371,168458,177652,179878,3807,0
360000,1,2,1,-2,-2,-2,-2,-2,-2,8840,4951,-17,1815,1035,460,4951,0,1832,1035,460,635,351160,355049,360017,358185,358965,359540,8171,0
260000,1,2,1,-1,-1,-1,-1,-1,-1,256503,254732,244860,245165,236120,237705,9248,9021,8767,8317,8736,10025,3497,5268,15140,14835,23880,22295,1420971,1
50000,3,2,1,1,-1,-1,-1,-1,-1,0,1899,832,0,1662,4537,1899,832,0,1662,4537,2943,50000,48101,49168,50000,48338,45463,-2943,0
80000,2,1,1,-1,-1,-1,-1,-1,-1,79690,80976,57827,46390,45354,43112,3181,2050,1684,1564,1558,2000,310,-976,22173,33610,34646,36888,341312,0
230000,1,2,1,-1,-1,-1,-1,-1,-1,42314,37735,32358,114443,111520,105779,1804,2713,106028,3827,5060,30000,187686,192265,197642,115557,118480,124221,294717,0
70000,2,2,1,1,2,2,2,-1,-1,71160,67381,72192,70444,71900,0,0,6516,0,3300,0,500,-1160,2619,-2192,-444,-1900,70000,342761,0
270000,2,2,1,-1,-1,-1,-1,-1,-1,24689,29520,29722,36276,19065,17937,10058,10339,10034,54,10088,6368,245311,240480,240278,233724,250935,252063,110268,0
220000,1,2,1,-1,-1,-1,-1,-1,-1,34686,8,1744,55164,49967,7839,8,2178,55200,50148,10107,0,185314,219992,218256,164836,170033,212161,31767,0
260000,2,1,1,-1,-1,-1,-1,-1,-1,226244,230647,211483,153072,156149,144646,8304,10044,6000,5576,6000,6200,33756,29353,48517,106928,103851,115354,1080117,0
160000,1,2,1,-2,-2,-2,-2,-2,-2,2235,13695,390,4080,3390,390,13695,390,4080,3390,390,390,157765,146305,159610,155920,156610,159610,1845,0
280000,1,1,2,-1,-1,-1,-2,-1,-1,441,76,-21,-21,15237,7345,76,0,0,15258,36,0,279559,279924,280021,280021,264763,272655,7687,0
230000,1,2,1,-1,-1,-1,-1,-1,-1,8786,9865,10644,12414,15982,13324,2500,2000,2000,4000,2300,3000,221214,220135,219356,217586,214018,216676,55215,0
40000,1,2,2,-1,-1,-1,-1,-1,-1,8368,1884,200,2601,1759,-125,1000,200,2601,100,0,2412,31632,38116,39800,37399,38241,40125,8374,0
170000,1,2,2,-1,-1,-1,-1,-1,-1,166701,164561,166894,170102,165015,165571,5887,6894,6102,5807,6241,7000,3299,5439,3106,-102,4985,4429,960913,0
200000,1,1,2,3,2,2,2,2,2,2500,2500,2500,2500,2500,2500,0,0,0,0,0,0,197500,197500,197500,197500,197500,197500,15000,1
230000,2,2,1,-1,-1,2,2,-1,-1,11343,17143,17150,15298,18378,18281,7000,1249,0,4000,1000,3000,218657,212857,212850,214702,211622,211719,81344,0
50000,1,2,1,2,2,-2,-1,2,2,1893,0,0,71,71,3871,0,0,71,0,3800,0,48107,50000,50000,49929,49929,46129,2035,1
150000,2,1,1,-1,-1,-1,-1,-1,-1,42055,36366,37093,41300,0,345,2000,1413,1650,0,345,0,107945,113634,112907,108700,150000,149655,151751,0
300000,1,2,1,-2,-2,-2,-2,-2,-2,0,0,0,0,0,0,0,0,0,0,0,0,300000,300000,300000,300000,300000,300000,0,0
360000,1,2,2,-1,-1,-1,-1,-1,-1,81740,81980,90216,86410,94668,93275,8000,10055,10000,10049,10053,9006,278260,278020,269784,273590,265332,266725,471126,0
390000,1,1,2,-1,-1,-1,-1,-1,-1,54007,62761,10373,6803,2601,2979,49188,10411,6830,2608,2987,2236,335993,327239,379627,383197,387399,387021,65264,0
50000,1,2,2,-1,-1,-1,-1,-1,-1,49139,49281,42472,44810,45699,46675,1707,1948,11746,1635,1712,4000,861,719,7528,5190,4301,3325,255328,1
220000,1,2,2,-1,-1,-1,-1,-1,-1,100226,102103,103701,103673,99429,93487,5200,5500,4700,4000,4000,4000,119774,117897,116299,116327,120571,126513,575219,0
60000,2,2,1,-1,-1,-1,-1,-1,-1,48307,48602,48750,48916,27743,28646,1768,1967,1424,972,2000,1300,11693,11398,11250,11084,32257,31354,241533,0
100000,2,2,1,-1,-1,-1,-1,-1,-1,942,390,390,390,0,780,390,390,390,0,780,0,99058,99610,99610,99610,100000,99220,942,0
290000,2,2,2,-1,-1,-1,-2,-2,-1,10823,13226,652,0,652,92775,3000,978,0,652,92775,4000,279177,276774,289348,290000,289348,197225,16723,0
130000,2,2,2,-1,-1,-1,-1,-1,-1,122486,116437,112881,96191,88934,90633,6013,4911,3533,3301,3607,5516,7514,13563,17119,33809,41066,39367,600681,1
400000,1,3,2,1,-1,-1,-1,-1,-1,0,1731,499,1487,499,499,1731,499,1487,499,499,36983,400000,398269,399501,398513,399501,399501,-36983,0
30000,2,1,2,-1,-1,-1,2,-1,-1,22503,24802,29367,28108,26717,11693,3000,5000,0,1003,1000,1000,7497,5198,633,1892,3283,18307,132187,0
260000,1,2,1,-1,-1,-1,-1,-1,-1,2335,1432,718,500,5306,2091,1432,718,500,5306,0,770,257665,258568,259282,259500,254694,257909,3656,0
70000,2,2,1,-1,-1,-1,-1,-1,-1,53700,53938,47852,48538,49034,49689,2200,8808,2200,2000,2000,2300,16300,16062,22148,21462,20966,20311,283243,0
160000,1,2,1,1,-2,-2,-2,-2,-2,0,0,0,0,0,0,0,0,0,0,0,0,160000,160000,160000,160000,160000,160000,0,1
280000,1,2,2,-2,-2,-2,-2,-2,-2,3310,-6,4759,996,0,1199,0,4765,996,0,1199,909,276690,280006,275241,279004,280000,278801,2389,0
500000,1,2,2,-1,-1,-1,-1,-1,-1,33269,19084,2601,112075,163165,214575,1248,2601,112212,100000,64575,67810,466731,480916,497399,387925,336835,285425,196323,0
110000,1,2,1,-1,-1,-1,-1,-1,-1,106698,104546,100272,92615,92657,93364,6000,4800,4300,3600,3500,3600,3302,5454,9728,17385,17343,16636,564352,0
120000,2,1,1,-1,-1,2,-1,-1,-1,579,2718,1280,3783,2522,1261,3580,0,3822,0,0,1261,119421,117282,118720,116217,117478,118739,3480,0
50000,1,2,2,-1,-1,-1,-1,-1,-1,18741,12724,13804,15331,15159,10188,1724,1804,2721,1159,1188,733,31259,37276,36196,34669,34841,39812,76618,0
100000,1,2,1,-1,-1,-1,-1,-1,-1,100751,99777,99479,94028,14578,33254,3592,4252,2620,408,26130,653,-751,223,521,5972,85422,66746,404212,0
360000,1,2,1,-2,-2,-2,-2,-2,-2,6906,4893,508,0,4861,2547,4893,508,0,4861,2547,0,353094,355107,359492,360000,355139,357453,6906,0
20000,1,2,1,1,2,3,2,3,2,4473,7216,6958,7496,7231,7269,3000,0,800,0,300,0,15527,12784,13042,12504,12769,12731,36543,1
50000,3,2,1,-1,-1,-1,-1,-1,-1,46803,47796,49024,50192,49515,48038,1772,2000,2100,5400,8174,1687,3197,2204,976,-192,485,1962,270235,0
500000,1,2,2,-1,-1,-1,-1,-1,-1,309558,315956,307896,241206,242481,230232,13749,11360,9572,7110,14470,7610,190442,184044,192104,258794,257519,269768,1583458,0
50000,1,1,2,-1,-1,-1,-1,-1,-1,25411,26989,28245,29176,28696,29321,2000,2000,1500,1000,913,1800,24589,23011,21755,20824,21304,20679,158625,1
250000,3,1,2,-2,-2,-2,-2,-2,-2,0,0,0,0,0,0,0,0,0,0,0,0,250000,250000,250000,250000,250000,250000,0,1
260000,2,2,2,-1,-1,-1,-1,-1,-1,54448,55559,59635,63624,67563,69812,2017,5000,5000,5000,5000,10000,205552,204441,200365,196376,192437,190188,338624,0
150000,1,2,2,-1,-1,-1,-1,-1,-1,62854,50558,52738,53747,55271,57250,5000,3000,2500,3000,3000,4870,87146,99442,97262,96253,94729,92750,311048,0
80000,1,2,2,-1,-1,-1,-1,-2,-1,59796,60722,31023,-2639,-2787,34732,5000,14016,0,2000,38000,6000,20204,19278,48977,82639,82787,45268,115831,0
180000,3,2,2,-2,-2,-2,-2,-2,-2,9531,13558,14270,11878,12920,10190,13606,14396,11936,12965,10220,10100,170469,166442,165730,168122,167080,169810,-876,0
170000,1,1,3,-1,-1,-1,-1,2,-1,158326,119426,109136,106882,99917,97133,6043,4037,10019,9,3480,4635,11674,50574,60864,63118,70083,72867,662597,0
300000,1,1,3,-2,-2,-2,-2,-2,-2,5649,5649,5649,5699,5466,19878,5649,5649,5699,5616,20272,0,294351,294351,294351,294301,294534,280122,5105,0
230000,1,1,2,1,-1,-1,-2,-2,-2,-17,1786,0,0,0,0,1803,0,0,0,0,0,230017,228214,230000,230000,230000,230000,-34,0
470000,2,2,2,-1,-1,-1,-1,-1,-2,262980,204078,78325,119866,-6187,-8822,10929,4177,126307,36,26,27232,207020,265922,391675,350134,476187,478822,481533,0
20000,3,1,2,-1,-1,-1,-1,-1,-1,18629,19202,20459,19493,17289,17684,21473,1576,2000,600,1000,700,1371,798,-459,507,2711,2316,85407,0
70000,1,2,2,2,-1,-1,-1,-1,-1,2700,2108,2253,17743,8210,0,2108,2253,17804,8210,0,0,67300,67892,67747,52257,61790,70000,2639,0
320000,1,2,3,-1,-1,-1,-1,-1,-1,309805,237915,235917,227714,154939,102338,15818,10049,10015,14939,4338,5267,10195,82085,84083,92286,165061,217662,1208202,0
500000,1,1,2,-2,-2,-2,-2,-2,-2,2514,810,8041,68595,72011,77931,810,8081,68595,72011,77931,3608,497486,499190,491959,431405,427989,422069,-1134,0
360000,2,1,3,-2,-2,-2,-2,-2,-2,1730,2500,0,0,0,0,2500,0,0,0,0,0,358270,357500,360000,360000,360000,360000,1730,0
180000,1,1,3,-1,-1,-1,-1,-1,-1,326,326,326,326,652,326,326,326,326,652,0,326,179674,179674,179674,179674,179348,179674,326,0
100000,1,1,3,2,2,-1,-1,-1,-1,27002,26274,27045,28598,30131,32356,0,1500,2000,2000,2700,1300,72998,73726,72955,71402,69869,67644,161906,1
10000,1,1,3,2,-1,-1,-2,-2,-2,3567,1000,0,0,0,0,5000,0,0,0,0,0,6433,9000,10000,10000,10000,10000,-433,1
20000,2,2,3,-1,-1,-1,-1,-1,-1,16808,16741,14450,8796,5419,2377,1301,1000,8796,108,2377,15742,3192,3259,5550,11204,14581,17623,35267,0
70000,3,1,3,1,2,2,2,2,2,30040,29258,31137,32855,33316,34137,0,2352,2531,1300,1500,0,39960,40742,38863,37145,36684,35863,183060,0
20000,2,2,1,2,-1,-1,-1,2,2,6078,7015,8036,9597,9294,10242,1200,1140,1700,0,1100,0,13922,12985,11964,10403,10706,9758,45122,1
500000,1,1,3,-2,-2,-2,-2,-2,-2,11100,16966,10000,14218,62208,83611,16966,10000,14218,62500,83611,61880,488900,483034,490000,485782,437792,416389,-51072,0
140000,1,2,2,-1,-1,2,2,2,2,32678,37303,37114,38687,41338,40645,5400,600,2400,3500,0,1539,107322,102697,102886,101313,98662,99355,214326,0
360000,2,1,2,-1,-1,-1,-1,-1,-1,1261,1261,1261,1261,1261,1261,1261,1261,1261,1261,1261,1261,358739,358739,358739,358739,358739,358739,0,0
160000,2,1,2,1,2,-1,-1,-1,-1,5525,4039,3656,3801,2540,2279,0,1094,1500,0,1000,0,154475,155961,156344,156199,157460,157721,18246,1
200000,1,1,2,-1,-1,-1,-1,-2,-2,165,165,165,0,0,0,165,165,0,0,0,0,199835,199835,199835,200000,200000,200000,165,0
230000,3,1,3,-1,-1,2,-1,-1,-1,20271,21979,20924,20881,21262,21469,5034,0,2000,2000,2000,2000,209729,208021,209076,209119,208738,208531,113752,0
360000,1,2,2,-2,-2,-2,-2,-2,-2,0,0,0,0,0,0,0,0,0,0,0,0,360000,360000,360000,360000,360000,360000,0,1
260000,1,1,3,-1,-1,-1,-1,-1,-1,22325,27508,3923,9059,3360,3657,7590,3945,31086,3377,3667,493,237675,232492,256077,250941,256640,256343,19674,0
50000,2,1,2,2,2,2,-1,-1,-1,58175,56749,52792,50167,31778,32427,2600,0,1400,0,649,32100,-8175,-6749,-2792,-167,18222,17573,245339,1
500000,3,1,2,-1,-1,-1,-1,-1,-1,41597,50849,54927,57972,60224,71198,10000,4927,3972,3224,11980,5765,458403,449151,445073,442028,439776,428802,296899,0
230000,1,1,2,-2,-2,-2,-2,-2,-2,7904,860,-3,-3,-3,-3,864,0,0,0,0,0,222096,229140,230003,230003,230003,230003,7888,0
340000,2,1,2,-1,-1,-1,-1,-1,-1,148624,109990,112515,114951,117849,120739,4000,4000,4000,4500,5000,1500,191376,230010,227485,225049,222151,219261,701668,0
130000,3,1,2,-1,-1,-1,-1,-1,-1,6360,5375,5476,6931,99416,99702,1088,1189,2646,104590,3358,3314,123640,124625,124524,123069,30584,30298,107075,0
80000,3,1,3,-1,-1,-1,-1,-1,-1,70062,19669,20696,21709,22348,22988,1321,1348,1361,1000,1000,2000,9938,60331,59304,58291,57652,57012,169442,0
250000,1,1,3,-1,-1,-1,-1,-1,-1,396,396,396,396,396,396,396,396,396,396,396,109,249604,249604,249604,249604,249604,249604,287,0
140000,2,1,3,1,2,2,2,2,2,86114,87896,89397,90514,91661,90100,4100,3800,3500,3500,0,6900,53886,52104,50603,49486,48339,49900,513882,1
390000,1,2,2,-2,-2,-2,-2,-2,-2,73,10925,0,0,0,0,10952,0,0,0,0,0,389927,379075,390000,390000,390000,390000,46,1
260000,1,1,2,-1,-1,-1,-1,-1,-1,257456,261189,264520,249571,202144,197643,10621,9948,8914,6986,41000,7222,2544,-1189,-4520,10429,57856,62357,1347832,0
160000,2,1,3,-1,-1,-1,-1,-1,-1,69554,72390,75521,78987,80891,62113,4000,5000,10000,4000,3000,6000,90446,87610,84479,81013,79109,97887,407456,0
210000,2,2,2,-1,-1,-1,-1,-1,-2,101776,14260,40236,19011,-1031,-4873,1032,40252,19011,0,0,0,108224,195740,169764,190989,211031,214873,109084,0
90000,2,1,3,2,2,-2,-2,-2,-2,71900,0,0,0,0,0,0,0,0,0,0,0,18100,90000,90000,90000,90000,90000,71900,1
290000,1,1,3,-2,-2,-2,-2,-2,-2,2316,2131,2476,9746,7092,5449,2143,2485,9793,7123,5460,300,287684,287869,287524,280254,282908,284551,1906,0
560000,1,2,3,-1,-1,-1,-1,-1,-1,487816,471138,454471,432132,285868,291140,15933,17065,14878,8505,9027,8527,72184,88862,105529,127868,274132,268860,2348630,0
110000,2,1,2,-1,-1,2,2,-1,-1,111864,112112,114367,111064,112123,111575,11000,5500,0,4400,4500,4200,-1864,-2112,-4367,-1064,-2123,-1575,643505,0
350000,3,1,2,-1,-1,-1,-1,-1,-1,70257,73151,47298,25692,24542,23697,20001,5045,3000,2005,3001,4,279743,276849,302702,324308,325458,326303,231581,0
280000,1,2,2,-1,-1,-1,-1,-1,-1,210465,200959,146652,132527,70421,60235,10299,7200,5886,3000,5000,5000,69535,79041,133348,147473,209579,219765,784874,0
260000,1,1,3,-1,-1,-2,-2,-2,-2,34471,0,0,0,0,0,0,0,0,0,0,0,225529,260000,260000,260000,260000,260000,34471,0
440000,2,1,2,-1,-1,-1,-1,-1,-1,267475,237324,186359,119829,87068,23533,10506,8833,5456,2519,875,1018,172525,202676,253641,320171,352932,416467,892381,0
200000,4,1,3,-1,-1,-1,-1,-1,-1,49221,49599,50942,50146,50235,48984,1689,2164,2500,3480,2500,3000,150779,150401,149058,149854,149765,151016,283794,0
150000,2,2,2,1,2,2,2,2,2,133401,135703,142275,144427,146702,150647,6000,10275,6000,6000,6100,0,16599,14297,7725,5573,3298,-647,818780,0
50000,1,2,2,3,3,2,2,2,-2,65766,59702,55899,54275,20280,20038,0,2100,0,62013,858,869,-15766,-9702,-5899,-4275,29720,29962,210120,0
500000,1,2,1,-1,-1,-1,-1,-1,-1,29276,7934,635,12416,4022,259,7972,637,12553,4070,259,11675,470724,492066,499365,487584,495978,499741,17376,0
320000,1,1,1,-1,-1,-1,-1,-1,-1,40271,91965,86047,82233,72175,77831,60043,5036,5075,5017,10077,3062,279729,228035,233953,237767,247825,242169,362212,0
500000,1,1,2,1,-1,-1,2,-1,-1,0,198,198,198,115397,120250,198,0,0,115399,6211,2054,500000,499802,499802,499802,384603,379750,112379,1
500000,1,1,3,-1,-1,-1,-1,-1,-1,1302,5230,3373,14071,2915,157,5308,3527,14133,2928,2,343,498698,494770,496627,485929,497085,499843,807,1
260000,4,2,2,-1,-1,-1,-1,-1,-1,138834,143518,146714,148787,152306,155690,7000,7000,6000,6001,6000,6000,121166,116482,113286,111213,107694,104310,847848,0
330000,3,1,2,-2,-2,-2,-2,-2,-2,2184,2184,2184,2184,2184,2184,2184,2184,2184,2184,2184,2184,327816,327816,327816,327816,327816,327816,0,0
360000,2,1,2,-1,-1,-1,-1,-1,-1,338992,339254,348485,346028,338981,348032,15348,20013,20018,15000,20000,20000,21008,20746,11515,13972,21019,11968,1949393,0
360000,1,2,2,-1,-1,-1,-1,-1,-1,206597,211687,198245,217320,2500,0,10022,25045,33124,5180,0,0,153403,148313,161755,142680,357500,360000,762978,0
130000,2,2,2,2,2,3,2,-1,-1,20091,21459,20832,21386,22227,23466,2000,0,1200,1200,1600,1500,109909,108541,109168,108614,107773,106534,121961,1
320000,2,2,2,-1,-1,-1,-1,-1,-1,281017,187071,150441,167983,142305,153555,10454,80003,174169,10000,15013,1770,38983,132929,169559,152017,177695,166445,790963,0
350000,2,2,3,-1,-1,-1,-1,-1,-1,347790,352600,299797,218973,146326,107205,13000,11000,8232,7000,6000,7000,2210,-2600,50203,131027,203674,242795,1420459,1
20000,2,2,2,1,3,2,2,-1,-1,26288,23822,22922,22140,19170,17170,0,1500,18,2383,0,0,-6288,-3822,-2922,-2140,830,2830,127611,0
200000,1,2,1,-1,-1,-1,2,-1,-1,9228,7532,7246,3506,2376,123687,2100,3320,0,2400,127187,2187,190772,192468,192754,196494,197624,76313,16381,0
240000,3,1,2,-1,-1,2,-1,-1,2,45971,49321,48370,49660,53090,48215,4000,0,2000,4000,0,2000,194029,190679,191630,190340,186910,191785,282627,0
50000,2,1,1,-1,-1,-1,-1,-1,-1,39124,40474,41220,42332,43227,44530,2000,1700,1800,1600,2000,2000,10876,9526,8780,7668,6773,5470,239807,0
10000,3,1,2,-1,-1,-1,-1,-1,-1,7536,8152,8779,9379,9565,9062,1136,1153,1143,329,418,180,2464,1848,1221,621,435,938,48114,1
360000,1,2,2,1,-1,-1,-1,-1,-1,0,4260,3278,580,580,0,4260,3278,580,0,0,0,360000,355740,356722,359420,359420,360000,580,0
20000,3,1,2,-1,-1,-1,-1,-1,-2,19522,23249,16668,18389,17898,18462,4358,16730,3395,1898,1000,4674,478,-3249,3332,1611,2102,1538,82133,0
460000,1,1,3,-2,-2,-2,-2,-2,-2,0,0,0,0,0,0,0,0,0,0,0,0,460000,460000,460000,460000,460000,460000,0,1
180000,1,1,3,-1,-1,-1,-1,-1,-1,62087,63444,65420,67722,70970,72670,3000,3000,4000,5000,3000,5000,117913,116556,114580,112278,109030,107330,379313,0
50000,2,1,2,-1,-1,-1,-1,-1,-1,48792,50083,50323,48902,20012,19915,2105,1845,1746,691,1000,800,1208,-83,-323,1098,29988,30085,229840,0
70000,2,2,2,-1,-1,-1,-1,-1,-1,69921,71198,70660,67975,65805,66058,2708,2532,2569,2324,2541,2295,79,-1198,-660,2025,4195,3942,396648,0
140000,2,2,2,1,-1,-1,-1,-1,-1,10091,18324,8808,27319,19278,11505,18539,1000,27329,386,1000,16215,129909,121676,131192,112681,120722,128495,30856,0
500000,2,1,3,-1,-1,-1,-1,-1,-1,155820,171565,184782,152365,139757,153348,20000,20241,20154,20019,20151,20037,344180,328435,315218,347635,360243,346652,837035,0
280000,2,1,3,-1,-1,-1,-1,-1,-1,159967,164197,122611,119023,113754,115029,7822,4529,4238,4305,4208,4003,120033,115803,157389,160977,166246,164971,765476,0
110000,2,2,2,-1,-1,-1,-1,-1,-1,68773,69527,76273,76409,76166,76384,3500,10000,3500,3000,3000,4000,41227,40473,33727,33591,33834,33616,416532,0
90000,1,1,2,-1,-1,-1,-1,-1,-1,91641,85906,87138,87141,66964,65898,3100,4300,3900,2313,2378,2647,-1641,4094,2862,2859,23036,24102,466050,0
170000,1,1,2,-1,-1,-1,-1,-1,-1,2430,2430,2430,2430,2430,2430,2430,2430,2430,2430,2430,2599,167570,167570,167570,167570,167570,167570,-169,0
290000,1,2,3,-1,-1,-1,-1,-1,-1,135527,134414,140607,131933,135606,132906,8000,10000,5000,6000,4700,5000,154473,155586,149393,158067,154394,157094,772293,0
80000,2,1,3,1,2,-1,-1,2,2,1548,1378,3182,5124,4893,5810,0,2000,2000,0,1000,0,78452,78622,76818,74876,75107,74190,16935,0
150000,2,1,3,-1,-1,-1,-1,-1,-1,88812,89488,89951,86961,79284,74531,3309,5016,5050,3026,5000,5012,61188,60512,60049,63039,70716,75469,482614,0
80000,3,1,2,-1,-1,-1,-1,-1,-1,79135,75786,76280,71790,49835,48880,3006,4009,3006,1879,2000,2144,865,4214,3720,8210,30165,31120,385662,0
20000,1,1,3,-1,-1,-1,-1,-1,-1,18091,17237,16419,17144,17855,18567,1600,1600,1300,1000,1000,950,1909,2763,3581,2856,2145,1433,97863,1
150000,2,1,2,2,2,2,2,2,2,47529,40605,39394,37686,38810,31548,17,3105,2,2020,36,1048,102471,109395,110606,112314,111190,118452,229344,1
300000,1,1,3,-1,-1,-1,-1,-1,-1,5036,32897,6493,23292,1254,7808,32898,6493,23324,1254,7808,3023,294964,267103,293507,276708,298746,292192,1980,0
130000,2,1,2,3,2,-1,-1,-1,-1,130819,124946,10212,2486,5170,6823,0,10252,2486,5170,3039,2386,-819,5054,119788,127514,124830,123177,257123,0
490000,1,1,3,1,2,-1,-1,-1,-1,230090,224913,227998,217660,194641,199344,0,12000,12000,8000,8000,8000,259910,265087,262002,272340,295359,290656,1246646,0
120000,2,2,2,-1,-1,-1,2,2,2,49206,50386,54656,54963,55865,54842,2000,5100,1800,2400,0,5500,70794,69614,65344,65037,64135,65158,303118,0
50000,3,1,2,-1,-1,-1,2,-1,-1,15750,16472,15530,8440,1000,0,1300,2410,0,0,0,0,34250,33528,34470,41560,49000,50000,53482,1
150000,1,2,1,-1,-1,-1,-1,-1,-1,88506,58699,60252,62245,64202,66167,2200,2500,3000,3000,3000,3000,61494,91301,89748,87755,85798,83833,383371,0
720000,1,1,3,-1,-1,-1,-1,-1,-1,308274,209976,158694,148956,135217,85300,8500,6000,6000,5237,3000,8961,411726,510024,561306,571044,584783,634700,1008719,1
20000,2,1,3,-1,-1,-1,-2,-2,-2,10222,11400,0,0,0,0,1400,0,0,0,0,0,9778,8600,20000,20000,20000,20000,20222,0
260000,1,1,2,-1,-1,-1,-1,-1,-1,163327,165557,152856,142605,144240,144213,8200,6243,7000,5500,5500,5411,96673,94443,107144,117395,115760,115787,874944,0
240000,1,1,2,-1,-1,-1,-1,-1,-1,167835,170978,172217,163786,81611,79817,7200,8400,7000,3000,2900,3100,72165,69022,67783,76214,158389,160183,804644,0
130000,2,3,2,2,2,2,-1,-1,-1,126749,135867,132249,132416,131959,128375,11243,0,5600,5150,5100,4512,3251,-5867,-2249,-2416,-1959,1625,756010,1
200000,3,2,2,-1,-1,-1,-1,-1,-1,101254,105254,121893,109647,56157,37293,16002,30039,15019,10000,10000,8000,98746,94746,78107,90353,143843,162707,442438,0
140000,2,1,2,-1,-1,-1,-1,-1,-1,64372,64937,59133,53193,47352,41627,2300,2200,2000,2000,2000,1500,75628,75063,80867,86807,92648,98373,318614,0
10000,3,1,3,-1,-1,-1,-1,-1,3,6270,7303,8375,9268,10630,10188,1300,1350,1200,1500,0,0,3730,2697,1625,732,-630,-188,46684,0
140000,2,1,2,1,2,2,2,2,2,129497,131877,135309,131671,138771,141146,6000,7000,0,10800,4800,0,10503,8123,4691,8329,1229,-1146,779671,1
20000,3,2,3,-1,-1,-1,-1,-1,-1,5250,7151,9024,10865,12677,14309,2000,2000,2000,2000,2000,2000,14750,12849,10976,9135,7323,5691,47276,1
200000,1,1,2,-2,-2,-2,-2,-2,-2,3528,1190,1958,-5,1013,2350,1196,1968,200,1018,2361,2500,196472,198810,198042,200005,198987,197650,791,0
130000,2,1,3,-1,-1,-1,-1,-1,-2,139892,131365,9910,12909,0,0,6179,1969,131000,0,0,1700,-9892,-1365,120090,117091,130000,130000,153228,1
360000,1,2,2,-1,-1,-1,-1,-1,-1,10424,10197,85777,81919,75332,47622,1104,81970,3261,1886,3035,2068,349576,349803,274223,278081,284668,312378,217947,0
210000,2,1,2,2,-1,-1,-1,-1,-1,196426,194724,193397,195027,199236,203241,8405,8495,7800,7378,7800,6900,13574,15276,16603,14973,10764,6759,1135273,1
230000,1,1,2,-2,-2,-2,-2,-2,-2,0,0,0,0,0,0,0,0,0,0,0,0,230000,230000,230000,230000,230000,230000,0,0
210000,2,1,3,1,2,-1,-1,2,-1,89567,85552,86595,89689,85764,85830,0,4100,7200,0,3220,3300,120433,124448,123405,120311,124236,124170,505177,1
200000,2,1,2,-1,-1,-1,-1,-1,-1,8028,3729,-19,3920,4452,685,3747,0,3939,4470,3,1064,191972,196271,200019,196080,195548,199315,7572,0
20000,3,2,1,-1,-1,-1,-1,-1,-1,11849,13144,14429,15659,16959,-41,1500,1500,1500,1500,3000,13500,8151,6856,5571,4341,3041,20041,49499,1
410000,1,2,1,-1,-1,-1,-1,-1,-1,82735,90847,74122,72363,68703,66710,10000,6000,4000,5000,6000,3000,327265,319153,335878,337637,341297,343290,421480,0
280000,4,1,2,-1,-1,-1,-1,-1,-1,227604,218526,196479,196034,378323,192115,7670,7221,7091,8013,14923,7068,52396,61474,83521,83966,-98323,87885,1357095,0
360000,2,1,2,-1,-1,-1,-1,-1,-1,29814,22699,16866,13618,5000,8000,1333,2500,5000,2000,8000,5000,330186,337301,343134,346382,355000,352000,72164,0
10000,2,2,1,1,2,2,2,2,2,3717,3659,5640,5401,6811,6567,150,2200,0,1500,0,6000,6283,6341,4360,4599,3189,3433,21945,1
20000,2,2,2,1,2,-1,-1,-1,-1,14440,13916,15376,18075,18830,20423,0,2000,3000,1000,2000,0,5560,6084,4624,1925,1170,-423,93060,1
370000,1,2,2,-1,-1,-1,-1,-1,-1,333930,280727,285705,295747,250158,255956,13000,11000,15000,10000,10000,12000,36070,89273,84295,74253,119842,114044,1631223,0
180000,1,1,3,-1,-1,-1,-1,-1,-1,163461,167140,160707,162477,166861,171083,8000,8000,6000,7000,7000,7000,16539,12860,19293,17523,13139,8917,948729,0
60000,1,1,2,1,-2,-2,-2,-1,-1,0,0,0,0,1040,0,0,0,0,1040,0,0,60000,60000,60000,60000,58960,60000,0,0
80000,1,1,3,2,2,2,2,-1,-1,57477,58539,59722,58174,59204,61092,2600,2700,0,2600,3000,2500,22523,21461,20278,21826,20796,18908,340808,1
70000,2,1,3,-1,-1,-1,-1,-1,-1,53239,54351,56480,57253,59150,0,2000,3000,2500,3000,0,0,16761,15649,13520,12747,10850,70000,269973,0
400000,1,2,2,-1,-1,-1,-1,-1,-1,3919,-8477,247784,258900,225614,228219,0,258900,20170,17000,10000,10000,396081,408477,152216,141100,174386,171781,639889,0
150000,1,2,2,-2,-2,-2,-2,-2,-2,13877,8190,6203,9808,3267,6662,8422,6234,9904,4016,6695,6433,136123,141810,143797,140192,146733,143338,6303,0
50000,2,1,3,1,2,-1,-1,-1,-1,50179,49056,48714,38653,19439,14711,0,4000,2000,1000,521,700,-179,944,1286,11347,30561,35289,212531,0
310000,2,1,3,-1,-1,-1,-1,-1,-1,324628,305869,312567,291153,159545,97438,12000,12124,10300,8168,5500,3081,-14628,4131,-2567,18847,150455,212562,1440027,0
200000,2,1,3,-1,-1,-1,-1,-1,-1,71656,63331,54977,45849,32706,23542,1714,1602,1144,786,471,2300,128344,136669,145023,154151,167294,176458,284044,0
430000,1,1,2,-1,-1,-1,-1,-1,-1,11873,8275,13817,7977,3417,2476,8299,13858,8000,3427,2483,8277,418127,421725,416183,422023,426583,427524,3491,0
240000,2,1,3,-1,-1,-1,-1,-1,-1,11671,10030,8132,8402,4585,3551,1810,1151,2029,1003,112,173,228329,229970,231868,231598,235415,236449,40093,0
360000,2,2,3,-1,-1,-1,-1,-1,-1,189003,154847,122037,119366,86285,83589,6050,5033,5055,3021,2363,3000,170997,205153,237963,240634,273715,276411,730605,0
380000,2,1,2,-1,-1,-1,-1,-1,-1,27268,75331,72950,70022,70861,70897,50042,3017,3000,3016,3000,4010,352732,304669,307050,309978,309139,309103,321244,0
190000,3,1,3,-1,-1,-1,-1,-1,-1,30425,31419,32450,33458,34122,34833,1467,1498,1506,1170,1209,1215,159575,158581,157550,156542,155878,155167,188642,0
350000,1,1,2,-1,-1,-1,-1,-1,-1,120198,122480,82329,85252,76222,67243,5900,3300,4089,3000,2400,2551,229802,227520,267671,264748,273778,282757,532484,0
110000,3,1,2,-1,-1,-1,-1,-1,-1,107793,102676,103276,67886,39457,39424,4010,4431,2700,1500,1500,1600,2207,7324,6724,42114,70543,70576,444771,0
180000,2,1,2,-2,-2,-2,-2,-2,-2,2196,396,392,1592,1304,8,396,392,1596,1308,0,2218,177804,179604,179608,178408,178696,179992,-22,0
400000,1,1,2,-2,-2,-2,-2,-2,-2,2240,12165,7062,8833,7659,5676,12245,7135,8891,7704,5728,4070,397760,387835,392938,391167,392341,394324,-2138,0
500000,1,2,2,-1,-1,-1,-1,-1,-1,3938,82385,88195,52253,38743,27833,82392,10339,20089,5105,10138,28426,496062,417615,411805,447747,461257,472167,136858,0
170000,2,1,3,-1,-1,-1,-1,-1,-1,390,390,390,780,780,0,390,390,780,0,0,0,169610,169610,169610,169220,169220,170000,1170,0
360000,3,1,3,-2,-2,-2,-2,-2,-2,0,0,0,0,0,0,0,0,0,0,0,0,360000,360000,360000,360000,360000,360000,0,1
60000,2,1,3,-1,-1,-1,-1,-1,-1,58216,60193,57815,50054,27535,22962,3000,2488,2000,1000,2000,3000,1784,-193,2185,9946,32465,37038,263287,0
350000,1,2,2,-1,-1,-1,-1,-1,-1,43356,14236,16991,18541,20075,20491,2000,3000,2000,2001,580,677,306644,335764,333009,331459,329925,329509,123432,0
500000,2,1,2,-1,-1,-1,-1,-1,-2,12988,7289,3823,4444,-232,-2701,1122,1077,3023,54,13,168816,487012,492711,496177,495556,500232,502701,-148494,0
230000,1,2,2,-1,-1,-1,-1,-1,-1,48418,44734,47178,29582,38426,42500,5019,10120,20000,10000,5000,5000,181582,185266,182822,200418,191574,187500,195699,0
20000,2,1,2,-1,-1,-1,-1,2,2,11043,11770,13188,18318,18419,18978,1200,1600,5700,700,1000,0,8957,8230,6812,1682,1581,1022,81516,1
240000,2,1,2,-1,-1,-1,-1,-1,-1,11278,14070,15535,17734,19734,8561,3000,2000,3000,2000,2000,0,228722,225930,224465,222266,220266,231439,74912,0
440000,2,2,3,-1,-1,-1,-1,-1,-1,64786,45923,47256,50727,50064,59017,5000,3000,5000,5000,10000,8000,375214,394077,392744,389273,389936,380983,281773,0
250000,3,2,2,-1,-1,-1,-1,-1,-1,73215,70284,70375,65085,54986,50848,7009,5023,5069,10037,5184,15011,176785,179716,179625,184915,195014,199152,337460,0
300000,1,1,2,-1,-1,-1,-1,-2,-2,706,195,504,-627,-918,-1209,200,600,0,0,0,1791,299294,299805,299496,300627,300918,301209,-3940,1
180000,2,2,1,1,1,-2,-2,-2,-1,23638,-46,-46,-46,-46,1154,3000,0,0,0,1200,44338,156362,180046,180046,180046,180046,178846,-23930,0
360000,1,1,2,-1,-1,-1,-1,-1,-1,167685,3288,75244,6468,3169,3130,3304,75260,6484,24,3144,3458,192315,356712,284756,353532,356831,356870,167310,0
260000,1,1,2,-1,-1,-1,-1,-1,-1,162820,153457,143580,133477,122545,120772,6024,6012,6000,5000,5000,4000,97180,106543,116420,126523,137455,139228,804615,0
80000,1,2,3,5,4,3,2,-1,-1,74477,68633,62890,56788,52287,52287,0,0,0,0,0,50771,5523,11367,17110,23212,27713,27713,316591,0
390000,1,1,3,-1,-1,-1,-1,-1,-1,5768,8843,18982,11700,0,2978,8875,19051,11754,0,2978,0,384232,381157,371018,378300,390000,387022,5613,0
250000,3,1,3,-1,-1,-2,-2,-2,-2,41300,0,0,0,0,0,0,0,0,0,0,0,208700,250000,250000,250000,250000,250000,41300,0
100000,2,2,3,-1,-1,-1,-1,-1,-1,104028,103601,105282,83616,67825,66756,6000,5088,3098,5010,3038,4031,-4028,-3601,-5282,16384,32175,33244,504843,0
170000,3,1,3,-1,-1,-1,-1,-1,-1,159094,161938,166062,170023,173854,179390,6000,7000,7000,7000,8000,7000,10906,8062,3938,-23,-3854,-9390,968361,0
500000,1,1,3,-1,-1,-1,-1,-1,-1,1366,9489,51322,12150,12463,11872,9543,51322,12176,12463,11872,22547,498634,490511,448678,487850,487537,488128,-21261,0
410000,2,1,2,-1,-1,-1,-1,-1,-1,421227,416160,419988,359736,358471,360557,15050,16000,13100,12700,13000,13100,-11227,-6160,-9988,50264,51529,49443,2253189,0
360000,1,1,2,-1,-1,-2,-2,-2,-2,2500,0,0,0,0,0,0,0,0,0,0,0,357500,360000,360000,360000,360000,360000,2500,0
290000,2,1,2,-2,-2,-2,-2,-2,-2,24709,291,6161,6200,3892,4072,291,6170,6216,3892,4072,4382,265291,289709,283839,283800,286108,285928,20302,0
80000,2,1,3,-1,-1,-1,-1,-1,-1,1245,26343,22120,21365,20967,48250,27279,3200,1200,1000,29000,1500,78755,53657,57880,58635,59033,31750,77111,0
280000,1,2,2,-2,-2,-2,-2,-2,-2,8383,8797,8741,8178,-4,-4,9044,8844,8247,0,0,0,271617,271203,271259,271822,280004,280004,7956,0
360000,2,1,3,-1,-1,-1,-1,-1,-1,69464,55638,43429,45895,27851,25408,10034,15011,45919,5036,5022,6010,290536,304362,316571,314105,332149,334592,180653,0
100000,2,1,3,-1,-1,-1,-1,-1,-1,390,390,390,390,390,390,390,390,390,390,390,390,99610,99610,99610,99610,99610,99610,0,0
80000,2,2,2,-1,-1,-1,-1,-1,-1,42188,40033,31106,28890,28613,49036,1577,1511,1415,1138,22000,1746,37812,39967,48894,51110,51387,30964,190479,0
80000,1,2,3,-1,-1,-1,-1,-1,-1,52674,58068,28116,30656,24750,25543,9000,7000,5004,3000,4000,5000,27326,21932,51884,49344,55250,54457,186803,0
180000,1,1,3,1,-2,-2,-2,-2,-2,0,0,0,0,0,0,0,0,0,0,0,0,180000,180000,180000,180000,180000,180000,0,0
400000,1,1,2,-1,-1,-2,-1,-1,-1,43711,37077,70369,15283,17668,4841,37954,71577,15973,18285,4875,647,356289,362923,329631,384717,382332,395159,39638,0
450000,2,1,3,-2,-2,-2,-2,-2,-2,18659,388,481,29646,10163,10163,389,483,29707,10214,10214,10184,431341,449612,449519,420354,439837,439837,8309,0
80000,1,2,2,2,2,2,2,2,2,61231,62423,63827,64682,65614,67007,2800,3000,2500,2600,2600,2600,18769,17577,16173,15318,14386,12993,368684,1
210000,2,1,2,-1,-1,-1,-1,-1,-1,41030,40120,51591,67772,71846,68876,3012,15065,30002,5023,2149,3041,168970,169880,158409,142228,138154,141124,282943,0
300000,2,1,3,-1,-1,-1,-1,-1,-1,360,360,360,360,1440,360,360,360,360,1440,360,360,299640,299640,299640,299640,298560,299640,0,0
340000,2,2,3,-2,-2,-2,-2,-2,-2,186,3823,-20,4016,6209,2081,3842,0,4036,6254,2091,1917,339814,336177,340020,335984,333791,337919,-1845,0
110000,1,2,2,-1,-1,-1,-1,2,2,60290,61688,63100,70391,68661,77511,3000,3000,9000,0,10000,3000,49710,48312,46900,39609,41339,32489,373641,0
50000,2,1,3,-1,-1,-1,-1,-1,-1,8988,6849,7471,8043,19526,7564,1200,2000,2000,3000,1000,10640,41012,43151,42529,41957,30474,42436,38601,0
20000,2,1,3,-1,-1,-1,-1,-1,-1,10288,9276,5622,19263,18433,26132,3010,2010,15000,4000,2000,2000,9712,10724,14378,737,1567,-6132,60994,0
16000,4,1,3,-1,-1,-1,-1,-1,2,22058,24367,26965,29521,32032,31385,3000,3000,3000,3000,0,2000,-6058,-8367,-10965,-13521,-16032,-15385,152328,0
60000,1,2,2,-1,-1,-1,-1,-2,-2,57937,49740,51400,0,0,0,3000,3000,0,0,0,0,2063,10260,8600,60000,60000,60000,153077,0
70000,1,2,2,1,2,2,2,-1,-1,23633,22955,26574,25804,27454,25447,0,4000,0,2000,1000,1000,46367,47045,43426,44196,42546,44553,143867,1
70000,2,1,2,-1,-1,-1,-1,2,-1,27202,29424,31941,35087,34226,35514,3000,3000,4000,0,2000,8200,42798,40576,38059,34913,35774,34486,173194,0
430000,1,2,2,-1,-1,-1,-1,-1,-1,5454,2316,12457,26522,28951,11057,2328,12799,27888,29023,12,2929,424546,427684,417543,403478,401049,418943,11778,0
60000,2,2,2,-1,-1,2,-1,-1,-1,58538,61359,58147,59399,37746,37794,6000,0,2500,1316,1401,3000,1462,-1359,1853,601,22254,22206,298766,0
200000,1,1,3,-1,-1,-1,-1,-1,-1,28910,6581,1894,8604,3547,43097,6593,1894,8615,3563,43097,0,171090,193419,198106,191396,196453,156903,28871,0
160000,2,1,2,1,3,2,2,2,2,47675,47243,48328,49183,48237,51937,500,2000,1800,0,4500,0,112325,112757,111672,110817,111763,108063,283803,0
200000,3,1,3,-1,-1,-1,-1,-1,-2,205277,127,3627,6303,73,-63,269,3700,3000,390,128,90000,-5277,199873,196373,193697,199927,200063,117857,0
500000,1,1,3,-1,-1,-1,-1,-1,-1,124362,126860,129576,129863,120781,98163,4567,4787,4745,4256,3321,3326,375638,373140,370424,370137,379219,401837,704603,0
50000,2,1,3,-1,2,-1,-1,2,-1,780,390,390,650,260,520,0,390,650,0,800,800,49220,49610,49610,49350,49740,49480,350,1
220000,1,2,2,-1,-1,-1,-1,-1,-1,209044,211453,217237,198681,202479,206221,7705,9656,7189,7404,7490,7517,10956,8547,2763,21319,17521,13779,1198154,0
180000,2,1,3,-1,-1,-1,-1,-1,-1,178440,176624,76565,82825,81763,66120,8000,10000,10000,10000,10000,3000,1560,3376,103435,97175,98237,113880,611337,0
310000,2,2,2,-1,-1,-1,-1,-1,-1,124617,126982,125072,126416,132772,137519,6015,5006,5006,10004,8007,5017,185383,183018,184928,183584,177228,172481,734323,0
80000,3,1,3,-1,-1,-1,-1,-1,-1,35646,38040,39562,40427,43417,46878,3000,2135,2000,3500,4000,3000,44354,41960,40438,39573,36583,33122,226335,0
50000,2,2,2,-1,-1,-1,-1,-1,-1,44756,45746,47010,47277,17410,17002,1736,2000,1267,1000,620,1000,5244,4254,2990,2723,32590,32998,211578,0
400000,1,1,3,-2,-2,-1,-1,-1,-1,-5,-5,5498,3259,5949,1111,0,5503,3262,5966,1111,2420,400005,400005,394502,396741,394051,398889,-2455,0
280000,1,2,2,1,-2,-2,-2,-2,-2,0,0,0,0,0,0,0,0,0,0,0,0,280000,280000,280000,280000,280000,280000,0,1
100000,1,2,2,-1,-1,-1,-1,2,-1,99573,159480,56267,11788,11400,11419,2787,1353,1739,0,1000,1147,427,-59480,43733,88212,88600,88581,341901,0
350000,2,1,3,-1,-1,-1,-1,-1,-1,195639,196554,177597,181702,176253,179190,7200,7000,7007,7000,6500,6500,154361,153446,172403,168298,173747,170810,1065728,0
10000,3,2,3,-1,-1,-1,-1,-1,-1,4520,3483,6862,8727,8148,8640,2000,4946,2000,1000,1000,1000,5480,6517,3138,1273,1852,1360,28434,0
100000,2,2,2,2,-1,-1,-1,-1,-1,92590,93354,69674,71097,72913,74738,3251,2600,2582,3000,3000,3000,7410,6646,30326,28903,27087,25262,456933,0
240000,1,1,2,-1,-1,-1,-1,-1,-1,3833,4890,4157,14342,11411,3006,4890,4164,14371,11411,3006,13336,236167,235110,235843,225658,228589,236994,-9539,0
500000,1,1,3,-2,-2,-2,-2,-2,-2,0,0,1656,1400,0,0,0,1656,1400,0,0,0,500000,500000,498344,498600,500000,500000,0,0
50000,3,1,2,3,2,2,2,2,-1,150,150,150,150,150,930,0,0,0,0,930,0,49850,49850,49850,49850,49850,49070,750,1
30000,2,1,2,-1,-1,-1,-1,-1,-1,59867,28357,29312,26404,25806,26325,1500,1433,1500,920,929,0,-29867,1643,688,3596,4194,3675,189789,1
360000,1,1,3,-2,-2,-2,-2,-2,-2,2988,0,668,0,686,7149,0,668,0,686,7149,150,357012,360000,359332,360000,359314,352851,2838,0
250000,1,1,3,-1,-1,-1,-1,-1,-1,236430,243445,246357,250942,205081,209309,11000,11500,11000,7500,7500,8000,13570,6555,3643,-942,44919,40691,1335064,0
260000,2,2,1,-1,-1,-1,-1,-1,2,190074,193244,182514,185491,197985,315366,6847,6846,8186,20000,0,10000,69926,66756,77486,74509,62015,-55366,1212795,0
50000,3,1,3,-1,-1,-1,-1,-1,-1,46850,31923,47574,7613,7613,7756,2068,18135,2000,1000,1000,2000,3150,18077,2426,42387,42387,42244,123126,0
550000,2,2,2,-2,-2,-2,-2,-2,-2,-509,-1925,4532,13069,5071,8276,15,10014,20000,10000,10000,7548,550509,551925,545468,536931,544929,541724,-29063,0
420000,1,1,3,2,2,2,-1,-1,-1,426429,436968,428712,425345,354852,353113,19000,0,16100,13000,14064,111170,-6429,-16968,-8712,-5345,65148,66887,2252085,1
130000,2,1,2,-1,-1,-1,-2,-2,-2,129902,134400,0,0,0,0,7000,0,0,0,0,0,98,-4400,130000,130000,130000,130000,257302,0
320000,2,1,3,-1,-1,-1,-1,-1,-1,345408,340055,332945,327229,320032,290003,15004,13004,13004,11120,11004,11010,-25408,-20055,-12945,-7229,-32,29997,1881526,0
50000,3,2,3,-1,-1,-1,-1,-1,-1,15019,16026,17257,41868,23201,18623,1263,1494,25105,728,651,624,34981,33974,32743,8132,26799,31377,102129,0
310000,1,1,3,-2,-2,-2,-2,-2,-2,8918,13813,6099,6255,5512,5451,14000,6129,6286,5539,5478,3613,301082,296187,303901,303745,304488,304549,5003,0
340000,1,1,3,-2,-2,-2,-2,-2,-2,1689,655,361,301,457,297,655,361,301,457,297,366,338311,339345,339639,339699,339543,339703,1323,1
280000,1,1,2,-1,-1,-1,-1,-1,-1,22398,30002,1715,4408,2517,29987,30422,1721,4428,2528,30135,8302,257602,249998,278285,275592,277483,250013,13491,0
250000,1,1,2,-1,-1,-1,-1,-1,-1,207,4907,6833,8766,9539,9779,4907,2000,2000,1000,319,247,249793,245093,243167,241234,240461,240221,29558,0
80000,2,3,3,-1,-1,-1,-1,-1,-1,72185,76854,72408,72832,46473,50329,12660,4573,3500,2000,5000,2000,7815,3146,7592,7168,33527,29671,361348,0
230000,3,2,1,1,-1,-1,-1,-1,-1,-4,1496,4872,0,1241,-383,1500,5000,0,1241,0,2000,230004,228504,225128,230000,228759,230383,-2519,1
330000,2,2,2,-1,-1,-1,-1,-1,-1,16270,140,500,1226,-1121,1879,140,1500,1226,0,3000,3000,313730,329860,329500,328774,331121,328121,10028,0
350000,3,2,3,-2,-2,-2,-2,-2,-2,-331,1656,1440,27000,872,12600,2155,1440,27000,872,12600,0,350331,348344,348560,323000,349128,337400,-830,0
280000,1,2,2,1,-1,-1,-1,-1,-1,0,416,832,0,832,416,416,832,0,832,416,0,280000,279584,279168,280000,279168,279584,0,0
140000,1,2,2,2,-1,-1,-1,-1,-1,75384,74177,65336,53578,49288,43870,4000,4000,3500,2000,2500,1800,64616,65823,74664,86422,90712,96130,343833,1
130000,3,1,3,2,2,2,2,2,2,55544,57428,58917,60352,61167,63042,3400,3000,3000,2400,3000,2400,74456,72572,71083,69648,68833,66958,339250,0
200000,2,1,2,-1,-1,2,-1,-1,2,187487,200774,196933,187887,101278,99382,16000,0,6451,9000,0,4000,12513,-774,3067,12113,98722,100618,938290,1
280000,1,2,2,-1,-1,-1,-1,-1,-1,1695,5827,10190,2355,3612,586,6644,10200,2355,3612,4248,0,278305,274173,269810,277645,276388,279414,-2794,0
20000,3,2,2,-1,-1,-1,-1,-1,-1,16842,16300,390,14536,7446,0,1000,390,14536,149,0,8346,3158,3700,19610,5464,12554,20000,31093,0
50000,3,1,3,-1,-1,-1,-1,-1,-1,12975,13982,15315,16019,16336,16678,1230,1563,1267,584,605,609,37025,36018,34685,33981,33664,33322,85447,0
30000,3,1,1,2,2,2,2,2,2,23027,23848,23873,24182,26022,27462,1500,700,1000,2550,2013,1108,6973,6152,6127,5818,3978,2538,139543,1
60000,4,2,2,-1,-1,-1,-1,-1,-1,57505,51934,40855,37742,29450,8850,1800,2000,2000,1400,200,600,2495,8066,19145,22258,30550,51150,218336,0
50000,2,1,2,-1,-1,-1,-1,-1,-1,47842,48752,39937,25864,6990,9990,2097,1650,1500,2000,3000,0,2158,1248,10063,24136,43010,40010,169128,0
20000,3,1,3,1,2,-1,-1,-1,-1,19450,18844,19853,19894,19993,20030,0,1626,1615,710,720,1587,550,1156,147,106,7,-30,111806,0
100000,1,1,2,-1,-1,-1,-1,-1,-2,46717,48435,49854,51400,0,0,2500,2500,3000,0,0,0,53283,51565,50146,48600,100000,100000,188406,1
100000,2,2,2,-1,-1,-1,-1,-1,-1,19138,6630,4958,5314,390,390,1100,1254,1000,390,390,390,80862,93370,95042,94686,99610,99610,32296,0
210000,2,1,2,-1,-1,-1,-1,-1,-1,600,169,497,15433,8500,10500,169,497,15436,170,2000,2822,209400,209831,209503,194567,201500,199500,14605,1
20000,3,1,3,-1,-1,-1,-1,-1,-1,26400,27400,28400,29400,30000,0,1000,1000,1000,600,0,0,-6400,-7400,-8400,-9400,-10000,20000,138000,0
130000,2,2,2,1,-1,-1,-1,-1,-1,0,870,390,11,1011,381,870,300,11,1000,300,500,130000,129130,129610,129989,128989,129619,-318,0
290000,3,2,3,-1,-1,-1,-1,-1,-1,293281,268030,157691,158720,144085,143663,7948,22429,5530,4442,5887,5890,-3281,21970,132309,131280,145915,146337,1113344,0
40000,1,2,3,-1,-1,-1,-1,-1,-1,10567,264,3430,-147,672,5408,264,3430,0,24672,5000,3020,29433,39736,36570,40147,39328,34592,-16192,0
10000,2,1,2,-1,-1,-1,-1,-1,-1,10146,9352,9919,10400,10123,19813,1158,1200,1137,335,351,1000,-146,648,81,-400,-123,-9813,64572,0
360000,2,2,2,-1,-1,-1,-1,-1,-1,10027,8929,34635,26645,18088,8703,8975,34825,26674,18112,8719,4861,349973,351071,325365,333355,341912,351297,4861,0
210000,3,1,3,1,-2,-2,-2,-2,-2,0,0,0,0,0,0,0,0,0,0,0,0,210000,210000,210000,210000,210000,210000,0,1
230000,1,2,2,-1,-1,-1,-1,2,-1,260,834,-150,517,53,603,1000,0,667,0,700,10200,229740,229166,230150,229483,229947,229397,-10450,0
60000,2,1,2,2,-1,-1,-1,2,2,9501,10560,11312,13050,12578,14008,1500,1200,1900,0,1600,0,50499,49440,48688,46950,47422,45992,64809,1
150000,1,2,2,-1,-1,-1,-1,-1,-1,150359,147471,151713,130107,78623,79743,15000,20000,5000,2000,7000,15000,-359,2529,-1713,19893,71377,70257,674016,0
230000,1,2,3,-1,-1,-1,-1,-1,-1,25949,27214,28472,29696,31393,33222,2000,2000,2000,2500,2500,3000,204051,202786,201528,200304,198607,196778,161946,0
110000,1,2,2,3,2,2,3,3,2,450,450,450,450,450,300,0,0,0,0,0,288,109550,109550,109550,109550,109550,109700,2262,1
150000,3,2,2,-2,-2,-2,-2,-2,-2,1580,2925,-551,-1944,-4430,-5813,2935,4,7,4,7,10004,148420,147075,150551,151944,154430,155813,-21194,0
350000,1,1,2,-1,-1,-1,-1,-1,-1,17999,38899,24620,22381,13115,5167,38933,24692,22388,13115,5167,11325,332001,311101,325380,327619,336885,344833,6561,0
100000,3,2,3,-1,-1,-1,-1,-1,-1,90128,91542,92686,94122,53720,54866,4200,3900,3854,2000,2000,2000,9872,8458,7314,5878,46280,45134,459110,1
200000,2,2,2,-1,-1,-1,-1,-1,-1,65342,63218,64594,65070,20478,13737,2856,3000,1367,475,344,581,134658,136782,135406,134930,179522,186263,283816,0
200000,2,2,2,-2,-2,-1,-1,-1,-1,541,-59,6817,7756,8835,13129,59,6876,1009,8837,13129,12184,199459,200059,193183,192244,191165,186871,-5075,0
10000,2,1,2,2,-1,-1,-1,-1,-1,9242,9159,10004,9722,10044,9856,1315,1160,1139,1241,345,580,758,841,-4,278,-44,144,52247,0
200000,1,2,2,-1,-1,-1,-1,-1,-1,46288,48205,49352,49682,50588,42629,3000,2300,2000,2000,1500,1189,153712,151795,150648,150318,149412,157371,274755,0
240000,2,1,2,-1,-1,-1,-1,-1,-1,194548,198522,206312,205804,122740,137740,7200,11000,6000,3000,15000,45,45452,41478,33688,34196,117260,102260,1023421,0
290000,1,2,2,-2,-2,-2,-2,-2,-2,2318,1818,2057,2278,1224,-57060,1827,2066,2287,1242,1827,60860,287682,288182,287943,287722,288776,347060,-117474,0
80000,2,2,2,-1,-1,-1,-1,-1,-1,73414,69998,72368,77505,78845,74182,3000,3500,7000,3100,3000,3000,6586,10002,7632,2495,1155,5818,423712,0
80000,2,1,2,2,2,2,2,2,2,51193,50954,55132,56629,57405,58742,1200,5000,3000,2300,2400,0,28807,29046,24868,23371,22595,21258,316155,1
320000,1,2,1,-1,-1,-1,-1,-1,-1,46758,31422,33619,23553,9398,4296,2563,9842,24709,6022,4318,4522,273242,288578,286381,296447,310602,315704,97070,0
140000,3,1,2,1,2,2,2,-1,-1,89592,92225,93890,91013,91535,93065,5000,4000,0,3000,7893,2660,50408,47775,46110,48987,48465,46935,528767,1
60000,2,2,2,-1,2,-1,2,-1,-1,2178,1755,58197,50485,37710,38073,0,58197,0,2000,1366,2000,57822,58245,1803,9515,22290,21927,124835,0
150000,4,1,2,-1,-1,-1,-1,-1,-1,92000,94000,96000,98000,100000,0,2000,2000,2000,2000,0,0,58000,56000,54000,52000,50000,150000,472000,0
20000,3,1,2,-1,2,2,2,-1,-1,780,780,390,0,780,0,390,0,0,780,0,0,19220,19220,19610,20000,19220,20000,1560,0
50000,2,1,3,-1,-1,-1,-1,-2,-2,3201,0,5701,0,0,0,0,5701,0,0,0,0,46799,50000,44299,50000,50000,50000,3201,1
150000,2,2,2,-1,-1,-1,-1,-1,-1,66662,61331,56523,56737,51005,47471,2116,2549,2406,2000,1655,2111,83338,88669,93477,93263,98995,102529,326892,0
20000,2,2,2,-1,-1,-1,2,-1,-1,16419,17139,20159,19533,19928,19695,1300,3300,0,1000,1000,900,3581,2861,-159,467,72,305,105373,0
80000,3,2,3,2,-1,-1,-1,-1,-1,77142,78255,79425,70583,48308,46049,3000,3055,3047,1663,1692,1618,2858,1745,575,9417,31692,33951,385687,1
50000,2,1,2,-1,-1,-1,-1,-1,-1,630,815,1104,9182,8989,8443,1000,1104,9182,275,801,184,49370,49185,48896,40818,41011,41557,16617,0
190000,1,1,3,-1,-1,-1,-1,-2,-2,189158,150621,153900,0,0,0,6561,6900,0,0,0,0,842,39379,36100,190000,190000,190000,480218,0
190000,3,2,2,-1,-1,-1,-1,-1,-1,170928,170290,175630,171572,161319,151119,6500,8031,7510,5500,6000,5500,19072,19710,14370,18428,28681,38881,961817,0
140000,2,2,2,-1,-1,-1,-1,-1,-1,44300,54700,34050,3000,3000,49128,54700,34050,3000,3000,49128,5000,95700,85300,105950,137000,137000,90872,39300,0
160000,2,2,2,-1,-1,-1,-1,-1,-1,78859,81539,84216,86812,87679,90264,4000,4000,4000,3200,4000,4000,81141,78461,75784,73188,72321,69736,486169,0
580000,1,1,2,-2,-2,-1,-1,-1,-1,9238,0,1758,2886,3733,3040,0,1758,2014,3793,7,2138,570762,580000,578242,577114,576267,576960,10945,0
500000,1,1,3,1,-2,-2,-2,-1,-1,0,0,0,0,177,4716,0,0,0,177,4716,1000,500000,500000,500000,500000,499823,495284,-1000,0
130000,2,1,2,-1,-1,-1,-1,-1,-1,61105,61386,62681,64743,45288,48449,3000,4000,5000,3000,5000,2000,68895,68614,67319,65257,84712,81551,321652,0
300000,3,1,3,-1,-1,-1,-1,-1,-1,530,25576,1561,2106,2656,4274,25576,1561,2106,2656,4274,4310,299470,274424,298439,297894,297344,295726,-3780,0
300000,2,1,3,1,-1,-1,-1,-1,-1,114324,238058,236220,233586,234661,233304,244500,8613,8000,11000,8093,6399,185676,61942,63780,66414,65339,66696,1003548,1
120000,2,2,2,-1,-1,-1,-1,-1,-1,1236,856,856,856,856,856,856,856,856,856,856,856,118764,119144,119144,119144,119144,119144,380,0
220000,1,2,2,-2,-2,-2,-2,-2,-2,2895,-1,-1,300,90,2194,0,0,301,90,2204,547,217105,220001,220001,219700,219910,217806,2335,0
10000,2,1,3,-1,-1,-1,-1,-1,-2,390,390,0,780,0,0,390,0,780,0,0,0,9610,9610,10000,9220,10000,10000,390,0
60000,2,1,3,-1,-1,-1,-1,-1,2,29324,30333,31835,33602,38127,37382,1500,2000,2300,5100,0,2000,30676,29667,28165,26398,21873,22618,187703,1
150000,3,2,2,-1,-1,-1,-1,-1,-1,1437,162,116,162,530,367,162,116,162,530,367,111,148563,149838,149884,149838,149470,149633,1326,0
130000,2,2,3,-1,-1,-1,-1,-1,-1,124391,126032,123746,123107,42897,39378,4442,5200,5012,2500,5000,2000,5609,3968,6254,6893,87103,90622,555397,0
210000,3,1,3,-1,-1,-1,-1,-1,-1,27984,27686,29209,28326,26198,25020,1500,2000,1500,1000,1500,1300,182016,182314,180791,181674,183802,184980,155623,0
70000,2,2,2,-1,-1,-1,-1,-1,-1,20857,22199,23834,25353,27075,28092,2000,2000,2000,2000,3000,830,49143,47801,46166,44647,42925,41908,135580,0
130000,2,1,2,-1,-1,-1,2,2,2,25991,28053,30891,30096,32169,31520,2500,3300,0,2578,0,3225,104009,101947,99109,99904,97831,98480,167117,1
70000,3,1,3,1,2,2,2,2,2,11300,10822,13633,13117,14096,13727,0,3000,0,1200,0,1500,58700,59178,56367,56883,55904,56273,70995,1
260000,4,1,3,-1,-1,-1,-1,-1,-1,135437,65892,60762,52402,51391,43070,19020,19002,19001,20002,18063,119660,124563,194108,199238,207598,208609,216930,194206,1
60000,2,2,1,-1,-1,-1,-1,-1,-1,50901,54050,54555,15177,16610,16821,4000,2500,2000,2000,628,3525,9099,5950,5445,44823,43390,43179,193461,0
110000,1,2,2,-1,-1,-1,-1,-1,-1,9495,12633,88334,53978,23687,26567,4018,80004,1500,12013,7000,2000,100505,97367,21666,56022,86313,83433,108159,0
230000,2,1,2,1,-1,-1,-1,-1,-1,0,1427,0,198,0,525,1427,0,198,0,525,0,230000,228573,230000,229802,230000,229475,0,0
100000,3,2,2,1,-2,-1,2,-1,-1,0,0,1991,1991,93536,95373,0,1991,0,93536,3500,8000,100000,100000,98009,98009,6464,4627,85864,0
360000,3,1,3,-1,-1,-1,-1,-1,-1,226988,217735,207215,197096,187693,177338,8006,7506,7006,7006,6103,5506,133012,142265,152785,162904,172307,182662,1172932,0
120000,1,1,3,-1,-1,-1,-1,-1,-1,3131,4176,2541,5648,4122,0,5126,2557,5667,4144,0,3463,116869,115824,117459,114352,115878,120000,-1339,0
230000,3,2,3,-1,-1,-1,-1,-1,-1,9552,11376,13185,14648,15419,15423,2000,2000,2000,1000,562,2000,220448,218624,216815,215352,214581,214577,70041,1
150000,2,2,2,-1,-1,-1,-1,-1,-1,19057,20091,21423,23927,25718,136667,1500,1500,3000,2000,111338,4000,130943,129909,128577,126073,124282,13333,123545,0
450000,1,2,2,1,2,2,2,-2,-2,153246,151659,10199,0,0,0,4009,2000,0,0,0,0,296754,298341,439801,450000,450000,450000,309095,1
150000,1,2,2,2,2,2,2,2,3,57504,58590,64813,63048,120660,122762,2500,7628,0,61923,4500,3900,92496,91410,85187,86952,29340,27238,406926,1
170000,1,1,3,-1,-1,-1,-1,-1,-1,70317,56742,49176,41969,37409,36214,2579,5019,10041,5012,5024,5012,99683,113258,120824,128031,132591,133786,259140,0
270000,1,1,3,-1,-1,-1,-1,-1,-1,3686,4699,5718,6727,6861,7005,1084,1103,1112,246,255,651,266314,265301,264282,263273,263139,262995,30245,0
500000,1,2,2,-2,-2,-2,-2,-2,-2,0,0,0,8086,0,0,0,0,8086,0,0,0,500000,500000,500000,491914,500000,500000,0,0
300000,1,1,2,-1,-1,-1,-1,-2,-2,1246,1217,338,0,0,0,1217,338,0,0,0,0,298754,298783,299662,300000,300000,300000,1246,0
150000,1,1,2,-1,-1,-1,-1,-1,-1,18786,6879,16643,4869,9157,9624,6879,16701,4883,9199,9652,443,131214,143121,133357,145131,140843,140376,18201,0
360000,1,2,2,-1,-1,-1,-1,-1,-1,350178,359050,366591,331833,288709,290583,15000,15502,13801,9852,10224,10010,9822,950,-6591,28167,71291,69417,1912555,0
110000,2,1,3,-1,-1,-1,-1,2,2,70265,74102,77901,84592,82350,87186,5000,5000,8000,0,7000,0,39735,35898,32099,25408,27650,22814,451396,1
360000,1,1,2,-1,-1,-1,-1,-1,-1,47026,88355,54913,25407,22179,337,48564,10072,25821,609,1,10425,312974,271645,305087,334593,337821,359663,142725,0
220000,1,2,2,-2,-2,-2,-2,-2,-2,0,0,0,0,0,0,0,0,0,0,0,0,220000,220000,220000,220000,220000,220000,0,1
230000,1,2,3,-1,-1,-1,-1,-1,-1,92129,92690,93596,79320,64268,65193,3510,3998,2431,1697,1971,2046,137871,137310,136404,150680,165732,164807,471543,0
500000,3,1,3,-1,-1,-1,-1,-1,-1,1665,1665,1665,1665,8805,8764,1666,1666,1666,8806,1625,2808,498335,498335,498335,498335,491195,491236,5992,0
210000,2,1,3,-1,-1,-1,-1,-1,-1,48540,38410,40291,31869,32186,25554,4000,5013,4000,5000,5000,5000,161460,171590,169709,178131,177814,184446,188837,0
500000,2,1,3,-1,-1,-1,-1,-1,-1,18463,17849,12818,5674,11416,36000,18011,12818,5674,11416,36018,14537,481537,482151,487182,494326,488584,464000,3746,0
30000,3,1,2,3,2,2,-1,-1,2,19932,20708,20089,22717,26073,25583,1400,0,3000,5000,0,800,10068,9292,9911,7283,3927,4417,124902,1
490000,3,1,3,-1,-1,2,-1,-1,-1,56294,57088,55597,55040,51938,60606,8000,0,5000,3000,10000,3000,433706,432912,434403,434960,438062,429394,307563,0
240000,2,1,3,-1,-1,-1,-1,-1,-1,236767,236769,238769,235603,233374,230897,8622,8922,8519,8499,8418,8420,3233,3231,1231,4397,6626,9103,1360779,0
200000,1,1,3,2,2,2,2,2,2,64158,65506,66872,65199,79104,80692,3000,3000,0,15000,3000,3000,135842,134494,133128,134801,120896,119308,394531,1
490000,2,2,3,-1,-1,-1,-1,-1,-1,455520,464727,477884,488808,427064,436172,16100,20000,19000,16000,16000,15000,34480,25273,12116,1192,62936,53828,2648075,0
240000,2,1,3,-1,-1,-1,-1,-1,-1,205495,236484,243567,44351,193283,21682,34700,11005,8006,202000,8505,377000,34505,3516,-3567,195649,46717,218318,303646,0
160000,1,2,1,-1,-1,-2,-1,-1,-1,4908,0,0,3166,3166,0,0,0,3166,0,0,4493,155092,160000,160000,156834,156834,160000,3581,0
60000,2,2,2,-1,-1,2,-1,-1,-1,921,1498,749,749,58852,6295,1498,0,749,58852,6295,0,59079,58502,59251,59251,1148,53705,1670,0
160000,4,2,3,-1,-1,-1,-1,-1,-1,152240,152159,154523,156121,118248,119911,7650,6300,4800,3800,4600,4300,7760,7841,5477,3879,41752,40089,821752,0
400000,3,1,3,-1,-1,-1,-1,-1,-1,95014,97074,98274,84698,58612,55610,5000,3532,4005,1482,1452,3000,304986,302926,301726,315302,341388,344390,470811,1
320000,2,1,2,-1,-1,-1,-1,-1,-1,254065,136709,81130,103543,105623,107549,68000,12000,25000,3208,4031,94390,65935,183291,238870,216457,214377,212451,581990,0
340000,1,2,2,-1,-1,-2,-2,-2,-2,9054,1868,1135,0,0,0,1868,1144,0,0,0,0,330946,338132,338865,340000,340000,340000,9045,0
240000,3,1,3,-1,-1,-1,-1,-1,-1,135367,135091,133047,132264,130372,133170,6300,4800,4737,4667,4900,4849,104633,104909,106953,107736,109628,106830,769058,0
100000,1,2,2,2,2,2,-1,-1,2,33217,34372,33543,34260,36580,37347,2000,0,1580,2900,1500,1600,66783,65628,66457,65740,63420,62653,199739,1
50000,1,1,3,-1,-1,-1,-1,2,2,13176,15945,17180,18811,18380,19086,3000,1500,2000,0,2000,0,36824,34055,32820,31189,31620,30914,94078,0
200000,1,1,2,1,-2,-2,-1,-1,-1,-95,-95,-95,5,1005,21,0,0,100,1000,500,0,200095,200095,200095,199995,198995,199979,-854,0
280000,3,1,3,-1,-1,-1,-1,-1,-1,38242,41083,55444,57115,54076,58155,4000,15000,3026,3000,8043,2000,241758,238917,224556,222885,225924,221845,269046,0
360000,2,1,2,-2,-2,-2,-2,-2,-2,346,9138,-1,377,2899,376,9182,0,378,2912,377,3208,359654,350862,360001,359623,357101,359624,-2922,0
20000,2,1,3,2,2,2,2,4,3,14301,17069,17818,20251,19657,19072,3000,1300,3000,0,0,0,5699,2931,2182,-251,343,928,100868,1
160000,4,1,3,-1,-1,-1,-1,-1,-1,386,907,3707,6987,3853,4613,907,3707,6991,77,4613,4099,159614,159093,156293,153013,156147,155387,59,0
30000,2,2,1,7,6,5,4,3,2,33666,32875,32101,31071,30136,28496,0,0,0,0,0,1642,-3666,-2875,-2101,-1071,-136,1504,186703,1
90000,1,2,1,2,2,2,2,2,2,11512,12524,13523,13704,13882,14015,1500,1500,700,700,500,0,78488,77476,76477,76296,76118,75985,74260,1
20000,2,1,3,-1,-1,-1,-1,-1,-1,12721,14102,14870,16116,16436,16781,1600,1300,1500,588,610,611,7279,5898,5130,3884,3564,3219,84817,1
100000,3,2,2,-1,-1,-1,-1,2,2,37709,39588,42455,45173,46134,45263,2500,3500,3420,2000,0,6000,62291,60412,57545,54827,53866,54737,238902,1
20000,3,1,3,3,2,2,2,2,2,300,300,300,300,300,300,0,0,0,0,0,0,19700,19700,19700,19700,19700,19700,1800,1
300000,3,1,3,-1,-1,-1,-1,-1,-1,39883,42349,44095,46502,47578,48959,3000,2600,3000,2000,2000,2000,260117,257651,255905,253498,252422,251041,254766,0
70000,2,2,2,-1,-1,-1,-1,-1,-1,67958,66157,67569,67127,66483,65251,2500,2486,2700,2700,2500,3000,2042,3843,2431,2873,3517,4749,384659,0
10000,1,1,3,4,3,2,2,2,-1,6744,6494,6247,7975,7701,7787,0,0,2000,0,359,331,3256,3506,3753,2025,2299,2213,40258,0
50000,2,2,3,-1,-1,-1,-1,-1,-1,7217,8291,9649,10975,11292,11610,1200,1500,1500,500,500,500,42783,41709,40351,39025,38708,38390,53334,0
280000,2,1,3,1,2,-1,-1,-1,-1,238094,228523,191098,160149,154421,156022,0,8000,6000,5000,10000,5000,41906,51477,88902,119851,125579,123978,1094307,0
10000,3,2,3,1,2,-1,-1,-1,-1,7816,7542,8561,9571,9761,10106,0,1149,1159,349,502,200,2184,2458,1439,429,239,-106,49998,0
10000,2,1,1,-1,-1,-1,-1,-1,-1,8275,8409,8600,9470,6690,9690,2800,2000,1500,900,3000,0,1725,1591,1400,530,3310,310,40934,1
20000,1,2,1,-1,-1,-1,2,-1,-1,13835,14897,17512,16926,17368,17959,1600,3170,0,1000,1000,3000,6165,5103,2488,3074,2632,2041,88727,0
200000,1,2,2,-1,-1,-1,-1,-1,-1,70185,71417,73534,74785,79985,3065,3000,3000,2000,5400,3080,998,129815,128583,126466,125215,120015,196935,355493,0
140000,2,1,2,-1,-1,-1,-1,-1,-1,70649,72069,74140,76421,82223,84296,3100,3140,3421,7000,3296,3283,69351,67931,65860,63579,57777,55704,436558,0
100000,1,2,2,-1,-1,-1,-1,-1,-1,83845,87580,84140,86400,87275,89082,4500,3300,3881,2500,2519,2700,16155,12420,15860,13600,12725,10918,498922,0
170000,1,2,2,-1,-1,-1,-1,-1,-1,2371,316,316,316,316,316,316,316,316,316,316,1316,167629,169684,169684,169684,169684,169684,1055,0
160000,3,1,2,-1,-1,-1,-1,-1,-1,326,326,326,326,326,326,326,326,326,326,326,326,159674,159674,159674,159674,159674,159674,0,0
190000,2,2,2,-1,-1,-1,-1,-1,-1,3816,4575,5029,6494,678,11928,1100,1300,2000,678,11514,0,186184,185425,184971,183506,189322,178072,15928,0
180000,2,2,2,-1,-1,-1,-1,-1,-1,134496,136613,133557,129909,133043,133835,6600,6600,6000,6000,6000,5000,45504,43387,46443,50091,46957,46165,765253,0
500000,1,1,2,1,-2,-2,-2,-2,-2,-44,-44,-44,-44,-44,-44,0,0,0,0,0,0,500044,500044,500044,500044,500044,500044,-264,0
340000,1,1,3,-2,-2,-2,-2,-2,-2,6888,2913,340,2823,13045,14006,2913,340,2823,13062,14016,4513,333112,337087,339660,337177,326955,325994,2348,0
120000,3,1,3,2,2,-2,-2,-2,-2,61650,0,0,0,0,0,0,0,0,0,0,0,58350,120000,120000,120000,120000,120000,61650,1
180000,1,1,2,-1,-1,-1,-1,-1,-1,21336,22376,23412,25013,25899,26680,1400,1400,2000,1300,1200,1000,158664,157624,156588,154987,154101,153320,136416,0
200000,3,1,3,-2,-2,-2,-2,-2,-2,2772,3831,8640,433,14398,3475,4127,8683,436,14595,3516,7651,197228,196169,191360,199567,185602,196525,-5459,0
230000,1,1,3,-1,-1,-1,-1,-1,-1,24901,26071,27937,28774,29202,29683,1500,2200,2000,1100,1000,980,205099,203929,202063,201226,200798,200317,157788,0
120000,1,2,1,-1,-1,-1,-1,-1,-1,45375,52437,50473,45087,35424,31760,12000,5024,5000,5000,4000,5000,74625,67563,69527,74913,84576,88240,224532,0
150000,1,2,3,-1,-1,-1,-1,-1,-1,69627,49082,50170,46725,100503,54798,5000,3000,3000,5000,10000,5000,80373,100918,99830,103275,49497,95202,339905,0
80000,2,2,1,1,2,-1,-1,-1,-1,3751,832,2696,1457,990,3356,2,2704,1461,993,3366,5012,76249,79168,77304,78543,79010,76644,-456,1
90000,2,2,1,-1,-1,2,-1,-1,-1,49271,51425,47756,45977,43936,37142,3011,1207,1619,1576,1600,2000,40729,38575,42244,44023,46064,52858,264494,0
200000,1,2,1,-1,-1,-1,-1,-1,-1,5838,2256,9552,4215,3400,3286,2256,9588,5135,3487,3295,7791,194162,197744,190448,195785,196600,196714,-3005,0
240000,3,2,1,-1,-1,-1,-1,-2,-2,22334,13842,1425,10591,1793,1509,3851,1467,10594,1802,1516,1193,217666,226158,238575,229409,238207,238491,31071,0
120000,1,2,1,-1,-1,-1,-1,-1,-1,120942,118576,118240,116142,115087,117647,4585,5923,4533,4200,4433,4241,-942,1424,1760,3858,4913,2353,678719,0
120000,2,2,1,1,-1,-1,-1,-1,-1,0,326,326,652,326,326,652,326,652,0,326,326,120000,119674,119674,119348,119674,119674,-326,1
230000,1,1,1,2,-1,-1,-1,-1,-1,306836,295324,303082,307038,116506,19085,9062,10978,10361,2507,490,308,-76836,-65324,-73082,-77038,113494,210915,1314165,0
230000,1,2,2,-1,-1,-1,-1,-1,-1,476,476,476,476,476,4145,476,476,476,476,4145,476,229524,229524,229524,229524,229524,225855,0,0
250000,1,2,2,3,2,2,2,2,2,2500,2500,2500,2500,2500,2500,0,0,0,0,0,0,247500,247500,247500,247500,247500,247500,15000,1
330000,1,2,2,-1,-1,-2,-2,-2,-2,16352,0,0,0,0,0,0,0,0,0,0,0,313648,330000,330000,330000,330000,330000,16352,1
470000,2,1,2,-1,-1,-1,-1,-1,-1,176838,181224,143173,145293,148871,152309,9000,7000,6000,6000,6000,6000,293162,288776,326827,324707,321129,317691,907708,0
310000,1,1,2,2,2,-2,-2,-2,-2,2500,0,0,0,0,0,0,0,0,0,0,0,307500,310000,310000,310000,310000,310000,2500,1
20000,3,1,3,-1,-1,-1,-1,2,-1,1522,1261,1261,2126,1573,1170,1000,1261,2126,0,0,150,18478,18739,18739,17874,18427,18830,4376,1
150000,3,2,3,-1,-1,-1,-1,-1,-1,6129,6051,5901,671,37082,34725,6051,5901,671,37082,5000,5000,143871,143949,144099,149329,112918,115275,30854,0
30000,2,1,2,1,-1,-1,2,-1,-1,0,26232,29093,28319,29064,28658,26232,3300,0,1200,1100,1500,30000,3768,907,1681,936,1342,108034,1
330000,1,1,2,-1,-1,-1,-1,-1,-1,694,0,2023,-22,2870,860,0,2023,0,2892,1059,1727,329306,330000,327977,330022,327130,329140,-1276,0
180000,1,1,3,-1,-1,-1,-2,-2,-2,1568,1550,-18,-18,-18,-18,1550,0,0,0,0,0,178432,178450,180018,180018,180018,180018,1496,0
360000,2,1,2,-2,-2,-2,-2,-2,-2,1288,2508,2500,0,0,0,2520,2500,0,0,0,0,358712,357492,357500,360000,360000,360000,1276,0
150000,2,1,3,-1,-1,-1,-1,-1,-1,122084,126042,128706,131333,133974,136907,5000,3700,3719,3756,4031,3914,27916,23958,21294,18667,16026,13093,754926,0
280000,3,3,3,1,-2,-1,-1,-1,-1,-191,-191,5612,6917,10247,11822,0,6100,4000,3500,2500,2000,280191,280191,274388,273083,269753,268178,16116,0
130000,3,1,2,-1,-1,-1,-1,-1,-1,51790,390,390,390,390,390,390,390,390,390,390,390,78210,129610,129610,129610,129610,129610,51400,0
240000,2,1,3,-1,-1,2,2,-1,-1,125055,133825,136232,132569,135007,34036,12400,6000,0,5806,2198,1207,114945,106175,103768,107431,104993,205964,669113,0
90000,2,1,3,-1,-1,-1,-1,-1,-1,3014,-1750,76674,77974,80064,81747,1757,79786,2836,3657,2972,6228,86986,91750,13326,12026,9936,8253,220487,0
190000,2,1,3,-1,-1,-1,2,-1,-1,66506,67540,116043,107533,89331,91477,3000,50030,130,5000,4000,5000,123494,122460,73957,82467,100669,98523,471270,0
20000,1,1,3,-1,-1,-1,-1,-1,-1,19796,18510,16077,16389,11286,12833,1507,4011,5066,1003,7000,3000,204,1490,3923,3611,8714,7167,73304,0
50000,2,1,3,-1,-1,2,2,2,2,42511,46526,46831,50799,50540,48700,5000,2175,5520,2000,302,2000,7489,3474,3169,-799,-540,1300,268910,1
160000,1,2,1,-1,-1,-1,-1,-1,-2,1111,1111,0,6795,0,0,1111,0,6795,0,0,0,158889,158889,160000,153205,160000,160000,1111,0
60000,3,2,2,2,2,2,2,-1,-1,31649,30841,34336,33489,35615,38027,0,4000,0,3000,3000,2000,28351,29159,25664,26511,24385,21973,191957,1
150000,1,2,1,-1,-1,-1,-1,-1,-1,56918,58368,59830,60134,26607,0,3000,3000,2000,0,0,0,93082,91632,90170,89866,123393,150000,253857,0
100000,1,2,1,2,-1,-1,2,2,2,34694,36014,39321,39145,39494,39896,1900,4200,900,1400,900,6440,65306,63986,60679,60855,60506,60104,212824,1
60000,2,1,2,2,2,2,2,2,2,20195,21267,21332,21680,23011,23498,1700,700,1000,2000,1000,0,39805,38733,38668,38320,36989,36502,124583,0
220000,1,1,2,-1,-1,-1,-1,-1,-1,8821,17039,7113,9574,1727,4201,20059,7540,9571,1739,4918,0,211179,202961,212887,210426,218273,215799,4648,0
130000,1,2,3,2,2,2,2,2,2,68739,70024,68345,72487,73591,75161,3000,0,5900,2900,2900,2900,61261,59976,61655,57513,56409,54839,410747,1
10000,3,2,3,1,2,2,2,-1,-1,8090,6339,8623,5885,4417,5190,0,2586,0,1000,1000,345,1910,3661,1377,4115,5583,4810,33613,1
200000,3,2,2,-1,-1,-1,-2,-1,-1,6492,6069,-202,1201,1200,0,1050,0,1302,100,0,0,193508,193931,200202,198799,198800,200000,12308,0
150000,3,1,3,-1,-1,-1,-1,-1,-1,148826,148568,151864,147485,106607,98109,6000,6012,5012,5000,4000,4000,1174,1432,-1864,2515,43393,51891,771435,0
100000,1,2,2,-1,-1,-1,-1,-1,-1,26650,26127,26608,24689,25699,26809,2000,2000,2000,1700,1500,1500,73350,73873,73392,75311,74301,73191,145882,0
300000,2,2,2,2,2,2,2,2,2,285177,291282,293497,293046,291883,297169,13003,9003,8114,4403,8838,604,14823,8718,6503,6954,8117,2831,1708089,1
160000,1,2,2,1,-1,-1,-1,-1,-1,0,650,0,650,325,325,650,0,650,0,325,325,160000,159350,160000,159350,159675,159675,0,1
500000,1,2,2,-1,-1,-1,-1,-1,-1,30056,18415,1697,-107,2693,5393,6000,1697,0,2800,5400,8300,469944,481585,498303,500107,497307,494607,33950,0
80000,3,2,2,-1,-1,-1,-1,-1,2,72463,77862,78520,69750,48707,47418,7000,3000,3000,3600,0,2000,7537,2138,1480,10250,31293,32582,376120,1
90000,2,1,2,-1,-1,2,-1,-1,-1,77107,93894,91508,86167,49479,50704,20000,0,3752,1726,2003,2000,12893,-3894,-1508,3833,40521,39296,419378,0
320000,1,1,2,-2,-2,-2,-2,-2,-2,1877,4094,4664,3878,22483,4097,4114,4687,3985,22595,4117,5838,318123,315906,315336,316122,297517,315903,-4243,0
390000,1,1,2,-1,-1,-1,-1,-1,-1,14673,83728,67892,65246,68949,52724,83728,2637,2576,5000,2724,2000,375327,306272,322108,324754,321051,337276,254547,0
30000,2,1,3,1,4,3,2,2,3,14557,14039,13528,13810,14488,13971,0,0,800,1200,0,0,15443,15961,16472,16190,15512,16029,82393,1
170000,2,1,2,1,-2,-1,-1,-1,-1,-8,-8,2698,6951,12753,12023,0,2706,6954,7002,241,13074,170008,170008,167302,163049,157247,157977,4432,0
200000,1,2,2,2,2,2,-1,-1,-1,89082,91055,89064,90019,92850,98666,4000,0,3000,4000,7000,4000,110918,108945,110936,109981,107150,101334,528736,1
380000,4,1,3,-1,-1,-1,-1,-1,-1,17670,10179,11824,23991,13944,20962,10233,13826,24071,4065,21061,28484,362330,369821,368176,356009,366056,359038,-3170,0
260000,1,1,3,-1,-1,-2,-2,-1,-1,1350,0,0,0,760,0,0,0,0,760,0,935,258650,260000,260000,260000,259240,260000,415,0
360000,1,1,2,-1,-1,-1,-1,-1,-1,7462,2708,5562,3906,8413,3079,2721,5588,3924,8454,3093,4095,352538,357292,354438,356094,351587,356921,3255,0
240000,1,1,2,-1,-1,-1,-1,-1,-1,2024,2007,21790,17102,13367,22659,2017,21817,1120,13434,22772,22820,237976,237993,218210,222898,226633,217341,-5031,0
100000,1,2,2,1,2,2,-1,-1,2,20505,22553,21904,23531,24636,25592,2700,0,2000,1500,1500,0,79495,77447,78096,76469,75364,74408,131021,0
90000,2,1,2,-1,-1,-1,-1,-1,-1,88081,83960,84963,56089,57355,58394,3244,2600,2037,2200,2110,7000,1919,6040,5037,33911,32645,31606,409651,1
290000,2,2,2,-1,-1,-1,-1,-1,-1,72607,1995,2791,4644,2936,2245,2003,2803,4680,2956,2254,1811,217393,288005,287209,285356,287064,287755,70711,0
80000,3,2,3,-1,-1,2,-1,-1,-1,11204,17587,17405,20207,23308,26406,6922,441,3450,3541,3545,3649,68796,62413,62595,59793,56692,53594,94569,0
240000,1,1,2,-1,-1,-1,-1,-1,-1,14719,3192,4389,10179,5413,1899,3192,4397,10179,5413,1899,21986,225281,236808,235611,229821,234587,238101,-7275,0
30000,1,2,1,-1,-1,-1,-1,-1,-1,17960,18968,19958,21448,15567,22,1610,1600,2050,341,22,5000,12040,11032,10042,8552,14433,29978,83300,0
30000,2,1,3,2,-1,-1,-1,-1,-1,29492,29329,30720,29204,28219,28501,1488,1879,1624,900,900,900,508,671,-720,796,1781,1499,167774,0
50000,2,2,2,-1,-1,-1,-1,-1,-1,18844,20039,21076,20578,19046,18998,1500,1371,2000,2000,1000,1000,31156,29961,28924,29422,30954,31002,109710,1
180000,3,1,2,-1,-1,-1,-1,-1,-1,1170,420,2745,3053,1012,1312,420,2745,1000,1392,1312,1110,178830,179580,177255,176947,178988,178688,1733,1
310000,2,1,2,-1,-1,-1,-1,-1,2,11416,15864,18599,21277,25896,25354,5000,3000,3000,5000,0,1000,298584,294136,291401,288723,284104,284646,101406,0
80000,1,2,2,-1,-1,-1,-1,-1,-1,52132,52568,54108,55310,48198,43536,3000,3000,3000,2000,2000,2000,27868,27432,25892,24690,31802,36464,290852,0
50000,2,1,3,1,2,-1,-1,-1,2,49559,48019,45368,-500,7907,7258,0,2200,0,8407,0,1000,441,1981,4632,50500,42093,42742,146004,0
390000,3,2,2,-1,-1,-1,-1,-1,-1,55213,59122,72930,76543,78143,77763,10000,20000,10000,8000,6000,5000,334787,330878,317070,313457,311857,312237,360714,0
440000,1,2,2,-1,-1,-1,-1,-1,-1,120448,115977,104887,86807,71641,12420,3939,3506,3589,3061,1031,1044,319552,324023,335113,353193,368359,427580,496010,0
50000,2,2,2,1,-1,-1,-1,-1,-1,0,676,-104,9732,9927,9339,676,0,10500,337,333,407,50000,49324,50104,40268,40073,40661,17317,0
210000,1,1,2,-1,-1,-1,-1,-1,-1,154714,150011,139854,138054,136674,136196,4830,4700,4515,4426,4436,4765,55286,59989,70146,71946,73326,73804,827831,0
230000,3,2,2,-1,-1,-1,-1,-1,-1,137122,138268,127797,130490,110153,112253,6700,6500,6513,4601,5000,5000,92878,91732,102203,99510,119847,117747,721769,0
50000,2,1,3,-1,-1,-1,-1,-1,-1,27681,28287,28924,29521,29876,30201,1458,1485,1472,1217,1347,558,22319,21713,21076,20479,20124,19799,166953,0
100000,3,2,3,-1,-1,2,2,-1,-1,390,780,390,0,780,0,780,0,0,780,0,0,99610,99220,99610,100000,99220,100000,780,1
80000,1,1,3,2,2,2,2,2,2,40509,40551,42592,43296,43892,43060,1000,3000,1700,1600,0,3500,39491,39449,37408,36704,36108,36940,243100,0
250000,3,1,1,-1,-1,-1,-1,-1,-1,249827,191305,90497,92278,93354,95309,8500,3899,3913,3186,3301,3525,173,58695,159503,157722,156646,154691,786246,0
150000,3,1,3,-2,-2,-2,-2,-2,-2,389,349,8362,882,1594,1385,350,8403,886,1602,1391,1156,149611,149651,141638,149118,148406,148615,-827,0
140000,3,1,3,-1,-1,-1,-1,-1,-1,137952,141168,143215,61586,70626,72723,7000,6110,5000,10014,5011,5005,2048,-1168,-3215,78414,69374,67277,589130,0
530000,1,1,2,-1,-1,-1,-1,-1,-1,339912,335081,333120,304353,282876,288945,12188,12639,11123,9600,10028,16947,190088,194919,196880,225647,247124,241055,1811762,0
20000,1,2,2,2,2,2,2,-1,-1,16855,17272,19820,19104,19646,20527,1000,2832,0,658,1151,0,3145,2728,180,896,354,-527,107583,1
130000,1,1,1,-1,-1,-1,-1,-1,-1,71051,67664,66258,62697,48210,46255,3000,3000,6000,2000,2000,2000,58949,62336,63742,67303,81790,83745,344135,0
20000,3,2,2,1,4,3,2,2,2,15526,14996,14474,13944,15073,14692,0,0,0,1363,0,2000,4474,5004,5526,6056,4927,5308,85342,0
50000,2,1,2,3,2,3,2,2,2,33759,36388,35527,36247,35367,37537,3500,0,1600,0,2900,0,16241,13612,14473,13753,14633,12463,206825,1
470000,3,2,2,2,2,-1,-1,-1,-1,519901,499024,494290,470617,398523,389927,0,20600,19000,14000,13600,13600,-49901,-29024,-24290,-617,71477,80073,2691482,1
310000,2,2,3,-1,-1,-1,-1,-1,-1,369398,342174,298536,168389,151755,73083,10250,9278,7000,7000,5000,188000,-59398,-32174,11464,141611,158245,236917,1176807,0
180000,2,1,3,-2,-2,-2,-2,-2,-2,0,0,0,0,45,0,0,0,0,45,0,2380,180000,180000,180000,180000,179955,180000,-2380,0
310000,1,1,3,-2,-2,-2,-2,-2,-2,8964,1168,6495,-16,-16,-16,1174,6527,0,0,0,0,301036,308832,303505,310016,310016,310016,8878,0
160000,1,1,3,2,2,-1,-1,2,2,14137,13613,14634,16532,15969,17701,0,1247,2145,0,2000,0,145863,146387,145366,143468,144031,142299,87194,1
500000,2,2,2,-1,-1,-1,2,-1,-1,126599,132527,138945,142235,144959,148697,8000,8500,7000,7000,6000,15000,373401,367473,361055,357765,355041,351303,782462,0
380000,2,1,2,-1,-1,-1,-1,-1,-1,288908,288614,245375,249931,209711,185920,12036,11483,9578,6884,6549,6520,91092,91386,134625,130069,170289,194080,1415409,0
250000,4,1,2,-2,-2,-2,-2,-2,-2,22839,7745,12035,33604,0,1190,7783,12046,33718,0,1190,590,227161,242255,237965,216396,250000,248810,22086,0
500000,1,2,2,-1,-1,-1,-1,-1,-1,22204,83528,-24702,23804,92715,6655,83643,472,113935,108041,33,3984,477796,416472,524702,476196,407285,493345,-105904,0
210000,1,2,2,-1,-1,-1,-1,-1,-1,10635,9921,2570,14722,11220,14800,10046,2570,14722,11220,14800,7250,199365,200079,207430,195278,198780,195200,3260,0
250000,1,1,3,-2,-2,-2,-2,-2,-2,0,0,500,0,0,0,0,500,0,0,0,0,250000,250000,249500,250000,250000,250000,0,1
60000,1,2,1,-1,-1,-1,2,-1,-1,59114,59350,62130,56391,39083,39122,2800,4905,10,1600,1600,1600,886,650,-2130,3609,20917,20878,302675,0
200000,2,1,3,-1,-1,-1,-1,-1,-1,4735,3668,21602,3760,2925,16751,3679,21666,4971,2933,16759,5010,195265,196332,178398,196240,197075,183249,-1577,0
200000,1,1,2,2,2,2,2,2,2,44411,45379,45858,45781,47401,40536,2000,1500,1000,2540,2000,0,155589,154621,154142,154219,152599,159464,260326,1
20000,2,2,3,1,2,2,2,-1,-1,18330,17743,20346,19597,19086,16755,0,3208,0,600,453,138,1670,2257,-346,403,914,3245,107458,0
360000,1,1,3,-2,-2,-2,-2,-2,-2,316,736,2178,316,1812,1510,736,2178,316,1812,1510,485,359684,359264,357822,359684,358188,358490,-169,1
100000,2,1,2,-1,-1,-2,-2,-2,-2,91300,0,0,0,0,0,0,0,0,0,0,0,8700,100000,100000,100000,100000,100000,91300,0
180000,2,1,2,-1,-1,-1,-1,-1,-1,102937,104598,85805,87462,89162,91609,5000,4100,4010,4000,4000,4000,77063,75402,94195,92538,90838,88391,536463,0
380000,1,1,3,1,-2,-2,-2,-2,-2,0,0,0,0,0,0,0,0,0,0,0,0,380000,380000,380000,380000,380000,380000,0,0
50000,3,1,1,-1,-1,-1,-1,-1,-1,49468,49896,51057,49496,50688,50517,1900,2004,1900,2001,2200,2001,532,104,-1057,504,-688,-517,289116,0
200000,1,2,2,-1,-1,-1,-1,-1,-1,141634,145060,148817,154033,155435,151806,5700,6000,7600,5421,5400,5316,58366,54940,51183,45967,44565,48194,861348,0
200000,1,1,3,-1,-1,-1,-1,-1,-1,580,580,580,580,580,580,580,580,580,580,580,699,199420,199420,199420,199420,199420,199420,-119,1
280000,1,2,2,-1,-1,-1,-1,-1,-1,217798,202676,199490,181857,183324,177920,10050,10123,10001,6244,6315,7037,62202,77324,80510,98143,96676,102080,1113295,0
200000,1,1,2,1,-2,-2,-1,-1,-1,0,0,0,41673,42312,36171,0,0,41673,1206,1444,618,200000,200000,200000,158327,157688,163829,75215,0
150000,1,2,2,-1,-1,-1,-1,-1,-1,201864,121338,146685,137993,90715,92759,13230,31280,5979,7760,6000,260000,-51864,28662,3315,12007,59285,57241,467105,0
360000,2,1,2,-1,-1,-1,-1,-1,-1,359491,354962,276310,196654,186281,177587,14108,11100,6992,7000,6372,5845,509,5038,83690,163346,173719,182413,1499868,1
230000,1,1,2,-2,-2,-2,-2,-2,-2,392,4106,2562,6245,394,987,4114,2566,6286,394,989,3129,229608,225894,227438,223755,229606,229013,-2792,0
240000,2,3,2,-1,-1,-1,-1,-1,-1,18392,16427,16475,14648,9384,8171,1505,1327,1500,500,500,2000,221608,223573,223525,225352,230616,231829,76165,0
420000,1,1,3,-1,-1,-1,2,2,-2,4110,-150,6254,6023,0,0,0,6404,20,0,0,0,415890,420150,413746,413977,420000,420000,9813,0
450000,1,1,2,-2,-2,-2,-2,-2,-2,16666,16662,19428,2994,23787,41175,16662,19432,3005,23788,41214,36472,433334,433338,430572,447006,426213,408825,-19861,0
10000,3,2,2,-1,-1,-1,-1,-1,-1,8820,8813,8464,9474,9716,9960,1100,2148,1158,400,400,400,1180,1187,1536,526,284,40,49641,0
100000,2,1,2,-1,-1,-1,-1,-1,-2,37218,33720,24666,10550,0,0,1641,1200,1000,0,0,0,62782,66280,75334,89450,100000,100000,102313,0
180000,1,1,3,1,-2,-2,-2,-2,-2,0,0,0,0,0,0,0,0,0,0,0,0,180000,180000,180000,180000,180000,180000,0,1
10000,3,2,3,-1,-1,-1,-1,-1,-1,9545,10443,7329,8343,8508,8686,1117,1125,2139,304,315,345,455,-443,2671,1657,1492,1314,47509,0
20000,3,2,3,-1,-1,-1,-1,-1,-1,15921,16930,17954,18966,19404,19962,1280,1304,1316,754,931,463,4079,3070,2046,1034,596,38,103089,1
50000,1,2,2,-1,-1,2,3,2,2,15068,18303,20107,19496,18885,20581,3500,2400,0,0,2000,0,34932,31697,29893,30504,31115,29419,104540,1
250000,1,2,2,-1,-1,-1,-1,-1,-1,55741,74048,29381,56372,34020,4575,74081,29403,56692,34055,4575,0,194259,175952,220619,193628,215980,245425,55331,0
150000,2,1,3,-1,-1,-1,-1,-1,-1,118610,121098,123460,66902,68230,69661,4955,4947,3818,2442,2530,2538,31390,28902,26540,83098,81770,80339,546731,0
30000,2,2,2,-1,-1,-1,-1,-1,-1,29993,29890,28561,-229,23930,26655,1856,1000,1698,24860,3500,3000,7,110,1439,30229,6070,3345,102886,0
500000,1,1,2,-1,-1,-1,-1,-1,-1,400780,408982,373137,316654,324049,294926,30000,25025,20000,15010,20000,0,99220,91018,126863,183346,175951,205074,2008493,0
120000,1,2,2,-1,-1,-1,-1,-1,-1,64670,68574,71849,74974,83137,51377,5000,5000,5000,10000,5000,5000,55330,51426,48151,45026,36863,68623,379581,0
200000,1,2,2,-2,-2,-2,-2,-1,-1,15321,1199,933,21227,55272,58587,5006,938,21380,58007,51413,7738,184679,198801,199067,178773,144728,141413,8057,0
340000,3,1,3,-1,-1,-1,-1,-1,-1,109424,111606,111704,110578,109932,111127,4032,4117,4199,4103,3900,3382,230576,228394,228296,229422,230068,228873,640638,0
20000,2,2,3,-1,-1,-1,-1,-1,-1,19696,203,19378,19961,19962,19981,203,20710,1305,696,712,860,304,19797,622,39,38,19,74695,0
20000,2,1,2,-1,-1,-1,-1,-1,-1,11551,9181,7266,11282,3303,2350,1102,2100,1000,132,47,0,8449,10819,12734,8718,16697,17650,40552,0
20000,3,2,2,1,2,2,2,2,2,16247,15689,18417,17802,19543,18442,0,3000,0,2000,0,1000,3753,4311,1583,2198,457,1558,100140,0
220000,1,2,2,-1,-1,-1,-1,-1,-1,14588,6689,4664,9530,118206,112206,5021,4674,9530,120000,0,0,205412,213311,215336,210470,101794,107794,126658,0
20000,2,1,2,-1,-1,-1,-1,-1,-1,2799,2164,1854,3296,3435,4435,2005,1200,1500,300,1000,95,17201,17836,18146,16704,16565,15565,11883,0
280000,2,1,2,-1,3,2,-1,-1,-1,652,652,326,476,2482,-101,0,0,476,2482,101,326,279348,279348,279674,279524,277518,280101,1102,0
400000,1,1,3,-1,-1,-1,-1,-2,-2,38810,58265,49415,0,0,0,58265,49415,0,0,0,0,361190,341735,350585,400000,400000,400000,38810,0
310000,1,2,3,-1,-1,-1,-1,-1,-1,313268,278821,283847,290135,293350,300623,10010,11500,11015,11000,12000,23035,-3268,31179,26153,19865,16650,9377,1681484,0
30000,1,1,2,-1,-1,-1,-1,-1,-1,29104,30606,30416,28165,28654,29083,2000,2000,2003,2000,1000,402,896,-606,-416,1835,1346,917,166623,1
80000,2,2,2,-1,-1,-1,-1,-1,-1,73171,76815,64814,66796,41622,46002,5000,4000,4000,2000,5000,1588,6829,3185,15186,13204,38378,33998,347632,0
10000,4,2,3,-1,-1,-1,-1,-1,-1,8958,8774,9461,9457,9650,7500,1147,1224,1000,193,150,0,1042,1226,539,543,350,2500,50086,0
70000,3,3,3,-1,-1,-1,-1,-1,-1,67938,64248,59258,47176,46157,44981,2314,2060,1800,1700,1634,2000,2062,5752,10742,22824,23843,25019,318250,0
390000,1,2,2,-2,-2,-2,-2,-2,-2,0,0,0,0,0,4792,0,0,0,0,4792,490,390000,390000,390000,390000,390000,385208,-490,0
340000,3,1,3,-1,-1,2,2,-1,-1,251135,268949,283400,277335,282890,304280,22000,20251,0,10176,26000,12000,88865,71051,56600,62665,57110,35720,1577562,0
180000,1,1,3,1,2,2,2,2,-1,114952,117567,119314,120882,117450,120398,6000,5100,5000,0,5000,5000,65048,62433,60686,59118,62550,59602,684463,1
100000,1,1,2,-1,-1,-1,-1,-1,-1,30505,31509,32597,33520,28930,30478,1509,1597,1520,1500,2000,26715,69495,68491,67403,66480,71070,69522,152698,1
360000,2,2,2,-2,-2,-2,-2,-2,-2,880,22311,-447,-6146,13461,0,22311,26,0,25461,0,0,359120,337689,360447,366146,346539,360000,-17739,0
50000,3,2,3,-1,-1,-1,2,-1,-1,49911,50525,51463,49952,19584,19080,1762,4800,0,837,700,1000,89,-525,-1463,48,30416,30920,231416,0
360000,2,2,2,-1,-1,-1,-1,-1,-1,60219,45680,30878,66017,83049,16775,22694,36063,67000,36545,0,0,299781,314320,329122,293983,276951,343225,140316,0
50000,2,2,2,-1,-1,-1,-1,-1,-1,26842,23540,16980,16908,17327,17895,2500,2010,1500,1000,1000,900,23158,26460,33020,33092,32673,32105,110582,0
150000,2,1,2,-1,-1,-1,-1,-1,-1,129564,125063,118843,137751,141330,146389,10076,10050,30000,5000,6088,5150,20436,24937,31157,12249,8670,3611,732576,0
20000,3,1,2,-1,-1,-1,-1,-1,-1,19131,17834,18790,-27490,20001,17985,1500,1400,0,47700,700,1000,869,2166,1210,47490,-1,2015,13951,0
150000,1,1,3,-1,-1,-1,-1,-1,-1,152375,122540,129558,131476,133223,136004,5005,10002,5018,10006,7007,6000,-2375,27460,20442,18524,16777,13996,762138,1
50000,3,1,3,-1,-1,-1,-1,-1,-1,45220,46272,47330,48337,49298,50510,1800,1800,1800,1748,1990,2500,4780,3728,2670,1663,702,-510,275329,0
500000,2,1,3,-1,-1,-1,-1,-1,-1,1010,4682,8570,12072,9832,984,4682,5000,5000,5000,1000,600,498990,495318,491430,487928,490168,499016,15868,0
280000,2,1,2,-2,-2,-2,-2,-2,-2,1525,7391,5234,3316,2970,3978,7430,5234,3316,2970,3978,3258,278475,272609,274766,276684,277030,276022,-1772,0
270000,2,1,3,-1,-1,-1,2,-1,-1,157713,154413,166550,162244,126877,129903,7100,16000,7,5000,5000,5000,112287,115587,103450,107756,143123,140097,859593,0
110000,2,2,3,-1,-1,2,2,-1,-1,53113,57376,57876,56309,58359,109312,5150,2000,0,2800,54000,0,56887,52624,52124,53691,51641,688,328395,0
280000,2,2,2,-1,-1,-1,-1,-1,-1,136798,129735,118249,115422,114694,113047,4528,4340,3994,3968,4068,3966,143202,150265,161751,164578,165306,166953,703081,0
200000,2,1,2,-1,-1,-1,-1,-1,-1,2104,998,846,12319,19206,17034,1003,848,12323,8026,3083,6424,197896,199002,199154,187681,180794,182966,20800,0
30000,2,2,2,2,2,2,-1,-1,-1,25811,29066,28322,29251,15525,0,3700,0,1800,3925,0,0,4189,934,1678,749,14475,30000,118550,1
130000,3,1,3,-1,-1,-1,-1,-1,-1,124716,128924,131790,126031,99489,94722,6789,12206,6259,5105,3474,6002,5284,1076,-1790,3969,30511,35278,665837,0
440000,1,2,2,-1,-1,-1,-1,-1,-1,2976,16911,5945,17165,1176,18377,16911,5945,17165,0,18377,1759,437024,423089,434055,422835,438824,421623,2393,0
170000,2,1,2,1,2,-1,-1,-1,-1,77959,76115,79274,82034,85664,89272,0,5000,5000,5000,5000,5000,92041,93885,90726,87966,84336,80728,465318,0
50000,1,2,2,-1,-1,-1,-1,-1,-1,50620,47164,48004,49307,19218,19465,3000,3014,6047,1000,2320,3000,-620,2836,1996,693,30782,30535,215397,0
120000,3,1,3,-1,-1,-1,-1,-1,-1,32161,64308,65015,66571,67632,57798,64308,3000,4000,4000,4000,4000,87839,55692,54985,53429,52368,62202,270177,0
500000,1,2,2,-1,-1,-1,-1,-1,-1,50140,45984,44584,25402,21140,16072,1862,1593,1538,835,451,553,449860,454016,455416,474598,478860,483928,196490,0
120000,1,2,2,-1,-1,-1,-1,-1,-2,15665,2647,10293,3600,0,0,2647,10363,3600,0,0,0,104335,117353,109707,116400,120000,120000,15595,0
180000,2,1,2,-1,-1,-1,-1,-1,-1,65226,71031,74866,78534,82246,84014,10000,5000,5000,5000,3787,4391,114774,108969,105134,101466,97754,95986,422739,0
350000,1,2,2,-2,-2,-2,-2,-2,-2,2394,1685,563,7535,0,1522,1685,569,7572,0,1522,700,347606,348315,349437,342465,350000,348478,1651,1
20000,2,2,2,-1,-1,-1,-1,-1,-1,7534,4704,15226,16528,16128,19800,2000,15300,2000,0,4200,0,12466,15296,4774,3472,3872,200,56420,0
160000,2,1,2,-1,-1,-1,-1,-1,2,14658,15666,16694,17697,19023,18584,1258,1286,1289,1615,0,1000,145342,144334,143306,142303,140977,141416,95874,1
290000,1,1,2,-2,-2,-2,-2,-2,-2,-17,3465,10069,4225,-4,871,3482,10194,4276,0,875,3852,290017,286535,279931,285775,290004,289129,-4070,0
180000,2,2,2,-1,-1,-1,2,-1,-1,3229,0,6709,6366,1950,1931,0,6709,0,1950,1931,16486,176771,180000,173291,173634,178050,178069,-6891,0
200000,1,2,2,-1,-1,-1,-2,-2,-2,1125,2182,0,0,0,0,2182,0,0,0,0,0,198875,197818,200000,200000,200000,200000,1125,1
210000,2,1,2,-1,-1,-1,-1,-1,-1,1443,1443,1443,1443,1443,1443,1443,1443,1443,1443,1443,1443,208557,208557,208557,208557,208557,208557,0,0
70000,2,2,2,1,-1,-1,-1,-1,-1,0,11609,13411,14470,18070,15000,11609,2000,1400,5000,300,4220,70000,58391,56589,55530,51930,55000,48031,0
280000,2,2,2,2,2,2,2,-1,-1,163675,168581,170775,166749,168739,166757,9000,6000,5,5858,5741,5608,116325,111419,109225,113251,111261,113243,973064,1
120000,3,2,2,1,-2,-2,-2,-2,-2,-94,-2090,-2390,-2390,-2390,-2390,3,0,0,0,0,0,120094,122090,122390,122390,122390,122390,-11747,1
260000,1,2,3,-1,-1,-2,-1,-1,-1,6062,-900,-900,1905,897,4641,0,0,2805,2,4654,3661,253938,260900,260900,258095,259103,255359,583,0
340000,1,2,2,-1,-1,-1,-1,-1,-1,342299,339883,335659,336498,321941,315006,14000,13000,13000,12000,12000,12000,-2299,117,4341,3502,18059,24994,1915286,0
260000,1,2,1,-1,-1,-1,-1,-1,-1,56050,52079,52083,46703,47500,45030,6000,6000,5000,5000,4000,5000,203950,207921,207917,213297,212500,214970,268445,0
140000,1,2,1,-1,-1,-1,-1,-1,-1,34052,34677,35065,35668,36143,37064,1553,1601,1564,1399,2000,2000,105948,105323,104935,104332,103857,102936,202552,0
140000,2,1,2,1,-1,-1,-1,-1,-1,119279,6771,13380,18415,20135,27390,10000,10000,8000,5000,22000,42000,20721,133229,126620,121585,119865,112610,108370,0
200000,2,1,2,1,2,2,2,-1,-1,185471,189921,193731,189136,191335,202780,9000,8300,0,6800,14500,0,14529,10079,6269,10864,8665,-2780,1113774,0
50000,2,2,3,-1,-1,-1,-1,-1,-1,29308,20491,20846,20247,19551,18617,2000,1340,1298,827,676,707,20692,29509,29154,29753,30449,31383,122212,1
130000,2,2,1,-1,-1,-1,-2,-2,-2,21920,12390,0,0,0,0,1400,0,0,0,0,0,108080,117610,130000,130000,130000,130000,32910,0
130000,1,2,1,-1,-1,-1,-2,-2,-2,71668,47836,0,0,0,0,2000,0,0,0,0,0,58332,82164,130000,130000,130000,130000,117504,0
50000,2,2,1,-1,-1,-1,2,-1,-1,26538,27592,30627,28999,29607,29285,1500,3500,0,1051,1100,1040,23462,22408,19373,21001,20393,20715,164457,0
20000,3,1,1,-1,-1,-1,2,-1,-1,19794,19519,20464,19756,19978,11680,1304,2900,0,773,626,8554,206,481,-464,244,22,8320,97034,0
390000,1,2,1,-1,-1,-1,-1,-1,-1,18891,19521,28868,29661,21907,8205,6000,10000,2000,15000,5000,2000,371109,370479,361132,360339,368093,381795,87053,0
50000,2,2,1,2,2,2,2,2,-1,45769,47213,48162,48576,43700,44853,2500,2000,1523,200,2000,3388,4231,2787,1838,1424,6300,5147,266662,0
30000,2,2,1,1,2,-1,-1,-1,-1,24180,23498,24532,25517,25896,26282,0,1715,1700,1100,952,958,5820,6502,5468,4483,4104,3718,143480,0
240000,2,1,2,-2,-1,-1,-1,-1,-1,15220,7549,127494,102825,99867,99410,7575,125335,3358,2784,2833,2806,224780,232451,112506,137175,140133,140590,307674,0
180000,1,2,2,-1,-1,-1,-1,-1,-1,6383,3166,13346,4195,9934,3317,3200,13500,4195,10000,3500,5912,173617,176834,166654,175805,170066,176683,34,0
420000,1,2,2,-2,-2,-2,-2,-2,-2,7712,72910,18030,11831,11562,46623,35527,18442,11943,11620,46856,21802,412288,347090,401970,408169,408438,373377,22478,0
120000,1,2,2,2,-1,-1,-1,-1,-1,52053,52592,53748,54858,56445,58032,2000,2000,2000,2500,2500,2500,67947,67408,66252,65142,63555,61968,314228,1
450000,1,2,2,-1,-1,-1,-1,-1,-1,12712,1830,1183,1745,0,7519,1830,1188,1745,0,7519,0,437288,448170,448817,448255,450000,442481,12707,0
20000,1,2,2,-1,-1,-1,-2,-2,-2,19569,2700,0,0,0,0,1000,0,0,0,0,0,431,17300,20000,20000,20000,20000,21269,1
360000,2,1,2,-2,-2,-2,-2,-2,-2,-9,-9,-9,-9,1943,2500,0,0,0,1952,2500,0,360009,360009,360009,360009,358057,357500,-45,1
350000,2,2,3,-1,-1,-1,-1,-1,-1,28194,29334,30900,0,223,223,1500,2000,0,223,223,223,321806,320666,319100,350000,349777,349777,84705,0
180000,3,2,3,-1,-1,-1,-1,-1,-1,172064,175287,119687,131725,134122,133961,8000,5018,21000,6000,6000,6000,7936,4713,60313,48275,45878,46039,814828,0
410000,2,1,3,-1,-1,-1,-1,-1,-1,392906,400864,410877,419454,1356,1362,16000,17986,18545,1362,6,0,17094,9136,-877,-9454,408644,408638,1572920,0
50000,3,1,2,-1,-1,-1,-1,-1,-1,44917,46230,49319,50401,18919,19469,2061,4150,2232,750,929,611,5083,3770,681,-401,31081,30531,218522,0
430000,3,1,2,-1,-1,-1,-1,-1,-1,35488,39897,48916,52021,27796,29340,5000,10000,4000,1500,2000,2000,394512,390103,381084,377979,402204,400660,208958,0
200000,3,3,3,-1,-1,-1,-1,-1,-1,7331,4760,3529,11711,38079,0,4780,3529,11726,35000,0,0,192669,195240,196471,188289,161921,200000,10375,0
180000,1,2,2,-1,-1,-1,-1,-1,-1,52160,46545,43604,43571,19360,20650,3022,3005,3002,3004,3000,0,127840,133455,136396,136429,160640,159350,210857,0
200000,1,1,2,-1,-1,-1,-1,-1,-1,29675,28425,20289,43432,149388,136192,9000,2000,31162,157142,10418,69238,170325,171575,179711,156568,50612,63808,128441,0
160000,2,1,2,2,2,2,-1,-1,-1,155327,159293,154957,157788,160282,100213,8000,0,7300,7000,4400,1200,4673,707,5043,2212,-282,59787,859960,1
100000,2,1,3,-1,-1,-1,-1,-1,-1,72703,74147,76305,77855,78961,80452,2653,3352,3413,3000,2919,2944,27297,25853,23695,22145,21039,19548,442142,0
140000,2,2,3,2,-1,-1,-1,-1,-1,84371,85119,86901,89583,90432,92332,3046,3153,4126,3231,3351,3400,55629,54881,53099,50417,49568,47668,508431,1
120000,2,1,3,-1,-1,-2,-1,-1,-1,3972,2809,1021,2311,3868,2980,2816,1021,2321,3868,2980,0,116028,117191,118979,117689,116132,117020,3955,0
360000,1,2,2,1,-1,-1,-1,-1,-1,-2,513,1070,-10,2107,627,515,1075,0,2117,630,375,360002,359487,358930,360010,357893,359373,-407,0
120000,1,1,3,-1,-1,-1,-1,-1,-1,115467,54921,56542,58023,17421,105771,2000,2500,2800,1000,109000,4200,4533,65079,63458,61977,102579,14229,286645,1
310000,1,1,2,-1,-1,-1,-1,-1,-1,46916,5545,17152,6540,6834,6890,5545,17248,6559,10000,6890,5593,263084,304455,292848,303460,303166,303110,38042,0
180000,1,1,3,-2,-2,-2,-2,-2,-2,14787,12222,16564,15047,17884,13630,12898,17266,15053,17884,13630,15463,165213,167778,163436,164953,162116,166370,-2060,0
160000,2,1,3,-1,-1,-1,-1,-1,-1,116988,114956,114531,106467,106967,109245,4200,5555,4000,4000,4000,4200,43012,45044,45469,53533,53033,50755,643199,0
50000,2,1,3,2,-1,-1,-1,-1,-1,79262,40931,40892,41612,18825,18019,3278,1880,1650,10000,1000,700,-29262,9069,9108,8388,31175,31981,221033,1
300000,2,1,3,-1,-1,-1,-1,-1,-1,25492,28048,30582,33059,35498,39902,3000,3000,3000,3000,5000,5000,274508,271952,269418,266941,264502,260098,170581,0
500000,3,1,3,-1,-1,-1,-1,-1,-1,57313,54997,44226,40712,37311,27068,4060,5014,5005,4000,5000,0,442687,445003,455774,459288,462689,472932,238548,0
230000,2,1,2,1,-1,2,-1,-1,-1,-430,16659,1982,1982,991,5400,18675,0,991,0,5400,0,230430,213341,228018,228018,229009,224600,1518,0
300000,3,1,3,-1,-1,-1,2,-1,-1,836,390,780,390,780,780,390,780,0,780,0,0,299164,299610,299220,299610,299220,299220,2006,0
180000,2,2,3,-2,-2,-2,-2,-2,-2,0,900,910,0,0,0,900,910,0,0,0,0,180000,179100,179090,180000,180000,180000,0,0
280000,2,1,3,-1,-1,-1,-1,-1,-1,1207,1207,1207,1207,1207,1207,1207,1207,1207,1207,1207,1207,278793,278793,278793,278793,278793,278793,0,0
20000,3,2,3,-1,-1,-1,-2,-2,-1,3897,4774,-10,-10,-10,3990,1004,0,0,0,4000,2000,16103,15226,20010,20010,20010,16010,5627,0
360000,1,1,2,-1,-1,-1,-1,-1,-1,5225,-1900,14838,15987,13438,16935,6,18022,6036,5005,4514,1075,354775,361900,345162,344013,346562,343065,29865,0
20000,2,3,2,-1,-1,-1,-1,-1,-1,19701,20302,19200,17085,17953,19299,2000,1500,2000,2000,2000,1000,299,-302,800,2915,2047,701,103040,0
250000,1,1,2,-1,-1,-1,-1,-1,-1,70767,78906,84078,70507,2841,12606,10000,10000,10000,3000,10000,5000,179233,171094,165922,179493,247159,237394,271705,0
120000,1,1,3,-1,-1,-1,-1,-1,-1,118287,117775,117106,118207,116885,123040,5700,5700,6000,5000,10000,0,1713,2225,2894,1793,3115,-3040,678900,0
100000,4,3,3,2,2,-1,-1,-1,-1,40199,39218,35464,30456,29420,27102,0,2005,1700,976,2000,3000,59801,60782,64536,69544,70580,72898,192178,0
50000,3,1,3,-1,-1,-1,2,-1,-1,11752,13244,14722,15181,15928,16671,2000,2000,1000,1000,1000,1000,38248,36756,35278,34819,34072,33329,79498,0
470000,3,2,2,-1,-1,2,-1,-1,-1,8748,2442,2272,6040,6655,1200,3500,11,6080,6688,1206,0,461252,467558,467728,463960,463345,468800,9872,0
80000,2,1,3,-1,-1,-1,-1,-1,-1,10290,40000,0,2303,71637,7893,40000,0,2303,71637,1796,0,69710,40000,80000,77697,8363,72107,16387,0
110000,2,2,1,-1,-1,-1,-1,-1,-1,31327,31495,27682,28418,29442,30213,2000,1800,1500,1500,1400,5002,78673,78505,82318,81582,80558,79787,165375,0
280000,2,2,2,-1,-1,-1,-1,-1,-1,261602,267238,273951,262720,130384,102181,10000,11075,8972,5182,10000,4000,18398,12762,6049,17280,149616,177819,1248847,0
200000,1,1,2,-2,-2,-2,-2,-2,-2,3509,-8,1898,0,6062,0,0,1906,0,6062,0,1534,196491,200008,198102,200000,193938,200000,1959,0
170000,3,1,3,-1,-1,-1,-1,-1,-1,34778,40441,40937,34090,34894,36829,10000,5000,2000,2000,3000,2000,135222,129559,129063,135910,135106,133171,197969,0
60000,2,1,3,1,-1,-1,-1,-1,-1,-1582,56557,55839,47797,8062,8284,59852,5011,5000,2500,1000,5000,61582,3443,4161,12203,51938,51716,96594,0
180000,2,1,2,-1,-1,-1,-1,-1,-1,184661,183112,183172,183117,179277,183394,7000,7000,7000,6411,7000,7000,-4661,-3112,-3172,-3117,723,-3394,1055322,0
300000,2,1,3,-2,-2,-2,-2,-2,-2,0,0,0,0,0,0,0,0,0,0,0,0,300000,300000,300000,300000,300000,300000,0,1
150000,2,1,3,-1,-1,-1,-1,-1,-2,142326,145231,150145,150500,0,0,4500,6114,3500,0,0,0,7674,4769,-145,-500,150000,150000,574088,1
210000,1,2,2,-2,-2,-2,-2,-2,-2,28435,7615,0,0,0,0,7637,0,0,0,0,14263,181565,202385,210000,210000,210000,210000,14150,0
50000,3,2,2,-1,-1,-1,-1,-1,-1,20248,50797,53340,45661,20180,21155,45535,3500,1424,2000,1300,754,29752,-797,-3340,4339,29820,28845,156868,0
50000,1,1,3,-1,-1,-1,-1,-1,-1,390,390,390,390,390,390,390,390,390,390,390,390,49610,49610,49610,49610,49610,49610,0,1
300000,2,1,2,-2,-2,-2,-2,-2,-2,0,0,0,0,0,0,0,0,0,0,0,0,300000,300000,300000,300000,300000,300000,0,0
80000,2,1,3,-1,-1,-1,-1,-1,-1,78726,78837,76792,61435,26516,27215,3000,3000,3000,1500,1500,1500,1274,1163,3208,18565,53484,52785,336021,0
170000,2,2,2,-1,-1,-1,-1,-1,-1,172012,167929,116189,192082,120077,92593,168019,5000,6000,7125,5000,4500,-2012,2071,53811,-22082,49923,77407,665238,0
50000,3,1,3,-1,-1,-1,-1,-1,-1,19951,17221,15816,13983,13638,10657,1282,1253,1170,535,387,405,30049,32779,34184,36017,36362,39343,86234,0
140000,2,1,3,-1,-1,-1,-1,-1,-1,139282,138095,140725,139401,103929,101148,4945,5254,4861,3649,3653,3700,718,1905,-725,599,36071,38852,736518,1
350000,2,1,2,-1,-1,-1,-1,-1,-1,32596,16666,32597,16666,16666,32809,1000,32597,1000,16666,32809,526,317404,333334,317403,333334,333334,317191,63402,1
20000,2,1,3,-1,-1,-1,-1,-2,-2,836,836,2006,-2830,-7220,-11610,836,2006,1441,0,0,0,19164,19164,17994,22830,27220,31610,-22265,0
170000,1,2,2,2,2,-2,-2,-2,-1,2097,0,0,0,0,6271,0,0,0,0,6271,0,167903,170000,170000,170000,170000,163729,2097,1
20000,3,2,3,-1,-1,-1,-1,-1,-1,17613,18897,34964,9376,9620,780,1590,1208,1276,520,1560,0,2387,1103,-14964,10624,10380,19220,85096,1
240000,2,1,3,-1,-1,-1,-1,-1,-1,23904,21643,19743,20298,15475,15852,1400,1400,1300,1000,1000,1000,216096,218357,220257,219702,224525,224148,109815,0
50000,2,1,3,-1,-1,-1,-1,-1,-1,31852,28526,60032,25443,19600,19405,1600,2018,1500,1000,1500,1000,18148,21474,-10032,24557,30400,30595,176240,1
230000,2,1,3,-1,-1,-1,-1,-1,-1,301038,305327,213058,216260,215968,174195,9405,7769,7757,8030,6549,5226,-71038,-75327,16942,13740,14032,55805,1381110,1
100000,1,1,2,1,2,-1,-1,-1,-1,3515,2975,2342,12016,10203,5323,10,3141,12021,135,507,6,96485,97025,97658,87984,89797,94677,20554,0
300000,1,2,3,-1,-1,-1,-1,-1,-1,3016,-2659,40996,41513,38303,36352,0,43655,1752,937,916,1122,296984,302659,259004,258487,261697,263648,109139,0
90000,2,1,3,-1,-1,-1,-1,-2,-2,87104,90651,92400,0,0,0,5000,4500,0,0,0,0,2896,-651,-2400,90000,90000,90000,260655,1
210000,1,2,2,-1,-1,-1,-1,-1,-1,218742,218317,73874,73219,96844,94731,10000,5000,5000,30000,4500,15000,-8742,-8317,136126,136781,113156,115269,706227,0
50000,2,2,3,-1,-1,-1,-1,-1,-1,10101,6295,7333,8349,8362,8727,1300,1300,1300,300,500,500,39899,43705,42667,41651,41638,41273,43967,0
400000,2,1,3,-1,-1,-1,-1,-1,-1,113125,98056,141712,123382,125687,128018,8000,128000,5000,5000,5000,5000,286875,301944,258288,276618,274313,271982,573980,0
300000,1,1,2,-2,-2,-2,-1,-1,-2,19954,22492,20477,27206,37191,7543,23348,20477,27206,177202,7543,13719,280046,277508,279523,272794,262809,292457,-134632,0
150000,1,2,2,2,2,2,2,2,2,126115,128860,131426,132703,129080,136996,6300,6100,4900,0,10200,5100,23885,21140,18574,17297,20920,13004,752580,0
500000,1,1,2,2,-1,-1,-1,-1,-1,510367,473584,167682,501496,508213,496801,24913,5872,508229,18089,14070,15009,-10367,26416,332318,-1496,-8213,3199,2071961,1
300000,2,2,2,1,-1,3,2,-1,-1,0,780,780,390,390,390,1560,0,0,390,390,540,300000,299220,299220,299610,299610,299610,-150,1
300000,1,1,3,1,-2,-2,-2,-2,-2,0,0,0,0,0,0,0,0,0,0,0,0,300000,300000,300000,300000,300000,300000,0,0
150000,1,2,2,-1,2,-1,-1,-1,-1,6146,891,8969,6027,5132,1461,0,8969,6027,0,1461,50289,143854,149109,141031,143973,144868,148539,-38120,0
410000,1,2,2,-1,-1,-1,-1,-1,-1,198954,202511,199348,201941,101962,104837,7000,9000,9000,5000,5000,5000,211046,207489,210652,208059,308038,305163,969553,0
80000,1,2,2,-1,-1,-1,-1,-1,-1,77244,78259,79286,69708,49743,48969,3492,3593,3006,1729,2000,1900,2756,1741,714,10292,30257,31031,387489,0
50000,3,2,2,-1,-1,-1,-1,-1,-1,8949,9745,30739,30266,14581,12930,1030,31117,2000,14840,259,0,41051,40255,19261,19734,35419,37070,57964,0
140000,3,2,2,-2,-2,-2,-2,-2,-2,500,473,-27,3788,0,9386,473,0,3815,0,9386,722,139500,139527,140027,136212,140000,130614,-276,0
150000,2,1,2,2,-1,-1,-2,-2,-2,1033,1533,0,0,0,0,1550,0,0,0,0,0,148967,148467,150000,150000,150000,150000,1016,1
20000,1,1,2,-1,-1,-1,-1,-1,-1,20276,20134,20298,19269,19254,19484,1326,1326,1287,662,903,500,-276,-134,-298,731,746,516,112711,0
200000,1,2,2,-1,-1,-1,-1,-1,-1,12202,1964,12181,5908,1114,8314,4994,12181,2000,1114,8314,1114,187798,198036,187819,194092,198886,191686,11966,0
110000,2,2,3,-1,-1,-1,-1,-1,-1,80338,83483,74258,66409,69895,72234,5000,10000,3000,6000,3300,5000,29662,26517,35742,43591,40105,37766,414317,0
230000,2,2,3,2,-1,-1,-1,-1,-1,225043,229701,229250,229572,213420,218809,10000,11000,9000,9000,9000,9000,4957,299,750,428,16580,11191,1288795,1
50000,2,1,3,1,2,2,2,2,2,17371,17789,18209,18595,20323,19218,1000,1000,1000,2000,0,1000,32629,32211,31791,31405,29677,30782,105505,1
50000,2,2,3,1,2,-1,-1,-1,-1,47360,45915,46686,47084,14253,15479,0,2200,2000,1000,2000,2000,2640,4085,3314,2916,35747,34521,207577,0
50000,1,1,3,-1,-1,-1,2,-1,-1,25801,-1032,6910,6314,18544,12894,0,9000,88,18596,5023,5028,24199,51032,43090,43686,31456,37106,31696,0
310000,1,1,4,-1,-1,-1,-1,-1,-1,396,396,0,942,1645,1287,396,0,942,1645,1287,2077,309604,309604,310000,309058,308355,308713,-1681,0
10000,2,1,3,1,-1,-1,-1,-1,-2,-20,780,0,780,0,0,800,0,780,0,0,0,10020,9220,10000,9220,10000,10000,-40,1
100000,3,1,4,2,3,2,2,3,2,66204,64551,66924,72209,70451,72179,0,4000,7000,0,3000,3000,33796,35449,33076,27791,29549,27821,395518,0
700000,2,1,4,-2,-2,-2,-2,-2,-2,3528,2018,2131,5746,733,2913,2024,2131,5750,733,2917,2131,696472,697982,697869,694254,699267,697087,1383,0
330000,1,1,4,-2,-2,-2,-2,-2,-2,-17,-17,-17,988,-12,138,0,0,1005,12,150,13,330017,330017,330017,329012,330012,329862,-117,0
300000,2,1,3,-1,-1,-1,-2,-1,-1,1413,15393,-10,-10,7805,5738,15480,0,0,7815,28,6554,298587,284607,300010,300010,292195,294262,452,0
500000,3,1,3,-1,-1,-1,-1,-1,-1,260991,214726,230250,188805,192229,2786,7890,20132,20004,7714,3000,1543,239009,285274,269750,311195,307771,497214,1029504,0
10000,3,1,4,1,-1,2,2,-1,-1,0,950,1170,780,780,0,950,1000,0,0,0,0,10000,9050,8830,9220,9220,10000,1730,0
70000,3,1,4,-1,-1,-1,-1,-1,-1,68725,70413,70004,38102,28931,29143,3220,2220,28931,1000,1050,1052,1275,-413,-4,31898,41069,40857,267845,0
110000,2,1,4,1,-1,-1,-1,-1,-1,-10682,50928,54711,55926,18030,18367,62000,5000,3000,2000,1000,2000,120682,59072,55289,54074,91970,91633,112280,0
250000,2,1,4,-1,-1,-1,-1,-2,-1,238215,182156,121786,-329,-494,1541,9000,5000,0,0,2200,0,11785,67844,128214,250329,250494,248459,526675,0
550000,3,1,4,2,2,2,-1,-1,2,491810,534289,494690,504929,501474,446605,51500,0,19067,35696,0,18169,58190,15711,55310,45071,48526,103395,2849365,1
390000,1,2,3,-1,-1,-2,-1,-1,-1,898,0,0,2582,128,6273,0,0,2582,128,6273,0,389102,390000,390000,387418,389872,383727,898,0
100000,4,2,4,2,2,-1,-1,-1,-1,104264,101658,97937,98893,101044,96045,0,4134,3952,3611,3298,3401,-4264,-1658,2063,1107,-1044,3955,581445,0
20000,2,1,3,2,-1,-1,-1,-1,-1,17305,17917,18600,19034,19022,19046,1295,1368,1192,570,606,600,2695,2083,1400,966,978,954,105293,1
360000,2,1,4,-1,-1,-1,-1,-1,-1,221855,256171,-229,10527,9564,0,46000,0,10756,5035,0,0,138145,103829,360229,349473,350436,360000,436097,0
60000,2,1,4,-1,-1,-1,-1,-1,-1,7888,13989,9588,18041,14458,12710,14026,9700,18064,4016,5029,2828,52112,46011,50412,41959,45542,47290,23011,0
150000,2,1,4,2,2,-1,-1,2,2,17307,16736,17491,24882,25229,24688,0,1329,7720,1051,0,1987,132693,133264,132509,125118,124771,125312,114246,1
360000,3,1,3,-1,-1,-1,-1,-1,-1,170792,153458,136109,114908,111274,110141,5729,5365,4664,3890,3899,4724,189208,206542,223891,245092,248726,249859,768411,0
50000,1,2,3,-1,-1,-1,-1,-1,-1,48960,49686,50723,9182,10025,10400,2255,2292,1157,1000,600,0,1040,314,-723,40818,39975,39600,171672,0
170000,1,1,4,1,2,2,2,2,2,152495,155698,159029,160628,162808,163364,7200,7300,5700,6300,3300,9300,17505,14302,10971,9372,7192,6636,914922,0
300000,2,1,4,1,2,-1,-1,-1,2,198235,193548,198422,204116,214691,218101,0,8000,9000,15500,7000,10000,101765,106452,101578,95884,85309,81899,1177613,0
150000,3,2,4,-1,-1,-1,-1,-1,-1,3958,3146,2651,2465,4108,4703,3146,2659,2472,4116,4703,4708,146042,146854,147349,147535,145892,145297,-773,0
300000,3,1,4,-2,-2,-2,-2,-2,-2,1236,-13,-13,2155,2402,-10,0,0,2168,2421,0,0,298764,300013,300013,297845,297598,300010,1168,0
500000,1,1,4,-2,-2,-2,-2,-2,-2,18726,29914,8340,16561,15662,28935,29914,8340,16561,15701,28935,10000,481274,470086,491660,483439,484338,471065,8687,0
160000,2,2,4,-2,-2,-2,-2,-2,-1,-1,-1,-1,-1,-1,600,0,0,0,0,601,0,160001,160001,160001,160001,160001,159400,-6,1
50000,1,2,4,2,-1,-1,-1,-1,-1,9159,10474,10184,6279,7693,15083,1500,1508,1000,1500,1000,2000,40841,39526,39816,43721,42307,34917,50364,0
10000,3,2,4,2,2,-1,-1,-1,-1,10156,8570,6101,6711,7258,7777,0,1500,2000,2000,2000,2000,-156,1430,3899,3289,2742,2223,37073,0
100000,3,1,4,2,2,2,3,2,2,81507,83154,88223,85924,86803,88745,3900,7300,0,3200,3500,3420,18493,16846,11777,14076,13197,11255,493036,1
300000,1,1,4,2,2,2,2,2,2,148265,158230,160242,156171,165556,169250,14000,6000,0,12000,6500,6500,151735,141770,139758,143829,134444,130750,912714,1
30000,2,1,4,-1,-1,-1,-1,-1,-1,24911,26241,27512,27831,28795,29285,1750,2000,1240,1200,1100,0,5089,3759,2488,2169,1205,715,157285,1
90000,1,2,4,-1,-1,-1,-1,-1,-1,91671,91656,87106,48730,27535,27751,4508,5110,2000,3000,1000,3000,-1671,-1656,2894,41270,62465,62249,355831,0
30000,3,2,4,-1,-1,-1,-1,-1,-1,29683,26328,27422,28307,28902,29506,1426,1520,1405,1000,1006,1451,317,3672,2578,1693,1098,494,162340,0
140000,3,1,4,-1,-1,-1,-1,-1,-1,133167,135889,81607,83927,84861,86556,5400,3000,4000,3500,3504,3500,6833,4111,58393,56073,55139,53444,583103,0
50000,1,2,4,-1,-1,-1,-1,-1,-1,49512,50463,49793,50032,18336,18720,1771,2061,1300,643,666,686,488,-463,207,-32,31664,31280,229729,0
100000,4,1,4,-1,-1,-1,-1,-1,-1,184438,188238,192080,196000,200000,0,3800,3842,3920,4000,0,0,-84438,-88238,-92080,-96000,-100000,100000,945194,0
30000,2,1,3,-1,-1,-1,-1,-1,-1,29707,28853,30107,29923,29472,27729,2000,3000,4000,2000,4000,2000,293,1147,-107,77,528,2271,158791,0
160000,3,1,4,-1,-1,-1,-2,-1,-1,4042,4338,-1801,-5513,743,1012,1000,0,0,6256,1050,1000,155958,155662,161801,165513,159257,158988,-6485,1
10000,3,1,4,-1,-1,-1,2,2,-1,7525,6952,9356,9533,9233,9295,1276,2680,477,0,360,1000,2475,3048,644,467,767,705,46101,0
170000,2,1,4,-1,-1,-1,-1,-1,-1,792,-2604,396,792,396,396,0,3396,792,0,396,396,169208,172604,169604,169208,169604,169604,-4812,1
50000,1,1,3,-1,-1,-1,-1,-1,-1,48096,49267,48078,25869,22647,2875,2300,2000,1600,100,250,104,1904,733,1922,24131,27353,47125,190478,0
500000,3,1,4,-1,2,2,-2,-1,-1,5008,546,-4,-4,1319,2977,1,0,0,1323,3000,8,494992,499454,500004,500004,498681,497023,5510,0
500000,3,1,4,2,-1,-1,-1,-1,-1,613860,512526,334227,145482,125936,91382,37300,11000,4500,4000,4000,100000,-113860,-12526,165773,354518,374064,408618,1662613,1
20000,2,1,4,3,2,3,3,2,2,6015,7759,8486,8208,7930,8650,2000,1000,0,0,1000,0,13985,12241,11514,11792,12070,11350,43048,1
20000,2,1,4,-1,-1,-1,-1,-1,-1,16361,17368,18546,19283,14821,0,1285,1463,1200,296,0,0,3639,2632,1454,717,5179,20000,82135,0
80000,4,1,4,-1,-1,-1,-1,-1,-1,61454,61808,62290,29296,26210,17643,2545,2208,1336,2232,542,348,18546,18192,17710,50704,53790,62357,249490,1
500000,1,1,4,1,2,-1,-1,-1,-1,65005,63099,64610,64133,264,264,0,2787,1312,264,264,4709,434995,436901,435390,435867,499736,499736,248039,0
20000,3,2,5,-1,-1,-1,-1,-1,-1,16303,17314,18343,19331,18541,18929,1286,1315,1303,663,686,744,3697,2686,1657,669,1459,1071,102764,0
190000,2,2,4,-1,-1,-1,-1,-1,-1,105046,85715,66984,67864,68156,67958,2777,2458,2411,2405,2595,3000,84954,104285,123016,122136,121844,122042,446077,0
160000,2,2,4,-1,-1,-1,-1,-1,-1,86249,85764,83764,75088,69753,66574,5000,4214,4014,2500,3000,3000,73751,74236,76236,84912,90247,93426,445464,0
170000,1,2,4,-1,-1,-1,-1,-1,-1,201851,195038,189067,180389,137030,129222,6873,7509,5573,4309,4239,5142,-31851,-25038,-19067,-10389,32970,40778,998952,1
80000,2,1,4,-1,-1,-1,-1,-1,-1,80449,77652,77980,79938,50209,49762,2779,3075,5000,1750,1810,3000,-449,2348,2020,62,29791,30238,398576,1
180000,2,1,4,-1,-1,-1,-1,-1,-1,182329,177183,177694,127051,128562,129128,9000,7000,5000,5000,10000,5000,-2329,2817,2306,52949,51438,50872,880947,0
50000,3,2,4,2,2,-1,-1,-1,-1,51264,48695,32617,18834,15810,15786,68,1510,1724,0,366,1455,-1264,1305,17383,31166,34190,34214,177883,1
70000,2,2,5,6,5,4,3,2,-1,112202,103834,95609,86494,79359,74937,0,0,0,0,2150,2511,-42202,-33834,-25609,-16494,-9359,-4937,547774,0
20000,2,1,4,-1,-1,2,-1,-1,2,10301,12871,12374,13392,14938,14557,2750,0,1231,1777,0,4859,9699,7129,7626,6608,5062,5443,67816,1
330000,2,1,3,-1,-1,-1,-1,-1,-1,933,12663,10151,60841,41945,21183,12701,10183,62619,1945,1183,115647,329067,317337,319849,269159,288055,308817,-56562,0
330000,3,1,4,-2,-2,-2,-2,-2,-2,3524,262,248,784,220,256,300,250,800,300,300,200,326476,329738,329752,329216,329780,329744,3144,0
320000,1,1,4,-2,-2,-2,-2,-2,-2,1834,556,1622,7728,5781,3896,556,1622,7762,5781,3896,2182,318166,319444,318378,312272,314219,316104,-382,0
140000,3,1,4,-1,-1,-1,-1,-1,-1,2859,3447,0,2061,0,3035,3447,0,2061,0,3035,2302,137141,136553,140000,137939,140000,136965,557,0
20000,2,1,4,-1,-1,-1,-1,-1,-1,15793,16823,17848,27843,19352,19938,1300,1302,1320,1137,1000,510,4207,3177,2152,-7843,648,62,111028,0
70000,3,1,4,-1,-1,-1,2,-1,-1,712,712,862,862,862,862,712,862,712,712,712,712,69288,69288,69138,69138,69138,69138,450,0
240000,2,2,5,-1,-1,-1,-1,-1,-1,542827,508581,471796,468202,442401,419209,20225,17389,80167,15167,16000,13133,-302827,-268581,-231796,-228202,-202401,-179209,2690935,0
460000,2,1,4,-1,-1,-1,-1,-1,-1,177520,174746,168279,171579,163450,160547,8000,9000,8154,6000,6000,6000,282480,285254,291721,288421,296550,299453,972967,0
80000,1,2,4,-1,-1,-1,-1,-1,-1,89088,83558,84848,63373,20324,23749,3400,2983,1501,5000,5000,5000,-9088,-3558,-4848,16627,59676,56251,342056,1
20000,2,2,4,-1,-1,2,2,2,-1,15397,17819,18239,19094,12393,13037,3000,1000,1500,0,1000,1000,4603,2181,1761,906,7607,6963,88479,0
200000,3,1,4,-1,-1,-1,2,-1,-1,1749,3939,7856,3640,3656,6273,3000,4031,5,16,6005,733,198251,196061,192144,196360,196344,193727,13323,1
200000,2,1,4,2,-1,-1,-1,-1,-1,206,2522,1261,0,1261,-1261,2522,1261,0,1261,0,5242,199794,197478,198739,200000,198739,201261,-6297,1
420000,3,1,4,-1,-1,-2,-2,-2,-2,3717,-2953,-2953,-2953,-2953,-2953,5,0,0,0,0,0,416283,422953,422953,422953,422953,422953,-11053,0
130000,2,2,4,-1,-1,-1,-1,-2,-2,30184,31795,31467,-440,-240,-240,2419,1000,0,200,0,0,99816,98205,98533,130440,130240,130240,88907,0
30000,2,3,4,1,-2,-1,2,-1,-1,0,0,4070,3825,3825,0,0,4070,0,0,0,0,30000,30000,25930,26175,26175,30000,7650,1
110000,2,1,4,-1,-1,-1,-1,-1,-1,54051,55126,57239,104353,48308,49693,1972,3000,49000,1569,2000,2000,55949,54874,52761,5647,61692,60307,309229,1
360000,2,1,4,-1,-1,-1,-1,-1,-1,14093,10575,7675,18602,20461,33404,10575,7685,18610,8000,21004,0,345907,349425,352325,341398,339539,326596,38936,0
50000,2,1,4,1,2,2,-1,-1,-1,48141,50783,49581,36828,19361,19780,3739,28,1502,670,708,681,1859,-783,419,13172,30639,30220,217146,0
70000,3,1,4,-1,-1,-1,-1,-1,-1,64527,59996,57417,54558,58968,63456,2519,5015,4000,5950,6000,2507,5473,10004,12583,15442,11032,6544,332931,0
420000,3,1,4,-1,-1,-1,-1,-1,-1,24389,21232,24524,21318,21496,19704,1733,10026,1606,2006,707,1037,395611,398768,395476,398682,398504,400296,115548,0
50000,3,1,4,-1,-1,-1,-1,-1,-1,49543,41465,24091,20071,19221,19622,1500,1328,1600,700,696,707,457,8535,25909,29929,30779,30378,167482,0
450000,2,1,4,2,2,-2,-2,-2,-2,2500,0,0,0,0,0,0,0,0,0,0,0,447500,450000,450000,450000,450000,450000,2500,1
50000,2,1,4,-1,-1,-1,-1,-1,-1,38111,37934,16816,602,712,822,2966,1000,602,500,500,500,11889,12066,33184,49398,49288,49178,88929,0
20000,3,1,4,3,4,3,2,3,2,15507,14974,14449,15116,14582,14206,0,0,1200,0,0,2230,4493,5026,5551,4884,5418,5794,85404,1
250000,1,1,4,3,2,2,2,2,2,2487,2487,2487,2487,2487,2487,0,0,0,0,0,0,247513,247513,247513,247513,247513,247513,14922,1
20000,2,3,4,-1,-1,-1,-1,-1,-1,18856,19840,18588,17650,18003,18390,1318,1298,1260,613,645,732,1144,160,1412,2350,1997,1610,105461,0
240000,3,1,4,-1,-1,-1,-1,-1,-1,224736,230814,234047,164960,167934,171113,9573,7893,6151,5527,5708,5738,15264,9186,5953,75040,72066,68887,1153014,0
50000,3,1,4,-1,-1,-1,-1,-1,-1,47594,48611,49063,16908,13112,2280,2200,2343,1178,654,2280,390,2406,1389,937,33092,36888,47720,168523,1
180000,3,1,5,-1,-1,-1,-1,-1,-1,191309,174775,174702,176816,180911,123229,175100,7000,5000,5309,5288,3000,-11309,5225,5298,3184,-911,56771,821045,1
250000,1,1,6,-1,-1,-1,-1,-1,-1,173907,177484,177946,159849,145461,141487,6504,6243,5446,4721,4385,7805,76093,72516,72054,90151,104539,108513,941030,0
30000,3,2,4,-1,-1,-1,2,2,-1,25686,27449,30286,29993,58134,28910,2500,3600,1390,0,1000,1500,4314,2551,-286,7,-28134,1090,190468,0
50000,3,1,4,-1,-1,-1,-1,-1,2,40247,41382,49943,50412,30970,30362,1800,9331,1500,4549,0,1092,9753,8618,57,-412,19030,19638,225044,1
20000,2,1,5,1,2,2,-1,-1,-1,17539,18563,17982,18659,19035,20236,1612,0,1289,665,1491,0,2461,1437,2018,1341,965,-236,106957,0
260000,3,1,4,-1,-1,-1,-1,-1,-1,187581,184144,140829,117445,114581,111726,7299,5375,4227,4052,3941,3626,72419,75856,119171,142555,145419,148274,827786,1
130000,3,1,4,-1,-1,-1,-2,-1,-1,193,2499,0,0,428,150,2520,0,0,428,150,285,129807,127501,130000,130000,129572,129850,-113,0
490000,2,1,4,1,-2,-1,2,-1,-1,-16,-16,5498,282,28688,26302,0,7504,0,28606,0,2499,490016,490016,484502,489718,461312,463698,22129,1
150000,3,1,4,2,2,2,2,2,-2,142903,152574,150080,47214,144862,148153,13312,2305,0,98828,4241,3625,7097,-2574,-80,102786,5138,1847,663475,1
30000,3,1,4,1,2,2,2,2,2,18361,20250,19637,21705,21059,23716,2500,0,2403,0,3000,0,11639,9750,10363,8295,8941,6284,116825,1
50000,2,2,4,1,-2,-2,-2,-2,-2,0,0,0,0,0,0,0,0,0,0,0,0,50000,50000,50000,50000,50000,50000,0,1
330000,3,1,4,-1,-1,-1,-1,-1,-1,141061,144526,148420,152341,149998,-2,3856,3926,3966,3000,2,0,188939,185474,181580,177659,180002,330002,721594,0
330000,2,1,4,-1,-1,-1,-1,-1,-1,171004,173360,175958,178468,181544,184338,6199,6386,6435,7000,6688,6688,158996,156640,154042,151532,148456,145662,1025276,0
140000,3,1,4,2,-1,-1,-1,-1,-1,90462,93167,94370,95894,91600,93347,4212,3600,3258,3313,3258,3223,49538,46833,45630,44106,48400,46653,537976,1
40000,2,1,4,1,-2,-2,-2,-2,-2,-150,-540,-930,-1320,-1710,-2100,0,0,0,0,0,0,40150,40540,40930,41320,41710,42100,-6750,1
360000,3,2,4,-2,-2,-2,-2,-2,-2,390,390,390,390,390,390,390,390,390,390,390,96702,359610,359610,359610,359610,359610,359610,-96312,0
80000,2,2,4,2,2,2,2,2,-1,24756,29818,29060,31133,24135,22970,5500,13,4000,5,2005,2005,55244,50182,50940,48867,55865,57030,148344,1
730000,3,1,4,-1,-1,-1,-1,-1,-1,746814,374028,351588,86927,66111,38491,20500,16500,3000,2000,2000,5000,-16814,355972,378412,643073,663889,691509,1614959,0
180000,1,1,5,-1,-1,-1,-1,-1,-1,157932,156847,130572,120464,109129,112273,7000,5500,4218,4500,5000,4000,22068,23153,49428,59536,70871,67727,756999,0
190000,3,1,5,-1,-1,-1,2,-1,-1,65666,67379,72878,70731,71285,72403,3800,7600,0,2700,2800,2800,124334,122621,117122,119269,118715,117597,400642,0
50000,3,2,4,-1,-1,-1,-1,-1,-1,390,1726,390,390,390,390,1726,390,390,390,390,540,49610,48274,49610,49610,49610,49610,-150,0
230000,1,1,4,-1,-1,-1,-1,-1,-1,38349,39154,39921,40828,37934,38889,1933,1700,1600,1340,1548,1844,191651,190846,190079,189172,192066,191111,225110,0
20000,3,1,4,-1,-1,-1,-1,-1,-1,19084,19224,18545,19405,19358,19413,1300,1400,1300,700,700,646,916,776,1455,595,642,587,108983,0
130000,2,2,4,-1,-1,-1,-1,-1,-1,121165,109805,111780,116357,96936,98173,4000,5000,8000,4000,4000,5000,8835,20195,18220,13643,33064,31827,624216,0
30000,4,1,4,-2,-2,-2,-2,-2,-2,1780,0,0,0,0,0,24437,0,0,0,0,0,28220,30000,30000,30000,30000,30000,-22657,1
360000,1,1,4,1,-2,-1,-1,-1,-2,0,0,860,246,-46,-46,0,860,246,0,0,0,360000,360000,359140,359754,360046,360046,-92,0
100000,2,1,4,1,2,2,2,2,2,15420,16927,16432,18019,17501,18786,2000,0,2100,0,1500,0,84580,83073,83568,81981,82499,81214,97485,0
180000,3,2,4,-1,-1,-1,-1,-1,-1,193095,186835,182287,159992,145387,137632,6900,7100,5659,5100,4900,4400,-13095,-6835,-2287,20008,34613,42368,971169,0
210000,2,1,4,1,-1,2,-1,-1,-1,-197,3195,1821,1683,0,1986,3392,2,1683,0,1986,1188,210197,206805,208179,208317,210000,208014,237,0
340000,2,1,4,-1,-1,-1,-1,-1,-1,342617,346067,350031,304706,250216,253526,12604,14000,11000,9000,10000,30000,-2617,-6067,-10031,35294,89784,86474,1760559,1
20000,1,1,4,-1,-1,-1,-1,-1,-1,21192,19965,390,390,780,780,1600,390,390,780,0,10400,-1192,35,19610,19610,19220,19220,29937,0
20000,2,1,4,-2,-2,-2,-2,-2,-2,990,2990,790,1590,2359,2780,2990,790,1590,2359,2780,1200,19010,17010,19210,18410,17641,17220,-210,0
500000,1,1,4,-1,-1,-1,-1,-1,-1,493251,496315,480411,489978,493062,474301,18725,18000,17534,17649,18007,20000,6749,3685,19589,10022,6938,25699,2817403,0
360000,1,1,4,-2,-2,-2,-2,-2,-2,826,4741,6336,937,766,1065,4765,6395,941,769,1070,1088,359174,355259,353664,359063,359234,358935,-357,0
50000,3,1,4,-1,-1,-1,-1,-1,-1,47722,47080,48813,49107,18000,17538,2100,3000,2000,1200,1000,3000,2278,2920,1187,893,32000,32462,215960,0
530000,2,1,4,-2,-2,-2,-2,-1,-1,-30,-420,390,390,166210,129716,0,1200,390,166210,6000,3000,530030,530420,529610,529610,363790,400284,119456,0
260000,1,1,4,-1,-1,-1,-1,-1,-1,1929,-627,4134,792,1309,2557,627,7388,792,1312,2564,804,258071,260627,255866,259208,258691,257443,-3393,0
40000,3,1,4,1,2,-1,-1,-1,-2,35879,34625,36757,20650,0,0,0,3078,21650,0,0,0,4121,5375,3243,19350,40000,40000,103183,1
30000,2,2,5,-1,-1,-1,-1,-1,-1,23575,24582,25711,26614,26948,14648,1398,1527,1430,764,530,655,6425,5418,4289,3386,3052,15352,135774,0
240000,1,1,4,1,4,3,2,2,2,99259,96819,94429,95475,96603,98699,0,0,3500,3600,3800,3700,140741,143181,145571,144525,143397,141301,566684,1
320000,1,2,4,2,2,2,2,-1,-1,200545,205973,211323,202240,122963,125465,9600,9500,0,4253,4332,4300,119455,114027,108677,117760,197037,194535,1036524,1
70000,3,3,5,3,2,2,-1,-1,-1,8909,9812,9511,10828,11346,11589,1200,0,1482,1000,426,1000,61091,60188,60489,59172,58654,58411,56887,0
200000,2,1,4,-1,2,2,-2,-2,-1,1877,1830,200,200,18370,53276,151,200,0,18370,53276,30000,198123,198170,199800,199800,181630,146724,-26244,0
360000,1,1,4,-1,-1,-1,-1,-1,-1,2782,5608,923,12886,489,172,5636,927,12950,491,173,7144,357218,354392,359077,347114,359511,359828,-4461,0
110000,2,2,4,-1,-1,-1,-1,-1,-1,25707,26740,27871,28858,29541,27977,1400,1500,1400,1000,1000,760,84293,83260,82129,81142,80459,82023,159634,1
80000,3,1,4,1,2,2,2,-1,-1,77185,80311,81558,78761,71352,19674,5000,3100,0,2000,713,1500,2815,-311,-1558,1239,8648,60326,396528,1
200000,1,1,4,1,-2,-2,-2,-2,-2,-768,-768,-768,-768,-768,-768,0,0,0,0,0,1536,200768,200768,200768,200768,200768,200768,-6144,0
100000,3,1,4,-1,-1,-1,-1,-1,-2,390,390,0,780,0,0,390,0,780,0,0,0,99610,99610,100000,99220,100000,100000,390,1
160000,3,2,4,-1,-1,-1,-1,-1,-1,791,9164,4791,2999,961,994,9173,4805,3008,1742,998,1101,159209,150836,155209,157001,159039,159006,-1127,0
140000,1,1,4,1,-2,-2,-2,-2,-2,0,0,0,0,0,0,0,0,0,0,0,0,140000,140000,140000,140000,140000,140000,0,1
300000,2,1,4,-1,-1,-1,-1,-1,-1,69994,71388,72886,74371,75854,77440,2552,2645,2696,2716,2809,2826,230006,228612,227114,225629,224146,222560,425689,0
50000,3,1,4,1,2,-1,-1,-1,-1,48504,46768,47976,39703,19777,19162,0,2100,2000,1000,1000,1000,1496,3232,2024,10297,30223,30838,214790,0
50000,2,2,1,-1,-1,-1,-1,-1,-1,49895,48434,47827,28935,28224,27547,1867,1521,1419,969,997,952,105,1566,2173,21065,21776,22453,223137,1
50000,1,2,1,-1,-1,-1,-1,-1,-1,50737,50486,50035,49388,10275,9598,1818,2200,1192,1000,2000,1000,-737,-486,-35,612,39725,40402,211309,0
50000,2,2,2,-1,-1,-1,2,-1,-1,11340,11367,10982,10243,10826,11699,3200,3000,1000,1000,1000,2000,38660,38633,39018,39757,39174,38301,55257,0
50000,2,2,2,-1,-1,-2,-2,-2,-2,51400,0,0,0,0,0,0,0,0,0,0,0,-1400,50000,50000,50000,50000,50000,51400,1
210000,1,4,1,-1,-1,-1,-1,-1,-1,2783,1080,2855,20787,8307,1747,1088,2855,20787,8314,1747,309,207217,208920,207145,189213,201693,208253,2459,0
150000,1,4,1,-1,-1,-1,-1,-1,-1,24242,20263,21332,22371,22700,23184,1700,1700,1700,1000,1000,1000,125758,129737,128668,127629,127300,126816,125992,0
190000,2,2,1,-2,-2,-2,-2,-2,-2,0,0,0,0,0,0,0,0,0,0,0,0,190000,190000,190000,190000,190000,190000,0,0
80000,1,4,1,2,-1,-1,2,2,2,37097,38174,40550,41577,41595,43264,2000,3000,2000,1000,2500,1000,42903,41826,39450,38423,38405,36736,230757,1
100000,1,4,1,-1,-1,-1,-1,-1,-1,4864,9089,13534,16158,6700,7730,5800,6000,4375,6700,3000,0,95136,90911,86466,83842,93300,92270,32200,0
20000,2,4,1,-1,-1,-1,-1,-1,-1,18854,19116,15030,13025,12223,15975,1292,1509,1522,3111,20000,1121,1146,884,4970,6975,7777,4025,65668,0
400000,1,4,1,-2,-2,-2,-2,-2,-2,7622,38849,13586,19502,3809,4512,39097,13653,19617,3930,7021,24987,392378,361151,386414,380498,396191,395488,-20425,0
100000,2,4,1,-1,-1,-1,-1,-1,-1,50697,51813,53416,32422,33177,42560,1959,2545,1513,1268,10000,10000,49303,48187,46584,67578,66823,57440,236800,0
30000,2,4,1,-1,-1,2,-1,-1,-1,30028,30566,30560,30194,30113,23212,2634,1000,1377,1211,1000,3690,-28,-566,-560,-194,-113,6788,163761,0
150000,2,2,1,-1,-1,-1,-1,2,2,81638,70605,70647,77659,15525,0,2481,4263,8900,0,0,0,68362,79395,79353,72341,134475,150000,300430,0
60000,2,2,1,-1,-1,-1,-1,-1,-1,62786,61764,62254,59586,33190,32243,2212,3100,2000,1111,1122,1208,-2786,-1764,-2254,414,26810,27757,301070,1
140000,3,4,1,-1,-1,-1,-1,-1,-1,93384,93443,57219,57621,48323,45082,3514,3000,2000,2000,1636,1686,46616,46557,82781,82379,91677,94918,381236,0
80000,1,4,1,-1,-1,-1,-1,-1,-1,53685,15291,20694,25435,30510,36101,3291,5694,5435,5510,6101,6742,26315,64709,59306,54565,49490,43899,148943,0
200000,2,4,1,-1,-1,-2,-2,-1,-1,153900,0,0,0,3533,4053,0,0,0,3533,1000,1500,46100,200000,200000,200000,196467,195947,155453,0
410000,1,4,1,-2,-2,-2,-2,-2,-2,5184,3449,2300,0,150,150,3476,2300,0,150,150,989,404816,406551,407700,410000,409850,409850,4168,0
50000,2,2,1,-1,-1,-1,-1,-1,-1,43800,44335,44626,40928,29367,29156,2043,2126,2104,990,1200,1654,6200,5665,5374,9072,20633,20844,222095,0
50000,2,4,1,2,2,2,2,2,2,33995,34937,34394,36509,37105,37866,1800,300,3000,1500,1500,0,16005,15063,15606,13491,12895,12134,206706,1
100000,2,4,1,1,2,-1,-1,2,2,6056,5810,6860,8337,8054,8921,0,1150,1600,0,1000,0,93944,94190,93140,91663,91946,91079,40288,1
190000,2,4,1,-1,-1,-1,-1,-1,-1,15740,106602,100177,102308,104614,106847,106602,3700,3800,4000,4075,10000,174260,83398,89823,87692,85386,83153,404111,0
120000,2,4,1,2,2,2,2,2,2,120649,123203,119820,124755,99423,101718,6000,0,8500,0,11345,3700,-649,-3203,180,-4755,20577,18282,660023,1
20000,1,4,1,-1,-1,-1,-1,-1,-1,16917,17904,20030,18475,17631,3950,3500,2450,2000,376,79,2350,3083,2096,-30,1525,2369,16050,84152,0
30000,2,4,1,1,2,-1,-1,-1,-1,16549,17085,17003,7150,6508,8459,1500,1396,2000,178,2000,2000,13451,12915,12997,22850,23492,21541,63680,0
20000,3,4,1,2,2,-1,-1,-1,2,16381,13837,14907,15853,17776,17352,0,1600,1500,2500,0,1000,3619,6163,5093,4147,2224,2648,89506,1
20000,2,4,1,-1,-1,-1,-1,-1,-1,15247,16561,17280,18431,18341,19569,1575,1294,1596,655,1669,0,4753,3439,2720,1569,1659,431,98640,1
80000,2,4,1,-1,-1,-1,-1,-1,-1,1742,2524,5097,6107,7141,7355,1200,3000,1500,1500,700,500,78258,77476,74903,73893,72859,72645,21566,0
80000,2,4,1,-1,-1,-1,-1,-1,-1,78379,78589,77461,59228,46766,47630,3015,2810,2000,2000,2000,1800,1621,1411,2539,20772,33234,32370,374428,0
50000,1,4,1,-1,-1,-1,-1,-1,-1,3430,2478,2299,4800,9810,660,2548,2321,4800,9810,660,2980,46570,47522,47701,45200,40190,49340,358,0
80000,1,4,1,2,2,2,-1,-1,-1,84052,84787,77572,77123,49823,50680,7100,0,3500,2500,2000,2000,-4052,-4787,2428,2877,30177,29320,406937,1
50000,1,4,1,-1,-1,-1,-1,-1,2,49593,49918,51402,49020,50679,51568,2200,2600,2500,3800,2200,0,407,82,-1402,980,-679,-1568,288880,0
50000,2,4,1,-1,-1,-2,-1,-1,-1,594,0,0,51400,11330,12144,0,0,51400,11330,1000,1000,49406,50000,50000,-1400,38670,37856,10738,0
80000,2,4,1,-1,-1,-1,-1,-1,-1,386,1392,18634,5433,2053,5781,1396,18754,5449,2059,5798,3098,79614,78608,61366,74567,77947,74219,-2875,0
20000,2,2,1,1,2,3,2,-1,-1,19242,21821,21197,20400,20000,20000,3200,0,0,0,0,0,758,-1821,-1197,-400,0,0,119460,1
70000,3,4,1,-1,-1,-1,-1,-1,-1,8391,10242,11026,2342,2390,0,2000,1000,2342,48,0,0,61609,59758,58974,67658,67610,70000,29001,0
130000,2,4,1,-1,-1,-1,-2,-2,-2,8690,9500,0,0,0,0,1000,0,0,0,0,0,121310,120500,130000,130000,130000,130000,17190,0
10000,2,4,1,2,2,3,2,-1,-1,6795,10398,10094,9768,8430,20735,3905,0,0,300,2165,2666,3205,-398,-94,232,1570,-10735,57184,1
50000,2,2,1,2,2,-1,-1,-1,-1,54866,51520,41711,22775,4215,3016,1000,1860,1600,452,100,114,-4866,-1520,8289,27225,45785,46984,172977,1
50000,1,4,1,-1,-1,2,-1,-1,-1,9978,12493,10447,12247,9195,4995,3000,0,2020,0,100,2000,40022,37507,39553,37753,40805,45005,52235,0
20000,2,4,1,-1,-1,-1,-1,-1,-1,15090,15199,17111,18422,18234,18217,1500,3000,2000,779,796,788,4910,4801,2889,1578,1766,1783,93410,0
80000,1,4,1,-1,-1,-1,-1,-1,-1,1807,133,5395,1182,266,366,133,5395,1182,266,233,0,78193,79867,74605,78818,79734,79634,1940,0
70000,2,2,1,-1,-1,-1,-1,-1,-1,69951,70722,70815,63183,31633,31275,3200,3202,2989,1081,1099,1143,49,-722,-815,6817,38367,38725,324865,1
10000,2,4,1,1,-2,-2,-2,-2,-2,0,0,0,-400,0,0,0,0,0,400,0,0,10000,10000,10000,10400,10000,10000,-800,0
120000,2,4,1,-1,-1,2,-1,-1,-1,39517,42543,41583,42736,43806,44623,4000,0,2000,1600,1500,1557,80483,77457,78417,77264,76194,75377,244151,0
20000,2,4,1,-1,-1,-1,2,-1,-1,15071,16082,17952,18216,17816,19697,1266,2136,1000,0,1881,0,4929,3918,2048,1784,2184,303,98551,0
50000,2,4,1,-1,-1,-1,2,2,2,865,1893,3991,3748,3748,-3148,1202,2300,0,0,4999,0,49135,48107,46009,46252,46252,53148,2596,0
20000,1,4,1,-1,-1,-1,-1,-1,-1,14273,13327,11789,11200,13244,13539,1183,2000,1200,2244,506,561,5727,6673,8211,8800,6756,6461,69678,0
40000,2,4,1,-1,-1,-1,-1,-1,-1,39402,39321,38246,39289,39882,39650,2000,2000,2000,1500,1500,2000,598,679,1754,711,118,350,224790,0
80000,1,4,1,-1,-1,-1,-1,-1,-1,78366,67801,68034,55674,48649,47041,2540,2442,1810,1661,1668,1663,1634,12199,11966,24326,31351,32959,353781,0
20000,2,4,1,1,2,2,2,2,-2,4697,3800,5989,5761,0,0,0,2266,38,0,0,0,15303,16200,14011,14239,20000,20000,17943,1
130000,2,2,1,-1,-1,-1,-1,-1,-1,66072,68223,70638,72955,74877,76334,3000,3001,3000,2500,2200,2200,63928,61777,59362,57045,55123,53666,413198,0
100000,2,2,1,-1,-1,-1,-1,-1,-1,53309,7500,15477,23472,12500,14666,7500,10035,23500,12500,14666,79053,46691,92500,84523,76528,87500,85334,-20330,0
120000,2,4,1,-1,-1,-1,-1,-1,-1,93338,91207,89890,88030,88579,89566,3261,4793,3013,3014,3522,3007,26662,28793,30110,31970,31421,30434,520000,0
50000,3,4,1,-1,-1,-1,-1,-1,-1,48658,46749,42190,30683,29140,28986,1900,1613,1504,1200,1100,1100,1342,3251,7810,19317,20860,21014,217989,0
190000,2,4,1,-1,-1,-1,-1,-1,-1,183821,186084,184426,104154,106014,109014,9000,6621,2083,2500,3000,9076,6179,3916,5574,85846,83986,80986,841233,0
50000,1,4,1,-1,-1,-1,-1,-1,-2,20916,14500,0,790,3696,6696,5000,0,790,3696,3000,5724,29084,35500,50000,49210,46304,43304,28388,0
20000,3,2,4,2,-1,-1,2,2,2,14381,16174,18210,19335,19715,20249,2350,2300,1721,1000,1000,1000,5619,3826,1790,665,285,-249,98693,0
50000,1,4,1,1,-1,-1,-2,-2,-2,-697,11361,0,0,0,0,12058,0,0,0,0,0,50697,38639,50000,50000,50000,50000,-1394,0
50000,1,4,1,-1,-1,-1,2,2,2,15252,16885,18500,18864,19807,19407,2200,2200,1000,1500,0,3000,34748,33115,31500,31136,30193,30593,98815,0
80000,2,4,1,2,2,-1,-1,-1,-1,53023,76708,39701,41021,41525,42394,0,3320,1980,1484,1536,1548,26977,3292,40299,38979,38475,37606,284504,1
10000,3,4,1,2,-1,-1,-1,-1,-1,7720,10063,9272,-8758,8989,9202,2500,1000,0,30000,500,953,2280,-63,728,18758,1011,798,1535,1
50000,2,4,1,-1,-1,-1,-1,-1,-1,18293,19301,20338,22486,22932,23413,1315,1352,2500,820,850,855,31707,30699,29662,27514,27068,26587,119071,0
50000,2,4,1,-1,-1,-1,-1,-1,-1,50635,49488,48099,50021,50352,50740,1760,1888,3464,1717,1766,2500,-635,512,1901,-21,-352,-740,286240,1
50000,2,4,1,2,-1,-1,-1,-1,-1,49441,45880,42621,21734,18775,19590,1998,2198,1300,655,1100,654,559,4120,7379,28266,31225,30410,190136,0
20000,2,4,1,1,-2,-2,-2,-2,-2,0,0,0,0,0,0,0,0,0,0,0,0,20000,20000,20000,20000,20000,20000,0,0
60000,1,4,1,2,2,-1,-1,-1,2,19341,19625,20347,21669,23005,22499,900,1342,1664,2000,0,900,40659,40375,39653,38331,36995,37501,119680,1
50000,2,4,1,-1,-1,-1,2,-1,-1,9101,10446,12595,11449,9914,9875,1502,2651,500,500,500,500,40899,39554,37405,38551,40086,40125,57227,0
50000,2,4,1,-1,-1,-1,-1,-1,-1,47559,48549,50076,50205,19985,20650,1784,2701,2220,1000,1050,14951,2441,1451,-76,-205,30015,29350,213318,1
20000,2,4,1,-1,-1,2,2,-2,-2,390,780,780,0,0,0,780,0,0,0,0,0,19610,19220,19220,20000,20000,20000,1170,0
20000,2,4,1,-1,-1,3,2,-1,-1,14418,18829,18248,17657,18007,18385,5000,0,0,644,668,670,5582,1171,1752,2343,1993,1615,98562,1
80000,3,2,1,2,2,2,2,2,2,22852,25371,26111,25393,29053,28450,3200,1440,0,4100,0,1037,57148,54629,53889,54607,50947,51550,147453,1
50000,3,4,1,-1,-1,-1,2,2,-1,10901,16877,9673,7755,6701,15567,22514,4000,8,3000,19000,3500,39099,33123,40327,42245,43299,34433,15452,1
120000,2,4,1,-1,-1,-1,-2,-2,-2,27491,20707,-1843,45041,45453,42065,3000,1843,46884,1296,7000,0,92509,99293,121843,74959,74547,77935,118891,0
50000,1,4,1,-1,-1,-1,-1,-1,-1,43219,35137,25862,12468,12381,12683,2400,1900,2400,250,500,0,6781,14863,24138,37532,37619,37317,134300,0
110000,1,4,1,1,2,-1,-1,-1,-1,115527,109871,110565,216850,110952,109169,0,4000,7000,7766,3982,5000,-5527,129,-565,-106850,-952,831,745186,1
30000,2,4,1,1,2,2,-1,-1,-1,26690,27954,27226,28427,28752,28447,2000,0,2000,1000,1100,1500,3310,2046,2774,1573,1248,1553,159896,0
110000,2,4,1,2,-1,-1,-1,-1,-1,1587,2399,0,980,35305,36065,1000,0,980,35000,1327,1500,108413,107601,110000,109020,74695,73935,36529,1
20000,2,4,1,-1,-1,2,-1,-1,-1,15675,17462,16895,17470,7500,7500,4492,0,1000,150,0,0,4325,2538,3105,2530,12500,12500,76860,0
50000,2,4,1,-1,-1,-1,-1,-1,-1,47654,48529,44669,45684,46592,47568,2000,1743,1758,1666,1725,2128,2346,1471,5331,4316,3408,2432,269676,0
50000,1,4,1,-1,-1,2,-1,-1,-1,48483,52167,51052,50116,20181,19702,4500,0,2000,19000,1000,800,1517,-2167,-1052,-116,29819,30298,214401,1
50000,2,4,1,-1,-1,-1,-1,-1,-1,43638,42146,30026,29857,30619,30376,2200,1700,2000,1261,1419,1400,6362,7854,19974,20143,19381,19624,196682,0
20000,2,4,1,2,-1,-1,-1,-1,-1,20549,21301,22251,18040,18402,19118,1400,1300,1284,646,1000,836,-549,-1301,-2251,1960,1598,882,113195,0
200000,2,2,2,-1,-1,-1,-1,-1,-1,184697,186660,77221,110294,68214,72103,8001,5000,35000,6000,5000,5000,15303,13340,122779,89706,131786,127897,635188,0
30000,1,4,1,-1,-1,-1,-1,-1,-1,1991,2621,4211,4709,4805,2848,2000,2000,1000,96,0,3000,28009,27379,25789,25291,25195,27152,13089,0
130000,3,2,1,-1,-1,-1,-1,-1,-1,109592,113508,115633,96898,46425,0,5733,5659,4680,2325,0,0,20408,16492,14367,33102,83575,130000,463659,0
20000,2,4,1,-1,-1,-1,-1,-1,-1,4261,7830,17213,4781,3178,15834,7830,17221,1203,3178,15834,0,15739,12170,2787,15219,16822,4166,7831,0
20000,1,4,1,-1,-1,-1,-1,-1,-1,19364,19082,19286,19637,18826,19522,1358,1321,1400,1000,1000,2583,636,918,714,363,1174,478,107055,0
60000,2,2,1,-1,-1,-1,-1,2,2,59408,58844,43427,30408,30632,30021,2230,2000,4300,1000,0,2000,592,1156,16573,29592,29368,29979,241210,0
30000,1,4,1,-1,-1,2,2,-2,-2,27660,28780,780,0,0,0,2000,0,0,0,0,0,2340,1220,29220,30000,30000,30000,55220,0
30000,2,4,1,2,-1,-1,-1,-1,-1,27987,25690,27032,28070,29402,29854,1420,1762,1800,2089,1059,1123,2013,4310,2968,1930,598,146,158782,1
120000,2,4,1,-1,-1,-1,-1,-1,-1,55829,53799,53021,53216,49194,48487,2000,2600,4241,1700,2500,1500,64171,66201,66979,66784,70806,71513,299005,0
30000,2,4,1,-1,-1,-1,-1,2,2,20367,21882,22929,25433,26228,25679,2000,1696,3200,1500,0,4306,9633,8118,7071,4567,3772,4321,129816,0
30000,1,4,1,-1,-1,-1,-1,-1,-1,26094,27095,28158,29385,29665,30446,1440,1503,1730,1010,1206,1949,3906,2905,1842,615,335,-446,162005,0
60000,2,2,1,-1,-1,-1,-1,-1,2,23851,24404,21849,18474,15488,11348,1700,2000,1200,1000,0,3500,36149,35596,38151,41526,44512,48652,106014,1
50000,2,4,1,-1,-1,-1,-1,-1,-1,45688,47122,48888,37264,17486,18348,2500,3000,2000,1000,1000,1000,4312,2878,1112,12736,32514,31652,204296,1
30000,2,4,1,-1,-1,-1,-1,-1,-1,8935,9948,10971,11982,12219,12475,1165,1188,1199,436,452,458,21065,20052,19029,18018,17781,17525,61632,0
270000,1,4,1,-1,-1,-1,-1,-1,-1,4999,5588,3366,0,2192,0,5588,3366,0,2192,0,18192,265001,264412,266634,270000,267808,270000,-13193,0
360000,1,4,1,-1,-1,-1,-1,-1,-1,160411,163079,166445,168301,171870,175458,6200,6200,4768,5000,5000,5023,199589,196921,193555,191699,188130,184542,973373,0
450000,3,4,1,-1,-1,-1,-1,-1,-1,28765,24672,23095,20776,6189,2396,1714,2012,1107,21,512,81081,421235,425328,426905,429224,443811,447604,19446,0
50000,1,4,1,-1,2,-1,-1,-1,-1,9040,3020,2262,2185,0,5918,0,2262,2185,0,5918,0,40960,46980,47738,47815,50000,44082,12060,0
50000,3,4,1,-1,-1,-1,-1,-1,-1,27232,26777,27129,26613,26057,25924,1439,1464,1401,908,935,924,22768,23223,22871,23387,23943,24076,152661,0
120000,1,4,1,-1,-1,-1,-1,-1,-1,58106,53974,51786,43180,41469,42004,2000,3000,3000,4000,4000,2000,61894,66026,68214,76820,78531,77996,272519,0
40000,1,4,1,1,2,2,2,-1,-1,7904,7628,10270,9961,10495,12161,0,2775,0,1000,2000,1800,32096,32372,29730,30039,29505,27839,50844,1
140000,2,2,1,-1,-1,-1,-1,-1,-1,62755,64001,65341,66674,68003,69424,2285,2365,2413,2431,2514,3000,77245,75999,74659,73326,71997,70576,381190,0
200000,2,2,1,-2,-2,-2,-2,-2,-2,0,0,1257,0,0,0,0,1257,0,0,0,0,200000,200000,198743,200000,200000,200000,0,0
30000,2,4,1,-1,-1,-1,-1,-1,-1,415,150,150,150,150,150,150,0,0,0,0,0,29585,29850,29850,29850,29850,29850,1015,0
30000,2,4,1,-1,-1,-1,-1,-1,-2,15493,16427,17379,23100,0,0,1500,1279,10000,0,0,0,14507,13573,12621,6900,30000,30000,59620,0
30000,1,4,1,2,2,2,2,2,-1,29335,29869,26425,28034,27375,23466,4000,0,4400,0,2000,2000,665,131,3575,1966,2625,6534,152104,1
30000,2,2,1,-1,-1,-1,2,-1,-1,25530,26600,29765,28933,29205,29630,1500,3600,0,978,2300,0,4470,3400,235,1067,795,370,161285,0
110000,1,4,1,2,2,2,-1,-1,-1,2729,4382,1972,1426,5660,5660,4340,5,1426,5660,0,0,107271,105618,108028,108574,104340,104340,10398,1
50000,1,4,1,1,2,2,2,2,-1,33385,35538,34686,39097,38171,39396,3000,0,5000,0,2000,5000,16615,14462,15314,10903,11829,10604,205273,0
130000,2,4,1,-1,-1,-1,-1,-1,-1,135466,126091,128636,103400,40638,11104,4139,137549,3519,1180,0,0,-5466,3909,1364,26600,89362,118896,398948,0
50000,2,4,1,-1,-1,-1,-1,-1,-1,47431,48306,35150,25104,20560,8614,2000,1542,1475,1000,350,386,2569,1694,14850,24896,29440,41386,178412,1
150000,1,4,1,-1,-1,-1,-1,-1,-1,87822,83850,56931,96867,95085,69199,2575,2569,45000,5000,3312,1598,62178,66150,93069,53133,54915,80801,429700,0
30000,2,4,1,-1,-1,-1,-1,-1,-1,21020,21207,21403,21074,21289,21425,2000,2000,1500,2000,1000,1000,8980,8793,8597,8926,8711,8575,117918,1
50000,2,4,1,-1,-1,-1,-1,-1,-1,15167,16393,14195,14859,9446,7246,1523,1353,1017,1000,1000,0,34833,33607,35805,35141,40554,42754,71413,0
20000,2,2,1,-1,-1,-1,-1,-1,-1,17049,16178,17218,18630,19029,19579,15000,1600,2000,1000,1000,531,2951,3822,2782,1370,971,421,86552,0
230000,2,4,1,-1,-1,2,-1,-1,-1,64929,65093,59349,56418,52950,49439,6000,0,3000,2000,1500,3000,165071,164907,170651,173582,177050,180561,332678,0
280000,1,4,1,-2,-2,-2,-2,-2,-2,985,500,500,0,500,4778,505,500,0,500,4778,4898,279015,279500,279500,280000,279500,275222,-3918,0
50000,2,4,1,-1,-1,-1,-1,-1,-1,5819,8044,3469,2121,821,3821,2555,1200,1000,0,3000,0,44181,41956,46531,47879,49179,46179,16340,0
130000,2,4,1,-1,-1,-1,-1,-1,-1,44930,40688,40880,37851,37816,39849,6000,6000,4000,10000,5000,8002,85070,89312,89120,92149,92184,90151,203012,0
20000,1,4,1,1,-1,-1,-1,-1,-1,0,891,789,0,728,169,891,789,0,728,169,0,20000,19109,19211,20000,19272,19831,0,0
80000,3,2,1,-1,-1,-1,-1,-1,-1,69489,70336,71755,66175,67573,69083,2600,2571,2500,2500,2600,3000,10511,9664,8245,13825,12427,10917,398640,0
100000,1,4,1,-1,-1,-1,-1,-1,-1,84895,71271,71053,70405,71109,73905,3513,3169,3002,2022,3907,7145,15105,28729,28947,29595,28891,26095,419880,0
90000,2,4,1,2,-1,-1,2,-1,-1,89346,89466,93755,89706,89221,91596,4100,8245,0,3450,7200,0,654,534,-3755,294,779,-1596,520095,1
20000,1,4,1,-1,-1,-1,-1,-1,-1,440,4023,440,440,440,440,4023,440,440,440,440,440,19560,15977,19560,19560,19560,19560,0,0
140000,2,2,1,2,-1,-1,-1,-1,-1,1536,696,696,696,696,696,696,696,696,696,696,696,138464,139304,139304,139304,139304,139304,840,1
150000,1,4,1,-1,-1,-1,-1,-1,-1,291,291,291,291,658,441,291,291,291,658,441,1197,149709,149709,149709,149709,149342,149559,-906,1
140000,1,4,1,2,-1,-1,-1,2,-1,778,982,1206,5430,4460,8429,980,1000,5000,0,5000,10000,139222,139018,138794,134570,135540,131571,-695,0
50000,2,4,1,2,-1,-1,-1,-1,-1,23497,24197,25226,26238,26760,27318,1395,1424,1436,958,989,1128,26503,25803,24774,23762,23240,22682,145906,0
30000,3,4,1,1,-2,-1,-1,-1,-1,0,0,1469,2432,827,0,0,1469,1008,300,0,0,30000,30000,28531,27568,29173,30000,1951,0
110000,2,4,1,-2,-2,-2,-2,-2,-2,0,0,0,0,0,0,0,0,0,0,0,2990,110000,110000,110000,110000,110000,110000,-2990,0
80000,1,4,1,-1,-1,-2,-1,-1,-1,326,-326,0,652,0,326,0,652,652,0,326,652,79674,80326,80000,79348,80000,79674,-1304,0
30000,2,2,1,-1,-1,-1,-1,2,-1,21710,23021,23851,26067,25357,25887,1670,1500,2609,0,930,946,8290,6979,6149,3933,4643,4113,138238,1
90000,2,4,1,-1,-1,-1,-2,-1,-1,28120,32429,0,0,2522,2575,5000,0,0,2522,94,111,61880,57571,90000,90000,87478,87425,57919,0
80000,2,4,1,-1,-1,-1,-1,-1,-1,47836,49038,53158,48269,48019,46908,2000,5000,2000,2000,2000,2000,32164,30962,26842,31731,31981,33092,278228,0
30000,2,4,1,3,2,2,2,2,2,9095,10297,9988,11708,11223,12079,1500,0,1892,0,1042,700,20905,19703,20012,18292,18777,17921,59256,1
20000,1,4,1,-1,-1,-1,2,-1,-1,19335,20094,19495,18845,19023,17928,1415,3600,0,700,4500,1900,665,-94,505,1155,977,2072,102605,0
30000,2,2,1,-1,-1,-1,-1,-1,-1,3740,4616,5837,6778,6912,7057,1100,1300,1200,247,256,258,26260,25384,24163,23222,23088,22943,30579,0
80000,1,4,1,1,2,-1,-1,-1,-1,2254,620,4220,8540,8540,8540,0,3600,4500,0,0,4932,77746,79380,75780,71460,71460,71460,19682,0
90000,2,4,1,-1,-1,-1,-1,-1,-1,88015,69701,52046,42541,8571,4653,5640,16021,13280,8571,19653,12000,1985,20299,37954,47459,81429,85347,190362,0
50000,2,4,1,-1,-1,-1,-1,-1,-1,46895,45929,44709,28179,28877,29217,2000,1740,1400,1000,1000,1100,3105,4071,5291,21821,21123,20783,215566,0
20000,1,4,1,2,-1,-1,-1,-1,2,13718,15033,15751,17068,17891,17463,1550,1268,1585,1408,0,1700,6282,4967,4249,2932,2109,2537,89413,1
10000,2,4,1,-1,-1,-1,-1,-1,-1,6488,7502,8519,9376,9562,9762,1282,1299,1156,342,354,793,3512,2498,1481,624,438,238,45983,0
80000,3,4,1,-1,-1,-1,-1,-1,-1,66909,67465,65470,57187,29058,26790,2451,3017,1557,1500,1000,1239,13091,12535,14530,22813,50942,53210,302115,0
60000,2,4,1,-1,-1,-1,-1,-1,-1,75932,60693,50324,58688,30099,16810,3121,3000,12000,30000,12000,28618,-15932,-693,9676,1312,29901,43190,203807,1
50000,1,4,1,-1,-1,-1,-1,-1,-1,50051,46768,48124,48171,19401,19412,1754,2500,1781,2000,695,1000,-51,3232,1876,1829,30599,30588,222197,0
30000,3,4,1,-1,-1,-1,-1,-1,-1,30136,20741,21906,23183,13273,3027,1335,1500,1700,750,200,200,-136,9259,8094,6817,16727,26973,106581,0
30000,2,4,1,2,2,2,2,2,2,34048,33053,33506,41931,38638,35343,0,1800,9851,0,1183,5132,-4048,-3053,-3506,-11931,-8638,-5343,198553,0
10000,1,4,1,-1,-1,-1,-1,-1,-1,6632,7095,7565,8854,9229,8376,2000,2000,2000,1000,1000,1000,3368,2905,2435,1146,771,1624,38751,0
50000,1,4,1,-1,-1,-2,-2,-1,-1,5052,0,0,0,4400,9318,0,0,0,4400,5000,7000,44948,50000,50000,50000,45600,40682,2370,0
290000,1,4,1,-1,-1,-2,-2,-1,-1,11157,0,0,0,2700,1350,0,0,0,2700,0,1350,278843,290000,290000,290000,287300,288650,11157,0
100000,1,2,1,-1,-1,-1,-1,-1,-1,10376,36404,37813,38881,39634,40493,26404,2000,2001,1700,1650,1800,89624,63596,62187,61119,60366,59507,168046,0
40000,3,2,1,2,2,2,2,2,-1,33811,34654,35597,36211,35334,36170,1700,1800,1500,0,1500,1500,6189,5346,4403,3789,4666,3830,203777,1
130000,2,4,1,2,-1,-1,-1,-1,-1,130535,127155,126264,128318,96428,98156,6000,5200,5000,3500,3622,3920,-535,2845,3736,1682,33572,31844,679614,1
100000,2,2,1,-1,-1,-1,-1,-1,-1,1962,4911,5933,6942,7102,9966,3000,1106,1115,275,3000,412,98038,95089,94067,93058,92898,90034,27908,0
360000,1,4,1,-2,-2,-2,-2,-2,-2,0,0,0,0,0,300,0,0,0,0,300,0,360000,360000,360000,360000,360000,359700,0,0
110000,1,4,1,-1,-1,-1,-1,-1,-1,78793,79182,76460,60136,41872,38158,3400,4000,2951,1600,1540,1400,31207,30818,33540,49864,68128,71842,359710,0
150000,2,4,1,-1,-1,-1,-1,-1,-1,58757,59555,59684,59501,59075,59171,2714,2812,2599,2143,2208,2112,91243,90445,90316,90499,90925,90829,341155,0
100000,1,4,1,-1,-1,-1,-1,-1,-1,4802,4802,4714,11642,4897,3722,4806,4718,11734,4901,3723,3723,95198,95198,95286,88358,95103,96278,974,0
50000,1,4,1,1,2,-1,-1,-1,-1,50638,49484,45095,9299,3054,0,0,2155,1000,1500,0,3294,-638,516,4905,40701,46946,50000,149621,1
50000,2,4,1,-1,-1,-1,-1,-2,-2,50180,38404,29775,0,0,0,2100,1800,0,0,0,0,-180,11596,20225,50000,50000,50000,114459,0
50000,2,2,1,-1,-1,-1,-1,-1,-1,47718,48719,47725,46467,14767,15085,2106,2200,2000,1000,700,800,2282,1281,2275,3533,35233,34915,211675,0
60000,2,4,1,-1,-1,-1,-1,-1,-1,48413,52587,54733,55618,56827,58040,5000,3000,1888,2000,2000,3000,11587,7413,5267,4382,3173,1960,309330,1
40000,2,4,1,-1,-1,-1,-1,2,2,18653,20035,21406,24735,24050,43317,2000,2000,4000,0,20000,2000,21347,19965,18594,15265,15950,-3317,122196,0
50000,3,2,1,2,2,-1,-1,-1,-1,51243,49805,50654,41776,17083,9412,0,2025,2062,2016,1022,1388,-1243,195,-654,8224,32917,40588,211460,1
80000,3,4,1,-1,-1,-1,-1,-1,-1,79986,80012,78748,76722,70370,64510,3000,3010,2700,2300,2500,2000,14,-12,1252,3278,9630,15490,434838,0
50000,2,2,1,-1,-1,-1,-1,-1,-1,20173,15509,7085,10358,8606,2740,1500,2008,10358,1000,1000,4438,29827,34491,42915,39642,41394,47260,44167,0
10000,2,4,1,-1,-1,2,-1,-1,2,3646,7374,6714,4432,6652,6095,4000,0,2000,3000,0,3870,6354,2626,3286,5568,3348,3905,22043,0
50000,2,4,1,-1,-1,-1,-1,-2,-2,30344,47000,33034,0,0,0,20002,1000,0,0,0,0,19656,3000,16966,50000,50000,50000,89376,0
180000,2,2,1,-1,-1,-2,-1,-1,-2,6272,0,0,1000,2190,0,0,0,1000,2190,0,384,173728,180000,180000,179000,177810,180000,5888,0
80000,2,4,1,-2,-2,-2,-2,-2,-2,0,0,0,0,0,0,0,0,0,0,0,0,80000,80000,80000,80000,80000,80000,0,0
50000,1,4,1,1,-2,-2,-2,-2,-2,0,0,0,0,0,0,0,0,0,0,0,0,50000,50000,50000,50000,50000,50000,0,1
50000,2,2,1,-1,-1,-1,2,-1,-1,8731,2463,8514,5797,2413,33353,2463,8514,0,0,33353,5868,41269,47537,41486,44203,47587,16647,11073,0
30000,1,4,1,-2,-2,-2,-2,-2,-2,8066,4869,3781,1991,3951,2612,4869,4000,1991,3951,2612,2668,21934,25131,26219,28009,26049,27388,5179,0
50000,4,4,1,-1,-1,-1,-1,-1,-1,48473,49454,47893,30707,50741,49663,2100,2021,1562,26004,1800,2000,1527,546,2107,19293,-741,337,241444,0
80000,2,4,1,-1,-1,-1,-1,-1,-1,77883,78749,77025,66725,21604,9352,3500,4000,2784,1882,1000,457,2117,1251,2975,13275,58396,70648,317715,0
150000,2,4,1,-1,-1,-1,-1,-1,-1,69169,67855,74494,74204,75678,74235,3083,10000,2554,2566,2600,3016,80831,82145,75506,75796,74322,75765,411816,0
120000,1,4,1,-1,-1,-1,-1,-1,-1,2946,384,1914,390,0,780,384,1920,390,0,780,0,117054,119616,118086,119610,120000,119220,2940,1
80000,2,2,1,2,2,-1,-1,-1,-1,3177,-13,4229,4161,4042,6807,0,4242,1032,1000,2812,2248,76823,80013,75771,75839,75958,73193,11069,1
240000,2,4,1,-1,-1,-1,-1,-1,-1,75830,50787,51524,31783,33993,36783,1480,1601,1400,3000,3180,37102,164170,189213,188476,208217,206007,203217,232937,0
30000,2,4,1,-1,-1,2,2,-1,-1,27465,30386,31105,30270,29963,29661,3700,1500,0,1050,1250,2200,2535,-386,-1105,-270,37,339,169150,0
150000,1,4,1,-1,-1,-1,-1,-1,-1,30305,40190,39743,48971,38291,569,10190,10000,10003,0,0,0,119695,109810,110257,101029,111709,149431,167876,0
50000,1,4,1,-1,-1,-1,-1,-1,-1,41892,43875,45052,44938,40655,40930,3000,2200,2000,2000,2000,3000,8108,6125,4948,5062,9345,9070,243142,0
50000,2,2,1,-1,-1,-1,-1,-1,2,25562,33879,33441,32697,33693,33029,10000,2000,1500,3000,1500,9,24438,16121,16559,17303,16307,16971,174292,0
230000,1,4,1,-1,-1,-1,-1,-1,-1,5883,7923,5418,0,2000,987,7000,1000,0,2000,987,1951,224117,222077,224582,230000,228000,229013,9273,0
90000,2,4,1,-1,-1,-1,-1,-1,-1,84137,85684,87396,67761,65602,65902,3210,3503,2420,2400,2400,2694,5863,4316,2604,22239,24398,24098,439855,0
230000,1,4,1,-2,-2,-2,-2,-2,-2,264,264,264,264,264,264,264,264,264,264,264,264,229736,229736,229736,229736,229736,229736,0,0
90000,1,4,1,-1,-1,-1,-1,-1,-1,6090,7477,8848,10135,11731,8138,1500,1500,1500,2000,1500,1000,83910,82523,81152,79865,78269,81862,43419,0
230000,2,2,1,-1,-1,-1,-1,-1,-1,9167,10468,10722,11543,10058,20158,1392,2000,1000,0,10100,2253,220833,219532,219278,218457,219942,209842,55371,0
230000,2,4,1,-1,-1,-1,-1,-1,-1,95544,95311,94489,93143,87654,90172,4200,4500,4114,3500,4000,3000,134456,134689,135511,136857,142346,139828,532999,0
420000,2,4,1,-1,-1,-1,-1,-1,-1,17685,28206,122212,117835,112705,111357,30553,100000,4013,3822,4086,3800,402315,391794,297788,302165,307295,308643,363726,0
50000,1,4,1,-1,-1,-1,-1,-1,-1,30587,30440,30367,30621,30150,30246,1800,1900,1800,1500,1450,1500,19413,19560,19633,19379,19850,19754,172461,0
70000,2,4,1,-1,-1,-1,-1,-1,-1,67897,62826,62595,40327,48673,46158,3000,2916,2004,15006,3000,2200,2103,7174,7405,29673,21327,23842,300350,0
200000,4,4,1,-2,-2,-2,-2,-2,-2,3302,0,0,-5,-5,-5,0,0,0,0,0,0,196698,200000,200000,200005,200005,200005,3287,0
30000,1,4,1,-1,-1,-1,-1,-1,-1,27396,27994,28631,28935,28954,29155,1753,1786,1486,1170,1200,1205,2604,2006,1369,1065,1046,845,162465,0
60000,2,4,1,2,2,-1,-1,2,2,47210,46155,46838,50044,50923,52158,0,1725,4000,2000,2200,2100,12790,13845,13162,9956,9077,7842,281303,1
230000,1,4,1,-2,-2,-2,-2,-2,-2,248,248,248,248,248,248,248,248,248,248,248,248,229752,229752,229752,229752,229752,229752,0,0
100000,2,4,1,-1,-1,-1,-1,-1,-1,100778,98987,101368,100466,97117,99252,4000,4000,4000,3500,3700,4000,-778,1013,-1368,-466,2883,748,574768,0
420000,3,4,1,2,2,2,-1,-1,-1,68394,72874,71035,57503,56467,53995,5620,0,2000,1892,1979,2226,351606,347126,348965,362497,363533,366005,366551,0
100000,2,4,1,-2,-2,-1,-1,-1,-1,880,880,2926,60540,60929,64121,880,2926,58801,2200,5000,3000,99120,99120,97074,39460,39071,35879,117469,0
160000,3,4,1,-1,-1,2,-1,-1,-1,19542,24035,17561,17094,4353,4906,10000,0,17098,4353,2500,0,140458,135965,142439,142906,155647,155094,53540,0
260000,1,4,1,-1,-1,-1,-1,-1,-1,238110,244368,245186,254614,176211,180845,10368,15186,14614,7211,7850,6912,21890,15632,14814,5386,83789,79155,1277193,0
280000,2,2,1,-1,-1,-1,-1,-1,-1,6056,804,4712,1728,2076,1709,1200,4720,1728,2076,1709,7508,273944,279196,275288,278272,277924,278291,-1856,0
70000,2,4,1,-1,-1,-2,-1,-1,-1,36175,0,0,680,69257,68557,0,0,680,71867,9812,2900,33825,70000,70000,69320,743,1443,89410,0
50000,1,4,1,2,2,2,2,2,-1,47068,46010,49333,49708,45112,42063,0,4070,1551,0,1528,3273,2932,3990,667,292,4888,7937,268872,1
100000,2,4,1,2,2,2,2,2,2,30067,36705,35847,37939,38619,37868,7500,0,3500,1600,0,1600,69933,63295,64153,62061,61381,62132,202845,1
100000,1,2,1,1,2,-1,-1,-1,-1,11059,10105,388,90907,91550,92907,0,388,90907,3413,3359,4824,88941,89895,99612,9093,8450,7093,194025,0
290000,1,4,1,-1,-1,-1,-1,-1,-1,55758,7970,7106,8901,16813,15723,5029,5035,8925,11030,5077,3425,234242,282030,282894,281099,273187,274277,73750,0
180000,1,4,1,-1,-1,-2,-2,-2,-2,3000,0,0,0,0,0,0,0,0,0,0,0,177000,180000,180000,180000,180000,180000,3000,0
300000,2,2,1,1,2,-1,-1,-1,-1,237155,231932,238917,230083,13862,8210,102,11672,9700,1053,2010,13,62845,68068,61083,69917,286138,291790,935609,1
80000,2,4,1,-1,-1,-1,-1,-1,-1,34984,37853,36230,37235,38575,39590,3015,1155,1940,1500,1174,1300,45016,42147,43770,42765,41425,40410,214383,0
90000,2,2,1,-1,-1,-1,-1,-1,-1,58502,57846,50663,45515,42599,38559,3043,2018,2033,2016,2010,2010,31498,32154,39337,44485,47401,51441,280554,0
500000,2,4,1,-1,-1,-1,-1,-1,-1,433792,396009,335873,320755,316650,318228,13678,12021,11428,10871,11736,10699,66208,103991,164127,179245,183350,181772,2050874,1
40000,1,4,1,-1,-1,-1,-1,-1,-1,20216,8851,17940,31308,12009,32846,8851,18220,31319,12009,33482,13785,19784,31149,22060,8692,27991,7154,5504,0
170000,3,4,1,2,2,2,-1,-1,-1,63977,63630,51986,90196,50464,48282,2550,0,3500,3000,2001,3000,106023,106370,118014,79804,119536,121718,354484,0
30000,2,4,1,-1,-1,-1,-1,-1,-1,14045,15363,16108,17888,16505,16511,1555,1300,4894,1000,800,2200,15955,14637,13892,12112,13495,13489,84671,0
120000,2,4,1,-2,-2,-2,-2,-2,-2,436,1476,475,804,245,100,1480,478,804,245,144,0,119564,118524,119525,119196,119755,119900,385,0
100000,2,4,1,-1,-1,2,2,-1,-1,1506,89,89,0,356,16213,89,0,0,356,16213,0,98494,99911,99911,100000,99644,83787,1595,1
50000,2,4,1,1,-2,-2,-2,-2,-2,0,0,0,0,0,0,0,0,0,0,0,0,50000,50000,50000,50000,50000,50000,0,0
360000,2,2,1,-1,-1,-1,-1,-1,-1,4183,6469,465,4251,1668,2284,6501,467,5452,41,2286,3656,355817,353531,359535,355749,358332,357716,917,0
220000,1,4,1,-1,-1,-1,-1,-1,-1,29452,33967,41422,44738,51479,56653,5000,8000,4000,7500,6000,4494,190548,186033,178578,175262,168521,163347,222717,0
110000,2,4,1,-2,-2,-2,-2,-2,-2,-2628,-5118,31503,-2880,-5000,0,165,36621,1496,10000,5000,0,112628,115118,78497,112880,115000,110000,-37405,0
110000,1,4,1,-1,-1,-1,-1,-1,-1,113284,110062,100659,93909,78589,52644,5200,4628,4878,3000,2055,1908,-3284,-62,9341,16091,31411,57356,527478,0
310000,2,4,1,-1,-1,-1,-1,-1,-1,219155,223308,225574,224001,230902,105844,10000,10000,6000,10000,39000,4000,90845,86692,84426,85999,79098,204156,1149784,0
50000,2,4,1,-1,-1,-1,-1,-1,-1,45750,1655,8425,10408,53327,318,1655,8425,10424,53327,318,3770,4250,48345,41575,39592,-3327,49682,41964,0
50000,1,4,1,1,-2,-2,-2,-2,-2,-18,-18,-18,-18,-18,-18,0,0,0,0,0,0,50018,50018,50018,50018,50018,50018,-108,0
200000,1,4,1,-1,-1,-1,-1,-1,-1,29339,21624,22409,11671,5493,3288,2000,1770,2003,900,1800,1569,170661,178376,177591,188329,194507,196712,83782,0
120000,2,2,1,-1,-1,-1,-1,-2,-2,50620,15000,100,0,0,0,1000,100,0,0,0,0,69380,105000,119900,120000,120000,120000,64620,0
80000,2,2,1,1,2,-1,-1,-1,-1,81841,79062,74722,40151,28424,29059,15,2876,2052,625,693,84,-1841,938,5278,39849,51576,50941,326914,1
320000,2,4,1,-1,-1,-1,-1,-1,-1,228129,324028,295760,151783,125860,137856,100741,15993,57149,5136,40275,10013,91871,-4028,24240,168217,194140,182144,1034109,0
210000,1,4,1,-1,-1,-1,-1,-1,-2,4426,0,1349,10368,0,0,0,1349,10368,0,0,0,205574,210000,208651,199632,210000,210000,4426,0
90000,2,4,1,2,2,2,2,-1,-1,88103,90951,92226,89817,87296,89130,8300,3600,0,3300,3400,4000,1897,-951,-2226,183,2704,870,514923,1
170000,1,4,1,-1,-1,-1,-1,-1,-1,172523,164962,169636,152603,114885,105735,8000,9000,5800,3505,3500,3300,-2523,5038,364,17397,55115,64265,847239,0
310000,2,4,1,-2,-2,-2,-2,-2,-2,2548,10304,12497,8568,1787,498,10317,12497,8580,1787,498,3019,307452,299696,297503,301432,308213,309502,-496,0
360000,2,4,1,2,-1,-1,-1,-1,-1,2143,3060,3548,3408,5995,10136,1000,3548,1000,5995,10136,5882,357857,356940,356452,356592,354005,349864,729,0
200000,1,4,1,-2,-2,-2,-2,-2,-2,2364,442,33442,2140,964,2075,442,33448,2140,964,2075,7511,197636,199558,166558,197860,199036,197925,-5153,0
500000,3,4,1,-1,-1,-1,-1,-1,-1,16162,18581,19321,21986,22440,25070,3000,1335,3000,811,3000,3500,483838,481419,480679,478014,477560,474930,108914,0
300000,2,4,1,-1,-1,-1,-1,-1,-1,212323,216844,220004,18715,18675,18693,8420,7117,1285,702,810,542,87677,83156,79996,281285,281325,281307,686378,0
130000,2,4,1,1,2,-1,-1,-1,-1,99290,96811,99330,94501,91503,91064,0,5000,3358,3500,6000,3500,30710,33189,30670,35499,38497,38936,551141,1
260000,1,4,1,-1,-1,-1,-1,-1,-1,144112,144619,142380,141746,112938,110346,5033,5046,4573,4000,3800,4000,115888,115381,117620,118254,147062,149654,769689,0
100000,3,4,1,-1,-1,-1,-1,-1,-1,89312,141034,61119,58535,54224,51204,3000,2208,2700,2000,1844,1709,10688,-41034,38881,41465,45776,48796,441967,0
70000,2,4,1,-1,-1,-1,-1,-1,-1,65229,66348,67292,67091,49303,49350,3000,3100,2400,2000,2000,2000,4771,3652,2708,2909,20697,20650,350113,0
100000,2,2,1,-1,-1,-1,2,-1,-1,95087,87380,87083,82653,72867,74140,3965,7138,0,2448,2674,2672,4913,12620,12917,17347,27133,25860,480313,1
80000,1,4,1,-1,-1,-1,2,2,2,1238,376,2281,1356,355,-520,376,2281,0,0,0,35893,78762,79624,77719,78644,79645,80520,-33464,0
100000,1,4,1,2,-1,-1,2,-1,-1,97570,87923,91078,86433,65149,64810,4100,5514,2500,3000,4000,3000,2430,12077,8922,13567,34851,35190,470849,1
70000,1,4,1,-1,-1,-1,2,2,2,47220,48432,52650,53099,51648,55409,2000,5000,1900,0,4600,0,22780,21568,17350,16901,18352,14591,294958,0
170000,1,4,1,2,2,2,-1,-1,-1,169057,170609,164777,166227,166199,169533,7500,0,7400,5978,6251,5872,943,-609,5223,3773,3801,467,973401,0
30000,1,4,1,-1,2,2,2,-1,-1,9600,8805,10534,8240,7027,7034,0,2399,0,388,260,478,20400,21195,19466,21760,22973,22966,47715,0
20000,3,4,1,1,2,-1,-1,-1,-1,18025,17443,18117,17040,17763,17666,0,1277,1300,1000,799,2000,1975,2557,1883,2960,2237,2334,99678,0
180000,1,4,1,-1,-1,-1,-1,-1,-1,17517,27856,16285,9632,15025,53941,28000,16370,9676,15098,54207,87358,162483,152144,163715,170368,164975,126059,-70453,0
30000,2,2,1,2,-1,-1,2,2,2,20581,21632,24267,24572,24872,25427,1700,3300,1000,1000,1100,1000,9419,8368,5733,5428,5128,4573,132251,1
80000,1,4,1,-1,-1,-1,-1,-1,-1,82150,80163,81296,81624,81614,78268,3463,3600,3624,3200,3100,6200,-2150,-163,-1296,-1624,-1614,1732,461928,0
60000,2,4,1,-1,-1,-1,2,2,2,27921,29954,33166,33528,32690,34661,2500,3700,1200,0,2500,2500,32079,30046,26834,26472,27310,25339,179520,0
150000,1,4,1,-1,-1,-1,-1,-1,-1,151812,145411,132560,121003,69091,55543,7005,6612,4540,2426,1854,2424,-1812,4589,17440,28997,80909,94457,650559,0
50000,3,4,1,2,-1,-1,-1,-1,-1,46913,47486,47963,33499,19227,19334,1938,1703,1304,680,696,717,3087,2514,2037,16501,30773,30666,207384,0
360000,1,2,1,1,-2,-1,-1,-1,-1,0,0,9000,3002,3063,3063,0,9000,3002,61,0,0,360000,360000,351000,356998,356937,356937,6065,0
70000,3,2,1,2,-1,-1,-1,-1,-1,71832,71147,72227,71078,50777,50841,3275,3800,3200,1950,2000,1828,-1832,-1147,-2227,-1078,19223,19159,371849,0
50000,1,4,1,2,-1,-1,-1,2,-1,48064,47691,49140,49423,48377,48158,3000,2525,3900,0,2000,4500,1936,2309,860,577,1623,1842,274928,1
90000,1,4,1,1,2,-1,-1,-1,2,52061,50472,46226,40920,29863,19674,79,5000,10009,10000,0,7000,37939,39528,43774,49080,60137,70326,207128,1
60000,3,4,1,-1,-1,-1,-1,-1,-1,39325,40668,42009,43804,44473,45752,2000,2000,2500,1700,2000,1700,20675,19332,17991,16196,15527,14248,244131,0
360000,1,4,1,-2,-2,-2,-2,-2,-2,2434,3881,2394,2441,2441,2441,3900,2406,2453,2453,2453,2453,357566,356119,357606,357559,357559,357559,-86,0
70000,2,4,1,-1,-1,-1,-1,-1,-1,66748,52642,40934,34685,30166,29299,2049,1700,1446,1000,1044,1176,3252,17358,29066,35315,39834,40701,246059,0
20000,2,4,1,3,2,2,2,2,2,12508,12015,14459,14498,14029,15179,0,2955,597,0,1473,0,7492,7985,5541,5502,5971,4821,77663,1
110000,2,2,1,2,-1,-1,-1,-1,-1,30079,29349,27630,22017,20517,18534,1494,1402,1534,800,700,616,79921,80651,82370,87983,89483,91466,141580,1
30000,2,4,1,-1,-1,-1,-1,-2,-2,15767,16083,6115,0,0,0,1488,1000,0,0,0,0,14233,13917,23885,30000,30000,30000,35477,0
90000,3,4,1,-1,-1,-1,-2,-2,-2,74814,71859,0,0,0,0,5000,0,0,0,0,0,15186,18141,90000,90000,90000,90000,141673,0
210000,2,2,1,-1,-1,-1,-1,-1,-1,142848,94018,96926,100399,101472,103834,5000,4415,6000,3635,4000,5000,67152,115982,113074,109601,108528,106166,611447,0
270000,1,4,1,-1,-1,-1,-1,-1,-1,196192,200750,204418,197854,173743,149095,9000,9500,8929,7265,5400,5300,73808,69250,65582,72146,96257,120905,1076658,0
60000,1,4,1,2,-1,-1,-1,-1,-1,322,530,8004,692,0,191,563,8004,692,0,191,0,59678,59470,51996,59308,60000,59809,289,0
280000,2,4,1,-1,-1,-1,-1,-1,-1,316,316,3861,316,10800,9099,316,3861,316,10800,382,5000,279684,279684,276139,279684,269200,270901,4033,0
50000,3,4,1,-1,-1,-1,-1,-2,-2,8298,5841,3750,0,0,0,1250,1000,0,0,0,40277,41702,44159,46250,50000,50000,50000,-24638,0
70000,1,2,1,-1,-1,-1,-1,-1,-1,69334,66987,58055,44593,-1380,48757,3000,2213,1565,0,50137,1800,666,3013,11945,25407,71380,21243,227631,0
140000,2,4,1,-1,-1,-1,-1,-1,-1,10066,6465,13524,94419,93295,94599,6483,13566,94422,3100,3600,3621,129934,133535,126476,45581,46705,45401,187576,0
30000,3,4,1,-1,-1,-1,-1,-1,-1,27818,27594,29717,28812,28762,10404,3000,2595,1200,1020,10404,51000,2182,2406,283,1188,1238,19596,83888,1
70000,1,4,1,-1,-1,-1,-1,-1,-1,69754,71377,71225,64644,68427,69893,2791,2939,2364,4876,2557,3599,246,-1377,-1225,5356,1573,107,396194,0
140000,1,4,1,-2,-2,-2,-2,-2,-2,0,0,3544,0,0,0,0,3544,0,0,0,0,140000,140000,136456,140000,140000,140000,0,0
300000,4,4,2,-1,-1,-1,-1,-1,-1,10915,3469,2316,58284,6877,5970,3480,3016,58438,20,5987,2795,289085,296531,297684,241716,293123,294030,14095,0
80000,2,4,1,1,-2,-2,-2,-2,-2,0,0,0,0,0,0,0,3100,0,0,0,0,80000,80000,80000,80000,80000,80000,-3100,0
340000,2,4,1,-1,-1,-1,-1,-1,-1,59322,70886,81480,13580,22474,70590,20063,20385,6157,22533,60052,30059,280678,269114,258520,326420,317526,269410,159083,0
310000,1,4,1,-1,-1,-1,-1,-1,-1,134525,115126,105687,102306,93929,87681,6200,5222,5197,4000,5000,3980,175475,194874,204313,207694,216071,222319,609655,0
110000,2,4,1,1,2,-1,-1,-1,-1,59580,54255,55474,45467,46285,47334,0,2230,2100,2010,2150,1200,50420,55745,54526,64533,63715,62666,298705,1
130000,1,4,1,-1,-1,-1,-1,-1,-1,68251,66221,67061,64154,15903,16493,3000,2500,2000,1500,1000,1000,61749,63779,62939,65846,114097,113507,287083,0
280000,2,4,1,-2,-2,-2,-2,-2,-2,190601,4987,651,3126,3707,11225,4987,651,3126,3707,11225,10482,89399,275013,279349,276874,276293,268775,180119,0
100000,1,4,1,1,2,2,2,-1,-1,6266,2366,7042,780,390,390,0,5000,0,0,390,1320,93734,97634,92958,99220,99610,99610,10524,0
150000,1,4,1,-1,-1,-1,-1,-1,-1,94062,65825,64041,60948,51510,46917,3183,3023,2549,2000,2000,2000,55938,84175,85959,89052,98490,103083,368548,0
130000,3,2,1,-1,-1,2,2,2,-1,121329,128791,127881,133130,127159,131069,11000,2600,9000,0,6000,5000,8671,1209,2119,-3130,2841,-1069,735759,0
250000,1,2,1,-1,-1,-1,-1,-1,-1,85238,87797,75436,58695,41211,34987,20004,2893,2201,1215,10040,10041,164762,162203,174564,191305,208789,215013,336970,0
200000,1,4,1,-1,-1,-1,-1,-1,-1,7484,8273,13249,22319,17279,9853,2000,13000,10000,5000,5000,4000,192516,191727,186751,177681,182721,190147,39457,0
110000,2,4,1,2,2,2,-1,-1,-1,105014,104574,94521,88833,82585,75992,9000,10,3917,2730,2770,2800,4986,5426,15479,21167,27415,34008,530292,0
160000,2,6,1,-1,-1,-1,-1,-1,-1,11442,7257,15770,27024,14490,8190,1000,15793,11000,6000,1000,10312,148558,152743,144230,132976,145510,151810,39068,0
80000,3,2,1,-1,-1,-1,-1,-1,-1,24003,21887,14799,6402,4950,4661,3028,1241,3010,2025,3500,26028,55997,58113,65201,73598,75050,75339,37870,1
220000,1,4,1,-1,-1,-1,-1,-1,-1,66620,56611,37504,9499,3679,13232,16008,12000,15030,10000,15000,5000,153380,163389,182496,210501,216321,206768,114107,0
20000,2,4,1,-1,-1,-1,2,-1,-1,16679,14921,9470,9640,6110,5775,1554,2360,500,1000,3200,2000,3321,5079,10530,10360,13890,14225,51981,0
160000,2,4,1,1,2,2,2,-1,-1,5654,796,398,0,398,0,398,0,0,398,0,0,154346,159204,159602,160000,159602,160000,6450,0
170000,1,4,1,-1,-1,-1,-1,-1,-1,3732,3732,3732,3732,4239,3910,3732,3732,3732,4239,3910,4146,166268,166268,166268,166268,165761,166090,-414,0
360000,2,4,1,-1,-1,-1,-1,-1,-1,17084,17896,67507,68884,70406,71769,1400,50000,2502,2669,2650,2800,342916,342104,292493,291116,289594,288231,251525,0
50000,2,2,1,-1,-1,-1,-1,-1,-1,49378,49744,40859,20706,-1166,19133,2500,1500,1206,0,20689,697,622,256,9141,29294,51166,30867,152062,0
100000,1,4,1,-1,-1,-1,-1,-1,-1,43599,45865,54424,56032,59475,47491,3000,10000,2647,5000,2000,4000,56401,54135,45576,43968,40525,52509,280239,0
150000,1,4,1,-1,-1,-1,-1,-1,-1,146465,147331,146999,146277,147946,145846,7000,6740,6850,5664,5660,5480,3535,2669,3001,3723,2054,4154,843470,0
150000,2,2,1,-1,-1,-1,-1,-1,-1,8139,151691,143248,109930,80987,80938,151691,6502,4333,2810,3100,3187,141861,-1691,6752,40070,69013,69062,403310,0
100000,1,4,1,-1,-1,-1,-1,-1,-1,167410,85536,77303,60178,56436,51773,70001,3769,2008,1950,2001,18000,-67410,14464,22697,39822,43564,48227,400907,0
200000,1,4,1,-1,-1,-1,-1,-1,-1,5967,1892,26995,7601,6481,1610,1897,26995,7606,380,0,0,194033,198108,173005,192399,193519,198390,13668,0
300000,3,4,1,-1,-1,-1,-1,-1,-1,17376,17538,16425,11976,3012,0,1294,11236,1032,9,0,0,282624,282462,283575,288024,296988,300000,52756,0
130000,3,4,1,1,-1,-1,-1,-1,-1,0,14051,0,1358,1039,164,14051,0,1358,1039,164,167,130000,115949,130000,128642,128961,129836,-167,0
150000,2,2,1,-1,-1,-1,-1,-1,-1,97069,100743,103528,105623,106583,108909,5300,5300,5300,4200,4200,4200,52931,49257,46472,44377,43417,41091,593955,0
110000,1,4,1,-1,-1,-1,-1,-1,-1,53152,45002,42051,30803,28377,29053,1725,1774,1526,1100,1200,1081,56848,64998,67949,79197,81623,80947,220032,0
340000,3,2,1,-1,-1,-1,-1,-1,-1,6780,3629,29052,50832,30272,11253,3629,29052,30000,5034,11253,86069,333220,336371,310948,289168,309728,328747,-33219,0
60000,1,4,1,-1,-1,-1,-1,-1,-1,59228,59961,59824,47655,27298,28303,2300,3572,2169,6000,4000,4000,772,39,176,12345,32702,31697,260228,0
90000,3,4,1,-1,-1,-1,-1,-1,-1,94806,119836,21836,11036,29836,986,30000,30000,11036,19836,986,21615,-4806,-29836,68164,78964,60164,89014,164863,0
230000,2,2,1,1,2,-1,-1,-1,-1,113218,114665,115898,112930,115743,118933,4800,4600,4300,4700,5124,4110,116782,115335,114102,117070,114257,111067,663753,0
200000,1,4,1,-1,-1,-1,-1,-1,-1,3655,3036,3423,7403,4896,3185,3084,3475,7417,108,18,8424,196345,196964,196577,192597,195104,196815,3072,0
310000,1,4,1,-1,-1,2,-1,-1,-1,18877,18379,10327,17252,9917,33776,18417,48,17337,9965,33826,116,291123,291621,299673,292748,300083,276224,28819,0
150000,2,2,1,-1,-1,-1,-1,-1,-1,80625,37645,43747,700,64758,92966,8002,7601,701,64758,29008,30000,69375,112355,106253,149300,85242,57034,180371,0
390000,2,2,1,-2,-2,-2,-2,-2,-2,10598,1446,2041,4582,2070,0,1571,2041,4582,2070,0,3100,379402,388554,387959,385418,387930,390000,7373,0
210000,1,4,1,1,-2,-2,-2,-2,-2,0,0,0,0,0,0,0,0,0,0,0,0,210000,210000,210000,210000,210000,210000,0,1
290000,1,4,1,1,2,-1,-1,-1,2,236258,232523,243753,253145,267412,273095,1500,16500,15000,20000,10000,9701,53742,57477,46247,36855,22588,16905,1433485,0
180000,2,2,1,-1,-1,-1,2,-1,-1,31540,5080,9227,3235,2655,7251,5000,9000,0,2668,7251,13365,148460,174920,170773,176765,177345,172749,21704,0
140000,1,4,1,-1,-1,-1,-1,-1,-1,137789,135240,211542,132019,101731,108687,5000,7027,6032,4000,8700,0,2211,4760,-71542,7981,38269,31313,796249,1
10000,2,2,1,2,2,2,2,2,-1,2742,5015,4789,6199,5951,6255,2500,0,1500,0,400,400,7258,4985,5211,3801,4049,3745,26151,0
80000,1,4,1,-1,-1,-1,-1,-1,-1,36959,38042,38925,40274,41598,42926,2000,1800,2000,2000,2000,3000,43041,41958,41075,39726,38402,37074,225924,0
50000,1,4,1,3,2,2,7,7,7,300,300,300,300,300,300,0,0,0,0,0,0,49700,49700,49700,49700,49700,49700,1800,1
110000,1,4,1,-1,-1,-1,-1,-1,-1,52693,54148,73596,76938,47942,40963,5064,42000,5091,2026,3033,2510,57307,55852,36404,33062,62058,69037,286556,0
180000,1,4,1,-2,-2,-2,-2,-2,-2,0,0,0,0,0,0,0,0,0,0,0,0,180000,180000,180000,180000,180000,180000,0,1
230000,3,2,1,-1,-1,-1,-1,-1,-1,67615,19870,19649,17969,10888,8657,1323,1500,1000,2000,1023,2004,162385,210130,210351,212031,219112,221343,135798,0
80000,1,4,1,-1,3,2,2,2,-1,2127,1948,1770,3104,2946,2844,0,0,1400,0,57,816,77873,78052,78230,76896,77054,77156,12466,0
50000,1,2,1,1,2,-1,-1,2,-1,19029,18431,22782,32304,31519,23724,0,5000,10000,0,6724,13385,30971,31569,27218,17696,18481,26276,112680,0
220000,1,4,1,-1,-1,-1,-1,-1,-1,215779,196299,202596,198845,194885,92905,8600,11000,6000,10082,3400,3825,4221,23701,17404,21155,25115,127095,1058402,0
30000,1,4,1,1,2,2,2,2,-1,24307,23618,26733,27016,24972,25425,0,3500,1028,0,1000,3300,5693,6382,3267,2984,5028,4575,143243,1
200000,1,4,1,-1,-1,-1,-1,-2,-2,196168,201190,200662,-1528,-1528,-1504,8800,10183,1504,0,24,204395,3832,-1190,-662,201528,201528,201504,368554,0
130000,2,2,1,-1,-1,-1,-1,-1,-1,45563,46607,47329,45854,46822,47567,2100,1807,1800,1701,2002,1853,84437,83393,82671,84146,83178,82433,268479,0
360000,1,4,1,2,2,-2,-2,-2,-2,2500,0,0,0,0,0,0,0,0,0,0,0,357500,360000,360000,360000,360000,360000,2500,0
140000,1,4,1,-1,-1,-1,-1,-1,-1,27750,28797,29840,31349,35687,36983,1500,1500,2000,5000,2000,5000,112250,111203,110160,108651,104313,103017,173406,0
130000,1,4,1,-2,-2,-2,-2,-2,-2,8508,27049,0,0,0,0,27049,0,0,0,0,0,121492,102951,130000,130000,130000,130000,8508,0
150000,1,4,1,1,-2,-2,-2,-2,-2,0,0,0,0,0,0,0,0,0,0,0,0,150000,150000,150000,150000,150000,150000,0,0
20000,2,2,1,2,2,2,-1,-1,-1,17023,18432,17848,19103,19229,18856,2000,0,1574,700,688,687,2977,1568,2152,897,771,1144,104842,1
130000,2,4,1,2,-1,-1,-1,-1,-1,7964,8976,9998,11007,11226,11460,1152,1174,1183,402,415,418,122036,121024,120002,118993,118774,118540,55887,0
190000,1,4,1,-1,-1,-1,-1,-1,-1,28096,29322,30144,31243,32719,33540,2000,1600,1600,2000,1500,1300,161904,160678,159856,158757,157281,156460,175064,0
140000,1,4,1,2,-1,-1,-1,-1,-1,26623,28863,34049,36061,40003,45423,3000,6000,3000,5000,6000,5000,113377,111137,105951,103939,99997,94577,183022,1
180000,2,4,1,-1,-1,-1,-1,-1,-1,177607,177498,176081,175540,142015,139162,6500,7000,7200,5018,5200,5300,2393,2502,3919,4460,37985,40838,951685,0
180000,1,4,1,-1,-1,-1,-1,-1,-1,2393,5428,5683,39351,3241,2614,5461,5834,39000,3241,2614,3506,177607,174572,174317,140649,176759,177386,-946,0
50000,2,4,1,-1,-1,-1,-1,2,-1,23318,24327,25360,27929,27184,27752,1398,1431,3000,0,1155,1025,26682,25673,24640,22071,22816,22248,147861,0
80000,2,2,1,-1,-1,-1,-1,-1,-1,2805,1995,0,680,2862,5539,1995,0,680,2862,5539,0,77195,78005,80000,79320,77138,74461,2805,0
120000,2,4,1,1,1,-2,-2,-2,-2,11238,0,0,0,0,0,0,0,0,0,0,0,108762,120000,120000,120000,120000,120000,11238,1
420000,2,4,1,-1,-1,-1,-1,-1,-1,89829,82251,78830,76521,78049,79792,5126,3019,2777,2800,3000,3000,330171,337749,341170,343479,341951,340208,465550,0
90000,2,2,1,1,-1,-1,-1,-1,-1,0,1191,-21,2130,3486,1495,1191,0,2151,3486,1495,0,90000,88809,90021,87870,86514,88505,-42,0
70000,1,4,1,-1,-1,-1,-1,-1,-1,42825,47047,62703,28945,16345,21163,5000,20000,10000,6000,5000,8000,27175,22953,7297,41055,53655,48837,165028,0
200000,2,4,1,-1,-1,-1,-1,-2,-2,37076,18382,18834,0,0,0,5000,18834,60000,0,0,0,162924,181618,181166,200000,200000,200000,-9542,0
240000,1,4,1,-1,-1,-1,-1,-1,-1,30173,29109,16704,13934,2020,4520,5009,4000,3506,0,2500,4000,209827,210891,223296,226066,237980,235480,77445,0
360000,1,4,1,-1,-1,-1,-1,-1,-1,276,0,502,0,1017,0,0,502,0,1017,0,359,359724,360000,359498,360000,358983,360000,-83,0
180000,1,4,1,-1,-1,-1,-1,-1,-1,20098,22063,11705,14900,7180,-10,3000,4000,4000,3000,0,550,159902,157937,168295,165100,172820,180010,61386,0
160000,1,4,1,-1,-1,-1,-1,-1,-1,288,451,1665,330,165,794,451,1680,330,0,794,2349,159712,159549,158335,159670,159835,159206,-1911,0
20000,2,4,1,-1,-1,-1,-1,-1,-1,12742,8438,9792,10990,13990,10000,1500,1500,1500,3000,2000,0,7258,11562,10208,9010,6010,10000,56452,0
30000,3,4,1,2,-1,-1,-1,-1,-1,1946,1473,0,157,24767,24991,1000,0,3160,25000,1000,2000,28054,28527,30000,29843,5233,5009,21174,0
230000,1,4,1,-1,-1,-1,-1,-1,-1,45405,41630,38940,37150,36306,33563,2500,3013,4000,5006,3000,3000,184595,188370,191060,192850,193694,196437,212475,0
240000,1,4,1,-1,-1,-1,-1,-1,-1,10747,30380,15579,20496,15296,24332,30439,10023,10000,5000,15000,15000,229253,209620,224421,219504,224704,215668,31368,0
200000,1,4,1,-1,-1,2,2,2,2,159215,172029,167856,179126,174748,179337,15500,0,14100,0,7400,13000,40785,27971,32144,20874,25252,20663,982311,1
280000,2,4,1,-2,-2,-2,-2,-2,-2,0,0,0,0,0,0,0,0,0,0,0,0,280000,280000,280000,280000,280000,280000,0,0
340000,2,2,1,-1,-1,-1,-1,-1,-1,20816,11706,600,-470,50813,50271,1005,600,0,51283,1193,5000,319184,328294,339400,340470,289187,289729,74655,0
50000,1,4,1,-1,-1,-1,-1,-1,-1,44641,45769,47397,40345,31003,29693,1870,2500,3017,1060,1300,2000,5359,4231,2603,9655,18997,20307,227101,0
200000,3,2,1,-1,-1,-1,-1,-1,-1,201642,202486,197888,145078,137272,131447,7671,6210,4500,4200,6200,4200,-1642,-2486,2112,54922,62728,68553,982832,1
140000,2,2,1,2,-1,-1,-1,-1,-1,776,752,776,1580,804,728,752,800,1580,0,700,700,139224,139248,139224,138420,139196,139272,884,0
160000,1,4,1,-1,-1,-1,-1,-1,-1,20193,3250,9244,8344,5607,1289,3250,6152,1000,1401,0,0,139807,156750,150756,151656,154393,158711,36124,0
50000,1,4,1,2,2,2,2,2,-1,29164,28396,31533,31833,31022,31681,0,3600,1111,0,1160,1160,20836,21604,18467,18167,18978,18319,176598,0
20000,1,4,1,2,2,2,2,2,2,15522,18442,17862,19756,19143,21671,3186,0,2500,0,3000,0,4478,1558,2138,244,857,-1671,103710,1
170000,2,2,1,-2,-2,-2,-2,-2,-2,-807,-807,-807,-807,-1169,-1531,0,0,0,0,0,0,170807,170807,170807,170807,171169,171531,-5928,0
140000,2,4,1,-1,-1,-1,-1,-1,-1,1186,3713,390,390,6580,0,4000,390,390,6580,0,780,138814,136287,139610,139610,133420,140000,119,0
150000,1,2,1,1,-1,-1,-2,-2,-2,0,231,0,0,0,0,231,0,0,0,0,685,150000,149769,150000,150000,150000,150000,-685,0
70000,2,4,1,1,2,-1,-1,-1,-1,73167,70238,70640,71298,70930,72491,0,2600,3000,3000,6000,0,-3167,-238,-640,-1298,-930,-2491,414164,0
50000,3,4,1,-1,-1,-1,-1,-1,-1,51422,50525,49691,49308,30284,30554,2100,2500,28400,1100,2000,1500,-1422,-525,309,692,19716,19446,224184,1
80000,2,2,1,-1,-1,-1,-1,-1,-1,150651,52233,81162,71470,28718,27813,3905,81000,1513,47921,10000,2001,-70651,27767,-1162,8530,51282,52187,265707,0
360000,2,2,1,-2,-2,-2,-2,-2,-2,0,0,0,0,0,0,0,0,0,0,0,0,360000,360000,360000,360000,360000,360000,0,0
360000,1,4,1,1,-2,-2,-2,-2,-2,0,0,0,0,0,0,0,0,0,0,0,0,360000,360000,360000,360000,360000,360000,0,0
130000,1,4,1,-1,-1,-1,-1,-1,-1,37319,38252,46741,42881,367,46265,2031,10000,1000,367,61170,1200,92681,91748,83259,87119,129633,83735,136057,0
120000,1,4,1,-1,-1,-1,-1,-1,-1,2494,1394,780,470,-170,180,2000,780,470,0,500,1335,117506,118606,119220,119530,120170,119820,63,0
110000,2,4,1,-1,-1,-1,-1,-1,-1,79573,81449,83241,84960,86045,88060,3800,4000,4000,3400,3400,7000,30427,28551,26759,25040,23955,21940,477728,0
230000,2,4,1,-1,-1,-1,-1,-1,-1,29500,4828,7633,9202,2553,6015,4800,7021,8008,0,6015,3053,200500,225172,222367,220798,227447,223985,30834,0
110000,2,4,1,-1,-1,2,2,2,2,18817,21068,16412,16809,8682,8861,2600,1102,1000,0,602,0,91183,88932,93588,93191,101318,101139,85345,1
200000,1,4,1,-1,-1,-1,-1,-1,-1,1860,4464,29705,25854,510,1470,4464,29705,25854,510,1470,5822,198140,195536,170295,174146,199490,198530,-3962,0
60000,1,2,1,-1,-1,-1,-1,-1,-1,2848,1469,1647,1355,1458,1631,1469,1675,1355,1458,1631,1931,57152,58531,58353,58645,58542,58369,889,0
310000,3,4,1,-1,-1,-1,-1,-1,-1,240846,220845,179260,116798,109647,114745,10500,7809,10000,10000,10334,10000,69154,89155,130740,193202,200353,195255,923498,0
160000,3,4,1,1,-1,-1,-1,-1,-1,-10,3382,7726,12290,1280,0,3392,7749,14529,1283,0,0,160010,156618,152274,147710,158720,160000,-2285,0
180000,1,2,1,-1,-1,-1,-1,-1,-1,152158,155181,158437,161664,164873,168344,5539,5741,5852,5881,7607,6135,27842,24819,21563,18336,15127,11656,923902,0
170000,1,2,2,-1,-1,-1,-2,-1,-1,364,14662,0,0,1861,-167,14662,0,0,1861,0,334,169636,155338,170000,170000,168139,170167,-137,0
240000,1,4,1,-1,-1,-1,-2,-1,-1,3647,2530,464,1316,1102,3381,2535,464,1316,1104,3384,5200,236353,237470,239536,238684,238898,236619,-1563,0
160000,1,4,1,-1,-1,-2,-2,-2,-2,160,0,0,0,0,0,0,0,0,0,0,0,159840,160000,160000,160000,160000,160000,160,0
200000,1,4,1,-2,-2,-2,-2,-2,-2,7618,7961,1452,6248,4112,0,7961,1452,6248,4112,0,3428,192382,192039,198548,193752,195888,200000,4190,0
60000,3,4,1,-1,-1,-1,-1,-1,-1,59650,51176,42368,35730,28670,27979,3376,1900,1908,1133,1015,1153,350,8824,17632,24270,31330,32021,235088,0
100000,2,2,1,-1,-1,-1,-1,-1,-1,94245,95268,96620,97938,78126,65680,3500,3800,3900,3000,2300,2300,5755,4732,3380,2062,21874,34320,509077,0
60000,1,4,1,-1,-1,2,-1,-1,-1,6393,10540,10232,11237,11427,20973,4278,0,1483,673,10000,11540,53607,49460,49768,48763,48573,39027,42828,1
50000,1,4,2,-1,-1,-1,-1,-1,-2,12725,34526,12787,3995,0,0,30018,12787,3995,0,0,0,37275,15474,37213,46005,50000,50000,17233,0
120000,2,4,1,-1,-1,-1,-1,-1,-1,96342,97724,99131,100464,100380,101445,4500,4500,4500,3700,3679,4100,23658,22276,20869,19536,19620,18555,570507,0
250000,1,4,2,-1,-1,-1,-1,-1,-1,18751,21550,23932,37329,26339,4836,5000,3500,15054,7885,4836,9655,231249,228450,226068,212671,223661,245164,86807,0
180000,1,2,2,-1,-1,-1,-1,-1,-1,1863,1863,2886,840,2052,1443,1863,2886,840,2052,1443,1443,178137,178137,177114,179160,177948,178557,420,1
210000,2,2,2,-1,-1,-1,-1,-1,-1,107539,103234,47363,45810,42093,36587,3000,3018,2000,1500,1500,2000,102461,106766,162637,164190,167907,173413,369608,0
360000,2,2,2,-1,-1,-2,-2,-2,-2,19918,-182,-6877,-5377,-2377,-377,500,0,2000,3000,2000,3000,340082,360182,366877,365377,362377,360377,-5772,0
210000,1,4,1,-1,-1,-1,-1,-1,-1,132909,135210,140056,143584,147832,150953,7000,7003,8000,8000,5500,7000,77091,74790,69944,66416,62168,59047,808041,0
110000,2,2,1,-1,-1,-1,-2,-1,2,27340,17353,0,0,3161,2996,10000,0,0,3161,0,30000,82660,92647,110000,110000,106839,107004,7689,0
270000,2,4,1,-1,-1,-1,-1,-1,-1,88996,17142,18118,147189,170268,170268,17142,18118,147500,60000,15000,58354,181004,252858,251882,122811,99732,99732,295867,0
50000,1,4,1,-1,-1,2,-1,-1,-1,6161,8998,8319,8672,9390,9861,3500,0,1282,1000,1000,3000,43839,41002,41681,41328,40610,40139,41619,0
220000,2,2,1,-1,-1,-1,-1,-1,-1,142818,141540,131810,118866,115256,97161,5042,5042,3687,3660,3528,3314,77182,78460,88190,101134,104744,122839,723178,0
80000,2,4,2,-1,-1,-1,-1,-1,-1,4161,1819,6845,1813,8362,-783,2000,6689,1817,8100,0,4000,75839,78181,73155,78187,71638,80783,-389,0
180000,1,4,2,-2,-2,-2,-2,-2,-2,4522,1763,1571,0,4775,0,1771,1571,0,4775,0,0,175478,178237,178429,180000,175225,180000,4514,0
400000,1,2,2,-1,-1,-1,-1,-1,-1,325,5581,2833,1162,325,325,5581,2833,1162,325,325,325,399675,394419,397167,398838,399675,399675,0,0
230000,2,2,2,-1,-1,-1,-1,-1,-1,234521,228486,216287,215927,174259,174486,9800,8502,8350,6200,6500,6500,-4521,1514,13713,14073,55741,55514,1198114,0
90000,4,4,2,1,-2,-2,-2,-2,-2,0,0,0,0,0,0,0,0,0,0,0,0,90000,90000,90000,90000,90000,90000,0,0
30000,2,2,1,1,2,2,2,-1,-1,27371,26632,29703,28700,28300,25520,0,3500,0,0,1000,0,2629,3368,297,1300,1700,4480,161726,1
150000,1,4,1,-1,-1,-1,-1,-1,-1,145138,140210,136196,105989,98836,94504,5200,7982,4500,4048,3800,3818,4862,9790,13804,44011,51164,55496,691525,0
230000,1,4,1,2,-1,-1,-1,-1,-1,711,711,711,711,711,291,711,711,711,711,291,1131,229289,229289,229289,229289,229289,229709,-420,0
510000,1,4,2,-1,-1,-1,-1,-1,-1,71121,481382,559712,163628,117475,116656,493358,1227082,164577,510,6239,4550,438879,28618,-49712,346372,392525,393344,-386342,0
20000,2,4,2,1,2,-1,-1,-1,-1,20128,17842,18979,7886,19786,20025,0,7027,1000,19000,6000,1000,-128,2158,1021,12114,214,-25,70619,1
150000,1,4,1,-1,-1,-1,-1,-1,-1,51032,69242,65366,62283,60942,55878,30000,20142,3759,7022,20000,10000,98968,80758,84634,87717,89058,94122,273820,0
110000,2,4,1,-1,-1,-1,-1,-1,-1,6217,7947,9649,11472,13267,15048,2000,2000,2000,2000,2000,0,103783,102053,100351,98528,96733,94952,53600,0
250000,2,2,1,-1,-1,-1,-1,-1,-1,24920,26456,24196,22408,20610,17978,2000,1790,1250,700,644,1000,225080,223544,225804,227592,229390,232022,129184,0
240000,1,6,1,1,-2,-2,-2,-2,-2,0,0,0,0,0,0,0,0,0,0,0,0,240000,240000,240000,240000,240000,240000,0,0
150000,1,4,1,-1,-1,-2,-2,-2,-2,3470,0,0,0,0,0,0,0,0,0,0,0,146530,150000,150000,150000,150000,150000,3470,0
420000,2,4,1,-1,-1,-1,-1,-1,-1,267050,272606,278407,284777,301438,308571,10000,10200,11000,21500,12000,15000,152950,147394,141593,135223,118562,111429,1633149,0
170000,4,4,2,-1,-1,-1,-1,-1,-1,66805,51351,38816,32475,24606,21988,5148,3000,1978,4700,1000,2000,103195,118649,131184,137525,145394,148012,218215,0
220000,1,4,1,-1,-1,-1,-1,-1,-1,6601,8312,2102,4707,7216,6565,5026,2102,4000,7216,6565,4757,213399,211688,217898,215293,212784,213435,5837,0
160000,2,4,1,-2,-2,-2,-2,-2,-2,2191,645,2102,5477,2258,1849,645,2118,5477,2276,1851,5543,157809,159355,157898,154523,157742,158151,-3388,0
150000,2,2,1,-1,-1,-1,-1,-1,-1,5527,614,12515,10749,7549,5749,1000,13000,12006,7000,0,0,144473,149386,137485,139251,142451,144251,9697,0
150000,2,4,1,1,2,2,2,-1,-1,4577,4356,6643,2831,1745,3212,0,2400,0,1500,1500,1000,145423,145644,143357,147169,148255,146788,16964,1
140000,2,2,1,-2,-2,-2,-2,-2,-2,444,0,1650,0,2226,0,0,1650,0,2226,0,656,139556,140000,138350,140000,137774,140000,-212,1
240000,2,4,1,-1,-1,-1,-1,-1,-1,30589,2225,3708,20694,19771,38603,2239,3700,20739,10003,40115,8756,209411,237775,236292,219306,220229,201397,30038,0
20000,2,4,1,-1,-1,2,-1,-1,-1,2937,5696,4144,8168,6894,11424,3353,3,5101,6,6530,8103,17063,14304,15856,11832,13106,8576,16167,1
30000,2,4,1,2,-1,-1,-1,-2,-2,28541,16436,18146,0,0,0,1385,5000,0,0,0,0,1459,13564,11854,30000,30000,30000,56738,1
80000,2,2,1,2,-1,-1,-1,-1,-1,80100,79368,81130,49407,49067,50234,3500,3700,1800,1900,3000,2000,-100,632,-1130,30593,30933,29766,373406,0
400000,1,4,1,-1,-1,-1,-1,-1,-1,5567,13011,22396,26359,41627,16709,13011,10001,5023,20150,5082,4134,394433,386989,377604,373641,358373,383291,68268,0
150000,2,4,1,-1,-1,-1,-1,-1,-1,88957,92548,82169,67958,69310,70819,5500,2730,2468,2483,2628,10000,61043,57452,67831,82042,80690,79181,445952,0
180000,2,2,2,-1,-1,-1,-1,-1,-1,95917,85902,77013,69551,62960,59487,2986,3000,2367,3000,3554,5495,84083,94098,102987,110449,117040,120513,430428,0
360000,3,2,2,-1,-1,-1,-1,-1,-1,227689,206249,182985,186047,188389,191907,7142,8200,7600,6200,6000,7000,132311,153751,177015,173953,171611,168093,1141124,0
160000,1,2,2,-1,-1,-1,-1,-1,-1,960,3597,3633,2707,6087,4852,3597,3633,2702,6087,4852,9425,159040,156403,156367,157293,153913,155148,-8460,1
80000,2,4,2,-1,-1,2,-1,-1,-1,80681,84064,79988,79291,53876,49513,6900,0,4382,1822,2000,2000,-681,-4064,12,709,26124,30487,410309,0
240000,2,2,2,1,-2,-2,-1,-1,-1,0,0,0,262,0,1389,0,0,262,0,1389,0,240000,240000,240000,239738,240000,238611,0,0
50000,2,2,2,-1,-1,-1,-1,-1,-1,34485,28251,7114,28042,28479,29066,1815,1700,30042,1200,1200,1300,15515,21749,42886,21958,21521,20934,118180,1
50000,2,2,2,-2,-1,-1,-1,-1,-1,50680,50655,50710,50503,40140,-21364,50702,2033,1776,2000,29000,59901,-680,-655,-710,-503,9860,71364,75912,0
50000,3,2,1,-1,-1,-1,-1,-1,-1,47194,48381,46777,39420,8824,9009,2002,2000,1530,1000,327,329,2806,1619,3223,10580,41176,40991,192417,1
200000,2,2,2,-2,-2,-2,-2,-2,-2,42488,0,0,0,7637,21186,0,0,0,7637,21186,0,157512,200000,200000,200000,192363,178814,42488,0
50000,1,4,1,2,-1,-1,2,-1,-1,50461,48340,51113,48114,19400,19240,2100,4900,0,3000,2500,1000,-461,1660,-1113,1886,30600,30760,223168,0
140000,1,4,2,-1,-1,2,-1,-1,2,78095,84781,82558,80376,85281,84688,8000,0,3500,5900,0,3000,61905,55219,57442,59624,54719,55312,475379,0
310000,1,4,1,-1,-1,-1,-1,-1,-1,8454,14570,21897,4316,771,2888,14581,11139,15347,793,7390,1436,301546,295430,288103,305684,309229,307112,2210,0
430000,3,4,2,-1,-1,-1,-1,-1,-1,308741,304476,277823,251443,236975,203526,12000,11000,11000,10000,8000,8000,121259,125524,152177,178557,193025,226474,1522984,0
100000,1,4,2,-1,-1,-1,-1,-1,-1,89242,91067,93409,95056,75688,77330,4200,4700,4500,3000,2900,2901,10758,8933,6591,4944,24312,22670,499591,0
500000,1,4,1,-1,-1,-1,-1,-1,-1,28555,33055,42392,36641,12149,426518,5000,10000,5132,12159,426529,20016,471445,466945,457608,463359,487851,73482,100474,0
200000,2,4,1,-1,-1,-1,-1,-1,-1,204134,194949,153646,137087,134995,135953,8000,5542,5308,4587,4750,4935,-4134,5051,46354,62913,65005,64047,927642,1
140000,1,4,1,-1,-1,2,-1,-1,-1,135436,144922,141289,137377,93261,95368,13102,17,5547,3242,3512,3333,4564,-4922,-1289,2623,46739,44632,718900,0
200000,2,2,2,-2,-1,2,-1,-1,-2,0,1541,811,2754,17557,1144,1541,4,3071,17557,1144,1252,200000,198459,199189,197246,182443,198856,-762,0
200000,1,4,1,-2,-1,-1,-1,-1,-1,466,161746,153377,134027,135120,136512,161844,5228,5005,5004,5151,5253,199534,38254,46623,65973,64880,63488,533763,0
100000,1,4,1,-1,-1,-1,2,-1,-1,10886,11697,14479,10775,10998,12655,1300,3005,0,700,2000,1500,89114,88303,85521,89225,89002,87345,62985,0
180000,4,2,1,2,-1,-1,-1,-1,-1,117328,115140,73730,64600,2500,0,4117,3504,3000,0,0,0,62672,64860,106270,115400,177500,180000,362677,0
190000,1,4,1,-1,-1,-1,-1,-1,-1,141693,143464,146943,151905,153538,156664,5618,5795,7408,5645,5753,6370,48307,46536,43057,38095,36462,33336,857618,0
50000,1,4,1,-1,-1,-1,-1,-1,-1,48782,47708,49846,49303,29722,29624,2100,3600,2146,1004,1100,1294,1218,2292,154,697,20278,20376,243741,0
440000,1,2,2,-1,-1,-1,-1,-1,-2,232526,1025,0,26549,0,1000,1025,0,26549,0,1000,150,207474,438975,440000,413451,440000,439000,232376,0
30000,2,2,2,-1,2,-1,-1,-1,-1,4994,886,937,0,1083,3395,0,1000,398,1083,3395,7383,25006,29114,29063,30000,28917,26605,-1964,0
180000,2,4,1,-1,-1,-2,-2,-2,-2,4184,0,0,0,0,0,0,0,0,0,0,0,175816,180000,180000,180000,180000,180000,4184,0
150000,1,4,1,-2,-2,-2,-2,-2,-1,0,5067,131,987,0,14001,5067,131,987,400,14001,0,150000,144933,149869,149013,150000,135999,-400,1
390000,1,4,1,-1,-1,-1,-1,-1,-1,89953,107947,60313,55769,65835,72177,25000,35127,20000,12000,7500,15000,300047,282053,329687,334231,324165,317823,337367,0
30000,2,2,2,-1,-1,-1,-1,-1,-1,16207,16735,18253,19646,21238,23843,4000,5000,5000,5000,5000,5006,13793,13265,11747,10354,8762,6157,86916,0
10000,2,4,2,-1,-1,-1,-1,-1,-1,77,7417,8459,9493,9678,9634,7417,1166,1200,300,1000,500,9923,2583,1541,507,322,366,33175,1
270000,2,4,2,-1,-1,-1,-1,-1,-1,59710,49986,104390,94856,86461,83650,1808,69563,2891,2689,3012,2771,210290,220014,165610,175144,183539,186350,396319,0
20000,2,2,2,3,2,2,7,7,7,2400,2400,2400,2400,2400,2400,0,0,0,0,0,0,17600,17600,17600,17600,17600,17600,14400,1
50000,2,2,2,-1,-1,-1,2,2,2,45974,47504,45206,35892,22989,22483,2374,4656,25,2869,0,814,4026,2496,4794,14108,27011,27517,209310,0
60000,1,4,2,1,2,-1,-1,-1,-1,11776,11295,12799,14272,15225,16320,0,2000,2000,1500,1500,1500,48224,48705,47201,45728,44775,43680,73187,0
50000,3,2,2,2,2,2,2,2,2,28289,32783,33714,32250,34245,19719,5000,3000,0,5000,0,3000,21711,17217,16286,17750,15755,30281,165000,1
20000,3,4,3,-1,-1,-1,-1,-1,-1,19088,13828,9290,6636,2941,642,1248,1200,1156,1000,700,4600,912,6172,10710,13364,17059,19358,42521,0
80000,3,2,2,1,2,2,2,2,2,68423,70002,71389,73788,74463,72834,3300,3100,4204,2790,0,3043,11577,9998,8611,6212,5537,7166,414462,1
50000,2,2,3,-1,-1,-1,-1,-1,-1,48433,49664,49405,47522,28711,28060,3500,2013,1863,1006,1300,2500,1567,336,595,2478,21289,21940,239613,0
140000,1,2,3,2,2,2,2,2,2,21952,27540,31785,30980,33162,32497,6300,5000,0,3000,0,3000,118048,112460,108215,109020,106838,107503,160616,1
400000,1,4,2,-1,-1,-1,-1,-1,-1,845,1423,6649,3051,1926,51669,1428,6676,3051,5,51965,5038,399155,398577,393351,396949,398074,348331,-2600,0
50000,3,2,3,-1,-1,2,-1,-1,-1,13881,11494,5847,4871,3007,2136,3483,0,1000,0,993,0,36119,38506,44153,45129,46993,47864,35760,0
80000,2,2,2,-1,-1,-1,-1,-1,-1,74652,76506,78173,79220,81351,48056,3700,3500,3000,3368,1023,1500,5348,3494,1827,780,-1351,31944,421867,0
380000,2,2,2,2,-1,-1,-1,-1,-1,225995,231382,224420,136324,137929,114249,10382,8420,46777,4929,4249,5528,154005,148618,155580,243676,242071,265751,990014,1
230000,3,2,2,-1,-1,-1,-1,-1,-1,233314,222220,210778,211132,179564,176949,8005,10002,15037,6500,16002,8002,-3314,7780,19222,18868,50436,53051,1170409,0
210000,1,4,2,-1,-1,-1,-1,-1,-1,9604,10970,1230,24531,24287,22683,5056,1230,24531,1003,479,8080,200396,199030,208770,185469,185713,187317,52926,0
100000,2,4,3,-1,-1,-1,-1,-1,-1,92393,85345,76109,77068,77868,75954,3500,3500,3300,3000,3000,3000,7607,14655,23891,22932,22132,24046,465437,0
210000,2,2,3,-1,-1,-1,-1,-1,-1,124146,127341,92812,89878,80812,139202,6000,6000,6000,5000,60000,7000,85854,82659,117188,120122,129188,70798,564191,0
140000,1,2,2,-1,-1,-1,-1,-1,-1,92924,88331,83421,79088,73360,67700,4691,4251,4500,3000,2500,2300,47076,51669,56579,60912,66640,72300,463582,0
150000,2,2,3,-2,-2,-2,-2,-2,-2,0,0,0,0,0,0,0,0,0,0,0,0,150000,150000,150000,150000,150000,150000,0,0
40000,4,2,3,-1,-1,-1,-1,-1,-1,36581,37896,40262,40370,39970,39970,1926,3292,1400,0,0,0,3419,2104,-262,-370,30,30,228431,0
120000,3,4,1,1,-1,2,-1,-1,-1,0,1302,651,1302,651,651,1953,0,1302,0,651,651,120000,118698,119349,118698,119349,119349,0,1
50000,2,4,1,-1,-1,-1,-1,-1,-1,49296,39427,35674,31113,31734,32488,1614,1546,1461,1082,1210,1203,704,10573,14326,18887,18266,17512,211616,0
360000,1,4,1,-1,-1,-1,-1,-1,-1,273,3558,1489,-356,9824,2010,3558,1489,0,10560,2010,1491,359727,356442,358511,360356,350176,357990,-2310,0
80000,3,2,3,2,2,2,2,-1,-1,17511,20503,25917,19081,15200,13039,3600,6142,0,0,0,6439,62489,59497,54083,60919,64800,66961,95070,1
230000,1,4,3,-1,-1,-1,-1,-1,-1,699,699,699,999,1149,849,699,699,999,1149,849,999,229301,229301,229301,229001,228851,229151,-300,0
50000,2,2,2,-1,-1,-1,-1,-2,-2,6350,3239,4166,0,0,0,1100,1000,0,0,0,0,43650,46761,45834,50000,50000,50000,11655,1
150000,2,6,3,-1,-1,-1,-1,-1,-2,3611,5153,6158,4626,0,0,2000,1523,2000,0,0,0,146389,144847,143842,145374,150000,150000,14025,0
20000,3,2,2,-1,-1,-1,-1,-1,2,7196,6780,7399,8574,7833,6342,1120,2000,2580,600,0,1000,12804,13220,12601,11426,12167,13658,36824,0
10000,3,2,3,5,4,3,2,2,2,8678,8401,8128,7841,8579,8317,0,0,0,1000,0,1000,1322,1599,1872,2159,1421,1683,47944,1
140000,1,2,3,-1,-1,-1,-1,-1,-1,80603,80193,73318,70523,55318,50236,3000,3336,2372,1453,1536,1300,59397,59807,66682,69477,84682,89764,397194,0
150000,2,2,3,-1,-1,-2,-1,-1,-1,1650,0,0,6784,6923,14116,0,0,6784,159,167,760,148350,150000,150000,143216,143077,135884,21603,0
290000,2,4,2,-1,-1,-1,-1,2,-1,110695,108583,70642,71008,65455,63421,3260,5000,4706,0,2007,2482,179305,181417,219358,218992,224545,226579,472349,0
170000,2,2,2,-1,-1,-1,-1,-1,-1,813,2080,5425,115,505,1012,2085,5425,115,505,1012,1560,169187,167920,164575,169885,169495,168988,-752,0
420000,3,2,2,-2,-2,-2,-2,-2,-2,2476,3570,11343,5216,23001,2439,3634,11353,5255,23001,2439,0,417524,416430,408657,414784,396999,417561,2363,0
120000,2,4,2,-1,-1,-1,-1,-1,-1,508,607,611,593,653,587,700,611,593,653,587,916,119492,119393,119389,119407,119347,119413,-501,0
150000,2,2,3,-2,-2,-2,-2,-2,-2,3042,41036,16465,40215,5024,19924,41243,16548,40442,5049,20023,6035,146958,108964,133535,109785,144976,130076,-3634,0
80000,1,2,3,-1,-1,-1,-1,-1,-1,77402,78997,79821,79308,52172,50266,2900,3600,10002,1754,1765,3795,2598,1003,179,692,27828,29734,394150,0
100000,2,2,3,-1,-1,-1,-1,-1,-1,109033,97041,80993,72751,67146,68490,3641,3782,5000,5000,3000,3000,-9033,2959,19007,27249,32854,31510,472031,0
40000,3,4,3,-1,-1,-1,-1,-2,-2,72892,37781,35647,0,0,0,1971,1000,0,0,0,0,-32892,2219,4353,40000,40000,40000,143349,1
130000,3,4,3,-1,-1,-1,-1,-1,-1,131996,132177,132927,131866,130707,129174,5000,5000,4600,5000,4614,5139,-1996,-2177,-2927,-1866,-707,826,759494,0
100000,2,4,3,-1,-1,-1,-1,-1,-1,96509,97042,98054,92466,67337,67093,4500,5000,4000,5000,3000,4000,3491,2958,1946,7534,32663,32907,493001,0
300000,3,2,3,-1,-1,-1,-1,-1,-1,147289,150201,-3699,4142,1700,0,10000,0,10005,0,0,0,152711,149799,303699,295858,298300,300000,279628,0
150000,2,4,3,-1,-1,-1,-1,-1,-1,316,316,316,316,466,8057,316,316,316,466,8057,316,149684,149684,149684,149684,149534,141943,0,0
50000,2,2,2,1,2,2,2,-1,-1,27094,26365,29124,28357,28984,30012,0,3500,0,1100,1500,1100,22906,23635,20876,21643,21016,19988,162736,1
350000,1,2,2,-2,-2,-2,-2,-2,-2,6185,27821,36140,34022,26366,67650,27821,36532,34022,20000,117650,74086,343815,322179,313860,315978,323634,282350,-111927,0
170000,2,4,3,-1,-1,-1,-1,-1,-1,1638,1638,1638,3276,1638,1638,1638,1638,3276,0,1638,1638,168362,168362,168362,166724,168362,168362,1638,0
220000,2,4,2,2,2,2,2,-1,-1,182176,176797,187033,171021,167789,168417,0,14179,0,7000,10000,12000,37824,43203,32967,48979,52211,51583,1010054,1
210000,1,4,1,-1,-1,-1,-1,-1,-1,18662,6220,199,0,10024,-18,6224,199,200,10024,0,0,191338,203780,209801,210000,199976,210018,18440,0
200000,1,4,2,-1,-1,-1,-1,2,-1,89874,92567,96064,103511,100951,103364,4200,5000,9054,0,4200,4000,110126,107433,103936,96489,99049,96636,559877,0
180000,1,4,2,2,2,2,2,-1,-1,14038,16980,16915,17532,18429,20126,3500,500,1200,1500,2000,0,165962,163020,163085,162468,161571,159874,95320,1
50000,1,2,2,1,2,2,-1,-1,-1,50883,51184,50092,50332,29690,30246,2200,4,2300,1100,1400,1200,-883,-1184,-92,-332,20310,19754,254223,1
50000,2,4,2,1,2,-1,-1,-1,-1,31507,30705,33467,12870,3325,5103,0,3467,1229,3325,2000,2167,18493,19295,16533,37130,46675,44897,104789,0
180000,1,2,2,-1,-1,-1,-1,-1,-1,892,6809,18390,13999,933,933,6846,18399,13999,933,933,993,179108,173191,161610,166001,179067,179067,-147,0
500000,1,4,3,-2,-2,-2,-2,-2,-2,29996,10625,14567,0,3808,6751,10625,14573,0,3808,6751,0,470004,489375,485433,500000,496192,493249,29990,0
160000,2,4,3,1,-2,-2,-2,-2,-1,0,0,0,0,0,388,0,0,0,0,388,3099,160000,160000,160000,160000,160000,159612,-3099,0
120000,1,4,2,2,2,2,2,2,2,744,744,744,744,1188,594,444,444,444,888,0,888,119256,119256,119256,119256,118812,119406,1650,1
60000,2,2,2,-1,-1,-1,-2,-2,-1,12545,1217,0,0,0,465,1217,0,0,0,465,0,47455,58783,60000,60000,60000,59535,12545,1
220000,4,2,2,-1,-1,-1,-1,-1,-1,1849,326,12681,84674,35326,1026,326,12681,84674,35326,1026,3088,218151,219674,207319,135326,184674,218974,-1239,0
210000,2,2,2,-1,-1,-1,-1,-1,-1,13460,14765,14939,15748,16069,13780,1534,1307,1116,437,399,276,196540,195235,195061,194252,193931,196220,83692,0
480000,2,4,2,-2,-2,-1,-1,-1,-1,5619,7600,123988,177054,273429,293157,7600,123988,60000,100000,24250,12735,474381,472400,356012,302946,206571,186843,552274,0
140000,3,4,3,-1,-1,-1,-1,-1,-1,140832,131883,123504,126441,129345,137539,5006,4500,5000,5000,10490,5000,-832,8117,16496,13559,10655,2461,754548,0
150000,2,2,2,-1,-1,-1,-1,-1,-1,149957,152224,152208,116763,72325,73273,6000,5440,4000,3000,3000,3000,43,-2224,-2208,33237,77675,76727,692310,0
110000,3,4,3,2,2,-1,-1,-1,-1,114614,111306,112173,93675,59095,60336,0,5000,3000,2100,2500,2100,-4614,-1306,-2173,16325,50905,49664,536499,1
350000,1,2,3,-1,-1,-1,-1,-1,-1,15407,17826,23489,29037,36213,38163,3000,6000,6000,8027,8000,8000,334593,332174,326511,320963,313787,311837,121108,0
150000,2,4,3,-1,-1,-1,-1,-1,-1,111024,111486,12596,13610,14381,15147,2720,1500,1229,1000,1000,1000,38976,38514,137404,136390,135619,134853,269795,0
420000,1,2,2,-1,-1,-1,-1,-1,-1,298753,304964,312224,315822,275393,278745,13000,14000,11230,10000,8091,6965,121247,115036,107776,104178,144607,141255,1722615,1
80000,1,2,3,-1,-1,-1,-1,-2,-2,11987,13007,3537,0,0,0,1325,1000,0,0,0,0,68013,66993,76463,80000,80000,80000,26206,0
180000,1,2,3,-1,-1,-1,-1,-1,-1,138701,140009,143053,145695,143705,133883,5100,5297,5128,4869,4960,5177,41299,39991,36947,34305,36295,46117,814515,0
290000,2,2,2,1,-2,-2,-2,-2,-2,-70,9540,390,3184,390,390,10000,800,3184,390,390,6617,290070,280460,289610,286816,289610,289610,-7557,0
300000,1,2,2,-1,-1,-1,-1,-2,-1,4476,2521,3529,-5364,-8943,4057,3017,4506,0,0,14000,12000,295524,297479,296471,305364,308943,295943,-33247,0
80000,2,2,3,-1,-1,-1,2,-1,-1,78480,77063,76720,74651,57109,46703,3100,6300,0,1743,1588,1628,1520,2937,3280,5349,22891,33297,396367,1
230000,2,2,2,-2,-2,-2,-2,-2,-2,0,0,1052,0,1931,0,0,1052,0,1931,0,3915,230000,230000,228948,230000,228069,230000,-3915,0
20000,2,2,3,1,2,-1,-1,-1,-1,17188,16619,17341,18352,18716,19109,0,1294,1305,669,694,697,2812,3381,2659,1648,1284,891,102666,0
20000,2,4,2,1,-2,-2,-2,-2,-2,0,0,0,0,0,0,0,0,0,0,0,0,20000,20000,20000,20000,20000,20000,0,1
200000,1,2,3,-2,-2,-2,-2,-2,-2,-50,-50,-50,-50,-50,-50,0,0,0,0,0,2877,200050,200050,200050,200050,200050,200050,-3177,0
500000,1,4,2,-1,-1,-1,-1,-1,-1,33214,18521,22802,22518,25733,19715,18694,22948,22571,14067,7598,4042,466786,481479,477198,477482,474267,480285,52583,0
10000,3,2,3,-1,-1,-1,-1,-1,-1,9807,9976,7538,9322,9567,9766,2114,1131,2155,1400,1354,428,193,24,2462,678,433,234,47394,0
100000,3,2,3,-1,-1,-1,-1,-1,-1,58543,54902,54590,53037,54100,53889,2004,1966,1884,1903,1940,2000,41457,45098,45410,46963,45900,46111,317364,0
250000,2,2,1,-2,-2,-2,-2,-2,-2,0,0,0,0,4501,282,0,0,0,4501,282,10351,250000,250000,250000,250000,245499,249718,-10351,0
540000,3,4,2,1,-2,-2,-2,-2,-2,736,736,736,736,0,-736,736,736,736,0,0,2965,539264,539264,539264,539264,540000,540736,-2965,0
50000,2,2,2,-1,-1,-1,-1,-1,-1,37503,33505,25626,26444,19422,19438,1399,1480,1298,677,700,1000,12497,16495,24374,23556,30578,30562,155384,0
550000,1,4,3,-1,-1,-1,-1,-1,-1,27093,30805,7451,16111,22819,80846,30820,7851,19751,29700,80987,36158,522907,519195,542549,533889,527181,469154,-20142,0
200000,3,2,3,-1,-1,-1,-1,-1,-1,2213,5283,1863,9323,1612,1619,5286,1863,9323,1612,2054,5808,197787,194717,198137,190677,198388,198381,-4033,0
50000,3,2,3,-1,-1,-1,-1,-1,-1,46363,47356,48905,49794,8820,9000,1762,2311,2200,176,180,9769,3637,2644,1095,206,41180,41000,193840,0
230000,3,2,2,1,2,-1,-1,-1,-1,232115,225086,222286,222884,220876,221496,22,9005,9037,7519,8018,8100,-2115,4914,7714,7116,9124,8504,1303042,0
330000,3,2,3,-1,-1,-1,-1,-1,-1,33369,34509,35406,34770,35468,36211,2000,1470,1374,1072,1113,2000,296631,295491,294594,295230,294532,293789,200704,0
520000,1,2,2,-2,-2,-2,-2,-2,-2,4439,3487,7491,2310,12000,0,3913,7494,2310,12000,0,0,515561,516513,512509,517690,508000,520000,4010,0
180000,1,4,3,-2,-2,-2,-2,-2,-2,16891,0,521,0,0,0,0,521,0,0,0,10622,163109,180000,179479,180000,180000,180000,6269,0
200000,3,2,2,-1,-1,-1,-1,-1,-1,167385,171476,175956,171340,177236,181978,8000,8045,8000,8000,7000,18000,32615,28524,24044,28660,22764,18022,988326,0
430000,4,4,3,-1,-1,-1,-1,-1,-1,626648,586825,547667,504474,462640,420585,20659,20421,16943,15634,14933,15131,-196648,-156825,-117667,-74474,-32640,9415,3045118,0
220000,1,2,3,3,2,2,-1,-1,-1,249449,243517,228368,224414,196229,190050,9501,0,10000,7200,7001,6900,-29449,-23517,-8368,-4414,23771,29950,1291425,0
210000,2,4,3,-2,-2,-2,-2,-2,-2,0,8333,0,0,0,0,8333,0,0,0,0,0,210000,201667,210000,210000,210000,210000,0,0
360000,2,2,3,-1,-1,-1,-1,-1,-1,71006,37066,49018,32760,31489,22316,36448,48833,32928,31646,22428,37984,288994,322934,310982,327240,328511,337684,33388,0
200000,2,2,3,-2,-2,-1,-1,-1,-1,2233,6731,1374,24836,23348,7058,6734,1374,74836,0,250,55892,197767,193269,198626,175164,176652,192942,-73506,0
150000,1,2,2,-1,-1,-1,-1,-1,-1,38298,39292,40357,41284,42105,43146,1635,1700,1600,1507,1719,2000,111702,110708,109643,108716,107895,106854,234321,0
170000,3,4,3,-1,-1,-1,-1,-1,-1,16089,5454,8846,920,380,4765,5455,8866,921,381,4801,1632,153911,164546,161154,169080,169620,165235,14398,0
50000,3,2,3,2,2,2,-1,-1,-1,47934,48950,47891,98284,19950,20007,2100,0,5400,1000,900,1000,2066,1050,2109,-48284,30050,29993,272616,0
20000,3,4,3,1,3,2,4,5,4,18038,18445,21556,22824,22192,21271,1000,3700,1900,0,0,0,1962,1555,-1556,-2824,-2192,-1271,117726,1
300000,1,4,2,-1,-1,-1,-1,-1,-1,169223,179223,199223,202486,200935,-6,10000,20000,11022,4935,6,2844,130777,120777,100777,97514,99065,300006,902277,0
200000,1,2,3,1,-2,-2,-2,-2,-2,2418,0,0,0,0,0,0,0,0,0,0,0,197582,200000,200000,200000,200000,200000,2418,0
210000,1,2,2,-1,-1,-1,-1,-1,-1,73329,74261,75602,76062,76287,76971,2700,3500,3300,3000,3000,3000,136671,135739,134398,133938,133713,133029,434012,0
100000,1,4,3,-1,-1,2,-1,-1,-1,93256,99710,97051,98342,56639,57388,8300,0,4100,3000,2500,2233,6744,290,2949,1658,43361,42612,482253,0
210000,2,2,3,-1,-1,-1,-1,-1,-1,3088,5045,8024,1292,1000,3340,5056,8042,1292,1000,3340,7941,206912,204955,201976,208708,209000,206660,-4882,0
80000,2,2,2,-1,-1,-1,-1,-1,-1,77808,77180,79147,81159,69573,70306,3000,4000,4000,5000,8000,2800,2192,2820,853,-1159,10427,9694,428373,0
130000,3,2,2,-1,-1,-1,-1,-1,-1,62518,4049,6690,-1018,89445,90179,4065,6704,21018,92610,3272,3332,67482,125951,123310,131018,40555,39821,120862,1
320000,2,4,2,-1,-1,-1,-1,-1,-1,94561,96683,78479,71121,44698,53230,6085,3632,5010,7059,30018,59518,225439,223317,241521,248879,275302,266770,327450,0
350000,4,2,3,-1,-1,-1,-1,-1,-1,355310,337523,342288,336750,341376,348730,13671,12678,13601,12136,12771,12900,-5310,12477,7712,13250,8624,1270,1984220,0
260000,1,4,1,-1,-1,-1,-1,-1,-1,78341,44155,27779,27738,27923,28143,10000,30150,2000,3000,2000,2000,181659,215845,232221,232262,232077,231857,184929,0
230000,3,4,3,-1,-1,-1,-1,-1,-1,273094,341657,344026,160377,85681,-371,135034,10806,20266,15120,343,100014,-43094,-111657,-114026,69623,144319,230371,922881,0
210000,1,2,3,-1,-1,-1,-2,-2,-2,14993,1938,0,0,0,0,1938,0,0,0,0,0,195007,208062,210000,210000,210000,210000,14993,0
160000,3,2,3,1,2,2,2,-1,-1,45057,46017,47188,46134,47063,50034,2000,2200,0,2000,3900,2000,114943,113983,112812,113866,112937,109966,269393,0
210000,1,2,2,-1,-1,-1,-1,-1,-1,187191,140417,107768,84505,81796,52453,4700,4500,3100,3016,2000,2000,22809,69583,102232,125495,128204,157547,634814,0
120000,1,4,2,1,-2,-2,-2,-1,-1,0,0,0,0,9310,0,0,0,0,9310,0,0,120000,120000,120000,120000,110690,120000,0,0
30000,1,2,2,-1,-1,-1,-1,-1,-1,27764,29276,28637,29325,30004,30506,2000,2000,1500,1100,1300,1000,2236,724,1363,675,-4,-506,166612,1
70000,2,2,2,-1,-1,-1,-1,-1,-1,38579,43891,33798,25993,26263,26812,8958,1500,2000,1000,972,982,31421,26109,36202,44007,43737,43188,179924,0
270000,2,2,2,-1,-1,-1,-1,-1,-1,177003,175642,198983,190085,177102,176033,6235,30067,8399,5623,5669,6207,92997,94358,71017,79915,92898,93967,1032648,0
350000,1,4,2,-2,-2,-2,-2,-2,-2,951,601,714,263,900,1271,605,716,263,900,1271,1218,349049,349399,349286,349737,349100,348729,-273,0
50000,2,4,3,1,3,2,3,2,2,23751,23076,25004,24315,23626,25370,0,2600,0,0,2129,0,26249,26924,24996,25685,26374,24630,140413,1
110000,2,2,3,-1,-1,-1,-1,-1,-1,108668,111162,107172,107629,106628,106903,4322,5369,4003,3806,4050,3672,1332,-1162,2828,2371,3372,3097,622940,0
150000,2,2,3,-1,-1,-1,-1,-1,-1,49716,50198,50543,50774,51074,50425,2000,1845,1772,1768,1808,1764,100284,99802,99457,99226,98926,99575,291773,0
280000,1,4,1,-2,-2,-2,-2,-2,-2,0,0,0,0,0,0,0,0,0,0,0,0,280000,280000,280000,280000,280000,280000,0,1
300000,2,2,2,-1,-1,-1,-1,-1,-1,10746,13267,11915,8813,8292,13546,7006,6416,5800,6000,8900,4000,289254,286733,288085,291187,291708,286454,28457,0
20000,2,2,2,-1,-1,-1,-1,-1,-1,18377,18353,19103,19471,19225,19106,1288,1305,1277,656,1106,602,1623,1647,897,529,775,894,107401,1
50000,2,2,2,2,-1,-1,-1,-1,-1,44105,33089,22829,13216,16100,16696,2000,2506,3000,3000,1070,5203,5895,16911,27171,36784,33900,33304,129256,0
200000,1,4,2,-2,-2,-2,-2,-2,-2,0,0,0,0,0,0,0,0,0,0,0,0,200000,200000,200000,200000,200000,200000,0,0
50000,3,2,2,1,-2,-2,-2,-1,-1,0,0,0,0,414,0,0,0,0,414,0,0,50000,50000,50000,50000,49586,50000,0,0
150000,1,2,3,-1,-1,-1,-1,-1,-1,135748,136681,140019,143237,140658,143344,5000,5000,5000,5000,5000,5000,14252,13319,9981,6763,9342,6656,809687,0
200000,2,4,2,-1,-1,-1,-2,-1,-1,13467,4345,0,0,171,1557,4366,0,0,171,1386,6,186533,195655,200000,200000,199829,198443,13611,0
100000,2,2,2,1,-2,-2,-2,-1,-1,-350,-740,-1130,-1520,780,0,0,0,0,2300,0,0,100350,100740,101130,101520,99220,100000,-5260,0
360000,1,4,2,-1,-1,-1,-1,-1,-1,5334,6849,68133,71708,58551,54678,3017,65009,6784,3041,5044,3042,354666,353151,291867,288292,301449,305322,179316,1
50000,2,2,2,-1,-1,-1,-1,-1,-1,37541,36504,26901,26021,19438,12198,1434,1555,1148,1000,422,372,12459,13496,23099,23979,30562,37802,152672,0
220000,2,2,2,-1,-1,-1,-1,-1,-1,204144,175748,172758,175030,174122,175472,6500,6300,7700,6300,6300,6150,15856,44252,47242,44970,45878,44528,1038024,0
80000,1,4,2,1,2,-1,-1,-1,-1,83367,81409,78790,80567,78047,82942,0,2873,3101,3000,6328,0,-3367,-1409,1210,-567,1953,-2942,469820,1
150000,1,2,2,-1,-1,-1,-1,-1,-1,20441,26417,1091,5933,1517,1787,6549,1096,5962,1524,1795,1525,129559,123583,148909,144067,148483,148213,38735,0
210000,1,2,2,-1,-1,-1,-1,-1,-1,326,983,1297,326,326,326,983,1297,326,326,326,326,209674,209017,208703,209674,209674,209674,0,1
70000,2,4,2,-1,-1,-1,-1,-1,-1,67655,68525,68038,55193,27099,28298,3200,2518,1525,1000,2000,2000,2345,1475,1962,14807,42901,41702,302565,0
50000,2,2,3,-1,-1,-1,-1,-1,-1,44324,43053,44016,15386,31401,16573,2000,1880,2000,1000,2000,1500,5676,6947,5984,34614,18599,33427,184373,0
80000,3,6,3,-1,-1,-2,-2,-1,-1,3408,-11,-11,-11,2429,905,0,0,0,2440,905,9213,76592,80011,80011,80011,77571,79095,-5849,0
110000,2,4,2,-2,-2,-2,-2,-2,-2,0,576,0,0,0,0,576,0,0,0,0,0,110000,109424,110000,110000,110000,110000,0,0
170000,1,4,2,-2,-2,-1,-1,-1,-2,1088,1088,5425,5223,1084,1084,1088,5425,1000,2172,1084,1189,168912,168912,164575,164777,168916,168916,3034,0
160000,3,2,3,-2,-2,-2,-2,-2,-2,-510,-520,0,-390,780,0,380,2000,0,101170,0,0,160510,160520,160000,160390,159220,160000,-104190,0
130000,3,2,3,-1,-1,-1,-1,-1,-1,25339,26342,27376,28415,28980,29738,1427,1461,1500,1037,1225,1080,104661,103658,102624,101585,101020,100262,158460,0
200000,3,2,3,-2,-2,-2,-2,-2,-2,119139,5844,3666,37005,47376,1292,5844,3694,37177,47376,1292,46626,80861,194156,196334,162995,152624,198708,72313,0
360000,2,2,3,-1,-1,-1,-1,-1,-1,29540,27930,692,41301,10889,2017,27930,692,41303,10893,2017,13894,330460,332070,359308,318699,349111,357983,15640,0
160000,2,2,3,-1,-1,-1,-1,-1,-1,25338,27601,31818,34270,35698,37122,3000,5000,3000,2000,2000,2000,134662,132399,128182,125730,124302,122878,174847,0
310000,2,2,3,-2,-2,-2,-2,-2,-2,2851,4609,2109,14109,2109,2218,7869,2109,14109,2109,2218,1809,307149,305391,307891,295891,307891,307782,-2218,0
500000,1,2,3,-1,-1,-1,-1,-1,-1,18436,2574,1390,3186,1649,2507,3001,1320,2007,1651,2517,4180,481564,497426,498610,496814,498351,497493,15066,0
430000,1,4,2,-1,-1,-1,-1,-1,-1,258212,232225,237297,240682,245337,242481,10500,10300,9000,8541,9054,8543,171788,197775,192703,189318,184663,187519,1400296,1
300000,3,4,3,1,3,2,-1,-1,-1,-2,779,390,769,772,1722,781,1,769,3,1730,0,300002,299221,299610,299231,299228,298278,1146,1
50000,1,4,3,-1,-1,-1,-1,-1,-1,3737,0,7752,596,18396,5769,0,7752,596,18396,5769,5769,46263,50000,42248,49404,31604,44231,-2032,0
300000,2,2,2,-1,-1,-1,-1,-1,-1,1250,940,11240,12137,15937,16437,940,10300,1200,4000,500,6000,298750,299060,288760,287863,284063,283563,35001,0
300000,2,4,2,-2,-2,-2,-2,-2,-2,1028,0,0,0,0,0,0,0,0,0,0,0,298972,300000,300000,300000,300000,300000,1028,1
20000,3,2,2,-1,-1,-1,-1,-1,-1,19078,19929,16912,12698,11939,12346,1509,1321,1500,500,600,1500,922,71,3088,7302,8061,7654,85972,1
400000,1,4,2,-2,-2,-2,-2,-2,-2,0,0,0,0,0,0,0,0,0,0,0,0,400000,400000,400000,400000,400000,400000,0,1
310000,2,2,3,-2,-2,-2,-2,-2,-2,0,99,0,110,0,0,99,0,110,0,0,0,310000,309901,310000,309890,310000,310000,0,0
370000,2,4,2,-1,-1,-1,-1,-1,-1,75823,63617,65585,67223,62201,64356,5000,3000,3003,3000,3500,60000,294177,306383,304415,302777,307799,305644,321302,0
230000,2,2,2,-1,-1,-1,-1,-1,-1,4390,1402,3665,929,4167,115126,1402,3665,929,4167,115126,5000,225610,228598,226335,229071,225833,114874,-610,0
300000,2,2,3,-1,-1,-1,-1,-1,-1,11704,10196,8900,7099,5437,3958,1139,1322,1000,2000,1000,1000,288296,289804,291100,292901,294563,296042,39833,0
250000,1,2,3,-1,-1,-1,-1,-1,-1,2971,1737,3989,11577,11377,500,1737,3989,11577,0,500,25841,247029,248263,246011,238423,238623,249500,-11493,0
320000,1,2,3,-1,-1,-1,-1,-1,-1,95155,97797,99672,101953,102284,104090,4400,4520,5050,3590,3700,3750,224845,222203,220328,218047,217716,215910,575941,0
310000,3,2,3,-1,-1,-1,-1,-1,-1,311401,218298,222424,220058,199376,189840,21084,20000,12000,15000,8000,15000,-1401,91702,87576,89942,110624,120160,1270313,0
500000,1,2,2,-2,-2,-1,2,2,-2,3625,0,501,501,902,544,398,501,0,544,544,0,496375,500000,499499,499499,499098,499456,4086,0
80000,3,2,2,-1,-1,-1,-1,-1,2,24941,25945,27297,27969,29857,28872,1423,1775,1447,2335,0,1050,55059,54055,52703,52031,50143,51128,156851,0
200000,3,4,3,-1,-1,-1,-1,-1,-1,69817,71272,76740,67480,68843,70266,2049,6104,1839,1862,1918,2149,130183,128728,123260,132520,131157,129734,408497,0
160000,3,2,2,-1,-1,-1,-1,-1,-1,151963,141884,143428,146289,128133,124606,5100,7100,7500,4500,5000,4800,8037,18116,16572,13711,31867,35394,802303,0
20000,2,4,3,-1,-1,-1,-1,-1,-2,20151,19419,19864,4723,0,0,2000,2013,4731,0,0,0,-151,581,136,15277,20000,20000,55413,0
20000,2,4,2,-1,-1,-1,-1,-1,-1,11635,12604,12870,12726,13336,2496,2000,1308,1000,1000,50,0,8365,7396,7130,7274,6664,17504,60309,0
30000,2,2,2,3,2,2,7,7,7,2400,2400,2400,2400,2400,2400,0,0,0,0,0,0,27600,27600,27600,27600,27600,27600,14400,1
500000,1,4,2,1,-2,-2,-1,-1,-1,943,5664,-33,6454,842,8031,5692,0,6487,842,8111,7029,499057,494336,500033,493546,499158,491969,-6260,0
180000,1,4,2,-1,-1,-1,-1,-2,-1,1650,196,2500,0,0,3650,196,2500,0,0,3650,3859,178350,179804,177500,180000,180000,176350,-2209,0
180000,3,4,2,-2,-2,-2,-2,-2,-2,2941,1436,12900,3026,2168,487,1443,12964,3041,2178,489,2638,177059,178564,167100,176974,177832,179513,205,0
450000,1,2,2,-2,-2,-2,-2,-2,-2,0,0,0,0,0,0,0,0,0,0,0,0,450000,450000,450000,450000,450000,450000,0,0
180000,2,2,2,-1,-1,-1,-1,-1,-1,70472,72518,73422,72687,68167,69746,3218,2708,3071,2500,2615,2500,109528,107482,106578,107313,111833,110254,410400,0
290000,3,2,3,-1,-1,-1,-1,-1,-1,30365,32571,36918,37063,11566,32057,32575,36982,37063,11566,32057,1501,259635,257429,253082,252937,278434,257943,28796,0
200000,2,2,2,-1,-1,-1,-1,-1,-1,4942,3554,3152,2732,1380,1380,1068,1046,1006,34,1386,1386,195058,196446,196848,197268,198620,198620,11214,0
200000,1,2,2,1,-2,-2,-2,-2,-2,0,0,0,0,0,0,0,0,0,0,0,0,200000,200000,200000,200000,200000,200000,0,0
400000,2,4,2,2,-1,-1,-1,-1,-1,61245,109943,222085,223350,213831,210563,50016,120018,10071,8037,8018,8809,338755,290057,177915,176650,186169,189437,836048,1
210000,2,4,2,-2,-2,-2,-2,-2,-2,0,0,980,0,0,0,0,980,0,0,0,238,210000,210000,209020,210000,210000,210000,-238,0
30000,3,4,3,1,2,2,2,-1,-1,30445,27794,30603,29802,30134,30410,0,3569,0,1100,1100,1127,-445,2206,-603,198,-134,-410,172292,1
340000,2,4,2,-1,-1,-1,-1,-1,-1,332319,308286,315601,318616,243586,248766,12500,13775,10631,8900,9200,9525,7681,31714,24399,21384,96414,91234,1702643,0
50000,2,2,3,-1,-1,-1,-1,-1,-1,74903,49413,50812,50261,29720,30233,2120,2500,1905,1500,1200,1200,-24903,587,-812,-261,20280,19767,274917,0
220000,3,2,3,-1,-1,-1,-1,-1,-1,215050,211239,207821,209795,144729,148139,9029,10000,9084,10042,10000,10000,4950,8761,12179,10205,75271,71861,1078618,0
100000,1,2,2,1,-2,-2,-2,-2,-2,0,0,0,0,0,0,0,0,0,0,0,150,100000,100000,100000,100000,100000,100000,-150,1
400000,3,2,3,-1,-1,-1,-1,-1,-1,30179,35550,71671,-329,65691,23657,35729,72031,0,66020,23776,32948,369821,364450,328329,400329,334309,376343,-4085,0
360000,2,4,3,-2,-2,-2,-2,-2,-2,6088,17980,4890,3008,3920,19282,17980,4897,3008,3920,19282,52087,353912,342020,355110,356992,356080,340718,-46006,0
30000,3,4,3,-1,-1,-1,-1,-1,-1,3220,390,0,5780,11611,0,390,0,5780,6611,0,0,26780,29610,30000,24220,18389,30000,8220,0
10000,3,2,2,-1,-1,-1,-1,-1,-1,7101,8131,9024,6292,2530,6727,1307,1200,1012,2530,6727,56,2899,1869,976,3708,7470,3273,26973,1
330000,1,2,2,-2,-2,-2,-2,-2,-2,726,-20,10756,0,442,0,0,10776,0,442,0,297,329274,330020,319244,330000,329558,330000,389,0
110000,2,2,3,-1,-1,2,-1,-1,-1,102726,110179,105137,105467,94294,86381,10700,0,5000,4000,4000,5000,7274,-179,4863,4533,15706,23619,575484,0
30000,2,2,3,2,-1,-1,-1,-1,-1,21003,22309,23343,24336,24475,24643,1662,1696,1689,1016,893,1100,8997,7691,6657,5664,5525,5357,132053,1
110000,2,2,2,-1,-1,-1,-1,-1,-1,95986,189688,93984,91983,90129,89925,4300,5000,4109,3100,3322,3472,14014,-79688,16016,18017,19871,20075,628392,0
150000,2,4,3,-1,-1,-1,-1,-1,-1,255207,249205,245393,29526,6990,0,6301,8000,5000,6800,0,0,-105207,-99205,-95393,120474,143010,150000,760220,0
80000,2,4,2,1,2,-1,-1,-1,-1,113740,97093,85266,85871,47367,47812,0,3448,2383,1609,2000,2000,-33740,-17093,-5266,-5871,32633,32188,465709,1
160000,1,2,3,-1,-1,-1,-1,-1,-1,24411,7944,1080,0,40100,18899,7944,1080,0,40100,18899,4180,135589,152056,158920,160000,119900,141101,20231,0
30000,2,2,2,-1,-1,-2,-2,-2,-2,3454,-2,-2,-2,708,940,0,0,0,710,1042,0,26546,30002,30002,30002,29292,29060,3344,0
200000,1,4,2,-2,-2,-2,-2,-2,-2,4510,7430,4144,57836,1810,0,7430,4144,57836,1810,0,3018,195490,192570,195856,142164,198190,200000,1492,0
150000,1,2,2,1,-1,-1,-1,-1,-1,-3,350,0,863,863,0,353,0,863,0,0,0,150003,149650,150000,149137,149137,150000,857,0
140000,2,2,2,1,-2,-2,-2,-2,-2,0,0,0,0,0,0,0,0,0,0,0,0,140000,140000,140000,140000,140000,140000,0,0
120000,1,2,2,-1,-1,-1,-1,-1,-1,21128,16121,12027,5870,2994,-175,5020,5000,1000,2994,0,0,98872,103879,107973,114130,117006,120175,43951,0
100000,3,2,3,-1,-1,-1,-1,-1,-1,390,5333,15798,390,2265,1823,5333,15798,390,2265,1823,780,99610,94667,84202,99610,97735,98177,-390,0
50000,2,2,2,-1,-1,-1,-1,-1,-1,51023,51019,50951,50818,40453,37862,2300,2210,3300,1910,1530,1600,-1023,-1019,-951,-818,9547,12138,269276,0
80000,3,2,3,-1,-1,-1,-1,-1,-1,4571,4905,9764,3829,4248,3747,4905,9764,3829,4248,3747,3569,75429,75095,70236,76171,75752,76253,1002,0
140000,3,4,3,-1,-1,-1,-1,-1,-1,85698,24993,26021,28684,29273,30900,1400,1337,3000,951,2000,21604,54302,115007,113979,111316,110727,109100,195277,0
270000,1,2,3,-1,-1,-1,-1,-1,-1,218116,207533,204532,196061,180142,185838,10041,10064,9238,6000,8044,7030,51884,62467,65468,73939,89858,84162,1141805,0
210000,3,2,2,-1,-1,-1,-1,-1,-1,1168,1511,0,1783,1000,150,1511,0,1783,1000,150,14780,208832,208489,210000,208217,209000,209850,-13612,0
230000,2,2,3,-2,-2,-2,-2,-2,-2,0,0,1611,1498,1301,309,0,1611,1498,1301,309,823,230000,230000,228389,228502,228699,229691,-823,0
30000,2,2,3,-1,-1,2,-1,-1,2,26806,30035,29274,31460,33890,31224,4000,0,3000,2900,0,1091,3194,-35,726,-1460,-3890,-1224,171698,0
260000,3,2,3,-1,-1,-1,-1,-1,-1,259346,234428,176632,129022,131447,135699,9428,6729,5022,4447,5699,5498,654,25572,83368,130978,128553,124301,1029751,1
20000,2,2,3,2,3,2,2,2,2,18162,18464,19465,19649,19978,20512,900,1600,800,950,1000,800,1838,1536,535,351,22,-512,110180,1
160000,2,2,2,-2,-2,-2,-2,-2,-2,390,390,390,390,390,584,390,390,390,390,584,91,159610,159610,159610,159610,159610,159416,299,0
50000,2,2,3,-1,-1,-1,-1,-1,-1,46882,49737,50361,50152,28119,28238,5100,2600,2011,2000,3510,2000,3118,263,-361,-152,21881,21762,236268,0
50000,3,2,3,-1,-1,-1,-1,-1,-1,46857,48080,49705,51400,16087,16827,2000,2400,3000,16087,1000,800,3143,1920,295,-1400,33913,33173,203669,0
160000,1,2,2,-1,-1,-1,-1,-1,-1,316,873,1392,0,696,696,873,1392,0,696,696,696,159684,159127,158608,160000,159304,159304,-380,1
140000,3,2,3,1,-1,-1,-1,-1,-1,-9,900,311,7867,1031,1117,909,311,7867,1031,1117,0,140009,139100,139689,132133,138969,138883,-18,0
230000,2,2,3,-1,-1,-1,-1,-1,-1,7075,7806,8392,8967,8729,10816,1279,1295,1300,468,2816,5893,222925,222194,221608,221033,221271,219184,38734,0
120000,2,2,2,1,-2,-2,-2,-2,-2,0,0,0,0,0,0,0,0,0,0,0,0,120000,120000,120000,120000,120000,120000,0,0
20000,2,2,3,-1,-1,2,2,-1,-1,9589,11627,12145,12648,13438,14222,2200,1000,1000,1000,1000,1000,10411,8373,7855,7352,6562,5778,66469,1
90000,2,2,3,-1,-1,-1,-1,-1,-1,390,390,390,390,390,390,390,390,390,390,390,390,89610,89610,89610,89610,89610,89610,0,1
130000,3,2,2,-1,-1,-1,-1,-1,-1,64517,64254,66103,61549,62389,58782,3000,3500,3000,2500,2000,2000,65483,65746,63897,68451,67611,71218,361594,0
20000,3,4,2,-2,-2,-1,-1,-1,-1,-885,-885,18354,19064,19422,4390,20,21431,2300,558,4403,0,20885,20885,1646,936,578,15610,30748,0
230000,1,4,2,-2,-2,-2,-2,-2,-2,-7,6785,0,147,0,0,6792,0,147,0,0,176,230007,223215,230000,229853,230000,230000,-190,0
430000,2,2,3,-1,-1,-1,-1,-1,-1,89756,89395,90052,90604,91200,92134,3169,3243,3200,3185,3500,3500,340244,340605,339948,339396,338800,337866,523344,0
110000,2,2,3,-1,-1,-1,-1,-1,-1,5457,6660,7590,8657,9013,9367,1300,1200,1200,500,500,1000,104543,103340,102410,101343,100987,100633,41044,0
210000,4,2,3,-1,-1,-1,-1,-1,-1,206446,202462,173236,84302,25876,140066,8139,10007,5609,2000,151139,6000,3554,7538,36764,125698,184124,69934,649494,1
260000,3,4,3,-2,-2,-2,-2,-2,-2,-5684,211466,200304,2735,316,305,217773,200304,2759,316,305,2596,265684,48534,59696,257265,259684,259695,-14611,0
280000,3,2,3,-1,-1,-1,-1,-1,-1,294995,316345,334612,262625,172344,182776,26345,24612,22625,12344,12776,11852,-14995,-36345,-54612,17375,107656,97224,1453143,0
230000,2,4,2,-2,-1,-1,-1,-1,-1,858,885,669,656,827,2360,885,669,656,827,2376,943,229142,229115,229331,229344,229173,227640,-101,0
50000,3,4,3,-1,-1,-1,-1,-1,-1,36165,15054,15414,16349,15800,14719,1600,1300,2000,600,1000,700,13835,34946,34586,33651,34200,35281,106301,0
320000,2,4,2,-1,-1,-1,-1,-1,-1,396,396,396,596,13386,396,396,396,596,13386,396,396,319604,319604,319604,319404,306614,319604,0,0
110000,2,2,3,-1,-1,-1,-1,-1,-1,104133,106135,45766,46864,50935,49538,4500,2000,2000,5000,2023,806,5867,3865,64234,63136,59065,60462,387042,1
180000,2,2,3,-1,-1,-1,-1,-1,-1,390,390,390,17475,17425,17396,390,390,17475,611,629,625,179610,179610,179610,162525,162575,162604,33346,0
180000,3,4,3,-1,-1,-1,-1,-1,-1,130979,133062,124014,125279,115315,117740,5739,4700,4316,4090,4245,5000,49021,46938,55986,54721,64685,62260,718299,0
10000,2,4,2,-1,-1,-1,-1,-1,-2,5250,1223,2264,3230,0,0,1223,1066,1032,0,0,0,4750,8777,7736,6770,10000,10000,8646,1
30000,2,2,2,1,-2,-2,-2,-2,-2,0,0,0,0,0,0,0,0,0,0,0,0,30000,30000,30000,30000,30000,30000,0,1
70000,2,4,2,2,-1,-1,-1,-1,-1,67955,58404,50036,36908,29439,19494,3007,1794,2000,967,1000,870,2045,11596,19964,33092,40561,50506,252598,1
20000,2,4,3,-1,-1,-1,-1,-1,-1,18578,19928,18677,18503,17231,15410,2000,2000,2000,1100,1586,506,1422,72,1323,1497,2769,4590,99135,0
50000,2,4,2,2,-1,-1,-1,-1,-1,39125,40169,41461,36901,18499,18244,2000,2000,2090,1000,648,2000,10875,9831,8539,13099,31501,31756,184661,1
180000,2,2,2,-1,-1,-1,-1,-1,-1,390,10426,21430,21040,2234,12485,10426,11820,21040,2234,10641,0,179610,169574,158570,158960,177766,167515,11844,0
220000,3,4,3,-1,-1,-1,-1,-1,-1,214274,214207,211733,80965,78992,77537,11000,10000,10000,6000,6000,5000,5726,5793,8267,139035,141008,142463,829708,0
180000,1,4,1,-1,-1,-1,-1,-1,-1,15991,1473,26876,53390,35292,61910,1473,26876,53390,35292,61910,23913,164009,178527,153124,126610,144708,118090,-7922,0
170000,1,4,1,-1,-1,-1,2,-1,-1,106146,115333,128440,124909,127393,130243,11021,15000,0,6059,5068,5123,63854,54667,41560,45091,42607,39757,690193,0
100000,2,4,2,-1,-1,-1,-1,-1,-1,96636,95169,97303,99339,77082,77677,3402,3663,3788,2695,2772,2903,3364,4831,2697,661,22918,22323,523983,0
280000,2,4,2,-1,-1,-1,-1,-1,-1,13182,5290,2711,4464,4069,5161,5290,2711,4476,4069,5161,8026,266818,274710,277289,275536,275931,274839,5144,0
290000,1,4,2,-1,-1,-1,-1,-1,-1,21720,1240,3682,4694,5258,1248,1240,3682,4704,5258,1248,9600,268280,288760,286318,285306,284742,288752,12110,0
30000,2,2,2,3,3,2,2,2,2,25320,24620,25522,26008,25294,26928,0,1600,1200,0,2200,0,4680,5380,4478,3992,4706,3072,148692,1
30000,2,4,2,-1,-1,-1,-1,-1,-1,28651,28716,26570,26829,26839,27449,1800,2000,1600,1000,1000,1000,1349,1284,3430,3171,3161,2551,156654,0
80000,2,2,3,-1,-1,-1,-1,-1,-1,74745,76314,77344,49168,48243,47810,2815,2345,1763,1854,1737,1774,5255,3686,2656,30832,31757,32190,361336,0
50000,2,2,3,-1,-1,-1,-1,-1,-1,48706,49704,50851,50868,12003,9679,1809,1956,2234,369,330,343,1294,296,-851,-868,37997,40321,214770,0
60000,3,2,2,2,2,2,4,3,3,6731,7777,9502,9217,9722,9291,1300,2000,0,800,0,0,53269,52223,50498,50783,50278,50709,48140,0
260000,2,2,2,-1,-1,-1,-1,-1,-1,198788,195154,191504,168983,160592,156826,6105,6345,7027,6000,5000,7000,61212,64846,68496,91017,99408,103174,1034370,0
60000,2,2,3,-1,-1,-1,-1,-1,-1,19813,20064,23213,20383,18431,18702,5000,5000,2000,1000,2000,1000,40187,39936,36787,39617,41569,41298,104606,0
80000,2,2,1,1,2,2,2,2,2,85738,80445,82639,83357,78188,79492,0,7400,3000,0,5700,3000,-5738,-445,-2639,-3357,1812,508,470759,0
360000,3,2,3,1,-2,-2,-2,-2,-2,0,0,0,0,0,0,0,0,0,0,0,0,360000,360000,360000,360000,360000,360000,0,0
180000,2,2,2,-1,-1,-1,-1,-1,-1,8531,9432,10771,11965,11903,12769,1200,1500,1431,369,1000,1000,171469,170568,169229,168035,168097,167231,58871,0
80000,2,4,2,2,-1,-1,-1,-1,-1,30911,28190,27045,22843,20578,19049,2009,1751,1500,1000,779,545,49089,51810,52955,57157,59422,60951,141032,1
70000,2,2,3,-1,-1,-1,-1,-1,-1,66301,68105,68287,28163,27220,28124,3500,3000,1500,1000,2000,2000,3699,1895,1713,41837,42780,41876,273200,0
360000,1,2,2,-1,-1,-1,-1,-1,-1,18641,7174,11044,15887,8607,8843,7174,11044,15895,8607,8843,3000,341359,352826,348956,344113,351393,351157,15633,0
300000,3,4,2,-2,-2,-2,-2,-1,-1,0,3958,0,0,6536,1400,1979,0,0,6536,1400,50000,300000,296042,300000,300000,293464,298600,-48021,0
100000,3,2,2,-1,-1,-1,2,-1,-1,87181,84668,83898,77260,68173,66682,4017,7121,94,2408,2513,2716,12819,15332,16102,22740,31827,33318,448993,0
100000,1,4,1,-1,-1,-1,-1,-1,-1,70205,64898,62715,61465,55501,57892,4000,5030,10000,5000,10000,10000,29795,35102,37285,38535,44499,42108,328646,0
120000,3,2,2,-2,-1,-1,-1,-1,-2,0,360,389,978,0,2358,360,389,978,0,2358,0,120000,119640,119611,119022,120000,117642,0,0
200000,2,2,3,-2,-1,2,-1,-1,-1,22111,32938,10902,6309,4979,2978,11257,0,6309,0,2986,0,177889,167062,189098,193691,195021,197022,59665,1
180000,1,2,2,-2,-2,-2,-2,-1,-1,8592,8468,1300,0,2000,0,8478,1300,0,2000,0,1659,171408,171532,178700,180000,178000,180000,6923,0
60000,2,4,1,-1,-1,-1,-1,-1,-1,7301,11482,39511,39654,38168,36526,11512,39511,1866,1400,2000,1300,52699,48518,20489,20346,21832,23474,115053,0
10000,2,2,1,-1,-1,-1,-1,-1,-1,6176,6512,7447,8777,8956,9731,1265,1200,1500,400,1000,273,3824,3488,2553,1223,1044,269,41961,0
230000,4,2,2,-2,-1,-1,-1,-2,-2,4793,6277,3433,11449,2433,23832,6336,3447,11449,2433,23832,742,225207,223723,226567,218551,227567,206168,3978,0
50000,2,4,1,1,2,2,2,2,2,11966,12967,13962,13440,14416,14043,1500,1500,0,1200,0,1500,38034,37033,36038,36560,35584,35957,75094,0
350000,2,4,1,-2,-2,-2,-2,-2,-2,3738,7555,36553,8997,13074,5107,7555,36698,9124,13074,5107,18830,346262,342445,313447,341003,336926,344893,-15364,0
200000,3,2,1,-2,-2,-2,-2,-2,-2,86,7024,1466,1466,479,2448,7066,1473,1473,486,3442,12,199914,192976,198534,198534,199521,197552,-983,1
150000,3,4,1,-2,-2,-2,-2,-2,-2,1666,802,1793,0,0,0,806,1801,0,0,0,0,148334,149198,148207,150000,150000,150000,1654,0
180000,2,2,1,2,2,2,2,2,2,113331,113436,109439,111108,108476,104655,5500,1308,7623,3900,11,7700,66669,66564,70561,68892,71524,75345,634403,1
30000,1,4,2,-1,-1,-1,-1,-1,-1,29009,28432,18191,9745,9545,13964,1315,1522,1200,0,6000,10655,991,1568,11809,20255,20455,16036,88194,0
70000,2,4,2,-1,-1,-1,-1,-1,-1,69494,112821,70305,71017,66218,66854,2716,2570,2720,2350,2500,2660,506,-42821,-305,-1017,3782,3146,441193,1
460000,2,4,2,-1,-1,-1,-1,-1,-1,30506,26595,16712,15635,6965,7107,1568,1714,1000,1000,142,5000,429494,433405,443288,444365,453035,452893,93096,0
110000,2,2,3,-1,-1,-1,-1,-1,-1,776,776,776,776,776,926,776,776,776,776,926,776,109224,109224,109224,109224,109224,109074,0,0
240000,1,4,2,-1,-1,-1,-1,-1,-1,31759,40286,9015,10476,20237,2011,10000,9015,2000,10000,2512,67826,208241,199714,230985,229524,219763,237989,12431,0
210000,2,2,2,-1,-1,-1,-1,-1,-1,205243,209502,203831,178410,130619,115700,7736,7100,8300,4800,4396,4200,4757,498,6169,31590,79381,94300,1006773,0
300000,3,4,2,1,-1,-1,-1,-2,-2,-27,72044,10000,0,0,0,72071,2050,0,0,0,1188,300027,227956,290000,300000,300000,300000,6708,0
170000,1,4,2,1,-1,-1,-1,-1,-1,0,5010,7912,12517,14151,12157,5010,3000,5000,3020,5000,5000,170000,164990,162088,157483,155849,157843,25717,0
420000,2,2,2,-1,-1,-1,-1,-1,-1,49256,48264,45983,41494,41065,40666,4000,2650,1043,42000,40666,48424,370744,371736,374017,378506,378935,379334,127945,0
230000,4,4,2,-1,-1,-1,-1,-1,-1,2223,2233,159,1772,28704,19474,1000,159,1778,28704,19474,650,227777,227767,229841,228228,201296,210526,2800,0
260000,1,4,2,-1,-1,-1,-1,-1,6,465,460,0,3600,2250,1650,460,0,3600,2250,0,0,259535,259540,260000,256400,257750,258350,2115,0
50000,3,2,3,-1,-1,-1,-1,-1,-1,46456,47445,48847,50065,17304,17824,1760,2162,2380,619,798,1000,3544,2555,1153,-65,32696,32176,219222,0
80000,2,4,3,-1,-1,-1,-1,-1,-1,77479,77057,78102,58501,51042,19036,3631,3177,2600,3000,1691,695,2521,2943,1898,21499,28958,60964,346423,0
200000,1,2,3,-1,-1,-1,-1,-1,-1,69288,0,1800,1795,58932,29331,0,1800,2000,60000,29331,0,130712,200000,198200,198205,141068,170669,68015,0
80000,3,2,3,-1,-1,-1,-1,-1,-1,18608,19583,19098,14269,14612,16945,2000,2000,1090,2300,4500,1050,61392,60417,60902,65731,65388,63055,90175,0
290000,2,2,2,-1,-1,-1,-1,-1,-1,8413,9852,8890,13338,10542,20076,2006,1529,5063,5000,10010,10135,281587,280148,281110,276662,279458,269924,37368,0
20000,3,6,3,-1,-1,-1,2,-1,-1,390,390,2974,2376,5262,4401,390,2974,0,5262,88,1612,19610,19610,17026,17624,14738,15599,5467,1
50000,2,2,3,-1,-1,2,-1,-1,2,565,5481,2874,759,5328,2885,5481,0,759,5328,1,2932,49435,44519,47126,49241,44672,47115,3391,0
450000,2,2,2,-1,-1,-1,-1,-1,-1,3087,2081,198,9532,3420,130,2081,198,9532,3420,130,878,446913,447919,449802,440468,446580,449870,2209,0
250000,2,2,2,1,-2,-1,-1,-1,-2,-163,-553,212,49924,-918,-1567,0,2000,51002,2,0,2000,250163,250553,249788,200076,250918,251567,-8069,0
50000,3,2,3,-1,-1,2,2,-2,-2,48747,53239,51400,0,0,0,5300,0,0,0,0,0,1253,-3239,-1400,50000,50000,50000,148086,0
280000,2,6,3,-1,-1,-1,-1,-1,-1,291952,275948,240627,228230,209987,196997,8562,7071,6574,5938,5867,7704,-11952,4052,39373,51770,70013,83003,1402025,0
20000,3,2,3,-1,-1,-1,-1,-1,-1,8777,10461,11583,13079,14546,16149,2000,1600,2000,2000,2000,2000,11223,9539,8417,6921,5454,3851,62995,0
310000,3,2,2,-2,-2,-2,-2,-2,-2,4052,6514,-3484,-3484,-3484,13833,6514,0,0,0,17317,0,305948,303486,313484,313484,313484,296167,-9884,0
250000,1,4,2,-1,-1,-1,-1,-1,-1,111204,114954,116608,120564,121477,124115,5600,5000,5900,4400,4600,5100,138796,135046,133392,129436,128523,125885,678322,0
180000,2,2,2,2,2,2,2,2,-1,172360,176867,179020,180773,128078,119632,9000,6600,7000,0,4500,4410,7640,3133,980,-773,51922,60368,925220,1
500000,3,4,2,1,-2,-1,-1,-1,-1,458863,16818,37596,62845,80212,20494,16918,37596,31802,30615,21346,10678,41137,483182,462404,437155,419788,479506,527873,0
30000,3,2,3,-1,-1,2,2,2,2,25957,28914,29754,28583,29739,28412,3400,1600,0,2220,0,1100,4043,1086,246,1417,261,1588,163039,0
250000,2,4,2,-1,-1,-1,-1,-1,-1,71012,60816,59328,57692,52811,49067,2200,3003,2800,1834,1850,3000,178988,189184,190672,192308,197189,200933,336039,0
170000,1,4,2,-1,-1,-1,-1,-1,-1,60514,33711,21660,23307,15135,3527,5011,5000,6538,4167,3527,7521,109486,136289,148340,146693,154865,166473,126090,0
100000,2,2,2,-2,-2,-2,-2,-2,-2,518,0,0,0,0,0,0,0,0,0,0,0,99482,100000,100000,100000,100000,100000,518,0
430000,2,2,3,-1,-1,-1,-1,-1,-1,38495,11935,32878,115683,84049,37210,11935,32887,115683,0,37210,29559,391505,418065,397122,314317,345951,392790,92976,0
170000,2,4,3,-1,-1,-1,-1,-1,-1,136113,137722,139384,141314,139252,139205,7000,7000,7000,5100,5300,5030,33887,32278,30616,28686,30748,30795,796560,0
210000,2,4,2,-1,-1,2,-1,-1,-1,576,3578,34,10734,30367,8193,3578,0,10700,30367,19644,4431,209424,206422,209966,199266,179633,201807,-15238,0
280000,2,4,2,-2,-2,-2,-2,-2,-2,6562,54318,4245,6969,29236,8865,54318,4281,6985,29264,8873,14394,273438,225682,275755,273031,250764,271135,-7920,0
160000,3,4,3,-2,-2,-2,-2,-2,-2,396,396,5345,396,396,6396,396,5345,396,396,6396,396,159604,159604,154655,159604,159604,153604,0,0
210000,1,2,3,-2,-2,-2,-2,-2,-2,7542,-78,15611,502,781,754,0,15689,504,784,757,2005,202458,210078,194389,209498,209219,209246,5373,0
200000,1,2,3,-1,-1,-1,-1,-1,-1,3827,8030,5020,5451,2619,5188,8030,5020,5451,2619,5188,8794,196173,191970,194980,194549,197381,194812,-4967,0
400000,1,4,2,-1,-1,-1,-1,-1,-1,634,5939,6624,8004,10390,21325,5939,2624,3004,3090,11325,3282,399366,394061,393376,391996,389610,378675,23652,0
80000,3,4,2,1,-2,-2,-2,-2,-2,0,0,0,0,0,0,0,0,0,0,0,0,80000,80000,80000,80000,80000,80000,0,0
80000,2,2,2,1,2,2,2,2,2,30997,32043,31250,34109,34802,34108,1852,0,3711,1550,0,1400,49003,47957,48750,45891,45198,45892,188796,1
30000,2,2,2,-1,-1,2,-1,-1,-1,2828,4868,3963,4514,3129,675,3963,16,4527,675,0,1015,27172,25132,26037,25486,26871,29325,9781,0
20000,3,2,2,1,2,2,2,2,-1,8562,9478,8198,9752,9447,10290,1200,0,1700,0,1000,1500,11438,10522,11802,10248,10553,9710,50327,1
300000,1,2,2,-2,-2,-1,-1,-1,-1,8756,26,19999,17139,10304,16062,26,20018,1072,206,6003,0,291244,299974,280001,282861,289696,283938,44961,0
460000,2,2,2,-1,-1,-1,-1,-1,-1,11403,14015,2978,11402,12072,7090,14029,2978,11402,12802,7090,793,448597,445985,457022,448598,447928,452910,9866,0
80000,2,4,3,-1,-1,-1,-1,-1,-1,42656,39657,30297,30633,31190,30905,1519,2000,2000,1312,3200,1200,37344,40343,49703,49367,48810,49095,194107,0
80000,3,2,2,-1,-1,-1,2,-1,-1,808,808,1672,1672,836,836,836,1700,836,0,836,390,79192,79192,78328,78328,79164,79164,2034,0
100000,3,2,3,-2,-1,2,2,-2,-1,3234,6163,3786,3789,2195,3691,6163,0,3809,0,3691,1328,96766,93837,96214,96211,97805,96309,7867,0
100000,1,2,3,2,2,2,2,2,2,31786,34629,34189,36309,36916,36192,3680,400,3000,1500,0,3100,68214,65371,65811,63691,63084,63808,198341,1
50000,2,2,2,-1,-1,-1,-1,-1,-1,46714,47404,48786,49768,27838,84810,1766,2148,2130,1200,1012,2034,3286,2596,1214,232,22162,-34810,295030,0
80000,2,2,2,1,2,2,-1,-1,-1,74328,75515,73741,75200,76959,78556,3000,0,2700,2950,3000,2600,5672,4485,6259,4800,3041,1444,440049,1
130000,2,4,2,-1,-1,-1,-1,-1,-1,81731,84383,87518,89360,90481,92858,4000,4500,4190,3500,4000,4000,48269,45617,42482,40640,39519,37142,502141,0
50000,2,2,2,2,2,2,2,-1,-1,46203,45159,49125,47956,43578,35126,0,4700,0,2004,3500,0,3797,4841,875,2044,6422,14874,256943,0
210000,2,2,3,-1,-1,-1,-1,-1,-1,88309,89755,90031,70660,71172,71844,4500,3600,3100,2900,2600,2700,121691,120245,119969,139340,138828,138156,462371,0
260000,4,4,2,-1,-1,-1,-1,-1,-1,174591,175093,176088,155624,141976,141305,10000,10000,7619,7000,8000,7000,85409,84907,83912,104376,118024,118695,915058,0
50000,2,2,2,-1,-1,-1,-1,-1,-1,45271,44751,43952,29136,19048,17946,2000,1500,1239,612,607,2593,4729,5249,6048,20864,30952,32054,191553,0
460000,2,4,2,-1,-1,-1,-1,-1,-1,8316,11672,1110,1927,5621,1703,6018,1110,1927,5649,1703,2009,451684,448328,458890,458073,454379,458297,11933,0
150000,3,2,2,-1,-1,-1,-1,-1,-1,115227,112391,98583,95810,87216,88201,10000,5000,4000,4000,3290,3200,34773,37609,51417,54190,62784,61799,567938,0
80000,3,2,2,-1,-1,2,-1,-1,-1,56195,60067,58535,59730,61236,70617,4808,0,2169,2500,10400,0,23805,19933,21465,20270,18764,9383,346503,0
80000,2,2,3,-1,-1,-1,-1,-2,-2,46911,31748,16000,0,0,0,1748,1000,0,0,0,0,33089,48252,64000,80000,80000,80000,91911,0
180000,3,2,3,-1,2,-1,-1,-1,-1,10456,7326,8469,6591,5244,2174,357,8510,5244,2174,0,3371,169544,172674,171531,173409,174756,177826,20604,1
100000,3,2,2,1,-2,-2,-2,-1,-1,0,0,0,0,249,317,0,0,0,249,317,0,100000,100000,100000,100000,99751,99683,0,0
60000,2,2,3,-1,-1,-1,-1,-1,-1,28738,30216,23720,1569,5580,2211,4000,1010,1569,5580,2211,0,31262,29784,36280,58431,54420,57789,77664,1
50000,3,4,2,-1,-1,-1,-1,-1,-1,51037,47669,48940,50545,29523,28960,2100,2329,2943,990,1168,975,-1037,2331,1060,-545,20477,21040,246169,0
390000,1,2,3,-1,-1,-1,-1,-1,-1,310075,184647,90383,55212,29701,-1429,10021,4000,15046,20000,0,10090,79925,205353,299617,334788,360299,391429,609432,0
210000,1,2,2,-1,-1,-1,-1,-1,-1,8420,8106,4168,23067,19972,45864,3000,4521,24000,10000,30000,6432,201580,201894,205832,186933,190028,164136,31644,0
160000,2,4,2,-1,-1,-1,-1,-1,-1,163058,161485,161076,156478,122441,120574,6001,6401,6384,4600,4800,4400,-3058,-1485,-1076,3522,37559,39426,852526,0
50000,3,2,3,-1,-1,2,-1,-1,-1,28693,31854,31065,31976,29300,31151,3644,0,1766,1036,2700,0,21307,18146,18935,18024,20700,18849,174893,0
50000,2,4,2,-1,-1,-1,-1,2,2,10682,11694,12819,36424,37029,36303,1194,1319,23924,1500,0,1500,39318,38306,37181,13576,12971,13697,115514,0
160000,2,2,2,-1,-1,-1,-1,-1,-1,138594,134736,97629,100398,102606,104864,3755,3676,3637,3000,3040,2938,21406,25264,62371,59602,57394,55136,658781,0
220000,2,2,3,-2,-2,-2,-2,-2,-2,5785,4164,8553,11652,14968,7898,4183,8603,11709,15823,7937,5302,214215,215836,211447,208348,205032,212102,-537,0
80000,3,2,3,-1,-1,-1,-1,-1,-1,71604,73316,75039,76597,78712,81365,3500,3500,3400,4000,4000,3000,8396,6684,4961,3403,1288,-1365,435233,0
170000,2,2,2,-1,-1,-1,-1,-1,-2,60644,63948,62090,63000,0,0,5000,5000,4000,0,0,3300,109356,106052,107910,107000,170000,170000,232382,0
60000,3,2,2,1,2,-1,-1,2,-1,56326,54833,56105,59338,57870,57884,0,2750,4850,0,2180,2400,3674,5167,3895,662,2130,2116,330176,0
200000,1,2,2,-2,-2,-2,-2,-2,-2,588,608,4695,2008,164,3383,608,4695,2008,164,3383,4331,199412,199392,195305,197992,199836,196617,-3743,0
320000,1,4,3,-2,-2,-2,-2,-2,-2,2197,1376,3342,11970,9700,38473,1376,3343,11973,9700,38473,29757,317803,318624,316658,308030,310300,281527,-27564,0
160000,1,2,3,1,-2,-2,-2,-2,-2,0,0,0,0,0,0,0,0,0,0,0,0,160000,160000,160000,160000,160000,160000,0,0
20000,2,2,3,-1,-1,-1,-1,-1,-1,9779,9368,4494,5405,1000,3383,1063,1089,1000,3899,3383,0,10221,10632,15506,14595,19000,16617,22995,0
80000,1,4,1,-1,-1,2,-1,-1,-1,988,12922,12261,2393,407,2888,12961,0,2403,407,3176,7336,79012,67078,67739,77607,79593,77112,5576,1
210000,2,4,1,-1,-1,-1,-1,-1,-1,103591,104103,70449,66311,26802,25029,3831,3357,2098,610,763,1131,106409,105897,139551,143689,183198,184971,384495,0
50000,1,4,1,-1,-1,-1,-1,-1,-1,4950,5924,4766,5652,5772,4392,1068,1114,1000,120,0,0,45050,44076,45234,44348,44228,45608,28154,1
500000,1,4,1,-1,-1,2,-1,-1,-1,390393,374105,467911,355531,587067,323821,26085,13566,18975,11096,35204,10121,109607,125895,32089,144469,-87067,176179,2383781,0
120000,2,4,1,1,-2,-2,-2,-2,-2,0,0,0,0,0,0,0,0,0,0,0,0,120000,120000,120000,120000,120000,120000,0,0
20000,2,4,1,1,2,-1,-1,-1,-1,20583,19942,16614,15941,13205,6009,0,1358,1065,327,187,325,-583,58,3386,4059,6795,13991,89032,0
250000,1,4,1,-1,-1,-1,-1,-1,-1,116861,109714,101494,92258,71472,77800,5000,5000,3000,3000,11500,10000,133139,140286,148506,157742,178528,172200,532099,0
80000,3,2,2,-1,-1,-1,-1,-1,-1,3500,9295,2500,3045,1451,6541,9295,2500,3045,1456,6541,0,76500,70705,77500,76955,78549,73459,3495,0
240000,2,4,1,-2,-2,-2,-2,-2,-2,1154,1154,0,1954,0,0,1154,0,1954,0,0,0,238846,238846,240000,238046,240000,240000,1154,0
150000,2,4,1,-1,-1,-1,-1,-1,-1,22943,18989,19961,16549,14227,15380,1335,1307,1178,1500,1500,1000,127057,131011,130039,133451,135773,134620,100229,0
340000,2,4,1,-1,-1,-1,-1,-1,-1,43733,16584,16498,100928,26083,20214,16787,16514,100940,20229,25,8,296267,323416,323502,239072,313917,319786,69537,0
80000,1,2,1,-1,-1,-1,-1,-1,-1,73606,81876,71029,67915,69190,53606,10200,4000,10000,11700,53606,5000,6394,-1876,8971,12085,10810,26394,322716,0
130000,3,4,1,-1,-1,-1,-1,-1,-1,12939,10000,2277,1132,1289,0,1000,2277,1132,1289,0,2080,117061,120000,127723,128868,128711,130000,19859,0
100000,2,4,1,-1,-1,-1,-1,-1,-1,87133,79469,75452,69257,62005,60882,3400,3350,3000,2400,2500,2382,12867,20531,24548,30743,37995,39118,417166,0
230000,1,4,1,-1,-1,-1,-1,-1,-1,12394,12105,2439,5185,9893,11567,2102,3000,6000,5000,2000,2000,217606,217895,227561,224815,220107,218433,33481,0
160000,1,4,2,1,-2,-2,-2,-2,-2,0,0,0,0,0,0,0,0,0,0,0,0,160000,160000,160000,160000,160000,160000,0,0
220000,2,4,1,2,-1,-1,-1,-1,-1,28992,36106,33494,29518,29569,28587,8000,3000,3000,6000,5000,1136,191008,183894,186506,190482,190431,191413,160130,0
80000,1,4,1,-1,-1,-1,-1,-1,2,14227,15185,16236,16960,17777,18042,1500,1600,1300,1100,700,700,65773,64815,63764,63040,62223,61958,91527,1
420000,2,2,1,-1,-1,-1,-1,-1,-1,48455,34993,35340,54763,59037,60290,2011,3000,20000,5000,2000,3000,371545,385007,384660,365237,360963,359710,257867,0
130000,2,4,2,-2,-2,-2,-2,-2,-2,11175,14181,70042,20739,7469,5963,14181,70505,20749,7469,5997,1978,118825,115819,59958,109261,122531,124037,8690,0
80000,1,4,2,-1,-1,-1,-1,-1,-1,40478,38533,22243,8524,819,-181,5225,5091,3528,0,0,6740,39522,41467,57757,71476,79181,80181,89832,0
210000,1,4,2,-1,-1,-1,-1,-1,-1,77830,68850,42884,23547,18574,12466,2555,2027,1045,1000,500,10000,132170,141150,167116,186453,191426,197534,227024,0
220000,1,4,2,-1,-1,-1,-1,-1,-1,124281,84575,93180,99097,106391,97337,10000,10000,8000,10000,10000,12097,95719,135425,126820,120903,113609,122663,544764,0
170000,2,4,2,-1,-1,-1,2,-1,-1,132283,121009,136552,132655,134140,115892,6000,19078,0,5000,5000,4500,37717,48991,33448,37345,35860,54108,732953,1
50000,1,4,2,1,2,2,2,2,2,41934,43041,44048,44824,46469,47579,2100,2000,1800,2700,2000,1700,8066,6959,5952,5176,3531,2421,255595,0
80000,2,4,2,-2,-2,-2,-2,-2,-2,4771,4771,538,15664,150,1150,4771,538,15664,150,1150,791,75229,75229,79462,64336,79850,78850,3980,0
300000,1,4,2,-1,-1,-1,-1,-1,-1,58719,60142,61577,62169,63374,59865,3000,3000,2300,2203,1858,1815,241281,239858,238423,237831,236626,240135,351670,0
140000,2,2,2,1,-1,-1,-1,-1,-1,0,7933,7283,8577,9452,11153,7933,2000,2000,1000,2000,1000,140000,132067,132717,131423,130548,128847,28465,0
290000,2,4,2,-1,-1,-1,-1,-1,-1,242422,221004,211610,214300,213834,217758,7757,7697,7657,7771,7870,7889,47578,68996,78390,75700,76166,72242,1274287,0
80000,1,4,2,-2,-2,-2,-2,-1,-1,0,747,0,0,3937,2359,747,0,0,3937,0,0,80000,79253,80000,80000,76063,77641,2359,0
500000,1,2,2,-1,-1,-1,-1,-1,-1,3994,7222,33823,130689,77736,151,8022,34000,100028,0,151,2682,496006,492778,466177,369311,422264,499849,108732,0
40000,3,2,3,1,2,2,-1,-1,-1,35544,36664,35800,36839,35967,36586,2000,0,2000,2000,3000,0,4456,3336,4200,3161,4033,3414,208400,1
50000,2,2,3,-1,-1,-1,-1,-1,-1,39944,41180,41870,8469,8411,8361,2124,2037,1130,295,302,296,10056,8820,8130,41531,41589,41639,142051,0
260000,2,2,2,-2,-2,-2,-2,-2,-2,0,0,0,167,-810,-810,0,0,167,810,0,3310,260000,260000,260000,259833,260810,260810,-5740,0
80000,3,2,3,-1,-1,-1,-1,-1,-1,19989,11904,10787,6226,1936,37201,1228,1156,1200,8,37201,591,60011,68096,69213,73774,78064,42799,46659,0
280000,1,2,2,-1,-1,-2,-2,-2,-2,7147,2500,0,0,0,0,2500,0,0,0,0,0,272853,277500,280000,280000,280000,280000,7147,0
270000,1,2,2,-2,-2,-2,-2,-2,-2,264,217,253,189,-75,525,217,300,200,0,600,200,269736,269783,269747,269811,270075,269475,-144,0
80000,3,2,3,-1,-1,-1,-1,-1,-1,33058,1945,2587,2108,1921,2071,1945,2587,2108,1936,2071,0,46942,78055,77413,77892,78079,77929,33043,0
120000,2,2,2,-1,-1,-1,-1,-1,-1,119884,105631,73143,75919,77059,78820,4545,2700,4000,3000,3000,4000,116,14369,46857,44081,42941,41180,509211,0
300000,1,2,3,-1,-1,-1,-1,-1,-1,121603,125098,94769,112777,100323,87009,30000,25000,50007,10000,20000,30363,178397,174902,205231,187223,199677,212991,476209,0
120000,2,4,2,2,2,2,-1,-1,-1,38757,41302,39247,44412,23344,22892,4300,0,9076,8788,1000,2000,81243,78698,80753,75588,96656,97108,184790,0
80000,2,6,2,-1,-1,-1,-1,-1,-1,63908,55028,44654,42464,38320,40586,10051,5013,3044,5006,5012,5046,16092,24972,35346,37536,41680,39414,251788,0
50000,2,2,3,-1,-1,-1,-1,-1,-1,12106,10946,11968,12978,13236,13664,1184,1206,1216,474,642,492,37894,39054,38032,37022,36764,36336,69684,0
100000,2,2,3,-1,-1,-1,-1,-1,-1,24735,27555,29798,31028,33544,35328,3555,3000,2028,3354,2328,7300,75265,72445,70202,68972,66456,64672,160423,0
180000,2,2,3,-2,-2,-2,-2,-2,-2,6529,6622,6572,3179,11875,7633,6626,6583,3179,18462,7633,6007,173471,173378,173428,176821,168125,172367,-6080,0
160000,2,2,3,-1,-1,-1,-1,-1,-1,63198,36236,37847,37837,37637,0,7000,2500,1300,0,0,0,96802,123764,122153,122163,122363,160000,201955,0
350000,2,2,3,-2,-2,-2,-2,-2,-2,16173,9122,12228,19850,8800,4260,9122,12228,19850,8800,4260,17660,333827,340878,337772,330150,341200,345740,-1487,0
50000,3,2,2,-1,-1,-2,-2,-2,-2,23500,0,0,0,0,0,0,0,0,0,0,0,26500,50000,50000,50000,50000,50000,23500,0
320000,2,4,2,-2,-2,-2,-2,-2,-2,-5700,-5700,-5700,197300,-2300,227835,0,0,203000,400,310135,1000,325700,325700,325700,122700,322300,92165,-108800,0
170000,2,4,2,-1,-1,-1,-1,-1,-1,121231,124208,118111,92592,96114,99628,5000,5000,10000,5000,5000,5000,48769,45792,51889,77408,73886,70372,616884,0
50000,2,2,2,-1,-1,-1,-1,-1,2,47832,45646,32668,25738,30192,27912,3010,5004,10000,5200,0,1181,2168,4354,17332,24262,19808,22088,185593,0
360000,1,2,3,2,2,2,2,-1,-1,108399,105167,115468,112157,114690,117845,0,12000,0,5900,5000,4500,251601,254833,244532,247843,245310,242155,646326,1
70000,2,4,2,-1,-1,-1,-1,-1,-1,68028,67864,59165,29314,28844,29443,3340,2044,1773,1181,1215,1297,1972,2136,10835,40686,41156,40557,271808,1
20000,3,2,3,-1,-1,-1,-1,-1,-1,1403,6920,10785,390,6210,1040,6990,10785,390,6210,1040,9113,18597,13080,9215,19610,13790,18960,-7780,0
100000,3,2,3,-1,-1,2,-1,-1,-1,33699,32450,30160,22934,21876,22910,4500,0,1600,1000,2800,0,66301,67550,69840,77066,78124,77090,154129,0
180000,3,6,2,-1,-1,-1,-1,-1,-1,326,326,326,326,326,326,326,326,326,326,326,326,179674,179674,179674,179674,179674,179674,0,0
160000,3,2,3,-2,-2,-2,-2,-1,-1,0,1473,1863,0,112978,115357,1473,1863,0,119001,5000,4500,160000,158527,158137,160000,47022,44643,99834,0
230000,2,2,2,2,2,2,2,-1,-1,1214,964,1214,464,214,-536,500,1000,0,500,0,0,228786,229036,228786,229536,229786,230536,1534,1
20000,2,2,2,-2,-2,-2,-2,-2,-2,0,0,0,0,0,0,0,0,0,0,0,0,20000,20000,20000,20000,20000,20000,0,1
180000,2,2,2,1,2,-1,-1,-1,-1,101526,101957,104317,106583,108811,111160,3000,4000,4000,4000,4100,4100,78474,78043,75683,73417,71189,68840,611154,0
180000,1,4,3,1,-2,-2,-2,-2,-2,0,0,0,0,0,0,0,0,0,0,0,0,180000,180000,180000,180000,180000,180000,0,0
20000,2,2,2,-1,-1,-1,-1,-1,-1,17625,14841,492,23150,17883,7729,1019,990,23965,371,7738,3638,2375,5159,19508,-3150,2117,12271,43999,0
150000,2,2,3,1,-1,-1,-1,-1,-1,0,970,8867,0,600,0,970,8867,0,600,0,0,150000,149030,141133,150000,149400,150000,0,0
240000,1,2,3,-2,-2,-2,-2,-2,-2,0,0,0,0,0,0,0,0,0,0,0,0,240000,240000,240000,240000,240000,240000,0,1
360000,3,2,2,-2,-2,-2,-2,-2,-2,0,0,0,0,0,239,0,0,0,0,239,0,360000,360000,360000,360000,360000,359761,0,0
260000,2,2,2,-1,-1,-1,-1,-1,-1,5656,591,6574,3551,3634,2440,869,6574,3551,3700,0,1047,254344,259409,253426,256449,256366,257560,6705,0
500000,2,2,2,-2,-2,-2,-2,-2,-2,17172,34674,6229,11534,12482,18192,35454,6229,11534,12564,18192,32550,482828,465326,493771,488466,487518,481808,-16240,0
200000,2,2,3,-2,-2,-1,-1,-1,2,-60,-60,1590,8188,428,278,0,1650,8188,428,0,5500,200060,200060,198410,191812,199572,199722,-5402,0
230000,3,4,3,-1,-1,-1,-1,-2,-2,30099,20069,1000,0,0,0,1000,1000,0,0,0,62130,199901,209931,229000,230000,230000,230000,-12962,0
200000,2,4,2,-1,-1,-1,2,-1,-1,127132,126380,124413,118419,121047,123719,5058,11518,0,4600,4800,4300,72868,73620,75587,81581,78953,76281,710834,0
70000,3,2,2,-1,-1,-1,-1,-1,-1,48684,49628,53163,49953,32535,27715,1785,7320,1700,1200,1400,2,21316,20372,16837,20047,37465,42285,248271,0
160000,3,2,2,1,-1,-1,-1,-1,-1,0,17029,1283,4404,0,535,17029,1283,4404,0,535,0,160000,142971,158717,155596,160000,159465,0,0
80000,2,4,2,-1,-1,-1,-1,-1,-2,25211,14863,15816,12710,0,0,1300,1210,1000,0,0,56990,54789,65137,64184,67290,80000,80000,8100,0
100000,2,2,2,-1,-1,-1,-1,-1,-1,47423,49978,52520,54877,57484,59095,3000,3000,3000,3000,2000,3000,52577,50022,47480,45123,42516,40905,304377,0
20000,2,2,2,1,-1,-1,-2,-2,-2,0,2000,0,0,0,0,2000,0,0,0,0,0,20000,18000,20000,20000,20000,20000,0,1
110000,3,2,3,-1,-1,-1,-1,-1,-1,109461,109473,81439,81425,81039,81162,3477,2972,2853,2739,2852,2873,539,527,28561,28575,28961,28838,526233,0
100000,2,4,2,-1,-1,-1,-1,-1,-1,326,2691,326,326,652,326,2691,326,326,652,0,326,99674,97309,99674,99674,99348,99674,326,1
240000,2,2,2,-1,-1,-1,-1,-1,-1,233161,238187,243554,211924,216395,231767,8900,9500,8000,8000,19000,10000,6839,1813,-3554,28076,23605,8233,1311588,0
170000,1,2,2,1,-2,-2,-2,-2,-1,1564,0,0,0,0,1800,0,0,0,0,1800,1167,168436,170000,170000,170000,170000,168200,397,0
110000,1,4,2,2,2,2,2,2,2,91773,93892,94652,97097,98097,100361,4550,3150,4900,3500,4000,3900,18227,16108,15348,12903,11903,9639,551872,1
50000,2,4,3,-1,-1,-1,-1,-1,-1,501,1463,1276,827,105,270,1463,1276,827,105,270,573,49499,48537,48724,49173,49895,49730,-72,0
390000,2,4,3,-1,-1,-2,-2,-2,-2,10496,-23,-349,-675,-1001,-1327,0,0,0,0,0,2000,379504,390023,390349,390675,391001,391327,5121,0
40000,3,2,3,-1,-1,-1,-1,-1,-1,13033,14041,15065,16077,16396,16739,1232,1256,1268,587,607,611,26967,25959,24935,23923,23604,23261,85790,0
160000,3,2,2,-2,-2,-2,-2,-2,-2,6089,2376,0,0,0,0,2400,0,0,0,0,0,153911,157624,160000,160000,160000,160000,6065,0
20000,3,2,3,1,2,3,2,-1,-1,18548,21046,20296,10245,6635,6877,3100,3,0,700,500,3000,1452,-1046,-296,9755,13365,13123,76344,0
180000,2,4,2,1,-2,-2,-2,-2,-1,0,0,0,0,0,10970,0,0,0,0,10970,0,180000,180000,180000,180000,180000,169030,0,0
50000,2,2,3,1,2,2,2,-1,-1,23165,21974,20544,17210,15754,10860,2000,2101,0,2201,1000,0,26835,28026,29456,32790,34246,39140,102205,1
110000,2,2,2,-1,-1,-1,-1,-1,-1,20733,21738,22760,23466,24085,24584,1602,1624,1330,949,976,988,89267,88262,87240,86534,85915,85416,129897,0
20000,3,4,2,-1,-1,-1,2,-1,-1,15969,16685,19008,18710,20235,19483,1285,2608,310,1835,707,873,4031,3315,992,1290,-235,517,102472,1
40000,3,2,2,-1,-1,2,-1,-1,2,15861,18580,17994,20671,22328,21830,3000,0,3000,2000,0,2000,24139,21420,22006,19329,17672,18170,107264,0
50000,3,2,3,2,-1,-1,-1,-1,-1,46666,47606,48350,48786,49277,50151,2100,2200,2000,2000,1755,1804,3334,2394,1650,1214,723,-151,278977,1
200000,1,4,2,-1,-1,-1,-1,-1,-1,200,200,200,959,759,1317,200,200,959,0,931,0,199800,199800,199800,199041,199241,198683,1345,0
90000,2,2,2,-1,-1,-1,-1,-2,-2,19929,17671,7870,0,0,0,1500,1000,0,0,3000,40000,70071,72329,82130,90000,90000,90000,-30,0
300000,1,4,2,-2,-2,-2,-2,-2,-2,0,0,0,0,0,1280,0,0,0,0,1280,0,300000,300000,300000,300000,300000,298720,0,0
310000,2,2,2,-1,-1,-1,-1,-1,-1,294180,295875,302438,293473,297926,280967,11000,11300,10500,10100,10000,9600,15820,14125,7562,16527,12074,29033,1702359,0
330000,2,2,2,-1,-1,-1,-1,-1,-1,46348,37052,36228,37833,37694,41269,1574,1640,3000,3000,4016,2049,283652,292948,293772,292167,292306,288731,221145,0
210000,3,4,2,-1,-1,-1,-1,-1,-1,1661,5793,1181,1031,1430,1031,5793,1181,1031,1430,1031,1031,208339,204207,208819,208969,208570,208969,630,0
260000,2,4,2,-2,-2,-2,-1,-1,-1,8383,2976,11237,27500,27500,33880,2985,11247,27500,0,21380,0,251617,257024,248763,232500,232500,226120,48364,0
290000,1,4,2,-2,-2,-1,-1,-1,-1,2348,10421,566,12008,19820,17135,10421,566,12008,8012,343,2630,287652,279579,289434,277992,270180,272865,28318,0
20000,2,2,2,1,2,2,-1,-1,-1,17751,18963,18378,20000,19600,20000,1800,0,2400,0,400,1000,2249,1037,1622,0,400,0,109092,0
140000,2,2,2,-1,-1,-1,-1,-1,-1,98250,100319,102231,95852,94005,93177,4600,4523,4300,3300,3400,3600,41750,39681,37769,44148,45995,46823,560111,0
150000,2,2,2,2,2,2,2,2,2,100247,109909,112453,113318,114268,116688,12924,5800,4200,4300,4400,4700,49753,40091,37547,36682,35732,33312,630559,1
50000,3,6,3,-1,-1,-1,-1,-1,-1,390,390,390,390,1200,1869,390,390,390,1200,1869,3610,49610,49610,49610,49610,48800,48131,-3220,0
50000,2,2,2,-1,-1,-1,-1,-1,-1,7390,2157,4204,390,390,540,2157,4204,390,390,540,540,42610,47843,45796,49610,49610,49460,6850,0
270000,2,2,1,-2,-2,-2,-1,-1,-1,1459,-702,1900,7518,57765,59377,12,5011,8049,53008,5004,7000,268541,270702,268100,262482,212235,210623,49233,0
240000,2,2,1,-1,-1,-1,-1,-1,-1,175976,149257,93689,81226,71547,72794,6600,3711,3100,2500,3019,45200,64024,90743,146311,158774,168453,167206,580359,0
150000,1,4,1,-1,-1,-1,-1,-1,-1,78044,43437,45132,39180,31422,32410,2000,2500,3300,2150,1500,6200,71956,106563,104868,110820,118578,117590,251975,0
260000,2,4,3,-1,-1,-1,-1,-1,-1,120108,107696,103745,90818,92640,94338,4224,3650,5000,3640,3500,3500,139892,152304,156255,169182,167360,165662,585831,0
470000,3,2,3,-1,-1,-1,-1,-1,-1,219081,285141,408974,361703,318251,310982,70000,140000,13000,11000,20000,8000,250919,184859,61026,108297,151749,159018,1642132,0
190000,1,2,3,-1,-1,-1,-1,-1,-1,192493,193297,193400,193278,192956,193039,7200,7222,7300,7100,7380,7200,-2493,-3297,-3400,-3278,-2956,-3039,1115061,0
160000,2,4,1,-1,-1,-1,-1,-1,-1,5171,3634,4436,1978,3781,1732,3634,4436,1978,3781,1732,715,154829,156366,155564,158022,156219,158268,4456,0
320000,1,4,2,-1,-1,-1,-1,-1,-1,66604,9293,19905,15645,11388,28017,9293,19905,15452,11388,28017,19364,253396,310707,300095,304355,308612,291983,47433,0
30000,2,4,2,-1,-1,-1,-1,-1,-1,24482,25571,26294,27308,27853,28504,1800,1441,1455,1000,1100,2500,5518,4429,3706,2692,2147,1496,150716,1
150000,1,4,2,-2,-2,-2,-2,-2,-2,24393,26847,32702,33459,27800,2261,27007,32715,33475,27808,2261,169465,125607,123153,117298,116541,122200,147739,-145269,0
200000,2,4,2,-1,-1,2,2,-1,-1,189490,204278,207559,202518,164682,168224,18000,8000,0,6000,6200,7000,10510,-4278,-7559,-2518,35318,31776,1091551,1
150000,2,4,2,-1,-1,-1,-1,-1,-1,39883,34983,23772,20410,14818,7565,2068,1331,1029,353,208,20711,110117,115017,126228,129590,135182,142435,115731,0
50000,3,2,2,-1,-1,-1,-1,-1,-1,48549,49256,50338,48848,46709,47688,1813,1895,2200,1595,1653,1709,1451,744,-338,1152,3291,2312,280523,0
80000,2,4,1,-1,-1,-1,-1,-1,-1,19188,18774,12339,11312,8324,7079,1374,1235,1101,270,1000,1000,60812,61226,67661,68688,71676,72921,71036,0
50000,2,2,3,-1,-1,3,2,2,-1,9532,14023,13513,14388,13862,14149,5000,0,1400,0,659,664,40468,35977,36487,35612,36138,35851,71744,0
80000,3,2,2,2,2,2,2,-1,-1,93050,99396,100495,97982,100261,102147,8840,3560,0,3912,3832,3508,-13050,-19396,-20495,-17982,-20261,-22147,569679,1
280000,2,4,2,-1,-1,-1,-1,-1,-2,7215,28794,-5,1175,-23,-23,24143,0,1180,0,0,0,272785,251206,280005,278825,280023,280023,11810,0
160000,1,2,2,-1,-1,-1,-1,-1,-1,132932,134384,131724,131767,133195,126064,8005,15000,10000,7000,5000,8000,27068,25616,28276,28233,26805,33936,737061,0
80000,1,4,1,-1,-1,-1,-1,-1,-1,28491,26524,23224,23141,22160,21478,1710,1500,1700,1000,1000,1000,51509,53476,56776,56859,57840,58522,137108,0
160000,2,4,2,-1,-1,-1,-1,-1,-1,136053,86746,86019,87990,87186,84373,3528,3500,3500,4000,3500,3500,23947,73254,73981,72010,72814,75627,546839,0
90000,2,2,2,-1,2,-1,-1,-2,-1,3682,3472,33784,0,0,256,0,33812,0,0,256,3500,86318,86528,56216,90000,90000,89744,3626,0
360000,2,4,2,-1,-1,-1,-1,-1,-1,11646,14124,23497,13128,13485,0,5000,10000,5000,3500,0,0,348354,345876,336503,346872,346515,360000,52380,0
80000,2,2,2,-1,-1,-1,-1,-1,-1,71435,72886,74678,74080,75251,77040,2642,3000,3274,3000,3000,3100,8565,7114,5322,5920,4749,2960,427354,0
20000,3,2,2,-1,-1,-1,2,-1,-1,626,626,1252,626,626,776,626,1252,0,626,776,626,19374,19374,18748,19374,19374,19224,626,1
50000,2,2,3,-1,-1,-1,-1,-1,-1,48572,45067,46492,47368,7988,8011,2028,2453,2329,431,300,500,1428,4933,3508,2632,42012,41989,195457,0
200000,1,2,3,2,2,2,2,2,2,80468,82874,84900,85758,87003,89112,4200,4100,3000,3400,3500,0,119532,117126,115100,114242,112997,110888,491915,1
50000,3,2,3,1,2,3,2,4,3,13112,14679,15143,16892,16341,15798,2100,1000,2300,0,0,0,36888,35321,34857,33108,33659,34202,86565,1
120000,2,2,2,1,2,2,2,-1,-1,21134,20502,24832,24135,28723,31258,0,5000,0,5000,3000,0,98866,99498,95168,95865,91277,88742,137584,1
60000,2,2,2,2,2,-1,-1,-1,-1,63201,56600,54952,32094,31232,30384,1132,60994,1436,1047,1056,1053,-3201,3400,5048,27906,28768,29616,201745,1
120000,3,4,2,-1,-1,-1,-1,-1,-1,66551,67876,69903,71446,79589,81354,2429,3120,3300,10000,3200,3200,53449,52124,50097,48554,40411,38646,411470,0
80000,1,2,2,1,-2,-1,-1,-1,-1,0,0,1900,7411,1900,0,0,1900,7411,1900,0,0,80000,80000,78100,72589,78100,80000,0,0
140000,2,4,2,2,-1,-1,2,2,2,103181,107446,125702,124182,124155,137176,6000,20000,2000,3500,15000,6000,36819,32554,14298,15818,15845,2824,669342,0
300000,1,2,2,-1,-1,-1,-1,-1,-1,3890,4002,1438,5322,6814,2956,4008,1438,5328,6814,114,1740,296110,295998,298562,294678,293186,297044,4980,0
230000,2,2,2,-1,-1,-1,-1,-1,-1,8685,1079,2923,25916,4219,7903,1079,3000,25916,2219,4000,6000,221315,228921,227077,204084,225781,222097,8511,0
310000,3,4,2,1,-1,-1,-1,-1,-1,5931,118109,131107,97009,51757,50009,120000,18008,20000,12000,5000,3000,304069,191891,178893,212991,258243,259991,275914,0
330000,1,4,2,-1,-1,-1,-1,-1,-1,4054,4661,5731,5186,6522,8995,1091,2000,1222,2400,3000,2000,325946,325339,324269,324814,323478,321005,23436,0
210000,1,2,2,-1,-1,-1,-1,-1,2,67374,55004,56221,57181,61327,60227,2500,2700,2500,5100,0,3000,142626,154996,153779,152819,148673,149773,341534,0
120000,2,2,2,-1,-1,-1,-1,-1,-1,115600,113690,114609,118232,119052,119232,5521,4232,5602,4123,4330,13245,4400,6310,5391,1768,948,768,663362,0
170000,2,2,2,-1,-1,-1,-1,-1,-1,96565,62524,88390,63470,55890,51650,30580,50000,24517,14243,7852,4835,73435,107476,81610,106530,114110,118350,286462,0
50000,2,4,2,-1,-1,-1,-1,-1,-1,25254,26366,510,16121,17539,19088,2000,510,16121,2000,2000,998,24746,23634,49490,33879,32461,30912,81249,0
100000,3,2,3,2,2,-1,-1,-1,2,12724,12228,13255,13959,14921,14539,0,1529,1233,1195,0,1300,87276,87772,86745,86041,85079,85461,76369,1
140000,1,4,2,-1,-1,-1,-1,-1,-1,10174,8651,19404,19498,9771,1106,8651,19404,10000,2000,1106,3675,129826,131349,120596,120502,130229,138894,23768,0
210000,2,4,2,-1,-1,-1,-2,-2,-2,43047,9378,0,0,0,0,1000,0,0,0,0,0,166953,200622,210000,210000,210000,210000,51425,0
360000,1,4,2,-1,-1,-1,-1,-1,-1,96169,96586,98927,98750,96045,93456,4000,4223,4004,4000,3500,3400,263831,263414,261073,261250,263955,266544,556806,0
50000,2,6,2,-1,-1,-1,-1,-1,-1,50854,17429,17728,17886,18043,19134,1314,2000,1300,1000,1500,1000,-854,32571,32272,32114,31957,30866,132960,0
340000,2,4,2,-2,-2,-2,-2,-2,-2,0,2630,0,0,0,0,2630,0,0,0,0,1980,340000,337370,340000,340000,340000,340000,-1980,0
260000,1,4,2,-1,-1,-1,2,-1,-1,1050,1050,2287,1050,1050,1050,1050,2287,0,1050,1050,2174,258950,258950,257713,258950,258950,258950,-74,1
500000,3,4,2,1,2,-1,-1,-1,-1,5186,3985,3935,4861,4523,4637,0,1101,1027,117,141,72,494814,496015,496065,495139,495477,495363,24669,0
60000,2,2,3,1,2,2,-1,-1,-1,57388,58381,56363,47940,30134,31144,2522,0,3000,1083,1500,1500,2612,1619,3637,12060,29866,28856,271745,0
420000,2,2,2,-1,-1,-1,-1,-1,-1,56107,53309,-11,51555,2093,5773,53400,0,51566,2093,5773,2984,363893,366691,420011,368445,417907,414227,53010,0
30000,3,2,3,1,2,-1,-1,-1,-1,28041,23367,22843,23044,25082,25648,13,2003,2008,5000,1005,3016,1959,6633,7157,6956,4918,4352,134980,0
370000,2,2,3,-2,-2,-2,-2,-2,-2,1442,9750,0,30100,0,0,9750,0,30100,0,0,0,368558,360250,370000,339900,370000,370000,1442,0
450000,1,2,2,-2,-2,-2,-2,-2,-2,7240,1251,0,1620,0,4155,1251,0,1620,0,4155,11089,442760,448749,450000,448380,450000,445845,-3849,0
400000,1,2,2,-1,-1,-1,-1,-1,-1,1991,2920,1721,2018,446,1068,2920,2500,2018,0,1068,0,398009,397080,398279,397982,399554,398932,1658,1
400000,1,4,3,-1,-1,2,-1,-1,-1,2030,10520,6073,8591,6611,17080,10540,18,8591,0,10990,0,397970,389480,393927,391409,393389,382920,20766,1
640000,2,4,2,-1,-1,-1,-1,-1,-1,119887,123223,119211,118722,105197,93921,10000,10000,10535,15000,5000,13627,520113,516777,520789,521278,534803,546079,615999,0
210000,2,2,2,-1,-1,-1,-1,-1,-1,4991,551,33658,42551,51800,2295,551,33658,10551,10000,2295,2295,205009,209449,176342,167449,158200,207705,76496,0
30000,3,4,2,-1,-1,-1,-1,-1,-1,27873,27326,27648,27859,27084,27133,1441,1479,1406,1097,2031,0,2127,2674,2352,2141,2916,2867,157469,0
100000,1,2,2,-2,-2,-2,-2,-2,-2,16155,3514,3400,15156,13920,2099,3514,3400,15156,13920,2099,15638,83845,96486,96600,84844,86080,97901,517,0
250000,1,2,3,-1,2,-1,-1,-1,-2,22423,16296,32631,43399,2323,46895,60,32812,43932,2323,47356,5480,227577,233704,217369,206601,247677,203105,32004,0
190000,1,4,3,-1,-1,-1,-1,-1,-1,122308,124332,126944,130606,131120,133774,4445,5000,6171,4536,5150,5000,67692,65668,63056,59394,58880,56226,738782,0
20000,3,2,3,-1,-1,-1,-1,-1,-1,9540,11788,14137,16283,17108,18005,2422,2560,2426,1038,1116,1332,10460,8212,5863,3717,2892,1995,75967,0
180000,3,2,3,-1,-1,-1,-2,-2,-2,20909,24262,2079,792,1645,1645,4262,2083,792,1645,0,811,159091,155738,177921,179208,178355,178355,41739,0
200000,1,2,1,-1,-1,-1,-1,-1,-1,188,2210,2451,3043,1542,0,2215,2451,3043,1542,0,0,199812,197790,197549,196957,198458,200000,183,0
80000,1,4,1,1,-2,-1,-1,-1,-2,0,0,1612,16388,0,0,0,1612,16415,0,0,1800,80000,80000,78388,63612,80000,80000,-1827,0
120000,2,4,1,-1,-1,-1,-1,-1,-1,96686,77817,29166,7403,3095,9641,3508,2003,2772,3095,9641,2803,23314,42183,90834,112597,116905,110359,199986,0
50000,2,4,1,-1,-1,2,-1,-1,-1,30517,31866,29647,29539,31384,31924,4000,0,3000,4000,3000,4000,19483,18134,20353,20461,18616,18076,166877,0
260000,4,4,2,-2,-2,-2,-2,-2,-2,5106,280,6158,9439,5492,397,280,6160,9439,5492,397,1790,254894,259720,253842,250561,254508,259603,3314,0
180000,1,4,2,1,-1,-1,-1,-1,-1,0,3095,7843,13084,926,711,3095,5000,6022,2566,711,2419,180000,176905,172157,166916,179074,179289,5846,0
130000,2,2,2,-1,-1,-1,-1,-1,-1,1650,1650,1650,1650,1650,1650,1650,1650,1650,1650,1650,1650,128350,128350,128350,128350,128350,128350,0,1
110000,2,2,2,1,2,2,2,2,-1,68910,70382,71866,72698,70930,72439,3200,3200,2600,0,2650,3100,41090,39618,38134,37302,39070,37561,412475,0
50000,2,2,3,-1,-1,-1,-1,-1,-1,50496,47955,48751,37140,19535,19492,2007,10109,1514,1000,1000,1000,-496,2045,1249,12860,30465,30508,206739,0
500000,1,2,3,-1,-1,-1,-1,-1,-1,196606,64144,49722,67909,61613,16932,10000,10000,20025,10000,20000,18000,303394,435856,450278,432091,438387,483068,368901,0
360000,1,4,2,1,-2,-2,-2,-2,-2,0,0,0,0,0,0,0,0,0,0,0,0,360000,360000,360000,360000,360000,360000,0,0
80000,2,2,2,-1,-1,-1,-1,-1,-1,1383,5030,1964,7541,3201,5026,5030,1964,7568,0,5026,2371,78617,74970,78036,72459,76799,74974,2186,0
10000,1,4,2,2,2,2,-1,-1,-1,7486,9354,7183,7814,7814,7190,3000,0,1000,0,0,0,2514,646,2817,2186,2186,2810,42841,0
320000,1,2,2,-2,-2,-1,-1,-1,-1,5159,967,14331,16591,9433,398,967,14331,9433,0,0,3090,314841,319033,305669,303409,310567,319602,19058,0
30000,3,2,2,-1,-1,-1,-1,-1,-1,28701,26108,17595,24715,22136,22738,27078,17648,25008,509,22806,10035,1299,3892,12405,5285,7864,7262,38909,0
80000,3,2,2,-2,-2,-2,-2,-2,-2,0,0,0,0,0,0,0,0,0,0,0,0,80000,80000,80000,80000,80000,80000,0,0
160000,2,2,2,1,2,2,2,-1,-1,79727,77290,72681,66526,66893,66637,0,4500,2500,3000,3000,4000,80273,82710,87319,93474,93107,93363,412754,0
490000,1,4,2,-1,-1,-1,-1,-1,-1,19036,14474,3404,14445,7672,2295,5038,3404,14445,7672,2295,9004,470964,475526,486596,475555,482328,487705,19468,0
220000,1,2,2,1,-2,-2,-2,-2,-2,0,0,0,0,0,0,0,0,0,0,0,0,220000,220000,220000,220000,220000,220000,0,0
450000,1,2,2,-1,-1,-2,2,-1,-1,403,0,0,390,390,390,0,0,390,390,390,390,449597,450000,450000,449610,449610,449610,13,0
370000,3,2,2,-1,-1,-1,-1,-1,-1,5886,4821,6823,26501,32774,32645,8190,6000,27011,15004,10000,10000,364114,365179,363177,343499,337226,337355,33245,0
80000,3,2,2,-1,-1,2,2,2,-1,43321,47586,48525,49423,46132,47233,5000,2000,2000,0,2000,2000,36679,32414,31475,30577,33868,32767,269220,1
360000,1,2,3,2,2,-2,-2,-2,-2,2500,0,0,0,0,0,0,0,0,0,0,0,357500,360000,360000,360000,360000,360000,2500,1
60000,2,2,3,-1,-1,-1,-1,-1,-1,58899,55834,55993,56675,57550,57545,2579,2047,2024,2180,2321,2500,1101,4166,4007,3325,2450,2455,328845,0
50000,1,2,3,-1,-1,-1,-1,-1,-1,7963,1664,5408,2734,7976,0,1669,5413,2734,7976,0,7000,42037,48336,44592,47266,42024,50000,953,0
160000,2,2,3,-1,-1,-1,-2,-2,-2,347,2389,0,0,0,0,2389,0,0,0,0,0,159653,157611,160000,160000,160000,160000,347,0
260000,3,2,3,-1,-1,-1,-1,-1,-1,264549,227021,233426,230319,127897,118868,10000,12007,9170,4853,4531,3909,-4549,32979,26574,29681,132103,141132,1157610,0
220000,2,4,3,-1,-1,-1,-1,-1,-1,990,990,990,990,5538,5687,990,990,990,5538,1206,1204,219010,219010,219010,219010,214462,214313,4267,0
60000,3,2,3,2,3,3,3,2,2,44030,44509,44999,45463,45918,47863,1500,1500,1500,1500,3000,5300,15970,15491,15001,14537,14082,12137,258482,1
220000,1,2,2,1,2,2,-1,-1,-1,171784,177468,173233,176859,182393,187446,10000,0,8000,10000,8000,12000,48216,42532,46767,43141,37607,32554,1021183,0
290000,1,2,2,-1,-1,-1,-1,-1,-1,264,264,264,264,264,264,264,264,264,264,264,264,289736,289736,289736,289736,289736,289736,0,0
130000,3,4,3,-1,-1,-1,-1,-2,-2,98874,99363,101618,-32,-32,-32,5000,5000,3000,0,0,1000,31126,30637,28382,130032,130032,130032,285759,0
200000,2,2,3,-1,-1,-1,-1,-1,-1,6981,678,1287,54531,55229,56836,1000,1350,54531,2200,2500,2300,193019,199322,198713,145469,144771,143164,111661,0
200000,3,6,2,1,-1,-1,-1,-1,-1,0,35000,5000,4000,22800,5716,35000,5000,4000,22800,5716,0,200000,165000,195000,196000,177200,194284,0,0
110000,3,6,3,2,2,2,2,2,2,38639,39694,40752,41476,42090,43059,2000,2000,1700,1600,1800,1800,71361,70306,69248,68524,67910,66941,234810,1
30000,3,2,3,2,-1,-1,2,-1,-1,15667,12110,14904,14340,15131,16909,12110,3000,0,1000,2000,0,14333,17890,15096,15660,14869,13091,70951,1
30000,2,2,3,-1,-1,-1,-1,-1,-1,22943,47912,25023,25768,26410,27960,1700,1755,1500,1000,1909,1000,7057,-17912,4977,4232,3590,2040,167152,0
100000,2,2,3,-1,-1,-1,-1,-1,-1,621,0,368,0,1900,1900,0,368,0,1900,0,1145,99379,100000,99632,100000,98100,98100,1376,0
360000,2,2,3,-2,-2,-2,-2,-2,-2,0,0,0,0,0,0,0,0,0,0,0,0,360000,360000,360000,360000,360000,360000,0,0
140000,2,2,2,-1,-1,2,-1,-1,-1,84539,96604,90785,95736,95912,97070,18000,0,10000,5000,6000,6000,55461,43396,49215,44264,44088,42930,515646,0
50000,3,2,3,-1,-1,-1,-1,-1,-1,34740,9769,9899,11017,13460,15529,4000,2000,2000,3000,4000,846,15260,40231,40101,38983,36540,34471,78568,0
70000,3,2,2,-1,-1,-1,-1,-1,-1,1473,1473,390,390,1311,1933,1473,390,390,1311,1933,0,68527,68527,69610,69610,68689,68067,1473,0
60000,3,4,3,2,2,-1,-1,-1,-1,48094,43533,39252,38051,37988,38725,0,1700,1700,2000,1500,1600,11906,16467,20748,21949,22012,21275,237143,0
360000,3,4,2,1,-2,-2,-2,-2,-2,0,0,271,-1,560,0,0,271,0,561,0,0,360000,360000,359729,360001,359440,360000,-2,0
240000,1,2,3,1,-1,-1,-1,-1,-1,0,9965,4100,4100,4100,4100,9965,4100,4100,4100,4100,4732,240000,230035,235900,235900,235900,235900,-4732,0
200000,1,4,2,-2,-2,-2,-2,-2,-2,896,896,670,6220,8536,23040,900,674,6450,8579,23155,16072,199104,199104,199330,193780,191464,176960,-15572,0
100000,3,2,2,-1,-1,-1,-1,-1,-1,91518,76621,78265,82808,83869,85191,3000,4000,8000,4000,3500,3600,8482,23379,21735,17192,16131,14809,472172,0
50000,2,2,3,-1,-1,-1,-1,-1,-1,9172,10184,11204,12214,12458,12719,1172,1192,1202,446,462,464,40828,39816,38796,37786,37542,37281,63013,0
100000,2,4,3,-1,-1,-1,-1,-1,-1,98075,96813,85590,79747,70468,63235,3600,3289,2632,2449,2300,2539,1925,3187,14410,20253,29532,36765,477119,0
270000,4,4,3,-2,-2,-2,-2,-2,-2,14352,1843,9190,2072,637,238,1859,9190,2072,637,238,0,255648,268157,260810,267928,269363,269762,14336,0
50000,3,2,3,-1,-1,-1,-1,-1,-1,47945,35712,23177,8550,6373,5848,4100,1150,1200,1000,1000,1500,2055,14288,26823,41450,43627,44152,117655,0
300000,2,2,3,-1,-1,-1,-1,-1,-1,5511,1982,2263,7412,5113,4121,1982,2267,7523,5113,4121,6532,294489,298018,297737,292588,294887,295879,-1136,0
50000,2,2,3,-1,-1,-1,-1,-1,-1,31934,32711,34061,32672,32479,33431,2000,3000,3000,3000,2000,1000,18066,17289,15939,17328,17521,16569,183288,1
80000,3,2,3,-1,-1,-1,-1,-1,-1,42124,1833,2446,834,1596,855,1835,2458,834,1600,855,0,37876,78167,77554,79166,78404,79145,42106,0
200000,1,2,2,-1,-1,2,2,-1,-1,76621,82105,80662,75942,74090,72679,6808,3300,0,2720,2700,2700,123379,117895,119338,124058,125910,127321,443871,0
340000,2,4,2,5,4,4,3,2,-1,589654,581775,572677,384060,304508,247178,3000,0,0,1000,4320,287982,-249654,-241775,-232677,-44060,35492,92822,2383550,1
310000,1,2,2,-2,-2,-2,-2,-2,-2,0,0,24480,0,0,1635,0,24480,0,0,1635,3008,310000,310000,285520,310000,310000,308365,-3008,0
80000,2,4,2,-1,-1,-1,-1,-1,-1,15633,17536,17495,13198,10287,3275,2302,1774,1000,10287,3295,4122,64367,62464,62505,66802,69713,76725,54644,0
210000,1,4,2,-1,-1,-1,-1,-1,-1,1983,422,815,191,-174,472,422,815,191,0,646,1125,208017,209578,209185,209809,210174,209528,510,0
80000,1,4,2,-1,-1,-1,-1,-1,-1,70163,72984,74807,76363,78091,79829,4000,3000,2800,3000,3000,3000,9837,7016,5193,3637,1909,171,433437,0
500000,2,2,2,-1,-1,-1,-1,-1,-1,405490,417191,429469,431426,440026,449026,20000,19000,12000,9000,9000,443001,94510,82809,70531,68574,59974,50974,2060627,0
260000,2,2,2,-1,-1,-1,-1,-1,-1,9286,7926,33379,35877,21946,32150,2036,33393,6094,3530,12357,20060,250714,252074,226621,224123,238054,227850,63094,0
120000,2,2,3,-1,-1,-1,-1,-1,-1,919,8209,421,4502,6013,5094,8209,421,5000,6013,0,7600,119081,111791,119579,115498,113987,114906,-2085,0
100000,3,2,3,-1,-1,-1,-1,-1,-1,70202,70978,70814,69786,68116,62652,2548,2687,2997,2147,2369,2434,29798,29022,29186,30214,31884,37348,397366,0
60000,2,2,2,2,-1,-1,2,2,2,49825,45436,42240,38884,34488,28838,1700,2500,2600,1500,0,1500,10175,14564,17760,21116,25512,31162,229911,1
190000,1,2,2,-1,-1,-1,-1,-1,-1,6915,4923,-2,6381,6383,817,4923,0,6383,2,0,1809,183085,185077,190002,183619,183617,189183,12300,0
100000,3,2,2,2,2,2,2,2,2,93983,97002,102698,97997,103384,97266,5500,8200,0,8000,0,8600,6017,2998,-2698,2003,-3384,2734,562030,1
380000,2,2,2,-1,-1,-1,-1,-1,2,13415,14381,13277,14291,15949,15556,1204,1300,1242,1900,0,3000,366585,365619,366723,365709,364051,364444,78223,0
350000,1,4,3,1,2,2,2,2,-1,8651,8890,1772,1957,1807,11811,1871,7,1807,0,11811,5628,341349,341110,348228,348043,348193,338189,13764,1
100000,3,2,2,-1,-1,-1,-1,-1,-1,97944,99580,92297,184134,70400,0,4296,4068,2037,1408,0,0,2056,420,7703,-84134,29600,100000,532546,0
100000,1,4,2,-1,-1,-1,-1,-1,-1,100296,97239,98386,69324,53183,53559,3703,4091,3403,2001,2004,2000,-296,2761,1614,30676,46817,46441,454785,0
150000,2,2,2,-1,-1,-1,-1,-1,-1,3267,3782,316,5469,3360,2399,3782,316,5469,3360,2399,4358,146733,146218,149684,144531,146640,147601,-1091,0
150000,2,2,2,1,2,2,2,2,2,5607,6565,6334,9058,8823,7458,1200,0,2823,0,3530,0,144393,143435,143666,140942,141177,142542,36292,1
150000,1,2,2,-1,-1,-1,-1,-1,-1,109244,96560,86565,85069,508,0,3506,5000,5003,508,0,0,40756,53440,63435,64931,149492,150000,363929,0
460000,1,4,2,1,-1,-1,-1,-1,-1,-14,693,224526,227242,228126,143697,707,224850,5000,4593,23584,0,460014,459307,235474,232758,231874,316303,565536,0
100000,2,4,3,2,2,2,2,2,2,105373,107001,108350,107457,105598,105751,5700,5400,3700,4000,3600,4500,-5373,-7001,-8350,-7457,-5598,-5751,612630,1
230000,2,4,2,-1,-1,-1,-1,-1,-1,75459,76607,78868,80343,82564,74531,3000,3500,3000,3500,3000,3000,154541,153393,151132,149657,147436,155469,449372,0
10000,2,2,2,1,3,2,-1,-1,-1,3980,3771,3564,4500,5039,5275,0,0,1000,5039,375,0,6020,6229,6436,5500,4961,4725,19715,1
200000,3,2,3,-2,-2,-2,-2,-2,-2,390,390,390,390,390,390,390,390,390,390,390,540,199610,199610,199610,199610,199610,199610,-150,0
140000,2,2,2,-1,-1,-1,-1,-1,-1,141066,129173,116858,105786,93273,91207,4873,4691,4000,4000,4000,4000,-1066,10827,23142,34214,46727,48793,651799,0
370000,3,2,3,-2,-2,-2,-2,-2,-2,6370,2110,10086,804,4577,-10,2120,10136,808,4599,0,2150,363630,367890,359914,369196,365423,370010,4124,0
50000,3,2,3,-1,-1,-2,-2,-2,-2,36325,0,0,0,0,0,0,0,0,0,0,0,13675,50000,50000,50000,50000,50000,36325,0
160000,2,2,2,-1,-1,-1,-1,-1,-1,2447,206,805,666,740,539,206,886,679,740,539,0,157553,159794,159195,159334,159260,159461,2353,0
80000,3,4,3,-1,-1,-1,-1,-1,-1,80707,77532,77492,78362,50001,50035,3332,3051,2600,1877,1767,1797,-707,2468,2508,1638,29999,29965,399705,0
240000,1,4,2,-1,-1,-1,-1,-1,-1,61180,57174,73008,61310,39694,45301,23222,50192,10078,24694,28407,7458,178820,182826,166992,178690,200306,194699,193616,0
160000,3,4,2,-1,2,2,2,2,-2,18195,755,44255,43228,-772,-772,0,43500,0,0,0,3000,141805,159245,115745,116772,160772,160772,58389,0
50000,3,2,3,-1,-1,-1,-1,-1,-1,48592,38491,900,1900,2900,3000,1063,900,1000,1000,100,0,1408,11509,49100,48100,47100,47000,91720,1
180000,2,4,2,-1,-1,-1,-1,-1,-1,179307,183613,182709,149997,142612,140493,7294,6792,5490,5156,5232,6288,693,-3613,-2709,30003,37388,39507,942479,0
50000,3,2,3,-1,-1,-1,-1,2,-1,58141,58544,56850,4359,816,766,2200,3000,1218,0,1000,2934,-8141,-8544,-6850,45641,49184,49234,169124,0
500000,1,4,2,-1,-1,-1,-1,-1,-1,253767,222365,207026,203513,202853,202404,10000,10000,7000,7000,6799,7000,246233,277635,292974,296487,297147,297596,1244129,0
200000,1,2,2,-2,-2,-2,-2,-2,-2,2955,5895,15146,11575,11564,13744,5938,15682,11633,11622,13813,22699,197045,194105,184854,188425,188436,186256,-20508,0
60000,3,4,3,-1,-1,-1,-1,-1,-1,56403,57765,59198,31437,32113,33591,2300,2600,1600,1200,2000,1300,3597,2235,802,28563,27887,26409,259507,0
50000,2,4,3,1,3,2,-1,-1,-1,52308,51194,50101,49527,10147,9965,0,0,1200,400,400,400,-2308,-1194,-101,473,39853,40035,220842,0
50000,3,4,3,2,2,2,2,2,2,40985,42115,41164,43658,44644,43798,2100,0,3500,2000,0,2000,9015,7885,8836,6342,5356,6202,246764,1
210000,2,4,1,1,-2,-2,-2,-2,-2,0,0,0,0,0,0,0,0,0,0,0,0,210000,210000,210000,210000,210000,210000,0,1
60000,2,2,1,1,2,-1,-1,2,-1,10415,10099,11545,12928,12581,10787,0,1617,2000,0,270,1000,49585,49901,48455,47072,47419,49213,63468,0
140000,1,4,1,-1,-1,-1,-1,-1,-1,31,1272,1446,2880,1914,968,2000,1500,3000,1914,0,3287,139969,138728,138554,137120,138086,139032,-3190,1
260000,1,2,2,-2,-2,-2,-2,-1,-1,-124,-124,-124,1599,360,882,0,0,1723,366,882,0,260124,260124,260124,258401,259640,259118,-502,1
300000,1,2,3,-2,-2,-2,-2,-2,-2,1529,3717,4541,5620,25,25,3717,4541,5620,25,0,7140,298471,296283,295459,294380,299975,299975,-5586,0
500000,2,2,2,-2,-2,-2,-2,-2,-2,-1,229,504,24125,19611,3100,230,625,24246,19709,3117,62754,500001,499771,499496,475875,480389,496900,-63113,0
140000,1,2,2,-1,-1,-2,-2,-2,-1,2574,0,0,0,0,840,0,0,0,0,840,1380,137426,140000,140000,140000,140000,139160,1194,0
290000,3,2,3,2,2,2,-1,-1,-1,301651,329277,275075,280512,202300,207510,34905,0,10951,7238,8467,10188,-11651,-39277,14925,9488,87700,82490,1524576,1
360000,1,4,1,-1,-1,-1,-1,-1,-1,91282,85875,87400,87343,71180,64500,3967,4213,3741,2353,2471,2327,268718,274125,272600,272657,288820,295500,468508,0
20000,2,4,1,-1,-1,-1,-1,2,-1,8879,10222,10940,12825,12331,12984,1500,1188,2073,0,1000,3390,11121,9778,9060,7175,7669,7016,59030,0
190000,2,4,1,-1,-1,-1,-1,-1,-1,125739,126184,127189,122034,124837,128442,6000,6000,4000,5000,5000,7000,64261,63816,62811,67966,65163,61558,721425,0
150000,1,4,1,-1,-1,-1,-1,-1,-1,41387,40310,42652,42711,43311,48311,2000,3000,1500,1000,5000,176,108613,109690,107348,107289,106689,101689,246006,0
100000,1,4,1,2,-1,-1,-1,-1,-1,4523,7267,9967,19706,20378,22038,3000,3000,10000,1000,2000,4000,95477,92733,90033,80294,79622,77962,60879,1
310000,1,4,1,-1,-1,-1,-1,-1,-1,29906,14780,18261,41540,50803,59927,14750,5000,24000,10000,10000,30000,280094,295220,291739,268460,259197,250073,121467,0
500000,1,4,1,-1,-1,-1,-1,-1,-1,70287,73487,77282,80977,84609,88073,5000,5000,5000,5000,5000,5000,429713,426513,422718,419023,415391,411927,444715,0
120000,2,4,1,-1,-1,-1,-1,-1,-1,792,0,792,0,396,396,0,792,0,396,396,396,119208,120000,119208,120000,119604,119604,396,0
200000,2,2,1,-1,-1,-1,-1,-1,-1,135841,127109,102712,79902,59253,59826,4449,3555,3524,2300,2000,1800,64159,72891,97288,120098,140747,140174,547015,0
180000,1,4,2,-1,-1,-1,-1,-1,-2,7808,4511,3435,5345,2018,164,1198,1099,2009,2024,164,2159,172192,175489,176565,174655,177982,179836,14628,0
50000,2,4,2,-1,-1,-1,-1,-1,-1,46795,46285,43282,14713,19583,14959,2169,1966,1130,5000,1000,441,3205,3715,6718,35287,30417,35041,173911,1
210000,1,4,2,-1,-1,-1,-1,-1,-1,52514,52053,52558,52515,52108,51758,2449,3000,2500,2000,2000,2000,157486,157947,157442,157485,157892,158242,299557,0
230000,1,4,2,2,2,2,2,2,2,212400,216409,221419,224753,228022,232724,9000,10000,8500,8500,8500,32000,17600,13591,8581,5247,1978,-2724,1259227,1
200000,1,4,2,-2,-2,-2,-2,-2,-2,1028,1025,1613,2193,2698,3812,1030,1621,2213,2711,3831,2213,198972,198975,198387,197807,197302,196188,-1250,0
100000,2,4,2,-1,-1,-1,-1,-1,-1,101458,101207,101421,101111,101384,101358,3800,4000,3602,3719,3700,7800,-1458,-1207,-1421,-1111,-1384,-1358,581318,1
250000,2,4,2,-1,-1,-1,-1,-1,-1,171006,167192,46332,40974,26683,26887,5004,3330,2000,2000,2000,3000,78994,82808,203668,209026,223317,223113,461740,0
200000,2,2,2,-1,2,-1,-1,-1,-1,3850,2025,1926,3263,1580,16874,6,1931,3267,7,17894,2508,196150,197975,198074,196737,198420,183126,3905,0
50000,2,2,2,-1,-1,-2,-2,-1,-1,4468,0,0,0,3251,3484,0,0,0,3251,274,500,45532,50000,50000,50000,46749,46516,7178,0
170000,2,2,2,1,-1,2,-1,-1,-1,0,427,427,23321,23475,25218,427,0,23500,840,2121,0,170000,169573,169573,146679,146525,144782,45980,0
70000,2,2,2,-1,-1,-1,-1,-1,-1,57550,22049,17349,14654,23808,24852,3000,2000,4000,10000,2000,1400,12450,47951,52651,55346,46192,45148,137862,0
260000,1,2,2,-1,-1,-1,-1,-1,-1,50312,128072,55359,39189,49909,20782,85387,33061,5039,20154,2854,29,209688,131928,204641,220811,210091,239218,197099,0
60000,3,4,2,-1,-1,-1,-1,-1,-1,59143,58612,59017,59220,26607,29719,2100,3000,3008,6000,4000,1000,857,1388,983,780,33393,30281,273210,0
120000,2,4,2,-2,-2,-2,-2,-2,-2,140,140,4836,3780,7501,3300,140,4836,4034,7501,3300,0,119860,119860,115164,116220,112499,116700,-114,1
100000,3,4,2,-1,-1,-1,-1,-1,-1,74847,70663,63794,60651,54664,51776,3000,3000,2700,2000,2000,2000,25153,29337,36206,39349,45336,48224,361695,0
500000,1,4,2,-1,-1,-1,-1,-1,-1,161716,143382,123316,142773,107136,95915,6018,5198,46047,10039,30027,60038,338284,356618,376684,357227,392864,404085,616871,0
230000,2,2,2,2,-1,-1,-1,-1,-1,566,2329,1894,2528,1865,1496,2329,1894,2532,1865,1496,1873,229434,227671,228106,227472,228135,228504,-1311,0
330000,4,2,2,-1,-1,-1,-1,-1,-1,252755,272262,281220,121814,11383,13090,25000,15000,7000,3000,2000,90000,77245,57738,48780,208186,318617,316910,810524,0
360000,1,2,2,-2,-2,-2,-2,-2,-2,3925,5320,1016,7173,10763,4857,5352,1022,7408,10817,5044,27696,356075,354680,358984,352827,349237,355143,-24285,0
180000,2,2,3,1,-2,-2,-2,-2,-2,0,0,0,0,0,0,0,0,0,0,0,0,180000,180000,180000,180000,180000,180000,0,0
180000,3,2,2,-1,-1,-1,-1,-1,2,175200,175285,60790,50479,28739,18037,7002,1807,2000,4000,0,33000,4800,4715,119210,129521,151261,161963,460721,1
140000,2,4,2,-1,-1,-1,-1,-1,-1,84873,82471,84235,82432,81465,83160,4000,4010,3800,3200,3100,3000,55127,57529,55765,57568,58535,56840,477526,0
260000,1,2,2,1,2,2,2,-1,-1,58261,59706,60969,59400,60315,63230,3000,2800,0,2500,4000,4000,201739,200294,199031,200600,199685,196770,345581,0
220000,1,2,2,-2,-2,-2,-2,-2,-2,0,0,2337,-602,-1184,-2047,0,2337,58,0,0,3500,220000,220000,217663,220602,221184,222047,-7391,0
100000,3,2,3,-1,-1,-1,-1,-1,-1,1651,631,3611,631,631,0,631,3611,631,631,0,2113,98349,99369,96389,99369,99369,100000,-462,0
280000,1,2,2,-1,-1,-1,-1,-1,-2,1451,9152,335,2300,0,0,9152,335,2322,0,0,9436,278549,270848,279665,277700,280000,280000,-8007,0
100000,2,4,3,-1,-1,-2,-2,-1,-1,1573,-28,-28,-28,2816,2118,0,0,0,2844,2118,0,98427,100028,100028,100028,97184,97882,1461,0
290000,3,2,3,-1,-1,-1,-1,-1,-1,73612,44236,3253,766,168322,169676,2207,1000,766,168342,7000,5100,216388,245764,286747,289234,121678,120324,275450,0
360000,1,2,3,-1,-1,-1,-1,-1,-1,202783,202036,202918,202197,199002,197781,10000,10000,10000,7500,8000,8000,157217,157964,157082,157803,160998,162219,1153217,0
290000,3,2,3,-1,-1,-1,-1,-1,-1,7874,9236,10326,11000,11000,11417,1500,1400,1000,0,11417,500,282126,280764,279674,279000,279000,278583,45036,0
60000,2,2,2,-1,-1,-1,-1,-1,-1,32734,32234,32136,31204,30330,29934,1506,1881,1422,1021,1500,1056,27266,27766,27864,28796,29670,30066,180186,0
80000,1,4,3,-1,-1,2,2,3,2,41630,48893,47831,57000,55489,57450,8000,0,10000,0,3000,2500,38370,31107,32169,23000,24511,22550,284793,1
180000,2,2,3,-1,-1,-1,-1,-1,-1,132986,126825,109319,111343,91966,82280,6167,5800,5700,3600,3000,3234,47014,53175,70681,68657,88034,97720,627218,0
200000,1,4,2,-1,-1,-1,-1,-1,-1,454,2015,3603,16158,0,836,2500,3700,16200,0,836,1589,199546,197985,196397,183842,200000,199164,-1759,0
170000,1,4,3,-1,-1,-1,-1,-1,-1,2500,804,2016,3957,4956,482,804,5991,3957,5444,482,626,167500,169196,167984,166043,165044,169518,-2589,0
780000,2,4,3,-2,-2,-2,-2,-2,-2,101957,61715,38686,21482,72628,182792,62819,39558,22204,82097,184322,25695,678043,718285,741314,758518,707372,597208,62565,0
340000,1,6,3,-1,-1,-1,-1,-1,-1,139808,176743,34402,205931,265431,270237,873552,1215471,889043,621000,20000,145000,200192,163257,305598,134069,74569,69763,-2671514,0
200000,4,2,2,-2,-2,-2,-2,-2,-2,20218,25242,3930,0,0,0,25267,3930,0,0,0,0,179782,174758,196070,200000,200000,200000,20193,0
350000,1,2,3,-1,-1,-1,-1,-1,-1,291,291,291,291,291,291,291,291,291,291,291,291,349709,349709,349709,349709,349709,349709,0,0
360000,2,2,2,-1,-1,-2,-1,-1,-1,366965,-17710,-17706,301085,307035,63451,12709,1393,319494,13079,2438,2599,-6965,377710,377706,58915,52965,296549,651408,1
130000,2,2,3,-1,-1,-1,-1,-1,-1,2538,1866,1349,1609,635,849,1177,1349,1609,635,849,2893,127462,128134,128651,128391,129365,129151,334,0
310000,2,2,3,-1,-1,-1,-1,-1,-1,67423,67729,113788,106919,100656,93846,10000,56000,5000,4000,3300,5000,242577,242271,196212,203081,209344,216154,467061,0
110000,2,2,3,-1,-1,-1,-1,-1,-1,107281,109551,48942,49959,50951,52019,4560,1808,1825,1817,1882,1893,2719,449,61058,60041,59049,57981,404918,0
260000,2,2,3,1,-1,-1,-1,-1,-1,-6,1100,2527,1698,0,5062,1106,2527,1698,0,5062,0,260006,258900,257473,258302,260000,254938,-12,0
290000,1,2,3,-2,-2,-2,-2,-2,-2,7886,9636,10060,3946,7388,4482,9636,10060,3948,7388,4482,8106,282114,280364,279940,286054,282612,285518,-222,0
200000,1,2,2,-1,-1,-1,-1,-1,-1,1382,23942,18143,11770,22155,13235,23994,10112,11770,12155,3000,30075,198618,176058,181857,188230,177845,186765,-479,0
130000,2,2,3,-1,-1,-1,2,-1,-1,54137,28019,29927,24555,24873,26583,2600,3500,498,3000,3300,3000,75863,101981,100073,105445,105127,103417,172196,1
60000,1,4,1,-1,-1,-1,-1,-1,-1,38991,13115,2958,4556,19213,18825,10008,2950,4556,19938,800,900,21009,46885,57042,55444,40787,41175,58506,0
20000,2,4,2,-1,-1,-1,-1,-1,-1,21302,18842,19370,19355,17155,18660,1300,1800,1106,435,1599,1000,-1302,1158,630,645,2845,1340,107444,0
300000,2,2,2,-1,-1,-1,-1,-1,-1,3565,316,316,17597,15257,9482,316,316,17597,2000,2690,2000,296435,299684,299684,282403,284743,290518,21614,0
70000,3,2,2,-1,-1,-1,-1,-1,2,124493,125680,129498,131216,136744,133413,4800,5900,6000,9200,0,4859,-54493,-55680,-59498,-61216,-66744,-63413,750285,0
240000,2,2,2,-1,2,-1,-1,-1,-1,528,264,264,264,264,414,0,264,264,264,414,264,239472,239736,239736,239736,239736,239586,528,1
60000,1,4,1,-1,-1,-1,-1,-1,-1,5557,7587,7058,8127,4557,2992,7587,8028,8127,15,2992,7695,54443,52413,52942,51873,55443,57008,1434,0
240000,1,4,1,1,-2,-1,-1,-1,-1,0,0,1522,2141,590,176,0,1522,2141,590,176,1720,240000,240000,238478,237859,239410,239824,-1720,0
200000,3,2,1,-1,-1,-2,-2,-2,-1,161,0,0,0,0,1063,0,0,0,0,1063,1089,199839,200000,200000,200000,200000,198937,-928,0
500000,1,4,2,-1,-1,-1,-1,-1,-1,47177,55947,57052,62051,70198,72924,10000,3000,6000,10000,10000,4313,452823,444053,442948,437949,429802,427076,322036,0
140000,2,6,1,-1,-1,-1,-1,-1,-1,138901,140732,140661,100656,49783,49310,5600,5500,2650,36000,1000,620,1099,-732,-661,39344,90217,90690,568673,1
210000,2,2,1,-1,-1,-1,-1,-1,-1,42140,31938,45502,41704,40509,41305,2000,20020,1672,1600,1600,2000,167860,178062,164498,168296,169491,168695,214206,0
240000,2,2,2,-1,-1,-1,-1,-1,-1,184,0,2500,12500,749,2829,0,2500,12500,749,2829,2900,239816,240000,237500,227500,239251,237171,-2716,0
240000,1,4,2,-2,-2,-2,-2,-2,-2,0,0,2999,0,0,0,0,2999,0,0,0,0,240000,240000,237001,240000,240000,240000,0,0
160000,1,4,1,-2,2,-1,-1,-1,-1,4145,3930,5859,10299,11825,13121,0,2000,5008,3007,2000,2000,155855,156070,154141,149701,148175,146879,35164,0
50000,1,4,1,-1,-1,-1,-1,-1,-1,28889,21803,20990,16236,9759,8789,1368,1330,1160,330,314,364,21111,28197,29010,33764,40241,41211,101600,0
400000,1,4,1,-1,-1,-1,-1,-1,-1,16666,62545,98214,84142,70732,68674,62545,53704,4142,5010,66676,66660,383334,337455,301786,315858,329268,331326,142236,0
440000,2,4,1,-1,-1,-1,-1,-1,-1,23147,88848,42045,400321,229680,265404,70554,45213,400972,5456,100267,7530,416853,351152,397955,39679,210320,174596,419453,0
150000,1,2,2,-1,-1,-1,-1,-1,2,114797,117393,120002,122013,131426,134676,4500,4500,4000,11000,5000,3500,35203,32607,29998,27987,18574,15324,707807,0
100000,2,2,1,1,-2,-2,-2,-2,-1,0,0,0,0,0,4747,0,0,0,0,4747,1198,100000,100000,100000,100000,100000,95253,-1198,1
120000,1,2,2,-1,-1,-1,-1,-1,-1,497,0,1085,193,1549,1549,0,1085,193,1549,0,787,119503,120000,118915,119807,118451,118451,1259,0
50000,2,2,1,3,2,2,7,7,7,2400,2400,2400,2400,2400,2400,0,0,0,0,0,0,47600,47600,47600,47600,47600,47600,14400,0
150000,1,4,2,2,2,2,2,-1,-1,118348,120800,123379,122881,123954,131543,5900,6000,3000,4600,9800,5100,31652,29200,26621,27119,26046,18457,706505,1
360000,1,4,2,-2,-2,-2,-2,-2,-2,2500,0,0,0,0,0,0,0,0,0,0,0,357500,360000,360000,360000,360000,360000,2500,0
260000,2,2,1,-1,-1,-1,-1,-1,-1,246509,251197,243167,231463,105518,93193,7012,6310,5871,3130,2966,3230,13491,8803,16833,28537,154482,166807,1142528,0
240000,2,2,3,-1,-1,-1,-1,-1,-1,244103,240733,236553,241215,230480,234610,9102,8602,9013,8195,8202,7902,-4103,-733,3447,-1215,9520,5390,1376678,1
180000,2,6,3,-1,-1,-1,-1,-1,-1,141137,130282,109327,77752,66202,58557,5481,4399,3008,2150,2147,2120,38863,49718,70673,102248,113798,121443,563952,0
210000,2,2,3,-1,-1,-1,-1,-1,-1,2201,3571,987,2467,3319,5387,3571,987,2469,3319,5387,1607,207799,206429,209013,207533,206681,204613,592,0
70000,2,4,2,-1,-1,-1,-1,-1,-1,2226,1245,-1000,11019,11632,7864,1245,0,12019,1000,157,7851,67774,68755,71000,58981,58368,62136,10714,0
500000,1,4,2,-1,-1,-1,-1,-1,-1,3994,11230,10925,11795,14384,15806,11160,1244,1114,2703,3435,402,496006,488770,489075,488205,485616,484194,48076,0
500000,2,4,3,-1,-1,-1,-1,-1,-1,30252,47506,28171,26498,45212,35223,38009,28005,22000,33000,22000,10000,469748,452494,471829,473502,454788,464777,59848,0
180000,1,4,1,-1,-1,-1,-1,-1,-1,51085,48531,55352,63055,75046,65184,5014,10000,10000,15057,10010,10036,128915,131469,124648,116945,104954,114816,298136,0
120000,2,2,2,-1,-1,-1,-1,-1,-1,45716,44610,45428,34401,34360,35523,2000,1732,2041,1000,1500,1000,74284,75390,74572,85599,85640,84477,230765,0
200000,2,2,2,-1,-1,-1,-1,-1,-1,15126,14633,14918,16992,8967,8494,3000,2000,5000,2000,1000,2000,184874,185367,185082,183008,191033,191506,64130,0
140000,2,2,2,-1,-1,-1,-2,-1,-1,89226,90212,-1037,-1037,66441,68365,3133,0,0,68383,3000,3096,50774,49788,141037,141037,73559,71635,234558,0
20000,3,4,2,1,-2,-2,-2,-2,-2,0,0,0,0,0,0,0,0,0,0,0,0,20000,20000,20000,20000,20000,20000,0,1
220000,1,2,2,-1,-1,-1,-1,-1,-1,419,419,419,419,419,419,419,419,419,419,419,419,219581,219581,219581,219581,219581,219581,0,0
290000,1,2,2,-2,-2,-2,-2,-2,-2,4340,3686,3094,8164,1509,8262,3686,3112,8164,1509,8262,2032,285660,286314,286906,281836,288491,281738,2290,1
260000,2,4,2,-1,-1,-1,-1,-1,-1,188,188,189,192,188,0,188,189,192,188,0,526,259812,259812,259811,259808,259812,260000,-338,0
220000,1,4,2,-1,-1,-1,-1,-1,-1,135132,136108,133534,27484,23728,21039,7245,6121,1551,875,1800,300,84868,83892,86466,192516,196272,198961,459133,0
80000,3,6,3,2,2,3,2,-1,-1,1140,5395,4415,1375,779,5889,5000,0,0,885,5889,4239,78860,74605,75585,78625,79221,74111,2980,0
160000,2,2,3,-1,-1,-1,-1,-1,-1,13512,13453,13420,13873,13833,13818,1206,1329,1098,374,400,364,146488,146547,146580,146127,146167,146182,77138,0
500000,1,4,2,-1,-1,-1,-1,-1,-1,80846,74776,73558,71055,61248,40737,3032,3200,1946,1734,2000,4128,419154,425224,426442,428945,438752,459263,386180,0
230000,2,2,3,-2,-2,-1,-1,-1,-1,-138,-69,231,4749,33389,34928,0,300,4749,38000,5000,3000,230138,230069,229769,225251,196611,195072,22041,0
120000,3,2,2,1,-2,-2,-2,-2,-2,0,0,0,0,0,0,0,0,0,0,0,0,120000,120000,120000,120000,120000,120000,0,1
360000,1,2,2,-2,-2,-2,-2,-2,-2,2410,7830,4024,6643,1947,2066,7954,4044,6715,1956,2076,2003,357590,352170,355976,353357,358053,357934,172,0
220000,1,4,2,-1,-1,-2,-1,-1,-1,300,-200,-200,4040,4040,-1269,0,0,4240,0,0,0,219700,220200,220200,215960,215960,221269,2471,0
120000,1,4,2,-1,2,-1,-1,-1,-1,1192,696,1210,1799,1594,1255,0,1179,1799,1594,1255,1133,118808,119304,118790,118201,118406,118745,786,0
360000,2,4,2,-1,-1,-1,-1,-1,-1,3231,9523,11357,12123,9743,9567,9666,2000,1000,0,0,536,356769,350477,348643,347877,350257,350433,42342,0
120000,1,2,3,-1,-1,-1,-1,-1,-1,344,881,1778,1885,607,687,881,1781,1885,607,687,1203,119656,119119,118222,118115,119393,119313,-862,1
50000,1,2,2,-1,-1,-1,-1,-1,2,27447,28187,29220,30547,32329,31677,1500,1491,1818,2600,0,1400,22553,21813,20780,19453,17671,18323,170598,0
290000,2,2,2,-1,-1,-1,-1,-1,-1,285679,277275,199437,154369,110016,27774,10050,8007,4005,2500,13000,2060,4321,12725,90563,135631,179984,262226,1014928,0
230000,2,2,2,-1,-1,-1,-1,-1,-1,1129,2117,2283,3227,4227,4616,1029,1056,1000,1000,389,215,228871,227883,227717,226773,225773,225384,12910,0
200000,1,2,2,1,-2,-2,-2,-2,-2,0,0,0,0,0,0,0,0,0,0,0,0,200000,200000,200000,200000,200000,200000,0,0
370000,4,2,3,-1,-1,-1,-1,-1,-1,250264,252955,254111,257816,255491,255320,10004,9498,10827,9002,9040,9004,119736,117045,115889,112184,114509,114680,1468582,0
50000,2,2,3,-1,-1,-1,-1,-1,-1,60131,49486,41463,39577,32474,32303,3000,2000,2174,2000,2000,1500,-10131,514,8537,10423,17526,17697,242760,0
50000,4,2,2,-2,-2,-2,-2,-2,-2,0,0,0,0,0,0,0,0,0,0,0,0,50000,50000,50000,50000,50000,50000,0,0
20000,3,4,3,-1,-1,-1,-1,-1,-1,18783,19660,14561,15017,15119,4077,1230,1354,1200,302,82,83,1217,340,5439,4983,4881,15923,82966,0
260000,1,2,2,-1,-1,2,-1,-1,-1,131971,139305,89200,79702,79025,79997,10000,0,3012,3000,3000,4000,128029,120695,170800,180298,180975,180003,576188,0
230000,4,2,3,-1,-1,-1,-1,-1,-1,390,390,390,390,240,930,390,390,390,240,1080,0,229610,229610,229610,229610,229760,229070,240,0
200000,2,2,2,-1,-1,-1,-1,-1,-1,8812,15189,6205,37658,696,1430,15234,6225,38150,2,1434,2265,191188,184811,193795,162342,199304,198570,6680,0
340000,1,2,2,-1,-1,-1,-1,2,-1,29879,26968,31051,34917,32110,33984,1459,4674,5032,360,6360,4116,310121,313032,308949,305083,307890,306016,166908,0
220000,4,2,2,-1,-1,-1,-1,-1,-1,84942,56366,4252,6129,6423,7208,2500,1500,2000,500,1000,1000,135058,163634,215748,213871,213577,212792,156820,0
340000,1,2,2,-1,-1,-1,-1,-1,-1,4490,4834,17716,12010,14111,6995,4834,17716,12636,14111,0,5666,335510,335166,322284,327990,325889,333005,5193,0
200000,3,2,3,-1,-1,-1,-2,-1,-1,535,10468,0,0,400,400,10468,0,0,400,0,0,199465,189532,200000,200000,199600,199600,935,0
180000,3,2,3,1,-2,-2,-2,-2,-2,0,0,0,0,0,0,0,0,0,0,0,0,180000,180000,180000,180000,180000,180000,0,0
50000,2,4,3,-1,-1,-1,-1,-1,-1,24847,26043,26724,20903,19225,19536,2000,2000,2020,2000,1000,800,25153,23957,23276,29097,30775,30464,127458,0
80000,1,4,2,-1,-1,-1,-1,-1,-1,77204,73940,47627,48482,49153,46995,2938,1853,1708,1824,1704,1641,2796,6060,32373,31518,30847,33005,331733,0
160000,2,2,2,-1,-1,-1,-1,-2,-2,1133,31964,24805,0,0,0,31964,1003,0,0,0,0,158867,128036,135195,160000,160000,160000,24935,0
80000,2,2,3,-1,-1,-1,-1,-1,-1,77627,80712,48428,52391,23359,24597,5000,5000,5000,3000,2000,3000,2373,-712,31572,27609,56641,55403,284114,0
30000,1,4,2,-1,-1,-1,-1,-1,-1,264,264,264,0,528,0,264,264,0,528,0,0,29736,29736,29736,30000,29472,30000,264,1
230000,1,4,3,-2,-2,-2,-2,-2,-2,107,529,135,108,830,2536,529,135,108,830,2536,0,229893,229471,229865,229892,229170,227464,107,0
400000,2,4,3,-1,-1,-1,-1,-1,-1,3608,4032,9885,65207,59247,53752,4052,9939,65243,1239,5366,10435,396392,395968,390115,334793,340753,346248,99457,0
200000,3,4,3,1,-1,-1,-1,-1,2,-105,5237,2297,-3903,11989,11839,10000,2509,0,24000,0,27000,200105,194763,197703,203903,188011,188161,-36155,0
20000,2,2,3,2,-1,-1,-1,-1,-1,5437,6602,7622,8479,8647,8829,1264,1284,1141,309,321,322,14563,13398,12378,11521,11353,11171,40975,1
200000,1,2,2,-1,-1,-1,-1,-1,-1,3824,6115,11950,7311,18517,6787,6115,11950,7311,18567,6787,6653,196176,193885,188050,192689,181483,193213,-2879,0
140000,1,4,2,-1,-1,-2,-2,-1,-1,1500,0,0,0,6400,11400,0,0,0,6400,5000,1000,138500,140000,140000,140000,133600,128600,6900,0
360000,1,4,1,-1,-1,-1,-1,-1,-1,270528,267435,193910,167029,134294,154290,10256,12000,15273,15000,25000,12000,89472,92565,166090,192971,225706,205710,1097957,0
360000,1,2,2,1,-2,-2,-2,-2,-2,-1,-1,-1,-1,-1,-1,0,0,0,0,0,0,360001,360001,360001,360001,360001,360001,-6,0
390000,4,4,3,-1,-1,-1,-1,-1,-1,184547,179819,162571,167832,205750,212634,6645,5782,7782,42393,10414,7422,205453,210181,227429,222168,184250,177366,1032715,0
390000,1,4,3,-2,-2,-2,-2,-2,-2,-13,-13,-13,-13,-13,-13,0,0,0,0,0,13,390013,390013,390013,390013,390013,390013,-91,1
160000,3,2,2,-1,-1,-1,-1,-1,-1,335,0,312,7736,7278,7278,0,312,7736,0,0,1470,159665,160000,159688,152264,152722,152722,13421,0
340000,1,4,3,-2,-2,-2,-2,-2,-2,2732,2183,4103,12950,11372,2434,2183,4142,12950,11372,2434,2222,337268,337817,335897,327050,328628,337566,471,0
280000,1,2,2,-1,2,-1,-1,-1,-1,832,416,416,416,59211,416,0,416,416,59211,0,378,279168,279584,279584,279584,220789,279584,1286,0
500000,1,4,3,-1,-1,-1,-1,-1,-1,21179,51124,21138,49305,39095,15826,51304,21138,49775,39095,0,0,478821,448876,478862,450695,460905,484174,36355,0
60000,1,4,3,-1,-1,-1,-1,-1,-1,16017,30073,18385,20732,21196,23175,22000,3000,3000,1000,3000,0,43983,29927,41615,39268,38804,36825,97578,0
420000,2,4,2,-1,-1,-1,-1,-1,-1,14823,16367,17709,18801,20328,25065,1800,1608,1700,2500,5065,1500,405177,403633,402291,401199,399672,394935,98920,0
160000,1,2,2,-1,-1,-2,-2,-2,-2,6555,0,0,0,0,0,0,0,0,0,0,0,153445,160000,160000,160000,160000,160000,6555,0
230000,2,4,2,-1,-1,-1,-1,-1,-1,316,316,316,316,316,466,316,316,316,316,466,466,229684,229684,229684,229684,229684,229534,-150,0
230000,1,4,2,2,-1,-1,-1,-1,-1,125270,129588,115066,87021,82460,64818,6531,5091,3307,3316,2316,2500,104730,100412,114934,142979,147540,165182,581162,1
280000,2,2,2,-2,-2,-2,-2,-2,-2,2874,2874,2874,2874,2874,2854,2888,2888,2888,2888,2868,7029,277126,277126,277126,277126,277126,277146,-4225,0
180000,2,4,2,-1,-1,-1,-1,-1,-1,6903,11489,5488,1635,1680,782,8000,3003,1635,1680,782,4374,173097,168511,174512,178365,178320,179218,8503,0
100000,1,2,3,-2,-2,-2,-2,-2,-2,1895,0,0,0,150,167,0,0,0,1323,167,1424,98105,100000,100000,100000,99850,99833,-702,1
180000,1,4,2,-1,-1,-1,-2,-2,-2,3302,1295,0,0,0,0,1295,0,0,0,0,1640,176698,178705,180000,180000,180000,180000,1662,0
30000,4,4,3,-1,-1,2,-1,-1,-2,29213,17064,16465,16977,0,0,5064,0,5047,0,0,0,787,12936,13535,13023,30000,30000,69608,0
320000,2,2,2,-1,-1,-1,-2,-1,-1,46383,111937,0,0,589,-4543,68800,0,0,589,0,0,273617,208063,320000,320000,319411,324543,84977,0
590000,3,2,2,-1,-1,-1,-1,-1,-1,128659,128715,127961,128112,128798,128467,5025,5693,6007,5013,4701,4944,461341,461285,462039,461888,461202,461533,739329,0
130000,2,2,2,-1,-1,-1,-1,-1,-1,5636,8485,6263,24571,18817,13481,8510,6279,24516,16,34,6,124364,121515,123737,105429,111183,116519,37892,0
130000,1,2,2,-1,-1,-1,-1,-1,-1,1365,84118,44404,27113,801,28027,84118,44404,27309,801,28027,0,128635,45882,85596,102887,129199,101973,1169,0
280000,2,2,3,1,-1,-1,-1,-1,-2,268,509,0,121,0,0,509,0,121,0,0,0,279732,279491,280000,279879,280000,280000,268,0
90000,2,2,3,-1,-1,2,-1,-1,-1,89789,88337,85248,86483,87765,85855,7069,0,3500,3500,3500,3200,211,1663,4752,3517,2235,4145,502708,0
320000,2,2,2,-2,-2,-2,-2,-2,-2,1031,1886,2913,-27,-27,5399,1895,2927,0,0,5426,3700,318969,318114,317087,320027,320027,314601,-2773,0
160000,2,2,2,-1,-1,-1,-1,-1,-1,63780,64675,56561,52338,31133,27590,3518,3015,2128,2000,1000,2473,96220,95325,103439,107662,128867,132410,281943,0
150000,2,2,2,-1,-1,-1,-1,-1,-1,104460,101914,103297,100603,98188,101441,6000,4573,5000,5000,5000,4100,45540,48086,46703,49397,51812,48559,580230,0
40000,2,2,3,-1,-1,-1,-1,-1,-1,27273,27207,28055,15199,17331,19428,2000,3000,3000,3000,3000,5000,12727,12793,11945,24801,22669,20572,115493,0
180000,3,2,2,-1,-1,-1,-1,-1,-1,68450,69818,71298,72729,73627,75086,3100,3200,3210,2700,2800,3000,111550,110182,108702,107271,106373,104914,412998,0
550000,2,4,2,-1,-1,-1,-1,-1,-1,336722,276725,260932,267917,217738,167245,11007,10507,13035,9511,6114,6207,213278,273275,289068,282083,332262,382755,1470898,0
50000,1,2,3,1,2,-1,-1,-1,-1,6805,532,17453,18444,18855,18886,0,17453,1290,701,901,1000,43195,49468,32547,31556,31145,31114,59630,0
220000,1,4,2,-1,-1,-1,-1,-1,-1,222598,222168,217900,221193,181859,184605,10000,8018,10121,6006,10987,143779,-2598,-2168,2100,-1193,38141,35395,1061412,1
360000,2,4,3,-1,-1,-1,-1,-1,-1,9325,10741,45619,37459,31747,26899,10741,46378,46347,0,0,19607,350675,349259,314381,322541,328253,333101,38717,0
250000,2,4,2,-1,-1,-1,-1,-1,-1,277822,255167,233029,279256,46144,85984,6150,6235,80000,923,70069,12500,-27822,-5167,16971,-29256,203856,164016,1001525,0
340000,1,2,3,-1,-1,-1,-1,-1,-1,94915,92955,89689,81996,83439,71239,3224,4000,3504,4349,3000,3098,245085,247045,250311,258004,256561,268761,493058,0
180000,1,2,3,-1,-1,-1,-1,-1,-1,1210,1071,6554,0,21398,298,1071,6557,0,21398,298,0,178790,178929,173446,180000,158602,179702,1207,0
30000,3,4,3,2,2,-1,-1,-1,-1,26950,23655,25131,29148,12134,12976,0,3200,5000,1000,1000,1000,3050,6345,4869,852,17866,17024,118794,1
300000,3,4,2,-1,-1,-2,-2,-2,-2,76922,-694,-694,-694,-694,-694,0,0,0,0,0,5000,223078,300694,300694,300694,300694,300694,68452,1
40000,2,2,2,-1,-1,-1,-1,2,-1,5366,6541,16390,9891,9594,9798,1273,2000,3538,0,500,500,34634,33459,23610,30109,30406,30202,49769,0
500000,1,2,3,-1,-1,-1,-1,-1,-1,26110,12943,4814,18365,8728,28521,2064,5025,18571,5000,20000,0,473890,487057,495186,481635,491272,471479,48821,0
180000,1,2,3,-1,-1,-1,-1,-1,-1,55193,48257,42128,39654,42954,22543,5000,6000,10000,15000,23000,5445,124807,131743,137872,140346,137046,157457,186284,0
350000,1,2,3,-1,-1,-1,-1,-1,-1,110819,115058,76156,51500,150,500,6000,4000,2500,150,500,0,239181,234942,273844,298500,349850,349500,341033,0
90000,2,4,3,-2,-2,-2,-2,-2,-2,6224,8150,0,0,9167,0,8150,0,0,9167,0,526,83776,81850,90000,90000,80833,90000,5698,0
240000,2,4,2,-1,-1,-1,-1,-1,-1,245553,244958,245148,240343,211449,215874,10178,10577,8302,7300,7505,7700,-5553,-4958,-5148,-343,28551,24126,1351763,0
50000,3,6,3,-1,-1,-1,-1,-1,-1,44835,45989,47167,25142,4716,4840,1900,2050,2000,300,200,500,5165,4011,2833,24858,45284,45160,165739,0
220000,1,4,2,-1,2,2,-1,-1,-1,1379,1205,825,1783,1205,1205,705,325,1283,507,705,705,218621,218795,219175,218217,218795,218795,3372,0
180000,2,4,2,-1,-1,-1,-1,-1,-1,25895,26173,26260,26805,8992,10906,2000,2000,2000,1000,2000,2000,154105,153827,153740,153195,171008,169094,114031,0
400000,4,2,2,-2,-2,-2,-2,-2,-2,14889,929,1191,11930,11286,5766,929,1191,11930,11286,5766,16520,385111,399071,398809,388070,388714,394234,-1631,0
220000,1,2,3,3,2,2,2,2,2,2500,2500,2500,2500,2500,2500,0,0,0,0,0,0,217500,217500,217500,217500,217500,217500,15000,1
180000,4,2,3,-1,-1,-1,-1,-1,-2,872,3345,2962,6139,1842,1115,3347,2962,6366,1842,1115,2240,179128,176655,177038,173861,178158,178885,-1597,0
80000,3,2,2,-1,-1,-1,-2,-2,-2,39604,10635,0,0,0,0,1000,0,0,0,0,0,40396,69365,80000,80000,80000,80000,49239,1
360000,1,4,2,-1,-1,-1,-1,-1,-1,198839,187955,163120,140383,121771,102568,7000,8071,7029,3011,4000,9000,161161,172045,196880,219617,238229,257432,876525,0
170000,1,4,3,-1,-1,-1,-1,-1,-1,163951,136825,140450,116293,118759,108766,5100,6000,4000,4000,3200,2200,6049,33175,29550,53707,51241,61234,760544,0
130000,2,2,3,-2,-2,-2,-2,-2,-2,0,1240,1487,1279,749,440,1240,1487,1279,749,440,849,130000,128760,128513,128721,129251,129560,-849,0
290000,1,2,2,-1,-1,-1,-1,-1,-1,216328,218435,218783,158215,69234,71560,8000,8600,6700,2600,3500,0,73672,71565,71217,131785,220766,218440,923155,0
90000,2,2,2,-1,-1,2,2,2,2,79105,85997,83779,88577,86365,91105,8200,0,7200,0,6200,24,10895,4003,6221,1423,3635,-1105,493304,0
130000,3,4,2,-1,-1,-1,-1,-1,-1,12535,14317,15656,4918,6918,8944,2000,2040,3000,2000,2026,6561,117465,115683,114344,125082,123082,121056,45661,0
140000,1,6,3,1,-1,-1,-1,-1,-1,0,780,1176,0,780,642,780,1176,0,780,642,0,140000,139220,138824,140000,139220,139358,0,0
510000,2,4,3,-1,-1,-1,-1,-1,-1,113616,96756,72730,64746,24040,23791,9019,8000,20000,24040,23791,22503,396384,413244,437270,445254,485960,486209,288326,0
50000,1,2,2,-1,-1,-2,-2,-1,-1,2080,-60,-60,-60,6000,228,0,0,0,6060,228,1911,47920,50060,50060,50060,44000,49772,-71,0
200000,1,4,3,-1,-1,-1,-1,-1,-1,1489,9973,2457,0,948,0,9973,2457,0,948,0,1302,198511,190027,197543,200000,199052,200000,187,0
200000,1,4,2,-1,-1,-1,-1,-1,-1,83000,62084,64610,60567,52122,50610,2500,5000,2509,2000,2000,2000,117000,137916,135390,139433,147878,149390,356984,0
400000,2,4,2,-1,-1,-1,-1,-1,-1,69376,61204,50773,39676,30680,27761,2255,1421,1381,770,731,600,330624,338796,349227,360324,369320,372239,272312,0
310000,1,2,2,-1,-1,-1,-1,-1,-1,1815,3689,20524,7986,1100,9622,3689,20658,7986,1100,9622,0,308185,306311,289476,302014,308900,300378,1681,0
210000,1,2,3,-1,-1,-1,-1,-1,-1,50720,52174,48957,49848,59060,60420,3111,2109,2000,10000,6032,5030,159280,157826,161043,160152,150940,149580,292897,0
90000,2,2,2,-1,-1,-1,-1,-1,-1,77379,67092,61071,44821,24653,25254,2500,3908,2100,884,1000,1000,12621,22908,28929,45179,65347,64746,288878,0
270000,1,4,2,-1,-1,-1,-1,-1,-1,9213,2283,3203,1144,1144,1144,1080,1000,1121,0,0,0,260787,267717,266797,268856,268856,268856,14930,0
30000,3,2,2,-1,-1,-1,-1,-1,-1,30238,30166,29745,27468,27436,27613,2000,1635,1438,796,5000,1000,-238,-166,255,2532,2564,2387,160797,1
30000,2,2,3,-1,-1,-1,-1,-1,-1,20061,17435,14452,13050,11083,9249,1542,2002,2000,900,1500,1500,9939,12565,15548,16950,18917,20751,75886,0
210000,2,2,2,-1,-1,-1,-1,-1,-1,2853,8028,10827,5385,1187,1552,8037,6018,5388,1191,1554,1870,207147,201972,199173,204615,208813,208448,5774,0
110000,1,2,3,-1,-1,-1,-1,-1,-1,104622,103639,105714,105998,105080,105638,4000,5500,5300,4000,4100,12700,5378,6361,4286,4002,4920,4362,595091,0
160000,2,2,3,1,-2,-1,-1,-1,-1,0,0,369,0,522,0,0,369,0,522,0,978,160000,160000,159631,160000,159478,160000,-978,0
380000,1,4,2,-1,-1,2,2,-1,-1,27015,31684,33442,32361,32518,32308,5700,2800,0,1205,1226,1332,352985,348316,346558,347639,347482,347692,177065,0
140000,1,4,2,-2,-2,-1,-1,-1,-1,954,1015,310,2361,854,565,1015,310,2361,854,565,673,139046,138985,139690,137639,139146,139435,281,0
250000,3,2,3,-1,-1,-1,-1,-1,-1,166325,165081,169492,172936,136182,139362,6686,7037,6358,4918,5420,4466,83675,84919,80508,77064,113818,110638,914493,0
150000,1,4,2,-1,-1,-1,-1,-1,-1,1709,14674,771,1365,10965,1488,14674,771,1375,10965,1488,4328,148291,135326,149229,148635,139035,148512,-2629,0
230000,2,4,3,2,2,2,2,2,3,206245,215936,221001,220886,239299,237297,13126,10000,5000,23700,2000,3,23755,14064,8999,9114,-9299,-7297,1286835,1
220000,1,2,3,-2,-2,-2,-2,-2,-2,0,0,0,0,4488,540,0,0,0,4488,540,0,220000,220000,220000,220000,215512,219460,0,1
60000,3,2,2,1,2,-1,-1,2,-1,31011,29565,31123,34134,23552,24020,0,3000,3638,0,1000,3000,28989,30435,28877,25866,36448,35980,162767,0
50000,4,2,3,-1,-1,-1,-1,-1,-1,46148,47711,47645,47552,48512,49622,4000,5000,3000,2000,2000,2000,3852,2289,2355,2448,1488,378,269190,1
300000,2,2,3,1,-2,-2,-2,-1,-1,0,0,0,0,280,0,0,0,0,280,0,0,300000,300000,300000,300000,299720,300000,0,0
320000,2,2,3,-2,-2,-2,-2,-2,-2,2555,7065,648,2258,722,15937,7100,651,2269,725,16014,3088,317445,312935,319352,317742,319278,304063,-662,0
250000,1,2,3,-2,-2,-2,-2,-2,-2,331,0,0,0,0,0,0,0,0,0,0,0,249669,250000,250000,250000,250000,250000,331,0
200000,3,2,3,-1,-1,-1,-1,-1,-1,858,1406,3673,0,150,609,1406,3673,0,150,609,939,199142,198594,196327,200000,199850,199391,-81,0
110000,3,2,2,-1,-1,-1,-1,-1,-1,3681,6026,1555,2043,1037,4718,6026,1555,2045,1037,4000,6233,106319,103974,108445,107957,108963,105282,-1836,0
50000,3,4,3,-1,-1,-1,-1,-1,-1,36259,37669,8770,7251,15948,8838,2500,2127,1500,1000,1000,1000,13741,12331,41230,42749,34052,41162,105608,0
300000,4,4,3,1,-1,-1,-2,-2,-2,0,1669,0,0,0,0,1669,0,0,0,0,289,300000,298331,300000,300000,300000,300000,-289,0
50000,4,2,2,1,2,-1,-1,2,-1,26358,24890,25440,26191,25193,25742,4,1925,28293,0,1100,2030,23642,25110,24560,23809,24807,24258,120462,0
230000,3,2,3,-1,-1,-1,-1,-1,-1,170,2217,5167,8552,12552,10596,2217,3167,3552,5000,3000,2518,229830,227783,224833,221448,217448,219404,19800,0
30000,2,2,2,-1,-1,-2,-2,-2,-1,528,-120,-120,-120,-120,6675,0,0,0,0,6795,21947,29472,30120,30120,30120,30120,23325,-22019,1
30000,2,2,3,3,2,2,-1,-1,-1,1660,856,428,428,13749,659,428,0,428,13749,659,5548,28340,29144,29572,29572,16251,29341,-3032,0
290000,2,2,3,-1,-1,2,-1,-1,-1,4783,7239,6957,4954,7221,6988,2552,0,1000,5000,2500,3659,285217,282761,283043,285046,282779,283012,23431,0
210000,1,2,3,-2,-2,-2,-2,-2,-2,234,0,0,0,0,0,0,0,0,0,0,2197,209766,210000,210000,210000,210000,210000,-1963,0
200000,2,2,3,-1,-1,2,-1,-1,-1,827,1654,827,827,827,827,1654,0,827,827,827,827,199173,198346,199173,199173,199173,199173,827,0
150000,2,2,3,-2,-2,-2,-2,-2,-2,11026,9459,9929,1595,3630,3516,9640,9976,1595,3647,3516,11071,138974,140541,140071,148405,146370,146484,-290,0
110000,1,2,3,-1,-1,-1,-1,-1,-1,21842,15843,10466,3537,1378,316,3000,2007,1000,0,316,825,88158,94157,99534,106463,108622,109684,46234,0
20000,2,2,3,2,-1,-1,2,-1,-1,13139,13915,18667,18072,18120,19329,1300,5000,0,640,1497,0,6861,6085,1333,1928,1880,671,92805,1
360000,1,4,1,-1,-1,-1,-1,-1,-1,79161,81260,83055,85662,87458,86393,4000,4000,4000,4000,3300,5199,280839,278740,276945,274338,272542,273607,478490,0
230000,1,2,2,-1,-1,-1,-1,-1,-1,165405,168697,172990,177963,77076,78848,6027,7000,8000,3000,3000,3226,64595,61303,57010,52037,152924,151152,810726,0
60000,2,2,2,-1,-1,-1,-1,-1,2,27527,31715,35850,37165,39490,25854,5000,5000,2000,2898,0,3000,32473,28285,24150,22835,20510,34146,179703,0
470000,2,2,3,-1,-1,-1,-1,-1,-1,212948,188435,182687,153366,114451,122489,30000,15000,5052,5000,10000,15000,257052,281565,287313,316634,355549,347511,894324,0
120000,1,4,1,-1,-1,-1,-1,-1,-2,59538,50150,44742,33231,-1320,-660,4000,5069,2805,0,0,1616,60462,69850,75258,86769,121320,120660,172191,0
50000,2,4,2,-1,-1,-1,-1,-1,-1,41657,47969,49131,38884,8144,8643,10000,11000,5000,1005,15000,7000,8343,2031,869,11116,41856,41357,145423,0
140000,1,2,3,1,-1,-1,-1,-1,-1,0,1220,0,584,0,190,1220,0,584,0,190,0,140000,138780,140000,139416,140000,139810,0,0
500000,1,2,2,-1,-1,-1,-1,-1,-1,10840,1108,2111,920,920,920,1108,2111,920,920,920,0,489160,498892,497889,499080,499080,499080,10840,0
400000,2,4,3,-2,-2,-2,-2,-2,-2,43672,678,330,330,330,330,678,330,330,330,330,330,356328,399322,399670,399670,399670,399670,43342,1
310000,2,4,2,-1,-1,-1,-1,-1,-1,87559,74929,76404,76133,53065,17529,3000,3022,5208,15734,1607,140994,222441,235071,233596,233867,256935,292471,216054,0
320000,1,2,3,-1,-1,2,2,-1,-1,304057,318844,324589,320622,252323,253557,20000,10000,450,7025,7161,8000,15943,1156,-4589,-622,67677,66443,1721356,1
330000,1,2,3,-1,-1,-1,-1,-1,-1,11006,4160,48549,16942,1610,26842,4160,48549,18562,0,26842,11938,318994,325840,281451,313058,328390,303158,-942,0
240000,2,2,2,-1,-1,-1,-1,-1,-1,231990,202714,199711,203767,208015,220109,10028,7711,7767,8015,15829,9000,8010,37286,40289,36233,31985,19891,1207956,0
290000,2,2,2,-2,-2,-2,-2,-2,-2,8909,8199,972,445,3589,6939,8300,972,455,3589,6939,10919,281091,281801,289028,289555,286411,283061,-2121,0
150000,1,2,2,-1,-1,-1,-1,-1,-1,10147,0,1351,2942,384,504,0,1351,2942,384,504,280,139853,150000,148649,147058,149616,149496,9867,0
50000,2,2,2,-1,-1,-1,-1,-1,-1,5745,4266,3047,3606,2390,1655,1023,1051,1000,50,10050,734,44255,45734,46953,46394,47610,48345,6801,0
210000,1,2,2,-1,-1,-2,-2,-1,-1,2960,0,0,0,198,0,0,0,0,198,0,0,207040,210000,210000,210000,209802,210000,2960,0
150000,1,2,2,-2,-2,-2,-2,-2,-1,14391,1213,4952,1040,3617,540,1213,4952,1040,3617,540,17120,135609,148787,145048,148960,146383,149460,-2729,0
210000,2,2,3,-1,2,-1,-1,-2,-2,594,594,21445,0,0,0,0,21451,0,0,0,0,209406,209406,188555,210000,210000,210000,1182,0
180000,1,2,3,-1,-1,-1,-1,-1,-1,34483,21142,11279,5698,5993,-73895,22864,1133,1000,1000,0,159000,145517,158858,168721,174302,174007,253895,-180297,0
360000,1,4,2,1,-2,-2,-2,-2,-2,0,0,0,0,0,0,0,0,0,0,0,0,360000,360000,360000,360000,360000,360000,0,1
220000,3,4,2,-1,-1,-1,-1,-1,-1,179430,177387,175378,178367,177657,180346,7041,6921,6858,6219,6409,6659,40570,42613,44622,41633,42343,39654,1028458,0
160000,2,2,3,1,-1,-1,-2,-2,-1,0,3685,0,0,0,660,3685,0,0,0,660,660,160000,156315,160000,160000,160000,159340,-660,0
500000,3,2,3,-1,-1,-1,-1,-1,-1,38322,38913,27489,27053,-9,14863,1284,1231,1154,0,14872,121,461678,461087,472511,472947,500009,485137,127969,0
100000,3,2,3,2,2,-1,-1,-1,-1,100792,91738,88883,90710,92471,79318,0,4107,4204,4200,3071,3106,-792,8262,11117,9290,7529,20682,525224,0
80000,2,2,3,-2,-2,-2,-2,-2,-1,966,0,647,1988,1049,1466,0,647,1990,1049,1466,6309,79034,80000,79353,78012,78951,78534,-5345,1
360000,2,4,2,-2,-2,-2,-2,-2,-2,0,0,0,0,0,0,0,0,0,0,0,0,360000,360000,360000,360000,360000,360000,0,1
230000,3,2,3,-1,-1,-1,-1,-1,-1,224985,188593,162143,165345,151047,147564,10000,8000,7000,10000,10000,8000,5015,41407,67857,64655,78953,82436,986677,0
180000,1,4,2,-2,-2,-1,-1,-1,-1,4500,2580,178,1500,0,1118,2580,178,1500,0,1118,1331,175500,177420,179822,178500,180000,178882,3169,0
200000,1,4,3,-1,-1,-1,-1,-1,-1,203045,140347,139282,138462,134497,126617,4501,4916,4505,4205,4145,3100,-3045,59653,60718,61538,65503,73383,856878,1
60000,2,2,3,-1,-1,-1,-1,-1,-1,60244,59868,58221,16305,3124,29484,3000,2577,1525,3124,29484,1326,-244,132,1779,43695,56876,30516,186210,0
280000,1,2,2,-1,-1,-1,-1,-1,-1,171057,173712,177913,182942,186892,197661,7000,7000,8000,7000,14000,8000,108943,106288,102087,97058,93108,82339,1039177,0
80000,3,2,3,-1,-1,2,-1,-1,-1,396,792,396,792,0,396,792,0,792,0,396,546,79604,79208,79604,79208,80000,79604,246,1
200000,1,2,3,1,-2,-2,-2,-2,-2,0,0,0,0,0,0,0,0,0,0,0,0,200000,200000,200000,200000,200000,200000,0,0
50000,2,4,2,-1,-1,-1,-1,-1,-1,4793,3594,0,5369,3746,9408,3000,0,5369,0,9000,10000,45207,46406,50000,44631,46254,40592,-459,0
460000,1,4,2,-1,-1,-1,-1,-1,-1,14460,8869,21494,12657,5739,10184,8869,23664,12659,5752,10192,7419,445540,451131,438506,447343,454261,449816,4848,0
220000,1,2,2,-1,-1,-1,-1,-1,-1,2774,5152,6615,15799,13526,8726,5162,6615,15799,1526,0,2287,217226,214848,213385,204201,206474,211274,21203,0
170000,1,2,2,-1,-1,-1,-1,-1,-1,397,396,396,596,25081,25189,395,396,596,25081,504,396,169603,169604,169604,169404,144919,144811,24687,0
50000,2,2,3,-1,-1,-1,-1,-1,-1,10400,0,23425,19040,19624,20152,0,23425,1500,900,993,1100,39600,50000,26575,30960,30376,29848,64723,0
210000,1,2,3,-1,-1,-1,-1,-1,-1,89519,50144,52148,50723,43200,17556,20033,10000,5012,1251,2007,10125,120481,159856,157852,159277,166800,192444,254862,0
20000,2,2,2,1,2,2,2,-1,-1,9701,9401,11903,11420,11342,12157,0,2969,0,408,1000,0,10299,10599,8097,8580,8658,7843,61547,0
230000,1,2,3,-2,-2,-2,-2,-2,-2,266,0,0,0,0,300,0,0,0,0,300,0,229734,230000,230000,230000,230000,229700,266,0
390000,1,4,2,-1,-1,-1,-1,-1,-1,46895,45435,47678,47753,38671,50795,7518,12006,13006,4006,25011,14009,343105,344565,342322,342247,351329,339205,201671,0
180000,2,4,2,-1,-1,-1,-1,-1,-1,18314,18630,19126,12939,6939,3439,2000,2000,1042,0,0,191,161686,161370,160874,167061,173061,176561,74154,0
130000,3,2,2,1,-2,-2,-2,-2,-2,0,0,0,0,0,0,0,0,0,0,0,0,130000,130000,130000,130000,130000,130000,0,0
250000,3,2,3,-2,-2,-2,-2,-2,-2,278,278,278,278,278,428,278,278,278,278,428,278,249722,249722,249722,249722,249722,249572,0,0
500000,1,2,2,-1,-1,-1,-1,-1,-1,6694,17470,15091,1587,61385,56252,17470,15091,1587,61385,0,56733,493306,482530,484909,498413,438615,443748,6213,1
240000,1,4,3,-1,-1,-1,-1,-1,-1,338294,79849,81563,83224,84878,86665,2857,3000,3016,3033,3150,4000,-98294,160151,158437,156776,155122,153335,735417,0
270000,2,4,2,-2,-2,-2,-2,-2,-2,3073,1816,1163,1582,0,1320,1816,1163,1582,0,1320,717,266927,268184,268837,268418,270000,268680,2356,0
450000,3,4,3,-2,-2,-2,-2,-1,-1,11150,4281,0,2442,14234,-2988,4281,0,2442,14234,452,0,438850,445719,450000,447558,435766,452988,7710,0
280000,3,2,2,-1,-1,2,2,2,2,75953,84005,86472,87457,88281,86749,9348,4700,3300,3150,0,3328,204047,195995,193528,192543,191719,193251,485091,1
170000,1,4,3,-1,-1,-1,-1,-1,-1,3480,316,316,316,948,632,316,316,316,948,0,0,166520,169684,169684,169684,169052,169368,4112,0
280000,1,4,2,-1,-1,-1,-2,-2,-2,26679,52223,25088,9427,2829,198,52223,25100,9427,2838,198,4139,253321,227777,254912,270573,277171,279802,22519,0
170000,2,2,3,-1,-1,-1,-1,-1,-1,38137,39135,39872,40693,41334,42118,1934,1671,1657,1463,1666,1529,131863,130865,130128,129307,128666,127882,231369,0
200000,1,4,2,-1,-1,-1,-1,-1,-1,19149,20103,21543,22765,23374,24134,1500,2000,1500,1200,1200,1200,180851,179897,178457,177235,176626,175866,122468,0
380000,1,4,2,-1,-1,-1,-1,-1,-1,89842,88898,63203,44889,44276,31799,8000,8009,7000,6000,10500,8500,290158,291102,316797,335111,335724,348201,314898,0
500000,1,4,3,-2,-2,-2,-2,-2,-2,522,17643,1462,6224,0,0,20007,5000,7000,0,0,0,499478,482357,498538,493776,500000,500000,-6156,0
40000,1,4,1,-1,-1,-1,-1,-2,-2,35735,29772,23602,0,0,0,2017,1206,0,0,0,0,4265,10228,16398,40000,40000,40000,85886,0
150000,2,2,1,2,-1,-1,-1,2,2,123248,126311,130388,138246,140513,118464,5000,6000,10500,5015,173,102,26752,23689,19612,11754,9487,31536,750380,1
220000,2,2,2,-1,-1,-1,-1,-1,-1,36242,38320,39700,40737,42743,44052,3000,2000,2000,3000,2000,3000,183758,181680,180300,179263,177257,175948,226794,0
200000,1,4,1,-1,-1,-1,-1,-1,-1,181821,185506,190977,193800,190936,186183,6000,7000,6000,6000,5400,5400,18179,14494,9023,6200,9064,13817,1093423,0
360000,1,2,3,-2,-2,-2,-2,-2,-2,0,0,0,0,0,3078,0,0,0,0,3078,0,360000,360000,360000,360000,360000,356922,0,0
100000,1,2,2,-1,-1,-1,-1,-1,-1,905,3450,1195,2775,890,2117,3450,1195,2775,890,2117,1072,99095,96550,98805,97225,99110,97883,-167,0
420000,2,2,2,-1,-1,-1,-1,-1,-1,158471,44131,32423,18824,0,21082,1644,1436,1000,0,21082,228548,261529,375869,387577,401176,420000,398918,21221,1
200000,1,2,2,1,-2,-2,-1,-1,-1,0,0,0,522,0,1073,0,0,522,0,1073,0,200000,200000,200000,199478,200000,198927,0,0
310000,2,4,2,-1,-1,-1,-1,-1,-1,298221,303251,270591,252989,225814,231165,10500,9672,8826,8100,9000,8619,11779,6749,39409,57011,84186,78835,1527314,1
180000,2,4,2,-1,-1,-1,-1,-1,-1,41699,42812,44132,24594,25686,26780,1800,2100,1500,1500,1500,1200,138301,137188,135868,155406,154314,153220,196103,0
500000,4,2,2,-1,-1,-1,-1,-1,-1,5353,5739,5578,57722,55468,55026,6081,5588,58476,1910,1974,2254,494647,494261,494422,442278,444532,444974,108603,0
230000,1,4,2,-2,-2,-2,-2,-2,-1,0,0,0,0,0,150,0,0,0,0,150,150,230000,230000,230000,230000,230000,229850,-150,0
50000,1,4,3,-1,-1,-1,-1,-1,-1,52841,52016,51990,50570,21095,19999,1860,2619,2000,500,714,20702,-2841,-2016,-1990,-570,28905,30001,220116,0
250000,1,2,3,1,2,-1,-1,-1,-1,16503,13894,14669,14265,8887,6679,0,1400,1090,246,402,200,233497,236106,235331,235735,241113,243321,71559,0
150000,2,4,2,1,2,2,2,-1,-1,22723,22060,25195,24497,24791,25462,0,3500,0,1000,1071,950,127277,127940,124805,125503,125209,124538,138207,0
50000,2,2,2,-1,-1,-1,-1,-1,-1,2435,0,197,2995,19515,0,0,197,2995,19515,0,3734,47565,50000,49803,47005,30485,50000,-1299,0
100000,2,2,2,-1,-1,-1,-1,-1,-1,77394,76081,61898,53035,15785,7762,2640,3007,2300,200,290,50000,22606,23919,38102,46965,84215,92238,233518,1
110000,2,4,3,2,2,2,2,2,-1,39635,40580,41631,42352,41373,42156,1900,2000,1700,0,1600,1600,70365,69420,68369,67648,68627,67844,238927,1
210000,2,4,2,-1,-1,-1,-1,-1,-1,76418,78798,82525,84353,87835,79481,5000,5000,3200,5000,3000,2500,133582,131202,127475,125647,122165,130519,465710,0
150000,1,4,3,-2,-2,-2,-2,-2,-2,1923,101,0,0,0,399,101,0,0,0,399,0,148077,149899,150000,150000,150000,149601,1923,0
80000,1,2,3,1,-1,-1,-1,-1,-1,-60,2400,595,1810,737,2555,2460,595,1815,737,2555,4290,80060,77600,79405,78190,79263,77445,-4415,0
200000,2,2,3,-2,-1,2,2,-1,-1,-1123,2711,3030,1695,10569,9777,4165,1700,5,10624,9816,9208,201123,197289,196970,198305,189431,190223,-8859,1
150000,1,4,2,2,2,-1,-1,-1,-1,55337,53851,53710,48797,49928,51106,0,2503,2000,1804,2000,2000,94663,96149,96290,101203,100072,98894,302422,1
100000,3,2,2,-2,-1,-1,-1,-1,-2,10135,1646,1635,884,0,0,1646,5635,884,0,0,0,89865,98354,98365,99116,100000,100000,6135,0
110000,1,4,2,-1,-1,-1,-1,-1,-1,46603,48351,51815,47225,34975,43725,2536,5000,1653,1500,10000,1495,63397,61649,58185,62775,75025,66275,250510,0
240000,1,4,2,-1,-1,-1,-1,-1,-1,99938,92104,85194,83021,78556,78495,3500,4200,3600,3000,3000,3000,140062,147896,154806,156979,161444,161505,497008,0
80000,3,2,3,-2,-2,-2,-2,-2,-2,0,0,0,0,0,0,0,0,0,0,0,0,80000,80000,80000,80000,80000,80000,0,0
180000,1,4,2,-1,-1,-1,-1,-1,-1,5450,150,150,150,150,150,0,0,0,0,0,0,174550,179850,179850,179850,179850,179850,6200,1
180000,2,4,2,1,-2,-2,-1,-1,-2,0,0,0,900,0,0,0,0,900,0,0,0,180000,180000,180000,179100,180000,180000,0,0
400000,1,4,2,-2,-2,-2,-2,-2,-2,-287,-287,5439,5747,687,19898,0,5726,5753,687,19934,40024,400287,400287,394561,394253,399313,380102,-40927,0
260000,2,2,3,-1,-1,-1,-1,2,-1,195465,199338,203651,223837,218383,222960,8400,8800,25000,0,8000,21000,64535,60662,56349,36163,41617,37040,1192434,0
160000,2,2,3,-1,3,2,-1,-1,-1,1857,1672,836,836,836,836,0,0,836,836,836,836,158143,158328,159164,159164,159164,159164,3529,1
240000,2,2,2,-1,-1,-1,-1,-1,-1,7806,10142,12211,13828,11337,11577,2481,2550,2167,1000,389,1000,232194,229858,227789,226172,228663,228423,57314,0
260000,1,2,2,-2,-2,-2,-2,-2,-2,0,0,0,0,0,5181,0,0,0,0,5181,0,260000,260000,260000,260000,260000,254819,0,0
160000,2,4,2,-1,-1,-1,-1,-1,-1,159637,155003,158156,153699,127366,117812,5580,5680,4950,4350,4300,4360,363,4997,1844,6301,32634,42188,842453,0
80000,3,4,3,-1,-1,-1,-1,-1,-1,66047,59910,55122,54006,50779,50257,2071,2063,1779,2087,1743,1800,13953,20090,24878,25994,29221,29743,324578,0
480000,1,2,2,-1,-1,-1,-1,-1,-1,98569,106660,400000,66270,80274,82160,10620,302000,66270,15000,3044,30042,381431,373340,80000,413730,399726,397840,406957,1
270000,3,2,3,-1,-1,-1,-1,-1,-1,48872,43688,35638,41704,43869,45160,3688,2638,6704,2869,2000,1686,221128,226312,234362,228296,226131,224840,239346,0
100000,2,4,3,2,-1,-1,2,2,2,40626,41945,45247,45208,46160,48268,2000,4000,1000,2000,3000,0,59374,58055,54753,54792,53840,51732,255454,1
300000,3,4,3,-1,-1,-1,-1,-1,-1,390,390,390,390,390,390,390,390,390,390,390,390,299610,299610,299610,299610,299610,299610,0,0
450000,3,4,3,-1,-1,-1,-1,-1,-1,5453,25948,53938,14602,18065,19239,26731,55367,15174,10528,10037,48551,444547,424052,396062,435398,431935,430761,-29143,0
360000,1,2,3,1,-2,-2,-2,-2,-2,0,0,0,0,0,0,0,0,0,0,0,0,360000,360000,360000,360000,360000,360000,0,0
170000,2,2,3,-1,-1,-1,-1,-1,-1,134496,143242,124103,115638,116430,118950,17400,5921,5700,4200,4400,4611,35504,26758,45897,54362,53570,51050,710627,0
50000,3,2,2,-1,-1,-1,-1,-1,-1,48032,48175,48691,49108,19809,11314,1771,2123,2675,552,1000,1000,1968,1825,1309,892,30191,38686,216008,0
50000,3,4,2,-1,-1,-1,2,-1,-1,16986,6929,8743,1000,5557,5027,1186,2000,0,5557,470,0,33014,43071,41257,49000,44443,44973,35029,1
240000,2,2,2,1,2,2,2,-1,-1,6900,6641,10495,2813,3805,5730,0,4000,1000,1200,2000,0,233100,233359,229505,237187,236195,234270,28184,1
440000,2,4,2,-1,-1,-1,-1,-1,-1,6480,7265,444912,218064,222734,227445,1000,226848,8300,8300,8300,8300,433520,432735,-4912,221936,217266,212555,865852,0
180000,2,4,2,2,-1,-1,-1,-1,-1,168090,150482,154063,158494,161855,171055,5500,6001,7000,6000,12000,7500,11910,29518,25937,21506,18145,8945,920038,0
140000,2,4,3,-2,-2,-2,-2,-2,-2,0,1887,0,0,0,0,1887,0,0,0,0,0,140000,138113,140000,140000,140000,140000,0,0
150000,1,4,2,1,-1,-1,-2,-2,-2,0,53,0,0,0,0,53,0,0,0,0,0,150000,149947,150000,150000,150000,150000,0,0
100000,2,4,2,-1,-1,-1,-1,-1,-1,100207,94080,75428,76450,77503,64119,4026,3100,3050,3000,2300,2700,-207,5920,24572,23550,22497,35881,469611,0
190000,2,2,3,-1,-1,-1,-1,-1,-1,124082,125032,129167,130331,132958,135814,4500,6147,4800,4800,5000,10600,65918,64968,60833,59669,57042,54186,741537,0
200000,1,2,3,1,-1,-1,-1,-1,-1,0,114558,1898,849,-171,14686,114558,3796,849,0,14857,0,200000,85442,198102,199151,200171,185314,-2240,0
260000,1,2,3,-1,-1,-1,2,-1,-1,157551,160759,351026,170671,169689,159066,7312,18934,23,3729,4226,514,102449,99241,-91026,89329,90311,100934,1134024,0
580000,2,2,2,1,2,-1,-1,-1,-1,420115,405932,437254,477809,486721,498316,0,38001,50000,16881,18887,16846,159885,174068,142746,102191,93279,81684,2585532,1
100000,2,4,2,-1,-1,-1,-1,-1,-1,101513,98736,99072,91809,77499,76997,3600,5006,2910,2755,5000,5000,-1513,1264,928,8191,22501,23003,521355,0
400000,1,2,3,-1,-1,-1,-2,-2,-2,3716,4318,273,743,516,200,4318,273,743,516,200,422,396284,395682,399727,399257,399484,399800,3294,0
350000,1,4,2,-2,-1,-1,-1,-1,-1,24522,18876,5571,10978,9326,13255,18970,5594,11024,9317,13321,4019,325478,331124,344429,339022,340674,336745,20283,0
140000,2,2,3,2,2,-1,-1,-1,-1,90632,88637,90859,92734,48461,49067,0,4200,4261,2182,1844,1652,49368,51363,49141,47266,91539,90933,446251,1
90000,2,2,3,-1,-1,-1,-1,-1,-1,1829,2793,696,546,846,846,2793,696,546,996,846,696,88171,87207,89304,89454,89154,89154,983,0
180000,1,2,3,1,-1,-1,-2,-2,-2,0,319,0,0,0,0,319,0,0,0,0,207,180000,179681,180000,180000,180000,180000,-207,1
150000,1,2,3,-2,-2,-2,-2,-2,-2,3275,1105,0,0,0,300,1105,0,0,0,300,0,146725,148895,150000,150000,150000,149700,3275,0
200000,1,4,3,-2,-2,-2,-2,-2,-2,0,0,0,0,0,0,0,0,0,0,0,0,200000,200000,200000,200000,200000,200000,0,1
390000,2,2,2,-1,-1,-1,-1,-1,-1,359641,283210,240876,190709,191162,195336,11100,13163,8349,6840,7252,7800,30359,106790,149124,199291,198838,194664,1406430,0
180000,2,4,1,-1,-1,-1,-1,-1,-1,416,416,416,416,416,832,416,416,416,416,832,0,179584,179584,179584,179584,179584,179168,416,1
90000,1,4,1,1,2,-1,-1,-1,2,5799,3095,5257,6649,8680,7844,0,3000,2000,3000,0,20000,84201,86905,84743,83351,81320,82156,9324,0
240000,2,2,1,-1,-1,-1,-1,-1,-1,81274,83030,84945,65601,66901,68086,3101,3385,2377,2387,2472,2475,158726,156970,155055,174399,173099,171914,433640,0
320000,1,4,1,-1,-1,-1,-1,-1,-1,331,1081,6144,14977,9473,8002,1085,6146,9473,0,5,1386,319669,318919,313856,305023,310527,311998,21913,1
90000,1,4,1,2,3,2,-1,-1,2,88627,86357,84131,85225,90347,85725,0,0,3400,6500,0,3301,1373,3643,5869,4775,-347,4275,507211,1
200000,1,2,3,-1,-1,-1,-1,-1,-1,5853,6549,9389,18475,1016,4934,6567,9421,14068,3,4948,7770,194147,193451,190611,181525,198984,195066,3439,0
210000,1,4,3,-1,-1,-1,-2,-1,-1,194,6479,-200,-200,23560,0,6479,0,0,23760,0,0,209806,203521,210200,210200,186440,210000,-406,1
160000,2,2,2,3,2,2,-1,-1,2,166573,158760,140777,136066,143005,129960,2000,5000,4600,14650,0,5100,-6573,1240,19223,23934,16995,30040,843791,1
100000,1,4,1,-1,-1,-1,-1,-1,-1,77007,80708,84401,85786,65345,67205,5000,5000,4200,3000,3000,3000,22993,19292,15599,14214,34655,32795,437252,0
240000,1,4,1,-1,-1,-1,-1,-1,-1,236883,241574,244010,239778,191762,196015,8636,9303,8159,5449,5900,5323,3117,-1574,-4010,222,48238,43985,1307252,0
50000,3,2,4,-1,-1,-1,-1,-1,-1,12164,13475,14197,15207,15509,15834,1521,1243,1253,555,575,579,37836,36525,35803,34793,34491,34166,80660,0
50000,2,2,4,-1,-1,-1,-1,-1,-1,21956,20439,20691,17081,16234,16330,2000,1306,1206,1000,697,532,28044,29561,29309,32919,33766,33670,105990,0
20000,3,2,4,-1,-1,-1,2,-1,-1,10248,11271,13513,12999,14456,16313,1501,2743,0,1686,2089,0,9752,8729,6487,7001,5544,3687,70781,1
320000,1,2,4,-1,-1,-1,-1,-2,-2,885,2116,11481,0,0,0,2116,11481,0,0,0,240,319115,317884,308519,320000,320000,320000,645,0
60000,3,2,4,-1,-1,-1,-1,-1,-1,2811,297,734,399,670,0,297,737,399,670,0,9398,57189,59703,59266,59601,59330,60000,-6590,1
230000,1,2,3,-2,-2,-2,-2,-2,-2,1034,299,8994,1796,3970,7214,299,8997,1808,3970,7214,3684,228966,229701,221006,228204,226030,222786,-2665,0
170000,1,2,4,-1,-1,-1,-1,-1,-1,1978,2191,3185,0,582,3779,2191,3185,0,582,3779,75,168022,167809,166815,170000,169418,166221,1903,0
400000,1,2,3,1,2,2,-2,-2,-2,9279,7419,0,3378,0,590,0,0,3378,0,590,2951,390721,392581,400000,396622,400000,399410,13747,0
200000,3,4,4,-1,-1,-1,-1,-1,-1,3943,1443,2203,2189,5475,5506,1443,2583,2189,5475,5506,15837,196057,198557,197797,197811,194525,194494,-12274,0
250000,3,2,4,-2,-2,-2,-2,-2,-2,193355,8173,-11,-11,39618,20380,8173,0,0,39629,20380,32701,56645,241827,250011,250011,210382,229620,160621,0
460000,2,2,4,-1,-1,-1,-1,-1,-1,581319,552144,523423,493548,429966,427216,19141,19141,20141,14642,31549,15522,-121319,-92144,-63423,-33548,30034,32784,2887480,1
10000,3,4,4,-1,-1,-1,2,2,-1,1083,390,390,390,0,780,780,780,0,0,780,0,8917,9610,9610,9610,10000,9220,693,0
50000,2,2,4,-1,-1,-1,-1,-1,-1,32570,34713,39803,41790,44351,46194,3000,6000,3000,3500,3500,1600,17430,15287,10197,8210,5649,3806,218821,0
150000,2,2,4,-2,-2,-2,-2,-2,-2,0,0,0,0,0,0,0,0,0,0,0,0,150000,150000,150000,150000,150000,150000,0,1
290000,2,2,4,-1,-1,-1,-1,-1,-1,272799,261286,246740,224260,233251,226100,10109,10126,7095,30227,40213,40211,17201,28714,43260,65740,56749,63900,1326455,0
50000,3,2,4,-1,-1,-1,-1,-1,-1,7308,7987,8582,9719,9692,9663,1200,1500,1300,500,500,500,42692,42013,41418,40281,40308,40337,47451,0
120000,3,2,5,-1,-1,-1,-1,-1,-1,58436,60202,61042,61253,57695,2530,2740,2407,1421,0,0,840,61564,59798,58958,58747,62305,117470,293750,0
250000,1,2,4,-1,-1,-1,-1,-1,-1,440,439,440,440,880,440,439,441,440,880,0,590,249560,249561,249560,249560,249120,249560,289,0
500000,3,2,4,-2,-2,-2,-2,-2,-2,0,0,0,0,0,0,0,0,0,0,0,0,500000,500000,500000,500000,500000,500000,0,1
160000,2,2,4,-1,-1,-1,-1,-1,-1,86179,83960,61589,58702,56853,56002,4000,3000,2000,2000,3000,5000,73821,76040,98411,101298,103147,103998,384285,0
60000,3,2,4,1,2,-1,-1,-1,-1,26259,25544,26578,27828,28271,28868,0,1750,2000,1200,1200,1131,33741,34456,33422,32172,31729,31132,156067,0
10000,2,6,4,1,4,3,2,2,-1,8546,8267,7992,8610,8325,8441,0,0,900,0,400,900,1454,1733,2008,1390,1675,1559,47981,1
20000,2,2,4,1,-1,-1,-1,2,-1,0,390,181,891,501,1051,780,181,1100,0,1100,4030,20000,19610,19819,19109,19499,18949,-4177,0
80000,2,2,4,-1,-1,-1,-1,-1,-1,42731,23086,23661,24678,25766,26351,1365,1500,1412,1500,1000,1100,37269,56914,56339,55322,54234,53649,158396,1
100000,3,2,4,-1,-1,-1,-1,-1,-1,101890,100403,101350,101324,101475,100558,4000,4000,4000,4000,4000,4000,-1890,-403,-1350,-1324,-1475,-558,583000,0
30000,3,2,4,2,2,-1,-1,-1,-1,35647,34775,35946,37685,33305,28305,0,1733,2452,1072,1089,3101,-5647,-4775,-5946,-7685,-3305,1695,196216,0
230000,2,4,4,-1,-1,-1,-1,-1,-1,148058,161291,136908,118358,115497,118539,20074,6246,8836,5955,8984,4507,81942,68709,93092,111642,114503,111461,744049,0
360000,3,2,4,-2,-2,-2,-2,-2,-2,0,208,2489,786,0,486,208,2489,786,0,486,150,360000,359792,357511,359214,360000,359514,-150,1
30000,3,2,4,-1,-1,-1,-1,-1,-1,27964,25817,27097,27930,16288,17023,1720,2000,1700,1000,1000,1000,2036,4183,2903,2070,13712,12977,133699,0
300000,3,2,4,-1,-1,-1,-1,-1,-1,293174,268652,285524,235773,221123,221269,15000,25000,8000,22000,10060,9000,6826,31348,14476,64227,78877,78731,1436455,0
110000,3,2,5,-1,-1,-1,-1,-1,-1,83050,85550,76793,13062,12609,12638,4000,3275,3028,3000,2000,2000,26950,24450,33207,96938,97391,97362,266399,0
450000,1,2,4,-2,-2,-2,-2,-2,-2,2500,0,0,0,0,0,0,0,0,0,0,0,447500,450000,450000,450000,450000,450000,2500,0
330000,3,2,4,-1,-1,-1,-1,-1,-1,287021,191065,290451,192123,196860,-3140,6802,102428,4100,4937,3140,184036,42979,138935,39549,137877,133140,333140,848937,0
240000,2,2,4,2,-1,-1,-1,2,-1,72188,74270,75959,80473,78883,80625,3000,3200,6100,0,2900,3000,167812,165730,164041,159527,161117,159375,444198,0
100000,3,2,4,-1,-1,-1,-1,-1,-1,17048,26593,50330,7495,9584,0,10000,35000,2000,2089,0,0,82952,73407,49670,92505,90416,100000,61961,0
30000,3,2,4,-1,-1,-1,-1,-1,-1,29261,29960,28316,28966,29542,30163,1500,1790,1440,1016,1055,1188,739,40,1684,1034,458,-163,168219,0
120000,3,2,4,-1,-1,-1,-1,-1,-1,109372,111564,112482,115046,80987,85921,5500,4200,4552,3100,6416,0,10628,8436,7518,4954,39013,34079,591604,0
310000,2,2,4,-1,-1,-1,-1,-1,-1,316,316,6464,7016,4351,17016,316,6464,1000,4351,17016,1206,309684,309684,303536,302984,305649,292984,5126,0
290000,1,2,4,-2,-2,-2,-2,-2,-2,0,22888,783,40720,4352,504,22888,783,40720,4352,504,720,290000,267112,289217,249280,285648,289496,-720,0
230000,3,2,4,-2,-2,-2,-2,-2,-2,986,3915,2233,1410,0,0,3939,2244,1421,0,0,236,229014,226085,227767,228590,230000,230000,704,0
270000,2,2,4,-1,-1,-1,-1,-1,-1,43210,45670,47625,49332,22950,25561,3500,3000,3000,3000,3000,4000,226790,224330,222375,220668,247050,244439,214848,0
160000,4,4,4,-1,-1,-1,-1,-1,-1,157018,135516,117895,86943,23433,20000,5000,5000,2200,500,1000,0,2982,24484,42105,73057,136567,140000,527105,0
280000,2,2,4,2,2,2,2,-1,-1,258764,279451,280882,218619,201679,195934,25000,7500,0,6500,7000,6000,21236,549,-882,61381,78321,84066,1383329,0
20000,2,2,4,1,2,-1,-1,-1,-1,14930,14404,15558,16166,8824,0,11,1392,1000,176,0,0,5070,5596,4442,3834,11176,20000,67303,1
400000,1,2,4,-1,-1,-1,-1,-1,-1,153951,193159,72201,199209,179290,9780,193358,72356,199209,411,0,126743,246049,206841,327799,200791,220710,390220,215513,0
50000,3,4,4,-1,-1,-1,2,-1,-1,26242,2946,6152,4419,4419,1473,3006,6152,0,0,0,0,23758,47054,43848,45581,45581,48527,36493,0
130000,2,2,4,-1,-1,2,-1,-1,-1,50662,51562,47928,45456,42704,2552,4600,0,1500,0,2000,0,79338,78438,82072,84544,87296,127448,232764,0
100000,3,6,4,1,2,-1,-1,2,2,28625,27969,28812,31134,30444,32460,0,1500,2700,0,2400,0,71375,72031,71188,68866,69556,67540,172844,0
400000,2,2,4,-1,-1,2,-1,-1,-1,530,5332,5101,6201,2173,2803,5101,6,2000,2173,2000,4500,399470,394668,394899,393799,397827,397197,6360,0
120000,2,2,4,1,-2,-2,-2,-1,-1,-200,-200,-200,0,700,1935,0,0,200,700,1935,0,120200,120200,120200,120000,119300,118065,-800,1
200000,1,2,4,1,2,2,-1,-1,-1,203108,206084,187747,159746,140632,143092,7500,0,6014,5000,6000,5000,-3108,-6084,12253,40254,59368,56908,1010895,1
260000,1,2,4,1,-2,-2,-2,-2,-2,0,0,0,0,0,0,0,0,0,0,0,0,260000,260000,260000,260000,260000,260000,0,0
110000,1,2,4,-1,-1,-1,-1,-1,-1,34102,30442,25656,22049,22456,18326,2000,1700,1800,1000,800,800,75898,79558,84344,87951,87544,91674,144931,0
260000,3,2,5,-2,-2,-2,-2,-2,-2,0,0,0,0,0,0,0,0,0,0,0,0,260000,260000,260000,260000,260000,260000,0,1
220000,1,2,4,1,-2,-2,-2,-1,-1,0,0,0,0,5889,300,0,0,0,5889,300,165,220000,220000,220000,220000,214111,219700,-165,0
60000,3,2,5,-1,-1,-1,-1,-1,-1,28208,29230,30739,30841,28069,27941,1495,2004,2009,1211,2000,1201,31792,30770,29261,29159,31931,32059,165108,0
140000,3,2,4,-1,-1,3,2,2,5,11106,13627,13125,14600,16066,17521,3000,0,2000,2000,2000,3000,128894,126373,126875,125400,123934,122479,74045,0
100000,3,2,4,-1,-1,-1,-1,-1,-1,16469,17885,19587,21256,22895,24514,2000,2000,2000,2000,2000,2000,83531,82115,80413,78744,77105,75486,110606,0
360000,2,4,4,1,-1,-1,-1,-1,-1,-28,15500,2145,9944,4540,8024,15528,2145,9944,4540,8024,4421,360028,344500,357855,350056,355460,351976,-4477,0
160000,2,2,4,-1,-1,2,-1,-1,-1,465,10451,9385,2260,1313,947,10451,0,4560,2626,1894,7428,159535,149549,150615,157740,158687,159053,-2138,0
30000,2,2,4,1,2,-1,-1,-1,-1,34104,31600,30199,30010,24660,22042,0,2000,2000,1500,2000,3000,-4104,-1600,-199,-10,5340,7958,162115,1
200000,2,2,4,-1,-1,-1,-1,-1,-1,290122,274868,280828,286702,293038,299317,7100,7500,7500,8000,8000,4500,-90122,-74868,-80828,-86702,-93038,-99317,1682275,0
330000,2,4,4,-1,-1,-1,-1,-1,-1,130797,112383,79505,80589,76180,61693,20000,3500,19000,15000,3000,2139,199203,217617,250495,249411,253820,268307,478508,0
80000,3,2,4,-1,-1,-1,-1,-2,-2,1407,2445,3377,-6,2188,5808,1068,1000,6,2194,5825,0,78593,77555,76623,80006,77812,74192,5126,0
140000,1,2,4,-1,-1,-1,-1,-1,-1,136084,138468,93802,94531,96264,98135,6500,4300,3500,3600,3881,4200,3916,1532,46198,45469,43736,41865,631303,1
270000,3,2,4,-2,-1,-1,-1,-1,-1,2039,7918,4246,4875,836,5949,7922,4246,4875,836,5949,1258,267961,262082,265754,265125,269164,264051,777,0
90000,3,2,4,-1,-1,-1,-1,-1,-1,91123,90056,88330,83948,82168,82304,3614,3223,3172,2743,3051,3081,-1123,-56,1670,6052,7832,7696,499045,0
120000,3,4,4,-1,-1,-1,-1,-1,-1,6574,1374,45802,53231,25888,27114,1374,45812,10000,900,3000,3000,113426,118626,74198,66769,94112,92886,95897,0
50000,2,2,4,-1,-1,-1,-1,-1,-1,49068,47947,49293,41941,39643,39273,1848,2194,1842,1544,1396,1420,932,2053,707,8059,10357,10727,256921,0
320000,3,2,4,-2,-2,-2,-2,-2,-2,650,2080,218,0,2355,0,2080,218,0,2355,0,0,319350,317920,319782,320000,317645,320000,650,0
80000,2,4,4,-1,-1,-1,-1,-1,-1,49350,49533,49339,50415,45859,43152,2000,2000,2000,2007,1600,1900,30650,30467,30661,29585,34141,36848,276141,0
180000,2,2,4,-2,-2,-2,-2,-2,-2,0,0,750,1576,1504,0,0,750,1576,1504,0,1000,180000,180000,179250,178424,178496,180000,-1000,0
60000,2,4,4,-1,-1,-1,-1,-1,-1,38788,18251,19289,19033,20793,23530,2065,2000,2000,2000,3000,3000,21212,41749,40711,40967,39207,36470,125619,0
440000,1,2,4,-1,-1,-1,-1,-1,-1,293717,254498,169622,169140,152404,138447,9700,6323,5700,4800,4000,4500,146283,185502,270378,270860,287596,301553,1142805,0
50000,3,2,4,1,-1,3,2,2,-1,0,1381,1214,1494,457,5523,1381,0,457,0,5523,10379,50000,48619,48786,48506,49543,44477,-7671,1
160000,1,4,4,-2,-2,-2,-2,-2,-2,1902,14706,706,706,316,1096,14846,1096,706,316,1096,316,158098,145294,159294,159294,159684,158904,1056,0
50000,2,2,4,1,2,2,-2,-2,-2,4746,4496,0,0,0,0,0,0,0,0,0,0,45254,45504,50000,50000,50000,50000,9242,0
50000,3,4,4,2,2,-2,-2,-2,-2,50525,0,0,0,0,0,0,0,0,0,0,0,-525,50000,50000,50000,50000,50000,50525,1
140000,1,4,4,1,3,2,2,2,2,17962,17381,18104,17516,18721,18280,0,1300,0,1500,0,1900,122038,122619,121896,122484,121279,121720,103264,1
80000,3,2,4,-1,-1,-1,-1,-1,-1,80297,65002,62321,43303,40866,40573,3410,13800,3557,1620,1520,1805,-297,14998,17679,36697,39134,39427,306650,0
300000,3,6,4,-2,-2,-2,-2,-2,-2,0,0,0,0,0,0,0,0,0,0,0,0,300000,300000,300000,300000,300000,300000,0,0
40000,3,2,5,-1,-1,-1,-1,-1,-1,14019,15780,18519,21058,8204,9899,2000,3000,3000,6000,2000,2000,25981,24220,21481,18942,31796,30101,69479,0
30000,2,2,4,-1,-1,-1,-1,-1,-1,38866,29432,33364,30149,27028,29261,2000,4501,2396,4000,3076,1068,-8866,568,-3364,-149,2972,739,171059,1
300000,3,2,4,-2,-2,-2,-2,-2,-2,0,0,0,0,0,0,0,0,0,0,0,4886,300000,300000,300000,300000,300000,300000,-4886,1
20000,2,2,4,3,2,3,2,2,4,8803,11137,10672,11201,12721,11946,2800,0,1000,2000,0,0,11197,8863,9328,8799,7279,8054,60680,1
20000,3,4,4,-1,-1,-1,-1,-1,-1,13543,14308,16856,18073,18773,19166,1300,2800,1500,1000,695,1000,6457,5692,3144,1927,1227,834,92424,0
140000,2,2,4,-1,-1,-1,-1,-1,-1,123460,85778,89255,82800,16800,5367,5000,5000,4132,16800,5367,2000,16540,54222,50745,57200,123200,134633,365161,0
200000,3,2,3,2,-1,2,2,2,-1,570,52439,51040,56205,54723,58657,52439,0,6000,0,5000,2286,199430,147561,148960,143795,145277,141343,207909,1
200000,1,2,4,-1,2,2,-1,-1,-1,2070,3250,0,1500,750,750,2500,0,2250,0,750,845,197930,196750,200000,198500,199250,199250,1975,0
400000,2,4,4,-1,-1,2,-1,-1,-1,15986,4359,1783,129,3170,657,4359,0,129,3170,657,1160,384014,395641,398217,399871,396830,399343,16609,0
290000,3,2,4,1,2,2,2,2,-1,173564,176233,171993,183510,179061,182891,7000,0,14367,0,6700,7000,116436,113767,118007,106490,110939,107109,1032185,0
210000,3,2,4,-1,-1,2,-1,-1,-1,88680,86225,84144,86894,88779,90641,7350,0,4000,3153,3268,3202,121320,123775,125856,123106,121221,119359,504390,0
50000,2,2,4,-1,-1,-1,-1,-1,-1,46137,46975,47500,47921,17125,16686,2000,2045,1466,600,604,608,3863,3025,2500,2079,32875,33314,215021,0
20000,3,4,4,-1,-1,-1,2,-1,-1,11471,12188,15074,14426,14526,15026,1214,3100,0,500,500,0,8529,7812,4926,5574,5474,4974,77397,0
360000,1,4,4,-1,-1,-1,-2,-1,-1,4463,3270,0,0,621,0,3270,0,0,621,0,0,355537,356730,360000,360000,359379,360000,4463,0
70000,3,2,4,2,-1,-1,-1,-1,-1,70659,61100,62497,47581,48805,50018,3000,3200,2000,2000,2000,2000,-659,8900,7503,22419,21195,19982,326460,1
80000,2,2,4,1,2,2,2,2,-1,82904,80954,80070,74172,68002,58032,0,7000,4007,0,3000,3000,-2904,-954,-70,5828,11998,21968,427127,0
230000,3,2,5,-2,-2,-2,-2,-2,-2,0,5580,500,1614,0,2800,5580,500,1614,0,2800,0,230000,224420,229500,228386,230000,227200,0,0
30000,2,4,4,-1,-1,-1,-1,2,-1,19629,20639,22302,23208,21822,16624,1340,2000,1800,0,641,463,10371,9361,7698,6792,8178,13376,117980,0
500000,1,2,4,-1,-1,-1,-1,-1,-1,76701,71680,67260,76145,74831,111826,2540,3334,15012,2822,40025,20067,423299,428320,432740,423855,425169,388174,394643,0
260000,1,2,4,1,-1,-1,-1,-1,-2,0,2000,558,218,0,0,2000,558,218,0,0,0,260000,258000,259442,259782,260000,260000,0,0
330000,1,2,4,-2,-2,-2,-2,-2,-2,880,2304,0,440,0,115,2304,0,440,0,115,0,329120,327696,330000,329560,330000,329885,880,1
350000,1,2,4,-2,-2,-2,-2,-2,-2,0,0,0,0,0,42800,0,0,0,0,42800,0,350000,350000,350000,350000,350000,307200,0,0
200000,4,2,4,-2,-2,-2,-2,-2,-2,0,1882,1312,0,0,0,1882,1325,0,0,0,0,200000,198118,198688,200000,200000,200000,-13,0
130000,2,4,4,-1,-1,-1,-1,-1,-1,124007,124919,119553,116530,113962,113972,6000,5000,4214,4500,5000,4200,5993,5081,10447,13470,16038,16028,684029,0
610000,3,2,4,-1,-1,-1,-1,-1,-1,10579,11299,7380,3755,20515,11497,11299,9710,3769,20515,0,1070,599421,598701,602620,606245,589485,598503,18662,0
330000,2,2,4,-1,-1,-1,2,-1,-1,208263,200865,194176,184986,173688,164579,10000,10500,8000,6000,6000,6000,121737,129135,135824,145014,156312,165421,1080057,0
70000,2,2,4,2,2,2,2,2,2,42815,43913,44911,45772,46611,47508,2100,2000,1900,1900,1800,1900,27185,26087,25089,24228,23389,22492,259930,1
110000,3,4,4,-1,-1,-1,-1,-1,-1,111255,110615,112071,89274,91413,95541,4112,4519,4000,4000,6000,4000,-1255,-615,-2071,20726,18587,14459,583538,0
120000,1,2,4,-1,-1,-1,-1,-1,-1,117287,120290,116082,118405,99081,106300,6500,6000,6000,4000,9000,0,2713,-290,3918,1595,20919,13700,645945,0
480000,1,2,4,-2,-2,-2,-2,-2,-2,105286,86619,18802,34863,73914,47938,87170,18802,34874,73921,47938,56447,374714,393381,461198,445137,406086,432062,48270,0
80000,2,4,4,-1,-1,-1,-1,-1,-1,88819,77304,79545,55119,45630,45630,2990,3714,1500,1000,0,0,-8819,2696,455,24881,34370,34370,382843,0
200000,1,2,4,-1,-1,-1,-1,-1,-1,16964,317,1169,3175,153,0,317,1169,3178,153,0,0,183036,199683,198831,196825,199847,200000,16961,0
20000,2,2,4,-1,-1,-1,-1,-1,-1,11156,13263,13357,14427,14894,15112,2300,1300,1300,700,600,600,8844,6737,6643,5573,5106,4888,75409,0
230000,3,2,6,-1,-1,-1,-1,-1,-1,183500,147525,147391,149904,151816,103443,7000,5500,7000,6066,4000,5000,46500,82475,82609,80096,78184,126557,849013,1
40000,3,4,4,-1,-1,-1,-1,-1,-1,31960,33429,34887,35607,36514,37921,2000,2000,1600,1500,2000,3200,8040,6571,5113,4393,3486,2079,198018,0
350000,2,2,4,-2,-2,-2,-2,-2,-2,1966,14440,13176,9399,10477,10775,14515,13316,9446,10529,10829,12876,348034,335560,336824,340601,339523,339225,-11278,0
360000,2,2,4,-1,-1,-1,-2,-2,-2,919,2374,-7,-7,-7,-7,2385,0,0,0,0,0,359081,357626,360007,360007,360007,360007,880,0
30000,3,2,5,2,2,2,-1,-1,-1,27943,30734,28092,29112,29555,28536,3580,0,1800,1200,1083,1200,2057,-734,1908,888,445,1464,165109,0
360000,2,2,5,2,-1,-1,-1,-1,-1,353176,353782,303494,260113,263229,268446,13869,11644,12307,9474,9662,9794,6824,6218,56506,99887,96771,91554,1735490,1
30000,3,2,5,3,2,2,7,7,7,1950,1950,1950,1950,1950,1950,0,0,0,0,0,0,28050,28050,28050,28050,28050,28050,11700,1
120000,3,2,5,1,2,-1,-1,-1,-1,121709,78369,61849,57737,59174,60651,99,8800,2700,3000,2600,2200,-1709,41631,58151,62263,60826,59349,420090,1
20000,3,2,4,-1,-1,-1,-1,-1,-1,19774,14990,14071,15512,17081,21108,2009,2000,2000,2000,5016,11,226,5010,5929,4488,2919,-1108,89500,0
140000,1,2,4,3,2,2,3,3,3,450,450,450,450,1450,1150,0,0,0,1000,0,0,139550,139550,139550,139550,138550,138850,3400,1
20000,2,2,4,1,2,-1,-1,-1,-2,19328,18711,17657,20000,0,0,0,1700,3000,0,0,0,672,1289,2343,0,20000,20000,70996,1
80000,3,2,4,-1,-1,-1,-1,-1,-1,68519,69493,70656,72290,390,390,2500,2671,3308,390,390,390,11481,10507,9344,7710,79610,79610,272089,0
360000,3,2,4,1,-2,-2,-2,-2,-2,0,0,0,0,0,0,0,0,0,0,0,253,360000,360000,360000,360000,360000,360000,-253,0
50000,3,2,4,-1,-1,-1,-1,-1,-1,45652,44037,40517,29734,16198,16669,1734,5000,1000,10160,16669,692,4348,5963,9483,20266,33802,33331,157552,0
150000,1,2,4,-1,-1,-1,-1,-1,-1,14149,18734,17822,32353,25007,16708,18734,18040,32353,25000,16708,168381,135851,131266,132178,117647,124993,133292,-154443,0
20000,2,4,4,2,4,4,3,3,2,17474,18396,17826,18547,19118,18679,1500,0,1300,1170,0,1600,2526,1604,2174,1453,882,1321,104470,0
10000,3,4,4,2,2,2,2,-1,-1,9917,6615,8355,8000,9000,10000,3400,2000,0,1000,1000,9000,83,3385,1645,2000,1000,0,35487,1
100000,2,4,4,-2,-1,2,-1,-1,-1,390,780,390,390,3863,390,780,0,390,3863,390,390,99610,99220,99610,99610,96137,99610,390,0
360000,3,2,6,-2,-2,-2,-2,-2,-2,0,0,0,0,0,0,0,0,0,0,0,0,360000,360000,360000,360000,360000,360000,0,1
170000,2,4,4,-2,-2,-2,-2,-2,-2,784,605,826,500,0,487,605,826,550,0,487,0,169216,169395,169174,169500,170000,169513,734,0
70000,3,2,4,-1,-1,-1,-1,-1,-1,68467,64657,55201,26213,26734,27304,2249,1519,1435,956,1000,1060,1533,5343,14799,43787,43266,42696,260357,0
30000,3,2,4,-1,-1,-1,-1,-1,-1,8615,9960,11492,12391,12891,9069,1500,1700,1500,500,1000,0,21385,20040,18508,17609,17109,20931,58218,0
80000,1,4,4,-1,-1,-1,-1,-1,-1,78294,79247,74954,79356,48981,46848,3500,5608,8000,1205,1500,2000,1706,753,5046,644,31019,33152,385867,1
100000,3,4,4,-1,-1,-1,-1,-1,-1,98067,96802,97177,99043,74453,76252,4600,5000,4600,3000,3000,3000,1933,3198,2823,957,25547,23748,518594,0
20000,3,2,4,1,3,2,2,-1,-1,9061,8769,9680,9376,9720,10962,0,1200,0,500,1400,0,10939,11231,10320,10624,10280,9038,54468,1
60000,2,4,4,1,2,-1,-1,-1,2,8735,8448,9156,10226,12041,11704,0,1000,1226,2000,0,1100,51265,51552,50844,49774,47959,48296,54984,1
510000,3,2,5,-1,-1,-1,2,-1,-1,187070,181733,192903,181801,178179,223100,8500,17000,0,6508,50000,7000,322930,328267,317097,328199,331821,286900,1055778,0
260000,3,2,4,-1,-1,-2,-2,-2,-2,9760,5465,2504,15809,3756,9560,5484,2504,16593,3764,11092,963,250240,254535,257496,244191,256244,250440,6454,0
360000,1,2,5,-2,-2,-2,-2,-1,-1,0,4900,0,0,5640,0,4900,0,0,5640,0,0,360000,355100,360000,360000,354360,360000,0,0
300000,2,2,4,-2,-2,-2,-2,-2,-2,7733,7424,8042,7733,7733,7733,7424,8351,7733,7733,7733,7733,292267,292576,291958,292267,292267,292267,-309,0
160000,3,2,6,-1,-1,-1,-1,-1,-1,79201,69376,66192,16905,0,19789,3783,2268,16905,0,19789,26442,80799,90624,93808,143095,160000,140211,182276,0
240000,2,2,4,3,2,2,-2,-2,-2,2500,2500,0,0,0,0,0,0,0,0,0,0,237500,237500,240000,240000,240000,240000,5000,1
150000,3,4,4,2,-1,-1,-1,-1,-1,152767,152319,120458,98302,69424,70906,6251,5000,3903,2500,2600,2600,-2767,-2319,29542,51698,80576,79094,641322,0
90000,3,4,5,-1,-1,-1,-1,-1,-1,1933,63201,5322,27878,27243,27799,63201,5322,26400,545,556,1274,88067,26799,84678,62122,62757,62201,56078,0
500000,2,2,6,-2,-2,-2,-2,-2,-2,0,2826,2652,2835,8896,3850,2826,2652,2835,8896,3850,711,500000,497174,497348,497165,491104,496150,-711,1
140000,2,2,5,2,2,-1,-1,-1,-1,113079,109796,112144,114789,115590,118221,0,5600,6000,4200,4500,4600,26921,30204,27856,25211,24410,21779,658719,1
170000,3,2,4,-1,-1,-1,-1,-1,-1,163452,163148,161315,164366,124387,120529,7300,8000,7800,4600,5000,5100,6548,6852,8685,5634,45613,49471,859397,0
280000,1,2,4,-2,-2,-2,-2,-2,-2,4320,4789,9957,12492,3464,3936,4811,9957,12492,3469,3936,3845,275680,275211,270043,267508,276536,276064,448,0
30000,1,2,2,-1,-1,-1,-1,-1,-1,26061,27104,28076,25991,25429,26234,1780,1752,1666,800,1161,3128,3939,2896,1924,4009,4571,3766,148608,0
120000,1,2,2,-1,-1,2,-1,-1,-2,646,1278,639,621,-18,-18,1271,0,621,0,0,0,119354,118722,119361,119379,120018,120018,1256,1
50000,3,4,4,2,-1,-1,-1,-1,-1,13741,14750,15774,17087,17119,17602,1243,1267,1580,612,758,700,36259,35250,34226,32913,32881,32398,89913,0
80000,2,2,3,-1,-1,-1,2,-1,-1,60588,61369,44810,43766,44636,93074,2505,3745,0,1571,2627,1662,19412,18631,35190,36234,35364,-13074,336133,0
180000,2,2,1,-1,-1,-1,-1,-1,-1,177554,175969,174812,177252,129190,130431,6500,7000,7100,5000,5000,5000,2446,4031,5188,2748,50810,49569,929608,0
400000,2,2,1,1,-1,-1,-1,-1,-1,938,348,292,12677,1650,1516,350,292,12677,1650,1516,12017,399062,399652,399708,387323,398350,398484,-11081,0
50000,1,2,1,-1,-1,3,2,2,-1,13258,18647,18064,19462,18854,20380,5635,0,2000,0,2000,2000,36742,31353,31936,30538,31146,29620,97030,1
60000,3,2,1,-1,-1,-1,-1,-1,-1,17054,16963,17298,17889,17847,17827,1600,1300,1277,625,644,639,42946,43037,42702,42111,42153,42173,98793,0
200000,2,2,1,-2,-2,-2,-2,-2,-2,13765,14304,29399,15817,6155,9955,14304,29404,15825,6155,9955,19773,186235,185696,170601,184183,193845,190045,-6021,0
50000,1,2,1,-1,-1,-1,2,-1,-1,50085,2127,6093,5850,9558,15371,3000,4000,0,4000,6000,0,-85,47873,43907,44150,40442,34629,72084,1
20000,3,1,1,-1,-1,-1,-1,-1,-1,16066,17477,17041,18239,17919,17398,2000,1400,1500,1000,1000,1000,3934,2523,2959,1761,2081,2602,96240,1
130000,2,3,1,-1,-1,-2,-2,-1,-1,25200,0,0,0,500,0,0,0,0,500,0,0,104800,130000,130000,130000,129500,130000,25200,0
10000,2,2,1,-1,5,4,3,2,5,10160,9860,9565,9265,11951,12189,0,0,0,3000,1000,0,-160,140,435,735,-1951,-2189,58990,0
50000,3,2,1,-1,-1,-1,-1,-1,-1,50343,24132,20109,19932,19762,10708,1319,1902,1200,30,1031,20201,-343,25868,29891,30068,30238,39292,119303,0
10000,2,2,1,-1,-1,-1,-1,-1,-2,7521,8519,8142,8235,0,0,1145,1148,1021,0,0,0,2479,1481,1858,1765,10000,10000,29103,0
200000,3,2,1,-1,-1,-1,-1,-1,-1,3179,3844,5117,6877,7504,8148,1844,2117,1877,1504,1148,2599,196821,196156,194883,193123,192496,191852,23580,0
10000,2,2,1,-1,-1,-1,-1,-1,-1,9457,9554,7335,9025,7886,8382,1107,1310,2000,269,1000,1100,543,446,2665,975,2114,1618,44853,0
50000,3,2,1,-1,-1,2,2,-1,-1,39686,43685,44694,43673,44659,49512,5000,2000,0,2000,6000,300,10314,6315,5306,6327,5341,488,250609,0
20000,2,2,1,1,2,2,-1,-1,2,17081,16809,17541,18250,19463,19010,300,1305,1305,1518,0,1861,2919,3191,2459,1750,537,990,101865,1
10000,3,3,1,-1,-1,-1,-1,-1,-1,9473,9661,9001,9768,9233,9154,1288,1400,1200,300,800,500,527,339,999,232,767,846,50802,1
100000,3,1,2,-1,-1,-1,-1,-1,-1,94467,96521,98728,74239,75704,55704,3627,3938,2515,2516,4022,2032,5533,3479,1272,25761,24296,44296,476713,0
50000,2,2,1,-1,-1,-1,-1,-1,-1,49842,49830,50116,49184,19184,18021,2000,2100,1500,1000,1000,1000,158,170,-116,816,30816,31979,227577,0
50000,2,2,1,-1,-1,-1,2,2,2,46926,18385,11097,10596,12421,12129,1387,4200,0,1958,0,1000,3074,31615,38903,39404,37579,37871,103009,0
50000,2,2,1,-1,-1,-1,-1,-1,-1,11148,13637,14959,16204,16536,17118,3000,1850,1800,900,1000,1000,38852,36363,35041,33796,33464,32882,80052,0
160000,1,2,1,-1,-1,-1,-1,-1,-1,6760,7043,9499,2814,2174,26053,4000,3000,1000,2274,25456,4000,153240,152957,150501,157186,157826,133947,14613,0
10000,1,2,1,-1,-1,-1,-1,-1,-1,6927,5313,6264,5970,7175,6032,1500,3500,1000,2000,2500,1000,3073,4687,3736,4030,2825,3968,26181,0
20000,2,2,1,-1,-1,-1,-1,-1,-1,6321,4813,595,18628,19324,19208,6000,597,21722,1000,697,860,13679,15187,19405,1372,676,792,38013,0
20000,2,2,1,1,2,2,2,-1,-1,19698,20305,20602,19850,20277,17525,2000,1300,0,702,620,0,302,-305,-602,150,-277,2475,113635,1
50000,2,2,1,-1,-1,-1,-1,-1,-1,51159,51699,50584,20480,9413,9712,3000,2650,2100,10000,600,500,-1159,-1699,-584,29520,40587,40288,174197,0
90000,2,2,1,-1,-1,-1,-1,-1,-1,37985,36664,22265,30504,26909,25685,2010,2000,10004,1010,2000,2000,52015,53336,67735,59496,63091,64315,160988,0
20000,2,2,1,2,2,2,2,-1,-1,5266,6026,15855,16295,17023,17388,1000,10000,1000,1000,639,2822,14734,13974,4145,3705,2977,2612,61392,1
20000,1,2,1,1,2,2,2,-1,-1,6696,7437,8810,9470,18315,19237,1000,1495,1000,9000,1800,900,13304,12563,11190,10530,1685,763,54770,1
50000,2,2,1,-1,-1,-1,-1,-1,-1,50175,49798,50795,50150,9658,10011,1796,2193,2040,330,492,332,-175,202,-795,-150,40342,39989,213404,0
10000,3,2,1,-1,-1,-1,-1,-1,-1,8604,8594,9259,9733,9528,9513,1600,1351,1215,400,200,166,1396,1406,741,267,472,487,50299,0
150000,2,2,1,-1,-1,-1,-1,-1,-1,9514,14961,3337,1012,4944,1016,15046,3367,1020,5392,1016,0,140486,135039,146663,148988,145056,148984,8943,0
60000,2,2,1,-1,-1,-1,-1,-1,-1,58197,47537,46576,41376,36959,35508,3000,3010,3004,3000,3000,3000,1803,12463,13424,18624,23041,24492,248139,0
20000,2,3,1,-1,-1,-1,-1,-1,-1,3855,3150,2862,3247,2857,2467,1040,1225,1000,0,2500,491,16145,16850,17138,16753,17143,17533,12182,0
10000,1,2,1,1,-2,-2,-2,-2,-2,0,0,0,0,0,0,0,0,0,0,0,0,10000,10000,10000,10000,10000,10000,0,0
20000,2,2,1,-1,-1,-1,-1,-1,-1,18836,19147,20223,19788,19927,20045,1318,1394,1159,678,793,138,1164,853,-223,212,73,-45,112486,0
10000,1,2,1,-1,-1,2,-1,-1,-1,7760,8928,8386,7512,7615,7621,1471,1100,1107,600,264,544,2240,1072,1614,2488,2385,2379,42736,0
10000,2,2,1,-1,-1,-1,-1,-1,-1,10041,9804,10034,6599,6713,3940,2000,1503,1000,2134,79,0,-41,196,-34,3401,3287,6060,40415,0
20000,2,2,1,2,-1,-1,-1,-1,-1,16794,17496,18981,19608,19600,20000,1288,1773,1400,392,400,0,3206,2504,1019,392,400,0,107226,0
50000,1,2,1,-1,-1,-1,-1,-1,-1,980,3413,1068,1386,2800,3696,3500,11000,2000,2000,6396,3000,49020,46587,48932,48614,47200,46304,-14553,0
20000,2,2,1,-1,-1,-1,-1,-1,-1,4341,5356,6376,7382,7375,7531,1245,1265,1271,264,275,900,15659,14644,13624,12618,12625,12469,33141,0
50000,2,2,1,-1,-1,-1,-1,-1,-1,6701,8770,11312,13112,13394,14176,2200,2700,2000,500,1000,700,43299,41230,38688,36888,36606,35824,58365,0
10000,2,2,1,-1,-1,-1,-1,-1,-1,7545,7510,8583,9156,9727,8706,1500,1588,1274,1235,303,300,2455,2490,1417,844,273,1294,45027,0
50000,2,2,1,-1,-1,-1,-1,-1,-1,18684,19690,21021,22067,22896,23873,1323,1654,1700,1500,1500,1000,31316,30310,28979,27933,27104,26127,119554,0
30000,1,2,1,-1,-1,-2,-2,-2,-1,11080,-202,-202,-202,-202,7571,0,0,0,0,7844,235,18920,30202,30202,30202,30202,22429,9764,0
250000,2,2,1,1,-2,-1,-1,-1,-1,0,0,1859,3582,18717,20213,0,1859,2628,41000,3000,2000,250000,250000,248141,246418,231283,229787,-6116,0
50000,2,2,1,-1,-1,-1,-1,-1,-1,49411,50385,50207,48974,19090,780,2100,2183,1211,1362,390,780,589,-385,-207,1026,30910,49220,210821,0
50000,2,2,1,-1,-1,-1,-1,-1,2,22643,23758,24870,18740,17861,17433,1497,1609,1279,1500,0,637,27357,26242,25130,31260,32139,32567,118783,1
10000,2,2,1,-1,-1,2,-1,-1,-1,2427,6109,2736,3654,3729,9446,3775,0,1000,75,994,0,7573,3891,7264,6346,6271,554,22257,1
20000,2,2,1,-1,-1,-1,-1,-1,-1,16994,18105,19504,19974,11548,10784,1700,2000,1011,300,216,0,3006,1895,496,26,8452,9216,91682,0
20000,2,2,1,-1,-1,-1,-1,-1,-1,18963,19904,18038,19032,17372,17893,1300,1400,1300,700,800,1000,1037,96,1962,968,2628,2107,104702,1
50000,2,2,1,-1,-1,-1,-1,-1,-1,50511,50478,50146,49685,50252,9958,1785,2341,2128,344,359,800,-511,-478,-146,315,-252,40042,253273,0
50000,3,2,1,1,2,-1,-1,-1,-1,50645,48259,45079,30783,1727,150,0,2177,1702,2000,350,0,-645,1741,4921,19217,48273,49850,170414,0
20000,2,2,1,-1,-1,-1,-1,-2,-2,15940,19222,20650,0,0,0,3572,2000,0,0,0,0,4060,778,-650,20000,20000,20000,50240,0
110000,2,2,1,-2,-2,-2,-2,-2,-2,326,326,176,-150,150,952,326,176,0,952,952,0,109674,109674,109824,110150,109850,109048,-626,1
20000,1,2,1,-1,-1,-1,2,2,2,11819,12840,15416,15567,15022,16855,1524,3100,696,0,2237,0,8181,7160,4584,4433,4978,3145,79962,0
50000,2,2,1,-1,-1,-1,-1,-1,-1,390,390,390,390,780,390,390,390,390,780,0,390,49610,49610,49610,49610,49220,49610,390,1
50000,2,2,1,-1,-1,-1,-1,-2,-2,43793,41739,20650,0,0,0,1651,1650,0,0,0,0,6207,8261,29350,50000,50000,50000,102881,0
140000,2,2,1,1,-1,-1,-1,-1,-1,0,850,2620,66397,62967,44226,850,2620,66397,2038,2000,15000,140000,139150,137380,73603,77033,95774,88155,0
50000,1,1,1,-1,-1,-1,2,-1,-1,47053,5472,5891,6595,8400,4041,2000,1500,1000,2000,1000,1000,2947,44528,44109,43405,41600,45959,68952,0
10000,2,2,1,1,-2,-2,-2,-2,-2,0,0,0,0,0,0,0,0,0,0,0,0,10000,10000,10000,10000,10000,10000,0,0
70000,3,2,1,1,2,-1,-1,-1,-1,69447,67209,56580,24991,16036,16667,0,4000,1500,3000,2500,5000,553,2791,13420,45009,53964,53333,234930,1
20000,2,2,1,-1,-1,-1,-1,-1,2,14989,15999,17043,18236,19376,18958,1263,1307,1500,1408,0,674,5011,4001,2957,1764,624,1042,98449,1
20000,3,2,1,3,2,2,4,4,4,1650,1650,1650,1650,1650,1650,0,0,0,0,0,0,18350,18350,18350,18350,18350,18350,9900,1
20000,2,2,1,1,2,3,2,-1,-1,18885,21563,20943,20152,19754,19204,3300,0,0,2,384,2488,1115,-1563,-943,-152,246,796,114327,1
20000,2,2,1,-1,-1,-1,-1,-1,2,17927,17384,13648,13924,15685,15292,1500,1500,1400,2000,0,2500,2073,2616,6352,6076,4315,4708,84960,0
60000,2,2,1,-1,-1,-1,-1,-1,-1,38815,40171,37274,30203,30809,33323,2023,1491,2000,1092,3000,1353,21185,19829,22726,29797,29191,26677,199636,0
50000,2,1,1,-1,-1,-1,-1,-1,-1,47410,48705,46776,48218,41037,9288,2100,2000,2300,2100,470,350,2590,1295,3224,1782,8963,40712,232114,0
50000,2,1,1,-1,-1,-1,-1,-1,-1,49007,48847,47241,47683,46844,47537,1922,2200,2000,1400,2000,2270,993,1153,2759,2317,3156,2463,275367,1
30000,2,1,1,-1,-1,-1,-1,-1,-1,11355,12670,13383,14699,14688,16749,1512,1225,1541,530,2302,0,18645,17330,16617,15301,15312,13251,76434,1
20000,3,2,1,-1,-1,-1,-1,-1,-1,19438,16944,17990,19671,19244,19443,1273,1319,2000,674,693,693,562,3056,2010,329,756,557,106078,0
50000,2,2,1,-1,-1,-1,-1,-1,2,20636,17792,17422,17273,18827,16996,1604,1702,1500,2004,16,607,29364,32208,32578,32727,31173,33004,101513,1
70000,2,2,1,1,2,-1,-1,-1,2,32536,26351,45870,46918,53153,52174,0,20000,1807,7042,0,1925,37464,43649,24130,23082,16847,17826,226228,0
70000,1,2,1,-1,-1,-1,-1,-1,-1,12109,15328,16854,16741,15154,6060,5328,4000,3000,3007,6060,5133,57891,54672,53146,53259,54846,63940,55718,0
20000,2,2,1,-1,-1,-1,-1,-1,-1,13429,14502,15564,16600,17025,17381,1300,1300,1300,700,630,650,6571,5498,4436,3400,2975,2619,88621,0
10000,2,2,1,-1,-1,-1,-1,-1,-1,4812,3072,2529,390,9478,8170,1196,2535,390,9478,0,953,5188,6928,7471,9610,522,1830,13899,1
10000,3,2,1,-1,-1,-1,-1,-1,-1,2736,4050,5426,6743,8544,9858,3000,2000,2000,2000,2000,1000,7264,5950,4574,3257,1456,142,25357,0
80000,3,2,1,-1,2,-1,-1,-1,-2,1053,193,9387,125,-68,-261,0,9387,125,0,0,0,78947,79807,70613,79875,80068,80261,917,0
60000,1,2,1,-1,-1,-1,-1,-1,-1,1193,49461,51024,32215,31088,33581,48967,2530,1525,1200,3000,1400,58807,10539,8976,27785,28912,26419,139940,0
180000,2,1,1,-1,-1,-1,-1,-1,-1,396,396,396,396,396,396,396,396,396,396,396,396,179604,179604,179604,179604,179604,179604,0,0
300000,2,2,1,-1,-1,-1,-1,-1,-1,1386,25051,9505,91527,80780,2694,25125,9565,91559,252,2694,1000,298614,274949,290495,208473,219220,297306,80748,0
70000,2,1,1,-1,-1,-1,-1,-1,-1,64691,65259,66673,62278,64268,65264,2500,2500,2500,3000,3000,2500,5309,4741,3327,7722,5732,4736,372433,0
50000,2,2,1,3,3,2,2,3,4,29373,28607,29843,32257,35421,36265,0,2000,3200,4000,2000,1500,20627,21393,20157,17743,14579,13735,179066,1
120000,2,1,1,-1,-1,-1,-1,-1,-1,16068,14775,7982,6289,7319,6958,1134,1163,1000,2000,1000,1000,103932,105225,112018,113711,112681,113042,52094,0
50000,3,2,1,-1,-1,-1,-2,-2,-2,50419,40200,0,0,0,0,1000,0,0,0,0,0,-419,9800,50000,50000,50000,50000,89619,1
170000,2,1,1,-1,-1,-1,-1,-1,-1,2697,0,1409,1337,1337,53885,0,1409,1337,0,53885,2000,167303,170000,168591,168663,168663,116115,2034,0
170000,2,2,1,-1,-1,-1,-1,-1,-1,711,176,465,1422,582,291,176,1000,1422,291,0,291,169289,169824,169535,168578,169418,169709,467,0
50000,2,2,1,1,2,-1,-1,-1,2,35905,35028,36373,37165,39539,40454,0,1908,1700,3000,1700,1700,14095,14972,13627,12835,10461,9546,214456,0
180000,1,2,1,-1,-1,-1,-1,-1,-1,177998,167021,148713,129518,125868,121823,7000,6000,5000,5000,4416,4577,2002,12979,31287,50482,54132,58177,838948,0
80000,2,1,1,2,-1,-1,-1,-1,-1,31740,74415,56435,40620,37356,35091,50000,1796,2126,1539,1807,1715,48260,5585,23565,39380,42644,44909,216674,0
50000,3,2,1,-1,-1,-1,-1,-1,-1,49006,48814,49180,44941,20056,19783,2000,2000,2005,700,856,1000,994,1186,820,5059,29944,30217,223219,0
290000,2,2,1,-1,-1,-1,-1,-1,-1,98861,89638,50453,193665,188075,162106,3221,3104,160045,4959,5201,4582,191139,200362,239547,96335,101925,127894,601686,0
160000,2,1,1,-1,-1,-1,-1,-1,-2,112022,85788,67093,30166,0,0,4342,4017,2190,3990,0,0,47978,74212,92907,129834,160000,160000,280530,1
160000,1,2,1,-1,-1,-1,-1,-1,-1,316,316,2968,19656,4056,7496,316,2968,19666,4056,7496,4836,159684,159684,157032,140344,155944,152504,-4530,0
390000,1,2,1,-1,-1,-1,-1,-1,-1,59917,73806,75614,77358,86007,88601,15000,3000,3000,10000,4000,4000,330083,316194,314386,312642,303993,301399,422303,0
10000,3,2,1,1,2,2,2,-1,-1,9737,9947,9802,8450,4060,0,1352,1000,0,1000,900,0,263,53,198,1550,5940,10000,37744,1
80000,1,6,1,-1,-1,-1,-1,-1,-1,8900,1136,720,478,219,0,1136,727,478,219,0,0,71100,78864,79280,79522,79781,80000,8893,0
160000,1,2,1,-1,-1,-1,-1,-1,-1,85748,86473,89120,88854,84598,86309,4000,5000,3096,3100,4000,5000,74252,73527,70880,71146,75402,73691,496906,0
80000,1,2,1,-1,-1,-1,-1,-1,-1,56808,55901,57030,56576,53819,48604,3000,3010,4000,5000,3000,2200,23192,24099,22970,23424,26181,31396,308528,0
360000,2,2,1,-1,-1,-1,-1,-1,-1,94672,96585,102837,110891,53827,14589,3485,7837,10185,5126,2898,350,265328,263415,257163,249109,306173,345411,443520,0
200000,2,2,1,1,2,2,2,2,2,58050,2500,2500,2500,2500,2500,0,0,0,0,0,0,141950,197500,197500,197500,197500,197500,70550,1
60000,2,2,1,-1,-1,2,2,-1,-1,56473,61514,61748,58583,28301,29301,6000,1800,0,600,1000,300,3527,-1514,-1748,1417,31699,30699,286220,0
110000,2,2,1,-1,-1,-1,-1,-1,-1,61167,60549,55400,10711,10868,11079,2721,2422,1132,289,341,327,48833,49451,54600,99289,99132,98921,202542,0
90000,1,2,1,-1,-1,-1,-1,-1,-1,61212,57315,5710,12959,9140,9333,2497,1154,8000,288,300,347,28788,32685,84290,77041,80860,80667,143083,0
50000,3,2,1,2,-1,-1,-1,-1,-1,49644,94883,42097,32394,16658,17006,2047,5728,1300,1194,617,650,356,-44883,7903,17606,33342,32994,241146,1
180000,1,2,1,-1,-1,-1,-1,-1,-1,212751,205797,206670,31546,141189,138880,40000,37000,3270,194989,5753,5000,-32751,-25797,-26670,148454,38811,41120,650821,0
30000,2,2,1,2,3,2,2,-1,-1,21403,20766,21637,22473,23312,23419,0,1500,1500,1500,1500,1500,8597,9234,8363,7527,6688,6581,125510,1
50000,1,2,1,-1,-1,-1,-1,-1,-1,9716,25045,15180,6964,7604,2173,25045,15522,6964,7604,2173,6586,40284,24955,34820,43036,42396,47827,2788,1
50000,2,2,1,-1,-1,-1,-1,-1,-1,19267,23553,21507,17827,7655,7881,5000,1700,2000,500,500,500,30733,26447,28493,32173,42345,42119,87490,0
120000,2,2,1,2,2,2,2,-1,-1,109110,105891,113662,110349,112036,114584,0,11000,0,5000,4332,9404,10890,14109,6338,9651,7964,5416,635896,0
60000,1,2,1,-1,-1,-1,-1,-1,-1,58479,58839,53235,38533,39639,39619,3000,2018,1900,2000,1500,1900,1521,1161,6765,21467,20361,20381,276026,0
70000,2,2,1,-1,-1,-1,-1,-2,-2,34700,21597,3340,0,0,0,21597,3340,0,0,0,8535,35300,48403,66660,70000,70000,70000,26165,0
50000,2,2,1,-1,-1,-1,-1,-1,2,29425,30932,32128,33588,38106,37364,2000,2000,2000,5100,0,4000,20575,19068,17872,16412,11894,12636,186443,0
240000,2,2,1,-1,-1,-1,-1,-1,-1,24779,28630,29095,28883,28372,24033,5000,1700,1500,755,3000,120000,215221,211370,210905,211117,211628,215967,31837,0
200000,2,2,1,2,2,2,2,2,2,147660,148603,143647,152605,155981,158508,5500,0,12000,8000,5800,80,52340,51397,56353,47395,44019,41492,875624,1
50000,1,2,1,-1,-1,-1,2,2,2,41761,44689,47613,48174,48731,49655,4000,4000,2000,2000,2200,1700,8239,5311,2387,1826,1269,345,264723,0
290000,1,2,1,-1,-1,-1,-1,-1,-1,196780,198682,144672,146116,109672,60439,10144,7443,35215,5011,5079,3067,93220,91318,145328,143884,180328,229561,790402,0
30000,2,2,1,1,-1,-1,2,-1,-1,-185,27478,30642,29361,29022,28409,28924,4000,0,1000,900,800,30185,2522,-642,639,978,1591,109103,0
290000,2,2,1,-1,-1,-1,-1,-1,-1,46041,47039,48047,51395,52332,416,2000,2300,5000,2600,0,416,243959,242961,241953,238605,237668,289584,232954,0
50000,3,2,1,-1,-1,-1,-1,-1,-1,50184,50664,50633,48724,19208,19917,2000,1925,5006,2000,1016,725,-184,-664,-633,1276,30792,30083,226658,0
50000,2,2,1,-1,-1,-1,-1,-1,-1,581,581,581,581,581,581,581,581,581,581,581,581,49419,49419,49419,49419,49419,49419,0,0
310000,1,2,1,-1,-1,-1,-1,-1,-1,47330,48947,49738,53602,40510,43742,4000,5000,5052,9950,5000,5000,262670,261053,260262,256398,269490,266258,249867,0
120000,2,1,1,-1,-1,-1,-1,-1,-1,101215,100685,15452,12491,3550,2729,5006,2000,3010,1000,2000,1391,18785,19315,104548,107509,116450,117271,221715,0
140000,2,2,1,1,3,2,-1,-1,-1,146023,141873,137057,135046,136131,135292,6,233,6342,4800,5100,5000,-6023,-1873,2943,4954,3869,4708,809941,1
50000,3,2,1,-1,-1,-1,-1,-1,-1,24003,25597,26237,19296,19127,18997,2000,1425,1598,819,705,819,25997,24403,23763,30704,30873,31003,125891,0
10000,2,1,1,-1,-1,-2,-2,-2,-2,1198,0,0,0,0,0,0,0,0,0,0,0,8802,10000,10000,10000,10000,10000,1198,1
110000,2,1,2,2,2,2,2,2,2,88168,90585,89555,87410,85576,84021,7300,3800,3000,3100,3000,3000,21832,19415,20445,22590,24424,25979,502115,1
20000,3,1,1,-1,-1,-1,-1,-1,-1,14576,16318,17388,17850,17737,27240,2000,1354,2113,1000,1000,1000,5424,3682,2612,2150,2263,-7240,102642,0
50000,2,2,1,-1,-1,-1,-1,-1,-1,44781,46033,47289,47462,18204,18322,2000,2000,2000,2000,3314,1000,5219,3967,2711,2538,31796,31678,209777,0
230000,2,2,1,-2,-2,-1,-1,-1,-1,-8,-8,3243,20172,26446,58598,0,3251,20174,12000,46100,65000,230008,230008,226757,209828,203554,171402,-38082,0
80000,3,2,1,1,-2,-2,-2,-2,-2,0,0,0,0,0,0,0,0,0,0,0,0,80000,80000,80000,80000,80000,80000,0,0
30000,3,2,1,-1,-1,-1,-1,-1,-1,28337,27203,25791,18972,28051,20782,2000,2000,1600,10000,2140,0,1663,2797,4209,11028,1949,9218,131396,0
100000,2,2,1,-1,-1,-1,-1,-1,-2,188853,180765,64653,10388,3762,1434,5003,3018,1400,3786,1774,12714,-88853,-80765,35347,89612,96238,98566,422160,0
280000,4,2,1,-1,-1,-1,-1,-1,-1,688,2384,696,696,1392,696,2400,696,696,1392,0,696,279312,277616,279304,279304,278608,279304,672,0
110000,1,2,1,-1,-1,-1,-1,-1,-1,65215,130746,69834,71245,72199,73711,2375,10000,3170,2735,2829,3138,44785,-20746,40166,38755,37801,36289,458703,0
110000,2,1,1,-1,-1,-1,-1,-1,-1,52489,53615,54803,55729,57001,58036,2000,2050,1895,2068,1982,1995,57511,56385,55197,54271,52999,51964,319683,0
40000,2,2,1,1,3,2,2,3,2,40933,39630,40340,42332,41023,42722,0,2000,3304,0,3000,1200,-933,370,-340,-2332,-1023,-2722,237476,0
180000,1,2,1,-1,-1,-1,-1,2,-1,23758,31278,124718,133102,124279,123748,9000,100000,12000,0,4800,6500,156242,148722,55282,46898,55721,56252,428583,0
50000,3,2,1,-1,-1,-1,-1,-1,-1,50632,49654,49746,50365,35157,19796,1808,2084,1703,975,683,657,-632,346,254,-365,14843,30204,247440,0
50000,2,2,1,-1,-1,-1,-1,-1,-1,50580,48956,49252,28838,2102,19366,3000,4063,1700,600,20000,1000,-580,1044,748,21162,47898,30634,168731,0
50000,3,2,1,-1,-1,-1,-1,-1,-1,48534,48429,49884,43799,20191,19096,1824,2279,1194,594,599,566,1466,1571,116,6201,29809,30904,222877,0
90000,1,2,1,-1,-1,-1,-1,-1,-1,21506,18304,15783,16815,17236,17807,1600,2000,1600,1000,1000,1000,68494,71696,74217,73185,72764,72193,99251,0
80000,1,2,1,-1,-1,-1,-1,-1,-1,67090,67229,24772,20000,20000,20000,2500,2089,6000,200,0,0,12910,12771,55228,60000,60000,60000,208302,0
90000,4,2,1,-2,-2,-2,-2,-2,-2,2862,0,0,1000,326,326,0,0,1000,326,326,1178,87138,90000,90000,89000,89674,89674,1684,1
50000,1,2,1,-1,-1,-1,-1,-1,-1,14577,15329,16575,17496,17907,18375,1300,1500,1500,1000,1000,1600,35423,34671,33425,32504,32093,31625,92359,0
100000,1,2,1,-1,-1,-1,-1,-1,-1,1872,4490,4056,10782,3187,18515,4503,4066,10900,3196,18543,3215,98128,95510,95944,89218,96813,81485,-1521,0
390000,2,2,3,-1,-1,-1,-1,-1,-1,22309,21921,18357,17376,835,835,1325,1283,1092,14836,837,4904,367691,368079,371643,372624,389165,389165,57356,0
70000,2,1,1,-1,-1,-1,-1,-1,-1,18757,19764,20539,23066,23684,24182,1625,1400,2882,1000,879,1033,51243,50236,49461,46934,46316,45818,121173,0
100000,1,2,1,-1,-1,-1,-1,-1,-1,9228,10240,11372,12092,12429,22315,1171,1303,1023,360,10000,442,90772,89760,88628,87908,87571,77685,63377,0
210000,2,2,1,-1,-1,-1,-1,-1,-1,90675,19357,18885,20258,21610,23025,1607,1700,2000,2000,2000,1000,119325,190643,191115,189742,188390,186975,183503,0
10000,2,2,1,-1,-1,-1,-1,-1,-1,5002,6014,7111,8120,9120,0,1103,1200,1200,1000,0,0,4998,3986,2889,1880,880,10000,30864,0
310000,2,2,1,-2,-2,-2,-2,-2,-2,2154,359,256,2513,795,250,360,257,2537,798,251,2064,307846,309641,309744,307487,309205,309750,60,0
30000,2,2,1,6,5,4,3,2,-1,33181,32391,31624,30683,29215,29900,0,8,0,0,1015,1000,-3181,-2391,-1624,-683,785,100,184971,1
130000,1,2,1,1,-2,-2,-2,-2,-2,0,0,0,0,0,0,0,0,0,0,0,0,130000,130000,130000,130000,130000,130000,0,0
20000,4,2,1,-1,-1,-1,-1,-1,-1,543,2070,370,-20,780,0,1100,5193,0,800,0,0,19457,17930,19630,20020,19220,20000,-3350,0
50000,2,2,1,-1,-1,2,2,-1,-1,5281,7025,7758,8459,8635,7473,2000,1000,1000,282,1000,500,44719,42975,42242,41541,41365,42527,38849,0
30000,2,2,1,1,2,2,2,2,2,21788,22832,23473,22798,24420,23889,1700,1300,0,2000,0,2001,8212,7168,6527,7202,5580,6111,132199,1
140000,2,2,1,-1,-1,-1,-1,-1,-1,80351,166526,83514,72387,67261,68670,4000,2890,3118,3000,2493,2564,59649,-26526,56486,67613,72739,71330,520644,0
70000,1,2,1,-1,-1,-1,-1,-1,-1,43214,44196,45181,46426,47380,46923,2000,2000,2000,2000,2000,2000,26786,25804,24819,23574,22620,23077,261320,0
20000,2,2,1,1,2,2,2,2,-1,17569,18478,19884,20218,19687,20307,1500,2000,1000,0,1000,1000,2431,1522,116,-218,313,-307,109643,1
400000,1,2,1,-1,-1,-1,-1,-1,-1,3359,6790,7010,4111,24808,1839,6034,7060,4113,24838,1848,6546,396641,393210,392990,395889,375192,398161,-2522,0
20000,2,2,1,1,6,5,4,4,3,19388,18807,18235,18654,18073,17501,0,0,1000,0,0,0,612,1193,1765,1346,1927,2499,109658,0
10000,1,2,1,-1,-1,-1,-1,-1,-1,8907,6599,7736,8492,8138,4990,1500,1400,1000,1009,1000,1598,1093,3401,2264,1508,1862,5010,37355,0
60000,1,2,1,-1,-1,-1,-1,-1,-1,5370,7268,10131,11644,14430,17180,2000,3000,2000,3000,3000,2000,54630,52732,49869,48356,45570,42820,51023,0
180000,1,2,1,-2,-2,-2,-2,-2,-2,2566,7255,24974,25256,29627,17765,7255,25043,25256,29627,17765,6932,177434,172745,155026,154744,150373,162235,-4435,0
50000,2,1,1,-1,-1,-1,-2,-2,-2,49139,50125,0,0,0,0,2500,0,0,0,0,0,861,-125,50000,50000,50000,50000,96764,0
90000,3,2,1,-1,-1,2,-1,-1,-1,15940,19742,19137,20212,20874,21387,4400,0,1400,1000,1000,1000,74060,70258,70863,69788,69126,68613,108492,1
390000,2,2,1,-1,-1,-1,-1,-1,-1,198132,192975,68855,-1391,249742,253914,9124,3181,895,253009,10009,9509,191868,197025,321145,391391,140258,136086,676500,0
30000,2,2,1,-1,-1,-1,2,2,2,19363,20723,22492,22819,24441,23910,2000,2100,1000,2000,0,1000,10637,9277,7508,7181,5559,6090,125648,1
200000,1,2,1,1,2,-1,-1,-1,-1,7885,7613,9318,10297,17321,21263,0,2003,2063,8000,4033,2199,192115,192387,190682,189703,182679,178737,55399,1
20000,1,2,1,1,2,-1,-1,2,2,8469,8187,9097,10935,10463,11295,0,1200,2000,0,1000,0,11531,11813,10903,9065,9537,8705,54246,1
70000,1,2,1,1,3,2,2,-1,-1,72605,70859,71946,69337,29949,29380,0,2800,0,1200,1200,1200,-2605,-859,-1946,663,40051,40620,337676,0
80000,1,2,1,-1,-1,-1,-1,-1,-1,63132,61397,70223,53429,28689,24827,2378,10000,23000,5000,10000,6000,16868,18603,9777,26571,51311,55173,245319,0
80000,1,1,1,-1,-1,-1,-1,-1,-1,2197,3613,4820,867,1154,2473,3613,1500,867,1500,1500,3700,77803,76387,75180,79133,78846,77527,2444,0
110000,2,2,1,-1,-1,2,-1,-1,2,10817,10988,8033,7262,9612,6747,3000,0,2000,5000,0,1646,99183,99012,101967,102738,100388,103253,41813,1
310000,3,2,1,-1,2,-1,-1,-1,-1,186,186,3550,653,14353,15932,0,3567,654,14428,15018,20000,309814,309814,306450,309347,295647,294068,-18807,0
80000,1,2,1,-1,-1,-1,-1,-1,-1,80849,79422,76834,76333,49942,50191,3200,9000,3365,2000,2200,1700,-849,578,3166,3667,30058,29809,392106,0
390000,2,2,1,-1,-1,-1,-1,-1,-2,6664,6931,5985,7151,-200,-200,6931,5985,7000,0,0,0,383336,383069,384015,382849,390200,390200,6415,0
20000,1,2,1,-2,-2,-2,-2,-2,-2,-7,-7,730,1000,300,0,0,737,1060,300,0,0,20007,20007,19270,19000,19700,20000,-81,0
50000,2,2,1,-1,-1,-1,-1,-1,-1,10912,10401,20916,20658,9426,8215,2152,1209,1080,438,434,390,39088,39599,29084,29342,40574,41785,74825,0
20000,2,2,1,3,2,2,2,2,2,300,300,300,300,300,300,0,0,0,0,0,0,19700,19700,19700,19700,19700,19700,1800,1
30000,2,2,1,-1,-1,-1,-1,-1,-2,25993,6296,17223,18305,0,0,1183,11500,2000,0,0,0,4007,23704,12777,11695,30000,30000,53134,0
170000,2,2,1,-1,-1,-1,-1,-1,-1,7228,6238,6265,5430,4898,3240,1200,2367,5430,4898,3240,7838,162772,163762,163735,164570,165102,166760,8326,0
320000,2,2,1,-1,-1,-1,2,-1,-1,5799,70891,76755,74838,72402,71847,70891,7001,21,3012,3015,2713,314201,249109,243245,245162,247598,248153,285879,0
200000,2,2,1,-1,-1,-1,-1,-1,-1,137266,137888,136545,116549,109622,111113,5212,5065,4005,3900,4003,4306,62734,62112,63455,83451,90378,88887,722492,0
50000,3,2,1,-1,-1,-2,-2,-2,-2,17500,0,0,0,0,0,0,0,0,0,0,0,32500,50000,50000,50000,50000,50000,17500,0
180000,1,2,1,-1,-1,-1,-1,-1,-2,115191,117488,118504,119034,-966,-966,5700,4400,2500,937,0,0,64809,62512,61496,60966,180966,180966,454748,0
290000,2,2,1,-1,-1,-1,-1,-1,-2,42065,10800,9653,4374,179758,180125,1100,1087,1002,179768,5800,6258,247935,279200,280347,285626,110242,109875,231760,0
260000,2,2,1,1,-2,-2,-2,-2,-2,0,0,0,0,0,0,0,0,0,0,0,0,260000,260000,260000,260000,260000,260000,0,0
170000,1,2,1,-2,-2,-2,-2,-2,-2,2190,264,1408,1434,264,264,264,1408,1434,264,264,264,167810,169736,168592,168566,169736,169736,1926,0
290000,1,2,1,-2,-2,-2,-2,-2,-2,346,0,2765,6116,10462,1052,0,2765,6200,10479,1052,1481,289654,290000,287235,283884,279538,288948,-1236,1
120000,2,2,1,-1,-1,-1,-1,-1,-1,92677,92809,93392,93609,95055,96761,4516,5005,5006,5014,5008,4008,27323,27191,26608,26391,24945,23239,535746,0
290000,1,2,1,-1,-1,-1,2,2,2,6395,7330,8711,9409,10153,9846,1200,1500,1000,900,0,800,283605,282670,281289,280591,279847,280154,46444,1
10000,1,2,1,-1,-1,-1,-1,-1,-1,5703,6734,8833,9604,9800,10000,1130,2229,1000,196,200,0,4297,3266,1167,396,200,0,45919,0
160000,2,2,1,-1,2,2,-2,-1,-1,530,530,-102,-418,-418,1647,0,102,316,123,2847,2,159470,159470,160102,160418,160418,158353,-1621,0
20000,2,1,1,-1,-1,-1,-1,-1,-1,18941,16568,17222,18045,18083,18123,1500,1300,1500,700,700,2600,1059,3432,2778,1955,1917,1877,98682,0
200000,1,1,1,1,2,-1,-1,-1,-1,199417,188778,195335,194775,197105,204122,0,8278,4100,180000,202317,0,583,11222,4665,5225,2895,-4122,784837,0
200000,3,2,2,-1,-1,-1,-1,-1,-1,24853,24065,19153,20606,21032,89162,3158,3007,3014,2007,70012,4037,175147,175935,180847,179394,178968,110838,113636,0
130000,2,2,1,-1,-1,-1,-1,-1,-1,84579,86256,88093,89837,91625,92822,3084,3224,3236,3257,3509,3428,45421,43744,41907,40163,38375,37178,513474,0
230000,2,2,1,-1,-1,-2,-2,-2,-2,26574,-26,-26,90624,92624,-89,26,0,90650,2000,89,0,203426,230026,230026,139376,137376,230089,116916,0
140000,1,2,1,-2,-2,-2,-2,-2,-2,933,1768,3169,5041,389,3065,1768,3169,5041,389,3065,1112,139067,138232,136831,134959,139611,136935,-179,0
280000,1,2,1,-1,-1,-1,-1,-1,-1,1284,842,1212,3244,2134,1270,846,1216,3249,4,6,3412,278716,279158,278788,276756,277866,278730,1253,0
50000,1,2,1,-1,-1,-1,-1,-1,-1,14614,15622,16342,17653,17697,18068,1558,1278,1589,633,656,783,35386,34378,33658,32347,32303,31932,93499,0
20000,2,2,1,-1,-1,-1,-1,-1,-1,12234,11762,13007,13590,13476,15009,1192,1827,1500,482,1750,1000,7766,8238,6993,6410,6524,4991,71327,0
150000,4,2,1,-1,-1,-1,-1,-1,-2,133374,40283,49746,51500,0,0,10000,10000,2900,10000,0,0,16626,109717,100254,98500,150000,150000,242003,0
200000,1,2,1,1,-2,-1,2,-1,-1,0,0,2348,1790,1790,350,0,2348,0,0,350,2570,200000,200000,197652,198210,198210,199650,1010,1
420000,1,2,1,-1,-1,-1,-1,-1,-1,16127,12074,85269,86388,87153,88957,1322,90499,3122,2915,3000,3150,403873,407926,334731,333612,332847,331043,271960,0
10000,3,2,1,-1,-1,-1,-1,-1,-1,2944,4877,6287,7521,8389,9252,2000,1500,1500,1000,1000,1000,7056,5123,3713,2479,1611,748,31270,0
500000,2,1,1,-1,-1,-1,-1,-1,-1,257603,217964,171462,99495,168313,233306,10234,10753,20134,110167,105000,20018,242397,282036,328538,400505,331687,266694,871837,0
150000,2,2,1,-1,-1,-1,-2,-2,-2,157051,161665,0,0,0,0,8566,1500,0,0,0,0,-7051,-11665,150000,150000,150000,150000,308650,0
240000,1,2,1,-1,-1,-1,-1,-1,-1,227346,231891,240146,245552,91382,93177,8308,12000,10373,3403,4000,4000,12654,8109,-146,-5552,148618,146823,1087410,0
70000,1,2,1,-1,-1,-1,-2,-2,-2,4638,323,0,0,0,0,323,0,0,0,0,0,65362,69677,70000,70000,70000,70000,4638,0
70000,2,1,1,-1,-1,-1,-1,2,2,57779,59016,60263,65348,63699,67667,2200,2200,6100,0,5000,2790,12221,10984,9737,4652,6301,2333,355482,0
230000,2,2,1,-2,-2,-2,-2,-2,-2,-73,-73,-73,-73,7723,0,0,0,0,7796,0,0,230073,230073,230073,230073,222277,230000,-365,0
200000,1,2,1,-1,-1,2,-1,-1,-1,5765,12386,2662,6023,8303,171059,12453,12,6053,8337,171074,5036,194235,187614,197338,193977,191697,28941,3233,0
50000,1,2,1,-1,-1,-1,-1,-1,-1,46489,48210,49493,20650,1000,0,2500,2493,1650,1000,0,0,3511,1790,507,29350,49000,50000,158199,0
300000,1,2,1,-2,-2,-2,-2,-2,-1,2163,345,2541,730,1350,2100,345,2541,730,1350,2100,0,297837,299655,297459,299270,298650,297900,2163,0
130000,2,2,1,-1,-1,-1,-1,-1,-1,58299,59352,51420,48140,34893,33986,2626,8585,1620,698,725,843,71701,70648,78580,81860,95107,96014,270993,0
610000,3,2,1,-1,-1,-1,-1,-1,-1,8965,7988,3428,6384,65809,62950,7062,4017,6434,68290,2045,8007,601035,602012,606572,603616,544191,547050,59669,0
120000,2,2,1,-1,-1,-1,-1,-1,-1,115698,118277,121004,118774,91369,88015,6000,6513,3740,3215,3300,3405,4302,1723,-1004,1226,28631,31985,626964,0
60000,2,2,1,-1,-1,-1,-1,-1,-1,58982,59063,58440,59593,59642,60165,2097,2141,3000,2064,2672,2000,1018,937,1560,407,358,-165,341911,0
50000,2,2,1,-1,-1,-1,-2,-2,-2,28818,26000,0,0,0,0,2000,300,0,0,0,0,21182,24000,50000,50000,50000,50000,52518,0
50000,3,2,1,1,2,2,2,-1,-1,43933,42927,46324,45283,48042,50834,0,4100,0,3780,3515,1800,6067,7073,3676,4717,1958,-834,264148,1
20000,2,2,2,-1,-1,-1,-1,-1,-1,19082,19691,19932,19904,19549,19920,1314,1405,1157,802,790,0,918,309,68,96,451,80,112610,0
300000,2,1,2,-2,-1,-1,-1,-2,-1,900,195,1442,1740,3871,606,195,1542,1748,3890,608,4059,299100,299805,298558,298260,296129,299394,-3288,0
50000,3,1,2,1,1,-2,-2,-2,-2,43200,0,0,0,0,0,6000,0,0,0,0,0,6800,50000,50000,50000,50000,50000,37200,0
130000,1,1,1,1,2,-1,-1,-1,-1,118723,117323,38765,33349,33463,33795,3001,3000,2000,1000,666,2000,11277,12677,91235,96651,96537,96205,363751,0
100000,2,2,2,2,4,4,4,3,2,89898,92422,95979,93580,91181,93563,4900,5900,0,0,4000,3200,10102,7578,4021,6420,8819,6437,538623,1
130000,2,2,1,-1,-1,-1,-1,-1,-1,101546,88549,74624,76133,77648,79370,3000,2709,2750,2767,2961,2913,28454,41451,55376,53867,52352,50630,480770,0
30000,2,2,1,-1,-1,-1,-1,-1,-1,390,390,390,390,1438,719,390,390,390,1438,0,1588,29610,29610,29610,29610,28562,29281,-479,0
10000,2,1,1,-1,-1,-1,-1,-1,-1,8099,9727,5732,6576,7472,8359,2000,3000,1104,1000,1000,2000,1901,273,4268,3424,2528,1641,35861,0
50000,2,2,1,-1,-1,-1,-1,-1,-1,48591,48896,48587,37211,28248,28430,2300,2000,1432,988,1600,1600,1409,1104,1413,12789,21752,21570,230043,0
10000,2,1,2,3,2,2,3,3,3,1050,1050,1050,1050,1050,1050,0,0,0,0,0,0,8950,8950,8950,8950,8950,8950,6300,1
230000,2,2,2,-1,-1,-1,-1,-1,-1,115141,101832,92396,84297,49681,46224,5028,5000,4000,2029,2000,2500,114859,128168,137604,145703,180319,183776,469014,0
210000,2,1,2,-1,-1,-1,-1,-1,-1,820,820,820,820,820,820,820,820,820,820,820,970,209180,209180,209180,209180,209180,209180,-150,0
140000,4,2,2,-2,-2,-2,-1,-1,-1,2663,1823,1823,1769,84042,89381,1823,1823,1769,85096,9000,4000,137337,138177,138177,138231,55958,50619,77990,0
50000,2,2,2,-1,-1,-1,-1,-1,-1,47533,48640,49483,40850,0,800,2200,2000,3000,0,400,20000,2467,1360,517,9150,50000,49200,159706,0
310000,1,2,2,-1,-1,-1,-1,-1,-1,48931,207890,24113,65010,67144,60592,207000,20000,60126,20000,25000,6000,261069,102110,285887,244990,242856,249408,135554,0
80000,2,2,2,-1,-1,-1,-1,-1,-1,64330,65813,66282,67285,68309,71830,2934,2500,2500,2500,5000,3000,15670,14187,13718,12715,11691,8170,385415,0
500000,1,1,2,-1,-1,-1,-2,-2,-2,6049,2500,0,0,0,0,2500,0,0,0,0,0,493951,497500,500000,500000,500000,500000,6049,0
80000,2,2,1,-1,-1,-1,-1,-1,-1,50442,51397,49991,47681,46900,45161,1816,1920,2063,1543,1400,1557,29558,28603,30009,32319,33100,34839,281273,0
120000,3,2,1,-1,3,2,-1,-1,-1,1835,1651,390,390,282,-108,0,0,390,282,0,3087,118165,118349,119610,119610,119718,120108,681,1
50000,2,2,1,-1,-1,-1,-1,-1,-1,45253,44840,45880,46893,47827,48829,1724,1764,1777,1711,1772,2043,4747,5160,4120,3107,2173,1171,268731,0
50000,2,2,2,-1,-1,-1,-1,-1,-1,16397,17378,17523,18467,17865,18234,1572,1617,1561,759,779,908,33603,32622,32477,31533,32135,31766,98668,0
200000,1,1,2,-2,-2,-2,-2,-2,-2,3207,4347,2897,1432,1200,-41,4360,2902,1432,1517,0,0,196793,195653,197103,198568,198800,200041,2831,0
50000,2,2,2,-1,-1,-1,2,-1,-1,1382,2496,4533,4279,4592,0,1300,2254,0,313,0,0,48618,47504,45467,45721,45408,50000,13415,0
130000,2,2,2,-1,2,2,2,-1,-1,780,780,390,0,780,0,390,0,0,780,0,0,129220,129220,129610,130000,129220,130000,1560,0
240000,1,2,1,-1,-1,-1,-1,-1,-1,181569,182916,186885,187756,188520,189908,6606,8246,6806,5112,5291,6004,58431,57084,53115,52244,51480,50092,1079489,0
180000,1,2,1,-1,-1,-1,-1,-1,-1,9796,500,3866,6019,7602,7622,500,3866,3300,7602,7622,0,170204,179500,176134,173981,172398,172378,12515,0
20000,2,2,1,-1,-1,-1,2,-1,-1,10926,12899,18394,16806,36070,19257,2500,9000,0,2000,2000,1500,9074,7101,1606,3194,-16070,743,97352,0
140000,1,2,1,1,2,2,2,-1,-1,31529,30844,33961,33250,34524,38098,0,3500,0,2000,4000,0,108471,109156,106039,106750,105476,101902,192706,1
160000,1,1,1,-1,-1,-1,-1,-1,-1,498,680,0,362,9464,6087,682,0,362,9102,0,514,159502,159320,160000,159638,150536,153913,6431,0
280000,1,2,1,-2,-2,-2,-2,-2,-2,10660,5123,8467,2510,591,14994,5123,8467,2510,591,14994,5000,269340,274877,271533,277490,279409,265006,5660,0
80000,1,2,1,-1,-1,-1,-1,-1,-1,198,734,1580,2338,3140,3907,734,1044,1000,2000,1500,800,79802,79266,78420,77662,76860,76093,4819,0
140000,2,1,1,-1,-1,-1,-1,-1,-1,14544,22376,28746,36395,46358,49946,8376,7000,8395,10546,4400,7892,125456,117624,111254,103605,93642,90054,151756,0
300000,1,2,2,-1,-1,-1,-1,-1,-1,237372,243409,250477,254808,260562,266200,10000,11000,10000,10000,10000,10000,62628,56591,49523,45192,39438,33800,1451828,0
150000,2,1,1,-1,-1,-1,-1,-1,-1,118533,119911,123914,126447,128773,134930,3375,5000,3583,3402,7226,5000,31467,30089,26086,23553,21227,15070,724922,0
240000,4,1,1,-2,-2,-2,-2,-2,-2,0,249,913,0,0,0,249,913,0,0,0,0,240000,239751,239087,240000,240000,240000,0,0
100000,1,2,1,-2,-2,-2,-2,-2,-2,390,390,390,780,0,599,390,390,780,0,599,0,99610,99610,99610,99220,100000,99401,390,1
100000,2,2,2,-1,-1,-1,-1,-1,-1,27869,29329,30294,31734,32323,33648,3500,3000,3500,1500,2000,2300,72131,70671,69706,68266,67677,66352,169397,0
220000,2,1,2,-1,-1,-1,-1,-1,2,15746,17537,14856,35705,25649,5018,16780,14469,35278,4647,19,8438,204254,202463,205144,184295,194351,214982,34880,0
50000,3,2,2,-1,-1,-1,-1,-1,-1,9610,9132,8681,8039,4952,390,1147,1169,1000,4986,390,390,40390,40868,41319,41961,45048,49610,31722,1
120000,1,2,2,-1,2,2,-1,-1,-1,1500,3010,1700,1125,909,786,1700,0,1125,909,786,1433,118500,116990,118300,118875,119091,119214,3077,0
280000,1,1,2,-2,-2,-2,-2,-2,-2,-6,-6,1345,-5,-5,985,0,1351,0,0,990,3090,280006,280006,278655,280005,280005,279015,-3123,0
200000,1,2,2,1,-1,-1,-1,-1,-1,0,1870,1000,0,1275,543,1870,1000,0,1275,543,0,200000,198130,199000,200000,198725,199457,0,0
10000,2,2,1,2,2,-1,-1,2,2,5948,5716,7132,8477,8292,9861,0,1500,1500,0,1604,212,4052,4284,2868,1523,1708,139,40610,1
10000,2,2,2,-1,-1,-1,-1,-1,2,8107,8724,9191,9800,10072,9766,1298,1155,1154,1206,0,399,1893,1276,809,200,-72,234,50448,1
50000,1,2,1,-1,-1,-1,2,-1,-1,5249,14427,19819,18567,23535,28620,10000,6000,0,5630,6000,5000,44751,35573,30181,31433,26465,21380,77587,0
70000,1,2,2,-1,-1,-1,2,-1,-1,2329,55664,59529,57571,57871,60872,55000,5800,0,2250,4500,0,67671,14336,10471,12429,12129,9128,226286,1
20000,2,2,2,1,-2,-2,-2,-2,-2,-300,-690,-1080,-1470,-1860,-2250,0,0,0,0,0,4000,20300,20690,21080,21470,21860,22250,-11650,0
140000,1,2,2,-1,-1,2,-1,-1,-2,90313,103560,78842,67003,0,0,15037,5,2007,0,0,0,49687,36440,61158,72997,140000,140000,322669,0
200000,4,1,3,-1,-1,-1,-1,-1,-1,103138,94638,88227,82087,75285,78872,3929,4000,4000,3000,13000,13000,96862,105362,111773,117913,124715,121128,481318,0
280000,2,2,3,-1,-1,-1,-1,-1,-1,22821,23169,82073,61638,44868,29804,1118,82267,1528,997,1049,13004,257179,256831,197927,218362,235132,250196,164410,0
70000,1,2,3,1,2,-1,-1,-1,-1,73958,72097,46445,46759,21265,14379,67,3006,4659,1000,1000,0,-3958,-2097,23555,23241,48735,55621,265171,0
210000,2,2,1,-1,-1,-2,-2,-1,2,9358,-27,-27,-27,3073,2878,0,0,0,3100,0,2003,200642,210027,210027,210027,206927,207122,10125,0
50000,4,2,1,-1,-1,-1,-1,-1,-2,47830,47863,34725,15735,0,0,6143,2354,4147,0,0,0,2170,2137,15275,34265,50000,50000,133509,0
150000,1,2,1,-1,-1,-1,-1,-1,-1,85500,86009,86108,89006,89775,87725,3956,4031,10006,3266,4040,1698,64500,63991,63892,60994,60225,62275,497126,0
120000,2,2,1,-1,-1,-1,-1,-1,-1,8022,9493,11612,12438,13099,15926,2000,3000,3000,3000,3000,3000,111978,110507,108388,107562,106901,104074,53590,0
200000,1,1,1,-1,-1,-1,-1,-1,-1,1867,994,2058,1546,2215,1828,997,2064,1550,2229,1833,808,198133,199006,197942,198454,197785,198172,1027,1
420000,1,2,2,-1,-1,-1,-1,-1,-1,31065,25918,20899,14966,5676,134038,2004,3000,1041,5676,135687,4192,388935,394082,399101,405034,414324,285962,80962,0
50000,1,2,1,1,2,2,2,2,2,5931,5690,8023,7748,8269,7992,0,2600,0,800,0,800,44069,44310,41977,42252,41731,42008,39453,0
270000,1,2,2,-1,-1,-1,-1,-1,-1,9526,10418,6436,7196,7137,5587,1116,1500,2000,1000,194,1005,260474,259582,263564,262804,262863,264413,39485,0
130000,2,1,2,-1,-1,-1,-1,-1,-1,2280,1725,3895,1500,450,5289,1725,3895,1500,450,5289,0,127720,128275,126105,128500,129550,124711,2280,0
210000,1,2,2,-1,-1,-1,-1,-1,2,82940,84583,86357,88149,93654,82166,3024,3134,3228,7000,0,3000,127060,125417,123643,121851,116346,127834,498463,0
240000,2,2,2,1,-1,-1,-1,-1,-1,0,780,0,390,780,0,780,0,390,780,0,390,240000,239220,240000,239610,239220,240000,-390,0
260000,1,2,2,-1,-1,-1,-1,-1,-1,27855,28307,27842,25366,19533,14214,1259,1305,1113,528,406,211,232145,231693,232158,234634,240467,245786,138295,0
250000,2,1,2,-1,-1,-2,-1,-1,-1,79319,0,0,174749,171541,175042,0,0,174749,0,3501,146794,170681,250000,250000,75251,78459,74958,275607,0
150000,2,1,2,-1,-1,-1,-1,-1,2,530,530,957,1817,714,424,530,957,1000,800,0,9000,149470,149470,149043,148183,149286,149576,-7315,0
140000,1,2,2,-1,-1,-1,-1,-1,-1,128036,106657,45887,137487,111602,111552,4180,2800,100005,3800,3990,4285,11964,33343,94113,2513,28398,28448,522161,0
60000,3,1,2,-1,-1,-1,-1,-1,-1,43293,28305,22298,22161,18667,19381,1368,1396,1287,654,1000,644,16707,31695,37702,37839,41333,40619,147756,0
500000,1,1,2,-1,-1,-1,-1,-1,-1,133598,167378,171106,174500,137406,204975,54209,4607,4603,5224,207440,7509,366402,332622,328894,325500,362594,295025,705371,0
50000,2,2,2,3,2,3,2,2,2,21153,23507,22838,20411,16016,15242,3000,0,57,2000,0,1000,28847,26493,27162,29589,33984,34758,113110,1
50000,3,1,3,-1,-1,2,2,-1,-1,18838,22834,23553,22876,23328,24955,4650,1380,0,832,2000,0,31162,27166,26447,27124,26672,25045,127522,0
140000,1,2,2,-1,-1,-1,-1,-1,-1,128213,133080,136412,136481,135012,133324,7000,7000,7000,5500,6000,4624,11787,6920,3588,3519,4988,6676,765398,0
20000,2,1,2,-1,-1,-1,2,-1,-1,16354,17776,21158,20511,20316,20474,1700,4000,0,800,1000,800,3646,2224,-1158,-511,-316,-474,108289,0
360000,1,1,2,-1,-1,-1,-1,-1,-1,2513,5023,6664,11358,15479,20934,5066,6704,11415,15556,21039,19073,357487,354977,353336,348642,344521,339066,-16882,0
10000,3,2,3,-1,-1,-2,-2,-1,-1,10400,0,0,0,400,0,5275,0,0,400,0,2400,-400,10000,10000,10000,9600,10000,2725,0
200000,2,1,3,-1,-1,-1,-1,-1,-1,51995,52442,46472,48692,50571,51756,4000,2000,3000,3000,2000,2000,148005,147558,153528,151308,149429,148244,285928,1
400000,2,1,2,-1,-1,-1,-1,-1,-1,3380,3395,5856,6401,389,21447,3411,8863,1032,390,21448,1001,396620,396605,394144,393599,399611,378553,4723,0
180000,1,1,2,-1,-1,-1,-1,-1,-1,6687,4919,2644,1300,2644,0,1227,1000,1300,2644,0,55176,173313,175081,177356,178700,177356,180000,-43153,1
220000,3,2,3,-1,-1,-1,-1,-1,-1,193903,176755,147558,102365,63842,43252,8000,7000,3500,1500,2000,1000,26097,43245,72442,117635,156158,176748,704675,0
50000,3,1,3,-1,-1,-1,-2,-2,-2,5339,1189,0,0,0,0,1189,300,0,0,0,0,44661,48811,50000,50000,50000,50000,5039,0
100000,4,1,3,-1,-1,-1,-1,-1,-1,94502,95697,98222,90500,82586,22620,5000,5000,3203,2103,50000,0,5498,4303,1778,9500,17414,77380,418821,0
50000,2,2,3,-1,-1,-1,-1,-1,-1,51129,50378,48282,0,2068,30135,2096,1000,0,2068,30067,1051,-1129,-378,1718,50000,47932,19865,145710,0
320000,1,2,1,-2,-2,-2,-2,-2,-2,26149,3860,360,360,0,720,3894,360,360,0,720,334,293851,316140,319640,319640,320000,319280,25781,0
320000,1,2,2,1,-2,-2,-2,-2,-2,-6029,-9119,-46127,-50616,-53007,-94625,185,28,12,208,8,14,326029,329119,366127,370616,373007,414625,-259978,1
310000,2,1,2,-1,2,-1,-1,-1,-1,4673,3851,547,3913,670,2489,0,547,3913,670,2489,656,305327,306149,309453,306087,309330,307511,7868,0
100000,2,1,2,2,4,3,2,2,2,60286,58753,57250,58014,58761,60061,0,0,2300,2300,2400,2300,39714,41247,42750,41986,41239,39939,343825,0
320000,1,2,2,-1,-1,-1,-1,-1,-1,71944,88243,96574,104795,113156,121465,19246,11550,11688,12122,12156,2437,248056,231757,223426,215205,206844,198535,526978,0
280000,2,1,2,-1,-1,-1,-1,-1,-1,55237,55664,51436,34260,36564,33331,2625,1795,1372,3931,3047,671,224763,224336,228564,245740,243436,246669,253051,0
80000,2,1,2,-1,-1,-1,-1,-1,-1,1692,2694,1130,397,42857,41864,2702,1246,397,42860,7,118,78308,77306,78870,79603,37143,38136,43304,0
200000,1,1,3,1,2,-1,-1,2,2,150406,151415,156476,163330,162163,170867,5000,7500,11000,3000,11365,7000,49594,48585,43524,36670,37837,29133,909792,1
70000,2,1,2,-1,-1,2,-1,-1,2,23546,26630,25922,27177,28930,28329,3800,0,2000,2200,0,2100,46454,43370,44078,42823,41070,41671,150434,0
50000,1,1,3,-1,-1,-1,-1,-1,-1,47695,48879,44765,31240,20343,12349,2017,3000,2000,3007,1003,1500,2305,1121,5235,18760,29657,37651,192744,0
10000,2,1,3,2,2,3,2,2,2,4770,9182,8893,8928,9586,9294,4505,0,334,801,0,1487,5230,818,1107,1072,414,706,43526,1
300000,1,1,3,-1,-1,-1,2,-1,-1,1920,410,5015,2334,3334,3350,412,5459,0,1000,16,2418,298080,299590,294985,297666,296666,296650,7058,0
210000,3,1,2,-2,-2,-2,-2,-2,-2,13024,726,-632,-632,-632,-632,726,632,0,0,0,0,196976,209274,210632,210632,210632,210632,9864,0
60000,1,2,2,1,2,2,2,2,2,28504,27747,32577,31754,34228,35128,0,5300,0,3000,1600,1000,31496,32253,27423,28246,25772,24872,179038,1
20000,2,1,3,1,2,3,2,3,3,14829,17267,16706,18694,19049,18459,3000,0,2560,955,0,661,5171,2733,3294,1306,951,1541,97828,0
50000,2,1,3,-1,-1,-1,-1,-1,2,35892,32546,30660,31320,36227,35569,2007,2000,1500,5400,0,3000,14108,17454,19340,18680,13773,14431,188307,0
100000,2,1,2,-1,-1,-1,-1,-1,-1,66177,70177,80914,86403,88972,91554,4000,10737,6849,4000,4000,2138,33823,29823,19086,13597,11028,8446,452473,0
200000,1,1,3,-1,-1,-1,-1,-2,-2,18422,13546,3820,0,0,0,1127,3820,0,0,0,0,181578,186454,196180,200000,200000,200000,30841,0
240000,1,1,2,-1,-1,-2,-1,-1,-1,102650,0,0,4557,7557,9275,0,0,4557,3000,4000,2282,137350,240000,240000,235443,232443,230725,110200,0
200000,2,3,3,-1,-1,-1,2,2,2,106576,107178,119691,116278,128087,125931,3864,14269,0,13808,0,4600,93424,92822,80309,83722,71913,74069,667200,0
130000,2,1,2,-1,-1,-1,-1,-2,-2,19698,10058,10833,0,0,0,1500,1000,0,0,0,0,110302,119942,119167,130000,130000,130000,38089,0
130000,1,2,1,1,-2,-2,-2,-2,-2,0,0,0,0,0,0,0,0,0,0,0,0,130000,130000,130000,130000,130000,130000,0,1
50000,2,1,3,-1,-1,-1,-1,-1,-1,942,942,942,390,390,390,942,942,390,390,390,0,49058,49058,49058,49610,49610,49610,942,1
30000,2,2,2,-1,-1,2,2,-1,-1,26742,29095,30819,29214,29478,23384,2800,2500,0,910,1000,1000,3258,905,-819,786,522,6616,160522,0
130000,3,2,1,-1,-1,-1,-1,-1,-1,129602,130079,122267,96800,58170,57483,5437,5088,4180,2035,3009,2000,398,-79,7733,33200,71830,72517,572652,0
10000,3,2,3,-1,-1,-1,-1,-1,-1,9592,8844,7560,7134,7280,0,1150,1166,2000,146,0,0,408,1156,2440,2866,2720,10000,35948,1
70000,2,1,2,-1,-1,-1,-1,-1,-1,390,4924,5566,6139,5868,6399,4924,1113,1076,195,1000,235,69610,65076,64434,63861,64132,63601,20743,1
150000,2,1,2,-1,-1,-1,-1,-1,-1,100894,103001,104416,86597,88276,90398,4700,4099,4000,3000,3000,5187,49106,46999,45584,63403,61724,59602,549596,0
120000,2,2,2,-1,-1,-1,-1,-1,-1,116399,117514,111003,84840,86954,83448,5000,5000,3000,3500,3000,82000,3601,2486,8997,35160,33046,36552,498658,1
100000,3,2,3,-1,-1,-1,-1,-1,-1,58430,36846,35538,34958,34039,33650,2000,2000,2000,2000,2000,20000,41570,63154,64462,65042,65961,66350,203461,0
50000,3,2,2,-1,-1,-1,-1,-2,-2,49093,50375,51400,0,0,0,2400,2400,0,0,0,0,907,-375,-1400,50000,50000,50000,146068,1
210000,1,1,3,-2,-1,-1,-1,-1,-1,5411,5922,2174,6522,1532,9327,5956,2180,6568,1532,9373,8090,204589,204078,207826,203478,208468,200673,-2811,0
50000,2,2,1,-1,-1,2,-1,-1,-1,48632,52100,50611,50411,19722,19682,4600,0,2200,900,800,800,1368,-2100,-611,-411,30278,30318,231858,0
50000,2,1,2,3,2,2,7,7,7,2400,2400,2400,2400,2400,2400,0,0,0,0,0,0,47600,47600,47600,47600,47600,47600,14400,1
30000,3,1,3,1,2,2,2,2,2,24335,23651,26346,26920,26194,27854,0,3401,1300,0,2400,2000,5665,6349,3654,3080,3806,2146,146199,1
500000,2,1,2,-1,-1,-1,-1,-1,-1,680,1094,1508,1862,3676,4961,1101,1100,2103,2500,2000,2000,499320,498906,498492,498138,496324,495039,2977,0
60000,3,2,3,-1,-1,-1,-1,-1,-1,61548,63020,16982,37318,18352,17869,2700,1500,2000,1000,824,333,-1548,-3020,43018,22682,41648,42131,206732,0
180000,2,2,2,-1,-1,-1,-1,-1,-1,715,4637,969,21365,9707,3837,4637,1595,21365,9707,3837,5328,179285,175363,179031,158635,170293,176163,-5239,0
20000,2,1,3,-1,-1,-1,-1,-1,-1,14186,14960,16102,18926,18125,18714,1000,1376,3200,1399,1102,369,5814,5040,3898,1074,1875,1286,92567,0
50000,2,1,3,1,-1,-1,-1,-1,-1,0,3095,5850,4300,2800,3000,3095,5855,4300,2500,3000,500,50000,46905,44150,45700,47200,47000,-205,0
100000,2,1,2,-1,-1,-1,-1,-1,-1,1473,390,390,1170,780,780,390,390,1170,0,0,0,98527,99610,99610,98830,99220,99220,3033,0
240000,1,1,2,1,-2,-2,-2,-2,-2,0,0,0,0,0,0,0,0,0,0,0,150,240000,240000,240000,240000,240000,240000,-150,1
170000,2,1,2,-1,-1,-1,-1,-1,-1,7950,6691,7332,2716,4200,7708,6691,7332,2716,4200,7708,12897,162050,163309,162668,167284,165800,162292,-4947,0
50000,1,2,2,1,2,-1,-1,-2,-2,49395,50058,50753,0,0,0,1776,2374,0,0,0,0,605,-58,-753,50000,50000,50000,146056,0
150000,1,2,2,-1,-1,-1,-1,-1,-1,147112,122159,125470,119007,101928,103989,4518,6000,4055,13980,4000,3950,2888,27841,24530,30993,48072,46011,683162,0
20000,2,1,2,1,2,2,-1,-1,-1,16112,16851,16292,18010,18411,19455,1300,0,2000,1000,1500,1010,3888,3149,3708,1990,1589,545,98321,0
210000,1,2,2,-1,-1,-2,-2,-2,-2,103632,-36,-18,-18,-18,-18,0,0,0,0,0,0,106368,210036,210018,210018,210018,210018,103524,0
50000,2,1,3,-1,-1,-1,-1,-1,-1,48481,48526,50056,49735,14240,890,2313,2313,2082,677,890,14441,1519,1474,-56,265,35760,49110,189212,1
120000,2,1,2,2,2,2,2,2,2,115040,117371,119044,120086,120662,118345,6000,5600,4500,4300,0,4800,4960,2629,956,-86,-662,1655,685348,0
70000,3,1,3,-1,-1,-1,-1,-1,-1,65824,51634,52567,42743,43894,45051,3067,3000,3000,2000,2000,2000,4176,18366,17433,27257,26106,24949,286646,0
10000,2,2,3,-1,-1,-1,-1,-1,-1,9649,10084,9421,9997,9799,10163,1500,1200,1137,329,500,251,351,-84,579,3,201,-163,54196,1
20000,2,1,3,1,2,2,-1,-1,-1,8198,6465,5450,4427,2661,895,300,1000,1000,0,0,3386,11802,13535,14550,15573,17339,19105,22410,0
150000,4,1,2,-1,-1,-1,-1,-1,-1,181335,188576,188864,188547,193087,196559,14000,7000,5000,8000,7000,5000,-31335,-38576,-38864,-38547,-43087,-46559,1090968,0
190000,2,1,2,1,-2,-1,-1,-2,-2,0,0,100104,0,0,0,0,100104,0,0,0,0,190000,190000,89896,190000,190000,190000,0,0
50000,2,2,3,-1,-1,-1,-1,-1,-1,49224,50222,50921,49415,8862,9711,1821,2200,2000,500,9000,331,776,-222,-921,585,41138,40289,202503,0
50000,3,1,2,-1,-1,-1,-1,-1,-1,37208,38204,39243,40255,41057,41914,1615,1654,1666,1468,1517,1528,12792,11796,10757,9745,8943,8086,228433,1
50000,1,2,2,-1,-1,-1,-1,-1,-1,49194,50036,47855,48894,50258,48276,1978,1797,1836,2200,2000,2500,806,-36,2145,1106,-258,1724,282202,0
250000,2,2,2,-1,-1,-1,-1,-1,-1,206199,206822,194318,181608,172922,175302,8006,7606,7200,6000,6303,7013,43801,43178,55682,68392,77078,74698,1095043,0
220000,1,2,2,-1,-1,2,2,2,2,119810,129821,126311,151588,147656,157276,12000,0,27500,0,12000,0,100190,90179,93689,68412,72344,62724,780962,1
490000,1,2,2,-1,2,-1,-1,-1,-1,59016,16355,24307,21136,24758,21817,0,24307,12396,13000,10000,88,430984,473645,465693,468864,465242,468183,107598,0
20000,2,2,2,2,2,2,2,-1,-1,13269,12391,12326,10621,10400,0,33,3317,0,1000,0,0,6731,7609,7674,9379,9600,20000,54657,0
70000,1,2,1,1,-1,-1,-1,-1,2,10449,2343,14336,13155,3929,1953,6000,15000,4000,4000,0,1000,59551,67657,55664,56845,66071,68047,16165,0
290000,1,2,2,-1,-1,-1,-1,-1,2,23561,52005,49188,68168,67465,44593,30020,2002,19982,1799,7,8210,266439,237995,240812,221832,222535,245407,242960,0
450000,1,2,2,-1,-1,-1,-2,-2,-1,1270,1570,0,0,0,144,1580,0,0,0,144,236,448730,448430,450000,450000,450000,449856,1024,0
20000,2,1,2,-1,-1,-1,-1,-1,-1,23055,24070,25183,25961,27491,40106,1400,1500,1275,1805,2000,2728,-3055,-4070,-5183,-5961,-7491,-20106,155158,1
100000,1,1,2,-1,-1,-1,-1,-1,-1,49415,50851,49528,50604,40966,40308,2284,1961,2037,1434,1469,1483,50585,49149,50472,49396,59034,59692,271004,0
80000,1,2,2,2,2,2,2,2,2,98677,89056,87525,78266,74967,66512,0,8000,0,5000,0,2428,-18677,-9056,-7525,1734,5033,13488,479575,1
70000,3,1,3,-1,-1,-1,-1,2,-1,5484,5221,340,1430,930,4110,1000,340,1480,0,4110,0,64516,64779,69660,68570,69070,65890,10585,1
200000,2,1,3,1,-1,-1,-1,-1,-1,-7,34137,33749,28355,29465,30885,34144,1492,1402,2002,2007,6163,200007,165863,166251,171645,170535,169115,109374,0
20000,2,1,2,-1,-1,-1,-1,-1,-1,9269,10585,11608,12313,12848,800,1477,1500,1000,1500,800,800,10731,9415,8392,7687,7152,19200,50346,0
220000,1,1,2,-1,-1,3,2,2,-2,1815,743,743,43,-657,-1357,1486,0,0,0,0,0,218185,219257,219257,219957,220657,221357,-156,0
10000,2,2,3,1,2,-1,-1,-1,-1,9298,9093,8528,9319,9477,9736,1000,1200,1142,300,400,340,702,907,1472,681,523,264,51069,0
290000,3,1,2,-1,-1,-1,-1,-1,-1,80748,78241,76401,76435,77434,79223,2755,2824,2456,2245,2500,1200,209252,211759,213599,213565,212566,210777,454502,0
20000,3,2,2,1,-1,-1,-1,-1,-1,-2086,16116,17151,18161,18521,18911,18451,1300,1302,662,688,800,22086,3884,2849,1839,1479,1089,63571,0
200000,2,1,2,-1,-1,-1,-1,-1,-1,3506,4713,2519,3960,6797,4414,4727,2526,3971,6827,4427,5603,196494,195287,197481,196040,193203,195586,-2172,0
50000,3,1,3,1,-2,-1,-1,-1,-1,-2012,-2012,47714,48685,18139,18519,0,50224,2195,649,672,749,52012,52012,2286,1315,31861,31481,74544,0
50000,2,1,3,-1,-1,-1,-1,-1,-1,45422,46291,16118,14237,14381,16026,1916,1243,1492,636,2000,2000,4578,3709,33882,35763,35619,33974,143188,0
60000,2,1,3,-1,-1,-1,-1,-1,-1,47963,81071,41153,42268,32692,30892,2308,3980,2000,2000,2000,2000,12037,-21071,18847,17732,27308,29108,261751,0
50000,3,1,3,1,-2,-2,-2,-2,-1,6300,0,0,0,0,5275,0,0,0,0,5275,0,43700,50000,50000,50000,50000,44725,6300,0
290000,1,1,2,2,-1,-1,-1,-1,-1,97531,99413,96194,96089,92505,74760,4429,5000,2928,3097,2033,1051,192469,190587,193806,193911,197495,215240,537954,1
140000,2,1,3,2,2,2,2,2,2,73259,75063,73305,78454,79571,78176,3600,0,7000,3000,0,8000,66741,64937,66695,61546,60429,61824,436228,1
570000,1,2,2,-1,-1,-1,-1,-1,-2,388897,253793,261176,266800,0,0,9083,11472,12000,0,0,0,181103,316207,308824,303200,570000,570000,1138111,0
210000,1,1,3,-1,-1,-1,-1,-1,-1,1582,326,3632,1967,3952,10330,326,3632,1967,3985,10330,8000,208418,209674,206368,208033,206048,199670,-6451,1
270000,3,2,2,1,2,2,2,-1,-1,157318,153388,164866,160821,164010,167446,0,13900,0,5760,5967,7488,112682,116612,105134,109179,105990,102554,934734,0
50000,2,1,2,-1,-1,-1,-1,-1,-1,47048,24058,25042,21947,19198,19610,1445,1429,1294,1000,705,699,2952,25942,24958,28053,30802,30390,150331,0
60000,2,2,2,2,-1,-1,-1,-1,-1,58190,59615,60379,56921,18050,18385,3000,3100,1409,631,1000,664,1810,385,-379,3079,41950,41615,261736,1
120000,2,2,3,1,2,2,2,2,2,63911,62286,67259,67659,68937,70674,0,6000,2100,3000,3000,2500,56089,57714,52741,52341,51063,49326,384126,1
450000,1,1,3,-1,2,-1,-1,-1,-2,3566,240,1718,2284,-561,-1477,0,2000,2300,0,590,0,446434,449760,448282,447716,450561,451477,880,1
60000,2,1,2,-2,2,-1,-1,-1,-1,50210,2846,18862,18145,20934,22146,60054,19061,20089,23019,22181,16711,9790,57154,41138,41855,39066,37854,-27972,0
20000,2,2,2,3,2,2,7,7,7,2400,2400,2400,2400,2400,2400,0,0,0,0,0,0,17600,17600,17600,17600,17600,17600,14400,1
180000,1,1,2,-1,-1,-1,-1,-1,-1,85703,84298,62201,81859,78566,77491,3614,2400,23500,3800,3700,500,94297,95702,117799,98141,101434,102509,432604,0
380000,2,2,2,-1,-1,-1,-1,-1,-1,2302,7281,2686,2281,5760,9239,7500,2700,2300,6000,6000,3000,377698,372719,377314,377719,374240,370761,2049,0
20000,2,1,3,-1,-1,-1,-1,-2,-2,18401,19784,20650,0,0,0,2000,1650,0,0,0,0,1599,216,-650,20000,20000,20000,55185,0
120000,1,2,1,-1,-1,-1,-2,-1,-1,2382,884,0,0,10446,0,884,0,0,10446,0,0,117618,119116,120000,120000,109554,120000,2382,0
500000,3,1,2,-1,-1,-1,-1,-1,-1,32647,1832,1920,21734,1837,96,1832,1920,21734,1837,0,19637,467353,498168,498080,478266,498163,499904,13106,1
20000,2,2,2,-1,-1,-1,2,-1,-1,18646,17746,19953,19183,17703,12100,2000,3200,0,0,1100,0,1354,2254,47,817,2297,7900,99031,1
260000,3,1,3,-1,-1,-1,-1,-1,-1,205599,151040,150917,152447,123771,126472,6000,7500,6000,4300,4500,4500,54401,108960,109083,107553,136229,133528,877446,0
20000,2,2,2,-1,-1,-1,-1,-1,-1,13479,14944,16392,17789,18238,17638,2000,2000,2000,1000,800,700,6521,5056,3608,2211,1762,2362,89980,0
230000,2,1,2,-1,-1,-1,-1,-1,-1,149697,155697,165978,170563,173697,179697,6000,10281,8866,6000,6000,6000,80303,74303,64022,59437,56303,50303,952182,0
120000,2,1,2,-1,-1,-1,-1,-1,-1,1336,-5,500,500,150,150,0,505,500,150,150,941,118664,120005,119500,119500,119850,119850,385,0
130000,1,1,3,2,2,-1,-1,-1,-1,80987,79085,82799,86407,88959,97487,0,5000,5000,4000,10000,3724,49013,50915,47201,43593,41041,32513,488000,1
200000,1,1,3,-1,-1,-1,-1,-1,-1,840,770,386,0,475,390,800,396,4,475,1170,930,199160,199230,199614,200000,199525,199610,-914,0
30000,1,2,3,-1,-1,-1,2,-1,-1,25144,25831,29122,28277,20390,20555,1500,4500,0,900,1000,2000,4856,4169,878,1723,9610,9445,139419,0
230000,3,1,2,-1,-1,-1,-1,-1,-2,2606,2986,2608,797,-3,-3,2990,1020,799,0,0,0,227394,227014,227392,229203,230003,230003,4182,0
210000,1,1,3,-1,-1,-1,-1,-1,-1,396,396,396,396,396,396,396,396,396,396,396,396,209604,209604,209604,209604,209604,209604,0,1
260000,4,1,3,-1,-1,-1,-1,-1,-1,18503,19616,20725,21807,21216,22331,3000,3000,3000,1000,2000,5000,241497,240384,239275,238193,238784,237669,107198,0
160000,2,1,2,-2,-2,-2,-2,-2,-2,8700,5159,10550,3566,2453,2673,5183,10670,3576,2460,2680,2484,151300,154841,149450,156434,157547,157327,6048,0
140000,2,2,3,-1,-1,-1,-1,-1,-1,129301,129885,131886,133105,78607,78773,6104,7000,5518,2933,3100,3502,10699,10115,8114,6895,61393,61227,653400,0
70000,2,1,2,-1,-1,-1,-1,-1,-1,71059,71998,71229,70747,68154,69815,5000,4792,3000,3019,8010,7000,-1059,-1998,-1229,-747,1846,185,392181,1
100000,2,1,2,-1,-1,-1,-1,-1,-1,15788,8242,10095,11636,6649,8649,2000,2000,2007,2000,2000,5000,84212,91758,89905,88364,93351,91351,46052,0
150000,1,2,2,-2,-2,-2,-2,-2,-2,833,1601,9253,33062,2328,4121,1606,9297,33243,2336,4140,10859,149167,148399,140747,116938,147672,145879,-10283,0
290000,2,2,2,-1,-1,-1,-1,-1,-1,14543,12190,14483,16589,18306,22204,2000,3000,3000,3000,5000,3000,275457,277810,275517,273411,271694,267796,79315,0
60000,2,1,2,-1,-1,-1,-1,-1,-1,6742,9582,-27,15273,14766,14687,3000,18,15300,5000,15132,6500,53258,50418,60027,44727,45234,45313,16073,0
50000,2,2,2,5,4,3,2,-1,-1,19859,19268,18687,17956,17710,18710,0,0,0,354,1000,1000,30141,30732,31313,32044,32290,31290,109836,0
20000,3,1,2,-1,-1,-1,-1,-1,-1,17224,16533,17557,18666,19037,19434,1267,1291,1400,681,703,600,2776,3467,2443,1334,963,566,102509,0
500000,1,1,2,-1,-1,2,-1,-1,-1,474934,507062,491956,430637,376657,356636,40024,325,15296,12137,12312,14113,25066,-7062,8044,69363,123343,143364,2543675,0
90000,2,1,3,-1,3,2,2,-1,-1,3664,3449,1776,-1170,390,390,0,0,0,1560,390,930,86336,86551,88224,91170,89610,89610,5619,1
280000,1,2,2,-2,-2,-2,-2,-2,-2,7523,1567,-8,-8,1680,0,1574,0,0,1688,0,198,272477,278433,280008,280008,278320,280000,7294,0
40000,2,1,3,1,2,-1,-1,-1,-1,34364,33512,34549,35572,36481,37889,0,1577,1600,1500,2000,2000,5636,6488,5451,4428,3519,2111,203690,1
220000,1,1,2,-1,-1,-1,-1,-1,-1,875,1093,3572,7330,0,3995,1093,2518,7409,0,3995,2028,219125,218907,216428,212670,220000,216005,-178,1
220000,4,1,2,-2,-2,-1,-1,-1,-1,44253,1966,6189,1850,6938,5034,1966,6203,1850,6938,101,2932,175747,218034,213811,218150,213062,214966,46240,0
50000,2,1,2,-1,-1,-1,-1,-1,-1,97190,48290,49633,48707,19623,13673,1787,2130,1184,13604,496,523,-47190,1710,367,1293,30377,36327,257392,1
20000,2,3,3,-1,-1,2,2,-1,-1,390,780,390,0,780,0,780,0,0,780,0,0,19610,19220,19610,20000,19220,20000,780,1
200000,1,1,2,-1,-1,-1,-1,-1,-1,192257,192560,198501,194782,191172,193267,7004,10061,7071,6514,7081,10121,7743,7440,1499,5218,8828,6733,1114687,0
20000,2,1,2,2,-1,-1,2,-1,-1,18390,19468,20844,19362,19402,19607,2000,3000,0,850,920,750,1610,532,-844,638,598,393,109553,1
60000,1,2,2,1,2,-1,-1,-1,-1,60037,50524,58025,59724,28575,39402,0,9000,3000,1200,11500,3000,-37,9476,1975,276,31425,20598,268587,1
280000,3,1,3,-2,-2,-2,-2,-2,-2,14493,1589,-7,1420,8036,12863,1596,0,1427,8076,12927,0,265507,278411,280007,278580,271964,267137,14368,0
50000,2,2,3,-1,-1,-1,-1,-1,-1,44385,45637,46815,16927,17263,17628,1992,2170,1282,618,643,1000,5615,4363,3185,33073,32737,32372,180950,0
420000,1,1,2,-1,-1,-1,-1,-1,-1,387143,24830,25419,10951,8126,8313,1585,1174,1133,291,318,277,32857,395170,394581,409049,411874,411687,460004,0
30000,3,1,3,1,2,2,2,-1,-1,19397,18659,22544,21889,22721,23401,1500,4500,0,1500,1200,2000,10603,11341,7456,8111,7279,6599,117911,1
50000,3,2,2,-1,-1,2,2,2,2,22312,25349,26075,25358,27123,27509,3416,1425,0,2190,965,0,27688,24651,23925,24642,22877,22491,145730,0
20000,3,1,3,-1,-1,-1,2,-1,-1,18100,17926,19485,19503,19566,1320,2000,3000,1200,1000,1400,0,1900,2074,515,497,434,18680,87300,0
110000,2,1,2,2,3,2,2,2,2,39733,38862,40995,40106,42492,43197,0,3000,0,3300,1463,0,70267,71138,69005,69894,67508,66803,237622,1
230000,2,1,2,-1,-1,-1,-1,-1,-1,20307,19864,17789,14416,14445,14452,2000,2263,2000,2000,2000,2000,209693,210136,212211,215584,215555,215548,89010,0
60000,2,1,3,-1,-1,-1,-1,-1,-1,20959,20822,17973,18403,17898,17388,1500,1500,2000,1000,1000,1000,39041,39178,42027,41597,42102,42612,105443,0
360000,1,1,2,-2,-2,-2,-2,-2,-2,1814,6545,0,0,0,0,6545,0,0,0,0,259,358186,353455,360000,360000,360000,360000,1555,0
50000,2,2,3,-1,-1,-1,-1,-1,-1,49165,46466,47145,47658,48209,48579,1800,1814,1717,1658,1858,2000,835,3534,2855,2342,1791,1421,276375,0
110000,2,2,2,-1,-1,-1,-1,-1,-1,106612,110828,109937,47250,48543,47848,6100,3000,2000,2000,2000,2000,3388,-828,63,62750,61457,62152,453918,0
150000,2,2,1,-1,-1,-1,-1,-1,-1,104165,93850,94944,100940,100339,102567,5000,4380,8528,5000,4000,5000,45835,56150,55056,49060,49661,47433,564897,0
180000,1,2,1,-1,-1,-1,-1,-1,-1,1124,18213,4390,1016,4745,0,18213,4390,1016,4745,0,0,178876,161787,175610,178984,175255,180000,1124,0
80000,2,2,2,-1,-1,-1,-1,-1,-1,5092,4623,1944,15361,13286,5848,4623,1963,15361,13286,5848,0,74908,75377,78056,64639,66714,74152,5073,0
50000,2,2,2,-1,-1,-1,-1,-1,-1,46652,45235,23299,22672,21440,19304,2014,1600,1400,429,386,57,3348,4765,26701,27328,28560,30696,172716,0
170000,2,2,2,-1,-1,-1,-1,-1,-1,6336,7505,8522,9380,9566,9917,1281,1298,1156,342,505,610,163664,162495,161478,160620,160434,160083,46034,0
200000,2,2,2,-1,-1,2,-1,-1,-1,5433,20516,7973,6202,8549,6251,20710,23,6228,8574,6269,6411,194567,179484,192027,193798,191451,193749,6709,0
210000,1,2,2,-1,-1,-1,-1,-1,-1,36042,37141,38179,39243,39740,40574,2000,1936,2000,1450,1472,3500,173958,172859,171821,170757,170260,169426,218561,0
20000,2,2,2,-1,-1,-1,-1,-1,-2,19435,19790,19294,14092,6826,10090,2003,1448,1328,500,10986,600,565,210,706,5908,13174,9910,72662,0
160000,1,2,2,-1,2,2,-2,-2,-1,348,22,-304,-630,-956,476,0,0,0,0,1908,326,159652,159978,160304,160630,160956,159524,-3278,0
50000,3,2,3,-1,-1,-1,-1,-2,-2,46842,48356,41150,0,0,0,2356,2150,0,0,0,0,3158,1644,8850,50000,50000,50000,131842,0
340000,2,2,2,-1,-1,-1,-1,-1,-1,233770,216978,181217,172862,171353,170048,8100,8000,6102,6628,6517,4500,106230,123022,158783,167138,168647,169952,1106381,1
220000,1,2,2,-1,-1,-1,-1,-1,-1,5359,4217,2900,3392,1421,915,4217,2907,3397,1421,915,906,214641,215783,217100,216608,218579,219085,4441,0
200000,2,1,2,-2,-1,-1,-1,-1,-1,500,598,1946,11900,6344,4747,598,1950,11921,4,3,1201,199500,199402,198054,188100,193656,195253,10358,1
320000,1,2,1,-1,-1,-1,-1,-1,-1,225892,209493,170336,173806,177425,181003,9429,6189,6309,6510,6600,6395,94108,110507,149664,146194,142575,138997,1096523,0
110000,1,2,1,2,-1,-1,-1,2,-1,77831,79365,81485,86309,84028,86114,3430,4000,7100,0,3600,3142,32169,30635,28515,23691,25972,23886,473860,1
200000,1,2,2,3,2,2,-1,-1,-1,1130,566,0,560,558,558,0,0,560,558,0,0,198870,199434,200000,199440,199442,199442,2254,1
160000,1,2,2,1,2,-1,-1,-1,-1,56432,55371,56316,59331,60227,61778,0,2000,3500,2000,2200,3000,103568,104629,103684,100669,99773,98222,336755,0
310000,2,1,2,-1,-1,-1,-1,-1,-1,89600,83373,80533,70343,58365,51454,3100,3604,2366,2018,2000,1700,220400,226627,229467,239657,251635,258546,418880,0
70000,2,1,1,-1,-1,-1,-1,-1,-1,78244,19275,11231,10694,27908,11192,2009,1404,3016,20001,2000,5002,-8244,50725,58769,59306,42092,58808,125112,0
80000,2,2,1,-1,-1,-1,-1,-1,-1,28175,0,68227,68040,69840,69840,0,68227,2000,2000,0,0,51825,80000,11773,11960,10160,10160,231895,0
320000,1,2,2,-2,-2,-2,-2,-2,-2,5250,-3,988,6420,7174,-19,0,991,6452,9757,0,3995,314750,320003,319012,313580,312826,320019,-1385,0
230000,1,2,2,-1,-1,-1,-1,-1,-1,56449,219192,226596,225791,226638,226265,231788,11621,9027,9015,9000,9014,173551,10808,3404,4209,3362,3735,901466,0
260000,2,2,2,2,-1,-1,-1,-1,-1,334214,310546,288566,291597,214353,216238,12000,11000,11000,8000,8500,8300,-74214,-50546,-28566,-31597,45647,43762,1596714,1
50000,3,1,3,5,4,3,2,-1,-1,54090,52955,51847,50307,27707,28479,0,0,0,0,974,31100,-4090,-2955,-1847,-307,22293,21521,233311,1
210000,3,2,3,-1,-1,-1,-1,-1,-1,85107,83658,73664,38405,38395,5062,33658,30003,1000,38395,5062,13061,124893,126342,136336,171595,171605,204938,203112,0
60000,3,1,3,-1,-1,-1,-1,-1,-1,19489,20496,21702,22360,19760,0,1336,1542,1200,500,0,0,40511,39504,38298,37640,40240,60000,99229,0
30000,2,1,3,-1,-1,-1,-1,-1,-1,26393,28622,29846,25571,40188,27544,3006,3000,2000,3000,8150,2000,3607,1378,154,4429,-10188,2456,157008,1
480000,2,1,3,-2,-2,-2,-2,-2,-2,29112,43015,17223,10127,8416,14658,43111,17223,10135,8416,14658,27350,450888,436985,462777,469873,471584,465342,1658,0
240000,2,2,3,-1,-1,-1,-1,-1,-1,236238,225318,202513,198720,192574,195682,8763,7539,8267,7012,8010,8499,3762,14682,37487,41280,47426,44318,1202955,0
20000,2,1,3,-1,-1,-1,-1,-1,-1,18015,18344,19672,19652,780,0,1400,1630,1000,0,0,0,1985,1656,328,348,19220,20000,72433,1
50000,3,1,3,-1,-1,-1,-1,-1,-1,49782,50741,48468,39203,28913,26636,1816,1753,1433,990,967,1071,218,-741,1532,10797,21087,23364,235713,0
50000,2,1,2,-1,-1,-1,-1,-1,-1,44270,42398,44346,44098,48698,26955,5000,3000,5000,5000,5000,6000,5730,7602,5654,5902,1302,23045,221765,0
50000,1,1,2,-1,-1,-1,-1,-2,-2,6290,3770,10060,0,0,0,3770,10060,0,0,0,0,43710,46230,39940,50000,50000,50000,6290,0
500000,1,1,2,-1,-1,-1,-1,-1,-1,14817,2480,122750,4599,10094,43150,3904,123000,10052,10105,43168,16915,485183,497520,377250,495401,489906,456850,-9254,0
70000,2,2,2,-1,-1,-1,-1,-1,-1,35515,36619,37725,38792,39447,40361,2000,2000,2000,1600,1700,1700,34485,33381,32275,31208,30553,29639,217459,0
40000,1,2,2,-1,-1,-1,-1,-1,-1,33075,34221,35866,36691,31672,27945,2000,2500,2014,250,2000,500,6925,5779,4134,3309,8328,12055,190206,0
420000,1,2,2,-1,-1,-1,-1,-2,-2,1100,1183,2736,0,0,0,1183,2736,0,0,0,0,418900,418817,417264,420000,420000,420000,1100,0
20000,2,1,2,2,2,2,2,2,2,25238,25274,25026,23073,22857,21143,2000,1700,0,1653,0,1940,-5238,-5274,-5026,-3073,-2857,-1143,135318,0
300000,3,1,3,-1,-1,-1,-1,-1,-1,1556,118157,11409,11907,3965,18327,118816,11488,11967,3983,18416,6260,298444,181843,288591,288093,296035,281673,-5609,0
110000,2,2,2,3,2,2,-1,-1,-1,78480,80604,78326,44890,41394,42727,4000,0,2000,1500,2000,2000,31520,29396,31674,65110,68606,67273,354921,1
70000,2,1,3,4,4,4,4,4,4,59130,59831,61873,63359,64221,65706,2272,3614,3100,2500,3100,1000,10870,10169,8127,6641,5779,4294,358534,1
110000,1,2,2,-1,-1,-1,-1,-2,-2,18310,19327,20650,0,0,0,1327,1650,0,0,0,0,91690,90673,89350,110000,110000,110000,55310,0
220000,2,1,3,2,2,-1,-1,-1,-1,222418,206473,208464,175407,175170,174726,4,8027,6218,6220,6316,6504,-2418,13527,11536,44593,44830,45274,1129369,0
20000,1,2,2,-1,-1,-1,-1,-1,-1,14320,14595,16350,17322,18319,19297,2000,2000,2000,2000,2000,2000,5680,5405,3650,2678,1681,703,88203,0
120000,3,1,2,-1,-1,-1,-1,-1,-1,326,326,326,326,326,326,326,326,326,326,326,326,119674,119674,119674,119674,119674,119674,0,0
150000,3,2,3,-1,-1,-1,-1,-1,-1,65903,35916,34409,93241,67549,62479,5011,3045,70092,2521,3000,3000,84097,114084,115591,56759,82451,87521,272828,0
110000,3,1,3,-1,-1,-1,-1,-1,-1,91275,93357,94938,79368,74778,75996,4500,4100,2612,2666,2700,2659,18725,16643,15062,30632,35222,34004,490475,0
320000,3,1,2,-2,-2,-2,-2,-2,-2,5360,726,6992,3741,10138,15745,726,6992,3755,10138,15745,16740,314640,319274,313008,316259,309862,304255,-11394,0
50000,2,1,1,-1,-1,-1,-1,-1,-1,430,0,46257,45975,1300,43987,0,46257,2200,1300,43987,1386,49570,50000,3743,4025,48700,6013,42819,0
20000,2,2,2,-1,-1,-2,-2,-1,-1,16912,-2,-1,-1,309,9525,0,0,0,310,9500,800,3088,20002,20001,20001,19691,10475,16132,0
180000,3,1,2,2,-1,-1,-1,-1,-1,57991,58587,59497,60356,60209,60522,2700,3000,3000,2500,2500,3000,122009,121413,120503,119644,119791,119478,340462,1
200000,2,1,2,-1,-1,-1,-1,-1,-1,208835,202673,193898,180759,160482,132870,7313,7157,11609,5609,5059,5014,-8835,-2673,6102,19241,39518,67130,1037756,0
50000,3,1,3,1,2,-1,-1,-1,2,16217,15664,16693,17407,18660,19115,0,1586,1300,1546,900,0,33783,34336,33307,32593,31340,30885,98424,0
360000,1,2,3,-1,3,2,-1,-1,2,499,499,499,13136,9160,2752,0,0,13169,2784,12,14293,359501,359501,359501,346864,350840,357248,-3713,1
30000,2,1,2,-1,-1,-1,-1,-1,-1,28130,27836,28998,29480,29500,0,1750,2000,1200,1000,0,1500,1870,2164,1002,520,500,30000,136494,0
230000,1,2,2,-2,-2,-2,-2,-2,-2,0,0,0,0,100,2405,0,0,0,100,2405,0,230000,230000,230000,230000,229900,227595,0,0
280000,1,2,2,-2,-2,-2,-2,-2,-2,3981,1350,3735,13956,5911,1356,1355,3754,14025,12820,1362,5274,276019,278650,276265,266044,274089,278644,-8301,0
50000,3,1,2,-1,-1,-1,-1,-1,-1,47974,43680,22133,12882,8131,3983,3000,2871,1000,163,3983,3771,2026,6320,27867,37118,41869,46017,123995,1
360000,1,2,2,-1,-1,-1,-1,-1,-1,57709,23707,11850,12533,7477,7718,23718,11850,13898,7477,7718,168350,302291,336293,348150,347467,352523,352282,-112017,0
240000,2,2,2,2,2,2,-1,-1,2,45070,46111,45268,46295,48903,49763,1900,0,1900,3500,1600,0,194930,193889,194732,193705,191097,190237,272510,1
180000,3,1,3,2,2,2,2,-1,-1,176911,172605,182641,135892,135411,126808,0,15000,0,4500,5000,5000,3089,7395,-2641,44108,44589,53192,900768,0
200000,1,2,2,-1,-1,-1,-1,-1,-1,396,396,396,396,396,396,396,396,396,396,396,396,199604,199604,199604,199604,199604,199604,0,0
390000,1,1,1,-2,-2,-2,-2,-2,-2,570,2681,1186,1944,4966,2973,2691,1191,1948,4987,2982,15546,389430,387319,388814,388056,385034,387027,-15025,0
110000,1,2,1,-1,-1,-1,-1,-1,-1,47982,43735,41840,40199,39612,27926,1809,2012,1504,1502,1514,1007,62018,66265,68160,69801,70388,82074,231946,0
250000,1,2,1,-1,-1,-1,-1,-1,-1,240725,200603,150035,145876,100971,50333,10022,7004,5414,2500,1010,48440,9275,49397,99965,104124,149029,199667,814153,0
380000,2,2,2,-1,-1,-1,-1,-1,-1,47765,47945,135167,95527,91541,92808,3000,90527,5000,3000,4000,3000,332235,332055,244833,284473,288459,287192,402226,0
300000,2,1,2,-1,-1,-1,-1,-1,-1,165,165,165,165,1759,1394,165,165,165,1759,1394,1790,299835,299835,299835,299835,298241,298606,-1625,0
300000,2,1,3,-1,-1,2,2,-1,-1,223211,239061,239874,233894,169520,160385,21000,6000,3662,6000,6000,6000,76789,60939,60126,66106,130480,139615,1217283,0
320000,1,1,3,-2,-2,-2,-2,-2,-2,968,6444,23384,4310,5980,13522,6476,23507,4336,6010,13589,3574,319032,313556,296616,315690,314020,306478,-2884,0
160000,2,1,3,1,-2,-2,-2,-2,-2,0,0,0,0,0,0,0,0,0,0,0,0,160000,160000,160000,160000,160000,160000,0,0
310000,1,1,3,-2,-2,-2,-2,-2,-2,-1874,-2474,-2474,-74,2226,-484,0,0,2400,2300,0,0,311874,312474,312474,310074,307774,310484,-9854,0
50000,2,2,2,-1,-1,-1,-1,-1,-1,50962,50212,3800,50535,50525,1473,2264,1000,50042,2505,1473,12023,-962,-212,46200,-535,-525,48527,138200,0
20000,2,1,2,-1,-1,-1,-1,2,2,8768,9622,10974,14963,15123,14741,1159,1511,4500,700,0,1000,11232,10378,9026,5037,4877,5259,65321,1
240000,2,1,2,2,-1,-1,2,2,-1,60511,41296,2181,1175,-13,2487,2300,2185,4,0,2500,0,179489,198704,237819,238825,240013,237513,100648,1
250000,1,2,2,-1,-1,-1,-1,-1,-1,377399,78416,64479,33404,11259,11007,10045,3194,1104,10015,5005,2033,-127399,171584,185521,216596,238741,238993,544568,0
200000,1,2,2,-1,-1,-1,-2,-2,-1,162018,121934,0,0,0,590,6000,0,0,0,590,61935,37982,78066,200000,200000,200000,199410,216017,0
240000,1,2,2,1,-2,-2,-2,-1,-1,0,0,0,0,27670,28252,0,0,0,27670,920,920,240000,240000,240000,240000,212330,211748,26412,0
150000,3,1,3,-1,2,-1,-1,-1,-1,1280,390,390,780,1746,0,0,390,780,1746,0,0,148720,149610,149610,149220,148254,150000,1670,0
420000,2,1,3,-1,-1,-1,-1,-1,-1,36590,44670,60376,30099,66049,61043,42063,30253,20016,40015,30004,3000,383410,375330,359624,389901,353951,358957,133476,0
10000,3,1,2,-1,-1,-1,2,2,2,5104,6133,8432,8150,8945,8657,1274,2573,0,1086,0,353,4896,3867,1568,1850,1055,1343,40135,0
30000,2,1,3,1,2,2,-1,-1,-1,12351,13068,12568,13880,13849,14816,1216,0,1528,497,1192,0,17649,16932,17432,16120,16151,15184,76099,0
250000,1,2,2,-1,3,2,-1,-1,-1,441,441,81,1540,3088,5680,0,0,5000,3088,3000,0,249559,249559,249919,248460,246912,244320,183,1
500000,2,1,2,-1,-1,-1,-1,-1,-1,5322,5920,6061,7289,8313,6490,1125,1280,1791,1528,1512,1370,494678,494080,493939,492711,491687,493510,30789,0
30000,2,2,2,-1,-1,2,2,2,2,29770,27400,28935,28934,30313,30330,6000,2273,780,2635,1033,611,230,2600,1065,1066,-313,-330,162350,0
120000,2,2,3,-1,-1,-1,-1,-1,-1,116757,120600,106464,92788,29989,31215,10717,10000,20014,0,6000,2534,3243,-600,13536,27212,90011,88785,448548,0
200000,2,1,2,-1,-1,-1,-1,-2,-2,2498,2670,2967,0,0,0,2670,2996,0,0,0,0,197502,197330,197033,200000,200000,200000,2469,0
20000,2,2,2,-1,-1,-1,-1,-1,-1,11179,11985,14372,15619,16376,16738,1300,2600,1500,1000,1000,2000,8821,8015,5628,4381,3624,3262,76869,0
50000,2,2,2,1,2,2,2,-1,-1,15116,14876,17325,16754,17175,17588,300,3000,0,1000,690,650,34884,35124,32675,33246,32825,32412,93194,1
50000,3,1,3,2,2,2,-1,-1,-1,39892,42704,34909,33528,16205,16593,3600,5,1309,800,800,750,10108,7296,15091,16472,33795,33407,176567,1
50000,3,2,3,-1,-1,-1,-1,-1,-1,46185,47570,38984,23566,21652,3612,3000,4022,3034,5000,3700,20775,3815,2430,11016,26434,28348,46388,142038,1
140000,3,1,2,-1,-1,-1,-1,-1,-1,138317,142082,136034,137524,88752,89409,6047,6405,6452,3228,3140,3157,1683,-2082,3966,2476,51248,50591,703689,0
20000,3,1,2,-1,-1,-1,-1,-1,-1,17692,17293,16803,16525,16185,-2623,2000,2004,1500,1500,0,19500,2308,2707,3197,3475,3815,22623,55371,0
150000,3,2,2,-1,-1,-1,-1,-1,-1,42029,42678,11413,12418,12415,13211,2100,1500,1500,500,1000,2300,107971,107322,138587,137582,137585,136789,125264,0
230000,2,1,2,-1,-1,-1,-1,-1,-1,174274,176853,180639,180117,179717,124117,7004,10000,5000,0,5000,189600,55726,53147,49361,49883,50283,105883,799113,0
240000,2,1,2,-1,-1,-1,-1,-2,-2,230523,237022,235890,0,0,0,11828,6100,0,0,0,0,9477,2978,4110,240000,240000,240000,685507,0
150000,1,1,3,3,2,2,-1,-1,2,111056,113467,110235,111376,154802,152304,5700,0,4500,45500,0,5400,38944,36533,39765,38624,-4802,-2304,692140,1
140000,1,1,2,-1,-1,-1,-1,-1,-1,52684,46479,39949,30051,31124,32375,1692,2438,1464,2124,2375,1547,87316,93521,100051,109949,108876,107625,221022,0
310000,2,1,2,-2,-2,-2,-2,-2,-2,1619,1443,1443,1443,1443,2886,1443,1443,1443,1443,2886,0,308381,308557,308557,308557,308557,307114,1619,0
60000,2,1,2,3,2,2,7,7,6,2400,2400,2400,2400,2400,1800,0,0,0,0,0,0,57600,57600,57600,57600,57600,58200,13800,1
200000,1,2,2,-2,-2,-2,-2,-2,-2,485,1313,1144,933,1207,3149,1316,1147,935,1210,3158,2350,199515,198687,198856,199067,198793,196851,-1885,0
160000,1,1,3,-2,-2,-2,-2,-2,-2,0,0,0,0,0,0,0,0,0,0,0,0,160000,160000,160000,160000,160000,160000,0,1
360000,1,1,2,-1,-1,-1,-1,-1,-2,12895,3546,4371,6365,2987,2979,3552,4377,6400,3002,2994,2233,347105,356454,355629,353635,357013,357021,10585,0
30000,2,1,3,-1,-1,-1,-1,-1,-1,12922,14199,15461,16497,16923,17649,1500,1500,1300,700,1000,1000,17078,15801,14539,13503,13077,12351,86651,0
100000,3,1,3,1,-1,-1,-2,-1,-1,0,840,0,0,63562,66520,840,0,0,63562,4000,3000,100000,99160,100000,100000,36438,33480,59520,1
10000,2,1,3,1,2,2,2,2,-2,6321,6075,10062,6267,-610,-220,0,4312,0,0,780,1150,3679,3925,-62,3733,10610,10220,21653,0
300000,2,1,2,-2,-2,-1,-1,-1,-1,3016,24038,6221,33999,24985,25743,12165,6252,34042,66,14062,3081,296984,275962,293779,266001,275015,274257,48334,0
500000,2,1,3,-1,-1,2,-1,-1,-1,1460,5594,5334,1911,1774,5351,5334,25,1920,1783,5377,237,498540,494406,494666,498089,498226,494649,6748,1
50000,3,1,3,2,-1,-1,-1,-1,-1,48785,49762,49861,48660,7698,7463,2090,2450,1510,409,415,406,1215,238,139,1340,42302,42537,204949,1
500000,2,1,3,-2,-2,-2,-2,-2,-2,1900,5441,0,1535,1100,800,5441,0,1535,1100,800,1297,498100,494559,500000,498465,498900,499200,603,0
100000,2,1,3,2,-1,-1,-1,-1,-1,100000,99774,102237,98452,99423,101548,4500,5000,4500,3800,3900,4000,0,226,-2237,1548,577,-1548,575734,1
240000,1,2,2,-1,-1,-1,-1,-1,-1,241499,236556,229622,202296,165639,159245,8500,10200,8366,6070,10000,6043,-1499,3444,10378,37704,74361,80755,1185678,0
450000,2,1,3,-1,-1,-1,-1,-1,-1,104485,92993,80647,67875,58328,252696,6000,4000,4000,7000,215000,3000,345515,357007,369353,382125,391672,197304,418024,0
620000,2,2,2,-2,-2,-2,-2,-2,-2,5712,11598,21049,13846,3565,7076,11881,21171,13915,3583,7111,1971,614288,608402,598951,606154,616435,612924,3214,0
100000,2,1,2,-1,-1,-1,-1,-1,-1,60121,61575,63028,43360,41906,42831,2454,2700,1712,1500,1600,1600,39879,38425,36972,56640,58094,57169,301255,0
230000,1,2,2,-1,-1,-1,-1,-1,-1,246764,239685,135520,102518,129195,101717,8316,10084,5091,70063,4037,5122,-16764,-9685,94480,127482,100805,128283,852686,0
50000,2,2,2,-1,-1,-1,-1,-2,-2,4166,0,4166,0,0,0,0,4166,0,0,0,0,45834,50000,45834,50000,50000,50000,4166,0
30000,2,2,2,4,3,4,4,4,3,17628,20024,20424,20601,19992,19392,3000,1000,786,0,0,0,12372,9976,9576,9399,10008,10608,113275,1
20000,2,3,3,-1,-1,-1,-1,-1,-1,16149,17373,18000,20000,0,780,1500,1000,20000,0,390,0,3851,2627,2000,0,20000,19220,49412,0
180000,1,2,2,-1,-1,2,-1,-1,-1,291,582,291,291,291,291,582,0,291,291,291,291,179709,179418,179709,179709,179709,179709,291,1
90000,1,2,2,2,2,2,-1,-1,2,90322,92257,89939,91176,91331,87588,4300,0,3656,7100,0,7200,-322,-2257,61,-1176,-1331,2412,520357,1
170000,1,2,2,-1,-1,-1,-1,-1,-1,166470,159880,161445,152549,122948,120277,5809,7334,6699,4315,4410,4309,3530,10120,8555,17451,47052,49723,850693,0
180000,2,2,2,-2,-2,-2,-2,-2,-2,-16,-16,-16,850,0,0,0,0,866,0,0,0,180016,180016,180016,179150,180000,180000,-64,0
50000,3,2,3,-1,-1,-1,-1,-1,-1,50693,50019,36939,29500,19655,20067,1747,1515,3076,20693,679,653,-693,-19,13061,20500,30345,29933,178510,0
100000,3,1,2,-1,-1,-1,2,-1,-1,50512,49374,51644,45920,21659,10861,2000,5138,75,1032,32,15127,49488,50626,48356,54080,78341,89139,206566,0
200000,1,2,2,1,-2,-2,-2,-2,-2,0,0,0,0,0,0,0,0,0,0,0,0,200000,200000,200000,200000,200000,200000,0,0
200000,1,2,2,-2,-2,-2,-2,-2,-2,4279,3774,706,5177,3792,12035,3856,706,5192,3808,12035,33436,195721,196226,199294,194823,196208,187965,-29270,0
220000,1,1,2,1,-2,-2,-2,-2,-2,0,0,0,0,0,0,0,0,0,0,0,0,220000,220000,220000,220000,220000,220000,0,0
80000,3,1,3,2,-1,-1,2,-1,-1,1473,1473,3133,1473,1473,390,1473,3133,0,1473,390,390,78527,78527,76867,78527,78527,79610,2556,0
30000,3,2,2,1,2,2,-1,-1,-1,24095,24796,23722,24630,24934,25264,1398,0,1696,1000,1500,500,5905,5204,6278,5370,5066,4736,141347,0
50000,3,2,2,-1,-1,-1,-1,-1,-1,46860,48581,48968,18949,19181,20245,2500,1700,1600,811,2000,0,3140,1419,1032,31051,30819,29755,194173,0
210000,1,2,3,1,2,-1,-1,-1,-1,65568,67501,52620,7379,9083,10766,3700,2700,1300,2000,2000,16000,144432,142499,157380,202621,200917,199234,185217,0
10000,1,1,3,1,2,-1,-1,-1,-1,8594,7421,8145,9000,9000,0,0,2000,2000,0,0,0,1406,2579,1855,1000,1000,10000,38160,0
300000,1,1,2,-2,-2,-2,-2,-2,-2,0,0,0,0,0,0,0,0,0,0,0,0,300000,300000,300000,300000,300000,300000,0,1
470000,2,1,2,-1,-1,-1,-1,-1,-1,12281,13323,13149,15824,19424,27522,2014,3000,3000,4000,8098,3000,457719,456677,456851,454176,450576,442478,78411,0
200000,1,1,3,-1,-1,-1,-1,-2,-2,196770,202515,205150,0,0,0,10500,9200,0,0,0,0,3230,-2515,-5150,200000,200000,200000,584735,0
80000,2,1,2,-1,-1,-1,-1,-1,-1,81249,81117,81140,80567,59560,40390,3000,3300,2602,1800,1432,1520,-1249,-1117,-1140,-567,20440,39610,410369,0
10000,3,2,2,-1,-1,-1,-1,-1,-1,6728,8050,9531,9904,9310,19000,1446,2017,1000,186,190,0,3272,1950,469,96,690,-9000,57684,0
10000,3,2,3,1,-1,-1,-1,-1,-1,2365,9148,7264,9084,4422,1735,10008,5000,5019,1009,1000,9000,7635,852,2736,916,5578,8265,2982,0
20000,3,2,2,-1,-1,2,2,-2,-2,18623,21501,20650,0,0,0,3501,0,0,0,0,0,1377,-1501,-650,20000,20000,20000,57273,0
240000,2,1,2,1,2,-1,-1,-1,-1,245338,234661,234364,235982,239281,244329,0,10200,10200,8725,9068,9068,-5338,5339,5636,4018,719,-4329,1386694,0
30000,2,2,1,-1,-1,-1,-1,-1,-1,13172,7965,3101,3126,7365,3245,1082,1000,3126,7365,0,828,16828,22035,26899,26874,22635,26755,24573,0
160000,2,1,2,-1,-1,-1,-1,-1,2,94041,54835,46575,7169,9036,8749,3579,3500,2000,2000,0,1000,65959,105165,113425,152831,150964,151251,208326,0
20000,1,2,2,3,2,2,7,7,7,2400,2400,2400,2400,2400,2400,0,0,0,0,0,0,17600,17600,17600,17600,17600,17600,14400,1
10000,2,1,2,-1,4,3,2,2,2,7501,7243,6988,6730,7463,7199,0,0,0,1000,0,3000,2499,2757,3012,3270,2537,2801,39124,1
250000,3,1,2,-1,-1,-1,-1,-1,-1,209263,199834,200957,205454,205710,210115,7127,7335,8871,8055,8426,5208,40737,50166,49043,44546,44290,39885,1186311,0
260000,1,2,2,-1,-1,-1,-1,-1,-2,251267,254332,257628,161545,0,0,12021,11710,7503,0,0,0,8733,5668,2372,98455,260000,260000,893538,0
100000,2,2,2,-1,-1,-1,-1,-1,-1,47908,48909,49954,50974,52021,53186,1800,1830,1850,1894,2000,2000,52092,51091,50046,49026,47979,46814,291578,1
210000,1,2,2,-1,2,2,-2,-2,-2,1527,1350,0,0,0,0,0,0,0,0,0,0,208473,208650,210000,210000,210000,210000,2877,0
290000,1,2,2,-1,-1,-1,-1,-1,-1,277227,279189,265077,241284,102450,104544,10681,15089,8801,7450,4544,4028,12773,10811,24923,48716,187550,185456,1219178,0
150000,4,2,1,-1,-1,-1,-1,-1,-1,200442,206334,206221,69995,60000,0,8500,8000,2500,1500,0,0,-50442,-56334,-56221,80005,90000,150000,722492,1
300000,1,2,2,2,-1,-1,-1,-1,-1,255299,255607,258394,261024,260672,263894,9106,11000,11009,10000,10000,10000,44701,44393,41606,38976,39328,36106,1493775,1
50000,2,1,2,1,-2,-1,-1,-1,-1,-11545,-1935,7321,2850,6340,3110,10000,10000,7867,6340,3000,2218,61545,51935,42679,47150,43660,46890,-33284,0
100000,2,2,1,-1,-1,-1,-1,-1,-1,51183,-1478,1261,1044,-217,522,0,4000,1044,0,2000,2000,48817,101478,98739,98956,100217,99478,43271,0
210000,1,2,2,1,2,-1,-1,-1,-1,161444,160177,151914,148432,150935,154284,6000,8000,6200,6000,5700,5700,48556,49823,58086,61568,59065,55716,889586,0
300000,3,1,2,-1,-1,-1,-1,-1,-1,590,2635,1461,3242,-80,720,2635,1461,2000,0,800,15,299410,297365,298539,296758,300080,299280,1657,0
90000,2,1,2,1,2,-1,-1,-1,2,45271,44247,45287,46332,49715,48788,0,2055,2100,4476,0,3800,44729,45753,44713,43668,40285,41212,267209,0
210000,2,1,2,-1,-1,2,-1,-1,-1,1748,2488,740,2048,740,740,2488,0,2048,740,740,740,208252,207512,209260,207952,209260,209260,1748,0
10000,2,2,3,2,-1,-1,-1,-1,-1,8640,9043,9489,9237,9422,9619,1145,1136,1144,329,340,418,1360,957,511,763,578,381,50938,1
90000,2,1,2,-1,-1,-1,-2,-2,-2,53234,38645,0,0,0,0,2100,0,0,0,0,0,36766,51355,90000,90000,90000,90000,89779,0
50000,3,2,2,1,2,-1,-1,-1,2,51350,50214,50035,50495,52073,51120,0,2160,2000,4300,0,2061,-1350,-214,-35,-495,-2073,-1120,294766,0
140000,3,1,3,-1,-1,-1,-1,-1,-1,1476,2139,0,1686,1686,205,2139,0,1686,0,205,6689,138524,137861,140000,138314,138314,139795,-3527,0
310000,2,2,2,-1,-1,-1,-1,-1,-1,259636,263812,269351,276873,281764,299161,10000,9775,12000,11000,22000,9905,50364,46188,40649,33127,28236,10839,1575917,0
250000,1,1,3,-1,-1,-1,-1,-1,-1,3704,5303,25959,6354,2994,5360,5319,26036,6373,3000,4376,3609,246296,244697,224041,243646,247006,244640,961,0
200000,1,1,2,-2,-2,-2,-2,-2,-2,11572,52799,19583,20632,3142,21253,55291,25120,25118,36,27107,43215,188428,147201,180417,179368,196858,178747,-46906,0
360000,1,1,2,-1,-1,-1,-2,-2,-2,3771,900,0,0,0,0,900,0,0,0,0,0,356229,359100,360000,360000,360000,360000,3771,0
50000,2,2,3,-1,-1,-1,-1,-1,-1,12661,13743,14777,12404,10777,16597,1600,1605,2000,500,6000,6000,37339,36257,35223,37596,39223,33403,63254,1
500000,2,1,2,-2,-2,-2,-2,-2,-2,1777,23800,297,9342,3518,5597,23800,297,9342,3518,5597,717,498223,476200,499703,490658,496482,494403,1060,0
50000,2,1,3,-1,-1,-1,-1,-1,-1,50562,55032,50688,49739,18888,19290,6500,2112,1400,700,700,800,-562,-5032,-688,261,31112,30710,231987,0
20000,1,2,2,-2,-2,-2,-1,-1,-1,668,355,0,600,5275,841,355,0,600,5275,841,763,19332,19645,20000,19400,14725,19159,-95,0
90000,2,1,2,-1,-1,-1,-1,-1,-1,70329,69073,70561,72021,73912,58301,2471,2600,2633,3108,2052,1858,19671,20927,19439,17979,16088,31699,399475,0
240000,2,1,2,-1,-1,2,2,-1,-1,216923,242282,245657,240040,231790,221683,30700,8700,0,8207,9000,8000,23077,-2282,-5657,-40,8210,18317,1333768,0
20000,2,2,2,3,2,8,7,6,5,14513,22232,21936,21631,21026,20130,8000,0,0,0,0,0,5487,-2232,-1936,-1631,-1026,-130,113468,1
210000,2,2,2,-1,-1,-1,-1,-1,-1,155847,156084,177865,89227,90027,93076,6000,5896,4800,3500,5000,4000,54153,53916,32135,120773,119973,116924,732930,0
260000,1,2,2,2,2,2,2,2,2,128352,131768,128251,142480,145630,150147,7000,0,18000,7000,7000,5500,131648,128232,131749,117520,114370,109853,782128,0
50000,2,2,2,-1,-1,-1,-1,-1,-1,52475,53600,55739,55957,29238,6119,2000,3000,1591,72,1134,73421,-2475,-3600,-5739,-5957,20762,43881,171910,0
90000,2,2,2,-1,-1,-1,-2,-2,-2,88903,34000,0,0,0,0,7000,0,0,0,0,0,1097,56000,90000,90000,90000,90000,115903,0
20000,3,1,3,1,3,2,2,-1,-1,18838,18243,18849,17724,17524,0,0,1200,0,0,0,0,1162,1757,1151,2276,2476,20000,89978,1
60000,2,1,3,-1,-1,-1,-1,-1,-1,53896,53640,51608,52642,52806,53530,2500,2500,2500,2000,2100,2200,6104,6360,8392,7358,7194,6470,304322,0
200000,2,2,2,-1,-1,-1,-1,2,-1,176642,180421,185722,196732,188930,192647,7000,8500,16000,0,7500,15000,23358,19579,14278,3268,11070,7353,1067094,0
50000,2,1,2,-1,-1,-1,-1,-1,-1,43389,44381,45942,45943,20276,19515,1717,2278,1279,3475,676,648,6611,5619,4058,4057,29724,30485,209373,0
250000,1,1,2,-1,-1,-1,-1,-1,-1,6035,11782,7241,7277,4972,2609,1131,4000,3000,99,1000,6000,243965,238218,242759,242723,245028,247391,24686,1
20000,3,1,3,-1,-1,3,2,5,4,10805,15270,14740,18188,17630,16780,5000,0,4000,0,0,0,9195,4730,5260,1812,2370,3220,84413,1
200000,3,2,3,-1,-1,-1,-1,-1,-1,2753,4520,7151,9641,14927,17345,3006,5019,5013,10007,5006,10003,197247,195480,192849,190359,185073,182655,18283,0
50000,4,2,3,-1,-1,-1,-1,-1,-1,49336,49623,19900,19183,19563,19157,1423,1000,19183,687,696,776,664,377,30100,30817,30437,30843,152997,0
200000,2,1,2,-1,-1,-1,-1,-1,-1,149303,156632,136685,137432,138059,126615,30000,30000,4148,15100,8029,15004,50697,43368,63315,62568,61941,73385,742445,0
250000,3,2,2,-1,-1,-1,-1,-1,-1,29363,4501,27548,1800,11942,4680,4501,27548,1800,11942,4680,0,220637,245499,222452,248200,238058,245320,29363,0
50000,2,2,3,5,4,3,2,-1,-1,52321,51210,50125,48640,17450,60,0,0,0,2000,1003,1076,-2321,-1210,-125,1360,32550,49940,215727,0
210000,1,2,2,-1,-1,-1,-1,-1,-1,326,326,326,326,326,326,326,326,326,326,326,326,209674,209674,209674,209674,209674,209674,0,0
80000,2,2,3,1,4,3,2,-1,-1,97841,94992,87801,81545,51338,50826,0,639,0,50918,2000,2000,-17841,-14992,-7801,-1545,28662,29174,408786,0
50000,2,2,3,2,-1,-1,2,-1,-1,11058,12479,13876,13444,13367,13282,2000,2000,1000,1000,1000,2000,38942,37521,36124,36556,36633,36718,68506,1
50000,2,2,3,-1,-1,-1,-1,-1,-1,23694,22500,20279,19816,18711,17598,1635,1360,1233,601,591,736,26306,27500,29721,30184,31289,32402,116442,0
20000,2,2,2,-1,-1,-1,-1,-2,-2,20528,16287,7415,0,0,0,1300,1000,0,0,0,1180,-528,3713,12585,20000,20000,20000,40750,1
400000,2,2,2,1,-1,-1,-1,-1,-1,396343,394858,395716,385947,305542,271385,423903,15100,14600,13000,9500,9500,3657,5142,4284,14053,94458,128615,1664188,0
500000,1,1,3,-1,-1,-1,-1,-1,-1,100862,367,15272,12925,75667,67609,367,16652,76146,67697,67609,71946,399138,499633,484728,487075,424333,432391,-27715,0
100000,2,1,3,-1,-1,-1,-1,-1,-2,60799,10095,1494,2200,0,0,2036,1504,2506,0,0,0,39201,89905,98506,97800,100000,100000,68542,0
220000,1,1,3,1,-2,-2,-2,-2,-2,0,0,0,0,0,0,0,0,0,0,0,0,220000,220000,220000,220000,220000,220000,0,1
40000,1,1,3,2,2,2,2,2,2,10555,11084,12605,13102,12595,14386,1000,2000,1000,0,2000,0,29445,28916,27395,26898,27405,25614,68327,1
50000,2,1,3,-1,-1,-1,-1,-1,-1,43474,48921,34879,31820,9965,10017,40003,1636,1800,344,400,400,6526,1079,15121,18180,40035,39983,134493,0
100000,3,1,3,-1,-1,-1,-1,-1,-1,99721,86232,83745,79107,63811,48863,3500,5000,3000,3000,1732,4700,279,13768,16255,20893,36189,51137,440547,0
150000,1,1,2,2,-1,-1,-1,-1,-1,165441,160292,153981,129725,103050,54447,7300,6100,5100,4200,1900,1600,-15441,-10292,-3981,20275,46950,95553,740736,1
80000,2,2,2,-1,-1,-1,2,2,2,47765,49651,53850,52388,55589,54570,3000,5000,0,4078,0,2500,32235,30349,26150,27612,24411,25430,299235,1
100000,2,2,2,-1,-1,-1,-1,-1,-1,85366,87064,89401,90470,44610,45806,3114,3738,3059,1450,1765,1473,14634,12936,10599,9530,55390,54194,428118,0
340000,1,2,2,1,-2,-2,-2,-2,-2,0,0,0,0,0,0,0,0,0,0,0,0,340000,340000,340000,340000,340000,340000,0,1
120000,2,2,2,-1,-1,-1,-1,-1,-1,98440,100802,104378,106651,108362,96168,4000,5200,5500,5000,5000,5000,21560,19198,15622,13349,11638,23832,585101,0
20000,2,2,2,-1,-1,-1,-1,-1,-1,19027,19656,18781,20632,20042,20090,1279,3000,6668,468,507,5582,973,344,1219,-632,-42,-90,100724,0
20000,2,2,2,-1,-1,-1,2,-1,-1,390,390,780,390,806,19103,390,780,0,806,19103,1000,19610,19610,19220,19610,19194,897,-220,1
30000,2,2,2,-1,-1,-1,-1,-1,-1,24380,17858,19563,20929,21280,21724,2000,2000,2000,1000,787,1133,5620,12142,10437,9071,8720,8276,116814,0
130000,3,2,2,-1,-1,-1,-1,-1,-1,10557,12069,14849,17585,17990,20682,2000,3000,3000,1000,3000,3000,119443,117931,115151,112415,112010,109318,78732,0
180000,4,1,2,-2,-2,-2,-2,-2,-2,0,0,0,0,0,0,0,0,0,0,0,0,180000,180000,180000,180000,180000,180000,0,0
500000,1,2,2,-1,-1,-1,-1,-1,-1,494356,488578,488166,485249,441981,424592,17438,18852,16673,15244,15216,16037,5644,11422,11834,14751,58019,75408,2723462,0
190000,2,1,3,-1,-1,-1,-1,-1,-1,83399,86010,87736,90373,91980,94502,4000,4000,5000,4000,4000,5000,106601,103990,102264,99627,98020,95498,508000,1
150000,4,1,2,-1,-1,-1,-1,-1,-1,216482,220889,133616,136378,139219,142172,5500,3800,3900,4000,4100,4100,-66482,-70889,16384,13622,10781,7828,963356,0
320000,1,1,3,2,2,2,2,2,2,206732,201932,215392,218370,220977,225021,0,18300,8000,7700,7700,0,113268,118068,104608,101630,99023,94979,1246724,1
320000,1,1,3,-1,-1,-1,-1,-1,-1,162701,132087,120285,124565,89699,62805,20000,15000,10000,22500,20000,20000,157299,187913,199715,195435,230301,257195,584642,0
490000,1,1,3,-1,-1,-1,-1,-1,-1,19107,10190,10149,76760,8879,16705,10238,10191,77163,8921,16786,27662,470893,479810,479851,413240,481121,473295,-9171,0
10000,3,1,3,2,2,-1,-1,2,-1,9013,8714,9121,9926,8898,7667,0,1200,1500,0,1000,3000,987,1286,879,74,1102,2333,46639,1
400000,1,1,2,-1,-1,-1,-1,-1,-1,10260,17794,6402,20772,12406,10945,12201,6430,20118,5037,5054,3104,389740,382206,393598,379228,387594,389055,26635,0
10000,2,1,2,1,-2,-1,3,2,-1,-265,-265,5235,5007,4779,7680,0,5500,0,0,3000,2000,10265,10265,4765,4993,5221,2320,11671,1
300000,2,2,3,-1,-1,-1,-1,-1,-1,109274,110453,115453,118522,118586,118179,3000,5000,5013,4514,4220,4008,190726,189547,184547,181478,181414,181821,664712,0
310000,4,1,3,-1,-1,-1,-1,-1,-1,15431,10414,21209,91238,18293,14332,10414,21229,91254,18293,14332,15785,294569,299586,288791,218762,291707,295668,-390,0
100000,2,2,3,2,2,2,2,2,2,80358,81344,84133,84873,82613,87461,2900,5000,3000,0,6200,4000,19642,18656,15867,15127,17387,12539,479682,1
80000,2,2,2,-1,-1,-1,-1,-1,-1,33457,34197,35641,36742,38127,39509,1600,2000,2000,2000,2000,5000,46543,45803,44359,43258,41873,40491,203073,0
50000,3,1,3,-1,-1,-1,-1,-1,-1,62315,60180,58108,55774,53589,51345,2200,2200,2000,1967,2002,1727,-12315,-10180,-8108,-5774,-3589,-1345,329215,0
270000,2,2,2,1,-1,-1,-2,-1,-1,-16,3326,-54,-54,19315,8388,3342,0,0,19369,996,3,270016,266674,270054,270054,250685,261612,7195,0
500000,2,1,3,-1,-1,-1,-1,-1,-1,2445,12988,2544,949,86362,-8,13053,2556,955,86793,0,1793,497555,487012,497456,499051,413638,500008,130,0
50000,2,2,2,-1,-1,-1,-1,2,2,25637,28371,29913,32417,31597,33575,3500,2000,3000,0,2500,3000,24363,21629,20087,17583,18403,16425,167510,1
460000,2,1,2,-2,-2,-2,-2,-2,-2,700,9916,9906,7586,4706,4328,9916,9906,7596,4706,4328,7008,459300,450084,450094,452414,455294,455672,-6318,0
80000,3,2,3,1,2,-1,-1,-1,2,58606,57076,58358,58992,62696,64148,0,2800,2200,4700,2600,0,21394,22924,21642,21008,17304,15852,347576,0
260000,3,1,2,-1,-1,-1,-1,-1,-1,30498,31500,31619,22020,22040,23061,1894,1403,1642,1053,2000,425,229502,228500,228381,237980,237960,236939,152321,0
50000,2,1,3,-1,-1,-1,-1,-1,-1,11325,12335,13431,14439,14602,14918,1504,1600,1537,700,700,600,38675,37665,36569,35561,35398,35082,74409,0
30000,3,1,3,-1,-1,-1,-1,-1,2,19904,21267,22120,23746,25346,24801,2000,1510,3000,2000,0,3000,10096,8733,7880,6254,4654,5199,125674,0
190000,2,1,3,-1,-1,-1,-1,-1,-1,3747,3313,4085,4742,5875,7037,1000,1004,1500,1500,1267,1500,186253,186687,185915,185258,184125,182963,21028,1
290000,1,2,3,-1,-1,-1,-1,-1,-1,83607,83618,86768,87767,87813,71014,3000,4500,4001,3094,3000,3045,206393,206382,203232,202233,202187,218986,479947,0
650000,1,1,3,-2,-2,-2,-2,-2,-2,2119,5094,5158,7139,1034,2127,5115,5180,7201,1035,2139,3463,647881,644906,644842,642861,648966,647873,-1462,0
50000,2,1,2,-1,-1,-1,-1,-1,-2,1529,5404,3853,4768,-52,-52,1200,1200,1020,0,0,7000,48471,44596,46147,45232,50052,50052,5030,1
80000,1,2,3,-1,-1,-1,-1,-1,-1,77156,77494,77438,67054,60270,56138,3000,2734,2215,4000,2036,2121,2844,2506,2562,12946,19730,23862,399444,0
200000,2,1,3,-1,-1,-1,-1,-1,-1,76929,74701,69669,13877,9789,116868,5000,4070,3000,2078,115000,6000,123071,125299,130331,186123,190211,83132,226685,0
150000,1,1,3,-1,3,2,-1,-1,-1,832,832,416,416,416,416,0,416,416,416,416,0,149168,149168,149584,149584,149584,149584,1664,1
290000,2,2,2,2,2,-1,-1,-1,2,270131,213484,197238,202680,133478,131024,0,9000,10500,17000,0,3500,19869,76516,92762,87320,156522,158976,1108035,1
340000,1,2,1,-1,-1,-1,-1,-1,-1,44855,331641,331334,286660,263505,268256,300039,13214,12005,13005,10011,12005,295145,8359,8666,53340,76495,71744,1165972,0
320000,1,2,2,-1,-1,-1,-1,-1,-1,95526,97737,101151,104203,108867,40411,5000,5000,5000,5364,5010,5013,224474,222263,218849,215797,211133,279589,517508,0
80000,2,2,2,-1,-1,-1,-1,3,2,50244,51243,52319,58245,56728,55691,1835,1903,6800,0,0,2100,29756,28757,27681,21755,23272,24309,311832,0
10000,2,2,2,-1,-1,-1,-1,-1,-1,9018,10015,10067,10105,9471,9669,1158,1210,1200,339,351,394,982,-15,-67,-105,529,331,53693,1
420000,2,2,2,-1,-1,-1,-1,-1,-1,405274,411980,287733,293951,305011,312087,14302,10500,11000,16000,12000,16000,14726,8020,132267,126049,114989,107913,1936234,0
230000,2,1,3,-1,-1,-1,-1,-1,-1,226467,231187,231272,228653,225471,224853,10000,10500,10000,9000,8200,9000,3533,-1187,-1272,1347,4529,5147,1311203,0
100000,2,2,2,-1,-1,-1,-1,-1,-1,61378,62756,64147,65910,61018,62878,3000,3000,3500,3000,3000,3000,38622,37244,35853,34090,38982,37122,359587,0
100000,1,1,2,-1,-1,-1,-1,-1,-1,98803,101103,93566,90339,66222,66871,4035,4098,4213,3106,4000,4000,1197,-1103,6434,9661,33778,33129,493452,1
280000,1,1,2,-1,-1,-1,-1,-1,-1,235461,196894,168463,149816,128721,130406,8900,8100,7200,5000,5000,4700,44539,83106,111537,130184,151279,149594,970861,0
220000,1,1,2,-2,-2,-2,-2,-2,-2,6433,6286,4903,9078,3583,4682,6307,4927,9123,3587,4698,13774,213567,213714,215097,210922,216417,215318,-7451,0
340000,2,2,2,-2,-2,-2,-2,-2,-2,19628,14586,15018,12062,3894,7957,14594,15047,12064,3894,7957,18191,320372,325414,324982,327938,336106,332043,1398,0
340000,3,1,2,-1,-1,-1,-1,-1,-1,362178,303611,92112,75710,63870,52671,10116,3300,5000,10000,10000,30000,-22178,36389,247888,264290,276130,287329,881736,1
210000,2,2,2,-1,-1,-1,-1,-1,-1,18896,19777,20803,21816,22250,22716,1500,1350,1363,797,825,829,191104,190223,189197,188184,187750,187284,119594,0
140000,2,1,2,-1,-1,-1,-1,-1,-1,135261,137999,141532,75815,65099,66445,4494,5303,2806,1825,1880,1901,4739,2001,-1532,64185,74901,73555,603942,1
390000,2,1,2,-1,-1,-1,-1,-1,-1,174603,178087,185212,187648,192538,198828,6379,10000,7001,8001,10000,10000,215397,211913,204788,202352,197462,191172,1065535,0
20000,3,2,3,-1,-1,-1,-2,-2,-2,16787,18464,0,0,0,0,2074,0,0,0,0,0,3213,1536,20000,20000,20000,20000,33177,0
420000,1,1,2,-1,-1,-1,-1,-1,-1,454391,466810,483277,479800,489200,489200,20000,24000,11000,10000,0,11000,-34391,-46810,-63277,-59800,-69200,-69200,2786678,0
350000,3,1,2,1,2,2,-1,-1,-1,225434,214620,170451,156922,143062,224387,11000,0,5500,5000,100000,0,124566,135380,179549,193078,206938,125613,1013376,0
50000,3,1,2,-1,-1,-1,-1,-1,-1,43127,44413,45697,46873,47188,48532,2000,2000,2000,2000,2000,2000,6873,5587,4303,3127,2812,1468,263830,1
630000,2,1,3,-1,-1,-1,-1,-1,-1,125975,91247,81317,146005,146207,106467,3416,4300,84700,4211,4470,3600,504025,538753,548683,483995,483793,523533,592521,0
140000,2,1,2,-1,-1,-1,-1,-1,-1,32538,36002,40422,44433,28029,32386,4000,5000,5000,5000,5000,10000,107462,103998,99578,95567,111971,107614,179810,0
180000,3,1,3,-1,-1,-1,-1,-1,-1,105918,81091,-1659,111077,112738,115746,4400,0,112736,5000,5300,5000,74082,98909,181659,68923,67262,64254,392475,0
340000,2,1,2,-1,-1,-1,-1,-1,-1,71934,78695,80831,81589,83546,85362,8000,4000,3000,3300,3300,4000,268066,261305,259169,258411,256454,254638,456357,0
210000,1,1,3,-1,-1,-1,-1,-1,-1,291,291,291,291,291,291,291,582,291,291,291,291,209709,209709,209709,209709,209709,209709,-291,0
100000,3,2,3,-1,-1,-1,-1,-1,-2,94667,97088,99520,102650,0,0,4000,4000,5000,0,0,0,5333,2912,480,-2650,100000,100000,380925,0
180000,1,1,2,1,-1,-1,-1,-1,-1,1660,2701,1832,919,500,7068,2701,1832,919,500,7068,9268,178340,177299,178168,179081,179500,172932,-7608,0
300000,1,1,3,-1,-1,-1,-1,-1,-1,132760,1968,4436,839,5792,7053,1977,4458,862,5821,7088,9647,167240,298032,295564,299161,294208,292947,122995,0
210000,2,1,3,-1,-1,-1,-1,-1,-1,1792,4339,4049,345,650,3217,4369,4049,348,650,3217,3912,208208,205661,205951,209655,209350,206783,-2153,1
230000,1,1,3,-1,-1,-1,-1,-1,-2,39900,1200,0,11211,0,0,1200,0,11211,0,0,0,190100,228800,230000,218789,230000,230000,39900,0
70000,3,1,3,2,2,2,2,2,2,71586,71623,71020,67338,70769,68957,3100,3008,0,5100,2600,0,-1586,-1623,-1020,2662,-769,1043,407485,1
120000,3,1,3,-1,-1,-1,-1,-1,-1,71777,73282,75499,77739,78666,80399,2700,3400,3500,2815,3000,3000,48223,46718,44501,42261,41334,39601,438947,1
20000,2,2,2,1,2,-1,-1,-1,-1,14498,13968,15739,17168,17580,18295,0,2000,2000,1000,1000,1000,5502,6032,4261,2832,2420,1705,90248,0
140000,1,2,1,-1,-1,-1,-1,-1,-1,142044,142087,255846,140057,100177,100873,6100,5528,4500,3500,4000,4000,-2044,-2087,-115846,-57,39823,39127,853456,1
20000,2,2,1,-1,-1,-2,-2,-2,-2,16809,0,0,0,0,0,0,0,0,0,0,0,3191,20000,20000,20000,20000,20000,16809,1
50000,2,2,1,1,2,-1,-1,-1,-1,50845,48750,103486,50590,50248,49387,0,6556,3250,1563,1208,781,-845,1250,-53486,-590,-248,613,339948,0
170000,3,2,2,-1,-1,-1,-1,-1,-1,10392,168088,168955,161351,126198,124746,168096,6409,7335,4448,4519,5003,159608,1912,1045,8649,43802,45254,563920,0
260000,1,1,2,-1,-1,-1,-1,-1,-1,27378,17082,13333,99,99,172104,10018,13333,99,99,172104,30013,232622,242918,246667,259901,259901,87896,4429,0
60000,3,2,2,-1,-1,-1,-1,-1,-1,54952,56021,54126,58732,59306,59728,2600,4553,5800,2000,1000,1462,5048,3979,5874,1268,694,272,325450,1
50000,3,1,2,1,2,2,-1,-1,-1,17479,18195,17614,18630,19000,19421,1300,0,1310,680,727,6000,32521,31805,32386,31370,31000,30579,100322,1
150000,3,2,1,-1,-1,-1,-1,-1,-1,106556,108706,26068,20546,27228,3270,46060,81620,184133,17322,3279,6222,43444,41294,123932,129454,122772,146730,-46262,0
240000,1,2,1,-1,-1,2,2,2,-1,64826,72951,62848,60645,57554,57375,10589,34,4400,0,2000,1900,175174,167049,177152,179355,182446,182625,357276,1
140000,1,2,1,-2,-2,-2,-2,-2,-2,0,0,0,0,0,0,0,0,0,0,0,0,140000,140000,140000,140000,140000,140000,0,1
360000,1,2,2,-2,-2,-2,-2,-2,-2,0,0,0,0,0,0,0,0,0,0,0,0,360000,360000,360000,360000,360000,360000,0,0
310000,2,2,2,-2,-2,-2,-2,-2,-2,167,-223,780,0,0,291,0,1003,0,0,291,173,309833,310223,309220,310000,310000,309709,-452,0
210000,2,1,2,-1,-1,-1,-1,-1,-1,326,326,326,326,652,326,326,326,326,652,0,326,209674,209674,209674,209674,209348,209674,326,1
450000,1,2,2,-1,-1,-1,-1,-2,-2,5000,5000,5000,0,0,0,5000,5000,0,0,0,0,445000,445000,445000,450000,450000,450000,5000,0
230000,1,2,2,-1,-1,-1,-1,-1,-1,23396,25723,49223,66006,47412,29290,25748,30029,27417,1016,640,260,206604,204277,180777,163994,182588,200710,155940,0
390000,1,2,2,-1,-1,-1,-1,-1,-1,60425,49480,46201,38770,3914,6568,1781,2188,1000,8572,6568,11416,329575,340520,343799,351230,386086,383432,173833,0
10000,2,2,2,2,-1,-1,-1,-1,-1,9299,9576,9028,9644,9790,9990,1132,1384,1000,196,200,0,701,424,972,356,210,10,53415,0
330000,2,2,2,-1,-1,-1,-1,-1,-1,50999,50055,47398,40334,34443,33898,2000,2007,2000,2000,2000,2000,279001,279945,282602,289666,295557,296102,245120,0
30000,1,2,2,-1,3,2,-1,-1,-1,31724,30923,29928,29498,27025,0,0,0,31200,541,0,0,-1724,-923,72,502,2975,30000,117357,1
190000,1,2,2,-1,-1,-1,-1,-1,-1,144706,137502,127014,120826,112211,110396,6388,6112,4202,4200,4200,5000,45294,52498,62986,69174,77789,79604,722553,0
50000,3,1,2,-1,-1,2,2,-1,-1,3057,3427,3207,0,1250,5245,3000,0,0,1250,5245,0,46943,46573,46793,50000,48750,44755,6691,1
50000,4,1,3,2,-1,-1,-1,-1,-1,71927,73514,75373,50947,51020,0,3000,3428,2002,1023,0,0,-21927,-23514,-25373,-947,-1020,50000,313328,1
410000,1,2,2,-1,-1,-1,-1,-1,-1,468749,411016,420393,1467,1421,-15,17259,18600,1474,1428,0,0,-58749,-1016,-10393,408533,408579,410015,1264270,1
150000,2,1,2,1,-2,-2,-2,-2,-2,-18,-18,-18,-18,-18,-18,0,0,0,0,0,0,150018,150018,150018,150018,150018,150018,-108,0
360000,1,2,2,-1,-1,-1,-1,-1,-1,200,317,12349,0,326,105,317,12357,0,326,105,200,359800,359683,347651,360000,359674,359895,-8,0
50000,2,1,3,-1,-1,-1,-1,-1,-1,49073,49531,44002,44356,19344,19354,1691,1942,1296,674,693,1000,927,469,5998,5644,30656,30646,218364,0
210000,1,2,2,-1,-1,-1,-1,-1,-1,97826,20384,31294,43790,510,20188,5000,11294,13790,1000,20188,16666,112174,189616,178706,166210,209490,189812,146054,0
50000,3,1,3,3,3,2,-1,-1,-1,53418,52281,51173,50033,9779,9924,0,7,1104,445,400,204,-3418,-2281,-1173,-33,40221,40076,224448,0
220000,1,2,2,-1,-1,-1,-1,-1,-1,159322,164176,167028,170480,173818,177556,7500,7000,6500,6000,6000,10000,60678,55824,52972,49520,46182,42444,969380,0
20000,2,2,3,-1,-1,2,-1,-1,-1,10690,15027,14503,15238,14838,15141,4854,0,1400,0,303,0,9310,4973,5497,4762,5162,4859,78880,0
170000,3,1,3,-1,-1,-1,-1,-1,-1,1804,1804,1804,1804,3608,1804,1804,1804,1804,3608,0,1804,168196,168196,168196,168196,166392,168196,1804,1
20000,2,1,3,1,2,2,2,2,-1,6216,7268,7009,8102,7136,5243,1307,0,1400,0,182,400,13784,12732,12991,11898,12864,14757,37685,0
60000,2,3,3,-1,-1,-1,-1,-1,-1,61118,50643,44004,26940,9971,-11798,2200,2000,1200,0,0,28000,-1118,9357,15996,33060,50029,71798,147478,0
160000,3,1,3,2,-1,-1,-1,-1,-1,139983,125833,127815,130023,98604,101650,6000,5500,5000,3000,4000,3000,20017,34167,32185,29977,61396,58350,697408,1
190000,3,1,3,-1,2,-1,2,-1,-1,291,291,582,291,582,291,0,582,0,582,0,291,189709,189709,189418,189709,189418,189709,873,0
360000,2,1,3,-1,-1,-1,-1,-1,-1,18552,836,836,836,986,986,836,836,836,986,986,611,341448,359164,359164,359164,359014,359014,17941,0
50000,2,1,3,-1,-1,-1,-1,-1,-1,48187,48344,46895,49161,6690,5665,46895,1775,51209,428,5665,8745,1813,1656,3105,839,43310,44335,90225,1
130000,3,2,3,-1,-1,-1,-1,-1,-1,129548,129438,129388,127628,64345,62373,6000,6000,5161,2239,3000,2291,452,562,612,2372,65655,67627,618029,0
320000,1,1,3,-2,-2,-2,-2,-2,-2,14075,6813,13482,2975,2029,888,6818,13482,2975,2029,888,1332,305925,313187,306518,317025,317971,319112,12738,0
30000,2,2,2,2,2,2,2,-1,-1,19992,21055,22120,21471,21598,23241,1700,1700,0,782,2000,1100,10008,8945,7880,8529,8402,6759,122195,0
100000,3,1,2,-1,-1,-1,-1,-1,-1,31647,32935,32689,17246,3175,35311,2129,1686,1043,409,62380,945,68353,67065,67311,82754,96825,64689,84411,0
20000,2,1,3,1,2,-1,-1,-1,-1,20733,20109,20126,18928,18761,18787,2,2019,11309,2000,700,1002,-733,-109,-126,1072,1239,1213,100412,0
50000,2,2,3,-1,-1,-1,-1,2,-1,20638,19834,19387,22574,20483,20121,1314,1340,5000,0,729,793,29362,30166,30613,27426,29517,29879,113861,0
130000,3,1,3,-1,-1,-1,-1,-1,-1,1475,1826,2831,2756,1585,1215,1826,2831,2756,1585,1215,2402,128525,128174,127169,127244,128415,128785,-927,1
500000,2,2,2,-1,-1,-1,-1,-1,-1,31504,27546,20189,12058,14692,8274,12160,6056,3063,14725,206,9363,468496,472454,479811,487942,485308,491726,68690,0
80000,2,2,2,3,2,-1,-1,-1,-1,75635,73830,74968,23867,23130,0,0,2968,1867,463,0,0,4365,6170,5032,56133,56870,80000,266132,1
30000,2,1,3,-1,-1,-1,-1,-1,-1,28658,28281,29826,28572,9072,0,1656,3000,1000,500,0,0,1342,1719,174,1428,20928,30000,118253,0
230000,1,2,3,-2,-1,-1,-1,-1,-1,5419,3288,806,1467,9192,4388,3306,806,1500,9216,4388,0,224581,226712,229194,228533,220808,225612,5344,0
50000,3,1,3,-1,-1,-1,2,-1,-1,11401,12506,14774,14233,14744,15252,1300,3000,0,1000,1000,3000,38599,37494,35226,35767,35256,34748,73610,0
290000,1,1,2,-1,-1,-1,-1,-1,-1,31933,38752,200,1956,910,0,39032,201,1961,4,0,0,258067,251248,289800,288044,289090,290000,32553,0
280000,1,1,2,-1,-1,-1,-1,-1,-1,55050,51417,47069,40939,44290,70573,1652,2144,1666,5015,32013,12,224950,228583,232931,239061,235710,209427,266836,0
220000,1,1,2,-1,2,-1,-1,-1,-1,528,264,264,292,528,264,0,264,292,500,0,264,219472,219736,219736,219708,219472,219736,820,0
160000,1,2,2,-1,-1,-1,-1,-1,-1,143457,134345,77045,69659,70186,75249,5237,3034,3010,5011,10006,8070,16543,25655,82955,90341,89814,84751,535573,0
210000,2,2,2,-1,-1,-1,-1,-1,-1,4206,3980,7509,1252,626,626,3980,7509,1252,0,626,626,205794,206020,202491,208748,209374,209374,4206,0
170000,1,2,2,-1,-1,-1,-1,-2,-2,129848,89684,31050,0,0,0,5115,2500,0,0,0,0,40152,80316,138950,170000,170000,170000,242967,0
180000,2,2,2,-1,-1,-1,-1,2,-1,51323,44638,28674,14834,1415,47417,2124,1588,1526,66,57317,70052,128677,135362,151326,165166,178585,132583,55628,0
410000,1,2,2,-1,2,-1,-1,-1,-1,380,190,190,380,190,1539,0,190,380,0,1539,0,409620,409810,409810,409620,409810,408461,760,0
150000,1,2,2,-1,-1,-1,-1,-1,-1,2384,4176,5877,1610,1180,2980,2000,2000,2000,1000,3000,0,147616,145824,144123,148390,148820,147020,8207,0
500000,2,2,2,-1,-1,-1,-1,-1,-1,29566,25560,294257,278725,89161,87863,6025,294318,10254,7524,5009,2333,470434,474440,205743,221275,410839,412137,479669,0
230000,3,2,2,-1,-1,-1,-1,-1,-1,4261,25,221,417,613,-191,1000,1000,1000,1000,0,0,225739,229975,229779,229583,229387,230191,1346,0
290000,1,2,2,-1,-1,-1,-1,-1,-1,23234,1571,108157,35379,18711,3110,1575,108168,35811,18711,0,157,266766,288429,181843,254621,271289,286890,25740,0
10000,2,1,1,-1,-1,-1,-1,-1,-1,9406,9968,9385,5163,780,0,3009,2000,2009,0,0,0,594,32,615,4837,9220,10000,27684,0
260000,1,2,2,-2,-2,-2,-2,-2,-2,0,263,0,1368,101,955,263,0,1368,101,955,0,260000,259737,260000,258632,259899,259045,0,0
50000,2,2,2,1,-1,2,-1,-1,-2,-264,264,264,7300,0,0,528,0,7300,0,0,0,50264,49736,49736,42700,50000,50000,-264,0
610000,1,2,2,-1,-1,2,-1,-1,-1,348392,322228,319014,347303,248893,269528,323014,1605,349395,250144,271099,220076,261608,287772,290986,262697,361107,340472,440025,0
360000,1,2,2,-1,-1,-1,-1,-1,-1,735,51,20007,18498,18422,1842,51,20007,1590,1000,1842,390,359265,359949,339993,341502,341578,358158,34675,0
140000,2,1,2,-1,-1,-1,-1,-1,-1,134236,134663,137485,137450,135638,136375,6300,6500,6300,6000,5200,5000,5764,5337,2515,2550,4362,3625,780547,0
150000,4,2,2,2,-1,-1,-1,-2,-2,134866,136692,91815,0,0,0,4633,2000,0,0,0,0,15134,13308,58185,150000,150000,150000,356740,1
50000,2,1,2,-1,-1,-1,-1,2,-1,50564,49710,0,50551,40590,39384,2686,0,50551,0,1600,1500,-564,290,50000,-551,9410,10616,174462,0
20000,2,2,2,-1,-1,-1,-1,-1,-1,13730,15170,15277,13478,16978,12914,2000,2000,1000,5000,12914,600,6270,4830,4723,6522,3022,7086,64033,0
200000,2,1,2,-1,-1,-1,-1,-1,-1,110006,76950,63834,56768,58826,67577,5000,2183,2059,3000,9751,3000,89994,123050,136166,143232,141174,132423,408968,0
360000,1,1,2,-1,-1,-1,-1,-1,-1,33654,52686,64069,49005,8676,19487,52951,64535,8907,53,19584,16080,326346,307314,295931,310995,351324,340513,65467,0
80000,3,1,2,-1,-1,-1,-1,-1,-1,65554,66858,68279,69674,71070,73612,2395,2500,2530,2556,3700,3000,14446,13142,11721,10326,8930,6388,398366,0
190000,1,1,2,-1,-1,-1,-1,-1,-1,21628,20893,5869,29223,19616,148482,2000,3869,25128,10115,148482,4800,168372,169107,184131,160777,170384,41518,51317,0
230000,2,1,2,1,-2,-2,-2,-2,-2,0,0,0,0,0,0,0,0,0,0,0,0,230000,230000,230000,230000,230000,230000,0,1
50000,2,1,2,1,2,2,2,-1,-1,10904,9316,4328,2846,1585,1324,0,3000,0,0,1000,1000,39096,40684,45672,47154,48415,48676,25303,1
220000,2,1,3,-1,-1,-1,-1,-2,-2,45075,8840,1369,5924,1759,1824,8840,6643,5924,1759,1824,7022,174925,211160,218631,214076,218241,218176,32779,0
40000,2,2,3,2,2,3,2,2,2,52358,54892,53415,51259,47151,46934,4000,0,2000,0,3520,0,-12358,-14892,-13415,-11259,-7151,-6934,296489,1
420000,1,2,2,-1,-1,-1,-1,-1,-1,131939,136721,140011,141695,144839,147954,7000,7000,5500,5500,5600,5000,288061,283279,279989,278305,275161,272046,807559,0
310000,2,1,2,-1,-1,-1,-1,-1,-1,238973,237196,233854,219409,216540,210675,10029,9218,10029,8049,8040,10059,71027,72804,76146,90591,93460,99325,1301223,0
180000,1,1,2,-2,-2,-2,-2,-2,-2,0,0,0,0,0,0,0,0,0,0,0,0,180000,180000,180000,180000,180000,180000,0,0
50000,3,2,3,-1,-1,-1,-1,-1,-1,43998,49123,49397,50360,19971,19694,10000,4000,5000,3000,4500,2000,6002,877,603,-360,30029,30306,204043,0
50000,2,1,3,1,2,2,2,-1,-1,38671,36772,33101,28192,22676,14647,2300,1700,0,517,503,585,11329,13228,16899,21808,27324,35353,168454,0
90000,2,1,2,-1,-1,-1,-1,-1,-1,7752,9112,10306,11328,12036,14329,1500,1500,1500,1200,2500,0,82248,80888,79694,78672,77964,75671,56663,1
20000,2,1,3,-2,-2,-2,-2,-2,-2,1822,2872,2712,2882,9235,1719,2890,2720,2890,9263,1824,1701,18178,17128,17288,17118,10765,18281,-46,0
30000,2,2,2,-1,-1,-2,-1,-1,-1,315,923,2939,1993,1907,3319,923,2977,1999,3057,3319,1000,29685,29077,27061,28007,28093,26681,-1879,0
240000,1,2,2,-2,-2,-2,-2,-2,-2,0,0,0,0,0,0,0,0,0,0,0,0,240000,240000,240000,240000,240000,240000,0,0
360000,1,2,2,-1,-1,-2,-2,-2,-2,2220,0,0,0,0,0,0,0,0,0,0,0,357780,360000,360000,360000,360000,360000,2220,0
130000,1,2,2,-1,-1,-1,-1,-1,-1,23292,14077,15546,108047,93708,97353,3000,2000,93000,4000,5027,4005,106708,115923,114454,21953,36292,32647,240991,0
250000,1,1,2,-1,-1,-1,-1,-1,-1,279640,252913,243075,245750,175005,179687,65000,8800,9011,6000,7000,6009,-29640,-2913,6925,4250,74995,70313,1274250,0
150000,1,2,2,-1,-1,-1,-1,-1,-2,3425,9009,-3,780,0,0,9054,0,783,0,0,0,146575,140991,150003,149220,150000,150000,3374,0
140000,2,1,3,-1,-1,-1,-1,-1,-1,138325,137142,139110,138262,49675,46121,6000,7000,4228,1505,2000,2000,1675,2858,890,1738,90325,93879,625902,0
210000,2,1,2,3,2,2,2,2,2,2500,2500,2500,2500,2500,2500,0,0,0,0,0,0,207500,207500,207500,207500,207500,207500,15000,1
10000,3,1,3,-1,-1,-1,-2,-2,-2,8802,10400,0,0,0,0,2000,0,0,0,0,0,1198,-400,10000,10000,10000,10000,17202,0
100000,1,2,2,-1,-1,-1,-1,-1,-1,3042,1427,102996,70626,69473,55004,2000,111784,4000,3000,2000,2000,96958,98573,-2996,29374,30527,44996,177784,0
80000,2,2,2,2,2,2,2,2,2,72557,77708,79384,77519,82607,81158,7000,3500,0,7000,0,4000,7443,2292,616,2481,-2607,-1158,449433,1
220000,3,1,2,-1,-1,-1,-1,-1,-1,188948,192815,208365,88004,31237,15980,8500,20000,5003,3047,5000,1000,31052,27185,11635,131996,188763,204020,682799,0
150000,3,2,3,-1,-1,-1,-1,-1,-1,1683,1828,3502,8979,5190,0,1837,3526,8998,129,0,0,148317,148172,146498,141021,144810,150000,6692,0
30000,2,2,2,4,3,2,-1,-1,-1,3565,3356,2758,20878,20582,19357,0,0,22000,4200,2000,3100,26435,26644,27242,9122,9418,10643,39196,1
80000,3,1,3,1,-1,-1,-1,-1,-1,-1645,78379,76304,52774,11855,48944,85900,3409,1178,1926,52964,1804,81645,1621,3696,27226,68145,31056,119430,1
50000,2,1,3,-1,-1,-1,-1,-1,-1,47929,48905,49764,36535,32428,15313,2078,1800,1430,1000,1000,1000,2071,1095,236,13465,17572,34687,222566,1
